0 1979 195 0 0 0 0 0 0 0 0 0 0 0 0 0 0
1 11650 193 193 0 0 0 0 0 0 0 0 0 0 0 0 0
2 11648 194 194 0 0 0 0 0 0 0 0 0 0 0 0 0
3 11646 195 195 0 0 0 0 0 0 0 0 0 0 0 0 0
4 11648 194 194 0 0 0 0 0 0 0 0 0 0 0 0 0
5 11654 191 191 0 0 0 0 0 0 0 0 0 0 0 0 0
6 11654 191 191 0 0 0 0 0 0 0 0 0 0 0 0 0
7 11656 190 190 0 0 0 0 0 0 0 0 0 0 0 0 0
8 11656 190 190 0 0 0 0 0 0 0 0 0 0 0 0 0
9 11654 191 191 0 0 0 0 0 0 0 0 0 0 0 0 0
10 11652 192 192 0 0 0 0 0 0 0 0 0 0 0 0 0
11 11650 193 193 0 0 0 0 0 0 0 0 0 0 0 0 0
12 11650 193 193 0 0 0 0 0 0 0 0 0 0 0 0 0
13 11652 192 192 0 0 0 0 0 0 0 0 0 0 0 0 0
14 11648 194 194 0 0 0 0 0 0 0 0 0 0 0 0 0
15 11648 194 194 0 0 0 0 0 0 0 0 0 0 0 0 0
16 11650 193 193 0 0 0 0 0 0 0 0 0 0 0 0 0
17 11646 195 195 0 0 0 0 0 0 0 0 0 0 0 0 0
18 11646 195 195 0 0 0 0 0 0 0 0 0 0 0 0 0
19 11640 198 198 0 0 0 0 0 0 0 0 0 0 0 0 0
20 11632 202 202 0 0 0 0 0 0 0 0 0 0 0 0 0
21 11628 204 204 0 0 0 0 0 0 0 0 0 0 0 0 0
22 11628 204 204 0 0 0 0 0 0 0 0 0 0 0 0 0
23 11626 205 205 0 0 0 0 0 0 0 0 0 0 0 0 0
24 11628 204 204 0 0 0 0 0 0 0 0 0 0 0 0 0
25 11628 204 204 0 0 0 0 0 0 0 0 0 0 0 0 0
26 11624 206 206 0 0 0 0 0 0 0 0 0 0 0 0 0
27 11620 208 208 0 0 0 0 0 0 0 0 0 0 0 0 0
28 11618 209 209 0 0 0 0 0 0 0 0 0 0 0 0 0
29 11614 211 211 0 0 0 0 0 0 0 0 0 0 0 0 0
30 11610 213 213 0 0 0 0 0 0 0 0 0 0 0 0 0
31 11610 213 213 0 0 0 0 0 0 0 0 0 0 0 0 0
32 11610 213 213 0 0 0 0 0 0 0 0 0 0 0 0 0
33 11608 214 214 0 0 0 0 0 0 0 0 0 0 0 0 0
34 11604 216 216 0 0 0 0 0 0 0 0 0 0 0 0 0
35 11604 216 216 0 0 0 0 0 0 0 0 0 0 0 0 0
36 11598 219 219 0 0 0 0 0 0 0 0 0 0 0 0 0
37 11592 222 222 0 0 0 0 0 0 0 0 0 0 0 0 0
38 11590 223 223 0 0 0 0 0 0 0 0 0 0 0 0 0
39 11594 221 221 0 0 0 0 0 0 0 0 0 0 0 0 0
40 11593 221 221 1 0 0 0 0 0 0 0 0 0 0 0 0
41 11590 222 222 2 0 0 0 0 0 0 0 0 0 0 0 0
42 11592 221 221 2 0 0 0 0 0 0 0 0 0 0 0 0
43 11590 222 222 2 0 0 0 0 0 0 0 0 0 0 0 0
44 11585 224 224 3 0 0 0 0 0 0 0 0 0 0 0 0
45 11587 223 223 3 0 0 0 0 0 0 0 0 0 0 0 0
46 11578 227 227 4 0 0 0 0 0 0 0 0 0 0 0 0
47 11564 234 234 4 0 0 0 0 0 0 0 0 0 0 0 0
48 11564 234 234 4 0 0 0 0 0 0 0 0 0 0 0 0
49 11549 241 241 5 0 0 0 0 0 0 0 0 0 0 0 0
50 11547 242 242 5 0 0 0 0 0 0 0 0 0 0 0 0
51 11547 242 242 5 0 0 0 0 0 0 0 0 0 0 0 0
52 11541 245 245 5 0 0 0 0 0 0 0 0 0 0 0 0
53 11528 251 251 6 0 0 0 0 0 0 0 0 0 0 0 0
54 11510 260 260 6 0 0 0 0 0 0 0 0 0 0 0 0
55 11486 272 272 6 0 0 0 0 0 0 0 0 0 0 0 0
56 11478 276 276 6 0 0 0 0 0 0 0 0 0 0 0 0
57 11459 285 285 7 0 0 0 0 0 0 0 0 0 0 0 0
58 11447 291 291 7 0 0 0 0 0 0 0 0 0 0 0 0
59 11446 292 292 6 0 0 0 0 0 0 0 0 0 0 0 0
60 11434 298 298 6 0 0 0 0 0 0 0 0 0 0 0 0
61 11420 305 305 6 0 0 0 0 0 0 0 0 0 0 0 0
62 11418 306 306 6 0 0 0 0 0 0 0 0 0 0 0 0
63 11403 313 313 7 0 0 0 0 0 0 0 0 0 0 0 0
64 11387 321 321 7 0 0 0 0 0 0 0 0 0 0 0 0
65 11373 328 328 7 0 0 0 0 0 0 0 0 0 0 0 0
66 11359 335 335 7 0 0 0 0 0 0 0 0 0 0 0 0
67 11336 347 347 6 0 0 0 0 0 0 0 0 0 0 0 0
68 11330 350 349 5 0 0 1 0 0 0 0 1 0 0 0 0
69 11312 358 357 7 0 0 1 0 0 0 0 1 0 0 0 0
70 11296 366 365 7 0 0 1 0 0 0 0 1 0 0 0 0
71 11272 377 376 9 0 0 1 0 0 0 0 1 0 0 0 0
72 11249 388 387 10 0 0 1 0 0 0 0 1 0 0 0 0
73 11238 393 392 11 0 0 1 0 0 0 0 1 0 0 0 0
74 11228 398 397 11 0 0 1 0 0 0 0 1 0 0 0 0
75 11217 403 402 12 0 0 1 0 0 0 0 1 0 0 0 0
76 11210 406 405 13 0 0 1 0 0 0 0 1 0 0 0 0
77 11206 408 407 13 0 0 1 0 0 0 0 1 0 0 0 0
78 11188 417 416 13 0 0 1 0 0 0 0 1 0 0 0 0
79 11163 428 427 16 0 0 1 0 0 0 0 1 0 0 0 0
80 11138 439 438 19 0 0 1 0 0 0 0 1 0 0 0 0
81 11117 449 448 20 0 0 1 0 0 0 0 1 0 0 0 0
82 11101 457 456 20 0 0 1 0 0 0 0 1 0 0 0 0
83 11090 461 460 23 0 0 1 0 0 0 0 1 0 0 0 0
84 11082 465 464 23 0 0 1 0 0 0 0 1 0 0 0 0
85 11062 475 474 23 0 0 1 0 0 0 0 1 0 0 0 0
86 11049 481 480 24 0 0 1 0 0 0 0 1 0 0 0 0
87 11037 485 484 28 0 0 1 0 0 0 0 1 0 0 0 0
88 11027 490 489 28 0 0 1 0 0 0 0 1 0 0 0 0
89 11004 501 500 29 0 0 1 0 0 0 0 1 0 0 0 0
90 10991 506 505 32 0 0 1 0 0 0 0 1 0 0 0 0
91 10970 516 515 33 0 0 1 0 0 0 0 1 0 0 0 0
92 10953 523 522 36 0 0 1 0 0 0 0 1 0 0 0 0
93 10947 526 525 36 0 0 1 0 0 0 0 1 0 0 0 0
94 10927 535 534 38 0 0 1 0 0 0 0 1 0 0 0 0
95 10915 541 540 38 0 0 1 0 0 0 0 1 0 0 0 0
96 10907 544 543 40 0 0 1 0 0 0 0 1 0 0 0 0
97 10883 555 554 42 0 0 1 0 0 0 0 1 0 0 0 0
98 10878 557 556 43 0 0 1 0 0 0 0 1 0 0 0 0
99 10865 564 563 42 0 0 1 0 0 0 0 1 0 0 0 0
100 10856 568 567 43 0 0 1 0 0 0 0 1 0 0 0 0
101 10843 574 573 44 0 0 1 0 0 0 0 1 0 0 0 0
102 10850 570 569 45 0 0 1 0 0 0 0 1 0 0 0 0
103 10831 579 578 46 0 0 1 0 0 0 0 1 0 0 0 0
104 10823 583 582 46 0 0 1 0 0 0 0 1 0 0 0 0
105 10815 586 585 48 0 0 1 0 0 0 0 1 0 0 0 0
106 10804 592 591 47 0 0 1 0 0 0 0 1 0 0 0 0
107 10800 594 593 47 0 0 1 0 0 0 0 1 0 0 0 0
108 10789 599 598 48 0 0 1 0 0 0 0 1 0 0 0 0
109 10790 598 597 49 0 0 1 0 0 0 0 1 0 0 0 0
110 10786 601 599 46 0 0 2 0 0 0 0 2 0 0 0 0
111 10774 607 605 46 0 0 2 0 0 0 0 2 0 0 0 0
112 10765 612 610 45 0 0 2 0 0 0 0 2 0 0 0 0
113 10760 614 612 46 0 0 2 0 0 0 0 2 0 0 0 0
114 10755 616 613 46 0 0 3 0 0 0 0 3 0 0 0 0
115 10752 617 614 47 0 0 3 0 0 0 0 3 0 0 0 0
116 10750 617 613 48 0 0 4 0 0 0 0 4 0 0 0 0
117 10740 622 618 48 0 0 4 0 0 0 0 4 0 0 0 0
118 10730 627 623 48 0 0 4 0 0 0 0 4 0 0 0 0
119 10717 633 629 49 0 0 4 0 0 0 0 4 0 0 0 0
120 10702 640 635 49 0 0 5 0 0 0 0 5 0 0 0 0
121 10686 648 643 49 0 0 5 0 0 0 0 5 0 0 0 0
122 10672 655 650 49 0 0 5 0 0 0 0 5 0 0 0 0
123 10670 656 651 49 0 0 5 0 0 0 0 5 0 0 0 0
124 10669 656 651 50 0 0 5 0 0 0 0 5 0 0 0 0
125 10664 658 653 49 0 0 5 1 0 0 0 6 0 0 0 0
126 10657 661 656 50 0 0 5 1 0 0 0 6 0 0 0 0
127 10631 673 668 52 0 0 5 1 0 0 0 6 0 0 0 0
128 10620 679 674 51 0 0 5 1 0 0 0 6 0 0 0 0
129 10617 681 676 50 0 0 5 1 0 0 0 6 0 0 0 0
130 10603 688 683 50 0 0 5 1 0 0 0 6 0 0 0 0
131 10589 694 689 52 0 0 5 1 0 0 0 6 0 0 0 0
132 10578 700 695 51 0 0 5 1 0 0 0 6 0 0 0 0
133 10570 704 699 49 0 0 5 2 0 0 0 7 0 0 0 0
134 10563 707 701 49 0 0 6 2 0 0 0 8 0 0 0 0
135 10551 713 707 49 0 0 6 2 0 0 0 8 0 0 0 0
136 10533 722 716 49 0 0 6 2 0 0 0 8 0 0 0 0
137 10523 727 721 49 0 0 6 2 0 0 0 8 0 0 0 0
138 10510 733 726 49 0 0 7 2 0 0 0 9 0 0 0 0
139 10492 741 735 50 0 0 6 3 0 0 0 9 0 0 0 0
140 10469 752 746 51 0 0 6 3 0 0 0 9 0 0 0 0
141 10458 758 752 50 0 0 6 3 0 0 0 9 0 0 0 0
142 10454 760 753 49 0 0 7 3 0 0 0 10 0 0 0 0
143 10447 762 755 52 0 0 7 3 0 0 0 10 0 0 0 0
144 10424 773 765 52 0 0 8 3 0 0 0 11 0 0 0 0
145 10411 778 770 55 0 0 8 3 0 0 0 11 0 0 0 0
146 10397 785 776 54 0 0 9 3 0 0 0 12 0 0 0 0
147 10396 785 775 54 0 0 10 3 0 0 0 13 0 0 0 0
148 10365 799 789 57 0 0 10 3 0 0 0 13 0 0 0 0
149 10344 809 798 57 0 0 11 3 0 0 0 14 0 0 0 0
150 10326 818 807 57 0 0 11 3 0 0 0 14 0 0 0 0
151 10295 832 821 60 0 0 11 3 0 0 0 14 0 0 0 0
152 10269 843 832 64 0 0 11 3 0 0 0 14 0 0 0 0
153 10255 850 839 64 0 0 11 3 0 0 0 14 0 0 0 0
154 10240 857 846 65 0 0 11 3 0 0 0 14 0 0 0 0
155 10221 866 855 66 0 0 11 3 0 0 0 14 0 0 0 0
156 10202 875 863 66 0 0 12 3 0 0 0 15 0 0 0 0
157 10180 883 872 71 0 0 12 3 0 1 0 14 0 0 0 0
158 10158 893 882 73 0 0 12 3 0 1 0 14 0 0 0 0
159 10141 899 887 77 0 0 13 3 0 1 0 15 0 0 0 0
160 10110 912 899 81 0 0 14 3 0 1 0 16 0 0 0 0
161 10085 924 912 81 0 0 14 3 0 2 0 15 0 0 0 0
162 10067 933 921 81 0 0 14 3 0 2 0 15 0 0 0 0
163 10033 950 937 82 0 0 14 3 0 1 0 16 0 0 0 0
164 10009 962 948 81 0 0 15 3 0 1 0 17 0 0 0 0
165 9999 964 950 87 0 0 15 3 0 1 0 17 0 0 0 0
166 9980 972 958 90 0 0 15 3 0 1 0 17 0 0 0 0
167 9957 983 967 90 0 0 17 2 0 1 0 18 0 0 0 1
168 9939 990 975 93 0 0 17 2 0 2 0 17 0 0 0 1
169 9922 997 982 96 0 0 17 2 0 2 0 17 0 0 0 1
170 9896 1010 994 95 0 0 18 2 0 2 0 18 0 0 0 1
171 9880 1016 1000 99 0 0 18 2 0 2 0 18 0 0 0 1
172 9848 1029 1013 105 0 0 18 2 0 2 0 18 0 0 0 1
173 9828 1038 1022 107 0 0 18 2 0 2 0 18 0 0 0 1
174 9814 1044 1028 109 0 0 18 2 0 2 0 18 0 0 0 1
175 9794 1052 1035 112 0 0 19 2 0 2 0 19 0 0 0 1
176 9792 1052 1035 114 0 0 19 2 0 2 0 19 0 0 0 1
177 9765 1065 1048 115 0 0 19 2 0 2 0 19 0 0 0 1
178 9742 1076 1059 116 0 0 19 2 0 2 0 19 0 0 0 1
179 9710 1093 1076 114 0 0 19 2 0 2 0 19 0 0 0 1
180 9695 1099 1081 116 0 0 20 2 0 2 0 20 0 0 0 1
181 9679 1105 1087 120 0 0 20 2 0 2 0 20 0 0 0 1
182 9671 1108 1089 121 0 0 21 2 0 2 0 21 0 0 0 1
183 9675 1106 1086 120 0 0 22 2 0 2 0 22 0 0 0 1
184 9657 1115 1095 120 0 0 22 2 0 2 0 22 0 0 0 1
185 9640 1123 1103 121 0 0 22 2 0 2 0 22 0 0 0 1
186 9631 1128 1108 120 0 0 22 2 0 2 0 22 0 0 0 1
187 9619 1134 1114 120 0 0 22 2 0 2 0 22 0 0 0 1
188 9609 1139 1119 120 0 0 22 2 0 2 0 22 0 0 0 1
189 9597 1144 1124 121 0 0 22 2 0 2 0 22 0 0 0 2
190 9597 1143 1121 121 0 0 24 2 0 2 0 24 0 0 0 2
191 9595 1143 1121 123 0 0 24 2 0 2 0 24 0 0 0 2
192 9583 1148 1127 124 0 0 24 2 0 3 0 23 0 0 0 2
193 9582 1148 1124 122 0 0 27 2 0 3 0 26 0 0 0 2
194 9580 1149 1125 122 0 0 27 2 0 3 0 26 0 0 0 2
195 9568 1153 1129 126 0 0 27 2 0 3 0 26 0 0 0 2
196 9554 1159 1135 128 0 0 27 2 0 3 0 26 0 0 0 2
197 9545 1164 1140 127 0 0 27 2 0 3 0 26 0 0 0 2
198 9536 1167 1143 128 0 0 27 3 0 3 0 27 0 0 0 2
199 9534 1169 1144 125 0 0 28 3 0 3 0 28 0 0 0 2
200 9531 1169 1143 127 0 0 29 3 0 3 0 29 0 0 0 2
201 9523 1172 1145 128 0 0 30 3 0 3 0 30 0 0 0 2
202 9495 1186 1160 127 0 0 29 4 0 3 0 30 0 0 0 2
203 9493 1186 1161 128 0 0 28 5 0 3 0 30 0 0 0 2
204 9491 1187 1162 128 0 0 28 5 0 3 0 30 0 0 0 2
205 9469 1198 1173 128 0 0 28 5 0 3 0 30 0 0 0 2
206 9469 1199 1174 126 0 0 28 5 0 3 0 30 0 0 0 2
207 9460 1203 1176 126 0 0 30 4 0 3 0 31 0 0 0 3
208 9458 1202 1175 128 0 0 31 4 0 4 0 31 0 0 0 3
209 9447 1207 1180 129 0 0 31 4 0 4 0 31 0 0 0 3
210 9424 1217 1189 131 0 0 32 4 0 4 0 32 0 0 0 3
211 9425 1215 1187 132 0 0 33 4 0 5 0 32 0 0 0 3
212 9436 1210 1182 131 0 0 33 4 0 5 0 32 0 0 0 3
213 9427 1214 1186 132 0 0 33 4 0 5 0 32 0 0 0 3
214 9427 1214 1186 132 0 0 33 4 0 5 0 32 0 0 0 3
215 9426 1214 1186 133 0 0 33 4 0 5 0 32 0 0 0 3
216 9415 1219 1190 133 0 0 34 4 0 5 0 33 0 0 0 3
217 9409 1222 1194 132 0 0 34 4 0 6 0 32 0 0 0 3
218 9407 1223 1196 131 0 0 34 4 0 7 0 31 0 0 0 3
219 9387 1234 1207 129 0 0 34 4 0 7 0 31 0 0 0 3
220 9391 1231 1206 129 0 0 34 4 0 9 0 29 0 0 0 3
221 9378 1235 1209 131 0 0 35 5 0 9 0 31 0 0 0 3
222 9358 1244 1218 133 0 0 35 5 0 9 0 31 0 0 0 3
223 9349 1249 1224 131 0 0 35 5 0 10 0 30 0 0 0 3
224 9349 1249 1224 129 0 0 36 5 0 11 0 30 0 0 0 3
225 9344 1250 1226 131 0 0 36 5 0 12 0 29 0 0 0 3
226 9341 1251 1227 132 0 0 36 5 0 12 0 29 0 0 0 3
227 9338 1253 1229 131 0 0 36 5 0 12 0 29 0 0 0 3
228 9337 1254 1230 130 0 0 36 5 0 12 0 29 0 0 0 3
229 9322 1260 1234 131 0 0 38 5 0 12 0 31 0 0 0 3
230 9325 1259 1232 129 0 0 39 5 0 12 0 32 0 0 0 3
231 9319 1261 1235 130 0 0 39 5 0 13 0 31 0 0 0 3
232 9312 1263 1237 133 0 0 39 5 0 13 0 31 0 0 0 3
233 9303 1266 1240 136 0 0 39 5 0 13 0 31 0 0 0 3
234 9293 1271 1245 136 0 0 39 5 0 13 0 31 0 0 0 3
235 9289 1273 1247 134 0 0 39 6 0 13 0 32 0 0 0 3
236 9275 1279 1253 136 0 0 39 6 0 13 0 32 0 0 0 3
237 9267 1281 1255 140 0 0 39 6 0 13 0 32 0 0 0 3
238 9256 1284 1257 144 0 0 40 6 0 13 0 33 0 0 0 3
239 9243 1288 1261 149 0 0 40 6 0 13 0 33 0 0 0 3
240 9244 1288 1262 147 0 0 39 7 0 13 0 33 0 0 0 3
241 9240 1290 1262 147 0 0 41 6 0 13 0 34 0 0 0 3
242 9227 1296 1268 146 0 0 41 7 0 13 0 35 0 0 0 3
243 9226 1297 1269 145 0 0 41 7 0 13 0 35 0 0 0 3
244 9215 1299 1271 150 0 0 42 7 0 14 0 35 0 0 0 3
245 9202 1305 1276 150 0 0 43 7 0 14 0 36 0 0 0 3
246 9188 1311 1282 152 0 0 43 7 0 14 0 36 0 0 0 3
247 9177 1315 1286 155 0 0 43 7 0 14 0 36 0 0 0 3
248 9159 1322 1292 157 0 0 44 7 0 14 0 37 0 0 0 4
249 9149 1327 1297 157 0 0 44 7 0 14 0 37 0 0 0 4
250 9150 1327 1296 153 0 0 45 8 0 14 0 39 0 0 0 4
251 9153 1325 1293 155 0 0 46 7 0 14 0 39 0 0 0 4
252 9140 1329 1296 159 0 0 47 7 0 14 0 40 0 0 0 4
253 9123 1335 1301 163 0 0 48 7 0 14 0 41 0 0 0 4
254 9117 1339 1304 160 0 0 49 7 0 14 0 42 0 0 0 4
255 9097 1349 1314 160 0 0 49 7 0 14 0 42 0 0 0 4
256 9091 1350 1315 164 0 0 49 7 0 14 0 42 0 0 0 4
257 9083 1354 1319 164 0 0 49 7 0 14 0 42 0 0 0 4
258 9067 1361 1327 165 0 0 49 7 0 15 0 41 0 0 0 4
259 9047 1368 1333 170 0 0 50 7 0 15 0 42 0 0 0 4
260 9020 1381 1345 170 0 0 51 7 0 15 0 43 0 0 0 4
261 9011 1385 1349 171 0 0 51 7 0 15 0 43 0 0 0 4
262 8998 1392 1354 170 0 0 53 6 0 15 0 44 0 0 0 4
263 8992 1397 1357 164 0 0 55 6 0 15 0 46 0 0 0 4
264 8992 1394 1355 169 0 0 55 6 0 16 0 45 0 0 0 4
265 8977 1400 1360 172 0 0 56 5 0 16 0 45 0 0 0 5
266 8973 1402 1362 172 0 0 56 5 0 16 0 45 0 0 0 5
267 8956 1408 1368 177 0 0 56 5 0 16 0 45 0 0 0 5
268 8948 1410 1370 181 0 0 56 5 0 16 0 45 0 0 0 5
269 8939 1412 1371 185 0 0 57 5 0 16 0 46 0 0 0 5
270 8925 1415 1373 192 0 0 58 5 0 16 0 47 0 0 0 5
271 8913 1419 1377 194 0 0 58 6 0 16 0 48 0 0 0 5
272 8899 1425 1380 191 0 0 62 6 0 17 0 51 0 0 0 5
273 8888 1430 1384 191 0 0 63 6 0 17 0 52 0 0 0 5
274 8871 1437 1391 194 0 0 63 6 0 17 0 52 0 0 0 5
275 8864 1439 1392 194 0 0 64 7 0 17 0 54 0 0 0 5
276 8856 1442 1395 196 0 0 64 7 0 17 0 54 0 0 0 5
277 8855 1445 1396 191 0 0 66 6 0 17 0 55 0 0 0 5
278 8851 1447 1398 190 0 0 66 6 0 17 0 55 0 0 0 6
279 8836 1455 1405 188 0 0 67 6 0 17 0 56 0 0 0 6
280 8835 1454 1402 189 0 0 69 6 0 17 0 58 0 0 0 6
281 8825 1457 1405 193 0 0 69 6 0 17 0 58 0 0 0 6
282 8822 1457 1404 195 0 0 70 6 0 17 0 59 0 0 0 6
283 8816 1458 1406 198 0 0 70 6 0 18 0 58 0 0 0 6
284 8805 1463 1410 196 0 0 71 7 0 18 0 60 0 0 0 6
285 8805 1462 1409 196 0 0 71 8 0 18 0 61 0 0 0 6
286 8792 1465 1410 201 0 0 73 8 0 18 0 63 0 0 0 6
287 8788 1467 1411 200 0 0 74 8 0 18 0 64 0 0 0 6
288 8786 1468 1413 197 0 0 74 9 0 19 0 64 0 0 0 6
289 8780 1471 1416 195 0 0 75 9 0 20 0 64 0 0 0 6
290 8760 1479 1421 196 0 0 78 9 0 20 0 67 0 0 0 6
291 8749 1483 1425 197 0 0 79 9 0 21 0 67 0 0 0 6
292 8738 1485 1427 204 0 0 79 9 0 21 0 67 0 0 0 6
293 8743 1481 1423 207 0 0 79 9 0 21 0 67 0 0 0 6
294 8745 1479 1419 207 0 0 81 9 0 21 0 69 0 0 0 6
295 8733 1484 1423 206 0 0 83 9 0 22 0 70 0 0 0 6
296 8732 1485 1423 204 0 0 84 9 0 22 0 71 0 0 0 6
297 8725 1487 1425 205 0 0 85 9 0 23 0 71 0 0 0 6
298 8710 1492 1430 210 0 0 85 9 0 23 0 71 0 0 0 6
299 8716 1485 1424 217 0 0 85 9 0 24 0 70 0 0 0 6
300 8697 1495 1435 215 0 0 85 9 0 25 0 69 0 0 0 6
301 8694 1495 1435 218 0 0 84 10 0 24 0 70 0 0 0 6
302 8686 1498 1438 219 0 0 84 10 0 24 0 70 0 0 0 7
303 8679 1501 1441 220 0 0 84 10 0 24 0 70 0 0 0 7
304 8677 1501 1442 221 0 0 84 10 0 25 0 69 0 0 0 7
305 8678 1501 1443 219 0 0 84 10 0 26 0 68 0 0 0 7
306 8663 1508 1451 219 0 0 84 10 0 27 0 67 0 0 0 7
307 8646 1518 1459 214 0 0 86 10 0 27 0 69 0 0 0 7
308 8635 1523 1463 216 0 0 86 10 0 26 0 70 0 0 0 7
309 8631 1525 1464 213 0 0 87 11 0 26 0 72 0 0 0 7
310 8625 1528 1466 212 0 0 88 11 0 26 0 73 0 0 0 7
311 8626 1528 1466 209 0 0 89 11 0 27 0 73 0 0 0 7
312 8612 1534 1471 209 0 0 90 11 0 27 0 74 0 0 0 8
313 8611 1533 1469 211 0 0 91 11 0 27 0 75 0 0 0 8
314 8613 1533 1468 208 0 0 92 11 0 27 0 76 0 0 0 8
315 8621 1530 1464 205 0 0 93 11 0 27 0 77 0 0 0 8
316 8617 1533 1467 203 0 0 93 11 0 27 0 77 0 0 0 8
317 8613 1534 1467 204 0 0 94 11 0 27 0 78 0 0 0 8
318 8607 1536 1470 205 0 0 93 12 0 27 0 78 0 0 0 8
319 8605 1536 1469 206 0 0 94 12 0 27 0 79 0 0 0 8
320 8601 1537 1469 207 0 0 95 12 0 27 0 80 0 0 0 8
321 8606 1532 1465 211 0 0 95 12 0 28 0 79 0 0 0 8
322 8598 1535 1468 213 0 0 95 12 0 28 0 79 0 0 0 8
323 8585 1539 1471 215 0 0 97 12 0 29 0 80 0 0 0 8
324 8577 1541 1473 217 0 0 98 12 0 30 0 80 0 0 0 8
325 8581 1539 1470 216 0 0 99 12 0 30 0 81 0 0 0 8
326 8581 1540 1471 212 0 0 100 12 0 31 0 81 0 0 0 8
327 8577 1541 1471 213 0 0 101 12 0 31 0 82 0 0 0 8
328 8574 1543 1472 211 0 0 102 12 0 31 0 83 0 0 0 8
329 8577 1539 1470 214 0 0 101 13 0 32 0 82 0 0 0 8
330 8575 1539 1469 213 0 0 102 14 0 32 0 84 0 0 0 8
331 8569 1542 1470 209 0 0 104 15 0 32 0 87 0 0 0 8
332 8569 1539 1467 215 0 0 105 14 0 33 0 86 0 0 0 8
333 8578 1536 1464 212 0 0 105 14 0 33 0 86 0 0 0 8
334 8582 1532 1462 214 0 0 105 14 0 35 0 84 0 0 0 8
335 8577 1533 1462 216 0 0 106 14 0 35 0 85 0 0 0 8
336 8571 1536 1463 218 0 0 108 12 0 35 0 85 0 0 0 8
337 8577 1532 1458 219 0 0 109 11 0 35 0 85 0 0 0 10
338 8570 1534 1460 222 0 0 109 11 0 35 0 85 0 0 0 10
339 8563 1536 1462 223 0 0 110 11 0 36 0 85 0 0 0 10
340 8553 1540 1466 225 0 0 110 11 0 36 0 85 0 0 0 10
341 8548 1540 1466 227 0 0 112 10 0 38 0 84 0 0 0 11
342 8549 1539 1464 227 0 0 113 10 0 38 0 85 0 0 0 11
343 8531 1547 1468 225 0 0 117 10 0 38 0 89 0 0 0 11
344 8519 1554 1472 218 0 0 120 11 0 38 0 93 0 0 0 11
345 8515 1556 1472 216 0 0 123 10 0 39 0 94 0 0 0 11
346 8510 1557 1473 218 0 0 124 9 0 40 0 93 0 0 0 12
347 8510 1555 1471 220 0 0 124 10 0 40 0 94 0 0 0 12
348 8500 1559 1475 222 0 0 124 10 0 40 0 94 0 0 0 12
349 8498 1559 1475 224 0 0 124 10 0 40 0 94 0 0 0 12
350 8476 1569 1485 226 0 0 124 10 0 40 0 94 0 0 0 12
351 8464 1575 1492 225 0 0 124 10 0 41 0 93 0 0 0 12
352 8453 1580 1498 223 0 0 125 10 0 43 0 92 0 0 0 12
353 8431 1588 1505 228 0 0 126 10 0 43 0 93 0 0 0 12
354 8418 1592 1509 231 0 0 127 10 0 44 0 93 0 0 0 12
355 8401 1600 1517 232 0 0 127 10 0 44 0 93 0 0 0 12
356 8385 1608 1524 230 0 0 128 10 0 44 0 94 0 0 0 13
357 8357 1621 1536 230 0 0 129 10 0 44 0 95 0 0 0 14
358 8348 1624 1538 230 0 0 130 11 0 44 0 97 0 0 0 14
359 8329 1632 1544 231 0 0 132 11 0 44 0 99 0 0 0 14
360 8320 1636 1546 228 0 0 134 12 0 44 0 102 0 0 0 14
361 8312 1639 1549 228 0 0 135 12 0 45 0 102 0 0 0 14
362 8304 1644 1551 224 0 0 138 11 0 45 0 104 0 0 0 15
363 8291 1649 1557 224 0 0 138 12 0 46 0 104 0 0 0 15
364 8289 1649 1558 225 0 0 138 12 0 47 0 103 0 0 0 15
365 8284 1649 1556 230 0 0 139 12 0 46 0 105 0 0 0 15
366 8280 1652 1559 228 0 0 139 12 0 46 0 105 0 0 0 15
367 8271 1658 1566 222 0 0 139 13 0 47 0 105 0 0 0 15
368 8271 1654 1563 227 0 0 139 14 0 48 0 105 0 0 0 15
369 8242 1666 1575 230 0 0 139 15 0 48 0 106 0 0 0 15
370 8240 1666 1575 228 0 0 140 16 0 49 0 107 0 0 0 15
371 8228 1670 1578 231 0 0 141 16 0 49 0 108 0 0 0 15
372 8216 1673 1579 236 0 0 142 16 0 48 0 110 0 0 0 16
373 8187 1688 1594 235 0 0 142 16 0 48 0 110 0 0 0 16
374 8196 1682 1587 235 0 0 143 17 0 48 0 112 0 0 0 16
375 8188 1684 1588 238 0 0 144 17 0 48 0 113 0 0 0 16
376 8177 1688 1592 239 0 0 145 17 0 49 0 113 0 0 0 16
377 8170 1690 1593 241 0 0 146 17 0 49 0 114 0 0 0 16
378 8172 1687 1589 242 0 0 148 17 0 50 0 115 0 0 0 16
379 8164 1691 1592 241 0 0 149 17 0 50 0 116 0 0 0 16
380 8157 1693 1591 241 0 0 152 17 0 50 0 119 0 0 0 16
381 8155 1691 1588 244 0 0 154 17 0 51 0 120 0 0 0 16
382 8145 1696 1594 241 0 0 154 18 0 52 0 120 0 0 0 16
383 8145 1694 1592 241 0 0 156 18 0 54 0 120 0 0 0 16
384 8145 1695 1593 237 0 0 157 18 0 55 0 120 0 0 0 16
385 8148 1695 1590 235 0 0 160 16 0 55 0 121 0 0 0 16
386 8141 1697 1592 238 0 0 160 16 0 55 0 121 0 0 0 16
387 8140 1696 1591 239 0 0 161 16 0 56 0 121 0 0 0 16
388 8138 1696 1591 241 0 0 162 15 0 57 0 120 0 0 0 16
389 8143 1694 1589 238 0 0 164 14 0 59 0 119 0 0 0 16
390 8144 1691 1585 241 0 0 165 14 0 59 0 120 0 0 0 17
391 8142 1690 1583 244 0 0 166 14 0 59 0 121 0 0 0 17
392 8142 1686 1580 249 0 0 165 16 0 59 0 122 0 0 0 17
393 8140 1685 1577 248 0 0 168 16 0 60 0 124 0 0 0 18
394 8150 1681 1571 246 0 0 169 16 0 59 0 126 0 0 0 18
395 8140 1684 1575 249 0 0 169 16 0 60 0 125 0 0 0 18
396 8125 1689 1579 253 0 0 170 16 0 60 0 126 0 0 0 18
397 8123 1690 1577 252 0 0 173 15 0 60 0 128 0 0 0 18
398 8131 1686 1574 249 0 0 174 15 0 62 0 127 0 0 0 18
399 8142 1679 1569 250 0 0 173 16 0 63 0 126 0 0 0 18
400 8142 1677 1568 253 0 0 173 16 0 64 0 125 0 0 0 18
401 8135 1680 1571 254 0 0 173 16 0 64 0 125 0 0 0 18
402 8137 1679 1568 250 0 0 176 16 0 65 0 127 0 0 0 18
403 8130 1683 1571 247 0 0 177 16 0 65 0 128 0 0 0 19
404 8132 1682 1571 246 0 0 177 16 0 66 0 127 0 0 0 19
405 8123 1685 1574 241 0 0 178 19 0 67 0 130 0 0 0 19
406 8125 1683 1573 242 0 0 177 20 0 67 0 130 0 0 0 19
407 8126 1682 1571 242 0 0 179 19 0 68 0 130 0 0 0 19
408 8127 1677 1566 245 0 0 182 19 0 71 0 130 0 0 0 19
409 8136 1673 1560 244 0 0 184 18 0 71 0 131 0 0 0 19
410 8143 1669 1555 245 0 0 185 17 0 71 0 131 0 0 0 20
411 8137 1670 1556 245 0 0 187 17 0 73 0 131 0 0 0 20
412 8140 1668 1552 243 0 0 190 16 0 74 0 132 0 0 0 21
413 8125 1676 1559 241 0 0 191 16 0 74 0 133 0 0 0 21
414 8124 1676 1556 239 0 0 194 16 0 74 0 136 0 0 0 21
415 8121 1676 1557 237 0 0 196 16 0 77 0 135 0 0 0 21
416 8119 1676 1557 237 0 0 197 16 0 78 0 135 0 0 0 21
417 8131 1670 1551 237 0 0 197 16 0 78 0 135 0 0 0 21
418 8131 1670 1552 236 0 0 196 17 0 78 0 135 0 0 0 21
419 8130 1670 1554 235 0 0 195 18 0 79 0 134 0 0 0 21
420 8138 1666 1550 229 0 0 198 18 0 82 0 134 0 0 0 21
421 8143 1662 1544 232 0 0 199 18 0 81 0 136 0 0 0 21
422 8155 1656 1537 231 0 0 200 18 0 81 0 137 0 0 0 21
423 8147 1660 1542 230 0 0 200 18 0 82 0 136 0 0 0 21
424 8133 1668 1550 228 0 0 200 18 0 82 0 136 0 0 0 21
425 8125 1672 1554 228 0 0 200 18 0 82 0 136 0 0 0 21
426 8114 1677 1560 228 0 0 199 19 0 82 0 136 0 0 0 21
427 8097 1682 1565 231 0 0 199 21 0 82 0 138 0 0 0 21
428 8089 1684 1565 233 0 0 201 21 0 82 0 140 0 0 0 21
429 8087 1684 1566 234 0 0 200 22 0 82 0 140 0 0 0 21
430 8102 1675 1558 234 0 0 200 23 0 83 0 140 0 0 0 21
431 8114 1667 1550 238 1 0 199 23 0 83 1 139 0 0 0 21
432 8096 1675 1558 238 1 0 199 24 0 83 1 140 0 0 0 21
433 8099 1674 1557 236 1 0 201 22 0 85 1 138 0 0 0 22
434 8085 1680 1563 236 1 0 201 23 0 85 1 139 0 0 0 22
435 8077 1681 1565 237 1 0 203 23 0 88 1 138 0 0 0 22
436 8068 1684 1568 238 1 0 203 24 0 88 1 139 0 0 0 22
437 8063 1685 1569 239 1 0 203 25 0 88 1 140 0 0 0 22
438 8043 1695 1579 237 1 0 204 25 0 89 1 140 0 0 0 22
439 8035 1699 1582 234 1 0 205 26 0 89 1 142 0 0 0 22
440 8028 1699 1583 238 1 0 205 27 0 90 1 142 0 0 0 22
441 8031 1695 1577 241 1 0 208 26 0 91 1 143 0 0 0 22
442 8028 1694 1575 245 1 0 209 26 0 91 1 144 0 0 0 22
443 8019 1698 1577 246 1 0 210 26 0 90 1 146 0 0 0 22
444 8007 1702 1580 250 1 0 211 25 0 90 1 146 0 0 0 23
445 7988 1712 1589 248 1 0 212 25 0 90 1 147 0 0 0 23
446 7974 1718 1594 251 1 0 212 25 0 89 1 148 0 0 0 23
447 7963 1720 1596 256 1 0 212 26 0 89 1 149 0 0 0 23
448 7957 1721 1598 259 1 0 212 26 0 90 1 148 0 0 0 23
449 7942 1728 1604 259 1 0 213 26 0 90 1 149 0 0 0 23
450 7931 1731 1604 261 1 0 216 26 0 90 1 152 0 0 0 23
451 7917 1736 1609 264 1 0 216 26 0 90 1 152 0 0 0 24
452 7904 1741 1614 267 1 0 216 26 0 90 1 152 0 0 0 24
453 7893 1744 1619 268 1 0 215 28 0 91 1 152 0 0 0 24
454 7879 1749 1622 271 1 0 217 27 0 91 1 153 0 0 0 25
455 7877 1748 1622 272 1 0 216 29 0 91 1 154 0 0 0 25
456 7862 1755 1628 274 1 0 216 29 0 90 1 155 0 0 0 25
457 7863 1753 1629 274 1 0 214 31 0 91 1 154 0 0 0 25
458 7851 1756 1630 278 1 0 216 31 0 91 1 156 0 0 0 25
459 7842 1758 1630 281 1 0 218 31 0 91 1 158 0 0 0 25
460 7844 1757 1626 278 1 0 221 31 0 91 1 161 0 0 0 25
461 7830 1763 1631 279 1 0 222 31 0 91 1 162 0 0 0 25
462 7824 1767 1633 276 1 0 224 30 0 91 1 163 0 0 0 26
463 7809 1769 1636 284 1 0 225 30 0 93 1 162 0 0 0 26
464 7790 1777 1643 287 1 0 225 30 0 92 1 163 0 0 0 27
465 7769 1787 1655 284 1 0 226 30 0 95 1 161 0 0 0 27
466 7757 1790 1659 287 1 0 225 32 0 95 1 162 0 0 0 27
467 7729 1805 1673 286 1 0 225 32 0 94 1 163 0 0 0 27
468 7714 1812 1681 286 1 0 224 33 0 94 1 163 0 0 0 27
469 7699 1816 1686 292 1 0 224 33 0 95 1 162 0 0 0 27
470 7689 1820 1690 288 1 0 225 35 0 96 1 164 0 0 0 27
471 7680 1822 1692 289 1 0 227 35 0 98 1 164 0 0 0 27
472 7669 1824 1689 292 1 0 231 35 0 97 1 169 0 0 0 28
473 7668 1823 1687 291 1 0 235 33 0 100 1 168 0 0 0 29
474 7661 1826 1690 292 1 0 235 33 0 100 1 168 0 0 0 29
475 7654 1831 1693 287 1 0 237 33 0 100 1 170 0 0 0 29
476 7630 1842 1704 289 1 0 237 33 0 100 1 170 0 0 0 29
477 7629 1842 1702 287 1 0 239 33 0 100 1 172 0 0 0 30
478 7624 1843 1702 287 1 0 240 34 0 100 1 174 0 0 0 30
479 7615 1847 1704 283 1 0 241 36 0 99 1 178 0 0 0 31
480 7608 1848 1707 285 1 0 241 36 0 101 1 176 0 0 0 32
481 7604 1850 1709 281 1 0 241 38 0 101 1 178 0 0 0 32
482 7603 1851 1707 275 1 0 245 38 0 102 1 181 0 0 0 32
483 7599 1851 1707 279 1 0 245 38 0 102 1 181 0 0 0 32
484 7588 1853 1710 283 1 0 246 38 0 104 1 180 0 0 0 32
485 7571 1857 1717 289 1 0 246 38 0 107 1 177 0 0 0 32
486 7562 1861 1720 285 1 0 247 40 0 107 1 180 0 0 0 32
487 7565 1858 1713 285 1 0 251 39 0 107 1 183 0 0 0 33
488 7558 1863 1718 282 1 0 250 40 0 106 1 184 0 0 0 33
489 7547 1869 1721 277 1 0 254 38 0 107 1 185 0 0 0 36
490 7540 1870 1724 280 1 0 254 38 0 109 1 183 0 0 0 36
491 7525 1877 1732 280 1 0 254 38 0 110 1 182 0 0 0 36
492 7538 1870 1725 279 1 0 255 38 0 111 1 182 0 0 0 36
493 7544 1865 1719 280 1 0 256 39 0 111 1 184 0 0 0 36
494 7545 1864 1718 281 1 0 256 39 0 111 1 184 0 0 0 36
495 7532 1872 1725 276 1 0 257 39 0 111 1 185 0 0 0 37
496 7537 1868 1723 277 1 0 258 38 0 114 1 182 0 0 0 37
497 7534 1869 1722 276 1 0 260 38 0 114 1 184 0 0 0 37
498 7530 1870 1722 279 1 0 260 38 0 113 1 185 0 0 0 37
499 7520 1874 1725 280 1 0 261 38 0 113 1 186 0 0 0 37
500 7512 1876 1725 282 1 0 263 38 0 113 1 188 0 0 0 37
501 7508 1879 1727 279 1 0 264 38 0 113 1 189 0 0 0 37
502 7512 1879 1726 272 1 0 265 39 0 113 1 191 0 0 0 37
503 7509 1879 1724 270 1 0 269 38 0 115 1 192 0 0 0 38
504 7505 1880 1726 271 1 0 269 38 0 116 1 191 0 0 0 38
505 7504 1881 1726 267 1 0 271 38 0 117 1 192 0 0 0 38
506 7508 1879 1723 263 1 0 273 38 0 118 1 193 0 0 0 39
507 7509 1877 1722 265 1 0 273 38 0 119 1 192 0 0 0 39
508 7503 1879 1725 264 1 0 273 39 0 120 1 192 0 0 0 39
509 7504 1877 1722 262 1 0 275 40 0 121 1 194 0 0 0 39
510 7492 1882 1727 262 1 0 276 40 0 122 1 194 0 0 0 39
511 7487 1883 1730 263 1 0 275 41 0 123 1 193 0 0 0 39
512 7481 1887 1734 261 1 0 275 41 0 123 1 193 0 0 0 39
513 7485 1883 1728 261 1 0 277 42 0 123 1 196 0 0 0 39
514 7479 1886 1731 261 1 0 277 42 0 123 1 196 0 0 0 39
515 7488 1881 1726 261 1 0 278 41 0 124 1 195 0 0 0 40
516 7500 1876 1721 257 1 0 279 41 0 125 1 195 0 0 0 40
517 7496 1878 1726 253 1 0 279 40 0 128 1 191 0 0 0 43
518 7501 1874 1725 253 1 0 278 41 0 130 1 189 0 0 0 43
519 7511 1869 1720 251 1 0 278 42 0 130 1 190 0 0 0 43
520 7518 1866 1717 246 1 0 279 43 0 131 1 191 0 0 0 43
521 7522 1864 1715 244 1 0 279 44 0 131 1 192 0 0 0 43
522 7528 1862 1713 242 1 0 279 44 0 131 1 192 0 0 0 43
523 7534 1860 1711 238 1 0 280 44 0 132 1 192 0 0 0 43
524 7545 1852 1701 241 1 0 282 44 0 132 1 194 0 0 0 43
525 7556 1845 1693 241 1 0 283 45 0 132 1 196 0 0 0 43
526 7554 1844 1693 238 1 0 284 47 0 134 1 197 0 0 0 43
527 7542 1850 1698 239 1 0 285 46 0 134 1 197 0 0 0 43
528 7543 1847 1699 240 1 0 284 47 0 137 1 194 0 0 0 43
529 7542 1849 1702 236 1 0 284 47 0 138 1 193 0 0 0 43
530 7537 1851 1705 236 1 0 284 47 0 139 1 192 0 0 0 43
531 7536 1849 1707 237 1 0 283 48 0 142 1 189 0 0 0 43
532 7552 1840 1697 238 1 0 285 47 0 143 1 189 0 0 0 43
533 7558 1836 1695 238 1 0 283 49 0 143 1 189 0 0 0 43
534 7562 1832 1692 241 1 0 284 48 0 145 1 187 0 0 0 43
535 7561 1833 1694 237 1 0 283 50 0 145 1 188 0 0 0 43
536 7570 1828 1688 236 1 0 284 50 0 145 1 189 0 0 0 44
537 7567 1829 1690 236 1 0 283 51 0 145 1 189 0 0 0 44
538 7564 1829 1690 239 1 0 283 51 0 145 1 189 0 0 0 44
539 7564 1829 1688 241 1 0 285 49 0 145 1 189 0 0 0 44
540 7556 1833 1691 238 1 0 287 49 0 146 1 190 0 0 0 44
541 7553 1834 1692 239 1 0 287 49 0 146 1 190 0 0 0 44
542 7550 1834 1691 241 1 0 289 48 0 147 1 190 0 0 0 44
543 7560 1828 1687 239 1 0 289 49 0 149 1 189 0 0 0 44
544 7555 1830 1687 242 1 0 289 49 0 147 1 191 0 0 0 44
545 7554 1830 1687 243 1 0 289 49 0 147 1 191 0 0 0 44
546 7552 1831 1689 242 1 0 289 49 0 148 1 190 0 0 0 44
547 7545 1831 1689 246 1 0 291 48 0 150 1 189 0 0 0 45
548 7540 1832 1691 248 1 0 291 48 0 151 1 188 0 0 0 45
549 7532 1835 1695 249 1 0 291 48 0 152 1 187 0 0 0 45
550 7534 1835 1695 247 1 0 291 48 0 152 1 187 0 0 0 45
551 7539 1831 1695 246 1 0 291 48 0 156 1 183 0 0 0 45
552 7555 1822 1688 246 1 0 290 49 0 157 1 182 0 0 0 45
553 7568 1813 1678 249 1 0 291 49 0 157 1 183 0 0 0 46
554 7573 1813 1678 244 1 0 291 49 0 157 1 183 0 0 0 46
555 7583 1806 1672 245 1 0 293 48 0 160 1 181 0 0 0 46
556 7585 1805 1670 246 1 0 295 46 0 161 1 180 0 0 0 46
557 7578 1807 1672 247 1 0 296 46 0 162 1 180 0 0 0 46
558 7587 1805 1668 243 1 0 298 44 0 162 1 180 0 0 0 47
559 7586 1806 1671 240 1 0 297 45 0 163 1 179 0 0 0 47
560 7612 1795 1661 235 1 0 297 45 0 164 1 178 0 0 0 47
561 7616 1793 1660 232 1 0 298 45 0 166 1 177 0 0 0 47
562 7618 1793 1660 228 1 0 299 45 0 167 1 177 0 0 0 47
563 7617 1793 1662 226 1 0 298 46 0 168 1 176 0 0 0 48
564 7611 1793 1663 231 1 0 298 46 0 169 1 175 0 0 0 48
565 7626 1784 1657 230 1 0 298 46 0 172 1 172 0 0 0 49
566 7633 1781 1654 229 1 0 299 45 0 173 1 171 0 0 0 49
567 7635 1777 1651 234 1 0 299 45 0 174 1 170 0 0 0 49
568 7621 1781 1658 237 1 0 298 46 0 176 1 168 0 0 0 49
569 7635 1774 1649 236 1 0 300 45 0 176 1 169 0 0 0 50
570 7631 1775 1652 236 1 0 298 47 0 176 1 169 0 0 0 50
571 7629 1776 1653 236 1 0 298 47 0 176 1 169 0 0 0 50
572 7641 1770 1647 234 1 0 299 47 0 177 1 169 0 0 0 50
573 7649 1764 1641 236 1 0 299 48 0 177 1 170 0 0 0 50
574 7650 1761 1636 237 1 0 303 47 0 179 1 171 0 0 0 50
575 7648 1761 1636 239 1 0 303 47 0 179 1 171 0 0 0 50
576 7650 1759 1635 240 1 0 302 48 0 179 1 171 0 0 0 50
577 7648 1758 1636 242 1 0 302 48 0 181 1 169 0 0 0 50
578 7647 1758 1636 243 1 0 302 48 0 181 1 169 0 0 0 50
579 7654 1753 1633 242 1 0 303 48 0 184 1 167 0 0 0 50
580 7656 1751 1630 243 1 0 304 48 0 184 1 168 0 0 0 50
581 7663 1745 1626 246 1 0 303 49 0 185 1 167 0 0 0 50
582 7661 1744 1623 250 1 0 305 48 0 185 1 168 0 0 0 50
583 7659 1741 1621 257 1 0 305 48 0 186 1 167 0 0 0 50
584 7668 1737 1619 254 1 0 305 48 0 188 1 165 0 0 0 50
585 7694 1724 1606 254 1 0 305 48 0 188 1 165 0 0 0 50
586 7701 1721 1604 251 1 0 306 47 0 190 1 163 0 0 0 51
587 7705 1718 1602 252 1 0 306 47 0 191 1 162 0 0 0 51
588 7702 1720 1600 249 1 0 310 46 0 191 1 165 0 0 0 51
589 7706 1714 1594 256 1 0 311 45 0 192 1 164 0 0 0 52
590 7699 1719 1598 253 1 0 312 44 0 192 1 164 0 0 0 53
591 7708 1715 1595 251 1 0 312 44 0 193 1 163 0 0 0 53
592 7710 1712 1592 253 1 0 313 44 0 194 1 163 0 0 0 53
593 7711 1709 1588 258 1 0 314 43 0 194 1 163 0 0 0 54
594 7717 1705 1583 261 1 0 314 43 0 193 1 164 0 0 0 54
595 7728 1700 1578 260 1 0 314 43 0 193 1 164 0 0 0 54
596 7734 1696 1574 258 1 0 316 43 0 195 1 164 0 0 0 54
597 7736 1692 1574 259 1 0 315 44 0 198 1 161 0 0 0 55
598 7745 1687 1572 257 1 0 313 46 0 199 1 160 0 0 0 55
599 7741 1687 1574 259 1 0 312 47 0 200 1 159 0 0 0 55
600 7752 1683 1571 254 1 0 312 47 0 201 1 158 0 0 0 56
601 7766 1674 1565 254 1 0 312 47 0 204 1 155 0 0 0 57
602 7785 1664 1555 255 1 0 312 47 0 204 1 155 0 0 0 57
603 7786 1665 1553 253 1 0 314 45 0 203 1 156 0 0 0 59
604 7787 1662 1550 254 1 0 314 47 0 203 1 158 0 0 0 59
605 7791 1661 1548 253 1 0 315 46 0 203 1 158 0 0 0 59
606 7802 1655 1541 253 1 0 316 46 0 203 1 159 0 0 0 59
607 7822 1645 1531 253 1 0 317 45 0 204 1 158 0 0 0 59
608 7829 1640 1531 251 1 0 315 47 0 207 1 155 0 0 0 59
609 7834 1637 1527 253 1 0 315 47 0 206 1 156 0 0 0 59
610 7838 1634 1525 253 1 0 315 47 0 207 1 155 0 0 0 60
611 7840 1633 1525 252 1 0 314 48 0 207 1 155 0 0 0 60
612 7838 1632 1524 256 1 0 315 47 0 208 1 154 0 0 0 60
613 7838 1635 1526 251 1 0 315 47 0 207 1 155 0 0 0 60
614 7843 1629 1519 257 1 0 316 47 0 207 1 156 0 0 0 60
615 7848 1628 1520 252 1 0 315 48 0 208 1 155 0 0 0 60
616 7860 1622 1513 253 1 0 316 47 0 208 1 155 0 0 0 60
617 7854 1623 1517 254 1 0 315 48 0 210 1 153 0 0 0 60
618 7855 1622 1516 255 1 0 315 48 1 209 0 154 0 0 0 60
619 7862 1617 1512 257 1 0 315 48 1 210 0 153 0 0 0 60
620 7870 1615 1511 252 1 0 315 48 1 211 0 152 0 0 0 60
621 7862 1620 1515 249 1 0 317 47 1 212 0 152 0 0 0 60
622 7860 1621 1517 248 1 0 316 48 1 212 0 152 0 0 0 60
623 7850 1624 1524 246 1 0 317 48 1 217 0 148 0 0 0 60
624 7855 1621 1521 247 1 0 318 47 1 218 0 147 0 0 0 60
625 7859 1616 1518 249 1 0 319 47 1 221 0 145 0 0 0 60
626 7860 1615 1518 249 1 0 320 46 1 223 0 143 0 0 0 60
627 7852 1617 1521 252 1 0 320 46 1 224 0 142 0 0 0 60
628 7854 1617 1521 250 1 0 320 46 1 224 0 142 0 0 0 60
629 7854 1616 1520 247 1 0 322 46 1 226 0 142 0 0 0 61
630 7863 1610 1515 248 1 0 323 45 1 228 0 140 0 0 0 62
631 7868 1607 1512 247 1 0 324 45 1 229 0 140 0 0 0 62
632 7856 1614 1520 244 1 0 324 45 1 230 0 139 0 0 0 62
633 7877 1602 1510 245 1 0 324 45 1 232 0 137 0 0 0 62
634 7882 1598 1507 247 1 0 324 45 1 233 0 136 0 0 0 62
635 7896 1587 1500 251 1 0 324 45 1 237 0 132 0 0 0 62
636 7888 1592 1505 249 1 0 324 45 1 237 0 132 0 0 0 62
637 7888 1591 1504 248 1 0 326 44 1 239 0 131 0 0 0 63
638 7890 1589 1502 250 1 0 326 44 1 239 0 131 0 0 0 63
639 7903 1584 1496 248 1 0 326 44 1 238 0 132 0 0 0 63
640 7898 1586 1499 248 1 0 326 44 1 239 0 131 0 0 0 63
641 7899 1587 1499 246 1 0 327 43 1 239 0 131 0 0 0 63
642 7920 1577 1489 243 1 0 328 43 1 240 0 131 0 0 0 63
643 7923 1575 1487 244 1 0 328 43 1 240 0 131 0 0 0 63
644 7937 1568 1480 244 1 0 328 43 1 240 0 131 0 0 0 63
645 7942 1566 1478 243 1 0 329 42 1 241 0 130 0 0 0 63
646 7953 1560 1472 244 1 0 329 42 1 241 0 130 0 0 0 63
647 7955 1561 1471 240 1 0 331 41 1 241 0 131 0 0 0 63
648 7947 1564 1472 241 1 0 333 40 1 241 0 132 0 0 0 64
649 7946 1562 1472 244 1 0 332 41 1 242 0 131 0 0 0 64
650 7952 1559 1469 244 1 0 332 41 1 242 0 131 0 0 0 64
651 7964 1554 1463 242 1 0 332 41 1 241 0 132 0 0 0 65
652 7960 1558 1467 236 1 0 332 42 1 241 0 133 0 0 0 65
653 7972 1549 1459 241 1 0 333 41 1 243 0 131 0 0 0 65
654 7986 1542 1452 238 1 0 334 41 1 244 0 131 0 0 0 66
655 7997 1538 1448 235 1 0 334 41 1 244 0 131 0 0 0 66
656 7999 1536 1447 236 1 0 334 41 1 245 0 130 0 0 0 66
657 8012 1528 1440 236 1 0 335 41 1 247 0 129 0 0 0 66
658 8013 1526 1440 237 1 0 335 41 1 249 0 127 0 0 0 66
659 8011 1527 1442 236 1 0 336 40 1 251 0 125 0 0 0 66
660 8010 1528 1444 234 1 0 335 41 1 251 0 125 0 0 0 66
661 8011 1528 1443 232 1 0 336 41 1 251 0 126 0 0 0 66
662 8008 1529 1445 232 1 0 335 42 1 251 0 126 0 0 0 66
663 8020 1526 1442 226 1 0 335 42 1 251 0 126 0 0 0 66
664 8010 1531 1448 225 1 0 335 42 1 252 0 125 0 0 0 66
665 8014 1528 1448 224 1 0 335 42 1 255 0 122 0 0 0 66
666 8020 1526 1445 221 1 0 336 42 1 255 0 123 0 0 0 66
667 8035 1519 1437 217 1 0 338 42 1 256 0 124 0 0 0 66
668 8041 1514 1433 220 1 0 338 42 1 257 0 123 0 0 0 66
669 8058 1504 1423 219 1 0 340 42 1 259 0 123 0 0 0 66
670 8054 1508 1426 216 1 0 340 42 1 258 0 124 0 0 0 66
671 8057 1507 1425 215 1 0 340 42 1 258 0 124 0 0 0 66
672 8068 1501 1418 216 1 0 341 41 1 258 0 124 0 0 0 67
673 8081 1495 1413 212 1 0 341 42 1 259 0 124 0 0 0 67
674 8087 1491 1407 215 1 0 343 40 1 259 0 124 0 0 0 68
675 8093 1488 1403 216 1 0 344 39 1 259 0 124 0 0 0 68
676 8087 1489 1406 218 1 0 345 38 1 262 0 121 0 0 0 68
677 8087 1491 1407 215 1 0 345 38 1 261 0 122 0 0 0 68
678 8090 1490 1405 213 1 0 346 38 1 261 0 123 0 0 0 68
679 8096 1487 1401 212 1 0 347 38 1 261 0 124 0 0 0 68
680 8102 1482 1397 213 1 0 347 39 1 262 0 124 0 0 0 68
681 8120 1473 1388 213 1 0 347 39 1 262 0 124 0 0 0 68
682 8114 1477 1393 210 1 0 346 40 1 262 0 124 0 0 0 68
683 8116 1476 1393 208 1 0 347 39 1 264 0 122 0 0 0 69
684 8113 1477 1394 209 1 0 346 40 1 263 0 123 0 0 0 69
685 8117 1475 1392 209 1 0 346 40 1 263 0 123 0 0 0 69
686 8128 1468 1386 211 1 0 346 40 1 264 0 122 0 0 0 69
687 8128 1469 1385 210 1 0 348 38 1 264 0 122 0 0 0 70
688 8126 1470 1387 209 1 0 348 38 1 265 0 121 0 0 0 70
689 8131 1468 1385 208 1 0 348 38 1 265 0 121 0 0 0 70
690 8130 1469 1387 206 1 0 347 39 1 265 0 121 0 0 0 70
691 8140 1463 1381 204 1 0 348 40 1 266 0 122 0 0 0 70
692 8156 1456 1373 203 1 0 348 40 1 265 0 123 0 0 0 70
693 8171 1448 1367 202 1 0 348 40 1 267 0 121 0 0 0 70
694 8175 1446 1366 201 1 0 346 42 1 266 0 122 0 0 0 70
695 8174 1446 1365 202 1 0 347 41 1 266 0 122 0 0 0 71
696 8186 1438 1359 203 1 0 347 41 1 268 0 120 0 0 0 72
697 8193 1436 1357 200 1 0 346 42 1 267 0 121 0 0 0 72
698 8201 1434 1355 196 1 0 346 42 1 267 0 121 0 0 0 72
699 8208 1429 1351 198 1 0 346 42 1 268 0 120 0 0 0 72
700 8205 1429 1352 200 1 0 346 42 1 269 0 119 0 0 0 72
701 8204 1430 1352 200 1 0 346 42 1 268 0 120 0 0 0 72
702 8205 1428 1350 203 1 0 346 42 1 268 0 120 0 0 0 72
703 8220 1420 1343 203 1 0 346 42 1 269 0 119 0 0 0 72
704 8217 1419 1340 208 1 0 347 42 1 268 0 121 0 0 0 72
705 8235 1413 1334 202 1 0 347 42 1 268 0 121 0 0 0 72
706 8232 1413 1336 203 1 0 347 42 1 270 0 119 0 0 0 72
707 8231 1411 1337 205 1 0 345 44 1 271 0 118 0 0 0 72
708 8227 1414 1339 204 1 0 346 43 1 271 0 118 0 0 0 72
709 8228 1415 1342 197 1 0 347 43 1 274 0 116 0 0 0 72
710 8224 1417 1345 196 1 0 346 44 1 274 0 116 0 0 0 72
711 8249 1404 1334 195 1 0 346 44 1 276 0 114 0 0 0 72
712 8264 1397 1328 193 1 0 346 44 1 277 0 113 0 0 0 72
713 8273 1392 1325 192 1 0 346 44 1 279 0 111 0 0 0 72
714 8279 1387 1322 194 1 0 347 43 1 282 0 108 0 0 0 72
715 8272 1389 1324 197 1 0 347 43 1 282 0 108 0 0 0 72
716 8283 1383 1319 197 1 0 347 43 1 283 0 107 0 0 0 72
717 8298 1378 1314 192 1 0 348 42 1 284 0 106 0 0 0 72
718 8308 1374 1309 191 1 0 348 42 1 283 0 107 0 0 0 72
719 8313 1372 1307 190 1 0 348 42 1 283 0 107 0 0 0 72
720 8322 1367 1305 188 1 0 346 44 1 284 0 106 0 0 0 72
721 8333 1362 1300 187 1 0 346 44 1 284 0 106 0 0 0 72
722 8343 1357 1295 187 1 0 346 44 1 284 0 106 0 0 0 72
723 8349 1354 1292 185 1 0 347 44 1 285 0 106 0 0 0 72
724 8349 1354 1292 185 2 0 346 44 1 285 1 105 0 0 0 72
725 8348 1356 1292 182 2 0 348 43 1 285 1 106 0 0 0 72
726 8357 1353 1289 179 2 0 348 43 1 285 1 106 0 0 0 72
727 8355 1355 1293 175 2 0 348 43 1 287 1 104 0 0 0 72
728 8353 1356 1293 175 2 0 349 42 1 287 1 104 0 0 0 73
729 8346 1361 1299 171 2 0 348 43 1 287 1 104 0 0 0 73
730 8354 1357 1297 169 2 0 348 43 1 289 1 102 0 0 0 73
731 8357 1354 1295 171 2 0 348 43 1 290 1 101 0 0 0 73
732 8350 1357 1296 171 2 0 350 42 1 290 1 102 0 0 0 74
733 8352 1354 1294 174 2 0 350 42 1 291 1 101 0 0 0 74
734 8350 1356 1297 171 2 0 349 43 1 291 1 101 0 0 0 74
735 8351 1356 1297 170 2 0 349 43 1 291 1 101 0 0 0 74
736 8355 1356 1298 165 2 0 348 44 1 291 1 101 0 0 0 74
737 8355 1356 1300 163 2 0 347 45 1 292 1 100 0 0 0 74
738 8363 1351 1295 165 2 0 347 45 1 292 1 100 0 0 0 74
739 8372 1349 1292 160 2 0 348 44 1 292 1 100 0 0 0 75
740 8377 1348 1290 158 2 0 349 43 1 292 1 100 0 0 0 75
741 8372 1350 1294 157 2 0 349 43 1 294 1 98 0 0 0 75
742 8379 1344 1292 158 2 0 349 43 1 298 1 94 0 0 0 75
743 8388 1341 1288 154 2 0 350 43 1 298 1 95 0 0 0 75
744 8395 1338 1286 152 2 0 351 42 1 300 1 93 0 0 0 75
745 8389 1340 1289 153 2 0 350 43 1 300 1 93 0 0 0 75
746 8397 1334 1287 153 2 0 349 44 1 303 1 90 0 0 0 75
747 8406 1327 1280 156 2 0 350 44 1 304 1 90 0 0 0 75
748 8414 1322 1277 156 2 0 349 45 1 305 1 89 0 0 0 75
749 8419 1320 1275 155 2 0 349 45 1 305 1 89 0 0 0 75
750 8428 1315 1270 156 2 0 349 45 1 305 1 89 0 0 0 75
751 8441 1307 1262 155 2 0 350 46 1 306 1 90 0 0 0 75
752 8441 1308 1260 154 2 0 351 46 1 304 1 93 0 0 0 75
753 8450 1301 1255 156 2 0 353 44 1 308 1 89 0 0 0 76
754 8457 1296 1252 157 2 0 353 44 2 309 1 87 0 1 0 75
755 8463 1294 1250 155 2 0 354 43 2 310 1 86 0 1 0 75
756 8480 1285 1242 155 2 0 354 43 2 311 1 85 0 1 0 75
757 8485 1282 1239 155 2 0 355 42 2 312 1 84 0 1 0 76
758 8486 1280 1238 157 2 0 355 42 2 313 1 83 0 1 0 76
759 8490 1279 1237 155 2 0 355 42 2 313 1 83 0 1 0 76
760 8494 1278 1235 154 2 0 356 41 2 313 1 83 0 1 0 76
761 8499 1276 1233 153 2 0 356 41 2 313 1 83 0 1 0 76
762 8503 1275 1231 152 2 0 357 40 2 313 1 83 0 1 0 76
763 8511 1271 1227 152 2 0 357 40 2 313 1 83 0 1 0 76
764 8528 1263 1219 151 2 0 357 40 2 313 1 83 0 1 0 76
765 8534 1259 1216 152 2 0 357 40 2 314 1 82 0 1 0 76
766 8539 1257 1214 151 2 0 357 40 2 314 1 82 0 1 0 76
767 8557 1248 1204 148 2 0 359 40 2 315 1 83 0 1 0 76
768 8559 1246 1202 150 2 0 360 39 2 316 1 82 0 1 0 76
769 8556 1247 1204 150 2 0 361 38 2 318 1 80 0 1 0 76
770 8563 1244 1200 150 2 0 362 37 2 318 1 80 0 1 0 76
771 8562 1245 1201 149 2 0 362 37 2 318 1 80 0 1 0 76
772 8558 1247 1204 148 2 0 362 37 1 320 1 79 0 0 0 77
773 8562 1247 1200 148 2 0 364 35 1 318 1 81 0 0 0 77
774 8583 1236 1190 148 2 0 364 35 1 319 1 80 0 0 0 77
775 8587 1234 1189 147 2 0 363 36 1 319 1 80 0 0 0 77
776 8583 1236 1191 147 2 0 363 36 1 319 1 80 0 0 0 77
777 8580 1237 1192 148 2 0 363 36 1 319 1 80 0 0 0 77
778 8583 1235 1191 148 2 0 363 36 1 320 1 79 0 0 0 77
779 8588 1233 1189 147 2 0 363 36 1 320 1 79 0 0 0 77
780 8583 1236 1191 147 2 0 363 36 1 319 1 80 0 0 0 77
781 8595 1232 1188 142 2 0 363 36 1 320 1 79 0 0 0 77
782 8599 1230 1186 142 2 0 363 36 1 320 1 79 0 0 0 77
783 8607 1226 1181 141 2 0 364 36 1 320 1 80 0 0 0 77
784 8616 1221 1177 141 2 0 364 36 1 321 1 79 0 0 0 77
785 8631 1215 1171 138 2 0 364 36 1 321 1 79 0 0 0 77
786 8641 1209 1165 138 2 0 365 36 1 322 1 79 0 0 0 77
787 8646 1206 1163 138 2 0 365 36 1 323 1 78 0 0 0 77
788 8661 1201 1158 133 2 0 365 36 1 323 1 78 0 0 0 77
789 8670 1196 1152 133 2 0 366 36 1 323 1 79 0 0 0 77
790 8662 1199 1156 134 2 0 365 37 1 323 1 79 0 0 0 77
791 8657 1201 1159 134 2 0 365 37 1 324 1 78 0 0 0 77
792 8669 1194 1152 136 2 0 365 37 1 324 1 78 0 0 0 77
793 8671 1193 1150 135 2 0 366 37 1 324 1 79 0 0 0 77
794 8674 1190 1146 139 2 0 366 37 1 323 1 80 0 0 0 77
795 8682 1183 1141 143 3 0 364 38 2 323 1 79 0 0 0 77
796 8680 1184 1142 143 3 0 365 37 2 324 1 78 0 0 0 77
797 8682 1183 1141 143 3 0 364 38 2 323 1 79 0 0 0 77
798 8682 1183 1141 143 3 0 365 37 2 324 1 78 0 0 0 77
799 8690 1180 1139 140 3 0 365 37 2 325 1 77 0 0 0 77
800 8691 1180 1141 137 3 0 364 38 2 326 1 76 0 0 0 77
801 8689 1182 1141 136 3 0 365 37 2 325 1 77 0 0 0 78
802 8697 1179 1138 134 3 0 365 37 2 325 1 77 0 0 0 78
803 8700 1177 1136 135 3 0 365 37 2 325 1 77 0 0 0 78
804 8706 1176 1133 133 3 0 366 36 2 324 1 78 0 0 0 78
805 8722 1166 1122 137 3 0 367 35 2 324 1 78 0 0 0 79
806 8722 1166 1122 137 3 0 367 35 2 324 1 78 0 0 0 79
807 8734 1159 1115 139 3 0 367 35 2 324 1 78 0 0 0 79
808 8734 1159 1115 137 3 0 367 36 2 324 1 79 0 0 0 79
809 8745 1154 1110 136 3 0 367 36 2 324 1 79 0 0 0 79
810 8751 1152 1107 135 3 0 368 35 2 324 1 79 0 0 0 79
811 8751 1151 1108 135 3 0 368 35 2 326 1 77 0 0 0 79
812 8748 1153 1110 134 3 0 368 35 2 326 1 77 0 0 0 79
813 8755 1149 1105 132 3 0 369 36 2 326 1 79 0 0 0 79
814 8766 1143 1100 132 3 0 368 37 2 326 1 79 0 0 0 79
815 8772 1141 1098 130 3 0 368 37 2 326 1 79 0 0 0 79
816 8783 1137 1093 128 3 0 369 36 2 326 1 79 0 0 0 79
817 8798 1131 1086 126 3 0 370 35 2 326 1 79 0 0 0 79
818 8794 1133 1089 125 3 0 369 36 2 326 1 79 0 0 0 79
819 8800 1130 1086 125 3 0 369 36 2 326 1 79 0 0 0 79
820 8804 1129 1086 122 3 0 369 36 2 327 1 78 0 0 0 79
821 8804 1129 1087 121 3 0 368 37 2 327 1 78 0 0 0 79
822 8816 1122 1081 122 3 0 368 37 2 328 1 77 0 0 0 79
823 8822 1119 1079 119 3 0 368 38 2 329 1 77 0 0 0 79
824 8830 1116 1076 117 3 0 368 38 2 329 1 77 0 0 0 79
825 8837 1113 1072 117 3 0 368 38 2 328 1 78 0 0 0 79
826 8834 1113 1072 118 3 0 369 38 2 329 1 78 0 0 0 79
827 8833 1113 1073 118 3 0 369 38 2 330 1 77 0 0 0 79
828 8837 1111 1072 117 3 0 368 39 2 330 1 77 0 0 0 79
829 8838 1111 1071 115 4 0 368 39 2 330 2 77 0 0 0 79
830 8851 1105 1065 114 4 0 368 39 2 330 2 77 0 0 0 79
831 8857 1102 1063 113 4 0 367 40 2 330 2 77 0 0 0 79
832 8861 1099 1062 113 4 0 366 41 2 331 2 76 0 0 0 79
833 8861 1100 1063 111 4 0 366 41 2 331 2 76 0 0 0 79
834 8857 1103 1064 111 4 0 366 41 2 329 2 78 0 0 0 79
835 8868 1097 1058 112 4 0 366 41 2 329 2 78 0 0 0 79
836 8883 1090 1049 111 4 0 368 40 2 329 2 79 0 0 0 79
837 8884 1088 1048 113 4 0 368 40 2 330 2 78 0 0 0 79
838 8881 1090 1050 112 4 0 368 40 2 330 2 78 0 0 0 79
839 8890 1086 1046 111 4 0 368 40 2 330 2 78 0 0 0 79
840 8899 1084 1044 106 4 0 368 40 2 330 2 78 0 0 0 79
841 8899 1084 1045 105 4 0 368 40 2 331 2 77 0 0 0 79
842 8902 1082 1043 106 4 0 368 40 2 331 2 77 0 0 0 79
843 8906 1080 1041 106 4 0 368 40 2 331 2 77 0 0 0 79
844 8920 1073 1034 106 4 0 368 40 2 331 2 77 0 0 0 79
845 8924 1071 1033 105 4 0 368 40 2 332 2 76 0 0 0 79
846 8928 1069 1032 104 4 0 368 40 2 333 2 75 0 0 0 79
847 8928 1069 1032 104 4 0 368 40 2 333 2 75 0 0 0 79
848 8934 1066 1029 104 4 0 368 40 2 333 2 75 0 0 0 79
849 8941 1061 1023 108 4 0 369 39 2 333 2 75 0 0 0 79
850 8949 1057 1019 108 4 0 368 40 2 332 2 76 0 0 0 79
851 8964 1049 1012 108 4 0 368 40 2 333 2 75 0 0 0 79
852 8967 1048 1011 107 4 0 368 40 2 333 2 75 0 0 0 79
853 8976 1043 1007 107 4 0 368 40 2 334 2 74 0 0 0 79
854 8981 1041 1004 107 4 0 369 39 2 334 2 74 0 0 0 79
855 8994 1035 1001 103 4 0 370 38 2 338 2 70 0 0 0 79
856 8994 1036 1002 101 4 0 370 38 2 338 2 70 0 0 0 79
857 8998 1034 1001 100 4 0 369 39 2 338 2 70 0 0 0 79
858 9005 1031 998 99 4 0 369 39 2 338 2 70 0 0 0 79
859 9008 1031 998 96 4 0 370 38 2 339 2 69 0 0 0 79
860 9015 1027 994 97 4 0 370 38 2 339 2 69 0 0 0 79
861 9020 1026 992 95 4 0 371 37 2 339 2 69 0 0 0 79
862 9028 1022 988 95 4 0 371 37 2 339 2 69 0 0 0 79
863 9023 1024 991 95 4 0 370 38 2 339 2 69 0 0 0 79
864 9026 1022 988 97 4 0 371 37 2 339 2 69 0 0 0 79
865 9027 1022 987 97 4 0 371 37 2 338 2 70 0 0 0 79
866 9033 1018 984 98 4 0 371 37 2 339 2 69 0 0 0 79
867 9033 1017 982 99 4 0 372 37 2 339 2 70 0 0 0 79
868 9038 1015 981 97 4 0 372 37 2 340 2 69 0 0 0 79
869 9038 1015 981 97 4 0 372 37 2 340 2 69 0 0 0 79
870 9047 1010 977 97 4 0 372 37 2 341 2 68 0 0 0 79
871 9044 1014 981 92 4 0 372 37 2 341 2 68 0 0 0 79
872 9042 1014 982 93 4 0 372 37 2 342 2 67 0 0 0 79
873 9058 1006 974 93 4 0 372 37 2 342 2 67 0 0 0 79
874 9058 1005 973 95 4 0 372 37 2 342 2 67 0 0 0 79
875 9060 1003 973 95 4 0 370 39 2 342 2 67 0 0 0 79
876 9059 1005 974 93 4 0 371 38 2 342 2 67 0 0 0 79
877 9050 1009 978 94 4 0 372 37 2 343 2 66 0 0 0 79
878 9057 1004 975 95 4 0 373 36 2 346 2 63 0 0 0 79
879 9052 1007 978 94 4 0 372 37 2 345 2 64 0 0 0 79
880 9061 1002 971 95 4 0 373 37 2 344 2 66 0 0 0 79
881 9071 998 966 92 4 0 374 37 2 344 2 67 0 0 0 79
882 9077 995 964 91 4 0 374 37 2 345 2 66 0 0 0 79
883 9084 990 960 93 4 0 374 37 2 346 2 65 0 0 0 79
884 9090 987 956 94 4 0 374 37 3 344 2 66 0 1 0 78
885 9094 984 954 95 4 0 374 37 3 345 2 65 0 1 0 78
886 9104 979 948 94 3 0 376 37 3 345 1 67 0 1 0 78
887 9110 977 945 93 3 0 377 36 3 345 1 67 0 1 0 78
888 9115 975 943 92 3 0 377 36 3 345 1 67 0 1 0 78
889 9103 980 949 93 3 0 376 37 3 345 1 67 0 1 0 78
890 9118 973 942 92 3 0 377 36 3 346 1 66 0 1 0 78
891 9123 971 940 91 3 0 377 36 3 346 1 66 0 1 0 78
892 9125 971 940 89 3 0 377 36 3 346 1 66 0 1 0 78
893 9133 967 936 87 3 0 377 37 3 346 1 67 0 1 0 78
894 9132 969 938 84 3 0 376 38 3 345 1 68 0 1 0 78
895 9131 970 939 83 3 0 376 38 3 345 1 68 0 1 0 78
896 9134 969 938 82 3 0 376 38 3 345 1 68 0 1 0 78
897 9137 967 936 83 3 0 376 38 3 345 1 68 0 1 0 78
898 9149 961 930 83 3 0 376 38 3 345 1 68 0 1 0 78
899 9163 955 924 81 3 0 376 38 3 345 1 68 0 1 0 78
900 9167 952 922 82 3 0 376 38 3 346 1 67 0 1 0 78
901 9174 948 918 83 3 0 376 38 3 346 1 67 0 1 0 78
902 9172 949 920 82 3 0 376 38 3 347 1 66 0 1 0 78
903 9168 952 922 81 3 0 376 38 3 346 1 67 0 1 0 78
904 9179 945 917 82 3 0 375 39 3 347 1 66 0 1 0 78
905 9185 943 915 80 3 0 376 38 3 348 1 65 0 1 0 78
906 9192 940 912 79 3 0 376 38 3 348 1 65 0 1 0 78
907 9193 938 911 81 3 0 376 38 3 349 1 64 0 1 0 78
908 9200 934 906 83 3 0 377 37 3 349 1 64 0 1 0 78
909 9200 934 905 84 3 0 378 36 3 349 1 64 0 1 0 78
910 9203 933 905 82 3 0 378 36 3 350 1 63 0 1 0 78
911 9198 935 907 83 3 0 378 36 3 350 1 63 0 1 0 78
912 9203 931 902 87 3 0 379 35 3 350 1 63 0 1 0 78
913 9208 929 902 84 3 0 378 36 3 351 1 62 0 1 0 78
914 9208 928 901 86 3 0 378 36 3 351 1 62 0 1 0 78
915 9209 928 900 86 3 0 378 36 3 350 1 63 0 1 0 78
916 9216 925 896 84 3 0 379 36 3 350 1 64 0 1 0 78
917 9212 928 898 83 3 0 380 35 3 350 1 64 0 1 0 78
918 9210 930 900 81 3 0 380 35 3 350 1 64 0 1 0 78
919 9200 934 905 82 2 0 380 36 3 350 0 65 0 1 0 78
920 9197 936 907 79 2 0 380 37 3 350 0 66 0 1 0 78
921 9193 937 909 80 2 0 380 37 3 351 0 65 0 1 0 78
922 9195 935 907 82 2 0 380 37 3 351 0 65 0 1 0 78
923 9201 932 904 82 2 0 379 38 3 350 0 66 0 1 0 78
924 9192 934 906 87 2 0 379 38 3 350 0 66 0 1 0 78
925 9201 930 901 87 2 0 380 37 3 350 0 66 0 1 0 78
926 9198 932 901 88 2 0 382 35 3 350 0 66 0 1 0 78
927 9211 925 893 90 2 0 383 34 3 350 0 66 0 1 0 78
928 9207 927 895 90 2 0 383 34 3 350 0 66 0 1 0 78
929 9219 921 889 90 2 0 383 34 3 350 0 66 0 1 0 78
930 9224 918 887 90 2 0 383 34 3 351 0 65 0 1 0 78
931 9221 920 890 88 2 0 383 34 3 352 0 64 0 1 0 78
932 9224 918 888 89 2 0 383 34 3 352 0 64 0 1 0 78
933 9231 916 884 88 2 0 384 33 3 351 0 65 0 1 0 78
934 9233 915 883 88 2 0 384 33 3 351 0 65 0 1 0 78
935 9240 911 880 88 2 0 384 33 3 352 0 64 0 1 0 78
936 9246 907 877 89 2 0 384 33 3 353 0 63 0 1 0 78
937 9245 908 878 88 2 0 384 33 3 353 0 63 0 1 0 78
938 9240 911 881 87 2 0 384 33 3 353 0 63 0 1 0 78
939 9241 911 882 85 2 0 384 33 3 354 0 62 0 1 0 78
940 9241 912 883 83 2 0 384 33 3 354 0 62 0 1 0 78
941 9241 911 884 83 2 0 384 33 3 356 0 60 0 1 0 78
942 9245 908 882 84 2 0 384 33 3 357 0 59 0 1 0 78
943 9248 905 880 86 2 0 384 33 3 358 0 58 0 1 0 78
944 9253 903 880 83 2 0 384 33 3 360 0 56 0 1 0 78
945 9271 895 872 81 2 0 384 33 3 360 0 56 0 1 0 78
946 9273 894 871 81 2 0 384 33 3 360 0 56 0 1 0 78
947 9276 893 870 80 2 1 384 32 4 359 0 56 0 1 0 78
948 9273 895 872 79 2 1 384 32 4 359 0 56 0 1 0 78
949 9269 895 872 83 2 1 384 32 4 359 0 56 0 1 0 78
950 9273 894 871 81 2 1 384 32 4 359 0 56 0 1 0 78
951 9271 895 872 81 2 1 384 32 4 359 0 56 0 1 0 78
952 9289 887 863 80 2 1 384 32 4 358 0 57 0 1 0 78
953 9304 879 856 80 2 1 384 32 4 359 0 56 0 1 0 78
954 9306 879 854 79 2 1 386 30 4 359 0 56 0 1 0 79
955 9309 878 853 78 2 1 386 30 4 359 0 56 0 1 0 79
956 9316 873 849 80 2 1 386 30 4 360 0 55 0 1 0 79
957 9317 872 850 79 2 1 384 32 4 360 0 55 0 1 0 79
958 9324 868 847 79 2 1 385 31 4 362 0 53 0 1 0 79
959 9332 866 844 76 2 1 385 31 4 361 0 54 0 1 0 79
960 9338 863 841 76 2 1 385 31 4 361 0 54 0 1 0 79
961 9343 860 838 77 2 1 385 31 4 361 0 54 0 1 0 79
962 9340 862 840 76 2 1 385 31 4 361 0 54 0 1 0 79
963 9345 859 838 76 2 1 386 30 4 363 0 52 0 1 0 79
964 9348 858 837 75 2 1 386 30 4 363 0 52 0 1 0 79
965 9344 862 839 73 2 1 386 30 4 361 0 54 0 1 0 79
966 9346 862 838 72 2 1 387 29 4 361 0 54 0 1 0 79
967 9362 854 831 71 2 1 387 29 4 362 0 53 0 1 0 79
968 9364 853 830 71 2 1 387 29 4 362 0 53 0 1 0 79
969 9366 852 829 71 2 1 387 29 4 362 0 53 0 1 0 79
970 9366 852 828 72 2 1 387 29 4 361 0 54 0 1 0 79
971 9367 852 828 71 2 1 387 29 4 361 0 54 0 1 0 79
972 9365 853 829 71 2 1 387 29 4 361 0 54 0 1 0 79
973 9364 854 830 70 2 1 387 29 4 361 0 54 0 1 0 79
974 9371 851 828 68 2 1 387 29 4 362 0 53 0 1 0 79
975 9385 845 822 66 2 1 388 28 4 363 0 52 0 1 0 79
976 9384 845 823 66 2 1 387 29 4 363 0 52 0 1 0 79
977 9387 844 822 65 2 1 387 29 4 363 0 52 0 1 0 79
978 9398 838 816 66 2 1 387 29 4 363 0 52 0 1 0 79
979 9408 833 811 66 2 1 387 29 4 363 0 52 0 1 0 79
980 9410 833 811 64 2 1 388 28 4 364 0 51 0 1 0 79
981 9424 828 805 61 2 1 390 26 4 365 0 50 0 1 0 79
982 9421 829 806 62 2 1 390 26 4 365 0 50 0 1 0 79
983 9419 830 806 63 2 1 390 26 4 364 0 51 0 1 0 79
984 9422 829 804 63 2 1 391 25 4 364 0 51 0 1 0 79
985 9419 831 806 62 2 1 391 25 4 364 0 51 0 1 0 79
986 9420 830 805 63 2 1 391 25 4 364 0 51 0 1 0 79
987 9425 827 803 63 2 1 391 25 4 365 0 50 0 1 0 79
988 9431 825 800 62 2 1 391 25 4 364 0 51 0 1 0 79
989 9434 823 799 62 2 1 391 25 4 365 0 50 0 1 0 79
990 9436 823 798 61 2 1 391 25 4 364 0 51 0 1 0 79
991 9442 821 796 59 2 1 391 25 4 364 0 51 0 1 0 79
992 9437 822 798 61 2 1 391 25 4 365 0 50 0 1 0 79
993 9438 822 798 60 2 1 391 25 4 365 0 50 0 1 0 79
994 9444 819 794 61 3 1 391 24 5 364 0 50 0 1 0 79
995 9455 813 789 61 3 1 391 24 5 365 0 49 0 1 0 79
996 9461 810 786 61 3 1 391 24 5 365 0 49 0 1 0 79
997 9468 807 783 60 3 1 390 25 5 364 0 50 0 1 0 79
998 9464 808 784 62 3 1 390 25 5 364 0 50 0 1 0 79
999 9464 809 783 62 3 1 391 24 5 363 0 51 0 1 0 79
1000 9465 809 783 61 3 1 391 24 5 363 0 51 0 1 0 79
1001 9469 807 781 61 3 1 391 24 5 363 0 51 0 1 0 79
1002 9471 806 780 61 3 1 391 24 5 363 0 51 0 1 0 79
1003 9472 805 779 62 3 1 391 24 5 363 0 51 0 1 0 79
1004 9480 802 774 62 3 1 392 23 5 362 0 52 0 1 0 79
1005 9486 799 771 62 3 1 392 23 5 362 0 52 0 1 0 79
1006 9502 790 763 63 3 1 391 24 5 362 0 52 0 1 0 79
1007 9508 786 761 63 3 1 390 25 5 363 0 51 0 1 0 79
1008 9514 783 759 62 3 1 389 26 5 363 0 51 0 1 0 79
1009 9521 780 756 61 3 1 389 26 5 363 0 51 0 1 0 79
1010 9525 778 754 61 3 1 389 26 5 363 0 51 0 1 0 79
1011 9527 777 753 61 3 1 389 26 5 363 0 51 0 1 0 79
1012 9533 775 751 59 3 1 389 26 5 363 0 51 0 1 0 79
1013 9538 773 749 58 3 1 389 26 5 363 0 51 0 1 0 79
1014 9538 773 749 58 3 1 389 26 5 363 0 51 0 1 0 79
1015 9543 772 747 56 3 1 389 26 5 362 0 52 0 1 0 79
1016 9550 770 745 53 3 1 389 26 5 362 0 52 0 1 0 79
1017 9558 766 742 52 3 1 388 27 5 362 0 52 0 1 0 79
1018 9568 761 737 52 3 1 388 27 5 362 0 52 0 1 0 79
1019 9571 758 735 54 3 1 388 27 5 363 0 51 0 1 0 79
1020 9571 758 735 54 3 1 388 27 5 363 0 51 0 1 0 79
1021 9577 756 731 54 3 1 389 26 5 362 0 52 0 1 0 79
1022 9579 754 730 55 3 1 388 27 5 362 0 52 0 1 0 79
1023 9583 752 728 55 3 1 389 26 5 363 0 51 0 1 0 79
1024 9573 756 732 57 3 1 389 26 5 363 0 51 0 1 0 79
1025 9581 753 729 55 3 1 389 26 5 363 0 51 0 1 0 79
1026 9588 750 726 54 3 1 390 25 5 364 0 50 0 1 0 79
1027 9596 746 722 54 3 1 390 25 5 364 0 50 0 1 0 79
1028 9595 747 722 54 3 1 391 24 5 364 0 50 0 1 0 79
1029 9595 748 723 52 3 1 391 24 5 364 0 50 0 1 0 79
1030 9596 748 722 52 3 1 391 24 5 363 0 51 0 1 0 79
1031 9608 743 717 50 3 1 391 24 5 363 0 51 0 1 0 79
1032 9605 745 718 50 3 1 392 23 5 363 0 51 0 1 0 79
1033 9612 741 715 50 4 0 391 24 5 364 0 50 0 1 0 79
1034 9629 733 708 48 4 0 391 24 5 365 0 49 0 1 0 79
1035 9626 734 709 49 4 0 391 24 5 365 0 49 0 1 0 79
1036 9626 734 709 49 4 0 391 24 5 365 0 49 0 1 0 79
1037 9633 730 706 49 4 0 391 24 5 366 0 48 0 1 0 79
1038 9640 727 703 48 4 0 391 24 5 366 0 48 0 1 0 79
1039 9646 723 699 50 4 0 391 24 5 366 0 48 0 1 0 79
1040 9650 721 697 50 4 0 391 24 5 366 0 48 0 1 0 79
1041 9663 714 691 50 4 0 391 24 5 367 0 47 0 1 0 79
1042 9661 715 692 50 4 0 391 24 5 367 0 47 0 1 0 79
1043 9666 714 690 48 4 0 391 24 5 366 0 48 0 1 0 79
1044 9667 714 690 47 4 0 391 24 5 366 0 48 0 1 0 79
1045 9664 715 692 47 4 0 390 25 5 366 0 48 0 1 0 79
1046 9671 711 688 48 4 0 390 25 5 366 0 48 0 1 0 79
1047 9675 709 686 48 4 0 390 25 5 366 0 48 0 1 0 79
1048 9682 705 682 49 4 0 390 25 5 366 0 48 0 1 0 79
1049 9684 704 681 49 4 0 390 25 5 366 0 48 0 1 0 79
1050 9689 702 678 49 4 0 391 24 5 366 0 48 0 1 0 79
1051 9688 703 678 49 4 0 391 24 5 365 0 49 0 1 0 79
1052 9695 700 674 49 4 0 391 24 5 364 0 50 0 1 0 79
1053 9695 701 674 48 4 0 391 24 5 363 0 51 0 1 0 79
1054 9700 699 671 48 4 0 392 23 5 363 0 51 0 1 0 79
1055 9703 698 669 48 4 0 393 22 5 363 0 51 0 1 0 79
1056 9703 698 668 47 4 0 395 21 5 364 0 51 0 1 0 79
1057 9702 699 669 46 4 0 395 21 5 364 0 51 0 1 0 79
1058 9704 699 669 44 4 0 396 20 5 365 0 50 0 1 0 79
1059 9707 698 668 43 4 0 396 20 5 365 0 50 0 1 0 79
1060 9713 696 665 42 4 0 397 19 5 365 0 50 0 1 0 79
1061 9711 697 667 41 4 0 397 19 5 366 0 49 0 1 0 79
1062 9714 696 666 40 4 0 397 19 5 366 0 49 0 1 0 79
1063 9718 694 664 40 4 0 397 19 5 366 0 49 0 1 0 79
1064 9718 695 665 38 3 0 398 19 4 367 0 49 0 1 0 79
1065 9725 692 662 37 3 0 398 19 4 367 0 49 0 1 0 79
1066 9722 694 664 36 3 0 398 19 5 366 0 49 0 2 0 78
1067 9718 696 666 36 3 0 398 19 5 366 0 49 0 2 0 78
1068 9722 694 665 35 3 0 398 19 5 367 0 48 0 2 0 78
1069 9721 694 666 35 3 0 398 19 5 368 0 47 0 2 0 78
1070 9723 693 665 35 3 0 398 19 5 368 0 47 0 2 0 78
1071 9721 694 666 35 3 0 398 19 5 368 0 47 0 2 0 78
1072 9725 692 664 35 3 0 398 19 5 368 0 47 0 2 0 78
1073 9722 694 666 34 3 0 398 19 5 368 0 47 0 2 0 78
1074 9726 692 664 34 3 0 398 19 5 368 0 47 0 2 0 78
1075 9734 688 660 34 3 0 398 19 5 368 0 47 0 2 0 78
1076 9744 683 655 34 3 0 398 19 5 368 0 47 0 2 0 78
1077 9753 678 650 35 3 0 398 19 5 368 0 47 0 2 0 78
1078 9760 674 649 33 3 0 398 19 5 371 0 44 0 2 0 78
1079 9770 669 644 33 3 0 398 19 5 371 0 44 0 2 0 78
1080 9774 668 643 31 3 0 398 19 5 371 0 44 0 2 0 78
1081 9776 667 642 31 3 1 398 18 6 370 0 44 0 2 0 78
1082 9778 666 641 31 3 1 399 17 6 371 0 43 0 2 0 78
1083 9785 662 637 32 3 1 399 17 6 371 0 43 0 2 0 78
1084 9786 662 637 31 3 1 400 16 6 372 0 42 0 2 0 78
1085 9795 657 633 31 3 1 400 16 6 373 0 41 0 2 0 78
1086 9792 658 634 32 3 1 400 16 6 373 0 41 0 2 0 78
1087 9793 658 634 31 3 1 400 16 6 373 0 41 0 2 0 78
1088 9789 660 636 31 3 1 400 16 6 373 0 41 0 2 0 78
1089 9795 657 634 30 3 1 399 17 6 373 0 41 0 2 0 78
1090 9800 654 632 30 3 1 399 17 6 374 0 40 0 2 0 78
1091 9801 654 633 28 3 1 399 17 6 375 0 39 0 2 0 78
1092 9812 648 629 27 3 1 399 17 6 377 0 37 0 2 0 78
1093 9814 647 629 26 3 1 399 17 6 378 0 36 0 2 0 78
1094 9812 648 630 26 3 1 399 17 6 378 0 36 0 2 0 78
1095 9807 650 632 27 3 1 399 17 6 378 0 36 0 2 0 78
1096 9806 650 633 27 3 1 398 18 6 378 0 36 0 2 0 78
1097 9814 646 630 26 3 1 397 19 6 378 0 36 0 2 0 78
1098 9811 647 631 27 3 1 397 19 6 378 0 36 0 2 0 78
1099 9815 645 629 27 3 1 397 19 6 378 0 36 0 2 0 78
1100 9817 644 628 27 3 1 397 19 6 378 0 36 0 2 0 78
1101 9822 642 626 26 3 1 397 19 6 378 0 36 0 2 0 78
1102 9840 633 618 25 3 1 396 20 6 378 0 36 0 2 0 78
1103 9833 637 622 24 3 1 396 20 6 378 0 36 0 2 0 78
1104 9845 631 618 22 3 1 396 20 6 380 0 34 0 2 0 78
1105 9848 629 617 22 3 2 395 20 6 380 0 34 0 2 1 77
1106 9842 632 620 22 3 2 395 20 6 380 0 34 0 2 1 77
1107 9845 631 619 21 3 2 395 20 6 380 0 34 0 2 1 77
1108 9843 632 620 21 3 2 395 20 6 380 0 34 0 2 1 77
1109 9847 630 618 21 3 2 395 20 6 380 0 34 0 2 1 77
1110 9849 629 617 21 3 2 395 20 6 380 0 34 0 2 1 77
1111 9844 631 620 21 3 2 395 20 6 381 0 33 0 2 1 77
1112 9852 627 616 21 3 2 395 20 6 381 0 33 0 2 1 77
1113 9855 625 615 21 3 2 395 20 6 382 0 32 0 2 1 77
1114 9862 621 611 22 3 2 396 19 6 383 0 31 0 2 1 77
1115 9862 620 611 23 3 2 396 19 6 384 0 30 0 2 1 77
1116 9860 621 612 23 3 2 396 19 6 384 0 30 0 2 1 77
1117 9861 620 612 23 3 2 396 19 6 385 0 29 0 2 1 77
1118 9863 619 611 23 3 2 396 19 6 385 0 29 0 2 1 77
1119 9867 617 610 22 3 2 395 20 6 385 0 29 0 2 1 77
1120 9866 618 611 21 3 2 395 20 6 385 0 29 0 2 1 77
1121 9871 615 609 21 3 2 395 20 6 386 0 28 0 2 1 77
1122 9877 612 606 21 3 2 395 20 6 386 0 28 0 2 1 77
1123 9884 608 602 22 3 2 395 20 6 386 0 28 0 2 1 77
1124 9886 607 601 22 3 2 395 20 6 386 0 28 0 2 1 77
1125 9883 608 602 23 3 2 395 20 6 386 0 28 0 2 1 77
1126 9887 606 600 23 3 2 395 20 6 386 0 28 0 2 1 77
1127 9886 606 601 23 3 2 395 20 6 387 0 27 0 2 1 77
1128 9888 605 600 23 3 2 395 20 6 387 0 27 0 2 1 77
1129 9892 603 598 23 3 2 395 20 6 387 0 27 0 2 1 77
1130 9895 601 597 23 3 2 395 20 6 388 0 26 0 2 1 77
1131 9896 600 596 24 3 2 395 20 6 388 0 26 0 2 1 77
1132 9903 597 593 23 3 2 395 20 6 388 0 26 0 2 1 77
1133 9908 595 590 23 3 2 395 20 6 387 0 27 0 2 1 77
1134 9910 594 589 23 3 2 395 20 6 387 0 27 0 2 1 77
1135 9918 590 585 23 3 2 395 20 6 387 0 27 0 2 1 77
1136 9930 584 579 23 3 2 395 20 6 387 0 27 0 2 1 77
1137 9932 583 578 23 3 2 395 20 6 387 0 27 0 2 1 77
1138 9934 582 577 23 3 2 395 20 6 387 0 27 0 2 1 77
1139 9938 580 575 23 3 2 395 20 6 387 0 27 0 2 1 77
1140 9939 580 575 22 3 2 395 20 6 387 0 27 0 2 1 77
1141 9941 579 574 22 3 2 395 20 6 387 0 27 0 2 1 77
1142 9937 581 576 22 3 2 395 20 6 387 0 27 0 2 1 77
1143 9932 583 578 23 3 2 395 20 6 387 0 27 0 2 1 77
1144 9934 582 577 23 3 2 395 20 6 387 0 27 0 2 1 77
1145 9936 581 576 23 3 2 395 20 6 387 0 27 0 2 1 77
1146 9936 581 576 22 3 2 396 19 6 388 0 26 0 2 1 78
1147 9934 582 577 22 3 2 396 19 6 388 0 26 0 2 1 78
1148 9934 581 577 23 3 2 396 19 6 389 0 25 0 2 1 78
1149 9932 582 578 23 3 2 396 19 6 389 0 25 0 2 1 78
1150 9935 581 577 22 3 2 396 19 6 389 0 25 0 2 1 78
1151 9935 581 577 22 3 2 396 19 6 389 0 25 0 2 1 78
1152 9936 580 577 22 3 2 395 20 6 389 0 25 0 2 1 78
1153 9935 581 577 22 3 2 395 20 6 388 0 26 0 2 1 78
1154 9942 577 574 22 3 2 395 20 6 389 0 25 0 2 1 78
1155 9949 574 571 21 3 2 395 20 6 389 0 25 0 2 1 78
1156 9954 571 568 22 3 2 395 20 6 389 0 25 0 2 1 78
1157 9963 567 564 21 3 2 395 20 6 389 0 25 0 2 1 78
1158 9974 561 558 22 3 2 395 20 6 389 0 25 0 2 1 78
1159 9977 559 556 23 4 2 394 20 6 389 0 25 0 2 2 77
1160 9980 558 555 22 4 2 394 20 6 389 0 25 0 2 2 77
1161 9987 555 552 21 4 2 394 20 6 389 0 25 0 2 2 77
1162 9988 554 551 22 4 2 394 20 6 389 0 25 0 2 2 77
1163 9999 548 545 23 4 2 394 20 6 389 0 25 0 2 2 77
1164 10005 545 541 24 4 2 395 19 6 389 0 25 0 2 2 77
1165 10008 545 540 22 4 2 395 19 6 388 0 26 0 2 2 77
1166 10008 545 540 22 4 2 395 19 6 388 0 26 0 2 2 77
1167 10012 543 538 22 4 2 395 19 6 388 0 26 0 2 2 77
1168 10015 541 536 23 4 2 395 19 6 388 0 26 0 2 2 77
1169 10021 538 533 23 4 2 395 19 6 388 0 26 0 2 2 77
1170 10018 540 535 22 5 2 394 19 6 388 1 25 0 2 2 77
1171 10023 537 534 21 5 2 394 19 6 390 1 23 0 2 2 77
1172 10025 536 533 21 5 2 394 19 6 390 1 23 0 2 2 77
1173 10027 535 532 21 5 2 394 19 6 390 1 23 0 2 2 77
1174 10035 531 528 21 5 2 394 19 6 390 1 23 0 2 2 77
1175 10033 533 530 19 5 2 394 19 6 390 1 23 0 2 2 77
1176 10032 533 530 20 5 2 394 19 6 390 1 23 0 2 2 77
1177 10042 528 524 20 5 2 395 18 6 390 1 23 0 2 2 78
1178 10046 526 522 20 5 2 395 18 6 390 1 23 0 2 2 78
1179 10049 524 521 20 5 2 395 18 6 391 1 22 0 2 2 78
1180 10062 518 515 19 5 2 395 18 6 391 1 22 0 2 2 78
1181 10066 516 513 19 5 2 395 18 6 391 1 22 0 2 2 78
1182 10062 518 515 19 5 2 395 18 6 391 1 22 0 2 2 78
1183 10068 516 513 17 5 2 395 18 6 391 1 22 0 2 2 78
1184 10071 515 512 16 5 2 395 18 6 391 1 22 0 2 2 78
1185 10077 511 509 17 5 2 395 18 6 392 1 21 0 2 2 78
1186 10080 509 508 17 5 2 395 18 6 393 1 20 0 2 2 78
1187 10088 505 504 17 5 2 395 18 6 393 1 20 0 2 2 78
1188 10089 505 504 16 5 2 395 18 6 393 1 20 0 2 2 78
1189 10093 503 502 16 6 2 394 18 7 392 1 20 0 2 2 78
1190 10088 505 505 16 6 2 393 19 7 392 1 20 0 2 2 78
1191 10095 501 501 17 6 2 393 19 7 392 1 20 0 2 2 78
1192 10094 501 501 18 6 2 393 19 7 392 1 20 0 2 2 78
1193 10096 500 500 18 6 2 393 19 7 392 1 20 0 2 2 78
1194 10098 499 499 18 6 2 393 19 7 392 1 20 0 2 2 78
1195 10093 501 501 19 6 2 393 19 7 392 1 20 0 2 2 78
1196 10092 501 502 19 6 2 392 20 7 392 1 20 0 2 2 78
1197 10092 501 502 19 6 2 392 20 7 392 1 20 0 2 2 78
1198 10090 502 503 19 6 2 392 20 7 392 1 20 0 2 2 78
1199 10085 504 505 20 6 2 392 20 7 392 1 20 0 2 2 78
1200 10087 504 503 20 6 2 393 19 6 392 2 20 0 2 2 78
1201 10083 505 505 21 6 2 392 20 6 392 2 20 0 2 2 78
1202 10086 504 504 20 6 2 392 20 6 392 2 20 0 2 2 78
1203 10087 504 504 19 6 2 392 20 6 392 2 20 0 2 2 78
1204 10093 502 502 17 6 2 392 20 6 392 2 20 0 2 2 78
1205 10095 501 501 17 6 2 392 20 6 392 2 20 0 2 2 78
1206 10097 500 500 17 6 2 392 20 6 392 2 20 0 2 2 78
1207 10106 496 496 16 6 2 392 20 6 392 2 20 0 2 2 78
1208 10109 495 494 16 6 2 392 20 6 391 2 21 0 2 2 78
1209 10116 492 490 16 6 2 393 19 6 391 2 21 0 2 2 78
1210 10116 492 490 16 6 2 393 19 6 391 2 21 0 2 2 78
1211 10118 491 489 16 6 2 393 19 6 391 2 21 0 2 2 78
1212 10124 488 486 16 6 2 393 19 6 391 2 21 0 2 2 78
1213 10122 489 486 17 6 2 394 18 6 391 2 21 0 2 2 78
1214 10125 487 484 18 6 2 394 18 6 391 2 21 0 2 2 78
1215 10127 486 483 18 6 2 394 18 6 391 2 21 0 2 2 78
1216 10125 487 484 18 6 2 394 18 6 391 2 21 0 2 2 78
1217 10126 487 484 17 6 2 394 18 6 391 2 21 0 2 2 78
1218 10126 487 484 17 6 2 394 18 6 391 2 21 0 2 2 78
1219 10132 484 481 17 6 2 394 18 6 391 2 21 0 2 2 78
1220 10131 485 483 15 6 2 394 18 6 392 2 20 0 2 2 78
1221 10137 482 480 15 6 2 394 18 6 392 2 20 0 2 2 78
1222 10136 482 480 16 6 2 394 18 6 392 2 20 0 2 2 78
1223 10138 481 479 16 6 2 394 18 6 392 2 20 0 2 2 78
1224 10142 479 477 16 6 2 394 18 6 392 2 20 0 2 2 78
1225 10144 478 476 16 6 2 394 18 6 392 2 20 0 2 2 78
1226 10152 474 472 16 7 2 393 18 7 391 2 20 0 2 2 78
1227 10153 473 472 16 7 2 392 19 7 391 2 20 0 2 2 78
1228 10159 470 469 16 7 2 392 19 7 391 2 20 0 2 2 78
1229 10164 467 467 16 7 2 392 19 7 392 2 19 0 2 2 78
1230 10158 470 470 16 7 2 392 19 7 392 2 19 0 2 2 78
1231 10162 468 468 16 7 2 392 19 7 392 2 19 0 2 2 78
1232 10162 468 468 16 7 2 392 19 7 392 2 19 0 2 2 78
1233 10164 469 469 16 7 2 390 19 7 390 2 19 0 3 3 76
1234 10162 469 469 18 7 2 390 19 7 390 2 19 0 3 3 76
1235 10170 465 465 18 7 2 390 19 7 390 2 19 0 3 3 76
1236 10173 463 464 18 7 2 390 19 7 391 2 18 0 3 3 76
1237 10175 462 463 18 8 2 389 19 8 390 2 18 0 3 3 76
1238 10178 460 461 19 8 2 389 19 8 390 2 18 0 3 3 76
1239 10178 460 461 19 8 2 389 19 8 390 2 18 0 3 3 76
1240 10181 458 460 19 8 2 389 19 8 391 2 17 0 3 3 76
1241 10177 459 462 19 8 2 389 19 8 392 2 16 0 3 3 77
1242 10182 457 459 19 8 2 390 18 8 392 2 16 0 3 3 77
1243 10186 456 456 19 8 2 391 17 8 391 2 17 0 3 3 77
1244 10181 459 459 18 8 2 391 17 8 391 2 17 0 3 3 77
1245 10189 455 455 18 8 2 391 17 8 391 2 17 0 3 3 77
1246 10190 456 456 15 8 2 391 17 8 391 2 17 0 3 3 77
1247 10190 456 456 15 8 2 391 17 8 391 2 17 0 3 3 77
1248 10194 454 454 15 8 2 391 17 8 391 2 17 0 3 3 77
1249 10192 455 455 15 8 2 391 17 8 391 2 17 0 3 3 77
1250 10194 454 454 15 8 2 391 17 8 391 2 17 0 3 3 77
1251 10194 454 454 15 8 2 391 17 8 391 2 17 0 3 3 77
1252 10194 454 454 15 8 2 391 17 8 391 2 17 0 3 3 77
1253 10193 455 455 14 8 2 391 17 8 391 2 17 0 3 3 77
1254 10200 453 452 14 8 2 391 16 8 390 2 17 0 3 3 77
1255 10208 449 448 14 8 2 391 16 8 390 2 17 0 3 3 77
1256 10210 448 447 14 8 2 391 16 8 390 2 17 0 3 3 77
1257 10211 447 447 14 8 2 391 16 9 390 1 17 0 3 3 77
1258 10209 448 448 14 8 2 391 16 9 390 1 17 0 3 3 77
1259 10203 451 451 14 8 2 391 16 9 390 1 17 0 3 3 77
1260 10211 448 446 14 8 2 393 14 9 390 1 17 0 3 3 77
1261 10214 447 444 14 8 2 394 13 9 390 1 17 0 3 3 77
1262 10216 445 443 15 8 2 394 13 9 391 1 16 0 3 3 77
1263 10220 443 442 14 8 2 394 13 9 392 1 15 0 3 3 77
1264 10218 444 443 14 8 2 394 13 9 392 1 15 0 3 3 77
1265 10217 445 444 13 8 2 394 13 9 392 1 15 0 3 3 77
1266 10218 445 444 12 8 2 394 13 9 392 1 15 0 3 3 77
1267 10220 445 443 11 8 2 395 12 9 392 1 15 0 3 3 77
1268 10220 445 443 11 8 2 395 12 9 392 1 15 0 3 3 77
1269 10223 444 442 10 8 2 395 12 9 392 1 15 0 3 3 77
1270 10225 443 441 10 8 2 395 12 9 392 1 15 0 3 3 77
1271 10229 441 439 10 8 2 395 12 9 392 1 15 0 3 3 77
1272 10233 439 437 10 8 2 395 12 9 392 1 15 0 3 3 77
1273 10234 439 436 10 8 2 395 12 9 391 1 16 0 3 3 77
1274 10238 437 434 10 8 2 395 12 9 391 1 16 0 3 3 77
1275 10236 438 435 10 8 2 395 12 9 391 1 16 0 3 3 77
1276 10238 437 434 10 8 2 395 12 9 391 1 16 0 3 3 77
1277 10236 438 435 10 8 2 395 12 9 391 1 16 0 3 3 77
1278 10241 435 433 10 8 2 395 12 10 391 0 16 0 3 3 77
1279 10239 436 434 10 8 2 395 12 10 391 0 16 0 3 3 77
1280 10239 436 434 10 8 2 395 12 10 391 0 16 0 3 3 77
1281 10237 437 435 10 8 2 395 12 10 391 0 16 0 3 3 77
1282 10242 435 432 10 8 2 396 11 10 391 0 16 0 3 3 77
1283 10245 434 430 10 8 2 396 11 10 390 0 17 0 3 3 77
1284 10249 432 428 10 8 2 396 11 10 390 0 17 0 3 3 77
1285 10250 432 428 9 8 2 396 11 10 390 0 17 0 3 3 77
1286 10259 427 424 9 8 2 396 11 10 391 0 16 0 3 3 77
1287 10259 427 424 9 8 2 396 11 10 391 0 16 0 3 3 77
1288 10263 425 422 9 8 2 396 11 10 391 0 16 0 3 3 77
1289 10267 423 420 9 8 2 396 11 10 391 0 16 0 3 3 77
1290 10263 425 422 9 8 2 396 11 10 391 0 16 0 3 3 77
1291 10267 423 420 9 8 2 396 11 10 391 0 16 0 3 3 77
1292 10263 425 422 9 8 2 396 11 10 391 0 16 0 3 3 77
1293 10262 425 423 9 8 2 396 11 10 392 0 15 0 3 3 77
1294 10264 424 422 9 8 2 396 11 10 392 0 15 0 3 3 77
1295 10266 423 421 9 8 2 396 11 10 392 0 15 0 3 3 77
1296 10273 419 417 10 8 2 396 11 10 392 0 15 0 3 3 77
1297 10277 417 414 11 8 2 396 11 10 391 0 16 0 3 3 77
1298 10281 415 412 11 8 2 395 12 10 390 0 17 0 3 3 77
1299 10289 411 408 11 8 2 395 12 10 390 0 17 0 3 3 77
1300 10286 412 409 12 8 2 395 12 10 390 0 17 0 3 3 77
1301 10281 415 412 11 8 2 395 12 10 390 0 17 0 3 3 77
1302 10281 415 412 11 8 2 395 12 10 390 0 17 0 3 3 77
1303 10291 410 407 11 8 2 395 12 10 390 0 17 0 3 3 77
1304 10292 410 406 11 8 2 395 12 10 389 0 18 0 3 3 77
1305 10292 410 406 11 8 2 395 12 10 389 0 18 0 3 3 77
1306 10300 406 403 10 8 2 395 12 10 390 0 17 0 3 3 77
1307 10302 405 402 10 8 2 395 12 10 390 0 17 0 3 3 77
1308 10306 403 400 10 9 2 394 12 11 389 0 17 0 3 3 77
1309 10309 402 399 9 9 2 394 12 11 389 0 17 0 3 3 77
1310 10308 403 399 9 9 2 395 11 11 389 0 17 0 3 3 77
1311 10313 401 397 8 9 2 395 11 11 389 0 17 0 3 3 77
1312 10307 404 400 8 9 2 395 11 11 389 0 17 0 3 3 77
1313 10303 406 401 7 9 2 396 11 11 389 0 18 0 3 3 77
1314 10307 404 399 7 9 2 396 11 11 389 0 18 0 3 3 77
1315 10320 398 393 6 9 2 396 11 11 389 0 18 0 3 3 77
1316 10324 396 391 6 9 2 396 11 11 389 0 18 0 3 3 77
1317 10324 396 391 6 9 2 396 11 11 389 0 18 0 3 3 77
1318 10326 395 390 6 9 2 396 11 11 389 0 18 0 3 3 77
1319 10323 397 392 5 9 2 396 11 11 389 0 18 0 3 3 77
1320 10321 398 393 5 9 2 396 11 11 389 0 18 0 3 3 77
1321 10327 395 390 5 9 2 396 11 11 389 0 18 0 3 3 77
1322 10324 396 392 5 9 2 395 12 11 389 0 18 0 3 3 77
1323 10332 392 388 5 9 2 395 12 11 389 0 18 0 3 3 77
1324 10336 390 386 5 9 2 395 12 11 389 0 18 0 3 3 77
1325 10348 384 380 5 9 2 395 12 11 389 0 18 0 3 3 77
1326 10350 383 379 5 9 2 395 12 11 389 0 18 0 3 3 77
1327 10351 382 378 6 9 2 395 12 11 389 0 18 0 3 3 77
1328 10351 382 378 6 9 2 395 12 11 389 0 18 0 3 3 77
1329 10355 380 376 6 9 2 395 12 11 389 0 18 0 3 3 77
1330 10357 379 375 6 9 2 395 12 11 389 0 18 0 3 3 77
1331 10362 377 372 6 9 2 395 12 11 388 0 19 0 3 3 77
1332 10360 378 373 6 9 2 395 12 11 388 0 19 0 3 3 77
1333 10364 376 371 6 9 2 395 12 11 388 0 19 0 3 3 77
1334 10366 375 370 6 9 2 395 12 11 388 0 19 0 3 3 77
1335 10368 374 369 6 9 2 395 12 11 388 0 19 0 3 3 77
1336 10366 376 370 6 9 2 394 13 11 386 0 21 0 3 3 76
1337 10372 373 367 6 9 2 394 13 11 386 0 21 0 3 3 76
1338 10376 371 365 6 9 2 394 13 11 386 0 21 0 3 3 76
1339 10376 371 365 6 9 2 394 13 11 386 0 21 0 3 3 76
1340 10377 370 364 7 9 2 394 13 11 386 0 21 0 3 3 76
1341 10386 365 360 7 9 2 394 13 11 387 0 20 0 3 3 76
1342 10382 367 362 7 9 2 394 13 11 387 0 20 0 3 3 76
1343 10390 363 358 7 9 2 394 13 11 387 0 20 0 3 3 76
1344 10384 366 361 7 9 2 394 13 11 387 0 20 0 3 3 76
1345 10382 367 362 7 9 2 394 13 11 387 0 20 0 3 3 76
1346 10385 366 360 7 9 2 395 12 11 387 0 20 0 3 3 76
1347 10387 365 359 7 9 2 395 12 11 387 0 20 0 3 3 76
1348 10395 361 356 6 10 2 394 12 11 388 1 18 0 3 3 76
1349 10394 362 356 6 10 2 394 12 11 387 1 19 0 3 3 76
1350 10394 362 356 6 10 2 394 12 11 387 1 19 0 3 3 76
1351 10400 359 353 6 10 2 394 12 11 387 1 19 0 3 3 76
1352 10400 358 353 7 10 2 393 13 11 387 1 19 0 3 3 76
1353 10402 358 352 6 10 2 394 12 11 387 1 19 0 3 3 76
1354 10406 356 350 6 10 2 394 12 11 387 1 19 0 3 3 76
1355 10412 353 347 6 10 2 394 12 11 387 1 19 0 3 3 76
1356 10410 354 348 6 10 2 394 12 11 387 1 19 0 3 3 76
1357 10406 356 350 6 10 2 394 12 11 387 1 19 0 3 3 76
1358 10406 356 350 6 10 2 394 12 11 387 1 19 0 3 3 76
1359 10410 354 348 6 10 2 394 12 11 387 1 19 0 3 3 76
1360 10409 355 348 6 10 2 394 12 11 386 1 20 0 3 3 76
1361 10409 355 348 6 10 2 394 12 11 386 1 20 0 3 3 76
1362 10407 356 349 6 10 2 394 12 11 386 1 20 0 3 3 76
1363 10415 352 345 6 10 2 394 12 11 386 1 20 0 3 3 76
1364 10418 350 344 6 10 2 394 12 11 387 1 19 0 3 3 76
1365 10419 350 343 6 11 1 394 12 11 387 1 19 0 3 3 76
1366 10417 351 344 6 11 1 394 12 11 387 1 19 0 3 3 76
1367 10419 351 343 5 11 1 395 11 11 387 1 19 0 3 3 76
1368 10426 348 339 5 11 1 395 11 11 386 1 20 0 3 3 76
1369 10428 347 338 5 11 1 395 11 11 386 1 20 0 3 3 76
1370 10432 345 336 5 12 1 394 11 12 385 1 20 0 3 3 76
1371 10434 344 335 5 12 1 394 11 12 385 1 20 0 3 3 76
1372 10435 343 335 5 12 1 394 11 12 386 1 19 0 3 3 76
1373 10435 343 335 5 12 1 394 11 12 386 1 19 0 3 3 76
1374 10435 343 335 5 12 1 394 11 12 386 1 19 0 3 3 76
1375 10437 342 334 5 12 1 394 11 12 386 1 19 0 3 3 76
1376 10434 344 335 5 12 1 394 11 12 385 1 20 0 3 3 76
1377 10436 344 333 5 12 1 396 9 12 385 1 20 0 3 3 76
1378 10438 343 332 5 12 1 396 9 12 385 1 20 0 3 3 76
1379 10436 344 333 5 12 1 396 9 12 385 1 20 0 3 3 76
1380 10438 343 332 5 12 1 396 9 12 385 1 20 0 3 3 76
1381 10440 342 331 5 12 1 396 9 12 385 1 20 0 3 3 76
1382 10438 343 332 5 12 1 396 9 12 385 1 20 0 3 3 76
1383 10445 340 328 5 12 1 397 8 12 385 1 20 0 3 3 76
1384 10447 339 327 5 12 1 397 8 12 385 1 20 0 3 3 76
1385 10445 340 328 5 12 1 397 8 12 385 1 20 0 3 3 76
1386 10449 338 326 5 12 1 397 8 12 385 1 20 0 3 3 76
1387 10447 339 327 5 12 1 397 8 12 385 1 20 0 3 3 76
1388 10447 339 327 5 12 1 397 8 12 385 1 20 0 3 3 76
1389 10448 339 327 4 12 1 397 8 12 385 1 20 0 3 3 76
1390 10448 339 327 4 12 1 397 8 12 385 1 20 0 3 3 76
1391 10451 337 325 5 12 1 397 8 12 385 1 20 0 3 3 76
1392 10457 334 322 5 12 1 397 8 12 385 1 20 0 3 3 76
1393 10453 336 324 5 12 1 397 8 12 385 1 20 0 3 3 76
1394 10452 336 325 5 12 1 397 8 12 386 1 19 0 3 3 76
1395 10456 334 323 5 12 1 397 8 12 386 1 19 0 3 3 76
1396 10456 333 323 6 12 1 397 8 12 387 1 18 0 3 3 76
1397 10461 331 320 6 13 0 397 8 12 387 1 18 0 3 3 76
1398 10463 330 319 6 13 0 397 8 12 387 1 18 0 3 3 76
1399 10467 328 317 6 13 0 397 8 12 387 1 18 0 3 3 76
1400 10464 329 318 7 13 0 397 8 12 387 1 18 0 3 3 76
1401 10463 330 318 7 13 0 397 8 12 386 1 19 0 3 3 76
1402 10459 332 320 7 13 0 397 8 12 386 1 19 0 3 3 76
1403 10463 330 318 7 13 0 397 8 12 386 1 19 0 3 3 76
1404 10463 330 318 7 13 0 397 8 12 386 1 19 0 3 3 76
1405 10461 331 319 7 13 0 397 8 12 386 1 19 0 3 3 76
1406 10461 331 319 7 13 0 397 8 12 386 1 19 0 3 3 76
1407 10459 332 320 7 13 0 397 8 12 386 1 19 0 3 3 76
1408 10459 332 320 7 13 0 397 8 12 386 1 19 0 3 3 76
1409 10461 331 319 7 13 0 397 8 12 386 1 19 0 3 3 76
1410 10463 330 318 7 13 0 397 8 12 386 1 19 0 3 3 76
1411 10460 331 320 7 13 0 397 8 12 387 1 18 0 3 3 76
1412 10466 328 317 7 13 0 397 8 12 387 1 18 0 3 3 76
1413 10468 327 316 7 13 0 397 8 12 387 1 18 0 3 3 76
1414 10475 324 312 7 13 0 398 7 12 387 1 18 0 3 3 76
1415 10477 323 311 7 13 0 398 7 12 387 1 18 0 3 3 76
1416 10481 321 309 7 13 0 398 7 12 387 1 18 0 3 3 76
1417 10483 320 308 7 13 0 398 7 12 387 1 18 0 3 3 76
1418 10483 320 308 7 13 0 398 7 12 387 1 18 0 3 3 76
1419 10481 321 309 7 13 0 398 7 12 387 1 18 0 3 3 76
1420 10485 319 307 7 13 0 398 7 12 387 1 18 0 3 3 76
1421 10485 319 307 7 13 0 398 7 12 387 1 18 0 3 3 76
1422 10489 317 305 7 13 0 398 7 12 387 1 18 0 3 3 76
1423 10491 316 304 7 13 0 398 7 12 387 1 18 0 3 3 76
1424 10487 318 306 7 13 0 398 7 12 387 1 18 0 3 3 76
1425 10484 320 307 7 13 0 398 7 12 386 1 19 0 3 3 76
1426 10487 319 306 6 13 0 398 7 12 386 1 19 0 3 3 76
1427 10491 317 304 6 13 0 398 7 12 386 1 19 0 3 3 76
1428 10493 316 303 6 13 0 398 7 12 386 1 19 0 3 3 76
1429 10489 318 305 6 13 0 398 7 12 386 1 19 0 3 3 76
1430 10496 314 301 7 13 0 398 7 12 386 1 19 0 3 3 76
1431 10496 314 301 7 13 0 398 7 12 386 1 19 0 3 3 76
1432 10495 315 302 6 13 0 398 7 12 386 1 19 0 3 3 76
1433 10495 315 302 6 13 0 398 7 12 386 1 19 0 3 3 76
1434 10495 315 302 6 13 0 398 7 12 386 1 19 0 3 3 76
1435 10495 315 302 6 13 0 399 6 12 387 1 18 0 3 3 76
1436 10495 315 302 6 13 0 399 6 12 387 1 18 0 3 3 76
1437 10499 313 300 6 13 0 399 6 12 387 1 18 0 3 3 76
1438 10499 313 300 6 13 0 399 6 12 387 1 18 0 3 3 76
1439 10495 315 301 5 13 0 400 6 12 387 1 19 0 3 3 76
1440 10498 313 300 5 13 0 400 6 12 388 1 18 0 3 3 76
1441 10502 311 298 5 13 0 400 6 12 388 1 18 0 3 3 76
1442 10500 312 299 5 13 0 400 6 12 388 1 18 0 3 3 76
1443 10505 309 297 5 13 0 400 6 12 389 1 17 0 3 3 76
1444 10509 307 295 5 13 0 400 6 12 389 1 17 0 3 3 76
1445 10507 308 296 5 13 0 400 6 12 389 1 17 0 3 3 76
1446 10508 308 295 5 13 0 400 6 12 388 1 18 0 3 3 76
1447 10517 304 291 4 13 0 400 6 12 388 1 18 0 3 3 76
1448 10515 305 292 4 13 0 400 6 12 388 1 18 0 3 3 76
1449 10517 304 291 4 13 0 400 6 12 388 1 18 0 3 3 76
1450 10521 302 289 4 13 0 400 6 12 388 1 18 0 3 3 76
1451 10519 303 290 4 13 0 400 6 12 388 1 18 0 3 3 76
1452 10522 302 288 4 13 0 401 5 12 388 1 18 0 3 3 76
1453 10525 300 287 4 13 0 401 5 12 389 1 17 0 3 3 76
1454 10523 301 288 4 13 0 401 5 12 389 1 17 0 3 3 76
1455 10524 300 288 4 13 0 400 6 12 389 1 17 0 3 3 76
1456 10520 301 290 5 13 0 399 7 12 389 1 17 0 3 3 76
1457 10518 302 291 5 13 0 399 7 12 389 1 17 0 3 3 76
1458 10523 300 288 5 13 0 399 7 12 388 1 18 0 3 3 76
1459 10523 300 288 5 13 0 399 7 12 388 1 18 0 3 3 76
1460 10527 298 286 5 13 0 399 7 12 388 1 18 0 3 3 76
1461 10529 297 285 5 13 0 399 7 12 388 1 18 0 3 3 76
1462 10531 296 284 5 13 0 399 7 12 388 1 18 0 3 3 76
1463 10535 294 282 5 13 0 399 7 12 388 1 18 0 3 3 76
1464 10534 295 282 5 13 0 399 7 12 387 1 19 0 3 3 76
1465 10536 294 281 5 13 0 399 7 12 387 1 19 0 3 3 76
1466 10540 292 279 5 13 0 399 7 12 387 1 19 0 3 3 76
1467 10538 293 280 5 14 0 398 7 12 387 1 19 0 3 4 75
1468 10540 291 279 6 14 0 398 7 13 387 0 19 0 3 4 75
1469 10542 290 278 6 14 0 398 7 13 387 0 19 0 3 4 75
1470 10540 291 279 6 14 0 398 7 13 387 0 19 0 3 4 75
1471 10537 293 281 5 14 0 398 7 13 387 0 19 0 3 4 75
1472 10539 292 280 5 14 0 398 7 13 387 0 19 0 3 4 75
1473 10537 293 281 5 14 0 398 7 13 387 0 19 0 3 4 75
1474 10543 290 278 5 14 0 398 7 13 387 0 19 0 3 4 75
1475 10541 291 279 5 14 0 398 7 13 387 0 19 0 3 4 75
1476 10542 291 278 5 14 0 399 6 13 387 0 19 0 3 4 75
1477 10541 291 279 5 14 0 399 6 13 388 0 18 0 3 4 75
1478 10545 289 277 5 14 0 399 6 13 388 0 18 0 3 4 75
1479 10550 287 275 4 14 0 399 6 13 388 0 18 0 3 4 75
1480 10548 288 276 4 14 0 399 6 13 388 0 18 0 3 4 75
1481 10542 291 279 4 14 0 399 6 13 388 0 18 0 3 4 75
1482 10538 293 281 4 14 0 399 6 13 388 0 18 0 3 4 75
1483 10538 293 281 4 14 0 399 6 13 388 0 18 0 3 4 75
1484 10541 292 279 4 14 0 399 6 13 387 0 19 0 3 4 75
1485 10547 289 276 4 14 0 399 6 13 387 0 19 0 3 4 75
1486 10547 289 276 4 14 0 399 6 13 387 0 19 0 3 4 75
1487 10553 286 273 4 14 0 399 6 13 387 0 19 0 3 4 75
1488 10553 286 273 4 14 0 399 6 13 387 0 19 0 3 4 75
1489 10553 286 273 4 14 0 399 6 13 387 0 19 0 3 4 75
1490 10551 287 274 4 14 0 399 6 13 387 0 19 0 3 4 75
1491 10549 288 275 4 14 0 399 6 13 387 0 19 0 3 4 75
1492 10552 286 274 4 14 0 399 6 13 388 0 18 0 3 4 75
1493 10554 285 273 4 14 0 399 6 13 388 0 18 0 3 4 75
1494 10554 285 273 4 14 0 399 6 13 388 0 18 0 3 4 75
1495 10560 282 270 4 14 0 399 6 13 388 0 18 0 3 4 75
1496 10562 281 269 4 14 0 399 6 13 388 0 18 0 3 4 75
1497 10560 282 270 4 14 0 399 6 13 388 0 18 0 3 4 75
1498 10557 283 271 5 14 0 399 6 13 388 0 18 0 3 4 75
1499 10559 282 271 4 14 0 399 6 13 389 0 17 0 3 4 75
1500 10561 281 270 4 14 0 399 6 13 389 0 17 0 3 4 75
