0 1000 0 0 0
1 5878 61 61 0
2 5778 111 111 0
3 5633 183 183 1
4 5523 235 235 7
5 5402 294 294 10
6 5303 341 341 15
7 5207 388 388 17
8 5112 432 432 24
9 4998 487 487 28
10 4900 534 534 32
11 4796 584 584 36
12 4680 637 637 46
13 4604 673 673 50
14 4525 709 709 57
15 4442 748 748 62
16 4352 792 792 64
17 4276 823 823 78
18 4197 858 858 87
19 4134 885 885 96
20 4069 915 915 101
21 4002 945 945 108
22 3921 982 982 115
23 3874 1002 1002 122
24 3793 1037 1037 133
25 3722 1071 1071 136
26 3651 1100 1100 149
27 3587 1127 1127 159
28 3529 1154 1154 163
29 3456 1185 1185 174
30 3399 1210 1210 181
31 3339 1235 1235 191
32 3282 1262 1262 194
33 3229 1283 1283 205
34 3179 1306 1306 209
35 3124 1329 1329 218
36 3077 1349 1349 225
37 3031 1368 1368 233
38 2970 1394 1394 242
39 2915 1417 1417 251
40 2865 1438 1438 259
41 2828 1453 1453 266
42 2774 1476 1476 274
43 2725 1496 1496 283
44 2681 1514 1514 291
45 2647 1526 1526 301
46 2580 1553 1553 314
47 2538 1570 1570 322
48 2504 1582 1582 332
49 2476 1593 1593 338
50 2445 1605 1605 345
51 2423 1612 1612 353
52 2376 1630 1630 364
53 2339 1645 1645 371
54 2308 1655 1655 382
55 2271 1667 1667 395
56 2230 1679 1679 412
57 2195 1689 1689 427
58 2157 1704 1704 435
59 2126 1714 1714 446
60 2096 1724 1724 456
61 2072 1730 1730 468
62 2044 1741 1741 474
63 2013 1752 1752 483
64 1973 1768 1768 491
65 1952 1777 1777 494
66 1918 1790 1790 502
67 1887 1801 1801 511
68 1871 1805 1805 519
69 1850 1813 1813 524
70 1833 1820 1820 527
71 1805 1829 1829 537
72 1779 1836 1836 549
73 1749 1848 1848 555
74 1717 1856 1856 571
75 1687 1867 1867 579
76 1664 1875 1875 586
77 1641 1881 1881 597
78 1617 1888 1888 607
79 1600 1894 1894 612
80 1569 1903 1903 625
81 1557 1907 1907 629
82 1529 1918 1918 635
83 1506 1926 1926 642
84 1490 1930 1930 650
85 1478 1933 1933 656
86 1454 1943 1943 660
87 1445 1945 1945 665
88 1420 1953 1953 674
89 1402 1959 1959 680
90 1378 1967 1967 688
91 1365 1968 1968 699
92 1351 1972 1972 705
93 1334 1977 1977 712
94 1306 1985 1985 724
95 1291 1988 1988 733
96 1280 1991 1991 738
97 1265 1995 1995 745
98 1249 2000 2000 751
99 1240 2001 2001 758
100 1227 2004 2004 765
101 1217 2007 2007 769
102 1197 2012 2012 779
103 1185 2015 2015 785
104 1170 2018 2018 794
105 1156 2021 2021 802
106 1143 2024 2024 809
107 1119 2030 2030 821
108 1108 2033 2033 826
109 1095 2034 2034 837
110 1071 2040 2040 849
111 1054 2046 2046 854
112 1033 2052 2052 863
113 1027 2053 2053 867
114 1008 2059 2059 874
115 991 2064 2064 881
116 981 2067 2067 885
117 966 2072 2072 890
118 957 2076 2076 891
119 948 2078 2078 896
120 938 2081 2081 900
121 929 2083 2083 905
122 909 2088 2088 915
123 887 2095 2095 923
124 875 2096 2096 933
125 868 2098 2098 936
126 861 2098 2098 943
127 851 2099 2099 951
128 835 2105 2105 955
129 821 2109 2109 961
130 815 2111 2111 963
131 806 2113 2113 968
132 796 2116 2116 972
133 783 2118 2118 981
134 777 2118 2118 987
135 770 2119 2119 992
136 760 2121 2121 998
137 755 2122 2122 1001
138 749 2123 2123 1005
139 741 2124 2124 1011
140 730 2127 2127 1016
141 723 2129 2129 1019
142 717 2131 2131 1021
143 715 2131 2131 1023
144 709 2133 2133 1025
145 699 2135 2135 1031
146 695 2135 2135 1035
147 685 2138 2138 1039
148 680 2138 2138 1044
149 667 2142 2142 1049
150 657 2143 2143 1057
151 651 2143 2143 1063
152 649 2143 2143 1065
153 639 2143 2143 1075
154 630 2145 2145 1080
155 621 2148 2148 1083
156 615 2149 2149 1087
157 610 2150 2150 1090
158 606 2151 2151 1092
159 604 2151 2151 1094
160 602 2151 2151 1096
161 594 2153 2153 1100
162 591 2153 2153 1103
163 589 2153 2153 1105
164 586 2153 2153 1108
165 570 2159 2159 1112
166 565 2161 2161 1113
167 561 2162 2162 1115
168 557 2162 2162 1119
169 554 2163 2163 1120
170 544 2164 2164 1128
171 538 2165 2165 1132
172 535 2165 2165 1135
173 526 2166 2166 1142
174 523 2166 2166 1145
175 519 2167 2167 1147
176 511 2168 2168 1153
177 504 2169 2169 1158
178 495 2172 2172 1161
179 487 2172 2172 1169
180 479 2173 2173 1175
181 476 2173 2173 1178
182 470 2173 2173 1184
183 465 2174 2174 1187
184 462 2174 2174 1190
185 458 2175 2175 1192
186 454 2176 2176 1194
187 446 2177 2177 1200
188 444 2177 2177 1202
189 439 2177 2177 1207
190 430 2180 2180 1210
191 425 2180 2180 1215
192 422 2180 2180 1218
193 416 2181 2181 1222
194 414 2181 2181 1224
195 404 2182 2182 1232
196 399 2182 2182 1237
197 397 2182 2182 1239
198 394 2182 2182 1242
199 388 2184 2184 1244
200 384 2185 2185 1246
201 380 2185 2185 1250
202 374 2185 2185 1256
203 368 2185 2185 1262
204 364 2186 2186 1264
205 359 2187 2187 1267
206 357 2187 2187 1269
207 353 2188 2188 1271
208 350 2189 2189 1272
209 344 2191 2191 1274
210 343 2191 2191 1275
211 339 2192 2192 1277
212 335 2193 2193 1279
213 331 2194 2194 1281
214 325 2194 2194 1287
215 322 2194 2194 1290
216 312 2195 2195 1298
217 306 2196 2196 1302
218 301 2197 2197 1305
219 298 2198 2198 1306
220 295 2198 2198 1309
221 293 2198 2198 1311
222 290 2198 2198 1314
223 287 2198 2198 1317
224 286 2198 2198 1318
225 281 2198 2198 1323
226 281 2198 2198 1323
227 275 2200 2200 1325
228 272 2201 2201 1326
229 271 2201 2201 1327
230 267 2201 2201 1331
231 267 2201 2201 1331
232 265 2201 2201 1333
233 260 2202 2202 1336
234 257 2202 2202 1339
235 254 2202 2202 1342
236 253 2202 2202 1343
237 253 2202 2202 1343
238 250 2203 2203 1344
239 246 2203 2203 1348
240 244 2204 2204 1348
241 239 2205 2205 1351
242 238 2205 2205 1352
243 236 2205 2205 1354
244 233 2206 2206 1355
245 228 2207 2207 1358
246 221 2210 2210 1359
247 217 2211 2211 1361
248 214 2211 2211 1364
249 212 2211 2211 1366
250 209 2211 2211 1369
251 206 2211 2211 1372
252 203 2212 2212 1373
253 203 2212 2212 1373
254 201 2212 2212 1375
255 200 2212 2212 1376
256 199 2212 2212 1377
257 197 2212 2212 1379
258 195 2212 2212 1381
259 193 2212 2212 1383
260 192 2212 2212 1384
261 189 2212 2212 1387
262 188 2212 2212 1388
263 186 2212 2212 1390
264 183 2212 2212 1393
265 178 2213 2213 1396
266 176 2213 2213 1398
267 171 2213 2213 1403
268 165 2215 2215 1405
269 163 2215 2215 1407
270 163 2215 2215 1407
271 162 2215 2215 1408
272 160 2215 2215 1410
273 157 2215 2215 1413
274 154 2216 2216 1414
275 153 2216 2216 1415
276 151 2216 2216 1417
277 148 2216 2216 1420
278 146 2216 2216 1422
279 146 2216 2216 1422
280 142 2216 2216 1426
281 140 2216 2216 1428
282 139 2216 2216 1429
283 138 2216 2216 1430
284 136 2216 2216 1432
285 136 2216 2216 1432
286 135 2216 2216 1433
287 133 2216 2216 1435
288 128 2217 2217 1438
289 126 2217 2217 1440
290 122 2218 2218 1442
291 121 2218 2218 1443
292 121 2218 2218 1443
293 120 2218 2218 1444
294 119 2218 2218 1445
295 119 2218 2218 1445
296 117 2218 2218 1447
297 116 2218 2218 1448
298 115 2218 2218 1449
299 114 2218 2218 1450
300 113 2218 2218 1451
301 110 2218 2218 1454
302 108 2218 2218 1456
303 108 2218 2218 1456
304 108 2218 2218 1456
305 104 2218 2218 1460
306 103 2218 2218 1461
307 103 2218 2218 1461
308 100 2218 2218 1464
309 97 2218 2218 1467
310 97 2218 2218 1467
311 97 2218 2218 1467
312 95 2218 2218 1469
313 95 2218 2218 1469
314 95 2218 2218 1469
315 95 2218 2218 1469
316 94 2218 2218 1470
317 94 2218 2218 1470
318 93 2218 2218 1471
319 90 2218 2218 1474
320 89 2218 2218 1475
321 89 2218 2218 1475
322 85 2218 2218 1479
323 85 2218 2218 1479
324 83 2218 2218 1481
325 83 2218 2218 1481
326 81 2219 2219 1481
327 80 2219 2219 1482
328 79 2219 2219 1483
329 78 2219 2219 1484
330 78 2219 2219 1484
331 77 2219 2219 1485
332 76 2219 2219 1486
333 76 2219 2219 1486
334 75 2219 2219 1487
335 74 2219 2219 1488
336 74 2219 2219 1488
337 74 2219 2219 1488
338 73 2219 2219 1489
339 73 2219 2219 1489
340 73 2219 2219 1489
341 73 2219 2219 1489
342 73 2219 2219 1489
343 71 2219 2219 1491
344 71 2219 2219 1491
345 69 2219 2219 1493
346 68 2219 2219 1494
347 67 2219 2219 1495
348 66 2219 2219 1496
349 65 2219 2219 1497
350 64 2219 2219 1498
351 64 2219 2219 1498
352 64 2219 2219 1498
353 63 2219 2219 1499
354 63 2219 2219 1499
355 63 2219 2219 1499
356 63 2219 2219 1499
357 63 2219 2219 1499
358 62 2219 2219 1500
359 62 2219 2219 1500
360 61 2219 2219 1501
361 61 2219 2219 1501
362 58 2219 2219 1504
363 57 2219 2219 1505
364 57 2219 2219 1505
365 57 2219 2219 1505
366 57 2219 2219 1505
367 56 2219 2219 1506
368 56 2219 2219 1506
369 56 2219 2219 1506
370 55 2219 2219 1507
371 55 2219 2219 1507
372 54 2219 2219 1508
373 53 2219 2219 1509
374 53 2219 2219 1509
375 53 2219 2219 1509
376 53 2219 2219 1509
377 53 2219 2219 1509
378 52 2219 2219 1510
379 51 2219 2219 1511
380 51 2219 2219 1511
381 50 2219 2219 1512
382 49 2219 2219 1513
383 49 2219 2219 1513
384 48 2219 2219 1514
385 48 2219 2219 1514
386 46 2219 2219 1516
387 45 2219 2219 1517
388 45 2219 2219 1517
389 45 2219 2219 1517
390 45 2219 2219 1517
391 45 2219 2219 1517
392 44 2219 2219 1518
393 41 2220 2220 1519
394 41 2220 2220 1519
395 41 2220 2220 1519
396 41 2220 2220 1519
397 41 2220 2220 1519
398 41 2220 2220 1519
399 41 2220 2220 1519
400 41 2220 2220 1519
401 41 2220 2220 1519
402 41 2220 2220 1519
403 40 2220 2220 1520
404 38 2220 2220 1522
405 37 2220 2220 1523
406 36 2220 2220 1524
407 36 2220 2220 1524
408 36 2220 2220 1524
409 36 2220 2220 1524
410 36 2220 2220 1524
411 35 2220 2220 1525
412 34 2220 2220 1526
413 33 2220 2220 1527
414 33 2220 2220 1527
415 32 2220 2220 1528
416 32 2220 2220 1528
417 30 2220 2220 1530
418 29 2220 2220 1531
419 27 2220 2220 1533
420 27 2220 2220 1533
421 27 2220 2220 1533
422 26 2220 2220 1534
423 26 2220 2220 1534
424 26 2220 2220 1534
425 26 2220 2220 1534
426 26 2220 2220 1534
427 26 2220 2220 1534
428 26 2220 2220 1534
429 26 2220 2220 1534
430 26 2220 2220 1534
431 26 2220 2220 1534
432 26 2220 2220 1534
433 26 2220 2220 1534
434 26 2220 2220 1534
435 26 2220 2220 1534
436 25 2220 2220 1535
437 25 2220 2220 1535
438 25 2220 2220 1535
439 25 2220 2220 1535
440 23 2220 2220 1537
441 23 2220 2220 1537
442 23 2220 2220 1537
443 23 2220 2220 1537
444 23 2220 2220 1537
445 23 2220 2220 1537
446 23 2220 2220 1537
447 23 2220 2220 1537
448 23 2220 2220 1537
449 23 2220 2220 1537
450 23 2220 2220 1537
451 22 2220 2220 1538
452 21 2220 2220 1539
453 21 2220 2220 1539
454 21 2220 2220 1539
455 21 2220 2220 1539
456 21 2220 2220 1539
457 21 2220 2220 1539
458 21 2220 2220 1539
459 20 2220 2220 1540
460 20 2220 2220 1540
461 20 2220 2220 1540
462 20 2220 2220 1540
463 20 2220 2220 1540
464 20 2220 2220 1540
465 20 2220 2220 1540
466 19 2220 2220 1541
467 19 2220 2220 1541
468 19 2220 2220 1541
469 19 2220 2220 1541
470 19 2220 2220 1541
471 19 2220 2220 1541
472 19 2220 2220 1541
473 19 2220 2220 1541
474 19 2220 2220 1541
475 19 2220 2220 1541
476 18 2220 2220 1542
477 18 2220 2220 1542
478 18 2220 2220 1542
479 18 2220 2220 1542
480 18 2220 2220 1542
481 18 2220 2220 1542
482 18 2220 2220 1542
483 18 2220 2220 1542
484 18 2220 2220 1542
485 18 2220 2220 1542
486 16 2220 2220 1544
487 16 2220 2220 1544
488 15 2220 2220 1545
489 15 2220 2220 1545
490 15 2220 2220 1545
491 15 2220 2220 1545
492 13 2220 2220 1547
493 13 2220 2220 1547
494 13 2220 2220 1547
495 13 2220 2220 1547
496 12 2220 2220 1548
497 12 2220 2220 1548
498 12 2220 2220 1548
499 12 2220 2220 1548
500 12 2220 2220 1548
501 12 2220 2220 1548
502 12 2220 2220 1548
503 12 2220 2220 1548
504 12 2220 2220 1548
505 12 2220 2220 1548
506 12 2220 2220 1548
507 12 2220 2220 1548
508 12 2220 2220 1548
509 12 2220 2220 1548
510 12 2220 2220 1548
511 12 2220 2220 1548
512 12 2220 2220 1548
513 12 2220 2220 1548
514 12 2220 2220 1548
515 12 2220 2220 1548
516 12 2220 2220 1548
517 12 2220 2220 1548
518 11 2220 2220 1549
519 11 2220 2220 1549
520 11 2220 2220 1549
521 11 2220 2220 1549
522 11 2220 2220 1549
523 11 2220 2220 1549
524 11 2220 2220 1549
525 11 2220 2220 1549
526 10 2220 2220 1550
527 10 2220 2220 1550
528 10 2220 2220 1550
529 10 2220 2220 1550
530 10 2220 2220 1550
531 10 2220 2220 1550
532 10 2220 2220 1550
533 10 2220 2220 1550
534 10 2220 2220 1550
535 10 2220 2220 1550
536 10 2220 2220 1550
537 10 2220 2220 1550
538 10 2220 2220 1550
539 10 2220 2220 1550
540 10 2220 2220 1550
541 10 2220 2220 1550
542 10 2220 2220 1550
543 10 2220 2220 1550
544 9 2220 2220 1551
545 9 2220 2220 1551
546 9 2220 2220 1551
547 9 2220 2220 1551
548 9 2220 2220 1551
549 9 2220 2220 1551
550 9 2220 2220 1551
551 9 2220 2220 1551
552 9 2220 2220 1551
553 9 2220 2220 1551
554 9 2220 2220 1551
555 9 2220 2220 1551
556 9 2220 2220 1551
557 9 2220 2220 1551
558 9 2220 2220 1551
559 9 2220 2220 1551
560 9 2220 2220 1551
561 9 2220 2220 1551
562 9 2220 2220 1551
563 9 2220 2220 1551
564 9 2220 2220 1551
565 9 2220 2220 1551
566 9 2220 2220 1551
567 9 2220 2220 1551
568 9 2220 2220 1551
569 9 2220 2220 1551
570 9 2220 2220 1551
571 9 2220 2220 1551
572 9 2220 2220 1551
573 9 2220 2220 1551
574 9 2220 2220 1551
575 9 2220 2220 1551
576 8 2220 2220 1552
577 8 2220 2220 1552
578 8 2220 2220 1552
579 8 2220 2220 1552
580 8 2220 2220 1552
581 8 2220 2220 1552
582 8 2220 2220 1552
583 8 2220 2220 1552
584 8 2220 2220 1552
585 8 2220 2220 1552
586 8 2220 2220 1552
587 8 2220 2220 1552
588 8 2220 2220 1552
589 8 2220 2220 1552
590 8 2220 2220 1552
591 8 2220 2220 1552
592 8 2220 2220 1552
593 8 2220 2220 1552
594 8 2220 2220 1552
595 8 2220 2220 1552
596 8 2220 2220 1552
597 8 2220 2220 1552
598 8 2220 2220 1552
599 8 2220 2220 1552
600 8 2220 2220 1552
601 8 2220 2220 1552
602 8 2220 2220 1552
603 8 2220 2220 1552
604 8 2220 2220 1552
605 8 2220 2220 1552
606 7 2220 2220 1553
607 7 2220 2220 1553
608 7 2220 2220 1553
609 7 2220 2220 1553
610 7 2220 2220 1553
611 7 2220 2220 1553
612 7 2220 2220 1553
613 7 2220 2220 1553
614 7 2220 2220 1553
615 7 2220 2220 1553
616 7 2220 2220 1553
617 7 2220 2220 1553
618 7 2220 2220 1553
619 7 2220 2220 1553
620 7 2220 2220 1553
621 7 2220 2220 1553
622 7 2220 2220 1553
623 7 2220 2220 1553
624 7 2220 2220 1553
625 7 2220 2220 1553
626 7 2220 2220 1553
627 7 2220 2220 1553
628 6 2220 2220 1554
629 5 2220 2220 1555
630 5 2220 2220 1555
631 5 2220 2220 1555
632 5 2220 2220 1555
633 5 2220 2220 1555
634 5 2220 2220 1555
635 5 2220 2220 1555
636 5 2220 2220 1555
637 5 2220 2220 1555
638 5 2220 2220 1555
639 5 2220 2220 1555
640 5 2220 2220 1555
641 5 2220 2220 1555
642 5 2220 2220 1555
643 5 2220 2220 1555
644 5 2220 2220 1555
645 5 2220 2220 1555
646 5 2220 2220 1555
647 5 2220 2220 1555
648 5 2220 2220 1555
649 5 2220 2220 1555
650 5 2220 2220 1555
651 5 2220 2220 1555
652 5 2220 2220 1555
653 5 2220 2220 1555
654 5 2220 2220 1555
655 5 2220 2220 1555
656 5 2220 2220 1555
657 5 2220 2220 1555
658 5 2220 2220 1555
659 5 2220 2220 1555
660 5 2220 2220 1555
661 5 2220 2220 1555
662 5 2220 2220 1555
663 5 2220 2220 1555
664 5 2220 2220 1555
665 5 2220 2220 1555
666 5 2220 2220 1555
667 5 2220 2220 1555
668 5 2220 2220 1555
669 5 2220 2220 1555
670 5 2220 2220 1555
671 5 2220 2220 1555
672 5 2220 2220 1555
673 5 2220 2220 1555
674 5 2220 2220 1555
675 5 2220 2220 1555
676 5 2220 2220 1555
677 5 2220 2220 1555
678 5 2220 2220 1555
679 5 2220 2220 1555
680 5 2220 2220 1555
681 5 2220 2220 1555
682 5 2220 2220 1555
683 5 2220 2220 1555
684 5 2220 2220 1555
685 5 2220 2220 1555
686 5 2220 2220 1555
687 5 2220 2220 1555
688 5 2220 2220 1555
689 5 2220 2220 1555
690 5 2220 2220 1555
691 5 2220 2220 1555
692 5 2220 2220 1555
693 5 2220 2220 1555
694 5 2220 2220 1555
695 5 2220 2220 1555
696 5 2220 2220 1555
697 5 2220 2220 1555
698 5 2220 2220 1555
699 5 2220 2220 1555
700 5 2220 2220 1555
701 5 2220 2220 1555
702 5 2220 2220 1555
703 5 2220 2220 1555
704 5 2220 2220 1555
705 5 2220 2220 1555
706 5 2220 2220 1555
707 5 2220 2220 1555
708 5 2220 2220 1555
709 5 2220 2220 1555
710 5 2220 2220 1555
711 5 2220 2220 1555
712 5 2220 2220 1555
713 5 2220 2220 1555
714 5 2220 2220 1555
715 5 2220 2220 1555
716 5 2220 2220 1555
717 5 2220 2220 1555
718 5 2220 2220 1555
719 5 2220 2220 1555
720 5 2220 2220 1555
721 5 2220 2220 1555
722 5 2220 2220 1555
723 5 2220 2220 1555
724 5 2220 2220 1555
725 5 2220 2220 1555
726 5 2220 2220 1555
727 5 2220 2220 1555
728 5 2220 2220 1555
729 5 2220 2220 1555
730 5 2220 2220 1555
731 5 2220 2220 1555
732 5 2220 2220 1555
733 5 2220 2220 1555
734 5 2220 2220 1555
735 5 2220 2220 1555
736 5 2220 2220 1555
737 5 2220 2220 1555
738 5 2220 2220 1555
739 5 2220 2220 1555
740 5 2220 2220 1555
741 5 2220 2220 1555
742 5 2220 2220 1555
743 5 2220 2220 1555
744 5 2220 2220 1555
745 5 2220 2220 1555
746 4 2220 2220 1556
747 4 2220 2220 1556
748 4 2220 2220 1556
749 4 2220 2220 1556
750 4 2220 2220 1556
751 4 2220 2220 1556
752 4 2220 2220 1556
753 4 2220 2220 1556
754 4 2220 2220 1556
755 4 2220 2220 1556
756 4 2220 2220 1556
757 4 2220 2220 1556
758 4 2220 2220 1556
759 4 2220 2220 1556
760 4 2220 2220 1556
761 4 2220 2220 1556
762 4 2220 2220 1556
763 4 2220 2220 1556
764 4 2220 2220 1556
765 4 2220 2220 1556
766 4 2220 2220 1556
767 4 2220 2220 1556
768 4 2220 2220 1556
769 4 2220 2220 1556
770 4 2220 2220 1556
771 4 2220 2220 1556
772 4 2220 2220 1556
773 4 2220 2220 1556
774 4 2220 2220 1556
775 4 2220 2220 1556
776 4 2220 2220 1556
777 4 2220 2220 1556
778 4 2220 2220 1556
779 4 2220 2220 1556
780 4 2220 2220 1556
781 4 2220 2220 1556
782 4 2220 2220 1556
783 4 2220 2220 1556
784 3 2220 2220 1557
785 3 2220 2220 1557
786 3 2220 2220 1557
787 3 2220 2220 1557
788 3 2220 2220 1557
789 3 2220 2220 1557
790 3 2220 2220 1557
791 3 2220 2220 1557
792 3 2220 2220 1557
793 3 2220 2220 1557
794 3 2220 2220 1557
795 3 2220 2220 1557
796 3 2220 2220 1557
797 3 2220 2220 1557
798 3 2220 2220 1557
799 3 2220 2220 1557
800 3 2220 2220 1557
801 3 2220 2220 1557
802 3 2220 2220 1557
803 3 2220 2220 1557
804 3 2220 2220 1557
805 3 2220 2220 1557
806 3 2220 2220 1557
807 3 2220 2220 1557
808 3 2220 2220 1557
809 3 2220 2220 1557
810 3 2220 2220 1557
811 3 2220 2220 1557
812 3 2220 2220 1557
813 3 2220 2220 1557
814 3 2220 2220 1557
815 3 2220 2220 1557
816 3 2220 2220 1557
817 3 2220 2220 1557
818 3 2220 2220 1557
819 3 2220 2220 1557
820 3 2220 2220 1557
821 3 2220 2220 1557
822 3 2220 2220 1557
823 3 2220 2220 1557
824 3 2220 2220 1557
825 3 2220 2220 1557
826 3 2220 2220 1557
827 3 2220 2220 1557
828 3 2220 2220 1557
829 3 2220 2220 1557
830 3 2220 2220 1557
831 3 2220 2220 1557
832 3 2220 2220 1557
833 3 2220 2220 1557
834 3 2220 2220 1557
835 3 2220 2220 1557
836 3 2220 2220 1557
837 3 2220 2220 1557
838 3 2220 2220 1557
839 3 2220 2220 1557
840 3 2220 2220 1557
841 3 2220 2220 1557
842 3 2220 2220 1557
843 3 2220 2220 1557
844 3 2220 2220 1557
845 3 2220 2220 1557
846 3 2220 2220 1557
847 3 2220 2220 1557
848 3 2220 2220 1557
849 3 2220 2220 1557
850 3 2220 2220 1557
851 3 2220 2220 1557
852 2 2220 2220 1558
853 2 2220 2220 1558
854 2 2220 2220 1558
855 2 2220 2220 1558
856 2 2220 2220 1558
857 2 2220 2220 1558
858 2 2220 2220 1558
859 2 2220 2220 1558
860 2 2220 2220 1558
861 1 2220 2220 1559
862 1 2220 2220 1559
863 1 2220 2220 1559
864 1 2220 2220 1559
865 1 2220 2220 1559
866 1 2220 2220 1559
867 1 2220 2220 1559
868 1 2220 2220 1559
869 1 2220 2220 1559
870 1 2220 2220 1559
871 1 2220 2220 1559
872 1 2220 2220 1559
873 0 2220 2220 1560
874 0 2220 2220 1560
875 0 2220 2220 1560
876 0 2220 2220 1560
877 0 2220 2220 1560
878 0 2220 2220 1560
879 0 2220 2220 1560
880 0 2220 2220 1560
881 0 2220 2220 1560
882 0 2220 2220 1560
883 0 2220 2220 1560
884 0 2220 2220 1560
885 0 2220 2220 1560
886 0 2220 2220 1560
887 0 2220 2220 1560
888 0 2220 2220 1560
889 0 2220 2220 1560
890 0 2220 2220 1560
891 0 2220 2220 1560
892 0 2220 2220 1560
893 0 2220 2220 1560
894 0 2220 2220 1560
895 0 2220 2220 1560
896 0 2220 2220 1560
897 0 2220 2220 1560
898 0 2220 2220 1560
899 0 2220 2220 1560
900 0 2220 2220 1560
901 0 2220 2220 1560
902 0 2220 2220 1560
903 0 2220 2220 1560
904 0 2220 2220 1560
905 0 2220 2220 1560
906 0 2220 2220 1560
907 0 2220 2220 1560
908 0 2220 2220 1560
909 0 2220 2220 1560
910 0 2220 2220 1560
911 0 2220 2220 1560
912 0 2220 2220 1560
913 0 2220 2220 1560
914 0 2220 2220 1560
915 0 2220 2220 1560
916 0 2220 2220 1560
917 0 2220 2220 1560
918 0 2220 2220 1560
919 0 2220 2220 1560
920 0 2220 2220 1560
921 0 2220 2220 1560
922 0 2220 2220 1560
923 0 2220 2220 1560
924 0 2220 2220 1560
925 0 2220 2220 1560
926 0 2220 2220 1560
927 0 2220 2220 1560
928 0 2220 2220 1560
929 0 2220 2220 1560
930 0 2220 2220 1560
931 0 2220 2220 1560
932 0 2220 2220 1560
933 0 2220 2220 1560
934 0 2220 2220 1560
935 0 2220 2220 1560
936 0 2220 2220 1560
937 0 2220 2220 1560
938 0 2220 2220 1560
939 0 2220 2220 1560
940 0 2220 2220 1560
941 0 2220 2220 1560
942 0 2220 2220 1560
943 0 2220 2220 1560
944 0 2220 2220 1560
945 0 2220 2220 1560
946 0 2220 2220 1560
947 0 2220 2220 1560
948 0 2220 2220 1560
949 0 2220 2220 1560
950 0 2220 2220 1560
951 0 2220 2220 1560
952 0 2220 2220 1560
953 0 2220 2220 1560
954 0 2220 2220 1560
955 0 2220 2220 1560
956 0 2220 2220 1560
957 0 2220 2220 1560
958 0 2220 2220 1560
959 0 2220 2220 1560
960 0 2220 2220 1560
961 0 2220 2220 1560
962 0 2220 2220 1560
963 0 2220 2220 1560
964 0 2220 2220 1560
965 0 2220 2220 1560
966 0 2220 2220 1560
967 0 2220 2220 1560
968 0 2220 2220 1560
969 0 2220 2220 1560
970 0 2220 2220 1560
971 0 2220 2220 1560
972 0 2220 2220 1560
973 0 2220 2220 1560
974 0 2220 2220 1560
975 0 2220 2220 1560
976 0 2220 2220 1560
977 0 2220 2220 1560
978 0 2220 2220 1560
979 0 2220 2220 1560
980 0 2220 2220 1560
981 0 2220 2220 1560
982 0 2220 2220 1560
983 0 2220 2220 1560
984 0 2220 2220 1560
985 0 2220 2220 1560
986 0 2220 2220 1560
987 0 2220 2220 1560
988 0 2220 2220 1560
989 0 2220 2220 1560
990 0 2220 2220 1560
991 0 2220 2220 1560
992 0 2220 2220 1560
993 0 2220 2220 1560
994 0 2220 2220 1560
995 0 2220 2220 1560
996 0 2220 2220 1560
997 0 2220 2220 1560
998 0 2220 2220 1560
999 0 2220 2220 1560
1000 0 2220 2220 1560
