0 1979 195 0 0 0 0 0 0 0 0 0 0 0 0 0 0
1 11646 195 195 0 0 0 0 0 0 0 0 0 0 0 0 0
2 11646 195 195 0 0 0 0 0 0 0 0 0 0 0 0 0
3 11642 197 197 0 0 0 0 0 0 0 0 0 0 0 0 0
4 11642 197 197 0 0 0 0 0 0 0 0 0 0 0 0 0
5 11636 200 200 0 0 0 0 0 0 0 0 0 0 0 0 0
6 11636 200 200 0 0 0 0 0 0 0 0 0 0 0 0 0
7 11634 201 201 0 0 0 0 0 0 0 0 0 0 0 0 0
8 11638 199 199 0 0 0 0 0 0 0 0 0 0 0 0 0
9 11638 199 199 0 0 0 0 0 0 0 0 0 0 0 0 0
10 11638 199 199 0 0 0 0 0 0 0 0 0 0 0 0 0
11 11642 197 197 0 0 0 0 0 0 0 0 0 0 0 0 0
12 11642 197 197 0 0 0 0 0 0 0 0 0 0 0 0 0
13 11642 197 197 0 0 0 0 0 0 0 0 0 0 0 0 0
14 11646 195 195 0 0 0 0 0 0 0 0 0 0 0 0 0
15 11646 195 195 0 0 0 0 0 0 0 0 0 0 0 0 0
16 11644 196 196 0 0 0 0 0 0 0 0 0 0 0 0 0
17 11644 196 196 0 0 0 0 0 0 0 0 0 0 0 0 0
18 11642 197 197 0 0 0 0 0 0 0 0 0 0 0 0 0
19 11641 197 197 1 0 0 0 0 0 0 0 0 0 0 0 0
20 11639 198 198 1 0 0 0 0 0 0 0 0 0 0 0 0
21 11639 198 198 1 0 0 0 0 0 0 0 0 0 0 0 0
22 11639 198 198 1 0 0 0 0 0 0 0 0 0 0 0 0
23 11639 198 198 1 0 0 0 0 0 0 0 0 0 0 0 0
24 11643 196 196 1 0 0 0 0 0 0 0 0 0 0 0 0
25 11639 198 198 1 0 0 0 0 0 0 0 0 0 0 0 0
26 11641 197 197 1 0 0 0 0 0 0 0 0 0 0 0 0
27 11637 199 199 1 0 0 0 0 0 0 0 0 0 0 0 0
28 11641 197 197 1 0 0 0 0 0 0 0 0 0 0 0 0
29 11637 199 199 1 0 0 0 0 0 0 0 0 0 0 0 0
30 11626 204 204 2 0 0 0 0 0 0 0 0 0 0 0 0
31 11624 205 205 2 0 0 0 0 0 0 0 0 0 0 0 0
32 11630 202 202 2 0 0 0 0 0 0 0 0 0 0 0 0
33 11634 200 200 2 0 0 0 0 0 0 0 0 0 0 0 0
34 11630 202 202 2 0 0 0 0 0 0 0 0 0 0 0 0
35 11630 202 202 2 0 0 0 0 0 0 0 0 0 0 0 0
36 11618 208 208 2 0 0 0 0 0 0 0 0 0 0 0 0
37 11606 214 214 2 0 0 0 0 0 0 0 0 0 0 0 0
38 11600 217 217 2 0 0 0 0 0 0 0 0 0 0 0 0
39 11598 218 218 2 0 0 0 0 0 0 0 0 0 0 0 0
40 11598 218 218 2 0 0 0 0 0 0 0 0 0 0 0 0
41 11596 219 219 2 0 0 0 0 0 0 0 0 0 0 0 0
42 11588 223 223 2 0 0 0 0 0 0 0 0 0 0 0 0
43 11582 226 226 2 0 0 0 0 0 0 0 0 0 0 0 0
44 11580 227 227 2 0 0 0 0 0 0 0 0 0 0 0 0
45 11568 233 233 2 0 0 0 0 0 0 0 0 0 0 0 0
46 11556 239 239 2 0 0 0 0 0 0 0 0 0 0 0 0
47 11552 241 241 2 0 0 0 0 0 0 0 0 0 0 0 0
48 11545 244 244 3 0 0 0 0 0 0 0 0 0 0 0 0
49 11533 250 250 3 0 0 0 0 0 0 0 0 0 0 0 0
50 11521 256 256 3 0 0 0 0 0 0 0 0 0 0 0 0
51 11509 262 262 3 0 0 0 0 0 0 0 0 0 0 0 0
52 11502 265 265 4 0 0 0 0 0 0 0 0 0 0 0 0
53 11492 270 270 4 0 0 0 0 0 0 0 0 0 0 0 0
54 11476 278 278 4 0 0 0 0 0 0 0 0 0 0 0 0
55 11460 286 286 4 0 0 0 0 0 0 0 0 0 0 0 0
56 11458 287 287 4 0 0 0 0 0 0 0 0 0 0 0 0
57 11450 291 291 4 0 0 0 0 0 0 0 0 0 0 0 0
58 11440 296 296 4 0 0 0 0 0 0 0 0 0 0 0 0
59 11416 308 308 4 0 0 0 0 0 0 0 0 0 0 0 0
60 11402 315 315 4 0 0 0 0 0 0 0 0 0 0 0 0
61 11397 318 318 3 0 0 0 0 0 0 0 0 0 0 0 0
62 11389 322 322 3 0 0 0 0 0 0 0 0 0 0 0 0
63 11387 322 322 5 0 0 0 0 0 0 0 0 0 0 0 0
64 11371 330 330 5 0 0 0 0 0 0 0 0 0 0 0 0
65 11363 334 334 5 0 0 0 0 0 0 0 0 0 0 0 0
66 11353 339 339 5 0 0 0 0 0 0 0 0 0 0 0 0
67 11332 349 349 6 0 0 0 0 0 0 0 0 0 0 0 0
68 11309 360 360 7 0 0 0 0 0 0 0 0 0 0 0 0
69 11288 370 370 8 0 0 0 0 0 0 0 0 0 0 0 0
70 11273 377 377 9 0 0 0 0 0 0 0 0 0 0 0 0
71 11264 381 381 10 0 0 0 0 0 0 0 0 0 0 0 0
72 11256 385 385 10 0 0 0 0 0 0 0 0 0 0 0 0
73 11236 396 396 8 0 0 0 0 0 0 0 0 0 0 0 0
74 11224 402 402 8 0 0 0 0 0 0 0 0 0 0 0 0
75 11216 405 405 10 0 0 0 0 0 0 0 0 0 0 0 0
76 11195 415 415 11 0 0 0 0 0 0 0 0 0 0 0 0
77 11184 420 420 12 0 0 0 0 0 0 0 0 0 0 0 0
78 11154 435 434 11 0 0 1 0 0 0 0 1 0 0 0 0
79 11125 449 448 12 0 0 1 0 0 0 0 1 0 0 0 0
80 11111 455 454 14 0 0 1 0 0 0 0 1 0 0 0 0
81 11105 458 457 14 0 0 1 0 0 0 0 1 0 0 0 0
82 11090 465 464 15 0 0 1 0 0 0 0 1 0 0 0 0
83 11071 474 473 16 0 0 1 0 0 0 0 1 0 0 0 0
84 11059 480 479 16 0 0 1 0 0 0 0 1 0 0 0 0
85 11027 496 495 16 0 0 1 0 0 0 0 1 0 0 0 0
86 11019 500 499 16 0 0 1 0 0 0 0 1 0 0 0 0
87 10998 510 509 17 0 0 1 0 0 0 0 1 0 0 0 0
88 10975 521 520 18 0 0 1 0 0 0 0 1 0 0 0 0
89 10959 529 528 18 0 0 1 0 0 0 0 1 0 0 0 0
90 10951 533 532 18 0 0 1 0 0 0 0 1 0 0 0 0
91 10940 538 537 19 0 0 1 0 0 0 0 1 0 0 0 0
92 10924 546 545 19 0 0 1 0 0 0 0 1 0 0 0 0
93 10908 554 553 19 0 0 1 0 0 0 0 1 0 0 0 0
94 10886 564 563 21 0 0 1 0 0 0 0 1 0 0 0 0
95 10884 565 564 21 0 0 1 0 0 0 0 1 0 0 0 0
96 10878 568 567 21 0 0 1 0 0 0 0 1 0 0 0 0
97 10865 575 574 20 0 0 1 0 0 0 0 1 0 0 0 0
98 10854 580 579 21 0 0 1 0 0 0 0 1 0 0 0 0
99 10834 589 588 23 0 0 1 0 0 0 0 1 0 0 0 0
100 10831 590 589 24 0 0 1 0 0 0 0 1 0 0 0 0
101 10817 596 595 26 0 0 1 0 0 0 0 1 0 0 0 0
102 10807 601 600 26 0 0 1 0 0 0 0 1 0 0 0 0
103 10797 606 605 26 0 0 1 0 0 0 0 1 0 0 0 0
104 10770 619 618 27 0 0 1 0 0 0 0 1 0 0 0 0
105 10754 626 625 29 0 0 1 0 0 0 0 1 0 0 0 0
106 10746 630 629 29 0 0 1 0 0 0 0 1 0 0 0 0
107 10741 632 631 30 0 0 1 0 0 0 0 1 0 0 0 0
108 10739 633 632 30 0 0 1 0 0 0 0 1 0 0 0 0
109 10731 637 636 30 0 0 1 0 0 0 0 1 0 0 0 0
110 10728 639 637 28 0 0 2 0 0 0 0 2 0 0 0 0
111 10727 639 637 29 0 0 2 0 0 0 0 2 0 0 0 0
112 10710 648 646 28 0 0 2 0 0 0 0 2 0 0 0 0
113 10707 649 647 29 0 0 2 0 0 0 0 2 0 0 0 0
114 10693 656 654 29 0 0 2 0 0 0 0 2 0 0 0 0
115 10686 659 656 29 0 0 3 0 0 0 0 3 0 0 0 0
116 10685 660 657 28 0 0 3 0 0 0 0 3 0 0 0 0
117 10678 663 660 29 0 0 3 0 0 0 0 3 0 0 0 0
118 10672 666 663 29 0 0 3 0 0 0 0 3 0 0 0 0
119 10662 670 667 31 0 0 3 0 0 0 0 3 0 0 0 0
120 10648 677 673 30 0 0 4 0 0 0 0 4 0 0 0 0
121 10639 682 678 29 0 0 4 0 0 0 0 4 0 0 0 0
122 10635 684 680 29 0 0 4 0 0 0 0 4 0 0 0 0
123 10635 683 678 30 0 0 5 0 0 0 0 5 0 0 0 0
124 10631 685 680 30 0 0 5 0 0 0 0 5 0 0 0 0
125 10619 690 685 32 0 0 5 0 0 0 0 5 0 0 0 0
126 10616 691 686 33 0 0 5 0 0 0 0 5 0 0 0 0
127 10605 696 691 34 0 0 5 0 0 0 0 5 0 0 0 0
128 10587 705 700 34 0 0 5 0 0 0 0 5 0 0 0 0
129 10581 707 702 36 0 0 5 0 0 0 0 5 0 0 0 0
130 10583 706 701 36 0 0 5 0 0 0 0 5 0 0 0 0
131 10572 712 706 34 0 0 6 0 0 0 0 6 0 0 0 0
132 10554 720 714 34 0 0 6 1 0 0 0 7 0 0 0 0
133 10538 727 721 36 0 0 6 1 0 0 0 7 0 0 0 0
134 10524 734 728 36 0 0 6 1 0 0 0 7 0 0 0 0
135 10509 741 735 37 0 0 6 1 0 0 0 7 0 0 0 0
136 10496 747 741 38 0 0 6 1 0 0 0 7 0 0 0 0
137 10479 755 749 39 0 0 6 1 0 0 0 7 0 0 0 0
138 10465 762 756 39 0 0 6 1 0 0 0 7 0 0 0 0
139 10457 766 760 39 0 0 6 1 0 0 0 7 0 0 0 0
140 10446 770 764 42 0 0 6 1 0 0 0 7 0 0 0 0
141 10432 777 771 42 0 0 6 1 0 0 0 7 0 0 0 0
142 10424 781 775 42 0 0 6 1 0 0 0 7 0 0 0 0
143 10407 788 782 45 0 0 6 1 0 0 0 7 0 0 0 0
144 10401 791 784 44 0 0 7 1 0 0 0 8 0 0 0 0
145 10389 797 789 43 0 0 8 1 0 0 0 9 0 0 0 0
146 10370 806 798 44 0 0 8 1 0 0 0 9 0 0 0 0
147 10352 815 805 42 0 0 10 1 0 0 0 11 0 0 0 0
148 10326 827 815 42 0 0 12 1 0 0 0 13 0 0 0 0
149 10309 835 821 41 0 0 14 1 0 0 0 15 0 0 0 0
150 10301 840 826 39 0 0 14 1 0 0 0 15 0 0 0 0
151 10286 847 833 40 0 0 14 1 0 0 0 15 0 0 0 0
152 10273 854 840 39 0 0 14 1 0 0 0 15 0 0 0 0
153 10265 857 843 41 0 0 14 1 0 0 0 15 0 0 0 0
154 10251 863 849 43 0 0 14 1 0 0 0 15 0 0 0 0
155 10218 879 865 44 0 0 14 1 0 0 0 15 0 0 0 0
156 10184 894 880 48 0 0 14 1 0 0 0 15 0 0 0 0
157 10149 909 895 53 0 0 14 1 0 0 0 15 0 0 0 0
158 10126 919 905 56 0 0 14 1 0 0 0 15 0 0 0 0
159 10114 925 911 56 0 0 14 1 0 0 0 15 0 0 0 0
160 10090 936 922 58 0 0 14 1 0 0 0 15 0 0 0 0
161 10075 943 929 59 0 0 14 1 0 0 0 15 0 0 0 0
162 10060 950 936 60 0 0 14 1 0 0 0 15 0 0 0 0
163 10033 962 948 63 0 0 14 1 0 0 0 15 0 0 0 0
164 10011 973 959 61 0 0 15 1 0 1 0 15 0 0 0 0
165 9974 991 977 62 0 0 15 1 0 1 0 15 0 0 0 0
166 9951 1002 987 62 0 0 16 1 0 1 0 16 0 0 0 0
167 9924 1014 997 63 0 0 18 1 0 1 0 18 0 0 0 0
168 9892 1027 1010 69 0 0 18 1 0 1 0 18 0 0 0 0
169 9871 1035 1019 73 0 0 17 2 0 1 0 18 0 0 0 0
170 9840 1048 1032 76 0 0 17 3 0 1 0 19 0 0 0 0
171 9818 1055 1040 83 0 0 17 3 0 2 0 18 0 0 0 0
172 9800 1061 1046 89 0 0 17 3 0 2 0 18 0 0 0 0
173 9787 1066 1052 91 0 0 17 3 0 3 0 17 0 0 0 0
174 9759 1079 1065 93 0 0 17 3 0 3 0 17 0 0 0 0
175 9737 1088 1072 95 0 0 19 3 0 3 0 19 0 0 0 0
176 9722 1095 1079 96 0 0 19 3 0 3 0 19 0 0 0 0
177 9717 1097 1081 97 0 0 19 3 0 3 0 19 0 0 0 0
178 9689 1111 1095 97 0 0 19 3 0 3 0 19 0 0 0 0
179 9673 1119 1102 96 0 0 20 3 0 3 0 20 0 0 0 0
180 9661 1125 1108 96 0 0 20 3 0 3 0 20 0 0 0 0
181 9633 1138 1120 97 0 0 21 3 0 3 0 21 0 0 0 0
182 9621 1142 1124 101 0 0 21 3 0 3 0 21 0 0 0 0
183 9606 1147 1129 106 0 0 21 3 0 3 0 21 0 0 0 0
184 9586 1155 1137 110 0 0 21 3 0 3 0 21 0 0 0 0
185 9585 1156 1138 109 0 0 21 3 0 3 0 21 0 0 0 0
186 9583 1157 1139 109 0 0 21 3 0 3 0 21 0 0 0 0
187 9564 1166 1148 110 0 0 21 3 0 3 0 21 0 0 0 0
188 9551 1172 1154 111 0 0 21 3 0 3 0 21 0 0 0 0
189 9550 1172 1154 112 0 0 21 3 0 3 0 21 0 0 0 0
190 9531 1180 1162 115 0 0 21 3 0 3 0 21 0 0 0 0
191 9510 1190 1172 116 0 0 21 3 0 3 0 21 0 0 0 0
192 9499 1196 1178 115 0 0 21 3 0 3 0 21 0 0 0 0
193 9503 1193 1175 115 0 0 22 3 0 4 0 21 0 0 0 0
194 9492 1198 1177 113 0 0 25 3 0 4 0 24 0 0 0 0
195 9475 1205 1184 114 0 0 26 3 0 5 0 24 0 0 0 0
196 9460 1211 1190 117 0 0 26 3 0 5 0 24 0 0 0 0
197 9440 1220 1199 119 0 0 26 3 0 5 0 24 0 0 0 0
198 9435 1221 1198 121 0 0 28 2 0 5 0 25 0 0 0 1
199 9421 1227 1205 122 0 0 28 2 0 6 0 24 0 0 0 1
200 9408 1233 1211 123 0 0 28 2 0 6 0 24 0 0 0 1
201 9397 1238 1215 123 0 0 29 2 0 6 0 25 0 0 0 1
202 9392 1240 1217 124 0 0 29 2 0 6 0 25 0 0 0 1
203 9404 1234 1211 124 0 0 29 2 0 6 0 25 0 0 0 1
204 9387 1243 1220 123 0 0 29 2 0 6 0 25 0 0 0 1
205 9373 1249 1227 124 0 0 28 3 0 6 0 25 0 0 0 1
206 9372 1250 1228 123 0 0 28 3 0 6 0 25 0 0 0 1
207 9371 1251 1228 121 0 0 29 3 0 6 0 26 0 0 0 1
208 9379 1246 1223 121 0 0 29 4 0 6 0 27 0 0 0 1
209 9355 1257 1233 122 0 0 30 4 0 6 0 28 0 0 0 1
210 9354 1257 1232 122 0 0 31 4 0 6 0 29 0 0 0 1
211 9350 1257 1232 126 0 0 31 4 0 6 0 29 0 0 0 1
212 9346 1258 1233 128 0 0 31 4 0 6 0 29 0 0 0 1
213 9353 1253 1228 131 0 0 32 3 0 7 0 28 0 0 0 1
214 9342 1259 1234 130 0 0 32 3 0 7 0 28 0 0 0 1
215 9343 1259 1235 128 0 0 31 4 0 7 0 28 0 0 0 1
216 9334 1262 1237 130 0 0 32 4 0 7 0 29 0 0 0 1
217 9319 1270 1245 129 0 0 32 4 0 7 0 29 0 0 0 1
218 9320 1270 1245 128 0 0 32 4 0 7 0 29 0 0 0 1
219 9317 1271 1246 129 0 0 32 4 0 7 0 29 0 0 0 1
220 9311 1274 1248 128 0 0 33 4 0 7 0 30 0 0 0 1
221 9311 1274 1248 128 0 0 33 4 0 7 0 30 0 0 0 1
222 9307 1276 1248 126 0 0 35 4 0 7 0 32 0 0 0 1
223 9312 1274 1246 125 0 0 35 4 0 7 0 32 0 0 0 1
224 9310 1273 1244 128 0 0 36 4 0 7 0 33 0 0 0 1
225 9300 1277 1248 130 0 0 36 4 0 7 0 33 0 0 0 1
226 9298 1277 1246 131 0 0 38 3 0 7 0 34 0 0 0 2
227 9286 1280 1249 137 0 0 38 3 0 7 0 34 0 0 0 2
228 9273 1283 1252 144 0 0 38 3 0 7 0 34 0 0 0 2
229 9270 1284 1253 145 0 0 38 3 0 7 0 34 0 0 0 2
230 9273 1282 1251 146 0 0 38 3 0 7 0 34 0 0 0 2
231 9279 1278 1248 147 0 0 38 3 0 8 0 33 0 0 0 2
232 9266 1284 1253 147 0 0 39 3 0 8 0 34 0 0 0 2
233 9262 1284 1252 150 0 0 40 3 0 8 0 35 0 0 0 2
234 9243 1291 1260 154 0 0 40 3 0 9 0 34 0 0 0 2
235 9223 1299 1268 158 0 0 40 3 0 9 0 34 0 0 0 2
236 9219 1301 1269 157 0 0 41 3 0 9 0 35 0 0 0 2
237 9215 1303 1270 154 0 0 42 4 0 9 0 37 0 0 0 2
238 9197 1312 1279 152 0 0 43 4 0 10 0 37 0 0 0 2
239 9196 1312 1279 153 0 0 43 4 0 10 0 37 0 0 0 2
240 9187 1317 1283 151 0 0 44 4 0 10 0 38 0 0 0 2
241 9198 1313 1279 148 0 0 44 4 0 10 0 38 0 0 0 2
242 9195 1314 1280 149 0 0 44 4 0 10 0 38 0 0 0 2
243 9195 1315 1281 147 0 0 44 4 0 10 0 38 0 0 0 2
244 9192 1317 1283 146 0 0 44 4 0 10 0 38 0 0 0 2
245 9181 1322 1288 147 0 0 44 4 0 10 0 38 0 0 0 2
246 9170 1326 1291 147 0 0 45 5 0 10 0 40 0 0 0 2
247 9158 1330 1295 151 0 0 45 5 0 10 0 40 0 0 0 2
248 9149 1334 1299 152 0 0 45 5 0 10 0 40 0 0 0 2
249 9130 1343 1308 153 0 0 45 5 0 10 0 40 0 0 0 2
250 9122 1346 1311 155 0 0 45 5 0 10 0 40 0 0 0 2
251 9111 1350 1314 157 0 0 46 5 0 10 0 41 0 0 0 2
252 9094 1359 1322 155 0 0 47 5 0 10 0 42 0 0 0 2
253 9093 1360 1322 154 0 0 48 4 0 10 0 42 0 0 0 3
254 9085 1363 1323 154 0 0 50 4 0 10 0 44 0 0 0 3
255 9081 1365 1325 154 0 0 50 4 0 10 0 44 0 0 0 3
256 9057 1376 1335 155 0 0 51 4 0 10 0 45 0 0 0 3
257 9046 1380 1339 158 0 0 51 4 0 10 0 45 0 0 0 3
258 9033 1385 1344 161 0 0 51 4 0 10 0 45 0 0 0 3
259 9020 1390 1348 163 0 0 52 4 0 10 0 46 0 0 0 3
260 9004 1396 1354 166 0 0 52 4 0 10 0 46 0 0 0 4
261 9004 1395 1352 167 0 0 53 4 0 10 0 47 0 0 0 4
262 8989 1402 1359 167 0 0 53 4 0 10 0 47 0 0 0 5
263 8977 1405 1361 172 0 0 54 4 0 10 0 48 0 0 0 5
264 8969 1408 1363 173 0 0 55 4 0 10 0 49 0 0 0 5
265 8956 1412 1367 178 0 0 55 4 0 10 0 49 0 0 0 5
266 8939 1414 1370 190 0 0 54 5 0 10 0 49 0 0 0 5
267 8931 1418 1374 188 0 0 54 6 0 10 0 50 0 0 0 5
268 8914 1424 1379 192 0 0 55 6 0 10 0 51 0 0 0 5
269 8922 1418 1373 194 0 0 55 7 0 10 0 52 0 0 0 5
270 8915 1419 1374 197 0 0 55 8 0 10 0 53 0 0 0 5
271 8900 1425 1380 200 0 0 55 8 0 10 0 53 0 0 0 5
272 8890 1430 1384 199 0 0 56 8 0 10 0 54 0 0 0 5
273 8866 1442 1396 199 0 0 56 8 0 10 0 54 0 0 0 5
274 8858 1445 1399 200 0 0 56 8 0 10 0 54 0 0 0 6
275 8829 1455 1408 206 0 0 57 9 0 10 0 56 0 0 0 6
276 8830 1454 1407 206 0 0 57 9 0 10 0 56 0 0 0 7
277 8803 1466 1419 209 0 0 57 9 0 10 0 56 0 0 0 7
278 8789 1471 1425 212 0 0 56 10 0 10 0 56 0 0 0 7
279 8790 1468 1423 214 0 0 56 11 0 11 0 56 0 0 0 7
280 8758 1481 1436 217 0 0 56 12 0 11 0 57 0 0 0 8
281 8754 1483 1437 216 0 0 57 12 0 11 0 58 0 0 0 8
282 8747 1486 1439 212 0 0 59 13 0 12 0 60 0 0 0 8
283 8725 1495 1447 215 0 0 60 13 0 12 0 61 0 0 0 8
284 8715 1499 1451 217 0 0 60 13 0 12 0 61 0 0 0 8
285 8698 1506 1459 219 0 0 60 13 0 13 0 60 0 0 0 8
286 8695 1508 1459 218 0 0 62 11 0 13 0 60 0 0 0 10
287 8686 1511 1462 219 0 0 63 11 0 14 0 60 0 0 0 10
288 8673 1515 1464 224 0 0 65 10 0 14 0 61 0 0 0 10
289 8658 1522 1470 226 0 0 65 10 0 13 0 62 0 0 0 10
290 8650 1525 1473 228 0 0 65 10 0 13 0 62 0 0 0 10
291 8642 1528 1476 228 0 0 66 10 0 14 0 62 0 0 0 10
292 8633 1533 1481 225 0 0 67 10 0 15 0 62 0 0 0 10
293 8625 1536 1485 226 0 0 67 10 0 16 0 61 0 0 0 10
294 8610 1540 1489 233 0 0 67 10 0 16 0 61 0 0 0 10
295 8594 1547 1495 232 0 0 68 11 0 16 0 63 0 0 0 10
296 8596 1544 1491 235 0 0 69 11 0 16 0 64 0 0 0 10
297 8599 1542 1488 237 0 0 69 11 0 15 0 65 0 0 0 10
298 8589 1544 1489 242 0 0 70 11 0 15 0 66 0 0 0 10
299 8583 1547 1493 241 0 0 70 11 0 16 0 65 0 0 0 10
300 8575 1550 1492 239 0 0 74 11 0 16 0 69 0 0 0 10
301 8574 1551 1492 235 0 0 76 11 0 17 0 70 0 0 0 10
302 8584 1544 1486 238 0 0 76 11 0 18 0 69 0 0 0 10
303 8576 1548 1490 234 0 0 77 12 0 19 0 70 0 0 0 10
304 8562 1553 1495 236 0 0 78 12 0 20 0 70 0 0 0 10
305 8565 1551 1489 233 0 0 82 12 0 20 0 74 0 0 0 10
306 8560 1554 1490 232 0 0 84 11 0 20 0 75 0 0 0 10
307 8564 1551 1486 233 0 0 85 11 0 20 0 76 0 0 0 10
308 8566 1549 1484 235 0 0 85 11 0 20 0 76 0 0 0 10
309 8556 1554 1489 235 0 0 85 11 0 20 0 76 0 0 0 10
310 8554 1555 1488 231 0 0 87 12 0 20 0 79 0 0 0 10
311 8559 1552 1484 231 0 0 88 12 0 20 0 80 0 0 0 10
312 8547 1554 1485 236 0 0 90 12 0 21 0 81 0 0 0 10
313 8534 1561 1490 233 0 0 92 12 0 21 0 83 0 0 0 10
314 8536 1561 1489 228 0 0 93 13 0 21 0 85 0 0 0 10
315 8528 1564 1492 228 0 0 94 13 0 22 0 85 0 0 0 10
316 8523 1567 1495 225 0 0 95 13 0 23 0 85 0 0 0 10
317 8516 1571 1497 222 0 0 97 13 0 23 0 87 0 0 0 10
318 8503 1577 1503 223 0 0 97 13 0 23 0 87 0 0 0 10
319 8505 1574 1499 224 0 0 98 14 0 23 0 89 0 0 0 10
320 8505 1575 1499 219 0 0 100 14 0 24 0 90 0 0 0 10
321 8519 1566 1488 221 0 0 102 14 0 24 0 92 0 0 0 10
322 8515 1568 1489 220 0 0 103 14 0 24 0 93 0 0 0 10
323 8519 1565 1486 220 0 0 104 14 0 25 0 93 0 0 0 10
324 8511 1568 1488 221 0 0 106 13 0 26 0 93 0 0 0 10
325 8508 1569 1488 221 0 0 107 13 0 26 0 94 0 0 0 10
326 8491 1578 1497 220 0 0 107 13 0 26 0 94 0 0 0 10
327 8493 1575 1498 215 0 0 106 16 0 29 0 93 0 0 0 11
328 8499 1572 1494 214 0 0 107 16 0 29 0 94 0 0 0 11
329 8494 1574 1495 211 0 0 109 15 0 30 0 94 0 0 0 14
330 8491 1573 1493 215 0 0 110 15 0 30 0 95 0 0 0 14
331 8487 1576 1496 211 0 0 111 15 0 31 0 95 0 0 0 14
332 8489 1573 1494 214 0 0 111 15 0 32 0 94 0 0 0 14
333 8490 1572 1493 215 0 0 111 15 0 32 0 94 0 0 0 14
334 8477 1575 1498 220 0 0 110 16 0 33 0 93 0 0 0 14
335 8482 1572 1495 220 0 0 110 15 0 33 0 92 0 0 0 17
336 8476 1573 1496 224 0 0 110 15 0 33 0 92 0 0 0 17
337 8459 1580 1502 226 0 0 111 15 0 33 0 93 0 0 0 17
338 8443 1584 1508 232 0 0 111 15 0 35 0 91 0 0 0 17
339 8441 1583 1504 233 0 0 114 15 0 35 0 94 0 0 0 17
340 8426 1589 1510 234 0 0 115 15 0 36 0 94 0 0 0 17
341 8411 1596 1517 235 0 0 115 15 0 36 0 94 0 0 0 17
342 8392 1605 1526 236 0 0 115 15 0 36 0 94 0 0 0 17
343 8383 1608 1529 237 0 0 116 15 0 37 0 94 0 0 0 17
344 8353 1621 1542 237 0 0 117 16 0 38 0 95 0 0 0 17
345 8345 1622 1545 241 0 0 117 16 0 40 0 93 0 0 0 17
346 8353 1616 1540 240 0 0 118 17 0 42 0 93 0 0 0 17
347 8333 1624 1549 243 0 0 117 18 0 42 0 93 0 0 0 17
348 8317 1631 1556 245 0 0 117 18 0 42 0 93 0 0 0 17
349 8306 1636 1558 245 0 0 120 17 0 42 0 95 0 0 0 17
350 8280 1645 1567 253 0 0 120 17 0 42 0 95 0 0 0 17
351 8275 1648 1569 249 0 0 121 18 0 42 0 97 0 0 0 17
352 8270 1650 1570 249 0 0 122 18 0 42 0 98 0 0 0 17
353 8268 1650 1568 249 0 0 124 18 0 42 0 100 0 0 0 17
354 8245 1661 1577 248 0 0 126 18 0 42 0 102 0 0 0 17
355 8208 1676 1592 255 0 0 126 18 0 42 0 102 0 0 0 17
356 8206 1676 1591 256 0 0 127 18 0 42 0 103 0 0 0 17
357 8193 1682 1596 256 0 0 128 18 0 42 0 104 0 0 0 17
358 8186 1684 1599 258 0 0 128 18 0 43 0 103 0 0 0 17
359 8183 1685 1598 253 0 0 132 18 0 45 0 105 0 0 0 17
360 8165 1692 1606 255 0 0 132 18 0 46 0 104 0 0 0 18
361 8150 1698 1611 257 0 0 133 18 0 46 0 105 0 0 0 18
362 8142 1700 1610 258 0 0 136 18 0 46 0 108 0 0 0 18
363 8131 1705 1614 258 0 0 137 18 0 46 0 109 0 0 0 18
364 8125 1708 1615 256 0 0 139 18 0 46 0 111 0 0 0 18
365 8113 1714 1619 254 0 0 141 18 0 46 0 113 0 0 0 18
366 8111 1716 1616 246 0 0 146 18 0 46 0 118 0 0 0 19
367 8104 1721 1620 242 0 0 147 18 0 46 0 119 0 0 0 19
368 8097 1724 1622 241 0 0 148 18 0 46 0 120 0 0 0 20
369 8085 1730 1628 238 0 0 149 18 0 47 0 120 0 0 0 21
370 8076 1732 1629 242 0 0 150 18 0 47 0 121 0 0 0 21
371 8078 1732 1629 240 0 0 150 18 0 47 0 121 0 0 0 21
372 8074 1734 1627 232 0 0 154 20 0 47 0 127 0 0 0 21
373 8061 1740 1633 227 0 0 154 22 0 47 0 129 0 0 0 23
374 8048 1747 1638 223 0 0 157 21 0 48 0 130 0 0 0 24
375 8054 1744 1636 222 0 0 157 21 0 49 0 129 0 0 0 24
376 8055 1742 1636 223 0 0 156 22 0 50 0 128 0 0 0 24
377 8050 1742 1637 227 0 0 156 22 0 51 0 127 0 0 0 24
378 8048 1740 1634 230 0 0 157 23 0 51 0 129 0 0 0 24
379 8041 1744 1636 228 0 0 159 22 0 51 0 130 0 0 0 25
380 8020 1752 1643 230 0 0 161 22 0 52 0 131 0 0 0 25
381 8016 1750 1641 234 0 0 163 22 0 54 0 131 0 0 0 25
382 8007 1752 1643 236 0 0 164 22 0 55 0 131 0 0 0 26
383 7995 1757 1647 237 0 0 165 22 0 55 0 132 0 0 0 26
384 8000 1752 1641 237 0 0 168 22 0 57 0 133 0 0 0 26
385 7996 1753 1643 238 0 0 168 22 0 58 0 132 0 0 0 26
386 7983 1756 1644 243 0 0 170 22 0 58 0 134 0 0 0 26
387 7987 1753 1640 244 0 0 171 22 0 58 0 135 0 0 0 26
388 7980 1756 1643 245 0 0 171 22 0 58 0 135 0 0 0 26
389 7972 1761 1645 240 0 0 174 22 0 58 0 138 0 0 0 26
390 7986 1752 1638 237 0 0 176 22 0 62 0 136 0 0 0 27
391 7984 1751 1637 241 0 0 176 22 0 62 0 136 0 0 0 27
392 7976 1756 1642 239 0 0 176 22 0 62 0 136 0 0 0 27
393 7974 1759 1644 234 0 0 177 22 0 62 0 137 0 0 0 27
394 7966 1764 1649 232 0 0 177 22 0 62 0 137 0 0 0 27
395 7974 1761 1646 230 0 0 177 22 0 62 0 137 0 0 0 27
396 7981 1756 1642 232 0 0 176 23 0 62 0 137 0 0 0 27
397 7976 1759 1644 229 0 0 177 23 0 62 0 138 0 0 0 28
398 7967 1762 1648 229 0 0 177 24 0 63 0 138 0 0 0 28
399 7962 1764 1652 226 0 0 176 26 0 64 0 138 0 0 0 28
400 7960 1762 1651 231 0 0 176 26 0 65 0 137 0 0 0 28
401 7961 1760 1648 233 0 0 177 26 0 65 0 138 0 0 0 28
402 7967 1755 1642 236 0 0 179 25 0 66 0 138 0 0 0 28
403 7973 1752 1638 237 0 0 181 23 0 67 0 137 0 0 0 28
404 7967 1753 1640 237 0 0 182 23 0 69 0 136 0 0 0 29
405 7958 1756 1641 238 0 0 184 23 0 69 0 138 0 0 0 29
406 7946 1764 1646 233 0 0 187 22 0 69 0 140 0 0 0 29
407 7955 1760 1644 230 0 0 187 22 0 71 0 138 0 0 0 29
408 7964 1756 1641 228 0 0 186 23 0 71 0 138 0 0 0 29
409 7960 1758 1645 226 0 0 186 23 0 73 0 136 0 0 0 29
410 7969 1753 1641 226 0 0 185 24 0 73 0 136 0 0 0 29
411 7967 1754 1641 225 0 0 186 23 0 73 0 136 0 0 0 31
412 7970 1752 1637 224 0 0 189 22 0 74 0 137 0 0 0 31
413 7966 1754 1638 223 0 0 190 22 0 74 0 138 0 0 0 31
414 7972 1750 1634 225 0 0 190 22 0 74 0 138 0 0 0 31
415 7970 1750 1635 224 0 0 191 22 0 76 0 137 0 0 0 31
416 7967 1750 1637 225 0 0 191 22 0 78 0 135 0 0 0 31
417 7968 1751 1637 223 0 0 191 22 0 77 0 136 0 0 0 31
418 7977 1745 1630 223 0 0 192 23 0 77 0 138 0 0 0 31
419 7962 1752 1638 223 0 0 192 23 0 78 0 137 0 0 0 31
420 7953 1755 1644 221 0 0 193 23 0 82 0 134 0 0 0 31
421 7956 1750 1640 227 0 0 193 23 0 83 0 133 0 0 0 31
422 7984 1733 1625 231 0 0 193 23 0 85 0 131 0 0 0 31
423 7988 1730 1622 233 0 0 193 23 0 85 0 131 0 0 0 31
424 7983 1735 1628 227 0 0 193 23 0 86 0 130 0 0 0 31
425 7969 1738 1628 234 0 0 195 23 0 85 0 133 0 0 0 31
426 7954 1742 1636 237 0 0 192 26 0 86 0 132 0 0 0 31
427 7954 1742 1637 234 0 0 192 27 0 87 0 132 0 0 0 31
428 7947 1746 1640 230 0 0 193 28 0 87 0 134 0 0 0 31
429 7936 1751 1645 229 0 0 194 28 0 88 0 134 0 0 0 31
430 7932 1752 1645 229 0 0 196 27 0 89 0 134 0 0 0 32
431 7922 1756 1650 230 0 0 196 27 0 90 0 133 0 0 0 32
432 7926 1753 1645 231 0 0 199 25 0 91 0 133 0 0 0 33
433 7928 1748 1639 235 0 0 201 25 0 92 0 134 0 0 0 34
434 7915 1754 1644 233 0 0 203 25 0 93 0 135 0 0 0 34
435 7916 1754 1643 231 0 0 204 25 0 93 0 136 0 0 0 34
436 7920 1751 1639 231 0 0 205 25 0 93 0 137 0 0 0 35
437 7918 1749 1637 232 0 0 205 27 0 93 0 139 0 0 0 36
438 7893 1759 1647 237 0 0 205 27 0 93 0 139 0 0 0 36
439 7881 1763 1653 239 0 0 204 28 0 94 0 138 0 0 0 36
440 7868 1767 1659 242 0 0 204 28 0 96 0 136 0 0 0 36
441 7856 1771 1663 244 0 0 205 28 0 97 0 136 0 0 0 36
442 7859 1766 1657 250 0 0 206 28 0 97 0 137 0 0 0 36
443 7851 1768 1658 251 0 0 207 29 0 97 0 139 0 0 0 36
444 7855 1762 1653 256 0 0 207 30 0 98 0 139 0 0 0 36
445 7855 1757 1649 264 0 0 207 30 0 99 0 138 0 0 0 37
446 7849 1761 1653 254 0 0 209 32 0 101 0 140 0 0 0 37
447 7830 1769 1662 256 0 0 209 32 0 102 0 139 0 0 0 37
448 7818 1771 1664 264 0 0 209 32 0 102 0 139 0 0 0 37
449 7817 1770 1661 267 0 0 210 32 0 101 0 141 0 0 0 37
450 7815 1770 1658 268 0 0 212 32 0 100 0 144 0 0 0 37
451 7797 1778 1665 271 0 0 212 32 0 99 0 145 0 0 0 37
452 7789 1781 1669 272 0 0 212 32 0 100 0 144 0 0 0 37
453 7778 1787 1674 270 0 0 213 32 0 100 0 145 0 0 0 37
454 7768 1789 1677 275 0 0 213 32 0 101 0 144 0 0 0 37
455 7776 1784 1669 274 0 0 216 32 0 101 0 147 0 0 0 37
456 7775 1784 1671 271 0 0 216 33 0 103 0 146 0 0 0 37
457 7758 1788 1674 277 0 0 218 33 0 104 0 147 0 0 0 37
458 7748 1791 1677 280 0 0 219 32 0 105 0 146 0 0 0 38
459 7731 1799 1686 280 0 0 219 32 0 106 0 145 0 0 0 38
460 7719 1805 1693 278 0 0 218 33 0 106 0 145 0 0 0 39
461 7709 1812 1701 273 0 0 218 33 0 107 0 144 0 0 0 39
462 7703 1812 1701 273 0 0 218 36 0 107 0 147 0 0 0 39
463 7690 1817 1705 277 0 0 219 35 0 107 0 147 0 0 0 39
464 7676 1822 1709 281 0 0 220 34 0 107 0 147 0 0 0 40
465 7648 1834 1717 285 0 0 222 34 0 105 0 151 0 0 0 40
466 7636 1838 1723 286 0 0 221 35 0 106 0 150 0 0 0 41
467 7633 1839 1720 283 0 0 225 35 0 106 0 154 0 0 0 41
468 7621 1843 1724 285 0 0 226 35 0 107 0 154 0 0 0 41
469 7611 1842 1721 293 0 0 228 36 0 107 0 157 0 0 0 41
470 7612 1840 1719 296 0 0 228 36 0 107 0 157 0 0 0 41
471 7607 1839 1719 302 0 0 227 37 0 107 0 157 0 0 0 41
472 7610 1837 1714 300 0 0 229 38 0 106 0 161 0 0 0 41
473 7611 1835 1713 302 0 0 229 38 0 107 0 160 0 0 0 41
474 7608 1834 1713 303 0 0 230 38 0 109 0 159 0 0 0 42
475 7604 1835 1715 304 0 0 230 38 0 110 0 158 0 0 0 42
476 7602 1835 1715 302 0 0 231 39 0 111 0 159 0 0 0 42
477 7592 1839 1721 302 0 0 231 39 0 113 0 157 0 0 0 42
478 7592 1837 1720 305 0 0 231 39 0 114 0 156 0 0 0 42
479 7578 1843 1726 305 0 0 231 40 0 114 0 157 0 0 0 42
480 7569 1847 1731 304 0 0 230 41 0 114 0 157 0 0 0 43
481 7564 1848 1728 302 0 0 235 40 0 115 0 160 0 0 0 44
482 7557 1850 1727 303 0 0 238 39 0 115 0 162 0 0 0 45
483 7562 1845 1721 305 0 0 239 40 0 115 0 164 0 0 0 45
484 7558 1844 1721 308 0 0 239 41 0 116 0 164 0 0 0 45
485 7555 1844 1722 310 0 0 239 41 0 117 0 163 0 0 0 45
486 7552 1846 1721 307 0 0 242 40 0 117 0 165 0 0 0 46
487 7560 1840 1717 309 0 0 242 40 0 119 0 163 0 0 0 46
488 7567 1834 1710 312 0 0 243 40 0 119 0 164 0 0 0 47
489 7560 1836 1712 313 0 0 244 40 0 120 0 164 0 0 0 47
490 7550 1839 1714 315 0 0 245 40 0 120 0 165 0 0 0 48
491 7548 1839 1714 315 0 0 246 40 0 121 0 165 0 0 0 48
492 7546 1836 1710 320 0 0 247 41 0 121 0 167 0 0 0 48
493 7547 1835 1708 319 0 0 249 40 0 122 0 167 0 0 0 49
494 7547 1837 1709 315 0 0 250 39 0 122 0 167 0 0 0 50
495 7561 1829 1701 314 0 0 250 40 0 122 0 168 0 0 0 51
496 7549 1832 1705 317 0 0 251 40 0 124 0 167 0 0 0 51
497 7543 1833 1705 321 0 0 252 39 0 124 0 167 0 0 0 52
498 7538 1837 1708 317 0 0 254 38 0 125 0 167 0 0 0 52
499 7539 1836 1707 315 0 0 254 39 0 125 0 168 0 0 0 53
500 7541 1835 1705 312 0 0 255 40 0 125 0 170 0 0 0 53
501 7553 1828 1697 313 0 0 257 38 0 126 0 169 0 0 0 55
502 7555 1829 1696 307 0 0 259 38 0 126 0 171 0 0 0 55
503 7543 1835 1701 306 0 0 260 38 0 126 0 172 0 0 0 55
504 7551 1829 1693 309 0 0 262 37 0 126 0 173 0 0 0 56
505 7547 1831 1693 308 0 0 263 37 0 125 0 175 0 0 0 57
506 7552 1827 1686 309 0 0 266 36 0 125 0 177 0 0 0 58
507 7558 1826 1683 303 0 0 267 37 0 124 0 180 0 0 0 58
508 7551 1826 1684 306 0 0 269 36 0 127 0 178 0 0 0 59
509 7552 1824 1682 309 0 0 270 35 0 128 0 177 0 0 0 59
510 7539 1830 1686 307 0 0 273 34 0 129 0 178 0 0 0 60
511 7553 1823 1680 304 0 0 274 34 0 131 0 177 0 0 0 60
512 7559 1817 1677 307 0 0 273 35 0 133 0 175 0 0 0 60
513 7562 1816 1675 302 0 0 275 35 0 134 0 176 0 0 0 61
514 7550 1820 1680 305 0 0 274 36 0 134 0 176 0 0 0 61
515 7560 1817 1677 295 0 0 274 39 0 134 0 179 0 0 0 61
516 7554 1819 1680 295 0 0 275 38 0 136 0 177 0 0 0 62
517 7546 1820 1681 301 0 0 275 38 0 136 0 177 0 0 0 62
518 7550 1819 1678 297 0 0 277 38 0 136 0 179 0 0 0 62
519 7547 1823 1681 289 0 0 279 37 0 137 0 179 0 0 0 64
520 7540 1825 1683 291 0 0 279 37 0 137 0 179 0 0 0 65
521 7540 1825 1682 292 0 0 281 35 0 138 0 178 0 0 0 65
522 7539 1824 1682 292 0 0 281 36 0 139 0 178 0 0 0 65
523 7533 1827 1685 290 0 0 282 36 0 140 0 178 0 0 0 65
524 7544 1823 1679 287 0 0 284 35 0 140 0 179 0 0 0 65
525 7547 1820 1677 289 0 0 284 35 0 141 0 178 0 0 0 65
526 7549 1816 1675 289 0 0 284 37 0 143 0 178 0 0 0 65
527 7541 1818 1677 291 0 0 284 38 0 143 0 179 0 0 0 65
528 7543 1817 1677 288 0 0 284 39 0 144 0 179 0 0 0 65
529 7547 1815 1676 287 0 0 283 40 0 144 0 179 0 0 0 65
530 7540 1818 1677 283 0 0 286 40 0 145 0 181 0 0 0 66
531 7540 1816 1672 282 0 0 289 41 0 145 0 185 0 0 0 66
532 7547 1810 1669 284 0 0 289 41 0 148 0 182 0 0 0 66
533 7540 1813 1672 283 0 0 290 41 0 149 0 182 0 0 0 66
534 7538 1813 1670 283 0 0 292 41 0 149 0 184 0 0 0 66
535 7536 1811 1669 287 0 0 293 40 0 151 0 182 0 0 0 67
536 7542 1806 1665 290 0 0 293 40 0 152 0 181 0 0 0 67
537 7539 1808 1664 290 0 0 296 38 0 152 0 182 0 0 0 67
538 7548 1804 1659 290 0 0 298 36 0 153 0 181 0 0 0 67
539 7547 1804 1658 291 0 0 299 35 0 153 0 181 0 0 0 68
540 7542 1807 1661 289 0 0 300 34 0 154 0 180 0 0 0 69
541 7543 1805 1662 289 0 0 299 35 0 156 0 178 0 0 0 69
542 7552 1803 1660 284 0 0 300 34 0 157 0 177 0 0 0 69
543 7544 1806 1660 282 0 0 303 34 0 157 0 180 0 0 0 70
544 7560 1798 1652 280 0 0 303 35 0 157 0 181 0 0 0 70
545 7557 1802 1654 273 0 0 305 35 0 157 0 183 0 0 0 70
546 7567 1797 1650 272 0 0 304 36 0 157 0 183 0 0 0 70
547 7571 1793 1646 272 0 0 306 36 0 159 0 183 0 0 0 70
548 7574 1790 1643 271 0 0 308 36 0 161 0 183 0 0 0 70
549 7579 1788 1642 269 0 0 306 38 0 160 0 184 0 0 0 70
550 7593 1779 1634 272 0 0 306 38 0 161 0 183 0 0 0 70
551 7593 1777 1632 276 0 0 306 38 0 161 0 183 0 0 0 70
552 7592 1774 1631 281 0 0 305 39 0 162 0 182 0 0 0 70
553 7599 1772 1626 277 0 0 307 39 0 161 0 185 0 0 0 70
554 7605 1767 1622 280 0 0 308 38 0 163 0 183 0 0 0 70
555 7599 1770 1625 278 0 0 309 38 0 164 0 183 0 0 0 70
556 7589 1776 1631 276 0 0 309 38 0 164 0 183 0 0 0 70
557 7592 1775 1629 276 0 0 310 37 0 164 0 183 0 0 0 70
558 7607 1766 1622 275 0 0 311 37 0 167 0 181 0 0 0 70
559 7609 1767 1621 270 0 0 313 36 0 167 0 182 0 0 0 71
560 7609 1763 1616 275 0 0 315 36 0 168 0 183 0 0 0 71
561 7622 1756 1608 275 0 0 317 35 0 169 0 183 0 0 0 71
562 7615 1756 1610 280 0 0 317 35 0 171 0 181 0 0 0 71
563 7612 1757 1612 280 0 0 317 35 0 172 0 180 0 0 0 71
564 7600 1761 1619 281 0 0 315 37 0 173 0 179 0 0 0 71
565 7602 1759 1618 282 0 0 316 36 0 175 0 177 0 0 0 71
566 7601 1758 1619 283 0 0 315 37 0 176 0 176 0 0 0 71
567 7593 1763 1625 280 0 0 315 37 0 177 0 175 0 0 0 71
568 7595 1762 1625 278 0 0 315 37 0 178 0 174 0 0 0 72
569 7600 1758 1622 280 0 0 315 37 0 179 0 173 0 0 0 72
570 7588 1761 1627 284 0 0 315 37 0 181 0 171 0 0 0 72
571 7573 1768 1636 283 0 0 315 37 0 183 0 169 0 0 0 72
572 7583 1763 1631 281 0 0 315 38 0 183 0 170 0 0 0 72
573 7597 1756 1625 280 0 0 314 39 0 183 0 170 0 0 0 72
574 7597 1755 1623 283 0 0 314 39 0 182 0 171 0 0 0 72
575 7607 1751 1619 279 0 0 315 39 0 183 0 171 0 0 0 72
576 7603 1753 1622 278 0 0 315 39 0 184 0 170 0 0 0 72
577 7616 1747 1617 274 0 0 315 40 0 185 0 170 0 0 0 72
578 7616 1746 1616 276 0 0 315 40 0 185 0 170 0 0 0 72
579 7611 1747 1618 278 0 0 315 40 0 186 0 169 0 0 0 72
580 7603 1749 1621 281 0 0 315 40 0 187 0 168 0 0 0 72
581 7621 1739 1611 283 0 0 315 40 0 187 0 168 0 0 0 72
582 7629 1734 1606 284 0 0 315 40 0 187 0 168 0 0 0 73
583 7626 1736 1609 280 0 0 315 41 0 188 0 168 0 0 0 73
584 7631 1734 1607 277 0 0 314 43 0 187 0 170 0 0 0 73
585 7636 1733 1606 272 0 0 314 44 0 187 0 171 0 0 0 73
586 7627 1736 1609 273 0 0 315 44 0 188 0 171 0 0 0 73
587 7635 1731 1604 275 0 0 315 44 0 188 0 171 0 0 0 73
588 7642 1725 1604 272 0 0 316 44 0 195 0 165 0 0 0 73
589 7646 1722 1601 274 0 0 317 43 0 196 0 164 0 0 0 73
590 7654 1719 1598 272 0 0 318 42 0 197 0 163 0 0 0 73
591 7656 1718 1597 271 0 0 319 41 0 198 0 162 0 0 0 74
592 7664 1714 1594 268 0 0 320 41 0 200 0 161 0 0 0 74
593 7665 1712 1593 270 0 0 320 41 0 201 0 160 0 0 0 74
594 7671 1707 1588 274 0 0 320 41 0 201 0 160 0 0 0 74
595 7680 1702 1584 274 0 0 321 40 0 203 0 158 0 0 0 74
596 7679 1700 1583 278 0 0 321 40 0 204 0 157 0 0 0 74
597 7670 1703 1585 280 0 0 322 40 0 204 0 158 0 0 0 74
598 7673 1701 1583 281 0 0 322 40 0 204 0 158 0 0 0 74
599 7689 1694 1575 278 0 0 323 40 0 204 0 159 0 0 0 74
600 7701 1689 1569 275 0 0 324 40 0 204 0 160 0 0 0 74
601 7710 1684 1566 274 0 0 324 40 0 206 0 158 0 0 0 74
602 7722 1679 1560 273 0 0 324 40 0 205 0 159 0 0 0 74
603 7736 1670 1554 274 0 0 324 40 0 208 0 156 0 0 0 74
604 7742 1665 1550 276 0 0 323 41 0 208 0 156 0 0 0 75
605 7749 1664 1549 271 0 0 324 40 0 209 0 155 0 0 0 75
606 7751 1664 1548 270 0 0 325 39 0 209 0 155 0 0 0 75
607 7764 1657 1542 268 0 0 324 41 0 209 0 156 0 0 0 75
608 7765 1655 1541 270 0 0 324 41 0 210 0 155 0 0 0 75
609 7781 1648 1534 265 0 0 325 41 0 211 0 155 0 0 0 76
610 7781 1648 1535 264 0 0 326 40 0 213 0 153 0 0 0 76
611 7800 1639 1525 260 0 0 327 41 0 213 0 155 0 0 0 76
612 7811 1634 1521 256 0 0 327 42 0 214 0 155 0 0 0 76
613 7832 1625 1511 252 0 0 329 41 0 215 0 155 0 0 0 76
614 7838 1619 1506 257 0 0 328 42 0 215 0 155 0 0 0 76
615 7840 1618 1505 256 0 0 328 42 0 215 0 155 0 0 0 77
616 7838 1617 1506 258 0 0 328 42 0 217 0 153 0 0 0 77
617 7831 1619 1507 260 0 0 329 42 0 217 0 154 0 0 0 77
618 7839 1612 1504 262 0 0 326 45 0 218 0 153 0 0 0 77
619 7859 1603 1495 260 0 0 326 45 0 218 0 153 0 0 0 77
620 7855 1601 1491 270 0 0 327 44 0 217 0 154 0 0 0 77
621 7853 1599 1489 274 0 0 328 44 0 218 0 154 0 0 0 77
622 7856 1597 1490 272 0 0 327 45 0 220 0 152 0 0 0 77
623 7844 1601 1493 277 0 0 327 45 0 219 0 153 0 0 0 77
624 7839 1604 1495 275 0 0 328 45 0 219 0 154 0 0 0 77
625 7840 1603 1495 273 0 0 328 46 0 220 0 154 0 0 0 77
626 7852 1598 1488 271 0 0 329 46 0 219 0 156 0 0 0 77
627 7863 1591 1481 272 0 0 330 46 0 220 0 156 0 0 0 77
628 7871 1588 1479 269 0 0 329 47 0 220 0 156 0 0 0 77
629 7889 1579 1471 268 0 0 329 47 0 221 0 155 0 0 0 77
630 7884 1579 1473 271 0 0 328 48 0 222 0 154 0 0 0 77
631 7884 1578 1473 271 0 0 328 48 0 223 0 153 0 0 0 78
632 7899 1570 1465 270 0 0 329 48 0 224 0 153 0 0 0 78
633 7899 1568 1464 273 0 0 328 49 0 224 0 153 0 0 0 78
634 7910 1562 1457 271 0 0 330 49 0 225 0 154 0 0 0 78
635 7931 1551 1448 270 0 0 329 50 0 226 0 153 0 0 0 78
636 7929 1553 1450 268 0 0 329 50 0 226 0 153 0 0 0 78
637 7923 1556 1456 265 0 0 328 51 0 228 0 151 0 0 0 78
638 7924 1555 1453 266 0 0 329 51 0 227 0 153 0 0 0 78
639 7935 1549 1448 266 0 0 329 51 0 228 0 152 0 0 0 78
640 7945 1544 1445 264 0 0 330 50 0 231 0 149 0 0 0 78
641 7950 1543 1443 261 0 0 331 49 0 231 0 149 0 0 0 79
642 7950 1544 1444 259 0 0 331 49 0 231 0 149 0 0 0 79
643 7948 1545 1443 261 0 0 332 48 0 230 0 150 0 0 0 79
644 7945 1546 1443 263 0 0 333 47 0 230 0 150 0 0 0 79
645 7958 1540 1436 263 0 0 333 47 0 229 0 151 0 0 0 79
646 7955 1542 1439 261 0 0 333 47 0 230 0 150 0 0 0 79
647 7969 1535 1432 259 0 0 334 47 0 231 0 150 0 0 0 79
648 7973 1537 1430 255 0 0 337 44 0 230 0 151 0 0 0 79
649 7970 1538 1430 253 0 0 339 44 0 231 0 152 0 0 0 79
650 7973 1537 1429 250 0 0 340 44 0 232 0 152 0 0 0 79
651 7974 1537 1431 247 0 0 340 44 0 234 0 150 0 0 0 79
652 7985 1533 1424 247 0 0 343 41 0 234 0 150 0 0 0 79
653 7987 1532 1422 247 0 0 344 40 0 234 0 150 0 0 0 80
654 7993 1530 1420 244 0 0 345 39 0 235 0 149 0 0 0 81
655 8004 1524 1414 245 0 0 345 39 0 235 0 149 0 0 0 81
656 8023 1516 1405 243 0 0 346 38 0 235 0 149 0 0 0 81
657 8016 1520 1409 242 0 0 346 38 0 235 0 149 0 0 0 81
658 8024 1516 1405 242 0 0 347 37 0 236 0 148 0 0 0 81
659 8035 1512 1402 238 0 0 347 37 0 237 0 147 0 0 0 81
660 8032 1517 1406 231 0 0 348 36 0 237 0 147 0 0 0 82
661 8043 1511 1400 230 0 0 349 36 0 238 0 147 0 0 0 82
662 8063 1500 1390 231 0 0 349 36 0 239 0 146 0 0 0 82
663 8054 1505 1394 229 0 0 351 35 0 240 0 146 0 0 0 82
664 8066 1499 1388 229 0 0 351 35 0 240 0 146 0 0 0 82
665 8065 1501 1390 226 0 0 351 35 0 240 0 146 0 0 0 82
666 8074 1498 1389 221 0 0 351 35 0 242 0 144 0 0 0 82
667 8072 1499 1391 220 0 0 352 34 0 244 0 142 0 0 0 82
668 8081 1494 1387 218 0 0 353 34 0 246 0 141 0 0 0 82
669 8083 1492 1386 219 0 0 353 34 0 247 0 140 0 0 0 82
670 8083 1491 1386 220 0 0 353 34 0 248 0 139 0 0 0 82
671 8098 1484 1380 218 0 0 353 34 0 249 0 138 0 0 0 82
672 8116 1475 1371 218 0 0 353 34 0 249 0 138 0 0 0 82
673 8114 1475 1373 218 0 0 353 34 0 251 0 136 0 0 0 82
674 8110 1476 1374 220 0 0 352 35 0 250 0 137 0 0 0 82
675 8124 1469 1368 219 0 0 352 35 0 251 0 136 0 0 0 82
676 8133 1464 1362 221 0 0 352 35 0 250 0 137 0 0 0 82
677 8132 1463 1363 222 0 0 352 35 0 252 0 135 0 0 0 82
678 8140 1458 1359 221 0 0 352 36 0 253 0 135 0 0 0 82
679 8129 1461 1362 226 0 0 352 36 0 253 0 135 0 0 0 82
680 8134 1457 1360 225 0 0 352 37 0 255 0 134 0 0 0 82
681 8136 1456 1359 225 0 0 351 38 0 254 0 135 0 0 0 82
682 8144 1452 1355 225 0 0 351 38 0 254 0 135 0 0 0 82
683 8148 1451 1355 222 0 0 350 39 0 254 0 135 0 0 0 82
684 8158 1447 1351 220 0 0 351 38 0 255 0 134 0 0 0 82
685 8162 1446 1350 218 0 0 350 39 0 254 0 135 0 0 0 82
686 8167 1444 1350 215 0 0 350 39 0 256 0 133 0 0 0 82
687 8164 1444 1349 219 0 0 351 38 0 256 0 133 0 0 0 82
688 8159 1445 1352 220 0 0 350 39 0 257 0 132 0 0 0 82
689 8170 1438 1347 221 0 0 350 39 0 259 0 130 0 0 0 82
690 8173 1435 1345 221 0 0 351 38 0 261 0 128 0 0 0 84
691 8190 1425 1335 224 0 0 351 38 0 261 0 128 0 0 0 84
692 8194 1425 1334 219 0 0 353 37 0 262 0 128 0 0 0 84
693 8187 1428 1338 219 0 0 353 37 0 263 0 127 0 0 0 84
694 8192 1427 1338 214 0 0 353 37 0 264 0 126 0 0 0 85
695 8205 1422 1332 212 0 0 354 36 0 264 0 126 0 0 0 85
696 8211 1417 1329 214 0 0 354 36 0 266 0 124 0 0 0 85
697 8205 1418 1332 216 0 0 353 37 0 267 0 123 0 0 0 85
698 8208 1416 1330 217 0 0 354 36 0 268 0 122 0 0 0 85
699 8204 1420 1335 211 0 0 354 36 0 269 0 121 0 0 0 86
700 8200 1423 1338 209 0 0 354 36 0 269 0 121 0 0 0 86
701 8207 1419 1335 209 0 0 354 36 0 270 0 120 0 0 0 86
702 8209 1419 1335 207 0 0 354 36 0 270 0 120 0 0 0 86
703 8219 1414 1333 204 0 0 352 38 0 271 0 119 0 0 0 86
704 8227 1410 1330 201 0 0 352 39 0 272 0 119 0 0 0 86
705 8248 1400 1321 199 0 0 351 40 0 272 0 119 0 0 0 86
706 8251 1398 1318 201 0 0 351 40 0 271 0 120 0 0 0 86
707 8243 1401 1321 203 1 0 350 40 1 270 0 120 0 0 0 86
708 8247 1400 1319 202 1 0 350 40 1 269 0 121 0 0 0 86
709 8253 1397 1317 201 1 0 350 40 1 270 0 120 0 0 0 86
710 8258 1395 1316 199 1 0 350 40 1 271 0 119 0 0 0 86
711 8254 1399 1317 196 1 0 352 39 1 270 0 121 0 0 0 86
712 8264 1395 1314 193 1 0 352 39 1 271 0 120 0 0 0 86
713 8260 1395 1314 197 1 0 352 39 1 271 0 120 0 0 0 86
714 8270 1391 1309 196 1 0 352 39 1 270 0 121 0 0 0 86
715 8273 1388 1307 198 1 0 351 40 1 270 0 121 0 0 0 86
716 8279 1383 1304 198 1 0 352 40 1 273 0 119 0 0 0 86
717 8278 1383 1304 198 1 0 353 39 1 274 0 118 0 0 0 87
718 8288 1379 1299 197 1 0 354 38 1 274 0 118 0 0 0 87
719 8282 1381 1301 199 1 0 354 38 1 274 0 118 0 0 0 87
720 8295 1377 1296 194 1 0 355 37 1 274 0 118 0 0 0 88
721 8307 1371 1291 193 1 0 355 37 1 275 0 117 0 0 0 88
722 8312 1368 1288 194 1 0 356 36 1 276 0 116 0 0 0 88
723 8315 1366 1285 196 1 0 357 35 1 276 0 116 0 0 0 88
724 8329 1359 1279 195 1 0 357 35 1 277 0 115 0 0 0 88
725 8340 1354 1274 194 1 0 357 35 1 277 0 115 0 0 0 88
726 8340 1354 1274 194 1 0 357 35 1 277 0 115 0 0 0 88
727 8355 1347 1269 191 1 0 356 36 1 278 0 114 0 0 0 88
728 8372 1341 1261 187 1 0 357 35 1 277 0 115 0 0 0 89
729 8391 1332 1250 182 1 0 360 35 1 278 0 117 0 0 0 89
730 8395 1330 1248 182 1 0 360 35 1 278 0 117 0 0 0 89
731 8398 1328 1245 184 1 0 360 35 1 277 0 118 0 0 0 89
732 8409 1322 1239 184 1 0 361 34 1 278 0 117 0 0 0 90
733 8424 1313 1231 186 1 0 360 35 1 278 0 117 0 0 0 90
734 8424 1312 1231 185 1 0 361 35 1 280 0 116 0 0 0 90
735 8427 1311 1230 184 1 0 363 33 1 282 0 114 0 0 0 90
736 8420 1314 1232 186 1 0 364 32 1 282 0 114 0 0 0 90
737 8417 1314 1233 188 1 0 364 32 1 283 0 113 0 0 0 90
738 8414 1314 1233 191 1 0 364 32 1 283 0 113 0 0 0 90
739 8415 1313 1231 191 1 0 365 32 1 283 0 114 0 0 0 90
740 8420 1310 1228 190 1 0 365 33 1 283 0 115 0 0 0 90
741 8417 1312 1231 187 1 0 365 33 1 284 0 114 0 0 0 91
742 8426 1305 1228 188 1 0 364 34 1 287 0 111 0 0 0 91
743 8438 1300 1224 185 1 0 364 34 1 288 0 110 0 0 0 91
744 8444 1300 1223 180 1 0 365 33 1 288 0 110 0 0 0 91
745 8452 1296 1220 179 1 0 365 33 1 289 0 109 0 0 0 91
746 8455 1294 1218 180 1 0 365 33 1 289 0 109 0 0 0 91
747 8449 1299 1223 176 1 0 365 33 1 289 0 109 0 0 0 91
748 8460 1292 1216 179 1 0 366 32 1 290 0 108 0 0 0 91
749 8460 1293 1218 176 1 0 366 32 1 291 0 107 0 0 0 91
750 8476 1289 1213 168 1 0 367 31 1 291 0 107 0 0 0 92
751 8479 1286 1213 168 1 0 366 32 1 293 0 105 0 0 0 92
752 8468 1292 1219 167 1 0 366 32 1 293 0 105 0 0 0 92
753 8473 1290 1216 167 1 0 366 32 1 292 0 106 0 0 0 92
754 8487 1283 1210 166 1 0 366 32 1 293 0 105 0 0 0 92
755 8493 1279 1207 167 1 0 366 32 1 294 0 104 0 0 0 92
756 8496 1277 1205 168 1 0 366 32 1 294 0 104 0 0 0 92
757 8491 1277 1206 172 1 0 365 33 1 294 0 104 0 0 0 92
758 8488 1276 1207 175 1 0 365 33 1 296 0 102 0 0 0 92
759 8488 1275 1207 176 1 0 365 33 1 297 0 101 0 0 0 92
760 8494 1274 1204 174 1 0 366 32 1 296 0 102 0 0 0 92
761 8483 1279 1210 174 1 0 366 32 1 297 0 101 0 0 0 92
762 8487 1278 1209 172 1 0 366 32 1 297 0 101 0 0 0 92
763 8489 1277 1209 171 1 0 366 32 1 298 0 100 0 0 0 92
764 8490 1278 1210 168 1 0 366 32 1 298 0 100 0 0 0 92
765 8506 1271 1203 166 1 0 366 32 1 298 0 100 0 0 0 92
766 8518 1263 1196 169 1 0 365 33 1 298 0 100 0 0 0 92
767 8522 1261 1194 167 1 0 365 34 1 298 0 101 0 0 0 92
768 8530 1257 1190 165 1 0 365 35 1 298 0 102 0 0 0 92
769 8533 1256 1189 164 1 0 365 35 1 298 0 102 0 0 0 92
770 8531 1257 1188 164 1 0 367 34 1 298 0 103 0 0 0 92
771 8541 1254 1187 158 1 0 366 35 1 299 0 102 0 0 0 92
772 8543 1252 1185 159 1 0 366 35 1 299 0 102 0 0 0 93
773 8535 1256 1190 158 1 0 366 35 1 300 0 101 0 0 0 93
774 8534 1256 1191 158 1 0 365 36 1 300 0 101 0 0 0 93
775 8538 1253 1189 159 1 0 365 36 1 301 0 100 0 0 0 93
776 8545 1251 1186 157 1 0 366 35 1 301 0 100 0 0 0 93
777 8539 1255 1190 155 1 0 366 35 1 301 0 100 0 0 0 93
778 8549 1250 1187 153 1 0 366 35 1 303 0 98 0 0 0 93
779 8541 1253 1190 155 1 0 366 35 1 303 0 98 0 0 0 93
780 8547 1250 1187 155 1 0 366 35 1 303 0 98 0 0 0 93
781 8547 1249 1187 156 1 0 365 36 1 303 0 98 0 0 0 93
782 8554 1245 1184 156 1 0 365 36 1 304 0 97 0 0 0 93
783 8555 1247 1183 154 1 0 366 35 1 302 0 99 0 0 0 93
784 8564 1243 1180 152 1 0 365 36 1 302 0 99 0 0 0 93
785 8577 1237 1174 151 1 0 365 36 1 302 0 99 0 0 0 93
786 8586 1233 1170 150 1 0 366 35 1 303 0 98 0 0 0 93
787 8602 1226 1164 147 1 0 366 35 1 304 0 97 0 0 0 93
788 8601 1227 1166 145 1 0 366 35 1 305 0 96 0 0 0 93
789 8617 1218 1157 147 1 0 366 35 1 305 0 96 0 0 0 93
790 8623 1215 1156 145 1 0 366 35 1 307 0 94 0 0 0 93
791 8626 1213 1155 145 1 0 365 36 1 307 0 94 0 0 0 93
792 8625 1213 1155 145 1 0 365 36 1 307 0 94 0 0 0 94
793 8624 1213 1155 146 1 0 364 37 1 306 0 95 0 0 0 94
794 8635 1209 1151 143 1 0 364 37 1 306 0 95 0 0 0 94
795 8641 1206 1150 141 1 0 364 37 1 308 0 93 0 0 0 94
796 8640 1207 1151 140 1 0 364 37 1 308 0 93 0 0 0 94
797 8645 1205 1149 139 1 0 364 37 1 308 0 93 0 0 0 94
798 8645 1204 1149 140 1 0 363 38 1 308 0 93 0 0 0 94
799 8655 1199 1145 139 1 0 363 38 1 309 0 92 0 0 0 94
800 8655 1200 1144 139 1 0 364 37 1 308 0 93 0 0 0 94
801 8656 1199 1143 140 1 0 363 38 1 307 0 94 0 0 0 94
802 8659 1197 1140 140 2 0 363 38 1 307 0 95 0 0 1 93
803 8659 1196 1139 142 2 0 363 38 1 307 0 95 0 0 1 93
804 8666 1193 1137 140 2 0 362 39 1 307 0 95 0 0 1 93
805 8672 1187 1133 144 2 0 362 39 1 309 0 93 0 0 1 93
806 8673 1188 1133 142 2 0 363 38 1 309 0 93 0 0 1 93
807 8680 1184 1129 143 2 0 363 38 1 309 0 93 0 0 1 93
808 8674 1188 1132 142 2 0 363 38 1 308 0 94 0 0 1 93
809 8673 1188 1132 143 2 0 362 39 1 307 0 95 0 0 1 93
810 8676 1187 1131 142 2 0 362 39 1 307 0 95 0 0 1 93
811 8689 1181 1127 139 2 0 362 39 1 309 0 93 0 0 1 93
812 8682 1184 1131 139 2 0 362 39 1 310 0 92 0 0 1 93
813 8686 1183 1130 137 2 0 362 39 1 310 0 92 0 0 1 93
814 8698 1178 1125 135 2 0 362 39 1 310 0 92 0 0 1 93
815 8705 1174 1121 136 2 0 362 39 1 310 0 92 0 0 1 93
816 8710 1171 1118 137 2 0 362 39 1 310 0 92 0 0 1 93
817 8712 1171 1118 135 2 0 362 39 1 310 0 92 0 0 1 93
818 8721 1167 1114 134 2 0 362 39 1 310 0 92 0 0 1 93
819 8731 1162 1109 134 2 0 362 39 1 310 0 92 0 0 1 93
820 8738 1158 1103 133 2 0 364 39 1 310 0 94 0 0 1 93
821 8752 1151 1097 132 2 0 364 39 1 311 0 93 0 0 1 93
822 8764 1146 1090 132 2 0 365 38 1 310 0 94 0 0 1 93
823 8759 1150 1092 131 2 0 367 36 1 310 0 94 0 0 1 93
824 8757 1152 1094 129 2 0 367 36 1 310 0 94 0 0 1 93
825 8765 1148 1091 128 2 0 367 36 1 311 0 93 0 0 1 93
826 8774 1144 1087 127 2 0 367 36 1 311 0 93 0 0 1 93
827 8779 1142 1085 126 2 0 367 36 1 311 0 93 0 0 1 93
828 8790 1136 1080 126 2 0 367 36 1 312 0 92 0 0 1 93
829 8793 1135 1079 125 2 0 367 36 1 312 0 92 0 0 1 93
830 8787 1138 1083 124 2 0 368 35 1 314 0 90 0 0 1 93
831 8786 1138 1083 125 2 0 368 35 1 314 0 90 0 0 1 93
832 8791 1136 1081 124 2 0 368 35 1 314 0 90 0 0 1 93
833 8800 1132 1076 122 2 0 369 35 1 314 0 91 0 0 1 93
834 8799 1133 1077 121 2 0 369 35 1 314 0 91 0 0 1 93
835 8804 1130 1075 121 2 0 368 36 1 314 0 91 0 0 1 93
836 8802 1131 1077 120 2 0 368 36 1 315 0 90 0 0 1 93
837 8817 1125 1071 117 2 0 368 36 1 315 0 90 0 0 1 93
838 8835 1116 1063 116 2 0 369 35 1 317 0 88 0 0 1 93
839 8833 1117 1063 117 2 0 369 35 1 316 0 89 0 0 1 93
840 8828 1119 1066 117 2 0 369 35 1 317 0 88 0 0 1 93
841 8834 1116 1065 115 2 0 368 36 1 318 0 87 0 0 1 93
842 8831 1117 1066 116 2 0 368 36 1 318 0 87 0 0 1 93
843 8845 1110 1060 115 2 0 369 35 1 320 0 85 0 0 1 93
844 8849 1108 1058 115 2 0 369 35 1 320 0 85 0 0 1 93
845 8852 1106 1056 116 2 0 369 35 1 320 0 85 0 0 1 93
846 8850 1109 1058 113 2 0 369 35 1 319 0 86 0 0 1 93
847 8854 1107 1057 112 2 0 369 35 1 320 0 85 0 0 1 93
848 8866 1102 1051 111 2 0 371 33 1 321 0 84 0 0 1 93
849 8875 1097 1048 110 2 0 371 33 1 323 0 82 0 0 1 93
850 8884 1090 1041 114 2 0 372 32 1 324 0 81 0 0 1 94
851 8897 1086 1036 110 2 0 373 31 1 324 0 81 0 0 1 94
852 8904 1082 1032 111 2 0 373 31 1 324 0 81 0 0 1 94
853 8909 1079 1031 110 2 0 373 31 1 326 0 79 0 0 1 94
854 8911 1079 1032 107 2 0 373 31 1 327 0 78 0 0 1 94
855 8922 1074 1029 104 2 0 372 32 1 328 0 77 0 0 1 94
856 8916 1078 1033 102 2 0 372 32 1 328 0 77 0 0 1 94
857 8925 1072 1027 105 2 0 372 32 1 328 0 77 0 0 1 94
858 8935 1066 1021 107 2 0 372 32 1 328 0 77 0 0 1 94
859 8951 1057 1014 107 2 0 371 33 1 329 0 76 0 0 1 94
860 8953 1055 1010 111 2 0 372 32 1 328 0 77 0 0 1 94
861 8958 1051 1007 113 2 0 372 32 1 329 0 76 0 0 1 94
862 8957 1048 1005 119 2 0 371 33 1 329 0 76 0 0 1 94
863 8959 1046 1003 121 2 0 371 33 1 329 0 76 0 0 1 94
864 8948 1050 1009 122 2 0 371 33 1 331 0 74 0 0 1 94
865 8944 1053 1012 120 2 0 371 33 1 331 0 74 0 0 1 94
866 8945 1054 1011 119 2 0 371 33 1 329 0 76 0 0 1 94
867 8943 1054 1012 120 2 0 370 34 1 329 0 76 0 0 1 94
868 8943 1054 1012 120 2 0 370 34 1 329 0 76 0 0 1 94
869 8947 1052 1011 119 2 0 371 33 1 331 0 74 0 0 1 94
870 8946 1053 1010 118 2 0 373 32 1 331 0 75 0 0 1 94
871 8937 1058 1014 116 2 0 373 33 1 330 0 77 0 0 1 94
872 8945 1055 1010 113 2 0 374 33 1 330 0 78 0 0 1 94
873 8945 1054 1010 112 2 0 375 33 1 332 0 77 0 0 1 94
874 8953 1051 1008 109 2 0 375 33 1 333 0 76 0 0 1 94
875 8958 1049 1006 108 2 0 375 33 1 333 0 76 0 0 1 94
876 8960 1048 1003 110 2 0 377 31 1 333 0 76 0 0 1 94
877 8968 1045 999 107 2 0 378 31 1 333 0 77 0 0 1 94
878 8971 1044 998 106 2 0 378 31 1 333 0 77 0 0 1 94
879 8984 1038 990 105 2 0 379 31 1 332 0 79 0 0 1 94
880 8985 1036 989 107 2 0 379 31 1 333 0 78 0 0 1 94
881 8981 1039 991 106 2 0 379 31 1 332 0 79 0 0 1 94
882 8991 1034 987 105 2 0 380 30 1 334 0 77 0 0 1 94
883 8994 1032 986 105 2 0 379 31 1 334 0 77 0 0 1 94
884 8996 1030 985 106 2 0 378 32 1 334 0 77 0 0 1 94
885 8990 1034 987 106 2 0 378 32 1 332 0 79 0 0 1 94
886 9001 1027 981 108 2 0 378 32 1 333 0 78 0 0 1 94
887 9019 1018 972 107 2 0 379 31 1 334 0 77 0 0 1 95
888 9015 1020 974 107 2 0 379 31 1 334 0 77 0 0 1 95
889 9032 1011 966 107 2 0 379 31 1 335 0 76 0 0 1 95
890 9037 1009 965 105 2 0 379 31 1 336 0 75 0 0 1 95
891 9033 1011 967 105 2 0 379 31 1 336 0 75 0 0 1 95
892 9044 1005 961 106 2 0 379 31 1 336 0 75 0 0 1 95
893 9056 999 955 106 2 0 379 31 1 336 0 75 0 0 1 95
894 9047 1004 960 105 2 0 379 31 1 336 0 75 0 0 1 95
895 9059 997 955 105 3 0 378 31 1 338 1 72 0 0 1 95
896 9055 998 957 106 3 0 378 31 1 339 1 71 0 0 1 95
897 9059 997 956 104 3 0 378 31 1 339 1 71 0 0 1 95
898 9059 999 958 100 3 0 378 31 1 339 1 71 0 0 1 95
899 9070 993 952 101 3 0 378 31 1 339 1 71 0 0 1 95
900 9070 992 951 103 3 0 377 32 1 338 1 72 0 0 1 95
901 9073 991 951 101 3 0 377 32 1 339 1 71 0 0 1 95
902 9094 982 941 99 2 0 379 31 0 340 1 71 0 0 1 95
903 9091 985 944 96 2 0 379 31 0 340 1 71 0 0 1 95
904 9094 983 941 96 2 0 380 31 0 340 1 72 0 0 1 95
905 9104 978 936 96 2 0 380 31 0 340 1 72 0 0 1 95
906 9100 980 938 96 2 0 380 31 0 340 1 72 0 0 1 95
907 9101 980 937 96 2 0 380 31 0 339 1 73 0 0 1 95
908 9097 981 940 96 2 0 379 32 0 340 1 72 0 0 1 95
909 9085 986 948 95 2 0 379 32 0 343 1 69 0 0 1 95
910 9094 982 944 93 2 0 379 32 0 343 1 69 0 0 1 96
911 9089 985 946 93 2 0 380 31 0 343 1 69 0 0 1 96
912 9095 982 943 93 2 0 380 31 0 343 1 69 0 0 1 96
913 9107 976 937 93 2 0 380 31 0 343 1 69 0 0 1 96
914 9110 974 936 93 2 0 380 31 0 344 1 68 0 0 1 96
915 9114 973 936 90 2 0 380 31 0 345 1 67 0 0 1 96
916 9120 971 932 88 2 0 382 30 0 345 1 68 0 0 1 96
917 9115 973 934 89 2 0 382 30 0 345 1 68 0 0 1 96
918 9113 973 935 90 2 0 381 31 0 345 1 68 0 0 1 96
919 9118 969 932 92 2 0 381 31 0 346 1 67 0 0 1 96
920 9121 967 931 92 2 0 381 31 0 347 1 66 0 0 1 96
921 9126 965 929 91 2 0 381 31 0 347 1 66 0 0 1 96
922 9142 957 922 90 2 0 381 31 0 348 1 65 0 0 1 96
923 9145 957 922 87 2 0 381 31 0 348 1 65 0 0 1 96
924 9154 953 919 85 2 0 381 31 0 349 1 64 0 0 1 96
925 9164 947 913 87 2 0 383 29 0 351 1 62 0 0 1 96
926 9162 948 914 86 2 0 383 29 0 351 1 62 0 0 1 97
927 9159 948 915 88 2 0 382 30 0 351 1 62 0 0 1 97
928 9165 945 911 87 2 0 383 30 0 351 1 63 0 0 1 97
929 9177 940 905 84 2 0 384 30 0 351 1 64 0 0 1 97
930 9187 935 901 83 2 0 383 31 0 351 1 64 0 0 1 97
931 9186 936 902 82 2 0 383 31 0 351 1 64 0 0 1 97
932 9190 934 900 82 2 0 383 31 0 351 1 64 0 0 1 97
933 9197 930 896 83 2 0 383 31 0 351 1 64 0 0 1 97
934 9202 929 893 82 2 0 384 30 0 350 1 65 0 0 1 97
935 9201 929 893 83 2 0 385 29 0 351 1 64 0 0 1 97
936 9196 931 896 83 2 0 384 30 0 351 1 64 0 0 1 97
937 9204 929 892 81 2 0 384 30 0 349 1 66 0 0 1 97
938 9204 928 892 82 2 0 383 31 0 349 1 66 0 0 1 97
939 9214 924 888 80 2 0 383 31 0 349 1 66 0 0 1 97
940 9206 928 891 81 2 0 384 30 0 349 1 66 0 0 1 97
941 9214 924 887 81 2 0 384 30 0 349 1 66 0 0 1 97
942 9217 923 886 80 2 0 384 30 0 349 1 66 0 0 1 97
943 9225 918 881 82 2 0 384 30 0 349 1 66 0 0 1 97
944 9231 915 877 81 2 0 385 30 0 349 1 67 0 0 1 97
945 9243 910 870 80 2 0 387 28 0 349 1 67 0 0 1 98
946 9250 907 867 79 2 0 387 28 0 349 1 67 0 0 1 98
947 9250 907 866 80 2 0 388 27 0 349 1 67 0 0 1 98
948 9251 908 867 77 2 0 389 26 0 350 1 66 0 0 1 98
949 9255 905 866 77 2 0 389 26 0 352 1 64 0 0 1 98
950 9263 901 863 76 2 0 389 26 0 353 1 63 0 0 1 98
951 9267 899 862 75 2 0 389 26 0 354 1 62 0 0 1 98
952 9262 902 865 74 2 0 389 26 0 354 1 62 0 0 1 98
953 9264 901 863 73 2 0 390 26 0 354 1 63 0 0 1 98
954 9272 897 859 73 2 0 390 26 0 354 1 63 0 0 1 98
955 9282 892 855 72 2 0 390 26 0 355 1 62 0 0 1 98
956 9288 889 851 71 2 0 391 26 0 355 1 63 0 0 1 98
957 9287 890 852 70 2 0 391 26 0 355 1 63 0 0 1 98
958 9296 886 848 69 2 0 391 26 0 355 1 63 0 0 1 98
959 9303 881 844 71 2 0 390 27 0 355 1 63 0 0 1 98
960 9313 877 839 68 2 0 391 27 0 355 1 64 0 0 1 98
961 9310 879 841 67 2 0 391 27 0 355 1 64 0 0 1 98
962 9319 874 837 67 2 0 390 28 0 355 1 64 0 0 1 98
963 9331 869 832 65 2 0 390 28 0 355 1 64 0 0 1 98
964 9332 868 830 67 2 0 391 27 0 355 1 64 0 0 1 98
965 9334 867 829 67 2 0 391 27 0 355 1 64 0 0 1 98
966 9331 869 832 65 2 0 391 27 0 356 1 63 0 0 1 98
967 9331 870 832 64 2 0 391 27 0 355 1 64 0 0 1 98
968 9333 869 832 63 2 0 390 28 0 355 1 64 0 0 1 98
969 9333 869 832 63 2 0 390 28 0 355 1 64 0 0 1 98
970 9333 869 832 63 2 0 390 28 0 355 1 64 0 0 1 98
971 9329 872 835 61 2 0 391 27 0 356 1 63 0 0 1 98
972 9329 872 835 61 2 0 391 27 0 356 1 63 0 0 1 98
973 9330 872 835 60 2 0 391 27 0 356 1 63 0 0 1 98
974 9324 874 836 63 2 0 392 26 0 356 1 63 0 0 1 98
975 9324 873 835 65 2 0 392 26 0 356 1 63 0 0 1 98
976 9342 864 826 65 2 0 392 26 0 356 1 63 0 0 1 98
977 9344 864 826 63 2 0 392 26 0 356 1 63 0 0 1 98
978 9350 861 823 63 2 0 392 26 0 356 1 63 0 0 1 98
979 9357 858 821 61 2 0 392 26 0 357 1 62 0 0 1 98
980 9369 852 816 60 2 0 392 26 0 358 1 61 0 0 1 98
981 9364 854 818 61 2 0 392 26 0 358 1 61 0 0 1 98
982 9372 850 814 61 2 0 392 26 0 358 1 61 0 0 1 98
983 9374 848 813 62 2 0 391 27 0 358 1 61 0 0 1 98
984 9369 850 815 63 2 0 391 27 0 358 1 61 0 0 1 98
985 9385 841 808 63 2 0 391 27 0 360 1 59 0 0 1 98
986 9399 834 801 63 2 0 391 27 0 360 1 59 0 0 1 98
987 9406 830 798 63 2 0 391 27 0 361 1 58 0 0 1 98
988 9404 831 799 63 2 0 391 27 0 361 1 58 0 0 1 98
989 9409 828 797 63 2 0 390 28 0 361 1 58 0 0 1 98
990 9428 819 788 62 2 0 390 28 0 361 1 58 0 0 1 98
991 9434 816 785 62 2 0 390 28 0 361 1 58 0 0 1 98
992 9438 814 784 61 2 0 390 28 0 362 1 57 0 0 1 98
993 9439 814 784 60 2 0 390 28 0 362 1 57 0 0 1 98
994 9438 814 785 60 2 0 390 28 1 362 0 57 0 0 1 98
995 9443 812 783 59 2 0 390 28 1 362 0 57 0 0 1 98
996 9444 812 783 58 2 0 390 28 1 362 0 57 0 0 1 98
997 9440 815 786 56 2 0 390 28 1 362 0 57 0 0 1 98
998 9447 812 783 55 2 0 390 28 1 362 0 57 0 0 1 98
999 9456 808 779 54 2 0 390 28 1 362 0 57 0 0 1 98
1000 9463 804 775 55 2 0 390 28 1 362 0 57 0 0 1 98
1001 9472 800 770 55 2 0 391 27 1 362 0 57 0 0 1 98
1002 9477 797 768 55 2 0 391 27 1 363 0 56 0 0 1 98
1003 9492 791 761 53 2 0 392 26 1 363 0 56 0 0 1 98
1004 9492 791 761 53 2 0 392 26 1 363 0 56 0 0 1 98
1005 9494 790 759 52 2 0 393 26 1 363 0 57 0 0 1 98
1006 9500 787 756 52 2 0 393 26 1 363 0 57 0 0 1 98
1007 9501 787 756 51 2 0 393 26 1 363 0 57 0 0 1 98
1008 9499 788 757 51 2 0 393 26 1 363 0 57 0 0 1 98
1009 9511 782 751 51 2 0 393 26 1 363 0 57 0 0 1 98
1010 9521 776 747 51 2 0 393 26 1 365 0 55 0 0 1 98
1011 9522 777 746 50 2 0 395 24 1 365 0 55 0 0 1 98
1012 9531 772 741 51 2 0 395 24 1 365 0 55 0 0 1 98
1013 9543 767 735 50 2 0 396 23 1 365 0 55 0 0 1 98
1014 9553 762 730 50 2 0 396 23 1 365 0 55 0 0 1 98
1015 9553 761 729 52 2 0 396 23 1 365 0 55 0 0 1 98
1016 9555 760 728 52 2 0 396 23 1 365 0 55 0 0 1 98
1017 9564 755 724 52 2 0 396 23 1 366 0 54 0 0 1 98
1018 9575 749 719 52 2 0 396 23 1 367 0 53 0 0 1 98
1019 9577 748 719 49 2 0 396 24 1 368 0 53 0 0 1 98
1020 9579 747 718 49 2 0 396 24 1 368 0 53 0 0 1 98
1021 9600 736 708 49 2 0 396 24 1 369 0 52 0 0 1 98
1022 9609 732 704 48 2 0 396 24 1 369 0 52 0 0 1 98
1023 9610 732 703 48 2 0 397 23 1 369 0 52 0 0 1 98
1024 9609 734 704 46 2 0 398 22 1 369 0 52 0 0 1 98
1025 9611 734 704 44 2 0 398 22 1 369 0 52 0 0 1 98
1026 9609 735 706 43 2 0 397 23 1 369 0 52 0 0 1 98
1027 9613 732 704 44 2 0 396 24 1 369 0 52 0 0 1 98
1028 9630 725 696 42 2 0 396 24 1 368 0 53 0 0 1 98
1029 9633 724 695 41 2 0 397 23 1 369 0 52 0 0 1 98
1030 9646 717 688 42 2 0 397 23 1 369 0 52 0 0 1 98
1031 9646 718 688 41 2 0 398 22 1 369 0 52 0 0 1 98
1032 9642 720 690 41 2 0 398 22 1 369 0 52 0 0 1 98
1033 9644 719 689 41 2 0 398 22 1 369 0 52 0 0 1 98
1034 9646 718 688 41 2 0 398 22 1 369 0 52 0 0 1 98
1035 9644 720 689 40 2 0 398 22 1 368 0 53 0 0 1 98
1036 9647 717 687 42 2 0 398 22 1 369 0 52 0 0 1 98
1037 9646 718 688 41 2 0 398 22 1 369 0 52 0 0 1 98
1038 9648 717 687 41 2 0 398 22 1 369 0 52 0 0 1 98
1039 9650 716 687 40 2 0 398 22 1 370 0 51 0 0 1 98
1040 9651 714 687 41 2 0 398 22 1 372 0 49 0 0 1 98
1041 9649 715 688 41 2 0 398 22 1 372 0 49 0 0 1 98
1042 9657 711 684 41 2 0 398 22 1 372 0 49 0 0 1 98
1043 9656 711 684 42 2 0 398 22 1 372 0 49 0 0 1 98
1044 9665 708 679 41 2 0 399 21 1 371 0 50 0 0 1 98
1045 9664 708 679 42 2 0 399 21 1 371 0 50 0 0 1 98
1046 9673 704 675 41 2 0 399 21 1 371 0 50 0 0 1 98
1047 9676 703 673 41 2 0 400 20 1 371 0 50 0 0 1 98
1048 9687 698 668 40 2 0 400 20 1 371 0 50 0 0 1 98
1049 9689 697 667 40 2 0 400 20 1 371 0 50 0 0 1 98
1050 9698 693 662 38 2 0 401 20 1 371 0 51 0 0 1 98
1051 9703 690 659 39 2 0 401 20 1 371 0 51 0 0 1 98
1052 9704 689 658 40 2 0 401 20 1 371 0 51 0 0 1 98
1053 9700 691 660 40 2 0 401 20 1 371 0 51 0 0 1 98
1054 9704 689 659 39 2 0 401 20 1 372 0 50 0 0 1 98
1055 9703 690 658 40 2 0 401 20 1 370 0 52 0 0 1 98
1056 9714 685 652 40 2 0 401 20 1 369 0 53 0 0 1 98
1057 9712 686 653 40 2 0 401 20 1 369 0 53 0 0 1 98
1058 9713 686 653 39 2 0 401 20 1 369 0 53 0 0 1 98
1059 9706 689 656 40 2 0 401 20 1 369 0 53 0 0 1 98
1060 9714 685 652 40 2 0 401 20 1 369 0 53 0 0 1 98
1061 9724 679 647 41 2 0 400 21 1 369 0 53 0 0 1 98
1062 9732 675 643 41 2 0 400 21 1 369 0 53 0 0 1 98
1063 9733 674 642 42 2 0 401 20 1 370 0 52 0 0 1 98
1064 9727 677 645 42 2 0 401 20 1 370 0 52 0 0 1 98
1065 9730 676 643 42 2 0 402 19 1 370 0 52 0 0 1 98
1066 9731 677 642 41 2 0 402 19 1 368 0 54 0 0 1 98
1067 9739 673 638 41 2 0 402 19 1 368 0 54 0 0 1 98
1068 9739 673 638 41 2 0 402 19 1 368 0 54 0 0 1 98
1069 9743 672 637 39 2 0 402 19 1 368 0 54 0 0 1 98
1070 9753 667 632 39 2 0 402 19 1 368 0 54 0 0 1 98
1071 9759 664 630 38 2 0 402 19 1 369 0 53 0 0 1 98
1072 9764 662 628 37 2 0 402 19 1 369 0 53 0 0 1 98
1073 9766 662 628 35 2 0 401 20 1 368 0 54 0 0 1 98
1074 9768 661 627 35 2 0 401 20 1 368 0 54 0 0 1 98
1075 9768 661 627 35 2 0 401 20 1 368 0 54 0 0 1 98
1076 9767 661 627 36 2 0 401 20 1 368 0 54 0 0 1 98
1077 9763 663 629 36 2 0 401 20 1 368 0 54 0 0 1 98
1078 9763 663 629 36 2 0 401 20 1 368 0 54 0 0 1 98
1079 9754 668 633 36 2 0 401 20 1 367 0 55 0 0 1 98
1080 9755 667 633 36 2 0 401 20 1 368 0 54 0 0 1 98
1081 9759 665 631 36 2 0 401 20 1 368 0 54 0 0 1 98
1082 9759 664 631 37 2 0 401 20 1 369 0 53 0 0 1 98
1083 9767 660 627 37 3 0 400 20 2 368 0 53 0 0 1 98
1084 9770 658 627 36 3 0 399 21 2 369 0 52 0 0 1 98
1085 9769 658 628 36 3 0 399 21 2 370 0 51 0 0 1 98
1086 9770 658 629 34 3 0 399 21 2 371 0 50 0 0 1 98
1087 9769 658 629 35 3 0 399 21 2 371 0 50 0 0 1 98
1088 9773 655 626 37 3 0 399 21 2 371 0 50 0 0 1 98
1089 9777 654 625 35 3 0 399 21 2 371 0 50 0 0 1 98
1090 9785 650 621 35 3 0 399 21 2 371 0 50 0 0 1 98
1091 9791 648 619 33 3 0 399 21 2 371 0 50 0 0 1 98
1092 9792 647 618 34 3 0 399 21 2 371 0 50 0 0 1 98
1093 9801 644 614 32 3 0 400 20 2 371 0 50 0 0 1 98
1094 9785 651 622 33 3 0 400 20 2 372 0 49 0 0 1 98
1095 9796 646 617 32 3 0 400 20 2 372 0 49 0 0 1 98
1096 9800 645 616 30 3 0 400 20 2 372 0 49 0 0 1 98
1097 9800 645 616 30 3 0 401 19 2 373 0 48 0 0 1 98
1098 9804 644 614 29 3 0 401 19 2 372 0 49 0 0 1 98
1099 9804 643 615 29 3 0 399 21 2 372 0 49 0 0 1 98
1100 9809 640 612 30 3 0 399 21 2 372 0 49 0 0 1 98
1101 9817 636 608 30 3 0 399 21 2 372 0 49 0 0 1 98
1102 9818 636 608 29 3 0 399 21 2 372 0 49 0 0 1 98
1103 9818 636 608 29 3 0 399 21 2 372 0 49 0 0 1 98
1104 9821 635 607 28 3 0 399 21 2 372 0 49 0 0 1 98
1105 9829 631 604 27 3 0 399 21 2 373 0 48 0 0 1 98
1106 9834 628 601 28 3 0 399 21 2 373 0 48 0 0 1 98
1107 9841 625 599 26 3 0 399 21 2 374 0 47 0 0 1 98
1108 9842 624 599 26 3 0 398 22 2 374 0 47 0 0 1 98
1109 9851 620 595 25 3 0 398 22 2 374 0 47 0 0 1 98
1110 9858 616 592 25 3 0 398 22 2 375 0 46 0 0 1 98
1111 9855 618 593 25 3 0 398 22 2 374 0 47 0 0 1 98
1112 9849 621 596 25 3 0 398 22 2 374 0 47 0 0 1 98
1113 9846 622 598 25 3 0 398 22 2 375 0 46 0 0 1 98
1114 9846 622 598 25 3 0 398 22 2 375 0 46 0 0 1 98
1115 9850 620 596 25 3 0 398 22 2 375 0 46 0 0 1 98
1116 9851 619 595 26 3 0 398 22 2 375 0 46 0 0 1 98
1117 9850 620 595 26 3 0 398 22 2 374 0 47 0 0 1 98
1118 9858 616 592 25 3 0 398 22 2 375 0 46 0 0 1 98
1119 9859 616 592 24 3 0 398 22 2 375 0 46 0 0 1 98
1120 9863 614 590 24 3 0 398 22 2 375 0 46 0 0 1 98
1121 9870 611 587 23 3 0 398 22 2 375 0 46 0 0 1 98
1122 9874 609 585 23 3 0 398 22 2 375 0 46 0 0 1 98
1123 9878 607 583 23 3 0 398 22 2 375 0 46 0 0 1 98
1124 9887 603 579 22 3 0 398 22 2 375 0 46 0 0 1 98
1125 9884 605 580 22 3 0 398 22 2 374 0 47 0 0 1 98
1126 9889 602 578 22 3 0 398 22 2 375 0 46 0 0 1 98
1127 9892 600 577 22 3 0 398 22 2 376 0 45 0 0 1 98
1128 9888 602 579 22 3 0 398 22 2 376 0 45 0 0 1 98
1129 9892 600 577 22 3 0 398 22 2 376 0 45 0 0 1 98
1130 9894 599 576 22 3 0 397 23 2 375 0 46 0 0 1 98
1131 9894 599 576 22 3 0 397 23 2 375 0 46 0 0 1 98
1132 9894 600 576 21 3 0 398 22 2 375 0 46 0 0 1 98
1133 9892 601 577 21 3 0 398 22 2 375 0 46 0 0 1 98
1134 9895 600 575 21 3 0 399 21 2 375 0 46 0 0 1 98
1135 9902 596 571 22 3 0 399 21 2 375 0 46 0 0 1 98
1136 9914 590 565 22 3 0 399 21 2 375 0 46 0 0 1 98
1137 9915 590 564 22 3 0 400 20 2 375 0 46 0 0 1 98
1138 9920 588 561 22 3 0 400 20 2 374 0 47 0 0 1 98
1139 9914 591 564 22 3 0 400 20 2 374 0 47 0 0 1 98
1140 9927 585 557 22 3 0 401 19 2 374 0 47 0 0 1 98
1141 9928 585 557 21 3 0 401 19 2 374 0 47 0 0 1 98
1142 9928 585 558 20 3 0 402 18 2 376 0 45 0 0 1 98
1143 9934 582 555 20 3 0 402 18 2 376 0 45 0 0 1 98
1144 9939 579 553 20 3 0 402 18 2 377 0 44 0 0 1 98
1145 9931 583 557 20 3 0 402 18 2 377 0 44 0 0 1 98
1146 9929 584 558 20 3 0 402 18 2 377 0 44 0 0 1 98
1147 9929 583 559 20 3 0 401 19 2 378 0 43 0 0 1 98
1148 9933 581 557 20 3 0 401 19 2 378 0 43 0 0 1 98
1149 9940 578 554 19 3 0 401 19 2 378 0 43 0 0 1 98
1150 9942 577 553 19 3 0 401 19 2 378 0 43 0 0 1 98
1151 9958 569 544 18 3 0 402 19 2 378 0 44 0 0 1 98
1152 9959 569 543 18 3 0 403 18 2 378 0 44 0 0 1 98
1153 9961 567 542 19 3 0 402 19 2 378 0 44 0 0 1 98
1154 9958 568 544 19 3 0 401 20 2 378 0 44 0 0 1 98
1155 9957 568 544 20 3 0 401 20 2 378 0 44 0 0 1 98
1156 9959 567 543 20 3 0 401 20 2 378 0 44 0 0 1 98
1157 9960 567 543 19 3 0 401 20 2 378 0 44 0 0 1 98
1158 9959 567 543 20 3 0 401 20 2 378 0 44 0 0 1 98
1159 9965 564 540 20 3 0 401 20 2 378 0 44 0 0 1 98
1160 9968 563 538 20 3 0 401 20 2 377 0 45 0 0 1 98
1161 9970 561 537 21 3 0 400 21 2 377 0 45 0 0 1 98
1162 9974 559 535 21 3 0 400 21 2 377 0 45 0 0 1 98
1163 9981 555 532 21 3 0 399 22 2 377 0 45 0 0 1 98
1164 9985 553 530 21 3 0 399 22 2 377 0 45 0 0 1 98
1165 9992 550 527 20 3 0 399 22 2 377 0 45 0 0 1 98
1166 9988 551 530 20 3 0 399 22 2 379 0 43 0 0 1 98
1167 9985 552 531 21 3 0 399 22 2 379 0 43 0 0 1 98
1168 9989 550 529 21 3 0 399 22 2 379 0 43 0 0 1 98
1169 9994 547 527 21 3 0 399 22 2 380 0 42 0 0 1 98
1170 9997 546 526 20 3 0 399 22 2 380 0 42 0 0 1 98
1171 9997 546 526 20 4 0 398 22 2 380 1 41 0 0 1 98
1172 10002 543 524 20 4 0 398 22 2 381 1 40 0 0 1 98
1173 10004 542 523 20 4 0 398 22 2 381 1 40 0 0 1 98
1174 10006 541 522 20 4 0 398 22 2 381 1 40 0 0 1 98
1175 10009 540 520 20 4 0 399 21 2 381 1 40 0 0 1 98
1176 10002 543 523 21 4 0 399 21 2 381 1 40 0 0 1 98
1177 10000 544 524 21 4 0 399 21 2 381 1 40 0 0 1 98
1178 10005 542 522 20 4 0 399 21 2 381 1 40 0 0 1 98
1179 10004 542 524 19 4 1 398 21 3 381 1 39 0 0 1 98
1180 10002 543 525 19 4 1 398 21 3 381 1 39 0 0 1 98
1181 10001 544 526 18 4 1 398 21 3 381 1 39 0 0 1 98
1182 9999 545 527 18 4 1 398 21 3 381 1 39 0 0 1 98
1183 9996 546 529 18 4 1 398 21 3 382 1 38 0 0 1 98
1184 9996 546 529 18 4 1 398 21 3 382 1 38 0 0 1 98
1185 9994 547 530 18 4 1 398 21 3 382 1 38 0 0 1 98
1186 9994 547 530 18 4 1 398 21 3 382 1 38 0 0 1 98
1187 9998 546 527 18 4 1 399 20 3 381 1 39 0 0 1 98
1188 10007 541 523 18 4 1 399 20 3 382 1 38 0 0 1 98
1189 10010 540 521 18 4 1 399 20 3 381 1 39 0 0 1 98
1190 10008 541 522 18 4 1 399 20 3 381 1 39 0 0 1 98
1191 10010 540 521 18 4 1 399 20 3 381 1 39 0 0 1 98
1192 10015 538 519 17 4 1 399 20 3 381 1 39 0 0 1 98
1193 10017 537 519 16 4 1 399 20 3 382 1 38 0 0 1 98
1194 10029 531 513 16 4 1 399 20 3 382 1 38 0 0 1 98
1195 10038 527 509 15 4 1 399 20 3 382 1 38 0 0 1 98
1196 10040 526 508 15 4 1 399 20 3 382 1 38 0 0 1 98
1197 10047 522 505 15 4 1 398 21 3 382 1 38 0 0 1 98
1198 10053 519 502 15 4 1 398 21 3 382 1 38 0 0 1 98
1199 10057 517 500 15 4 1 398 21 3 382 1 38 0 0 1 98
1200 10061 515 498 15 4 1 398 21 3 382 1 38 0 0 1 98
1201 10060 515 498 16 4 1 398 21 3 382 1 38 0 0 1 98
1202 10061 515 498 15 5 1 397 21 3 382 2 37 0 0 1 98
1203 10064 513 496 16 5 1 397 21 3 382 2 37 0 0 1 98
1204 10075 507 491 16 5 1 397 21 4 382 1 37 0 0 1 98
1205 10074 506 493 16 5 1 395 23 5 382 0 37 0 0 1 98
1206 10078 504 491 16 5 1 395 23 5 382 0 37 0 0 1 98
1207 10074 506 493 16 5 1 395 23 5 382 0 37 0 0 1 98
1208 10069 508 495 17 5 1 395 23 5 382 0 37 0 0 1 98
1209 10068 508 495 18 5 1 395 23 6 381 0 37 0 1 1 97
1210 10070 508 494 17 5 1 396 22 6 381 0 37 0 1 1 97
1211 10076 505 491 17 5 1 396 22 6 381 0 37 0 1 1 97
1212 10070 507 494 18 5 1 395 23 6 381 0 37 0 1 1 97
1213 10073 506 493 17 5 1 395 23 6 381 0 37 0 1 1 97
1214 10074 506 492 17 5 1 396 22 6 381 0 37 0 1 1 97
1215 10077 505 491 16 5 1 396 22 6 381 0 37 0 1 1 97
1216 10089 499 484 17 5 1 397 21 6 381 0 37 0 1 1 97
1217 10097 495 480 17 5 1 397 21 6 381 0 37 0 1 1 97
1218 10099 494 479 17 5 1 397 21 6 381 0 37 0 1 1 97
1219 10099 494 480 16 5 1 397 21 6 382 0 36 0 1 1 97
1220 10093 497 483 16 5 1 397 21 6 382 0 36 0 1 1 97
1221 10098 494 481 16 5 1 397 21 6 383 0 35 0 1 1 97
1222 10103 491 479 16 5 1 397 21 6 384 0 34 0 1 1 97
1223 10105 489 479 16 5 1 397 21 6 386 0 32 0 1 1 97
1224 10108 488 479 14 5 1 397 21 6 387 0 31 0 1 1 97
1225 10116 484 475 14 5 1 397 21 6 387 0 31 0 1 1 97
1226 10120 482 473 14 5 1 397 21 6 387 0 31 0 1 1 97
1227 10125 479 470 15 5 1 397 21 6 387 0 31 0 1 1 97
1228 10131 476 467 15 5 1 397 21 6 387 0 31 0 1 1 97
1229 10125 478 469 17 5 1 397 21 6 387 0 31 0 1 1 97
1230 10129 476 467 17 5 1 397 21 6 387 0 31 0 1 1 97
1231 10131 475 466 17 5 1 397 21 6 387 0 31 0 1 1 97
1232 10133 474 465 17 5 1 397 21 6 387 0 31 0 1 1 97
1233 10133 474 465 17 5 1 397 21 6 387 0 31 0 1 1 97
1234 10141 470 461 17 5 1 397 21 6 387 0 31 0 1 1 97
1235 10142 469 461 17 5 1 397 21 6 388 0 30 0 1 1 97
1236 10146 467 459 17 5 1 397 21 6 388 0 30 0 1 1 97
1237 10150 465 457 17 5 1 397 21 6 388 0 30 0 1 1 97
1238 10152 464 456 17 5 1 397 21 6 388 0 30 0 1 1 97
1239 10150 465 457 17 5 1 397 21 6 388 0 30 0 1 1 97
1240 10154 463 455 17 5 1 397 21 6 388 0 30 0 1 1 97
1241 10161 460 452 16 5 1 398 20 6 389 0 29 0 1 1 97
1242 10165 458 450 16 5 1 398 20 6 389 0 29 0 1 1 97
1243 10171 455 447 16 5 1 398 20 6 389 0 29 0 1 1 97
1244 10178 451 443 17 5 1 398 20 6 389 0 29 0 1 1 97
1245 10175 453 445 16 5 1 398 20 6 389 0 29 0 1 1 97
1246 10180 451 443 15 5 1 398 20 6 389 0 29 0 1 1 97
1247 10186 448 440 15 5 1 398 20 6 389 0 29 0 1 1 97
1248 10184 449 441 15 5 1 398 20 6 389 0 29 0 1 1 97
1249 10183 449 441 16 5 1 398 20 6 389 0 29 0 1 1 97
1250 10193 444 436 16 5 1 398 20 6 389 0 29 0 1 1 97
1251 10196 443 434 16 5 1 398 20 6 388 0 30 0 1 1 97
1252 10202 440 432 15 5 1 398 20 6 389 0 29 0 1 1 97
1253 10201 441 433 14 5 1 398 20 6 389 0 29 0 1 1 97
1254 10197 443 436 13 5 1 398 20 6 390 0 28 0 1 1 97
1255 10201 441 434 13 5 1 398 20 6 390 0 28 0 1 1 97
1256 10200 441 435 13 5 1 398 20 6 391 0 27 0 1 1 97
1257 10208 437 431 13 5 1 398 20 6 391 0 27 0 1 1 97
1258 10214 434 429 12 5 1 398 20 6 392 0 26 0 1 1 97
1259 10215 434 429 11 5 1 398 20 6 392 0 26 0 1 1 97
1260 10211 436 431 11 5 1 398 20 6 392 0 26 0 1 1 97
1261 10214 435 429 11 5 1 399 19 6 392 0 26 0 1 1 97
1262 10221 431 426 11 5 1 399 19 6 393 0 25 0 1 1 97
1263 10225 429 424 11 5 1 399 19 6 393 0 25 0 1 1 97
1264 10232 426 421 10 6 1 398 19 6 393 0 25 0 1 2 96
1265 10233 425 420 11 6 1 398 19 6 393 0 25 0 1 2 96
1266 10233 425 420 11 6 1 398 19 6 393 0 25 0 1 2 96
1267 10242 421 417 9 6 1 398 19 6 394 0 24 0 1 2 96
1268 10244 420 416 9 6 1 398 19 6 394 0 24 0 1 2 96
1269 10242 421 417 9 6 1 398 19 6 394 0 24 0 1 2 96
1270 10243 420 416 10 6 1 398 19 6 394 0 24 0 1 2 96
1271 10245 419 415 10 6 2 398 18 7 393 0 24 0 1 2 96
1272 10251 416 412 10 6 2 398 18 7 393 0 24 0 1 2 96
1273 10257 413 409 10 6 2 398 18 7 393 0 24 0 1 2 96
1274 10260 412 407 10 6 2 399 17 7 393 0 24 0 1 2 96
1275 10258 413 408 10 6 2 399 17 7 393 0 24 0 1 2 96
1276 10263 410 405 11 6 2 399 17 7 393 0 24 0 1 2 96
1277 10271 406 401 11 6 2 399 17 7 393 0 24 0 1 2 96
1278 10280 401 397 11 6 2 399 17 7 394 0 23 0 1 2 96
1279 10283 399 396 11 6 2 398 18 7 394 0 23 0 1 2 96
1280 10283 399 396 11 6 2 398 18 7 394 0 23 0 1 2 96
1281 10285 398 395 11 6 2 398 18 7 394 0 23 0 1 2 96
1282 10284 400 395 10 6 2 399 17 7 393 0 24 0 1 2 96
1283 10289 397 393 10 6 2 399 17 7 394 0 23 0 1 2 96
1284 10286 399 395 9 6 2 399 17 7 394 0 23 0 1 2 96
1285 10285 400 395 9 6 2 400 16 7 394 0 23 0 1 2 96
1286 10278 403 398 10 6 2 400 16 7 394 0 23 0 1 2 96
1287 10280 403 397 9 7 1 400 16 7 394 0 23 0 1 2 96
1288 10279 403 397 10 7 1 400 16 7 394 0 23 0 1 2 96
1289 10277 403 399 10 7 1 398 18 7 394 0 23 0 1 2 96
1290 10278 402 399 10 7 1 397 19 7 394 0 23 0 1 2 96
1291 10280 401 398 10 7 1 397 19 7 394 0 23 0 1 2 96
1292 10281 400 397 11 7 1 397 19 7 394 0 23 0 1 2 96
1293 10276 402 399 12 7 1 397 19 7 394 0 23 0 1 2 96
1294 10280 400 396 13 7 1 398 18 7 394 0 23 0 1 2 96
1295 10288 396 392 13 7 1 398 18 7 394 0 23 0 1 2 96
1296 10296 392 388 13 7 1 398 18 7 394 0 23 0 1 2 96
1297 10296 392 388 13 7 1 398 18 7 394 0 23 0 1 2 96
1298 10297 391 387 14 7 1 398 18 7 394 0 23 0 1 2 96
1299 10301 389 385 14 7 1 398 18 7 394 0 23 0 1 2 96
1300 10305 387 383 14 7 1 398 18 7 394 0 23 0 1 2 96
1301 10299 390 386 14 7 1 398 18 7 394 0 23 0 1 2 96
1302 10298 391 386 14 7 1 398 18 7 393 0 24 0 1 2 96
1303 10297 391 387 14 7 1 397 19 7 393 0 24 0 1 2 96
1304 10306 386 383 14 7 1 397 19 7 394 0 23 0 1 2 96
1305 10312 383 381 13 7 1 397 19 7 395 0 22 0 1 2 96
1306 10316 382 380 11 7 1 397 19 7 395 0 22 0 1 2 96
1307 10322 379 377 11 7 1 397 19 7 395 0 22 0 1 2 96
1308 10322 379 376 12 7 1 398 18 7 395 0 22 0 1 2 96
1309 10324 378 375 12 7 1 398 18 7 395 0 22 0 1 2 96
1310 10326 377 374 12 7 1 398 18 7 395 0 22 0 1 2 96
1311 10325 377 375 12 7 1 398 18 7 396 0 21 0 1 2 96
1312 10327 376 374 12 7 1 398 18 7 396 0 21 0 1 2 96
1313 10332 374 371 12 7 1 399 17 7 396 0 21 0 1 2 96
1314 10334 373 370 10 7 1 399 18 7 396 0 22 0 1 2 96
1315 10331 374 372 10 7 1 398 19 7 396 0 22 0 1 2 96
1316 10328 375 373 11 7 1 398 19 7 396 0 22 0 1 2 96
1317 10332 373 371 11 7 1 398 19 7 396 0 22 0 1 2 96
1318 10342 369 366 10 7 1 399 18 7 396 0 22 0 1 2 96
1319 10336 372 369 10 7 1 399 18 7 396 0 22 0 1 2 96
1320 10332 374 371 10 7 1 399 18 7 396 0 22 0 1 2 96
1321 10327 376 374 10 7 1 398 19 7 396 0 22 0 1 2 96
1322 10327 376 374 10 7 1 398 19 7 396 0 22 0 1 2 96
1323 10329 375 373 10 7 1 398 19 7 396 0 22 0 1 2 96
1324 10331 373 373 10 7 1 396 21 7 396 0 22 0 1 2 96
1325 10336 371 370 10 7 1 397 20 7 396 0 22 0 1 2 96
1326 10334 372 371 10 7 1 397 20 7 396 0 22 0 1 2 96
1327 10332 373 372 10 7 1 397 20 7 396 0 22 0 1 2 96
1328 10331 373 373 10 7 1 397 20 7 397 0 21 0 1 2 96
1329 10329 374 374 10 7 1 397 20 7 397 0 21 0 1 2 96
1330 10331 373 373 10 7 1 397 20 7 397 0 21 0 1 2 96
1331 10332 373 372 10 7 1 397 20 7 396 0 22 0 1 2 96
1332 10336 371 370 10 7 1 397 20 7 396 0 22 0 1 2 96
1333 10334 372 371 10 7 1 397 20 7 396 0 22 0 1 2 96
1334 10333 373 372 9 7 1 397 20 7 396 0 22 0 1 2 96
1335 10331 374 373 9 7 1 397 20 7 396 0 22 0 1 2 96
1336 10329 375 374 9 7 1 397 20 7 396 0 22 0 1 2 96
1337 10329 375 374 9 7 1 397 20 7 396 0 22 0 1 2 96
1338 10327 376 375 9 7 1 397 20 7 396 0 22 0 1 2 96
1339 10331 374 373 9 7 1 397 20 7 396 0 22 0 1 2 96
1340 10333 372 371 11 7 1 397 20 7 396 0 22 0 2 3 94
1341 10335 371 370 11 7 1 397 20 7 396 0 22 0 2 3 94
1342 10337 370 369 11 7 1 397 20 7 396 0 22 0 2 3 94
1343 10338 369 368 12 7 1 397 20 7 396 0 22 0 2 3 94
1344 10345 366 365 11 7 1 397 20 7 396 0 22 0 2 3 94
1345 10350 363 362 12 7 1 397 20 7 396 0 22 0 2 3 94
1346 10348 364 363 12 7 1 397 20 7 396 0 22 0 2 3 94
1347 10347 364 363 13 7 1 397 20 7 396 0 22 0 2 3 94
1348 10351 362 361 13 7 1 397 20 8 395 0 22 0 3 3 93
1349 10347 364 363 13 7 1 397 20 8 395 0 22 0 3 3 93
1350 10349 363 362 13 7 1 397 20 8 395 0 22 0 3 3 93
1351 10350 362 362 13 7 1 396 21 8 395 0 22 0 3 3 93
1352 10347 363 364 13 7 1 395 22 8 395 0 22 0 3 3 93
1353 10348 363 364 12 7 1 395 22 8 395 0 22 0 3 3 93
1354 10348 363 364 12 7 1 395 22 8 395 0 22 0 3 3 93
1355 10355 359 360 13 7 1 395 22 8 395 0 22 0 3 3 93
1356 10354 360 361 12 7 1 395 22 8 395 0 22 0 3 3 93
1357 10350 362 363 12 7 1 395 22 8 395 0 22 0 3 3 93
1358 10355 360 361 11 7 1 395 22 8 395 0 22 0 3 3 93
1359 10353 361 362 11 7 1 395 22 8 395 0 22 0 3 3 93
1360 10351 362 363 11 7 1 395 22 8 395 0 22 0 3 3 93
1361 10351 362 363 11 7 1 395 22 8 395 0 22 0 3 3 93
1362 10349 363 364 11 7 1 395 22 8 395 0 22 0 3 3 93
1363 10350 362 363 12 7 1 395 22 8 395 0 22 0 3 3 93
1364 10350 362 363 12 7 1 395 22 8 395 0 22 0 3 3 93
1365 10354 360 361 12 7 1 395 22 8 395 0 22 0 3 3 93
1366 10358 358 359 12 7 1 395 22 8 395 0 22 0 3 3 93
1367 10357 359 359 12 8 0 395 22 8 395 0 22 0 3 3 93
1368 10367 354 354 12 8 0 395 22 8 395 0 22 0 3 3 93
1369 10368 353 354 12 8 0 394 23 8 395 0 22 0 3 3 93
1370 10368 353 354 12 8 0 394 23 8 395 0 22 0 3 3 93
1371 10372 352 353 10 8 0 394 23 8 395 0 22 0 3 3 93
1372 10373 352 353 9 8 0 394 23 8 395 0 22 0 3 3 93
1373 10373 352 353 9 8 0 394 23 8 395 0 22 0 3 3 93
1374 10375 351 352 9 8 0 394 23 8 395 0 22 0 3 3 93
1375 10377 350 351 9 8 0 394 23 8 395 0 22 0 3 3 93
1376 10378 349 351 9 8 0 394 23 8 396 0 21 0 3 3 93
1377 10378 349 351 9 8 0 394 23 8 396 0 21 0 3 3 93
1378 10382 346 348 11 8 0 394 23 8 396 0 21 0 3 3 93
1379 10390 342 344 11 8 0 394 23 8 396 0 21 0 3 3 93
1380 10392 341 343 11 8 0 394 23 8 396 0 21 0 3 3 93
1381 10394 340 342 11 8 0 394 23 8 396 0 21 0 3 3 93
1382 10398 338 340 11 8 0 394 23 8 396 0 21 0 3 3 93
1383 10398 338 340 11 8 0 394 23 8 396 0 21 0 3 3 93
1384 10396 339 341 11 8 0 394 23 8 396 0 21 0 3 3 93
1385 10396 339 341 11 8 0 394 23 8 396 0 21 0 3 3 93
1386 10395 340 341 11 8 0 394 23 8 395 0 22 0 3 3 93
1387 10400 337 339 11 8 0 394 23 8 396 0 21 0 3 3 93
1388 10404 335 337 11 8 0 394 23 8 396 0 21 0 3 3 93
1389 10398 339 339 11 8 0 395 22 8 395 0 22 0 3 3 93
1390 10402 337 337 11 8 0 395 22 8 395 0 22 0 3 3 93
1391 10401 338 337 11 8 0 395 22 8 394 0 23 0 3 3 93
1392 10401 338 337 11 8 0 395 22 8 394 0 23 0 3 3 93
1393 10399 339 338 11 8 0 395 22 8 394 0 23 0 3 3 93
1394 10400 339 338 10 8 0 395 22 8 394 0 23 0 3 3 93
1395 10398 339 340 10 8 0 394 23 8 395 0 22 0 3 3 93
1396 10398 339 340 10 8 0 394 23 8 395 0 22 0 3 3 93
1397 10400 338 339 10 9 0 393 23 9 394 0 22 0 3 3 93
1398 10402 337 339 9 9 0 392 24 9 394 0 22 0 3 3 93
1399 10404 336 338 9 9 0 392 24 9 394 0 22 0 3 3 93
1400 10403 337 338 9 9 0 393 23 9 394 0 22 0 3 3 93
1401 10405 336 337 9 9 0 393 23 9 394 0 22 0 3 3 93
1402 10405 336 337 9 9 0 393 23 9 394 0 22 0 3 3 93
1403 10405 336 337 9 9 0 393 23 9 394 0 22 0 3 3 93
1404 10410 334 334 9 9 0 394 22 9 394 0 22 0 3 3 93
1405 10414 332 332 9 9 0 394 22 9 394 0 22 0 3 3 93
1406 10416 331 331 9 9 0 394 22 9 394 0 22 0 3 3 93
1407 10416 331 331 9 9 0 394 22 9 394 0 22 0 3 3 93
1408 10418 330 330 9 9 0 394 22 9 394 0 22 0 3 3 93
1409 10424 327 327 9 9 0 394 22 9 394 0 22 0 3 3 93
1410 10431 323 324 9 9 0 394 22 9 395 0 21 0 3 3 93
1411 10431 323 324 9 9 0 394 22 9 395 0 21 0 3 3 93
1412 10431 323 323 10 9 0 396 20 9 396 0 20 0 3 3 93
1413 10435 320 320 12 9 0 396 20 9 396 0 20 0 3 3 93
1414 10433 321 321 12 9 0 396 20 9 396 0 20 0 3 3 93
1415 10438 318 318 13 9 0 396 20 9 396 0 20 0 3 3 93
1416 10438 318 318 13 9 0 396 20 9 396 0 20 0 3 3 93
1417 10437 318 318 14 9 0 396 20 9 396 0 20 0 3 3 93
1418 10438 317 318 14 9 0 396 20 9 397 0 19 0 3 3 93
1419 10442 315 316 14 9 0 396 20 9 397 0 19 0 3 3 93
1420 10448 311 314 14 9 0 396 20 9 399 0 17 0 3 3 93
1421 10448 311 314 14 9 0 396 20 9 399 0 17 0 3 3 93
1422 10448 311 314 14 9 0 396 20 9 399 0 17 0 3 3 93
1423 10450 310 313 14 9 0 396 20 9 399 0 17 0 3 3 93
1424 10448 311 314 14 9 0 396 20 9 399 0 17 0 3 3 93
1425 10451 309 313 14 9 0 396 20 9 400 0 16 0 3 3 93
1426 10453 308 312 14 9 0 396 20 9 400 0 16 0 3 3 93
1427 10461 304 308 14 9 0 396 20 9 400 0 16 0 3 3 93
1428 10462 304 308 13 9 0 396 20 9 400 0 16 0 3 3 93
1429 10460 305 309 13 10 0 395 20 10 399 0 16 0 3 3 93
1430 10459 306 310 12 10 0 395 20 10 399 0 16 0 3 3 93
1431 10459 305 311 12 10 0 395 20 10 401 0 14 0 3 3 93
1432 10465 302 308 12 10 0 395 20 10 401 0 14 0 3 3 93
1433 10467 301 306 13 10 0 396 19 10 401 0 14 0 3 3 93
1434 10467 301 306 13 10 0 396 19 10 401 0 14 0 3 3 93
1435 10471 299 304 13 10 0 396 19 10 401 0 14 0 3 3 93
1436 10475 297 302 13 10 0 396 19 10 401 0 14 0 3 3 93
1437 10479 295 300 13 10 0 396 19 10 401 0 14 0 3 3 93
1438 10475 297 302 13 10 0 396 19 10 401 0 14 0 3 3 93
1439 10479 295 300 13 10 0 396 19 10 401 0 14 0 3 3 93
1440 10479 295 300 13 10 0 396 19 10 401 0 14 0 3 3 93
1441 10479 295 300 13 10 0 396 19 10 401 0 14 0 3 3 93
1442 10484 292 298 13 11 0 395 19 11 401 0 13 0 3 3 93
1443 10477 296 301 13 11 0 396 18 11 401 0 13 0 3 3 93
1444 10471 299 304 13 11 0 396 18 11 401 0 13 0 3 3 93
1445 10470 300 305 12 11 0 396 18 11 401 0 13 0 3 3 93
1446 10468 301 306 12 11 0 396 18 11 401 0 13 0 3 3 93
1447 10468 301 306 12 12 0 395 18 12 400 0 13 0 3 3 93
1448 10472 299 304 12 12 0 395 18 12 400 0 13 0 3 3 93
1449 10470 300 305 12 12 0 395 18 12 400 0 13 0 3 3 93
1450 10473 299 303 12 12 0 396 17 12 400 0 13 0 3 3 93
1451 10477 297 301 12 12 0 396 17 12 400 0 13 0 3 3 93
1452 10473 299 303 12 12 0 396 17 12 400 0 13 0 3 3 93
1453 10463 304 308 12 12 0 396 17 12 400 0 13 0 3 3 93
1454 10463 304 308 12 12 0 397 16 12 401 0 12 0 3 3 93
1455 10463 304 308 12 12 0 397 16 12 401 0 12 0 3 3 93
1456 10461 305 309 12 12 0 397 16 12 401 0 12 0 3 3 93
1457 10460 305 310 12 12 0 396 17 12 401 0 12 0 3 3 93
1458 10464 303 308 12 12 0 396 17 12 401 0 12 0 3 3 93
1459 10468 301 306 12 12 0 396 17 12 401 0 12 0 3 3 93
1460 10472 299 304 12 12 0 396 17 12 401 0 12 0 3 3 93
1461 10472 299 304 12 12 0 396 17 12 401 0 12 0 3 3 93
1462 10470 300 305 12 12 0 396 17 12 401 0 12 0 3 3 93
1463 10474 298 303 12 12 0 396 17 12 401 0 12 0 3 3 93
1464 10481 295 300 11 12 0 396 17 12 401 0 12 0 3 3 93
1465 10482 295 300 10 12 0 396 17 12 401 0 12 0 3 3 93
1466 10486 294 298 9 12 0 397 16 12 401 0 12 0 3 3 93
1467 10485 295 299 8 12 0 397 16 12 401 0 12 0 3 3 93
1468 10490 292 297 8 11 1 397 16 12 401 0 12 0 3 3 93
1469 10486 294 299 8 11 1 397 16 12 401 0 12 0 3 3 93
1470 10487 294 299 7 11 1 397 16 12 401 0 12 0 3 3 93
1471 10490 293 296 7 11 1 399 14 12 401 0 12 0 3 3 94
1472 10496 290 293 7 11 1 399 14 12 401 0 12 0 3 3 94
1473 10496 290 293 7 11 1 399 14 12 401 0 12 0 3 3 94
1474 10498 289 292 7 11 1 399 14 12 401 0 12 0 3 3 94
1475 10500 288 291 7 11 1 399 14 12 401 0 12 0 3 3 94
1476 10500 288 291 7 11 1 399 14 12 401 0 12 0 3 3 94
1477 10500 288 291 7 11 1 399 14 12 401 0 12 0 3 3 94
1478 10495 290 293 8 11 1 399 14 12 401 0 12 0 3 3 94
1479 10495 290 293 8 11 1 399 14 12 401 0 12 0 3 3 94
1480 10491 292 295 8 11 1 399 14 12 401 0 12 0 3 3 94
1481 10491 292 295 8 11 1 399 14 12 401 0 12 0 3 3 94
1482 10490 292 296 8 11 1 398 15 12 401 0 12 0 3 3 94
1483 10487 293 297 9 11 1 398 15 12 401 0 12 0 3 3 94
1484 10489 292 296 9 11 1 398 15 12 401 0 12 0 3 3 94
1485 10490 292 296 8 11 1 398 15 12 401 0 12 0 3 3 94
1486 10494 290 294 8 11 1 398 15 12 401 0 12 0 3 3 94
1487 10492 291 295 8 11 1 398 15 12 401 0 12 0 3 3 94
1488 10490 292 296 8 11 1 398 15 12 401 0 12 0 3 3 94
1489 10490 292 296 8 11 1 398 15 12 401 0 12 0 3 3 94
1490 10493 290 295 8 11 1 398 15 12 402 0 11 0 3 3 94
1491 10491 291 296 8 11 1 398 15 12 402 0 11 0 3 3 94
1492 10486 294 298 8 11 1 398 15 12 401 0 12 0 3 3 94
1493 10482 296 300 8 11 1 398 15 12 401 0 12 0 3 3 94
1494 10481 297 300 8 11 1 398 15 12 400 0 13 0 3 3 94
1495 10481 297 300 8 11 1 398 15 12 400 0 13 0 3 3 94
1496 10483 296 299 8 11 1 398 15 12 400 0 13 0 3 3 94
1497 10489 294 296 7 11 1 399 14 12 400 0 13 0 3 3 94
1498 10491 293 295 7 11 1 399 14 12 400 0 13 0 3 3 94
1499 10494 292 293 7 11 1 399 14 12 399 0 14 0 3 3 94
1500 10495 292 292 7 11 1 400 13 12 399 0 14 0 3 3 94
