0 11841 195 0 0 0 0 0 0
1 11840 196 0 0 0 0 0 0
2 11838 198 0 0 0 0 0 0
3 11838 198 0 0 0 0 0 0
4 11838 198 0 0 0 0 0 0
5 11837 199 0 0 0 0 0 0
6 11839 197 0 0 0 0 0 0
7 11839 197 0 0 0 0 0 0
8 11841 195 0 0 0 0 0 0
9 11843 193 0 0 0 0 0 0
10 11844 192 0 0 0 0 0 0
11 11845 191 0 0 0 0 0 0
12 11847 189 0 0 0 0 0 0
13 11846 190 0 0 0 0 0 0
14 11848 188 0 0 0 0 0 0
15 11848 188 0 0 0 0 0 0
16 11847 189 0 0 0 0 0 0
17 11849 187 0 0 0 0 0 0
18 11850 184 0 2 0 0 0 0
19 11851 185 0 0 0 0 0 0
20 11850 186 0 0 0 0 0 0
21 11846 190 0 0 0 0 0 0
22 11849 187 0 0 0 0 0 0
23 11849 187 0 0 0 0 0 0
24 11851 185 0 0 0 0 0 0
25 11849 187 0 0 0 0 0 0
26 11851 185 0 0 0 0 0 0
27 11850 186 0 0 0 0 0 0
28 11847 189 0 0 0 0 0 0
29 11847 189 0 0 0 0 0 0
30 11845 191 0 0 0 0 0 0
31 11844 192 0 0 0 0 0 0
32 11842 190 0 4 0 0 0 0
33 11842 194 0 0 0 0 0 0
34 11838 196 0 2 0 0 0 0
35 11834 202 0 0 0 0 0 0
36 11831 203 0 2 0 0 0 0
37 11830 206 0 0 0 0 0 0
38 11827 209 0 0 0 0 0 0
39 11824 212 0 0 0 0 0 0
40 11822 214 0 0 0 0 0 0
41 11823 213 0 0 0 0 0 0
42 11819 217 0 0 0 0 0 0
43 11815 221 0 0 0 0 0 0
44 11813 223 0 0 0 0 0 0
45 11815 221 0 0 0 0 0 0
46 11809 227 0 0 0 0 0 0
47 11805 231 0 0 0 0 0 0
48 11803 233 0 0 0 0 0 0
49 11803 233 0 0 0 0 0 0
50 11801 235 0 0 0 0 0 0
51 11789 247 0 0 0 0 0 0
52 11786 250 0 0 0 0 0 0
53 11776 260 0 0 0 0 0 0
54 11768 268 0 0 0 0 0 0
55 11765 271 0 0 0 0 0 0
56 11761 275 0 0 0 0 0 0
57 11758 278 0 0 0 0 0 0
58 11749 287 0 0 0 0 0 0
59 11741 295 0 0 0 0 0 0
60 11735 301 0 0 0 0 0 0
61 11727 309 0 0 0 0 0 0
62 11717 319 0 0 0 0 0 0
63 11710 326 0 0 0 0 0 0
64 11706 330 0 0 0 0 0 0
65 11696 340 0 0 0 0 0 0
66 11693 343 0 0 0 0 0 0
67 11688 344 0 4 0 0 0 0
68 11685 351 0 0 0 0 0 0
69 11681 355 0 0 0 0 0 0
70 11677 359 0 0 0 0 0 0
71 11673 363 0 0 0 0 0 0
72 11665 371 0 0 0 0 0 0
73 11662 374 0 0 0 0 0 0
74 11657 379 0 0 0 0 0 0
75 11658 378 0 0 0 0 0 0
76 11652 384 0 0 0 0 0 0
77 11646 390 0 0 0 0 0 0
78 11640 396 0 0 0 0 0 0
79 11633 403 0 0 0 0 0 0
80 11629 407 0 0 0 0 0 0
81 11620 416 0 0 0 0 0 0
82 11612 424 0 0 0 0 0 0
83 11603 433 0 0 0 0 0 0
84 11596 438 0 2 0 0 0 0
85 11597 439 0 0 0 0 0 0
86 11596 440 0 0 0 0 0 0
87 11592 444 0 0 0 0 0 0
88 11589 447 0 0 0 0 0 0
89 11587 449 0 0 0 0 0 0
90 11583 453 0 0 0 0 0 0
91 11576 460 0 0 0 0 0 0
92 11574 462 0 0 0 0 0 0
93 11563 473 0 0 0 0 0 0
94 11558 478 0 0 0 0 0 0
95 11554 482 0 0 0 0 0 0
96 11550 482 0 4 0 0 0 0
97 11547 489 0 0 0 0 0 0
98 11546 490 0 0 0 0 0 0
99 11541 495 0 0 0 0 0 0
100 11539 495 0 2 0 0 0 0
101 11537 499 0 0 0 0 0 0
102 11531 503 0 2 0 0 0 0
103 11529 507 0 0 0 0 0 0
104 11526 508 0 2 0 0 0 0
105 11517 519 0 0 0 0 0 0
106 11515 521 0 0 0 0 0 0
107 11514 522 0 0 0 0 0 0
108 11514 522 0 0 0 0 0 0
109 11511 523 0 2 0 0 0 0
110 11505 531 0 0 0 0 0 0
111 11500 536 0 0 0 0 0 0
112 11496 536 0 4 0 0 0 0
113 11496 540 0 0 0 0 0 0
114 11494 542 0 0 0 0 0 0
115 11494 542 0 0 0 0 0 0
116 11493 543 0 0 0 0 0 0
117 11485 551 0 0 0 0 0 0
118 11485 551 0 0 0 0 0 0
119 11485 551 0 0 0 0 0 0
120 11480 556 0 0 0 0 0 0
121 11476 560 0 0 0 0 0 0
122 11472 564 0 0 0 0 0 0
123 11471 565 0 0 0 0 0 0
124 11473 563 0 0 0 0 0 0
125 11475 561 0 0 0 0 0 0
126 11464 572 0 0 0 0 0 0
127 11458 578 0 0 0 0 0 0
128 11453 583 0 0 0 0 0 0
129 11454 582 0 0 0 0 0 0
130 11449 587 0 0 0 0 0 0
131 11450 586 0 0 0 0 0 0
132 11451 585 0 0 0 0 0 0
133 11450 586 0 0 0 0 0 0
134 11452 582 0 2 0 0 0 0
135 11451 585 0 0 0 0 0 0
136 11454 582 0 0 0 0 0 0
137 11455 581 0 0 0 0 0 0
138 11450 586 0 0 0 0 0 0
139 11451 585 0 0 0 0 0 0
140 11450 586 0 0 0 0 0 0
141 11445 591 0 0 0 0 0 0
142 11445 591 0 0 0 0 0 0
143 11442 594 0 0 0 0 0 0
144 11442 592 0 2 0 0 0 0
145 11437 599 0 0 0 0 0 0
146 11433 603 0 0 0 0 0 0
147 11425 611 0 0 0 0 0 0
148 11430 606 0 0 0 0 0 0
149 11431 605 0 0 0 0 0 0
150 11430 604 0 2 0 0 0 0
151 11427 609 0 0 0 0 0 0
152 11425 609 0 2 0 0 0 0
153 11424 612 0 0 0 0 0 0
154 11422 614 0 0 0 0 0 0
155 11416 620 0 0 0 0 0 0
156 11415 621 0 0 0 0 0 0
157 11416 620 0 0 0 0 0 0
158 11421 615 0 0 0 0 0 0
159 11417 619 0 0 0 0 0 0
160 11411 625 0 0 0 0 0 0
161 11414 622 0 0 0 0 0 0
162 11408 628 0 0 0 0 0 0
163 11407 629 0 0 0 0 0 0
164 11411 625 0 0 0 0 0 0
165 11411 625 0 0 0 0 0 0
166 11410 624 0 2 0 0 0 0
167 11410 626 0 0 0 0 0 0
168 11414 622 0 0 0 0 0 0
169 11415 621 0 0 0 0 0 0
170 11413 623 0 0 0 0 0 0
171 11414 620 0 2 0 0 0 0
172 11410 622 0 4 0 0 0 0
173 11408 628 0 0 0 0 0 0
174 11410 626 0 0 0 0 0 0
175 11408 628 0 0 0 0 0 0
176 11405 629 0 2 0 0 0 0
177 11399 633 0 4 0 0 0 0
178 11396 640 0 0 0 0 0 0
179 11392 644 0 0 0 0 0 0
180 11395 639 0 2 0 0 0 0
181 11393 641 0 2 0 0 0 0
182 11391 643 0 2 0 0 0 0
183 11394 640 0 2 0 0 0 0
184 11396 640 0 0 0 0 0 0
185 11396 640 0 0 0 0 0 0
186 11392 642 0 2 0 0 0 0
187 11391 645 0 0 0 0 0 0
188 11391 645 0 0 0 0 0 0
189 11390 646 0 0 0 0 0 0
190 11388 646 0 2 0 0 0 0
191 11389 647 0 0 0 0 0 0
192 11390 646 0 0 0 0 0 0
193 11397 639 0 0 0 0 0 0
194 11399 637 0 0 0 0 0 0
195 11403 631 0 2 0 0 0 0
196 11404 632 0 0 0 0 0 0
197 11394 642 0 0 0 0 0 0
198 11393 643 0 0 0 0 0 0
199 11396 640 0 0 0 0 0 0
200 11392 644 0 0 0 0 0 0
201 11393 643 0 0 0 0 0 0
202 11394 642 0 0 0 0 0 0
203 11396 640 0 0 0 0 0 0
204 11394 642 0 0 0 0 0 0
205 11393 643 0 0 0 0 0 0
206 11397 637 0 2 0 0 0 0
207 11395 641 0 0 0 0 0 0
208 11395 637 0 4 0 0 0 0
209 11394 642 0 0 0 0 0 0
210 11390 646 0 0 0 0 0 0
211 11388 646 0 2 0 0 0 0
212 11391 645 0 0 0 0 0 0
213 11388 646 0 2 0 0 0 0
214 11382 650 0 4 0 0 0 0
215 11382 652 0 2 0 0 0 0
216 11381 655 0 0 0 0 0 0
217 11378 658 0 0 0 0 0 0
218 11377 659 0 0 0 0 0 0
219 11376 658 0 2 0 0 0 0
220 11375 661 0 0 0 0 0 0
221 11376 660 0 0 0 0 0 0
222 11370 666 0 0 0 0 0 0
223 11366 670 0 0 0 0 0 0
224 11364 672 0 0 0 0 0 0
225 11363 673 0 0 0 0 0 0
226 11368 668 0 0 0 0 0 0
227 11370 666 0 0 0 0 0 0
228 11371 665 0 0 0 0 0 0
229 11369 665 0 2 0 0 0 0
230 11369 667 0 0 0 0 0 0
231 11367 669 0 0 0 0 0 0
232 11363 671 0 2 0 0 0 0
233 11362 674 0 0 0 0 0 0
234 11364 670 0 2 0 0 0 0
235 11365 671 0 0 0 0 0 0
236 11365 671 0 0 0 0 0 0
237 11365 671 0 0 0 0 0 0
238 11363 673 0 0 0 0 0 0
239 11365 671 0 0 0 0 0 0
240 11357 679 0 0 0 0 0 0
241 11354 680 0 2 0 0 0 0
242 11344 692 0 0 0 0 0 0
243 11342 693 0 0 0 1 0 0
244 11340 695 0 0 0 1 0 0
245 11337 698 0 0 0 1 0 0
246 11330 703 0 2 0 1 0 0
247 11318 717 0 0 0 1 0 0
248 11316 719 0 0 0 1 0 0
249 11311 724 0 0 0 1 0 0
250 11309 724 0 2 0 1 0 0
251 11306 729 0 0 0 1 0 0
252 11296 739 0 0 0 1 0 0
253 11290 743 0 2 0 1 0 0
254 11283 748 0 4 0 1 0 0
255 11280 751 0 4 0 1 0 0
256 11275 760 0 0 0 1 0 0
257 11267 766 0 2 0 1 0 0
258 11257 778 0 0 0 1 0 0
259 11253 782 0 0 0 1 0 0
260 11252 783 0 0 0 1 0 0
261 11244 791 0 0 0 1 0 0
262 11241 794 0 0 0 1 0 0
263 11238 797 0 0 0 1 0 0
264 11236 795 0 4 0 1 0 0
265 11238 797 0 0 0 1 0 0
266 11230 803 0 2 0 1 0 0
267 11217 816 0 2 0 1 0 0
268 11211 824 0 0 0 1 0 0
269 11210 821 0 4 0 1 0 0
270 11203 830 0 2 0 1 0 0
271 11194 839 0 2 0 1 0 0
272 11188 847 0 0 0 1 0 0
273 11181 852 0 2 0 1 0 0
274 11176 859 0 0 0 1 0 0
275 11164 869 0 2 0 1 0 0
276 11156 875 0 4 0 1 0 0
277 11148 887 0 0 0 1 0 0
278 11144 891 0 0 0 1 0 0
279 11144 889 0 2 0 1 0 0
280 11146 887 0 2 0 1 0 0
281 11139 896 0 0 0 1 0 0
282 11137 896 0 2 0 1 0 0
283 11140 895 0 0 0 1 0 0
284 11139 896 0 0 0 1 0 0
285 11137 896 0 2 0 1 0 0
286 11126 909 0 0 0 1 0 0
287 11123 912 0 0 0 1 0 0
288 11121 912 0 2 0 1 0 0
289 11119 916 0 0 0 1 0 0
290 11115 920 0 0 0 1 0 0
291 11112 923 0 0 0 1 0 0
292 11111 920 0 4 0 1 0 0
293 11113 920 0 2 0 1 0 0
294 11110 925 0 0 0 1 0 0
295 11113 918 0 4 0 1 0 0
296 11114 917 0 4 0 1 0 0
297 11112 919 0 4 0 1 0 0
298 11109 926 0 0 0 1 0 0
299 11106 925 0 4 0 1 0 0
300 11103 930 0 2 0 1 0 0
301 11101 934 0 0 0 1 0 0
302 11099 928 0 8 0 1 0 0
303 11101 930 0 4 0 1 0 0
304 11103 932 0 0 0 1 0 0
305 11103 930 0 2 0 1 0 0
306 11097 936 0 2 0 1 0 0
307 11092 941 0 2 0 1 0 0
308 11085 946 0 4 0 1 0 0
309 11085 948 0 2 0 1 0 0
310 11082 953 0 0 0 1 0 0
311 11079 956 0 0 0 1 0 0
312 11076 959 0 0 0 1 0 0
313 11070 965 0 0 0 1 0 0
314 11071 962 0 2 0 1 0 0
315 11070 965 0 0 0 1 0 0
316 11069 966 0 0 0 1 0 0
317 11069 966 0 0 0 1 0 0
318 11066 965 0 4 0 1 0 0
319 11067 966 0 2 0 1 0 0
320 11071 964 0 0 0 1 0 0
321 11074 961 0 0 0 1 0 0
322 11069 964 0 2 0 1 0 0
323 11071 962 0 2 0 1 0 0
324 11068 967 0 0 0 1 0 0
325 11070 965 0 0 0 1 0 0
326 11065 968 0 2 0 1 0 0
327 11061 970 0 4 0 1 0 0
328 11062 971 0 2 0 1 0 0
329 11065 966 0 4 0 1 0 0
330 11062 973 0 0 0 1 0 0
331 11061 974 0 0 0 1 0 0
332 11060 973 0 2 0 1 0 0
333 11065 970 0 0 0 1 0 0
334 11063 970 0 2 0 1 0 0
335 11065 968 0 2 0 1 0 0
336 11063 972 0 0 0 1 0 0
337 11066 969 0 0 0 1 0 0
338 11065 970 0 0 0 1 0 0
339 11064 969 0 2 0 1 0 0
340 11061 972 0 2 0 1 0 0
341 11061 972 0 2 0 1 0 0
342 11059 974 0 2 0 1 0 0
343 11063 972 0 0 0 1 0 0
344 11060 973 0 2 0 1 0 0
345 11057 974 0 4 0 1 0 0
346 11057 978 0 0 0 1 0 0
347 11057 976 0 2 0 1 0 0
348 11054 981 0 0 0 1 0 0
349 11051 984 0 0 0 1 0 0
350 11053 982 0 0 0 1 0 0
351 11050 983 0 2 0 1 0 0
352 11049 982 0 4 0 1 0 0
353 11050 983 0 2 0 1 0 0
354 11041 992 0 2 0 1 0 0
355 11039 996 0 0 0 1 0 0
356 11034 1001 0 0 0 1 0 0
357 11034 1001 0 0 0 1 0 0
358 11034 997 0 4 0 1 0 0
359 11029 1004 0 2 0 1 0 0
360 11036 997 0 2 0 1 0 0
361 11036 999 0 0 0 1 0 0
362 11033 1000 0 2 0 1 0 0
363 11035 998 0 2 0 1 0 0
364 11036 997 0 2 0 1 0 0
365 11038 995 0 2 0 1 0 0
366 11035 998 0 2 0 1 0 0
367 11041 994 0 0 0 1 0 0
368 11038 997 0 0 0 1 0 0
369 11040 991 0 4 0 1 0 0
370 11044 991 0 0 0 1 0 0
371 11042 991 0 2 0 1 0 0
372 11038 997 0 0 0 1 0 0
373 11035 998 0 2 0 1 0 0
374 11039 996 0 0 0 1 0 0
375 11042 993 0 0 0 1 0 0
376 11051 982 0 2 0 1 0 0
377 11054 979 0 2 0 1 0 0
378 11055 978 0 2 0 1 0 0
379 11054 977 0 4 0 1 0 0
380 11052 983 0 0 0 1 0 0
381 11056 977 0 2 0 1 0 0
382 11057 976 0 2 0 1 0 0
383 11059 974 0 2 0 1 0 0
384 11062 973 0 0 0 1 0 0
385 11058 975 0 2 0 1 0 0
386 11061 968 0 6 0 1 0 0
387 11063 972 0 0 0 1 0 0
388 11062 973 0 0 0 1 0 0
389 11064 971 0 0 0 1 0 0
390 11063 968 0 4 0 1 0 0
391 11061 972 0 2 0 1 0 0
392 11066 967 0 2 0 1 0 0
393 11062 969 0 4 0 1 0 0
394 11062 969 0 4 0 1 0 0
395 11060 975 0 0 0 1 0 0
396 11058 977 0 0 0 1 0 0
397 11063 968 0 4 0 1 0 0
398 11067 964 0 4 0 1 0 0
399 11069 966 0 0 0 1 0 0
400 11073 960 0 2 0 1 0 0
401 11077 956 0 2 0 1 0 0
402 11070 965 0 0 0 1 0 0
403 11069 962 0 4 0 1 0 0
404 11070 961 0 4 0 1 0 0
405 11069 966 0 0 0 1 0 0
406 11073 962 0 0 0 1 0 0
407 11076 957 0 2 0 1 0 0
408 11073 962 0 0 0 1 0 0
409 11071 964 0 0 0 1 0 0
410 11073 962 0 0 0 1 0 0
411 11075 960 0 0 0 1 0 0
412 11073 958 0 4 0 1 0 0
413 11071 962 0 2 0 1 0 0
414 11071 964 0 0 0 1 0 0
415 11073 962 0 0 0 1 0 0
416 11074 961 0 0 0 1 0 0
417 11074 957 0 4 0 1 0 0
418 11074 961 0 0 0 1 0 0
419 11074 961 0 0 0 1 0 0
420 11071 960 0 4 0 1 0 0
421 11069 962 0 4 0 1 0 0
422 11079 956 0 0 0 1 0 0
423 11082 951 0 2 0 1 0 0
424 11082 953 0 0 0 1 0 0
425 11083 948 0 4 0 1 0 0
426 11082 951 0 2 0 1 0 0
427 11082 951 0 2 0 1 0 0
428 11084 949 0 2 0 1 0 0
429 11081 952 0 2 0 1 0 0
430 11079 956 0 0 0 1 0 0
431 11075 952 0 8 0 1 0 0
432 11075 958 0 2 0 1 0 0
433 11073 960 0 2 0 1 0 0
434 11066 965 0 4 0 1 0 0
435 11064 969 0 2 0 1 0 0
436 11060 975 0 0 0 1 0 0
437 11062 973 0 0 0 1 0 0
438 11059 974 0 2 0 1 0 0
439 11058 977 0 0 0 1 0 0
440 11055 978 0 2 0 1 0 0
441 11052 981 0 2 0 1 0 0
442 11045 988 0 2 0 1 0 0
443 11041 992 0 2 0 1 0 0
444 11033 1000 0 2 0 1 0 0
445 11027 1006 0 2 0 1 0 0
446 11020 1014 0 1 0 0 0 1
447 11015 1020 0 0 0 1 0 0
448 11010 1023 0 2 0 1 0 0
449 11002 1025 0 8 0 1 0 0
450 10997 1034 0 4 0 1 0 0
451 10991 1042 0 2 0 1 0 0
452 10986 1048 0 0 0 2 0 0
453 10982 1050 0 2 0 2 0 0
454 10979 1053 0 2 0 2 0 0
455 10973 1059 0 2 0 2 0 0
456 10967 1065 0 2 0 2 0 0
457 10964 1064 0 6 0 2 0 0
458 10959 1073 0 2 0 2 0 0
459 10947 1087 0 0 0 2 0 0
460 10941 1091 0 2 0 2 0 0
461 10929 1105 0 0 0 2 0 0
462 10921 1109 0 4 0 2 0 0
463 10914 1118 0 2 0 2 0 0
464 10899 1133 0 2 0 2 0 0
465 10889 1143 0 2 0 2 0 0
466 10881 1151 0 2 0 2 0 0
467 10874 1156 0 4 0 2 0 0
468 10870 1158 0 6 0 2 0 0
469 10866 1166 0 2 0 2 0 0
470 10854 1176 0 4 0 2 0 0
471 10840 1190 0 4 0 2 0 0
472 10845 1189 0 0 0 2 0 0
473 10829 1199 0 6 0 2 0 0
474 10826 1204 0 4 0 2 0 0
475 10818 1214 0 2 0 2 0 0
476 10807 1227 0 0 0 2 0 0
477 10803 1227 0 4 0 2 0 0
478 10789 1237 0 8 0 2 0 0
479 10785 1243 0 6 0 2 0 0
480 10780 1252 0 2 0 2 0 0
481 10771 1263 0 0 0 2 0 0
482 10769 1265 0 0 0 2 0 0
483 10764 1268 0 2 0 2 0 0
484 10762 1266 0 6 0 2 0 0
485 10758 1274 0 2 0 2 0 0
486 10758 1272 0 4 0 2 0 0
487 10741 1285 0 8 0 2 0 0
488 10748 1284 0 2 0 2 0 0
489 10746 1282 0 6 0 2 0 0
490 10739 1293 0 2 0 2 0 0
491 10735 1297 0 2 0 2 0 0
492 10731 1299 0 4 0 2 0 0
493 10727 1305 0 2 0 2 0 0
494 10724 1310 0 0 0 2 0 0
495 10716 1318 0 0 0 2 0 0
496 10722 1312 0 0 0 2 0 0
497 10721 1313 0 0 0 2 0 0
498 10725 1307 0 2 0 2 0 0
499 10723 1311 0 0 0 2 0 0
500 10719 1311 0 4 0 2 0 0
501 10716 1312 0 6 0 2 0 0
502 10712 1320 0 2 0 2 0 0
503 10709 1323 0 2 0 2 0 0
504 10715 1319 0 0 0 2 0 0
505 10716 1316 0 2 0 2 0 0
506 10715 1314 0 5 0 1 0 1
507 10709 1317 0 8 0 2 0 0
508 10705 1325 0 4 0 2 0 0
509 10707 1323 0 4 0 2 0 0
510 10702 1332 0 0 0 2 0 0
511 10698 1330 0 6 0 2 0 0
512 10699 1331 0 4 0 2 0 0
513 10703 1329 0 2 0 2 0 0
514 10698 1334 0 2 0 2 0 0
515 10694 1338 0 2 0 2 0 0
516 10686 1346 0 2 0 2 0 0
517 10680 1350 0 4 0 2 0 0
518 10680 1352 0 2 0 2 0 0
519 10679 1351 0 4 0 2 0 0
520 10682 1350 0 2 0 2 0 0
521 10678 1356 0 0 0 2 0 0
522 10681 1345 0 8 0 2 0 0
523 10678 1356 0 0 0 2 0 0
524 10676 1354 0 4 0 2 0 0
525 10671 1357 0 6 0 2 0 0
526 10666 1368 0 0 0 2 0 0
527 10670 1356 0 8 0 2 0 0
528 10675 1355 0 4 0 2 0 0
529 10680 1350 0 4 0 2 0 0
530 10675 1359 0 0 0 2 0 0
531 10669 1361 0 4 0 2 0 0
532 10670 1358 0 6 0 2 0 0
533 10664 1370 0 0 0 2 0 0
534 10662 1372 0 0 0 2 0 0
535 10654 1378 0 2 0 2 0 0
536 10654 1374 0 6 0 2 0 0
537 10651 1383 0 0 0 2 0 0
538 10653 1377 0 4 0 2 0 0
539 10652 1376 0 6 0 2 0 0
540 10641 1393 0 0 0 2 0 0
541 10635 1397 0 2 0 2 0 0
542 10635 1397 0 2 0 2 0 0
543 10637 1393 0 4 0 2 0 0
544 10633 1397 0 4 0 2 0 0
545 10637 1395 0 2 0 2 0 0
546 10633 1397 0 4 0 2 0 0
547 10637 1391 0 6 0 2 0 0
548 10634 1398 0 2 0 2 0 0
549 10634 1398 0 2 0 2 0 0
550 10645 1383 0 6 0 2 0 0
551 10646 1386 0 2 0 2 0 0
552 10649 1383 0 2 0 2 0 0
553 10651 1375 0 8 0 2 0 0
554 10658 1372 0 4 0 2 0 0
555 10658 1372 0 4 0 2 0 0
556 10658 1376 0 0 0 2 0 0
557 10657 1375 0 2 0 2 0 0
558 10654 1373 0 6 0 3 0 0
559 10651 1382 0 0 0 3 0 0
560 10650 1381 0 2 0 3 0 0
561 10657 1374 0 2 0 3 0 0
562 10661 1370 0 2 0 3 0 0
563 10656 1371 0 6 0 3 0 0
564 10660 1371 0 2 0 3 0 0
565 10652 1375 0 6 0 3 0 0
566 10647 1380 0 6 0 3 0 0
567 10648 1381 0 4 0 3 0 0
568 10646 1381 0 6 0 3 0 0
569 10648 1385 0 0 0 3 0 0
570 10650 1377 0 6 0 3 0 0
571 10647 1382 0 4 0 3 0 0
572 10650 1381 0 2 0 3 0 0
573 10651 1382 0 0 0 3 0 0
574 10654 1379 0 0 0 3 0 0
575 10656 1375 0 2 0 3 0 0
576 10660 1371 0 2 0 3 0 0
577 10661 1372 0 0 0 3 0 0
578 10660 1367 0 6 0 3 0 0
579 10665 1366 0 2 0 3 0 0
580 10660 1371 0 2 0 3 0 0
581 10662 1367 0 4 0 3 0 0
582 10661 1366 0 6 0 3 0 0
583 10662 1369 0 2 0 3 0 0
584 10664 1365 0 4 0 3 0 0
585 10662 1365 0 6 0 3 0 0
586 10665 1356 0 12 0 3 0 0
587 10667 1364 0 2 0 3 0 0
588 10671 1354 0 8 0 3 0 0
589 10669 1362 0 2 0 3 0 0
590 10660 1373 0 0 0 3 0 0
591 10660 1369 0 4 0 3 0 0
592 10663 1370 0 0 0 3 0 0
593 10661 1370 0 2 0 3 0 0
594 10663 1370 0 0 0 3 0 0
595 10662 1367 0 4 0 3 0 0
596 10662 1371 0 0 0 3 0 0
597 10662 1365 0 6 0 3 0 0
598 10662 1363 0 8 0 3 0 0
599 10664 1367 0 2 0 3 0 0
600 10660 1367 0 6 0 3 0 0
601 10662 1367 0 4 0 3 0 0
602 10664 1367 0 2 0 3 0 0
603 10662 1369 0 2 0 3 0 0
604 10665 1366 0 2 0 3 0 0
605 10666 1363 0 4 0 3 0 0
606 10660 1369 0 4 0 3 0 0
607 10662 1365 0 6 0 3 0 0
608 10659 1366 0 8 0 3 0 0
609 10663 1368 0 2 0 3 0 0
610 10663 1366 0 4 0 3 0 0
611 10665 1366 0 2 0 3 0 0
612 10664 1367 0 2 0 3 0 0
613 10662 1363 0 8 0 3 0 0
614 10671 1362 0 0 0 3 0 0
615 10676 1351 0 6 0 3 0 0
616 10678 1355 0 0 0 3 0 0
617 10677 1344 0 12 0 3 0 0
618 10677 1350 0 6 0 3 0 0
619 10682 1341 0 10 0 3 0 0
620 10685 1344 0 4 0 3 0 0
621 10685 1346 0 2 0 3 0 0
622 10678 1349 0 6 0 3 0 0
623 10676 1351 0 6 0 3 0 0
624 10683 1346 0 4 0 3 0 0
625 10685 1344 0 4 0 3 0 0
626 10685 1346 0 2 0 3 0 0
627 10688 1343 0 2 0 3 0 0
628 10690 1341 0 2 0 3 0 0
629 10686 1343 0 4 0 3 0 0
630 10678 1351 0 4 0 3 0 0
631 10675 1354 0 4 0 3 0 0
632 10671 1354 0 8 0 3 0 0
633 10673 1360 0 0 0 3 0 0
634 10669 1362 0 2 0 3 0 0
635 10666 1365 0 2 0 3 0 0
636 10666 1365 0 2 0 3 0 0
637 10665 1362 0 6 0 3 0 0
638 10662 1369 0 2 0 3 0 0
639 10659 1366 0 8 0 3 0 0
640 10658 1371 0 4 0 3 0 0
641 10656 1373 0 4 0 3 0 0
642 10653 1380 0 0 0 3 0 0
643 10646 1387 0 0 0 3 0 0
644 10641 1385 0 6 0 4 0 0
645 10633 1397 0 2 0 4 0 0
646 10626 1402 0 4 0 4 0 0
647 10622 1408 0 2 0 4 0 0
648 10615 1407 0 10 0 4 0 0
649 10611 1407 0 14 0 4 0 0
650 10598 1432 0 2 0 4 0 0
651 10599 1429 0 4 0 4 0 0
652 10588 1440 0 4 0 4 0 0
653 10588 1442 0 2 0 4 0 0
654 10582 1442 0 8 0 4 0 0
655 10579 1447 0 6 0 4 0 0
656 10582 1440 0 10 0 4 0 0
657 10564 1466 0 2 0 4 0 0
658 10555 1477 0 0 0 4 0 0
659 10551 1479 0 2 0 4 0 0
660 10540 1492 0 0 0 4 0 0
661 10535 1495 0 2 0 4 0 0
662 10527 1503 0 2 0 4 0 0
663 10522 1502 0 8 0 4 0 0
664 10522 1500 0 10 0 4 0 0
665 10519 1505 0 8 0 4 0 0
666 10514 1514 0 4 0 4 0 0
667 10503 1521 0 8 0 4 0 0
668 10501 1531 0 0 0 4 0 0
669 10478 1548 0 6 0 4 0 0
670 10474 1556 0 2 0 4 0 0
671 10463 1563 0 6 0 4 0 0
672 10450 1580 0 2 0 4 0 0
673 10445 1581 0 6 0 4 0 0
674 10435 1591 0 6 0 4 0 0
675 10432 1587 0 13 0 3 0 1
676 10423 1599 0 10 0 4 0 0
677 10408 1616 0 8 0 4 0 0
678 10402 1624 0 6 0 4 0 0
679 10391 1637 0 4 0 4 0 0
680 10386 1642 0 4 0 4 0 0
681 10377 1645 0 10 0 4 0 0
682 10368 1660 0 4 0 4 0 0
683 10362 1666 0 4 0 4 0 0
684 10357 1673 0 2 0 4 0 0
685 10349 1677 0 6 0 4 0 0
686 10344 1682 0 6 0 4 0 0
687 10347 1681 0 4 0 4 0 0
688 10353 1666 0 12 0 5 0 0
689 10355 1672 0 4 0 5 0 0
690 10357 1670 0 4 0 5 0 0
691 10355 1670 0 6 0 5 0 0
692 10363 1658 0 10 0 5 0 0
693 10362 1663 0 6 0 5 0 0
694 10354 1671 0 6 0 5 0 0
695 10343 1678 0 10 0 5 0 0
696 10344 1683 0 4 0 5 0 0
697 10338 1687 0 6 0 5 0 0
698 10338 1687 0 6 0 5 0 0
699 10337 1684 0 10 0 5 0 0
700 10329 1698 0 4 0 5 0 0
701 10333 1688 0 10 0 5 0 0
702 10334 1687 0 10 0 5 0 0
703 10336 1685 0 10 0 5 0 0
704 10332 1695 0 4 0 5 0 0
705 10338 1687 0 6 0 5 0 0
706 10340 1681 0 10 0 5 0 0
707 10336 1689 0 6 0 5 0 0
708 10332 1693 0 6 0 5 0 0
709 10331 1696 0 4 0 5 0 0
710 10330 1695 0 6 0 5 0 0
711 10327 1700 0 4 0 5 0 0
712 10330 1692 0 8 0 6 0 0
713 10341 1689 0 0 0 6 0 0
714 10338 1684 0 8 0 6 0 0
715 10340 1690 0 0 0 6 0 0
716 10330 1696 0 4 0 6 0 0
717 10321 1704 0 4 0 7 0 0
718 10311 1716 0 2 0 7 0 0
719 10307 1712 0 10 0 7 0 0
720 10301 1722 0 6 0 7 0 0
721 10299 1726 0 4 0 7 0 0
722 10309 1718 0 2 0 7 0 0
723 10306 1717 0 6 0 7 0 0
724 10306 1717 0 6 0 7 0 0
725 10309 1718 0 2 0 7 0 0
726 10304 1719 0 6 0 7 0 0
727 10298 1727 0 4 0 7 0 0
728 10296 1725 0 8 0 7 0 0
729 10303 1718 0 8 0 7 0 0
730 10300 1719 0 10 0 7 0 0
731 10310 1715 0 4 0 7 0 0
732 10305 1718 0 6 0 7 0 0
733 10305 1712 0 12 0 7 0 0
734 10307 1722 0 0 0 7 0 0
735 10302 1723 0 4 0 7 0 0
736 10303 1710 0 16 0 7 0 0
737 10304 1717 0 8 0 7 0 0
738 10302 1717 0 10 0 7 0 0
739 10299 1722 0 8 0 7 0 0
740 10302 1721 0 6 0 7 0 0
741 10296 1723 0 10 0 7 0 0
742 10297 1732 0 0 0 7 0 0
743 10291 1736 0 2 0 7 0 0
744 10296 1727 0 6 0 7 0 0
745 10293 1734 0 2 0 7 0 0
746 10295 1726 0 8 0 7 0 0
747 10297 1726 1 5 0 7 0 0
748 10293 1732 0 4 0 7 0 0
749 10292 1733 0 4 0 7 0 0
750 10290 1735 0 4 0 7 0 0
751 10297 1728 0 4 0 7 0 0
752 10305 1720 0 4 0 7 0 0
753 10311 1712 0 6 0 7 0 0
754 10309 1708 0 12 0 7 0 0
755 10308 1715 0 6 0 7 0 0
756 10313 1708 0 8 0 7 0 0
757 10310 1713 0 6 0 7 0 0
758 10312 1713 0 4 0 7 0 0
759 10311 1712 0 6 0 7 0 0
760 10305 1716 0 8 0 7 0 0
761 10304 1717 0 8 0 7 0 0
762 10301 1726 0 2 0 7 0 0
763 10296 1725 0 8 0 7 0 0
764 10298 1725 0 6 0 7 0 0
765 10301 1724 0 4 0 7 0 0
766 10296 1729 0 4 0 7 0 0
767 10298 1727 0 4 0 7 0 0
768 10297 1728 0 4 0 7 0 0
769 10298 1727 0 4 0 7 0 0
770 10295 1728 0 6 0 7 0 0
771 10297 1728 0 4 0 7 0 0
772 10305 1722 0 2 0 7 0 0
773 10305 1716 0 8 0 7 0 0
774 10311 1708 0 10 0 7 0 0
775 10318 1705 0 6 0 7 0 0
776 10315 1708 0 6 0 7 0 0
777 10315 1706 0 8 0 7 0 0
778 10318 1705 0 6 0 7 0 0
779 10311 1716 0 2 0 7 0 0
780 10320 1707 0 2 0 7 0 0
781 10321 1704 0 4 0 7 0 0
782 10326 1701 0 2 0 7 0 0
783 10334 1693 0 2 0 7 0 0
784 10336 1687 0 6 0 7 0 0
785 10338 1691 0 0 0 7 0 0
786 10347 1678 0 4 0 7 0 0
787 10347 1680 0 2 0 7 0 0
788 10355 1665 0 8 0 8 0 0
789 10358 1666 0 4 0 8 0 0
790 10362 1654 0 12 0 8 0 0
791 10365 1657 0 6 0 8 0 0
792 10373 1639 0 16 0 8 0 0
793 10374 1648 0 6 0 8 0 0
794 10372 1652 0 4 0 8 0 0
795 10374 1652 0 2 0 8 0 0
796 10374 1652 0 2 0 8 0 0
797 10376 1646 0 6 0 8 0 0
798 10372 1652 0 4 0 8 0 0
799 10373 1651 0 4 0 8 0 0
800 10375 1645 0 8 0 8 0 0
801 10378 1646 0 4 0 8 0 0
802 10384 1636 0 8 0 8 0 0
803 10379 1647 0 2 0 8 0 0
804 10385 1637 0 6 0 8 0 0
805 10386 1636 0 6 0 8 0 0
806 10388 1630 0 10 0 8 0 0
807 10394 1626 0 8 0 8 0 0
808 10396 1624 0 8 0 8 0 0
809 10397 1625 0 6 0 8 0 0
810 10400 1626 0 2 0 8 0 0
811 10409 1617 0 2 0 8 0 0
812 10414 1606 0 8 0 8 0 0
813 10421 1603 0 4 0 8 0 0
814 10426 1602 0 0 0 8 0 0
815 10428 1596 0 4 0 8 0 0
816 10432 1590 0 6 0 8 0 0
817 10435 1591 0 2 0 8 0 0
818 10425 1599 0 4 0 8 0 0
819 10428 1592 0 8 0 8 0 0
820 10431 1585 0 12 0 8 0 0
821 10434 1586 0 8 0 8 0 0
822 10436 1586 0 6 0 8 0 0
823 10437 1579 0 12 0 8 0 0
824 10437 1589 0 2 0 8 0 0
825 10442 1584 0 2 0 8 0 0
826 10445 1573 0 10 0 8 0 0
827 10446 1578 0 4 0 8 0 0
828 10444 1580 0 4 0 8 0 0
829 10446 1576 0 6 0 8 0 0
830 10449 1577 0 2 0 8 0 0
831 10451 1567 0 10 0 8 0 0
832 10444 1582 0 2 0 8 0 0
833 10450 1574 0 4 0 8 0 0
834 10442 1586 0 0 0 8 0 0
835 10448 1576 0 4 0 8 0 0
836 10435 1589 0 4 0 8 0 0
837 10429 1595 0 4 0 8 0 0
838 10420 1606 0 2 0 8 0 0
839 10414 1608 0 6 0 8 0 0
840 10410 1614 0 4 0 8 0 0
841 10406 1620 0 2 0 8 0 0
842 10398 1618 0 12 0 8 0 0
843 10393 1629 0 6 0 8 0 0
844 10397 1625 0 6 0 8 0 0
845 10397 1625 0 6 0 8 0 0
846 10395 1633 0 0 0 8 0 0
847 10398 1628 0 2 0 8 0 0
848 10396 1624 0 8 0 8 0 0
849 10392 1626 0 10 0 8 0 0
850 10388 1636 0 4 0 8 0 0
851 10384 1640 0 4 0 8 0 0
852 10381 1637 0 10 0 8 0 0
853 10376 1650 0 2 0 8 0 0
854 10376 1640 0 12 0 8 0 0
855 10366 1652 0 10 0 8 0 0
856 10355 1671 0 2 0 8 0 0
857 10349 1673 0 6 0 8 0 0
858 10344 1678 0 6 0 8 0 0
859 10336 1690 0 2 0 8 0 0
860 10335 1683 0 10 0 8 0 0
861 10327 1697 0 4 0 8 0 0
862 10325 1699 0 4 0 8 0 0
863 10322 1704 0 2 0 8 0 0
864 10320 1704 0 3 0 8 0 1
865 10309 1712 0 6 0 9 0 0
866 10293 1732 0 2 0 9 0 0
867 10292 1733 0 2 0 9 0 0
868 10280 1742 0 4 0 10 0 0
869 10279 1737 0 10 0 10 0 0
870 10273 1744 0 8 0 11 0 0
871 10277 1744 0 4 0 11 0 0
872 10275 1744 0 6 0 11 0 0
873 10277 1744 0 4 0 11 0 0
874 10269 1742 0 14 0 11 0 0
875 10265 1752 0 8 0 11 0 0
876 10260 1751 0 14 0 11 0 0
877 10260 1757 0 8 0 11 0 0
878 10257 1766 0 2 0 11 0 0
879 10253 1759 0 12 0 12 0 0
880 10243 1773 0 8 0 12 0 0
881 10234 1782 0 8 0 12 0 0
882 10224 1794 0 6 0 12 0 0
883 10222 1789 0 13 0 11 0 1
884 10220 1796 0 8 0 12 0 0
885 10214 1804 0 6 0 12 0 0
886 10206 1814 0 4 0 12 0 0
887 10199 1821 0 4 0 12 0 0
888 10200 1818 0 6 0 12 0 0
889 10205 1815 0 4 0 12 0 0
890 10202 1820 0 2 0 12 0 0
891 10200 1814 0 10 0 12 0 0
892 10197 1816 0 10 0 13 0 0
893 10192 1821 0 10 0 13 0 0
894 10184 1829 0 10 0 13 0 0
895 10190 1815 0 18 0 13 0 0
896 10182 1829 0 12 0 13 0 0
897 10179 1832 0 12 0 13 0 0
898 10182 1839 0 2 0 13 0 0
899 10185 1826 0 12 0 13 0 0
900 10181 1832 0 10 0 13 0 0
901 10179 1836 0 8 0 13 0 0
902 10175 1840 0 8 0 13 0 0
903 10175 1844 0 4 0 13 0 0
904 10171 1844 0 8 0 13 0 0
905 10160 1857 0 6 0 13 0 0
906 10169 1844 0 10 0 13 0 0
907 10172 1846 0 4 0 14 0 0
908 10170 1844 0 8 0 14 0 0
909 10168 1848 0 6 0 14 0 0
910 10169 1851 0 2 0 14 0 0
911 10165 1851 0 6 0 14 0 0
912 10160 1852 0 10 0 14 0 0
913 10162 1854 0 6 0 14 0 0
914 10162 1856 0 4 0 14 0 0
915 10158 1860 0 4 0 14 0 0
916 10159 1859 0 4 0 14 0 0
917 10157 1859 0 6 0 14 0 0
918 10164 1852 0 6 0 14 0 0
919 10159 1855 0 8 0 14 0 0
920 10160 1858 0 4 0 14 0 0
921 10163 1845 0 14 0 14 0 0
922 10167 1851 0 4 0 14 0 0
923 10159 1849 0 14 0 14 0 0
924 10156 1858 0 8 0 14 0 0
925 10160 1856 0 6 0 14 0 0
926 10162 1858 0 2 0 14 0 0
927 10168 1850 0 4 0 14 0 0
928 10167 1845 0 10 0 14 0 0
929 10168 1852 0 2 0 14 0 0
930 10179 1839 0 4 0 14 0 0
931 10181 1837 0 4 0 14 0 0
932 10176 1832 0 14 0 14 0 0
933 10174 1846 0 2 0 14 0 0
934 10185 1827 0 10 0 14 0 0
935 10182 1836 0 4 0 14 0 0
936 10187 1829 0 6 0 14 0 0
937 10184 1838 0 0 0 14 0 0
938 10196 1822 0 4 0 14 0 0
939 10203 1811 0 8 0 14 0 0
940 10209 1813 0 0 0 14 0 0
941 10205 1805 0 12 0 14 0 0
942 10210 1804 0 8 0 14 0 0
943 10212 1806 0 4 0 14 0 0
944 10205 1813 0 4 0 14 0 0
945 10206 1810 0 6 0 14 0 0
946 10202 1814 0 6 0 14 0 0
947 10202 1814 0 6 0 14 0 0
948 10203 1811 0 8 0 14 0 0
949 10208 1808 0 6 0 14 0 0
950 10216 1802 0 4 0 14 0 0
951 10210 1806 0 6 0 14 0 0
952 10211 1809 0 2 0 14 0 0
953 10206 1810 0 6 0 14 0 0
954 10204 1814 0 4 0 14 0 0
955 10205 1815 0 2 0 14 0 0
956 10209 1809 0 4 0 14 0 0
957 10209 1801 0 12 0 14 0 0
958 10208 1814 0 0 0 14 0 0
959 10206 1816 0 0 0 14 0 0
960 10211 1807 0 4 0 14 0 0
961 10207 1811 0 4 0 14 0 0
962 10204 1812 0 6 0 14 0 0
963 10205 1811 0 6 0 14 0 0
964 10207 1811 0 4 0 14 0 0
965 10210 1804 0 8 0 14 0 0
966 10207 1811 0 4 0 14 0 0
967 10207 1807 0 8 0 14 0 0
968 10206 1809 0 7 0 13 0 1
969 10211 1807 0 4 0 14 0 0
970 10212 1805 0 5 0 13 0 1
971 10216 1806 0 0 0 14 0 0
972 10221 1795 0 6 0 14 0 0
973 10226 1794 0 2 0 14 0 0
974 10231 1789 0 2 0 14 0 0
975 10227 1783 0 12 0 14 0 0
976 10242 1776 0 4 0 14 0 0
977 10239 1773 0 10 0 14 0 0
978 10233 1779 0 10 0 14 0 0
979 10237 1781 0 4 0 14 0 0
980 10237 1779 0 6 0 14 0 0
981 10239 1779 0 4 0 14 0 0
982 10247 1773 0 2 0 14 0 0
983 10249 1759 0 14 0 14 0 0
984 10258 1758 0 6 0 14 0 0
985 10263 1749 0 10 0 14 0 0
986 10265 1755 0 2 0 14 0 0
987 10272 1748 0 2 0 14 0 0
988 10281 1735 0 6 0 14 0 0
989 10277 1737 0 8 0 14 0 0
990 10287 1717 0 18 0 14 0 0
991 10289 1733 0 0 0 14 0 0
992 10287 1725 0 10 0 14 0 0
993 10286 1728 0 8 0 14 0 0
994 10283 1733 0 6 0 14 0 0
995 10282 1736 0 4 0 14 0 0
996 10288 1730 0 4 0 14 0 0
997 10292 1726 0 4 0 14 0 0
998 10294 1724 0 4 0 14 0 0
999 10295 1721 0 6 0 14 0 0
1000 10297 1721 0 4 0 14 0 0
1001 10295 1721 0 6 0 14 0 0
1002 10301 1717 0 4 0 14 0 0
1003 10300 1714 0 8 0 14 0 0
1004 10306 1704 0 12 0 14 0 0
1005 10315 1703 0 4 0 14 0 0
1006 10314 1700 0 8 0 14 0 0
1007 10311 1699 0 12 0 14 0 0
1008 10311 1705 0 6 0 14 0 0
1009 10310 1704 0 8 0 14 0 0
1010 10315 1703 0 4 0 14 0 0
1011 10303 1713 0 6 0 14 0 0
1012 10310 1704 0 8 0 14 0 0
1013 10303 1713 0 6 0 14 0 0
1014 10304 1710 0 8 0 14 0 0
1015 10301 1719 0 2 0 14 0 0
1016 10308 1710 0 4 0 14 0 0
1017 10312 1704 0 6 0 14 0 0
1018 10319 1699 0 4 0 14 0 0
1019 10320 1698 0 4 0 14 0 0
1020 10326 1692 0 4 0 14 0 0
1021 10335 1683 0 4 0 14 0 0
1022 10331 1685 0 6 0 14 0 0
1023 10336 1686 0 0 0 14 0 0
1024 10348 1667 0 7 0 13 0 1
1025 10342 1672 0 8 0 14 0 0
1026 10346 1668 0 8 0 14 0 0
1027 10349 1663 0 10 0 14 0 0
1028 10344 1670 0 8 0 14 0 0
1029 10347 1669 0 6 0 14 0 0
1030 10351 1665 0 6 0 14 0 0
1031 10348 1664 0 10 0 14 0 0
1032 10350 1664 0 8 0 14 0 0
1033 10352 1668 0 2 0 14 0 0
1034 10356 1662 0 4 0 14 0 0
1035 10360 1662 0 0 0 14 0 0
1036 10370 1646 0 6 0 14 0 0
1037 10371 1645 0 6 0 14 0 0
1038 10375 1645 0 2 0 14 0 0
1039 10382 1636 0 4 0 14 0 0
1040 10386 1630 0 6 0 14 0 0
1041 10392 1628 0 2 0 14 0 0
1042 10397 1623 0 2 0 14 0 0
1043 10395 1621 0 6 0 14 0 0
1044 10392 1616 0 14 0 14 0 0
1045 10388 1630 0 4 0 14 0 0
1046 10388 1628 0 6 0 14 0 0
1047 10392 1628 0 2 0 14 0 0
1048 10391 1625 0 6 0 14 0 0
1049 10391 1629 0 2 0 14 0 0
1050 10400 1622 0 0 0 14 0 0
1051 10409 1607 0 6 0 14 0 0
1052 10410 1604 0 8 0 14 0 0
1053 10410 1607 0 5 0 13 0 1
1054 10407 1611 0 4 0 14 0 0
1055 10412 1602 0 8 0 14 0 0
1056 10418 1592 0 12 0 14 0 0
1057 10418 1604 0 0 0 14 0 0
1058 10414 1604 0 4 0 14 0 0
1059 10412 1602 0 8 0 14 0 0
1060 10412 1598 0 12 0 14 0 0
1061 10408 1608 0 6 0 14 0 0
1062 10413 1599 0 10 0 14 0 0
1063 10410 1606 0 6 0 14 0 0
1064 10419 1599 0 4 0 14 0 0
1065 10425 1591 0 6 0 14 0 0
1066 10426 1596 0 0 0 14 0 0
1067 10426 1594 0 2 0 14 0 0
1068 10434 1586 0 2 0 14 0 0
1069 10440 1574 0 8 0 14 0 0
1070 10447 1569 0 6 0 14 0 0
1071 10448 1566 0 8 0 14 0 0
1072 10446 1574 0 2 0 14 0 0
1073 10454 1562 0 6 0 14 0 0
1074 10464 1556 0 2 0 14 0 0
1075 10461 1555 0 6 0 14 0 0
1076 10469 1549 0 4 0 14 0 0
1077 10474 1542 0 6 0 14 0 0
1078 10473 1547 0 2 0 14 0 0
1079 10472 1548 0 2 0 14 0 0
1080 10476 1542 0 4 0 14 0 0
1081 10469 1549 0 4 0 14 0 0
1082 10463 1557 0 2 0 14 0 0
1083 10462 1557 0 3 0 13 0 1
1084 10469 1545 0 8 0 14 0 0
1085 10473 1547 0 2 0 14 0 0
1086 10476 1546 0 0 0 14 0 0
1087 10482 1538 0 2 0 14 0 0
1088 10483 1531 0 8 0 14 0 0
1089 10481 1531 0 10 0 14 0 0
1090 10482 1540 0 0 0 14 0 0
1091 10489 1533 0 0 0 14 0 0
1092 10497 1519 0 6 0 14 0 0
1093 10501 1521 0 0 0 14 0 0
1094 10498 1522 0 2 0 14 0 0
1095 10493 1525 0 4 0 14 0 0
1096 10492 1519 0 10 0 15 0 0
1097 10489 1524 0 8 0 15 0 0
1098 10495 1520 0 6 0 15 0 0
1099 10498 1517 0 6 0 15 0 0
1100 10497 1518 0 6 0 15 0 0
1101 10494 1527 0 0 0 15 0 0
1102 10503 1510 0 8 0 15 0 0
1103 10502 1517 0 2 0 15 0 0
1104 10506 1511 0 4 0 15 0 0
1105 10506 1511 0 4 0 15 0 0
1106 10512 1509 0 0 0 15 0 0
1107 10509 1512 0 0 0 15 0 0
1108 10512 1507 0 2 0 15 0 0
1109 10513 1504 0 4 0 15 0 0
1110 10515 1504 0 2 0 15 0 0
1111 10516 1499 0 6 0 15 0 0
1112 10516 1503 0 2 0 15 0 0
1113 10515 1502 0 4 0 15 0 0
1114 10518 1497 0 6 0 15 0 0
1115 10519 1502 0 0 0 15 0 0
1116 10525 1494 0 2 0 15 0 0
1117 10527 1492 0 2 0 15 0 0
1118 10530 1489 0 2 0 15 0 0
1119 10533 1486 0 2 0 15 0 0
1120 10535 1478 0 8 0 15 0 0
1121 10539 1480 0 2 0 15 0 0
1122 10548 1473 0 0 0 15 0 0
1123 10554 1457 0 10 0 15 0 0
1124 10563 1452 0 6 0 15 0 0
1125 10564 1455 0 2 0 15 0 0
1126 10571 1446 0 4 0 15 0 0
1127 10574 1443 0 4 0 15 0 0
1128 10578 1443 0 0 0 15 0 0
1129 10590 1425 0 6 0 15 0 0
1130 10596 1425 0 0 0 15 0 0
1131 10602 1411 0 8 0 15 0 0
1132 10598 1421 0 2 0 15 0 0
1133 10601 1418 0 2 0 15 0 0
1134 10607 1410 0 4 0 15 0 0
1135 10610 1407 0 4 0 15 0 0
1136 10615 1404 0 2 0 15 0 0
1137 10623 1396 0 2 0 15 0 0
1138 10626 1395 0 0 0 15 0 0
1139 10624 1391 0 6 0 15 0 0
1140 10630 1387 0 4 0 15 0 0
1141 10628 1393 0 0 0 15 0 0
1142 10635 1384 0 2 0 15 0 0
1143 10644 1377 0 0 0 15 0 0
1144 10650 1357 0 14 0 15 0 0
1145 10654 1365 0 2 0 15 0 0
1146 10659 1357 0 5 0 14 0 1
1147 10665 1356 0 0 0 15 0 0
1148 10674 1343 0 4 0 15 0 0
1149 10679 1333 0 9 0 14 0 1
1150 10682 1331 0 8 0 15 0 0
1151 10682 1337 0 2 0 15 0 0
1152 10678 1343 0 0 0 15 0 0
1153 10683 1336 0 2 0 15 0 0
1154 10686 1329 0 6 0 15 0 0
1155 10686 1333 0 2 0 15 0 0
1156 10687 1330 0 4 0 15 0 0
1157 10685 1334 0 2 0 15 0 0
1158 10687 1334 0 0 0 15 0 0
1159 10692 1325 0 4 0 15 0 0
1160 10689 1328 0 4 0 15 0 0
1161 10689 1324 0 8 0 15 0 0
1162 10692 1327 0 2 0 15 0 0
1163 10689 1332 0 0 0 15 0 0
1164 10694 1321 0 6 0 15 0 0
1165 10700 1319 0 2 0 15 0 0
1166 10705 1314 0 2 0 15 0 0
1167 10704 1315 0 2 0 15 0 0
1168 10706 1313 0 2 0 15 0 0
1169 10713 1302 0 6 0 15 0 0
1170 10711 1303 0 7 0 14 0 1
1171 10722 1297 0 2 0 15 0 0
1172 10715 1304 0 2 0 15 0 0
1173 10714 1299 0 8 0 15 0 0
1174 10719 1294 0 8 0 15 0 0
1175 10720 1299 0 2 0 15 0 0
1176 10729 1286 0 6 0 15 0 0
1177 10737 1282 0 2 0 15 0 0
1178 10738 1283 0 0 0 15 0 0
1179 10746 1271 0 4 0 15 0 0
1180 10749 1266 0 6 0 15 0 0
1181 10750 1271 0 0 0 15 0 0
1182 10753 1266 0 2 0 15 0 0
1183 10757 1257 0 7 0 14 0 1
1184 10757 1264 0 0 0 15 0 0
1185 10761 1256 0 4 0 15 0 0
1186 10763 1254 0 4 0 15 0 0
1187 10772 1243 0 6 0 15 0 0
1188 10776 1241 0 4 0 15 0 0
1189 10777 1244 0 0 0 15 0 0
1190 10786 1233 0 2 0 15 0 0
1191 10788 1233 0 0 0 15 0 0
1192 10790 1229 0 2 0 15 0 0
1193 10790 1231 0 0 0 15 0 0
1194 10791 1228 0 2 0 15 0 0
1195 10794 1219 0 8 0 15 0 0
1196 10795 1220 0 6 0 15 0 0
1197 10791 1226 0 4 0 15 0 0
1198 10792 1227 0 2 0 15 0 0
1199 10792 1227 0 2 0 15 0 0
1200 10795 1224 0 2 0 15 0 0
1201 10808 1213 0 0 0 15 0 0
1202 10808 1211 0 2 0 15 0 0
1203 10807 1214 0 0 0 15 0 0
1204 10812 1203 0 6 0 15 0 0
1205 10813 1206 0 2 0 15 0 0
1206 10821 1194 0 6 0 15 0 0
1207 10824 1193 0 4 0 15 0 0
1208 10827 1192 0 2 0 15 0 0
1209 10825 1192 0 4 0 15 0 0
1210 10824 1195 0 2 0 15 0 0
1211 10823 1198 0 0 0 15 0 0
1212 10830 1185 0 6 0 15 0 0
1213 10833 1186 0 2 0 15 0 0
1214 10841 1172 0 8 0 15 0 0
1215 10846 1167 0 8 0 15 0 0
1216 10843 1178 0 0 0 15 0 0
1217 10843 1178 0 0 0 15 0 0
1218 10839 1178 0 4 0 15 0 0
1219 10841 1178 0 2 0 15 0 0
1220 10842 1177 0 2 0 15 0 0
1221 10846 1171 0 4 0 15 0 0
1222 10849 1168 0 4 0 15 0 0
1223 10847 1170 0 4 0 15 0 0
1224 10847 1164 0 10 0 15 0 0
1225 10851 1164 0 6 0 15 0 0
1226 10851 1166 0 4 0 15 0 0
1227 10852 1169 0 0 0 15 0 0
1228 10859 1162 0 0 0 15 0 0
1229 10868 1151 0 2 0 15 0 0
1230 10867 1154 0 0 0 15 0 0
1231 10872 1147 0 2 0 15 0 0
1232 10870 1151 0 0 0 15 0 0
1233 10874 1143 0 4 0 15 0 0
1234 10872 1149 0 0 0 15 0 0
1235 10870 1151 0 0 0 15 0 0
1236 10871 1150 0 0 0 15 0 0
1237 10872 1147 0 2 0 15 0 0
1238 10874 1143 0 4 0 15 0 0
1239 10874 1147 0 0 0 15 0 0
1240 10875 1144 0 2 0 15 0 0
1241 10876 1143 0 2 0 15 0 0
1242 10882 1137 0 2 0 15 0 0
1243 10887 1132 0 2 0 15 0 0
1244 10893 1124 0 4 0 15 0 0
1245 10891 1130 0 0 0 15 0 0
1246 10893 1122 0 6 0 15 0 0
1247 10897 1124 0 0 0 15 0 0
1248 10901 1116 0 4 0 15 0 0
1249 10899 1120 0 2 0 15 0 0
1250 10902 1117 0 2 0 15 0 0
1251 10903 1118 0 0 0 15 0 0
1252 10910 1111 0 0 0 15 0 0
1253 10915 1102 0 4 0 15 0 0
1254 10916 1099 0 6 0 15 0 0
1255 10916 1099 0 6 0 15 0 0
1256 10923 1092 0 6 0 15 0 0
1257 10927 1092 0 2 0 15 0 0
1258 10927 1092 0 2 0 15 0 0
1259 10922 1095 0 4 0 15 0 0
1260 10926 1089 0 6 0 15 0 0
1261 10933 1088 0 0 0 15 0 0
1262 10935 1082 0 4 0 15 0 0
1263 10935 1084 0 2 0 15 0 0
1264 10940 1081 0 0 0 15 0 0
1265 10946 1073 0 2 0 15 0 0
1266 10950 1062 0 9 0 14 0 1
1267 10956 1065 0 0 0 15 0 0
1268 10955 1066 0 0 0 15 0 0
1269 10960 1061 0 0 0 15 0 0
1270 10956 1063 0 2 0 15 0 0
1271 10963 1056 0 2 0 15 0 0
1272 10970 1049 0 2 0 15 0 0
1273 10971 1050 0 0 0 15 0 0
1274 10976 1043 0 2 0 15 0 0
1275 10979 1038 0 4 0 15 0 0
1276 10982 1031 0 8 0 15 0 0
1277 10987 1032 0 2 0 15 0 0
1278 10992 1027 0 2 0 15 0 0
1279 10993 1018 0 10 0 15 0 0
1280 10990 1029 0 2 0 15 0 0
1281 10996 1023 0 2 0 15 0 0
1282 10996 1022 0 3 0 14 0 1
1283 10996 1025 0 0 0 15 0 0
1284 10999 1022 0 0 0 15 0 0
1285 11002 1017 0 2 0 15 0 0
1286 11003 1016 0 2 0 15 0 0
1287 11006 1015 0 0 0 15 0 0
1288 11006 1015 0 0 1 14 0 0
1289 11006 1013 0 2 1 14 0 0
1290 11014 1001 0 6 1 14 0 0
1291 11014 1007 0 0 1 14 0 0
1292 11014 1007 0 0 1 14 0 0
1293 11018 999 0 4 1 14 0 0
1294 11014 1003 0 4 1 14 0 0
1295 11012 1008 0 1 1 13 0 1
1296 11011 1010 0 0 1 14 0 0
1297 11016 1005 0 0 1 14 0 0
1298 11022 999 0 0 1 14 0 0
1299 11025 986 0 10 1 14 0 0
1300 11031 986 0 4 1 14 0 0
1301 11036 981 0 4 1 14 0 0
1302 11034 981 0 6 1 14 0 0
1303 11034 986 0 1 1 13 0 1
1304 11036 981 0 4 1 14 0 0
1305 11030 989 0 2 1 14 0 0
1306 11038 979 0 4 1 14 0 0
1307 11044 977 0 0 1 14 0 0
1308 11047 974 0 0 1 14 0 0
1309 11050 969 0 2 1 14 0 0
1310 11052 969 0 0 1 14 0 0
1311 11055 965 0 1 1 13 0 1
1312 11054 965 0 2 1 14 0 0
1313 11057 962 0 2 1 14 0 0
1314 11058 957 0 6 1 14 0 0
1315 11058 963 0 0 1 14 0 0
1316 11058 963 0 0 1 14 0 0
1317 11059 962 0 0 1 14 0 0
1318 11061 960 0 0 1 14 0 0
1319 11065 956 0 0 1 14 0 0
1320 11066 951 0 4 1 14 0 0
1321 11072 945 0 4 1 14 0 0
1322 11072 949 0 0 1 14 0 0
1323 11070 949 0 2 1 14 0 0
1324 11070 951 0 0 1 14 0 0
1325 11067 954 0 0 1 14 0 0
1326 11072 943 0 6 1 14 0 0
1327 11077 940 0 4 1 14 0 0
1328 11081 939 0 1 1 13 0 1
1329 11085 935 0 1 1 13 0 1
1330 11088 931 0 2 1 14 0 0
1331 11087 934 0 0 1 14 0 0
1332 11090 931 0 0 1 14 0 0
1333 11092 923 0 6 1 14 0 0
1334 11093 926 0 2 1 14 0 0
1335 11095 925 0 1 1 13 0 1
1336 11099 922 0 0 1 14 0 0
1337 11101 920 0 0 1 14 0 0
1338 11104 917 0 0 1 14 0 0
1339 11111 910 0 0 1 14 0 0
1340 11113 908 0 0 1 14 0 0
1341 11116 905 0 0 1 14 0 0
1342 11113 908 0 0 1 14 0 0
1343 11117 904 0 0 1 14 0 0
1344 11122 897 0 2 1 14 0 0
1345 11127 890 0 4 1 14 0 0
1346 11128 893 0 0 1 14 0 0
1347 11126 891 0 4 1 14 0 0
1348 11129 892 0 0 1 14 0 0
1349 11130 889 0 2 1 14 0 0
1350 11130 887 0 4 1 14 0 0
1351 11136 885 0 0 1 14 0 0
1352 11136 885 0 0 1 14 0 0
1353 11136 885 0 0 1 14 0 0
1354 11144 877 0 0 1 14 0 0
1355 11144 875 0 2 1 14 0 0
1356 11146 873 0 2 1 14 0 0
1357 11149 872 0 0 1 14 0 0
1358 11153 868 0 0 1 14 0 0
1359 11157 862 0 2 1 14 0 0
1360 11158 863 0 0 1 14 0 0
1361 11160 855 0 6 1 14 0 0
1362 11160 859 0 2 1 14 0 0
1363 11162 859 0 0 1 14 0 0
1364 11167 854 0 0 1 14 0 0
1365 11164 857 0 0 1 14 0 0
1366 11163 856 0 2 1 14 0 0
1367 11168 853 0 0 1 14 0 0
1368 11166 855 0 0 1 14 0 0
1369 11169 850 0 2 1 14 0 0
1370 11173 848 0 0 1 14 0 0
1371 11173 844 0 4 1 14 0 0
1372 11174 847 0 0 1 14 0 0
1373 11178 841 0 2 1 14 0 0
1374 11177 840 0 4 1 14 0 0
1375 11179 840 0 2 1 14 0 0
1376 11180 837 0 4 1 14 0 0
1377 11181 840 0 0 1 14 0 0
1378 11186 829 0 6 1 14 0 0
1379 11183 838 0 0 1 14 0 0
1380 11188 833 0 0 1 14 0 0
1381 11190 829 0 2 1 14 0 0
1382 11192 829 0 0 1 14 0 0
1383 11193 828 0 0 1 14 0 0
1384 11195 826 0 0 1 14 0 0
1385 11201 818 0 2 1 14 0 0
1386 11200 819 0 2 1 14 0 0
1387 11205 816 0 0 1 14 0 0
1388 11209 810 0 2 1 14 0 0
1389 11211 810 0 0 1 14 0 0
1390 11214 807 0 0 1 14 0 0
1391 11214 807 0 0 1 14 0 0
1392 11212 809 0 0 1 14 0 0
1393 11218 803 0 0 1 14 0 0
1394 11224 796 0 0 1 15 0 0
1395 11222 796 0 2 1 15 0 0
1396 11227 791 0 2 1 15 0 0
1397 11231 789 0 0 1 15 0 0
1398 11233 787 0 0 1 15 0 0
1399 11235 785 0 0 1 15 0 0
1400 11235 785 0 0 1 15 0 0
1401 11240 780 0 0 1 15 0 0
1402 11242 778 0 0 1 15 0 0
1403 11243 771 0 6 1 15 0 0
1404 11241 779 0 0 1 15 0 0
1405 11241 779 0 0 1 15 0 0
1406 11251 767 0 2 1 15 0 0
1407 11254 764 0 2 1 15 0 0
1408 11254 766 0 0 1 15 0 0
1409 11259 761 0 0 1 15 0 0
1410 11258 762 0 0 1 15 0 0
1411 11259 761 0 0 1 15 0 0
1412 11261 759 0 0 1 15 0 0
1413 11260 756 0 4 1 15 0 0
1414 11267 753 0 0 1 15 0 0
1415 11262 756 0 2 1 15 0 0
1416 11265 755 0 0 1 15 0 0
1417 11274 746 0 0 1 15 0 0
1418 11277 743 0 0 1 15 0 0
1419 11278 742 0 0 1 15 0 0
1420 11278 740 0 2 1 15 0 0
1421 11278 742 0 0 1 15 0 0
1422 11283 737 0 0 1 15 0 0
1423 11284 736 0 0 1 15 0 0
1424 11283 736 0 1 1 14 0 1
1425 11281 739 0 0 1 15 0 0
1426 11283 737 0 0 1 15 0 0
1427 11285 735 0 0 1 15 0 0
1428 11287 733 0 0 1 15 0 0
1429 11291 729 0 0 1 15 0 0
1430 11293 727 0 0 1 15 0 0
1431 11296 722 0 2 1 15 0 0
1432 11296 724 0 0 1 15 0 0
1433 11296 724 0 0 1 15 0 0
1434 11299 721 0 0 1 15 0 0
1435 11298 721 0 1 1 14 0 1
1436 11301 719 0 0 1 15 0 0
1437 11301 719 0 0 1 15 0 0
1438 11300 720 0 0 1 15 0 0
1439 11309 711 0 0 1 15 0 0
1440 11312 704 0 4 1 15 0 0
1441 11314 706 0 0 1 15 0 0
1442 11319 699 0 2 1 15 0 0
1443 11320 700 0 0 1 15 0 0
1444 11321 695 0 4 1 15 0 0
1445 11323 697 0 0 1 15 0 0
1446 11322 698 0 0 1 15 0 0
1447 11324 696 0 0 1 15 0 0
1448 11324 694 0 2 1 15 0 0
1449 11324 696 0 0 1 15 0 0
1450 11328 692 0 0 1 15 0 0
1451 11330 690 0 0 1 15 0 0
1452 11333 685 0 2 1 15 0 0
1453 11334 686 0 0 1 15 0 0
1454 11338 682 0 0 1 15 0 0
1455 11339 679 0 2 1 15 0 0
1456 11341 677 0 2 1 15 0 0
1457 11342 676 0 2 1 15 0 0
1458 11347 673 0 0 1 15 0 0
1459 11348 668 0 4 1 15 0 0
1460 11346 670 0 4 1 15 0 0
1461 11348 668 0 4 1 15 0 0
1462 11347 673 0 0 1 15 0 0
1463 11346 674 0 0 1 15 0 0
1464 11348 666 0 6 1 15 0 0
1465 11349 669 0 2 1 15 0 0
1466 11351 669 0 0 1 15 0 0
1467 11352 668 0 0 1 15 0 0
1468 11356 664 0 0 1 15 0 0
1469 11360 660 0 0 1 15 0 0
1470 11362 656 0 2 1 15 0 0
1471 11363 657 0 0 1 15 0 0
1472 11366 652 0 2 1 15 0 0
1473 11366 654 0 0 1 15 0 0
1474 11372 648 0 0 1 15 0 0
1475 11370 650 0 0 1 15 0 0
1476 11370 648 0 2 1 15 0 0
1477 11377 643 0 0 1 15 0 0
1478 11376 644 0 0 1 15 0 0
1479 11380 640 0 0 1 15 0 0
1480 11380 636 0 4 1 15 0 0
1481 11382 636 0 2 1 15 0 0
1482 11386 632 0 2 1 15 0 0
1483 11389 631 0 0 1 15 0 0
1484 11389 631 0 0 1 15 0 0
1485 11389 631 0 0 1 15 0 0
1486 11392 624 0 4 1 15 0 0
1487 11392 628 0 0 1 15 0 0
1488 11391 629 0 0 1 15 0 0
1489 11388 630 0 2 1 15 0 0
1490 11390 630 0 0 1 15 0 0
1491 11393 625 0 2 1 15 0 0
1492 11394 624 0 2 1 15 0 0
1493 11397 623 0 0 1 15 0 0
1494 11398 622 0 0 1 15 0 0
1495 11401 617 0 2 1 15 0 0
1496 11399 619 0 2 1 15 0 0
1497 11399 621 0 0 1 15 0 0
1498 11399 621 0 0 1 15 0 0
1499 11401 619 0 0 1 15 0 0
1500 11400 620 0 0 1 15 0 0
1501 11404 616 0 0 1 15 0 0
1502 11402 615 0 3 1 14 0 1
1503 11401 617 0 2 1 15 0 0
1504 11403 615 0 2 1 15 0 0
1505 11401 619 0 0 1 15 0 0
1506 11406 614 0 0 1 15 0 0
1507 11407 611 0 2 1 15 0 0
1508 11412 608 0 0 1 15 0 0
1509 11418 598 0 4 1 15 0 0
1510 11422 598 0 0 1 15 0 0
1511 11425 593 0 2 1 15 0 0
1512 11424 594 0 2 1 15 0 0
1513 11424 596 0 0 1 15 0 0
1514 11429 591 0 0 1 15 0 0
1515 11435 583 0 2 1 15 0 0
1516 11435 583 0 2 1 15 0 0
1517 11433 587 0 0 1 15 0 0
1518 11433 585 0 2 1 15 0 0
1519 11433 587 0 0 1 15 0 0
1520 11433 587 0 0 1 15 0 0
1521 11431 589 0 0 1 15 0 0
1522 11431 589 0 0 1 15 0 0
1523 11430 590 0 0 1 15 0 0
1524 11437 583 0 0 1 15 0 0
1525 11437 581 0 2 1 15 0 0
1526 11440 580 0 0 1 15 0 0
1527 11440 580 0 0 1 15 0 0
1528 11440 580 0 0 1 15 0 0
1529 11440 578 0 2 1 15 0 0
1530 11443 577 0 0 1 15 0 0
1531 11445 575 0 0 1 15 0 0
1532 11443 575 0 2 1 15 0 0
1533 11449 569 0 2 1 15 0 0
1534 11449 569 0 2 1 15 0 0
1535 11450 568 0 2 1 15 0 0
1536 11451 567 0 2 1 15 0 0
1537 11450 570 0 0 1 15 0 0
1538 11450 570 0 0 1 15 0 0
1539 11449 569 0 2 1 15 0 0
1540 11453 565 0 2 1 15 0 0
1541 11455 565 0 0 1 15 0 0
1542 11455 563 0 2 1 15 0 0
1543 11454 566 0 0 1 15 0 0
1544 11451 567 0 2 1 15 0 0
1545 11455 565 0 0 1 15 0 0
1546 11453 567 0 0 1 15 0 0
1547 11455 563 0 2 1 15 0 0
1548 11452 568 0 0 1 15 0 0
1549 11452 568 0 0 1 15 0 0
1550 11450 566 0 4 1 15 0 0
1551 11451 567 0 2 1 15 0 0
1552 11452 568 0 0 1 15 0 0
1553 11454 562 0 4 1 15 0 0
1554 11454 564 0 2 1 15 0 0
1555 11456 562 0 2 1 15 0 0
1556 11455 565 0 0 1 15 0 0
1557 11457 563 0 0 1 15 0 0
1558 11458 560 0 2 1 15 0 0
1559 11456 564 0 0 1 15 0 0
1560 11459 561 0 0 1 15 0 0
1561 11464 556 0 0 1 15 0 0
1562 11464 556 0 0 1 15 0 0
1563 11461 559 0 0 1 15 0 0
1564 11460 560 0 0 1 15 0 0
1565 11465 553 0 2 1 15 0 0
1566 11468 552 0 0 1 15 0 0
1567 11468 552 0 0 1 15 0 0
1568 11468 552 0 0 1 15 0 0
1569 11472 545 0 3 1 14 0 1
1570 11473 547 0 0 1 15 0 0
1571 11474 546 0 0 1 15 0 0
1572 11476 544 0 0 1 15 0 0
1573 11480 540 0 0 1 15 0 0
1574 11482 538 0 0 1 15 0 0
1575 11487 533 0 0 1 15 0 0
1576 11491 527 0 2 1 15 0 0
1577 11492 528 0 0 1 15 0 0
1578 11496 524 0 0 1 15 0 0
1579 11499 521 0 0 1 15 0 0
1580 11500 520 0 0 1 15 0 0
1581 11499 519 0 2 1 15 0 0
1582 11500 520 0 0 1 15 0 0
1583 11499 521 0 0 1 15 0 0
1584 11500 520 0 0 1 15 0 0
1585 11502 518 0 0 1 15 0 0
1586 11499 521 0 0 1 15 0 0
1587 11497 521 0 2 1 15 0 0
1588 11498 518 0 4 1 15 0 0
1589 11500 520 0 0 1 15 0 0
1590 11496 524 0 0 1 15 0 0
1591 11499 521 0 0 1 15 0 0
1592 11500 520 0 0 1 15 0 0
1593 11501 519 0 0 1 15 0 0
1594 11502 518 0 0 1 15 0 0
1595 11504 516 0 0 1 15 0 0
1596 11506 514 0 0 1 15 0 0
1597 11512 508 0 0 1 15 0 0
1598 11514 504 0 2 1 15 0 0
1599 11513 507 0 0 1 15 0 0
1600 11516 504 0 0 1 15 0 0
1601 11518 500 0 2 1 15 0 0
1602 11518 502 0 0 1 15 0 0
1603 11521 499 0 0 1 15 0 0
1604 11525 495 0 0 1 15 0 0
1605 11525 495 0 0 1 15 0 0
1606 11527 491 0 2 1 15 0 0
1607 11529 491 0 0 1 15 0 0
1608 11534 486 0 0 1 15 0 0
1609 11535 483 0 2 1 15 0 0
1610 11538 482 0 0 1 15 0 0
1611 11538 482 0 0 1 15 0 0
1612 11540 480 0 0 1 15 0 0
1613 11539 481 0 0 1 15 0 0
1614 11537 483 0 0 1 15 0 0
1615 11542 478 0 0 1 15 0 0
1616 11543 476 0 1 1 14 0 1
1617 11543 477 0 0 1 15 0 0
1618 11544 476 0 0 1 15 0 0
1619 11542 478 0 0 1 15 0 0
1620 11543 477 0 0 1 15 0 0
1621 11545 475 0 0 1 15 0 0
1622 11545 475 0 0 1 15 0 0
1623 11547 473 0 0 1 15 0 0
1624 11551 469 0 0 1 15 0 0
1625 11548 470 0 2 1 15 0 0
1626 11550 470 0 0 1 15 0 0
1627 11555 465 0 0 1 15 0 0
1628 11556 464 0 0 1 15 0 0
1629 11556 464 0 0 1 15 0 0
1630 11557 461 0 2 1 15 0 0
1631 11556 464 0 0 1 15 0 0
1632 11555 463 0 2 1 15 0 0
1633 11554 466 0 0 1 15 0 0
1634 11556 464 0 0 1 15 0 0
1635 11556 464 0 0 1 15 0 0
1636 11556 464 0 0 1 15 0 0
1637 11559 461 0 0 1 15 0 0
1638 11558 460 0 2 1 15 0 0
1639 11560 460 0 0 1 15 0 0
1640 11558 460 0 2 1 15 0 0
1641 11553 467 0 0 1 15 0 0
1642 11556 462 0 2 1 15 0 0
1643 11557 463 0 0 1 15 0 0
1644 11558 462 0 0 1 15 0 0
1645 11561 459 0 0 1 15 0 0
1646 11560 460 0 0 1 15 0 0
1647 11564 456 0 0 1 15 0 0
1648 11565 455 0 0 1 15 0 0
1649 11564 456 0 0 1 15 0 0
1650 11564 456 0 0 1 15 0 0
1651 11566 454 0 0 1 15 0 0
1652 11571 449 0 0 1 15 0 0
1653 11572 448 0 0 1 15 0 0
1654 11576 444 0 0 1 15 0 0
1655 11581 439 0 0 1 15 0 0
1656 11581 439 0 0 1 15 0 0
1657 11584 436 0 0 1 15 0 0
1658 11585 435 0 0 1 15 0 0
1659 11586 432 0 2 1 15 0 0
1660 11588 432 0 0 1 15 0 0
1661 11588 432 0 0 1 15 0 0
1662 11589 429 0 2 1 15 0 0
1663 11590 428 0 2 1 15 0 0
1664 11591 429 0 0 1 15 0 0
1665 11591 427 0 2 1 15 0 0
1666 11592 426 0 2 1 15 0 0
1667 11594 426 0 0 1 15 0 0
1668 11593 427 0 0 1 15 0 0
1669 11594 426 0 0 1 15 0 0
1670 11595 425 0 0 1 15 0 0
1671 11596 424 0 0 1 15 0 0
1672 11595 425 0 0 1 15 0 0
1673 11595 425 0 0 1 15 0 0
1674 11593 427 0 0 1 15 0 0
1675 11596 424 0 0 1 15 0 0
1676 11597 423 0 0 1 15 0 0
1677 11600 420 0 0 1 15 0 0
1678 11603 417 0 0 1 15 0 0
1679 11606 414 0 0 1 15 0 0
1680 11603 417 0 0 1 15 0 0
1681 11606 414 0 0 1 15 0 0
1682 11608 412 0 0 1 15 0 0
1683 11608 412 0 0 1 15 0 0
1684 11611 409 0 0 1 15 0 0
1685 11615 405 0 0 1 15 0 0
1686 11616 404 0 0 1 15 0 0
1687 11621 399 0 0 1 15 0 0
1688 11618 402 0 0 1 15 0 0
1689 11619 401 0 0 1 15 0 0
1690 11619 401 0 0 1 15 0 0
1691 11618 402 0 0 1 15 0 0
1692 11617 403 0 0 1 15 0 0
1693 11615 403 0 2 1 15 0 0
1694 11614 406 0 0 1 15 0 0
1695 11614 404 0 2 1 15 0 0
1696 11615 405 0 0 1 15 0 0
1697 11615 405 0 0 1 15 0 0
1698 11614 406 0 0 1 15 0 0
1699 11615 405 0 0 1 15 0 0
1700 11616 404 0 0 1 15 0 0
1701 11616 404 0 0 1 15 0 0
1702 11617 403 0 0 1 15 0 0
1703 11618 402 0 0 1 15 0 0
1704 11615 405 0 0 1 15 0 0
1705 11616 404 0 0 1 15 0 0
1706 11617 403 0 0 1 15 0 0
1707 11615 403 0 2 1 15 0 0
1708 11614 406 0 0 1 15 0 0
1709 11618 402 0 0 1 15 0 0
1710 11617 403 0 0 1 15 0 0
1711 11618 400 0 2 1 15 0 0
1712 11621 399 0 0 1 15 0 0
1713 11621 399 0 0 1 15 0 0
1714 11619 401 0 0 1 15 0 0
1715 11620 400 0 0 1 15 0 0
1716 11621 399 0 0 1 15 0 0
1717 11618 402 0 0 1 15 0 0
1718 11619 401 0 0 1 15 0 0
1719 11621 399 0 0 1 15 0 0
1720 11619 401 0 0 1 15 0 0
1721 11622 398 0 0 1 15 0 0
1722 11622 398 0 0 1 15 0 0
1723 11628 392 0 0 1 15 0 0
1724 11628 392 0 0 1 15 0 0
1725 11626 394 0 0 1 15 0 0
1726 11630 389 0 1 1 14 0 1
1727 11631 389 0 0 1 15 0 0
1728 11631 387 0 2 1 15 0 0
1729 11631 389 0 0 1 15 0 0
1730 11632 388 0 0 1 15 0 0
1731 11632 388 0 0 1 15 0 0
1732 11634 386 0 0 1 15 0 0
1733 11637 383 0 0 1 15 0 0
1734 11636 384 0 0 1 15 0 0
1735 11636 384 0 0 1 15 0 0
1736 11641 379 0 0 1 15 0 0
1737 11642 378 0 0 1 15 0 0
1738 11642 378 0 0 1 15 0 0
1739 11645 375 0 0 1 15 0 0
1740 11644 376 0 0 1 15 0 0
1741 11647 373 0 0 1 15 0 0
1742 11648 370 0 2 1 15 0 0
1743 11651 369 0 0 1 15 0 0
1744 11651 367 0 2 1 15 0 0
1745 11650 370 0 0 1 15 0 0
1746 11650 369 0 1 1 14 0 1
1747 11648 372 0 0 1 15 0 0
1748 11650 370 0 0 1 15 0 0
1749 11653 367 0 0 1 15 0 0
1750 11657 363 0 0 1 15 0 0
1751 11658 362 0 0 1 15 0 0
1752 11659 361 0 0 1 15 0 0
1753 11660 360 0 0 1 15 0 0
1754 11661 359 0 0 1 15 0 0
1755 11659 361 0 0 1 15 0 0
1756 11657 363 0 0 1 15 0 0
1757 11658 362 0 0 1 15 0 0
1758 11658 361 0 1 1 14 0 1
1759 11659 361 0 0 1 15 0 0
1760 11661 359 0 0 1 15 0 0
1761 11662 358 0 0 1 15 0 0
1762 11664 356 0 0 1 15 0 0
1763 11666 354 0 0 1 15 0 0
1764 11667 353 0 0 1 15 0 0
1765 11665 355 0 0 1 15 0 0
1766 11664 356 0 0 1 15 0 0
1767 11663 357 0 0 1 15 0 0
1768 11666 354 0 0 1 15 0 0
1769 11666 352 0 2 1 15 0 0
1770 11668 352 0 0 1 15 0 0
1771 11670 350 0 0 1 15 0 0
1772 11673 347 0 0 1 15 0 0
1773 11673 347 0 0 1 15 0 0
1774 11675 345 0 0 1 15 0 0
1775 11675 345 0 0 1 15 0 0
1776 11676 344 0 0 1 15 0 0
1777 11678 342 0 0 1 15 0 0
1778 11679 341 0 0 1 15 0 0
1779 11681 337 0 2 1 15 0 0
1780 11682 338 0 0 1 15 0 0
1781 11684 336 0 0 1 15 0 0
1782 11680 340 0 0 1 15 0 0
1783 11678 342 0 0 1 15 0 0
1784 11677 343 0 0 1 15 0 0
1785 11679 341 0 0 1 15 0 0
1786 11680 338 0 2 1 15 0 0
1787 11678 342 0 0 1 15 0 0
1788 11680 338 0 2 1 15 0 0
1789 11682 338 0 0 1 15 0 0
1790 11681 339 0 0 1 15 0 0
1791 11682 338 0 0 1 15 0 0
1792 11679 341 0 0 1 15 0 0
1793 11682 338 0 0 1 15 0 0
1794 11682 338 0 0 1 15 0 0
1795 11683 337 0 0 2 14 0 0
1796 11680 340 0 0 2 14 0 0
1797 11678 342 0 0 2 14 0 0
1798 11674 346 0 0 2 14 0 0
1799 11673 347 0 0 2 14 0 0
1800 11672 346 0 2 2 14 0 0
1801 11675 345 0 0 2 14 0 0
1802 11677 343 0 0 2 14 0 0
1803 11675 345 0 0 2 14 0 0
1804 11678 342 0 0 2 14 0 0
1805 11680 340 0 0 2 14 0 0
1806 11686 334 0 0 2 14 0 0
1807 11688 332 0 0 2 14 0 0
1808 11688 332 0 0 2 14 0 0
1809 11688 332 0 0 2 14 0 0
1810 11689 331 0 0 2 14 0 0
1811 11692 328 0 0 2 14 0 0
1812 11693 327 0 0 2 14 0 0
1813 11693 327 0 0 2 14 0 0
1814 11694 326 0 0 2 14 0 0
1815 11697 323 0 0 2 14 0 0
1816 11699 321 0 0 2 14 0 0
1817 11702 318 0 0 2 14 0 0
1818 11702 318 0 0 2 14 0 0
1819 11702 318 0 0 2 14 0 0
1820 11704 316 0 0 2 14 0 0
1821 11706 314 0 0 2 14 0 0
1822 11707 313 0 0 2 14 0 0
1823 11707 313 0 0 2 14 0 0
1824 11708 312 0 0 2 14 0 0
1825 11709 311 0 0 2 14 0 0
1826 11707 313 0 0 2 14 0 0
1827 11708 312 0 0 2 14 0 0
1828 11710 310 0 0 2 14 0 0
1829 11709 311 0 0 2 14 0 0
1830 11707 313 0 0 2 14 0 0
1831 11706 314 0 0 2 14 0 0
1832 11704 316 0 0 2 14 0 0
1833 11705 315 0 0 2 14 0 0
1834 11704 316 0 0 2 14 0 0
1835 11708 312 0 0 2 14 0 0
1836 11705 315 0 0 2 14 0 0
1837 11708 312 0 0 2 14 0 0
1838 11709 311 0 0 2 14 0 0
1839 11707 313 0 0 2 14 0 0
1840 11709 311 0 0 2 14 0 0
1841 11711 309 0 0 2 14 0 0
1842 11712 308 0 0 2 14 0 0
1843 11710 310 0 0 2 14 0 0
1844 11712 308 0 0 2 14 0 0
1845 11716 304 0 0 2 14 0 0
1846 11711 309 0 0 2 14 0 0
1847 11711 309 0 0 2 14 0 0
1848 11711 305 0 4 2 14 0 0
1849 11713 307 0 0 2 14 0 0
1850 11715 305 0 0 2 14 0 0
1851 11715 305 0 0 2 14 0 0
1852 11713 307 0 0 2 14 0 0
1853 11714 306 0 0 2 14 0 0
1854 11714 306 0 0 2 14 0 0
1855 11715 305 0 0 2 14 0 0
1856 11713 307 0 0 2 14 0 0
1857 11713 307 0 0 2 14 0 0
1858 11711 309 0 0 2 14 0 0
1859 11713 307 0 0 2 14 0 0
1860 11715 305 0 0 2 14 0 0
1861 11717 303 0 0 2 14 0 0
1862 11718 302 0 0 2 14 0 0
1863 11718 300 0 2 2 14 0 0
1864 11716 304 0 0 2 14 0 0
1865 11717 303 0 0 2 14 0 0
1866 11713 307 0 0 2 14 0 0
1867 11714 306 0 0 2 14 0 0
1868 11711 309 0 0 2 14 0 0
1869 11709 311 0 0 2 14 0 0
1870 11709 311 0 0 2 14 0 0
1871 11711 309 0 0 2 14 0 0
1872 11711 309 0 0 2 14 0 0
1873 11710 310 0 0 2 14 0 0
1874 11712 308 0 0 2 14 0 0
1875 11713 307 0 0 2 14 0 0
1876 11714 304 0 2 2 14 0 0
1877 11713 307 0 0 2 14 0 0
1878 11714 306 0 0 2 14 0 0
1879 11713 307 0 0 2 14 0 0
1880 11712 308 0 0 2 14 0 0
1881 11710 310 0 0 2 14 0 0
1882 11709 311 0 0 2 14 0 0
1883 11708 312 0 0 2 14 0 0
1884 11706 314 0 0 2 14 0 0
1885 11708 312 0 0 2 14 0 0
1886 11711 309 0 0 2 14 0 0
1887 11712 308 0 0 2 14 0 0
1888 11709 311 0 0 2 14 0 0
1889 11709 311 0 0 2 14 0 0
1890 11710 310 0 0 2 14 0 0
1891 11714 306 0 0 2 14 0 0
1892 11710 310 0 0 2 14 0 0
1893 11710 310 0 0 2 14 0 0
1894 11707 313 0 0 2 14 0 0
1895 11711 309 0 0 2 14 0 0
1896 11713 307 0 0 2 14 0 0
1897 11714 306 0 0 2 14 0 0
1898 11714 306 0 0 2 14 0 0
1899 11714 306 0 0 2 14 0 0
1900 11715 305 0 0 2 14 0 0
1901 11716 304 0 0 2 14 0 0
1902 11715 305 0 0 2 14 0 0
1903 11715 305 0 0 2 14 0 0
1904 11719 301 0 0 2 14 0 0
1905 11722 298 0 0 2 14 0 0
1906 11722 298 0 0 2 14 0 0
1907 11727 293 0 0 2 14 0 0
1908 11729 291 0 0 2 14 0 0
1909 11730 290 0 0 2 14 0 0
1910 11731 289 0 0 2 14 0 0
1911 11731 289 0 0 2 14 0 0
1912 11734 286 0 0 2 14 0 0
1913 11737 283 0 0 2 14 0 0
1914 11740 280 0 0 2 14 0 0
1915 11737 283 0 0 2 14 0 0
1916 11737 283 0 0 2 14 0 0
1917 11738 282 0 0 2 14 0 0
1918 11736 284 0 0 2 14 0 0
1919 11739 281 0 0 2 14 0 0
1920 11741 279 0 0 2 14 0 0
1921 11740 280 0 0 2 14 0 0
1922 11741 279 0 0 2 14 0 0
1923 11740 280 0 0 2 14 0 0
1924 11737 283 0 0 2 14 0 0
1925 11735 285 0 0 2 14 0 0
1926 11736 284 0 0 2 14 0 0
1927 11737 283 0 0 2 14 0 0
1928 11737 283 0 0 2 14 0 0
1929 11732 288 0 0 2 14 0 0
1930 11733 287 0 0 2 14 0 0
1931 11734 286 0 0 2 14 0 0
1932 11733 285 0 2 2 14 0 0
1933 11735 285 0 0 2 14 0 0
1934 11733 287 0 0 2 14 0 0
1935 11732 288 0 0 2 14 0 0
1936 11731 289 0 0 2 14 0 0
1937 11732 288 0 0 2 14 0 0
1938 11731 289 0 0 2 14 0 0
1939 11731 289 0 0 2 14 0 0
1940 11730 290 0 0 2 14 0 0
1941 11731 290 0 0 2 13 0 0
1942 11730 291 0 0 2 13 0 0
1943 11731 290 0 0 2 13 0 0
1944 11736 285 0 0 2 13 0 0
1945 11734 287 0 0 2 13 0 0
1946 11735 286 0 0 2 13 0 0
1947 11731 288 0 2 2 13 0 0
1948 11732 289 0 0 2 13 0 0
1949 11731 288 0 2 2 13 0 0
1950 11734 287 0 0 2 13 0 0
1951 11735 286 0 0 2 13 0 0
1952 11736 284 0 1 2 12 0 1
1953 11738 283 0 0 2 13 0 0
1954 11739 282 0 0 2 13 0 0
1955 11736 285 0 0 2 13 0 0
1956 11735 286 0 0 2 13 0 0
1957 11734 285 0 2 2 13 0 0
1958 11734 287 0 0 2 13 0 0
1959 11733 288 0 0 2 13 0 0
1960 11732 289 0 0 2 13 0 0
1961 11731 290 0 0 2 13 0 0
1962 11733 288 0 0 2 13 0 0
1963 11731 290 0 0 2 13 0 0
1964 11733 288 0 0 2 13 0 0
1965 11732 289 0 0 2 13 0 0
1966 11732 289 0 0 2 13 0 0
1967 11735 286 0 0 2 13 0 0
1968 11735 286 0 0 2 13 0 0
1969 11734 287 0 0 2 13 0 0
1970 11733 288 0 0 2 13 0 0
1971 11737 284 0 0 2 13 0 0
1972 11736 283 0 2 2 13 0 0
1973 11736 285 0 0 2 13 0 0
1974 11736 285 0 0 2 13 0 0
1975 11736 285 0 0 2 13 0 0
1976 11736 283 0 2 2 13 0 0
1977 11736 285 0 0 2 13 0 0
1978 11734 287 0 0 2 13 0 0
1979 11735 286 0 0 2 13 0 0
1980 11738 283 0 0 2 13 0 0
1981 11738 283 0 0 2 13 0 0
1982 11740 281 0 0 2 13 0 0
1983 11740 281 0 0 2 13 0 0
1984 11740 281 0 0 2 13 0 0
1985 11737 284 0 0 2 13 0 0
1986 11736 285 0 0 2 13 0 0
1987 11738 283 0 0 2 13 0 0
1988 11738 283 0 0 2 13 0 0
1989 11734 287 0 0 2 13 0 0
1990 11734 287 0 0 2 13 0 0
1991 11731 290 0 0 2 13 0 0
1992 11733 288 0 0 2 13 0 0
1993 11733 286 0 2 2 13 0 0
1994 11729 292 0 0 2 13 0 0
1995 11730 291 0 0 2 13 0 0
1996 11732 289 0 0 2 13 0 0
1997 11734 287 0 0 2 13 0 0
1998 11732 289 0 0 2 13 0 0
1999 11731 290 0 0 2 13 0 0
2000 11732 289 0 0 2 13 0 0
2001 11733 288 0 0 2 13 0 0
2002 11733 288 0 0 2 13 0 0
2003 11734 287 0 0 2 13 0 0
2004 11732 289 0 0 2 13 0 0
2005 11731 290 0 0 2 13 0 0
2006 11728 293 0 0 2 13 0 0
2007 11730 287 0 4 2 13 0 0
2008 11732 289 0 0 2 13 0 0
2009 11734 287 0 0 2 13 0 0
2010 11734 287 0 0 2 13 0 0
2011 11734 287 0 0 2 13 0 0
2012 11733 286 0 2 2 13 0 0
2013 11733 288 0 0 2 13 0 0
2014 11733 286 0 2 2 13 0 0
2015 11732 287 0 2 2 13 0 0
2016 11734 287 0 0 2 13 0 0
2017 11734 287 0 0 2 13 0 0
2018 11737 284 0 0 2 13 0 0
2019 11739 282 0 0 2 13 0 0
2020 11739 282 0 0 2 13 0 0
2021 11736 285 0 0 2 13 0 0
2022 11737 284 0 0 2 13 0 0
2023 11738 283 0 0 2 13 0 0
2024 11741 280 0 0 2 13 0 0
2025 11741 280 0 0 2 13 0 0
2026 11741 280 0 0 2 13 0 0
2027 11740 281 0 0 2 13 0 0
2028 11741 280 0 0 2 13 0 0
2029 11739 282 0 0 2 13 0 0
2030 11739 282 0 0 2 13 0 0
2031 11739 282 0 0 2 13 0 0
2032 11740 281 0 0 2 13 0 0
2033 11741 280 0 0 2 13 0 0
2034 11742 279 0 0 2 13 0 0
2035 11741 280 0 0 2 13 0 0
2036 11743 278 0 0 2 13 0 0
2037 11740 281 0 0 2 13 0 0
2038 11741 280 0 0 2 13 0 0
2039 11742 279 0 0 2 13 0 0
2040 11742 279 0 0 2 13 0 0
2041 11743 278 0 0 2 13 0 0
2042 11744 277 0 0 2 13 0 0
2043 11745 276 0 0 2 13 0 0
2044 11745 276 0 0 2 13 0 0
2045 11745 276 0 0 2 13 0 0
2046 11746 275 0 0 2 13 0 0
2047 11745 276 0 0 2 13 0 0
2048 11742 279 0 0 2 13 0 0
2049 11743 278 0 0 2 13 0 0
2050 11743 278 0 0 2 13 0 0
2051 11741 280 0 0 2 13 0 0
2052 11742 279 0 0 2 13 0 0
2053 11739 282 0 0 2 13 0 0
2054 11741 280 0 0 2 13 0 0
2055 11743 278 0 0 2 13 0 0
2056 11745 276 0 0 2 13 0 0
2057 11747 274 0 0 2 13 0 0
2058 11744 277 0 0 2 13 0 0
2059 11745 276 0 0 2 13 0 0
2060 11746 275 0 0 2 13 0 0
2061 11746 275 0 0 2 13 0 0
2062 11747 274 0 0 2 13 0 0
2063 11747 274 0 0 2 13 0 0
2064 11748 273 0 0 2 13 0 0
2065 11749 270 0 2 2 13 0 0
2066 11749 272 0 0 2 13 0 0
2067 11752 269 0 0 2 13 0 0
2068 11753 268 0 0 2 13 0 0
2069 11752 269 0 0 2 13 0 0
2070 11749 272 0 0 2 13 0 0
2071 11748 273 0 0 2 13 0 0
2072 11748 273 0 0 2 13 0 0
2073 11749 272 0 0 2 13 0 0
2074 11750 271 0 0 2 13 0 0
2075 11749 272 0 0 2 13 0 0
2076 11750 271 0 0 2 13 0 0
2077 11753 268 0 0 2 13 0 0
2078 11753 268 0 0 2 13 0 0
2079 11752 267 0 2 2 13 0 0
2080 11749 272 0 0 2 13 0 0
2081 11752 269 0 0 2 13 0 0
2082 11753 268 0 0 2 13 0 0
2083 11753 268 0 0 2 13 0 0
2084 11754 267 0 0 2 13 0 0
2085 11753 268 0 0 2 13 0 0
2086 11752 269 0 0 2 13 0 0
2087 11751 270 0 0 2 13 0 0
2088 11751 270 0 0 2 13 0 0
2089 11751 270 0 0 2 13 0 0
2090 11753 268 0 0 2 13 0 0
2091 11752 269 0 0 2 13 0 0
2092 11756 265 0 0 2 13 0 0
2093 11756 265 0 0 2 13 0 0
2094 11758 263 0 0 2 13 0 0
2095 11759 262 0 0 2 13 0 0
2096 11761 260 0 0 2 13 0 0
2097 11760 261 0 0 2 13 0 0
2098 11760 261 0 0 2 13 0 0
2099 11761 260 0 0 2 13 0 0
2100 11763 258 0 0 2 13 0 0
2101 11765 256 0 0 2 13 0 0
2102 11765 256 0 0 2 13 0 0
2103 11767 254 0 0 2 13 0 0
2104 11769 252 0 0 2 13 0 0
2105 11769 252 0 0 2 13 0 0
2106 11771 250 0 0 2 13 0 0
2107 11770 251 0 0 2 13 0 0
2108 11772 249 0 0 2 13 0 0
2109 11771 250 0 0 2 13 0 0
2110 11771 250 0 0 2 13 0 0
2111 11773 248 0 0 2 13 0 0
2112 11773 248 0 0 2 13 0 0
2113 11773 248 0 0 2 13 0 0
2114 11771 250 0 0 2 13 0 0
2115 11771 250 0 0 2 13 0 0
2116 11771 248 0 2 2 13 0 0
2117 11770 251 0 0 2 13 0 0
2118 11769 252 0 0 2 13 0 0
2119 11767 254 0 0 2 13 0 0
2120 11770 249 0 2 2 13 0 0
2121 11771 250 0 0 2 13 0 0
2122 11774 247 0 0 2 13 0 0
2123 11775 246 0 0 2 13 0 0
2124 11775 246 0 0 2 13 0 0
2125 11779 242 0 0 2 13 0 0
2126 11778 243 0 0 2 13 0 0
2127 11776 245 0 0 2 13 0 0
2128 11779 242 0 0 2 13 0 0
2129 11782 239 0 0 2 13 0 0
2130 11786 235 0 0 2 13 0 0
2131 11786 235 0 0 2 13 0 0
2132 11789 232 0 0 2 13 0 0
2133 11788 233 0 0 2 13 0 0
2134 11786 235 0 0 2 13 0 0
2135 11786 235 0 0 2 13 0 0
2136 11788 233 0 0 2 13 0 0
2137 11791 230 0 0 2 13 0 0
2138 11792 229 0 0 2 13 0 0
2139 11792 229 0 0 2 13 0 0
2140 11790 231 0 0 2 13 0 0
2141 11790 231 0 0 2 13 0 0
2142 11788 231 0 2 2 13 0 0
2143 11788 233 0 0 2 13 0 0
2144 11790 231 0 0 2 13 0 0
2145 11791 230 0 0 2 13 0 0
2146 11793 228 0 0 2 13 0 0
2147 11792 229 0 0 2 13 0 0
2148 11791 230 0 0 2 13 0 0
2149 11791 230 0 0 2 13 0 0
2150 11791 228 0 2 2 13 0 0
2151 11790 231 0 0 2 13 0 0
2152 11792 229 0 0 2 13 0 0
2153 11792 227 0 2 2 13 0 0
2154 11788 233 0 0 2 13 0 0
2155 11789 232 0 0 2 13 0 0
2156 11790 231 0 0 2 13 0 0
2157 11788 233 0 0 2 13 0 0
2158 11790 231 0 0 2 13 0 0
2159 11790 231 0 0 2 13 0 0
2160 11791 230 0 0 2 13 0 0
2161 11790 231 0 0 2 13 0 0
2162 11790 231 0 0 2 13 0 0
2163 11791 228 0 2 2 13 0 0
2164 11793 228 0 0 2 13 0 0
2165 11792 229 0 0 2 13 0 0
2166 11789 232 0 0 2 13 0 0
2167 11788 233 0 0 2 13 0 0
2168 11789 232 0 0 2 13 0 0
2169 11788 233 0 0 2 13 0 0
2170 11787 232 0 2 2 13 0 0
2171 11786 235 0 0 2 13 0 0
2172 11786 235 0 0 2 13 0 0
2173 11786 235 0 0 2 13 0 0
2174 11780 241 0 0 2 13 0 0
2175 11779 242 0 0 2 13 0 0
2176 11778 243 0 0 2 13 0 0
2177 11778 243 0 0 2 13 0 0
2178 11776 245 0 0 2 13 0 0
2179 11777 244 0 0 2 13 0 0
2180 11777 244 0 0 2 13 0 0
2181 11777 244 0 0 2 13 0 0
2182 11776 245 0 0 2 13 0 0
2183 11775 246 0 0 2 13 0 0
2184 11772 249 0 0 2 13 0 0
2185 11771 250 0 0 2 13 0 0
2186 11771 250 0 0 2 13 0 0
2187 11773 248 0 0 2 13 0 0
2188 11774 247 0 0 2 13 0 0
2189 11773 248 0 0 2 13 0 0
2190 11774 245 0 2 2 13 0 0
2191 11775 246 0 0 2 13 0 0
2192 11778 243 0 0 2 13 0 0
2193 11783 236 0 2 2 13 0 0
2194 11783 238 0 0 2 13 0 0
2195 11780 241 0 0 2 13 0 0
2196 11779 242 0 0 2 13 0 0
2197 11779 242 0 0 2 13 0 0
2198 11777 242 0 2 2 13 0 0
2199 11778 243 0 0 2 13 0 0
2200 11780 241 0 0 2 13 0 0
