0 1979 195 0 0 0 0 0 0 0 0 0 0 0 0 0 0
1 11644 196 196 0 0 0 0 0 0 0 0 0 0 0 0 0
2 11644 196 196 0 0 0 0 0 0 0 0 0 0 0 0 0
3 11642 197 197 0 0 0 0 0 0 0 0 0 0 0 0 0
4 11646 195 195 0 0 0 0 0 0 0 0 0 0 0 0 0
5 11642 197 197 0 0 0 0 0 0 0 0 0 0 0 0 0
6 11638 199 199 0 0 0 0 0 0 0 0 0 0 0 0 0
7 11634 201 201 0 0 0 0 0 0 0 0 0 0 0 0 0
8 11634 201 201 0 0 0 0 0 0 0 0 0 0 0 0 0
9 11634 201 201 0 0 0 0 0 0 0 0 0 0 0 0 0
10 11632 202 202 0 0 0 0 0 0 0 0 0 0 0 0 0
11 11636 200 200 0 0 0 0 0 0 0 0 0 0 0 0 0
12 11642 197 197 0 0 0 0 0 0 0 0 0 0 0 0 0
13 11642 197 197 0 0 0 0 0 0 0 0 0 0 0 0 0
14 11640 198 198 0 0 0 0 0 0 0 0 0 0 0 0 0
15 11640 198 198 0 0 0 0 0 0 0 0 0 0 0 0 0
16 11638 199 199 0 0 0 0 0 0 0 0 0 0 0 0 0
17 11636 200 200 0 0 0 0 0 0 0 0 0 0 0 0 0
18 11638 199 199 0 0 0 0 0 0 0 0 0 0 0 0 0
19 11638 199 199 0 0 0 0 0 0 0 0 0 0 0 0 0
20 11640 198 198 0 0 0 0 0 0 0 0 0 0 0 0 0
21 11640 198 198 0 0 0 0 0 0 0 0 0 0 0 0 0
22 11644 196 196 0 0 0 0 0 0 0 0 0 0 0 0 0
23 11648 194 194 0 0 0 0 0 0 0 0 0 0 0 0 0
24 11646 195 195 0 0 0 0 0 0 0 0 0 0 0 0 0
25 11644 196 196 0 0 0 0 0 0 0 0 0 0 0 0 0
26 11642 197 197 0 0 0 0 0 0 0 0 0 0 0 0 0
27 11642 197 197 0 0 0 0 0 0 0 0 0 0 0 0 0
28 11636 200 200 0 0 0 0 0 0 0 0 0 0 0 0 0
29 11636 200 200 0 0 0 0 0 0 0 0 0 0 0 0 0
30 11636 200 200 0 0 0 0 0 0 0 0 0 0 0 0 0
31 11629 203 203 1 0 0 0 0 0 0 0 0 0 0 0 0
32 11627 204 204 1 0 0 0 0 0 0 0 0 0 0 0 0
33 11631 202 202 1 0 0 0 0 0 0 0 0 0 0 0 0
34 11630 202 202 2 0 0 0 0 0 0 0 0 0 0 0 0
35 11628 203 203 2 0 0 0 0 0 0 0 0 0 0 0 0
36 11630 202 202 2 0 0 0 0 0 0 0 0 0 0 0 0
37 11622 206 206 2 0 0 0 0 0 0 0 0 0 0 0 0
38 11624 205 205 2 0 0 0 0 0 0 0 0 0 0 0 0
39 11617 208 208 3 0 0 0 0 0 0 0 0 0 0 0 0
40 11617 208 208 3 0 0 0 0 0 0 0 0 0 0 0 0
41 11607 213 213 3 0 0 0 0 0 0 0 0 0 0 0 0
42 11599 217 217 3 0 0 0 0 0 0 0 0 0 0 0 0
43 11589 222 222 3 0 0 0 0 0 0 0 0 0 0 0 0
44 11581 226 226 3 0 0 0 0 0 0 0 0 0 0 0 0
45 11568 233 233 2 0 0 0 0 0 0 0 0 0 0 0 0
46 11557 238 238 3 0 0 0 0 0 0 0 0 0 0 0 0
47 11548 242 242 4 0 0 0 0 0 0 0 0 0 0 0 0
48 11542 245 245 4 0 0 0 0 0 0 0 0 0 0 0 0
49 11529 251 251 5 0 0 0 0 0 0 0 0 0 0 0 0
50 11521 255 254 4 0 0 1 0 0 0 0 1 0 0 0 0
51 11509 261 260 4 0 0 1 0 0 0 0 1 0 0 0 0
52 11505 263 262 4 0 0 1 0 0 0 0 1 0 0 0 0
53 11499 266 265 4 0 0 1 0 0 0 0 1 0 0 0 0
54 11485 273 272 4 0 0 1 0 0 0 0 1 0 0 0 0
55 11477 277 276 4 0 0 1 0 0 0 0 1 0 0 0 0
56 11471 280 279 4 0 0 1 0 0 0 0 1 0 0 0 0
57 11450 290 289 5 0 0 1 0 0 0 0 1 0 0 0 0
58 11448 291 290 5 0 0 1 0 0 0 0 1 0 0 0 0
59 11436 297 296 5 0 0 1 0 0 0 0 1 0 0 0 0
60 11428 301 300 5 0 0 1 0 0 0 0 1 0 0 0 0
61 11416 307 306 5 0 0 1 0 0 0 0 1 0 0 0 0
62 11416 307 306 5 0 0 1 0 0 0 0 1 0 0 0 0
63 11411 309 308 6 0 0 1 0 0 0 0 1 0 0 0 0
64 11393 318 317 6 0 0 1 0 0 0 0 1 0 0 0 0
65 11378 325 324 7 0 0 1 0 0 0 0 1 0 0 0 0
66 11361 333 332 8 0 0 1 0 0 0 0 1 0 0 0 0
67 11353 336 335 10 0 0 1 0 0 0 0 1 0 0 0 0
68 11339 343 342 10 0 0 1 0 0 0 0 1 0 0 0 0
69 11329 348 347 10 0 0 1 0 0 0 0 1 0 0 0 0
70 11309 358 357 10 0 0 1 0 0 0 0 1 0 0 0 0
71 11297 363 362 12 0 0 1 0 0 0 0 1 0 0 0 0
72 11285 369 368 12 0 0 1 0 0 0 0 1 0 0 0 0
73 11271 376 374 11 0 0 2 0 0 0 0 2 0 0 0 0
74 11261 381 379 11 0 0 2 0 0 0 0 2 0 0 0 0
75 11249 387 385 11 0 0 2 0 0 0 0 2 0 0 0 0
76 11233 394 392 13 0 0 2 0 0 0 0 2 0 0 0 0
77 11226 398 396 12 0 0 2 0 0 0 0 2 0 0 0 0
78 11214 405 403 10 0 0 2 0 0 0 0 2 0 0 0 0
79 11212 406 404 10 0 0 2 0 0 0 0 2 0 0 0 0
80 11203 410 408 11 0 0 2 0 0 0 0 2 0 0 0 0
81 11190 416 414 12 0 0 2 0 0 0 0 2 0 0 0 0
82 11173 423 421 15 0 0 2 0 0 0 0 2 0 0 0 0
83 11160 428 426 18 0 0 2 0 0 0 0 2 0 0 0 0
84 11145 435 433 19 0 0 2 0 0 0 0 2 0 0 0 0
85 11134 440 438 20 0 0 2 0 0 0 0 2 0 0 0 0
86 11126 444 442 20 0 0 2 0 0 0 0 2 0 0 0 0
87 11124 445 443 20 0 0 2 0 0 0 0 2 0 0 0 0
88 11119 447 445 21 0 0 2 0 0 0 0 2 0 0 0 0
89 11094 459 457 22 0 0 2 0 0 0 0 2 0 0 0 0
90 11100 456 454 22 0 0 2 0 0 0 0 2 0 0 0 0
91 11097 458 456 21 0 0 2 0 0 0 0 2 0 0 0 0
92 11087 463 461 21 0 0 2 0 0 0 0 2 0 0 0 0
93 11077 467 465 23 0 0 2 0 0 0 0 2 0 0 0 0
94 11071 470 468 23 0 0 2 0 0 0 0 2 0 0 0 0
95 11071 470 468 23 0 0 2 0 0 0 0 2 0 0 0 0
96 11070 470 468 24 0 0 2 0 0 0 0 2 0 0 0 0
97 11054 478 476 24 0 0 2 0 0 0 0 2 0 0 0 0
98 11053 478 476 25 0 0 2 0 0 0 0 2 0 0 0 0
99 11047 481 479 25 0 0 2 0 0 0 0 2 0 0 0 0
100 11027 490 488 27 0 0 2 0 0 0 0 2 0 0 0 0
101 11025 491 489 27 0 0 2 0 0 0 0 2 0 0 0 0
102 11016 496 494 26 0 0 2 0 0 0 0 2 0 0 0 0
103 11008 500 498 26 0 0 2 0 0 0 0 2 0 0 0 0
104 10994 507 505 26 0 0 2 0 0 0 0 2 0 0 0 0
105 10980 514 512 26 0 0 2 0 0 0 0 2 0 0 0 0
106 10972 518 516 26 0 0 2 0 0 0 0 2 0 0 0 0
107 10969 519 517 27 0 0 2 0 0 0 0 2 0 0 0 0
108 10969 519 517 27 0 0 2 0 0 0 0 2 0 0 0 0
109 10971 518 516 27 0 0 2 0 0 0 0 2 0 0 0 0
110 10981 513 511 27 0 0 2 0 0 0 0 2 0 0 0 0
111 10990 508 506 28 0 0 2 0 0 0 0 2 0 0 0 0
112 10986 510 508 28 0 0 2 0 0 0 0 2 0 0 0 0
113 10980 513 511 28 0 0 2 0 0 0 0 2 0 0 0 0
114 10975 515 513 29 0 0 2 0 0 0 0 2 0 0 0 0
115 10959 522 520 31 0 0 2 0 0 0 0 2 0 0 0 0
116 10939 532 530 31 0 0 2 0 0 0 0 2 0 0 0 0
117 10941 530 528 33 0 0 2 0 0 0 0 2 0 0 0 0
118 10938 532 530 32 0 0 2 0 0 0 0 2 0 0 0 0
119 10934 534 532 32 0 0 2 0 0 0 0 2 0 0 0 0
120 10933 534 532 33 0 0 2 0 0 0 0 2 0 0 0 0
121 10927 537 535 33 0 0 2 0 0 0 0 2 0 0 0 0
122 10919 541 539 33 0 0 2 0 0 0 0 2 0 0 0 0
123 10913 544 542 33 0 0 2 0 0 0 0 2 0 0 0 0
124 10902 550 548 32 0 0 2 0 0 0 0 2 0 0 0 0
125 10900 551 549 32 0 0 2 0 0 0 0 2 0 0 0 0
126 10906 548 546 32 0 0 2 0 0 0 0 2 0 0 0 0
127 10903 549 547 33 0 0 2 0 0 0 0 2 0 0 0 0
128 10899 551 549 33 0 0 2 0 0 0 0 2 0 0 0 0
129 10886 557 555 34 0 0 2 0 0 0 0 2 0 0 0 0
130 10877 561 559 35 0 0 2 0 0 0 0 2 0 0 0 0
131 10881 559 557 35 0 0 2 0 0 0 0 2 0 0 0 0
132 10881 559 557 35 0 0 2 0 0 0 0 2 0 0 0 0
133 10881 559 557 35 0 0 2 0 0 0 0 2 0 0 0 0
134 10884 559 557 32 0 0 2 0 0 0 0 2 0 0 0 0
135 10878 562 560 32 0 0 2 0 0 0 0 2 0 0 0 0
136 10858 572 570 32 0 0 2 0 0 0 0 2 0 0 0 0
137 10858 572 570 32 0 0 2 0 0 0 0 2 0 0 0 0
138 10842 580 578 32 0 0 2 0 0 0 0 2 0 0 0 0
139 10834 584 582 32 0 0 2 0 0 0 0 2 0 0 0 0
140 10835 583 581 33 0 0 2 0 0 0 0 2 0 0 0 0
141 10820 590 588 34 0 0 2 0 0 0 0 2 0 0 0 0
142 10822 589 587 34 0 0 2 0 0 0 0 2 0 0 0 0
143 10822 589 587 34 0 0 2 0 0 0 0 2 0 0 0 0
144 10821 590 588 33 0 0 2 0 0 0 0 2 0 0 0 0
145 10813 594 592 33 0 0 2 0 0 0 0 2 0 0 0 0
146 10807 597 595 33 0 0 2 0 0 0 0 2 0 0 0 0
147 10797 602 600 33 0 0 2 0 0 0 0 2 0 0 0 0
148 10786 607 605 34 0 0 2 0 0 0 0 2 0 0 0 0
149 10789 606 604 33 0 0 2 0 0 0 0 2 0 0 0 0
150 10791 605 603 33 0 0 2 0 0 0 0 2 0 0 0 0
151 10785 608 606 33 0 0 2 0 0 0 0 2 0 0 0 0
152 10783 609 607 33 0 0 2 0 0 0 0 2 0 0 0 0
153 10777 612 610 33 0 0 2 0 0 0 0 2 0 0 0 0
154 10777 612 610 33 0 0 2 0 0 0 0 2 0 0 0 0
155 10788 606 605 33 0 0 2 0 0 1 0 1 0 0 0 0
156 10786 607 606 33 0 0 2 0 0 1 0 1 0 0 0 0
157 10786 607 606 33 0 0 2 0 0 1 0 1 0 0 0 0
158 10774 613 612 33 0 0 2 0 0 1 0 1 0 0 0 0
159 10772 614 613 33 0 0 2 0 0 1 0 1 0 0 0 0
160 10778 611 610 33 0 0 2 0 0 1 0 1 0 0 0 0
161 10784 607 606 35 0 0 2 0 0 1 0 1 0 0 0 0
162 10780 609 608 35 0 0 2 0 0 1 0 1 0 0 0 0
163 10775 611 610 36 0 0 2 0 0 1 0 1 0 0 0 0
164 10773 612 611 36 0 0 2 0 0 1 0 1 0 0 0 0
165 10767 615 613 35 0 0 3 0 0 1 0 2 0 0 0 0
166 10767 615 613 35 0 0 3 0 0 1 0 2 0 0 0 0
167 10773 612 610 35 0 0 3 0 0 1 0 2 0 0 0 0
168 10772 612 610 36 0 0 3 0 0 1 0 2 0 0 0 0
169 10771 612 610 37 0 0 3 0 0 1 0 2 0 0 0 0
170 10778 608 606 38 0 0 3 0 0 1 0 2 0 0 0 0
171 10780 607 605 38 0 0 3 0 0 1 0 2 0 0 0 0
172 10772 610 608 40 0 0 3 0 0 1 0 2 0 0 0 0
173 10764 614 613 39 0 0 3 0 0 2 0 1 0 0 0 0
174 10766 613 612 39 0 0 3 0 0 2 0 1 0 0 0 0
175 10758 617 616 39 0 0 3 0 0 2 0 1 0 0 0 0
176 10766 613 612 39 0 0 3 0 0 2 0 1 0 0 0 0
177 10764 614 613 39 0 0 3 0 0 2 0 1 0 0 0 0
178 10753 618 617 42 0 0 3 0 0 2 0 1 0 0 0 0
179 10751 618 617 44 0 0 3 0 0 2 0 1 0 0 0 0
180 10755 616 615 44 0 0 3 0 0 2 0 1 0 0 0 0
181 10760 612 611 47 0 0 3 0 0 2 0 1 0 0 0 0
182 10762 611 610 47 0 0 3 0 0 2 0 1 0 0 0 0
183 10764 610 609 47 0 0 3 0 0 2 0 1 0 0 0 0
184 10761 611 609 47 0 0 4 0 0 2 0 2 0 0 0 0
185 10749 617 615 47 0 0 4 0 0 2 0 2 0 0 0 0
186 10747 618 616 47 0 0 4 0 0 2 0 2 0 0 0 0
187 10747 618 616 47 0 0 4 0 0 2 0 2 0 0 0 0
188 10745 619 617 47 0 0 4 0 0 2 0 2 0 0 0 0
189 10738 622 620 48 0 0 4 0 0 2 0 2 0 0 0 0
190 10739 621 619 49 0 0 4 0 0 2 0 2 0 0 0 0
191 10732 624 622 50 0 0 4 0 0 2 0 2 0 0 0 0
192 10723 628 626 51 0 0 4 0 0 2 0 2 0 0 0 0
193 10717 631 629 51 0 0 4 0 0 2 0 2 0 0 0 0
194 10711 634 632 51 0 0 4 0 0 2 0 2 0 0 0 0
195 10707 636 634 51 0 0 4 0 0 2 0 2 0 0 0 0
196 10702 638 636 52 0 0 4 0 0 2 0 2 0 0 0 0
197 10709 634 632 53 0 0 4 0 0 2 0 2 0 0 0 0
198 10704 638 636 50 0 0 4 0 0 2 0 2 0 0 0 0
199 10709 636 634 49 0 0 4 0 0 2 0 2 0 0 0 0
200 10707 637 635 49 0 0 4 0 0 2 0 2 0 0 0 0
201 10714 634 632 48 0 0 4 0 0 2 0 2 0 0 0 0
202 10708 637 635 48 0 0 4 0 0 2 0 2 0 0 0 0
203 10707 637 635 49 0 0 4 0 0 2 0 2 0 0 0 0
204 10708 637 635 48 0 0 4 0 0 2 0 2 0 0 0 0
205 10701 640 638 49 0 0 4 0 0 2 0 2 0 0 0 0
206 10695 642 640 51 0 0 4 0 0 2 0 2 0 0 0 0
207 10693 643 641 51 0 0 4 0 0 2 0 2 0 0 0 0
208 10696 643 641 48 0 0 4 0 0 2 0 2 0 0 0 0
209 10698 642 640 48 0 0 4 0 0 2 0 2 0 0 0 0
210 10703 640 638 47 0 0 4 0 0 2 0 2 0 0 0 0
211 10708 637 635 48 0 0 4 0 0 2 0 2 0 0 0 0
212 10713 635 633 47 0 0 4 0 0 2 0 2 0 0 0 0
213 10718 633 631 46 0 0 4 0 0 2 0 2 0 0 0 0
214 10704 640 638 46 0 0 4 0 0 2 0 2 0 0 0 0
215 10702 640 638 48 0 0 4 0 0 2 0 2 0 0 0 0
216 10697 642 640 49 0 0 4 0 0 2 0 2 0 0 0 0
217 10697 642 640 49 0 0 4 0 0 2 0 2 0 0 0 0
218 10687 648 646 47 0 0 4 0 0 2 0 2 0 0 0 0
219 10688 648 646 46 0 0 4 0 0 2 0 2 0 0 0 0
220 10680 652 650 46 0 0 4 0 0 2 0 2 0 0 0 0
221 10684 650 648 46 0 0 4 0 0 2 0 2 0 0 0 0
222 10680 652 650 46 0 0 4 0 0 2 0 2 0 0 0 0
223 10679 652 650 47 0 0 4 0 0 2 0 2 0 0 0 0
224 10674 654 652 48 0 0 4 0 0 2 0 2 0 0 0 0
225 10676 653 651 48 0 0 4 0 0 2 0 2 0 0 0 0
226 10677 653 651 47 0 0 4 0 0 2 0 2 0 0 0 0
227 10681 652 650 45 0 0 4 0 0 2 0 2 0 0 0 0
228 10685 651 649 43 0 0 4 0 0 2 0 2 0 0 0 0
229 10681 653 651 43 0 0 4 0 0 2 0 2 0 0 0 0
230 10679 654 652 43 0 0 4 0 0 2 0 2 0 0 0 0
231 10676 655 653 44 0 0 4 0 0 2 0 2 0 0 0 0
232 10666 659 657 46 0 0 4 0 0 2 0 2 0 0 0 0
233 10652 666 664 46 0 0 4 0 0 2 0 2 0 0 0 0
234 10647 668 666 47 0 0 4 0 0 2 0 2 0 0 0 0
235 10641 671 669 47 0 0 4 0 0 2 0 2 0 0 0 0
236 10640 671 670 47 0 0 4 0 0 3 0 1 0 0 0 0
237 10628 676 675 49 0 0 4 0 0 3 0 1 0 0 0 0
238 10608 686 685 49 0 0 4 0 0 3 0 1 0 0 0 0
239 10604 688 687 49 0 0 4 0 0 3 0 1 0 0 0 0
240 10594 692 691 51 0 0 4 0 0 3 0 1 0 0 0 0
241 10584 696 695 53 0 0 4 0 0 3 0 1 0 0 0 0
242 10575 700 699 54 0 0 4 0 0 3 0 1 0 0 0 0
243 10569 702 701 56 0 0 4 0 0 3 0 1 0 0 0 0
244 10573 700 699 56 0 0 4 0 0 3 0 1 0 0 0 0
245 10555 708 707 58 0 0 4 0 0 3 0 1 0 0 0 0
246 10540 715 714 59 0 0 4 0 0 3 0 1 0 0 0 0
247 10530 719 718 61 0 0 4 0 0 3 0 1 0 0 0 0
248 10521 724 722 59 0 0 5 0 0 3 0 2 0 0 0 0
249 10518 725 722 59 0 0 6 0 0 3 0 3 0 0 0 0
250 10506 732 729 57 0 0 6 0 0 3 0 3 0 0 0 0
251 10497 736 732 57 0 0 7 0 0 3 0 4 0 0 0 0
252 10491 738 734 59 0 0 7 0 0 3 0 4 0 0 0 0
253 10487 739 735 61 0 0 7 0 0 3 0 4 0 0 0 0
254 10483 741 737 61 0 0 7 0 0 3 0 4 0 0 0 0
255 10473 746 741 60 0 0 8 0 0 3 0 5 0 0 0 0
256 10465 749 744 62 0 0 8 0 0 3 0 5 0 0 0 0
257 10457 753 748 62 0 0 8 0 0 3 0 5 0 0 0 0
258 10445 759 754 62 0 0 8 0 0 3 0 5 0 0 0 0
259 10435 763 758 64 0 0 8 0 0 3 0 5 0 0 0 0
260 10426 767 762 65 0 0 8 0 0 3 0 5 0 0 0 0
261 10421 769 764 66 0 0 8 0 0 3 0 5 0 0 0 0
262 10397 780 775 68 0 0 8 0 0 3 0 5 0 0 0 0
263 10380 788 783 69 0 0 8 0 0 3 0 5 0 0 0 0
264 10375 790 785 70 0 0 8 0 0 3 0 5 0 0 0 0
265 10368 793 788 71 0 0 8 0 0 3 0 5 0 0 0 0
266 10343 805 800 72 0 0 8 0 0 3 0 5 0 0 0 0
267 10328 813 808 71 0 0 8 0 0 3 0 5 0 0 0 0
268 10317 817 812 74 0 0 8 0 0 3 0 5 0 0 0 0
269 10294 828 823 75 0 0 8 0 0 3 0 5 0 0 0 0
270 10275 836 830 77 0 0 9 0 0 3 0 6 0 0 0 0
271 10262 843 837 76 0 0 9 0 0 3 0 6 0 0 0 0
272 10260 844 838 76 0 0 9 0 0 3 0 6 0 0 0 0
273 10241 851 845 81 0 0 9 0 0 3 0 6 0 0 0 0
274 10231 856 850 81 0 0 9 0 0 3 0 6 0 0 0 0
275 10225 859 853 81 0 0 9 0 0 3 0 6 0 0 0 0
276 10222 861 855 80 0 0 9 0 0 3 0 6 0 0 0 0
277 10220 862 856 80 0 0 9 0 0 3 0 6 0 0 0 0
278 10224 860 854 80 0 0 9 0 0 3 0 6 0 0 0 0
279 10203 869 862 82 0 0 10 0 0 3 0 7 0 0 0 0
280 10182 879 872 83 0 0 10 0 0 3 0 7 0 0 0 0
281 10157 891 883 83 0 0 11 0 0 3 0 8 0 0 0 0
282 10138 900 892 84 0 0 11 0 0 3 0 8 0 0 0 0
283 10131 903 895 85 0 0 11 0 0 3 0 8 0 0 0 0
284 10111 913 905 85 0 0 11 0 0 3 0 8 0 0 0 0
285 10107 913 905 89 0 0 11 0 0 3 0 8 0 0 0 0
286 10100 917 909 88 0 0 11 0 0 3 0 8 0 0 0 0
287 10097 919 911 87 0 0 11 0 0 3 0 8 0 0 0 0
288 10097 918 910 89 0 0 11 0 0 3 0 8 0 0 0 0
289 10087 923 915 89 0 0 11 0 0 3 0 8 0 0 0 0
290 10079 927 920 88 0 0 11 0 0 4 0 7 0 0 0 0
291 10083 926 919 86 0 0 11 0 0 4 0 7 0 0 0 0
292 10080 927 920 87 0 0 11 0 0 4 0 7 0 0 0 0
293 10078 928 920 86 0 0 12 0 0 4 0 8 0 0 0 0
294 10077 928 920 87 0 0 12 0 0 4 0 8 0 0 0 0
295 10076 926 918 92 0 0 12 0 0 4 0 8 0 0 0 0
296 10076 924 916 94 0 0 12 1 0 4 0 9 0 0 0 0
297 10067 928 920 95 0 0 12 1 0 4 0 9 0 0 0 0
298 10062 931 922 93 0 0 13 1 0 4 0 10 0 0 0 0
299 10053 935 926 94 0 0 13 1 0 4 0 10 0 0 0 0
300 10048 937 929 94 0 0 13 1 0 5 0 9 0 0 0 0
301 10038 942 934 94 0 0 13 1 0 5 0 9 0 0 0 0
302 10049 937 929 93 0 0 13 1 0 5 0 9 0 0 0 0
303 10030 945 937 96 0 0 13 1 0 5 0 9 0 0 0 0
304 10036 941 933 98 0 0 13 1 0 5 0 9 0 0 0 0
305 10029 945 937 97 0 0 13 1 0 5 0 9 0 0 0 0
306 10021 950 942 95 0 0 13 1 0 5 0 9 0 0 0 0
307 10019 950 942 97 0 0 13 1 0 5 0 9 0 0 0 0
308 10013 953 945 97 0 0 13 1 0 5 0 9 0 0 0 0
309 10014 953 944 95 0 0 14 1 0 5 0 10 0 0 0 0
310 10009 956 947 94 0 0 14 1 0 5 0 10 0 0 0 0
311 10005 957 948 96 0 0 14 1 0 5 0 10 0 0 0 0
312 10002 958 949 97 0 0 14 1 0 5 0 10 0 0 0 0
313 10004 956 947 99 0 0 14 1 0 5 0 10 0 0 0 0
314 10006 956 947 97 0 0 14 1 0 5 0 10 0 0 0 0
315 10007 957 946 92 0 0 16 1 0 5 0 12 0 0 0 0
316 9998 962 951 91 0 0 16 1 0 5 0 12 0 0 0 0
317 9989 966 955 92 0 0 16 1 0 5 0 12 0 0 0 0
318 9988 967 956 91 0 0 16 1 0 5 0 12 0 0 0 0
319 9978 972 960 90 0 0 17 1 0 5 0 13 0 0 0 0
320 9975 975 963 87 0 0 17 1 0 5 0 13 0 0 0 0
321 9969 978 966 87 0 0 17 1 0 5 0 13 0 0 0 0
322 9967 980 968 85 0 0 17 1 0 5 0 13 0 0 0 0
323 9964 981 969 86 0 0 17 1 0 5 0 13 0 0 0 0
324 9955 985 973 87 0 0 17 1 0 5 0 13 0 0 0 0
325 9964 980 968 88 0 0 17 1 0 5 0 13 0 0 0 0
326 9977 973 961 89 0 0 17 1 0 5 0 13 0 0 0 0
327 9986 969 957 88 0 0 17 1 0 5 0 13 0 0 0 0
328 9969 977 966 88 0 0 17 1 0 6 0 12 0 0 0 0
329 9982 971 960 87 0 0 17 1 0 6 0 12 0 0 0 0
330 9985 968 957 90 0 0 17 1 0 6 0 12 0 0 0 0
331 9983 968 958 91 0 0 17 1 0 7 0 11 0 0 0 0
332 9988 965 955 92 0 0 17 1 0 7 0 11 0 0 0 0
333 9990 964 954 92 0 0 17 1 0 7 0 11 0 0 0 0
334 9992 963 953 92 0 0 17 1 0 7 0 11 0 0 0 0
335 9985 966 956 93 0 0 17 1 0 7 0 11 0 0 0 0
336 9975 970 960 95 0 0 17 1 0 7 0 11 0 0 0 0
337 9978 969 958 93 0 0 18 1 0 7 0 12 0 0 0 0
338 9987 964 952 93 0 0 19 1 0 7 0 13 0 0 0 0
339 9998 960 948 90 0 0 19 1 0 7 0 13 0 0 0 0
340 9995 961 949 91 0 0 19 1 0 7 0 13 0 0 0 0
341 9987 965 953 91 0 0 19 1 0 7 0 13 0 0 0 0
342 9986 966 954 90 0 0 19 1 0 7 0 13 0 0 0 0
343 9988 965 952 89 0 0 20 1 0 7 0 14 0 0 0 0
344 10006 956 942 88 0 0 21 1 0 7 0 15 0 0 0 0
345 9998 961 947 86 0 0 21 1 0 7 0 15 0 0 0 0
346 10001 960 945 86 0 0 21 1 0 6 0 16 0 0 0 0
347 9996 963 948 85 0 0 21 1 0 6 0 16 0 0 0 0
348 9993 965 949 83 0 0 22 1 0 6 0 17 0 0 0 0
349 10001 962 946 81 0 0 22 1 0 6 0 17 0 0 0 0
350 9997 963 947 82 0 0 22 1 0 6 0 17 0 0 0 1
351 9994 962 946 87 0 0 22 1 0 6 0 17 0 0 0 1
352 9997 960 944 88 0 0 22 1 0 6 0 17 0 0 0 1
353 9992 962 946 89 0 0 22 1 0 6 0 17 0 0 0 1
354 9990 963 947 89 0 0 22 1 0 6 0 17 0 0 0 1
355 10002 957 941 89 0 0 22 1 0 6 0 17 0 0 0 1
356 10005 954 938 90 0 0 23 1 0 7 0 17 0 0 0 1
357 10005 954 938 90 0 0 23 1 0 7 0 17 0 0 0 1
358 10005 954 938 90 0 0 23 1 0 7 0 17 0 0 0 1
359 10010 952 936 89 0 0 23 1 0 7 0 17 0 0 0 1
360 10003 955 940 89 0 0 23 1 0 8 0 16 0 0 0 1
361 10010 953 938 86 0 0 23 1 0 8 0 16 0 0 0 1
362 10009 951 936 91 0 0 23 1 0 8 0 16 0 0 0 1
363 10019 946 931 89 0 0 24 1 0 9 0 16 0 0 0 1
364 10015 949 934 87 0 0 24 1 0 9 0 16 0 0 0 1
365 10020 946 931 88 0 0 24 1 0 9 0 16 0 0 0 1
366 10024 945 930 86 0 0 24 1 0 9 0 16 0 0 0 1
367 10020 947 932 86 0 0 24 1 0 9 0 16 0 0 0 1
368 10020 944 929 92 0 0 24 1 0 9 0 16 0 0 0 1
369 10018 945 930 92 0 0 24 1 0 9 0 16 0 0 0 1
370 10011 948 933 93 0 0 24 1 0 9 0 16 0 0 0 1
371 10016 946 931 92 0 0 24 1 0 9 0 16 0 0 0 1
372 10019 945 930 91 0 0 24 1 0 9 0 16 0 0 0 1
373 10017 946 931 91 0 0 24 1 0 9 0 16 0 0 0 1
374 10020 944 929 92 0 0 24 1 0 9 0 16 0 0 0 1
375 10016 945 930 94 0 0 24 1 0 9 0 16 0 0 0 1
376 10014 944 929 98 0 0 24 1 0 9 0 16 0 0 0 1
377 10012 945 931 97 0 0 23 2 0 9 0 16 0 0 0 1
378 10016 944 930 95 0 0 23 2 0 9 0 16 0 0 0 1
379 10018 943 929 95 0 0 23 2 0 9 0 16 0 0 0 1
380 10011 945 931 98 0 0 23 2 0 9 0 16 0 0 0 1
381 10005 947 933 100 0 0 23 2 0 9 0 16 0 0 0 1
382 9991 954 940 100 0 0 23 2 0 9 0 16 0 0 0 1
383 9998 951 937 99 0 0 23 2 0 9 0 16 0 0 0 1
384 10004 948 934 99 0 0 23 2 0 9 0 16 0 0 0 1
385 10004 947 933 101 0 0 23 2 0 9 0 16 0 0 0 1
386 10008 945 931 99 0 0 24 2 0 10 0 16 0 0 0 1
387 9999 949 935 100 0 0 24 2 0 10 0 16 0 0 0 1
388 9992 953 939 99 0 0 24 2 0 10 0 16 0 0 0 1
389 9999 949 935 100 0 0 24 2 0 10 0 16 0 0 0 1
390 9990 952 937 102 0 0 25 2 0 10 0 17 0 0 0 1
391 9999 948 933 101 0 0 25 2 0 10 0 17 0 0 0 1
392 10003 946 931 101 0 0 25 2 0 10 0 17 0 0 0 1
393 9997 949 933 100 0 0 26 2 0 10 0 18 0 0 0 1
394 10004 946 929 98 0 0 27 2 0 10 0 19 0 0 0 1
395 9995 950 932 98 0 0 28 2 0 10 0 20 0 0 0 1
396 9989 952 934 100 0 0 28 2 0 10 0 20 0 0 0 1
397 9991 949 933 102 0 0 28 2 0 12 0 18 0 0 0 1
398 9994 948 932 101 0 0 28 2 0 12 0 18 0 0 0 1
399 9995 948 932 100 0 0 28 2 0 12 0 18 0 0 0 1
400 9992 949 933 101 0 0 28 2 0 12 0 18 0 0 0 1
401 9987 952 936 100 0 0 28 2 0 12 0 18 0 0 0 1
402 9995 948 932 100 0 0 28 2 0 12 0 18 0 0 0 1
403 10000 946 930 99 0 0 28 2 0 12 0 18 0 0 0 1
404 9995 949 933 98 0 0 28 2 0 12 0 18 0 0 0 1
405 9996 949 932 96 0 0 29 2 0 12 0 19 0 0 0 1
406 9988 952 936 97 0 0 29 2 0 13 0 18 0 0 0 1
407 9985 954 938 96 0 0 29 2 0 13 0 18 0 0 0 1
408 9983 954 939 97 0 0 29 2 0 14 0 17 0 0 0 1
409 9989 951 936 97 0 0 29 2 0 14 0 17 0 0 0 1
410 9978 958 943 94 0 0 29 2 0 14 0 17 0 0 0 1
411 9995 949 933 94 0 0 30 2 0 14 0 18 0 0 0 1
412 10002 945 930 94 0 0 30 2 0 15 0 17 0 0 0 1
413 10005 944 929 93 0 0 30 2 0 15 0 17 0 0 0 1
414 9993 949 934 95 0 0 30 2 0 15 0 17 0 0 0 1
415 9984 954 939 94 0 0 30 2 0 15 0 17 0 0 0 1
416 9984 954 939 94 0 0 30 2 0 15 0 17 0 0 0 1
417 10003 945 930 93 0 0 30 2 0 15 0 17 0 0 0 1
418 9993 950 935 93 0 0 30 2 0 15 0 17 0 0 0 1
419 9984 955 941 91 0 0 30 2 0 16 0 16 0 0 0 1
420 9991 952 938 90 0 0 30 2 0 16 0 16 0 0 0 1
421 9995 951 937 88 0 0 30 2 0 16 0 16 0 0 0 1
422 9991 953 939 88 0 0 30 2 0 16 0 16 0 0 0 1
423 9985 957 944 85 0 0 30 2 0 17 0 15 0 0 0 1
424 9981 960 947 83 0 0 30 2 0 17 0 15 0 0 0 1
425 9982 959 947 83 0 0 30 2 0 18 0 14 0 0 0 1
426 9964 967 955 85 0 0 30 2 0 18 0 14 0 0 0 1
427 9971 963 951 86 0 0 30 2 0 18 0 14 0 0 0 1
428 9970 964 952 85 0 0 30 2 0 18 0 14 0 0 0 1
429 9963 967 955 84 0 0 30 3 0 18 0 15 0 0 0 1
430 9972 963 951 83 0 0 30 3 0 18 0 15 0 0 0 1
431 9971 962 952 84 0 0 29 4 0 19 0 14 0 0 0 1
432 9966 965 956 82 0 0 29 4 0 20 0 13 0 0 0 1
433 9966 965 956 82 0 0 29 4 0 20 0 13 0 0 0 1
434 9955 970 961 83 0 0 29 4 0 20 0 13 0 0 0 1
435 9939 975 967 88 0 0 29 4 0 21 0 12 0 0 0 1
436 9930 979 971 89 0 0 29 4 0 21 0 12 0 0 0 1
437 9929 980 972 88 0 0 29 4 0 21 0 12 0 0 0 1
438 9921 983 975 88 0 0 30 4 0 22 0 12 0 0 0 1
439 9912 988 980 87 0 0 30 4 0 22 0 12 0 0 0 1
440 9903 993 983 86 0 0 32 3 0 22 0 13 0 0 0 1
441 9879 1002 992 92 0 0 32 3 0 22 0 13 0 0 0 1
442 9880 1001 992 92 0 0 32 3 0 23 0 12 0 0 0 1
443 9876 1002 993 94 0 0 32 3 0 23 0 12 0 0 0 1
444 9868 1007 998 92 0 0 32 3 0 23 0 12 0 0 0 1
445 9854 1014 1005 92 0 0 32 3 0 23 0 12 0 0 0 1
446 9848 1015 1008 94 0 0 31 4 0 24 0 11 0 0 0 1
447 9845 1016 1008 96 0 0 31 4 0 23 0 12 0 0 0 1
448 9824 1026 1018 97 0 0 31 4 0 23 0 12 0 0 0 1
449 9808 1034 1026 97 0 0 31 4 0 23 0 12 0 0 0 1
450 9796 1039 1030 98 0 0 32 4 0 23 0 13 0 0 0 1
451 9787 1042 1034 100 0 0 32 4 0 24 0 12 0 0 0 1
452 9769 1049 1041 104 0 0 32 4 0 24 0 12 0 0 0 1
453 9754 1055 1047 107 0 0 32 4 0 24 0 12 0 0 0 1
454 9736 1061 1051 111 0 0 34 4 0 24 0 14 0 0 0 1
455 9714 1070 1060 115 0 0 34 4 0 24 0 14 0 0 0 1
456 9698 1076 1066 119 0 0 34 4 0 24 0 14 0 0 0 1
457 9689 1080 1071 119 0 0 33 5 0 24 0 14 0 0 0 1
458 9682 1083 1072 116 0 0 35 6 0 24 0 17 0 0 0 1
459 9666 1090 1079 118 0 0 35 6 0 24 0 17 0 0 0 1
460 9654 1095 1084 120 0 0 35 6 0 24 0 17 0 0 0 1
461 9656 1094 1083 120 0 0 35 6 0 24 0 17 0 0 0 1
462 9638 1102 1091 122 0 0 35 6 0 24 0 17 0 0 0 1
463 9623 1109 1096 121 0 0 37 6 0 24 0 19 0 0 0 1
464 9600 1120 1107 122 0 0 37 6 0 24 0 19 0 0 0 1
465 9570 1134 1121 124 0 0 37 6 0 24 0 19 0 0 0 1
466 9554 1141 1128 126 0 0 37 6 0 24 0 19 0 0 0 1
467 9540 1145 1132 132 0 0 37 6 0 24 0 19 0 0 0 1
468 9526 1151 1138 134 0 0 37 6 0 24 0 19 0 0 0 1
469 9522 1154 1141 132 0 0 37 6 0 24 0 19 0 0 0 1
470 9501 1164 1150 132 0 0 38 6 0 24 0 20 0 0 0 1
471 9499 1165 1150 129 0 0 39 7 0 24 0 22 0 0 0 1
472 9479 1173 1159 132 0 0 39 7 0 25 0 21 0 0 0 1
473 9459 1182 1167 133 0 0 40 7 0 25 0 22 0 0 0 1
474 9448 1186 1172 135 0 0 39 8 0 25 0 22 0 0 0 1
475 9430 1194 1178 136 0 0 41 7 0 25 0 23 0 0 0 2
476 9419 1199 1183 137 0 0 41 7 0 25 0 23 0 0 0 2
477 9411 1202 1185 138 0 0 42 7 0 25 0 24 0 0 0 2
478 9403 1204 1187 140 0 0 42 8 0 25 0 25 0 0 0 2
479 9396 1205 1187 144 0 0 43 8 0 25 0 26 0 0 0 2
480 9387 1207 1191 147 0 0 43 8 0 27 0 24 0 0 0 2
481 9377 1211 1195 147 0 0 43 9 0 27 0 25 0 0 0 2
482 9374 1215 1198 143 0 0 43 9 0 26 0 26 0 0 0 2
483 9358 1221 1204 147 0 0 43 9 0 26 0 26 0 0 0 2
484 9353 1222 1205 150 0 0 43 9 0 26 0 26 0 0 0 2
485 9342 1228 1211 149 0 0 43 9 0 26 0 26 0 0 0 2
486 9337 1233 1217 143 0 0 43 9 0 27 0 25 0 0 0 2
487 9345 1230 1214 141 0 0 43 9 0 27 0 25 0 0 0 2
488 9337 1234 1218 141 0 0 43 9 0 27 0 25 0 0 0 2
489 9338 1234 1217 139 0 0 44 9 0 27 0 26 0 0 0 2
490 9341 1232 1213 141 0 0 46 7 0 27 0 26 0 0 0 3
491 9335 1235 1215 142 0 0 47 6 0 27 0 26 0 0 0 3
492 9323 1240 1220 144 0 0 47 6 0 27 0 26 0 0 0 3
493 9314 1244 1224 145 0 0 47 6 0 27 0 26 0 0 0 3
494 9312 1245 1225 145 0 0 47 6 0 27 0 26 0 0 0 3
495 9300 1252 1232 143 0 0 47 6 0 27 0 26 0 0 0 3
496 9311 1249 1226 137 0 0 50 5 0 27 0 28 0 0 0 3
497 9306 1250 1227 140 0 0 50 5 0 27 0 28 0 0 0 3
498 9290 1257 1234 142 0 0 50 5 0 27 0 28 0 0 0 3
499 9298 1251 1228 146 0 0 50 5 0 27 0 28 0 0 0 3
500 9289 1254 1232 148 0 0 50 5 0 28 0 27 0 0 0 3
501 9284 1256 1233 148 0 0 51 5 0 28 0 28 0 0 0 3
502 9268 1264 1240 147 0 0 52 5 0 28 0 29 0 0 0 3
503 9267 1264 1239 147 0 0 53 5 0 28 0 30 0 0 0 3
504 9266 1264 1239 148 0 0 53 5 0 28 0 30 0 0 0 3
505 9256 1268 1242 149 0 0 54 5 0 28 0 31 0 0 0 3
506 9251 1268 1242 154 0 0 54 5 0 28 0 31 0 0 0 3
507 9246 1271 1245 153 0 0 54 5 0 28 0 31 0 0 0 3
508 9229 1277 1252 157 0 0 53 6 0 28 0 31 0 0 0 3
509 9222 1277 1252 162 0 0 54 6 0 29 0 31 0 0 0 3
510 9200 1287 1261 163 0 0 55 6 0 29 0 32 0 0 0 3
511 9188 1293 1267 161 0 0 56 6 0 30 0 32 0 0 0 3
512 9189 1292 1266 162 0 0 56 6 0 30 0 32 0 0 0 3
513 9179 1296 1270 164 0 0 56 6 0 30 0 32 0 0 0 3
514 9166 1303 1277 163 0 0 56 6 0 30 0 32 0 0 0 3
515 9153 1308 1282 166 0 0 56 6 0 30 0 32 0 0 0 3
516 9156 1306 1279 165 0 0 57 6 0 30 0 33 0 0 0 4
517 9155 1305 1278 168 0 0 57 6 0 30 0 33 0 0 0 4
518 9151 1305 1278 172 0 0 57 6 0 30 0 33 0 0 0 4
519 9155 1304 1278 169 0 0 57 6 0 31 0 32 0 0 0 4
520 9164 1302 1276 164 0 0 57 6 0 31 0 32 0 0 0 4
521 9169 1299 1273 163 0 0 57 7 0 31 0 33 0 0 0 4
522 9165 1303 1276 158 0 0 58 7 0 31 0 34 0 0 0 4
523 9147 1311 1283 159 0 0 59 7 0 31 0 35 0 0 0 4
524 9138 1315 1287 160 0 0 59 7 0 31 0 35 0 0 0 4
525 9137 1314 1285 162 0 0 60 7 0 31 0 36 0 0 0 4
526 9149 1308 1277 161 0 0 62 6 0 31 0 37 0 0 0 5
527 9163 1301 1270 161 0 0 62 6 0 31 0 37 0 0 0 5
528 9155 1306 1275 159 0 0 62 6 0 31 0 37 0 0 0 5
529 9153 1306 1275 161 0 0 62 6 0 31 0 37 0 0 0 5
530 9156 1302 1271 166 0 0 62 6 0 31 0 37 0 0 0 5
531 9158 1303 1271 161 0 0 63 6 0 31 0 38 0 0 0 5
532 9163 1300 1268 162 0 0 63 6 0 31 0 38 0 0 0 5
533 9157 1304 1272 160 0 0 63 6 0 31 0 38 0 0 0 5
534 9161 1301 1268 161 0 0 64 6 0 31 0 39 0 0 0 5
535 9161 1299 1266 165 0 0 64 6 0 31 0 39 0 0 0 5
536 9161 1299 1267 164 0 0 64 6 0 32 0 38 0 0 0 5
537 9157 1301 1269 164 0 0 64 6 0 32 0 38 0 0 0 5
538 9151 1305 1273 162 0 0 64 6 0 32 0 38 0 0 0 5
539 9148 1306 1274 163 0 0 64 6 0 32 0 38 0 0 0 5
540 9153 1304 1272 162 0 0 64 6 0 32 0 38 0 0 0 5
541 9149 1307 1274 159 0 0 65 6 0 32 0 39 0 0 0 5
542 9165 1299 1266 159 0 0 65 6 0 32 0 39 0 0 0 5
543 9168 1297 1264 160 0 0 65 6 0 32 0 39 0 0 0 5
544 9162 1300 1267 160 0 0 65 6 0 32 0 39 0 0 0 5
545 9164 1297 1264 164 0 0 65 6 0 32 0 39 0 0 0 5
546 9167 1295 1262 165 0 0 65 6 0 32 0 39 0 0 0 5
547 9180 1287 1255 167 0 0 64 7 0 32 0 39 0 0 0 5
548 9182 1286 1254 167 0 0 64 7 0 32 0 39 0 0 0 5
549 9182 1286 1254 167 0 0 64 7 0 32 0 39 0 0 0 5
550 9177 1288 1256 168 0 0 64 7 0 32 0 39 0 0 0 5
551 9173 1290 1258 168 0 0 64 7 0 32 0 39 0 0 0 5
552 9173 1290 1258 168 0 0 64 7 0 32 0 39 0 0 0 5
553 9184 1285 1253 167 0 0 64 7 0 32 0 39 0 0 0 5
554 9182 1285 1252 168 0 0 65 7 0 32 0 40 0 0 0 5
555 9185 1284 1251 165 0 0 66 7 0 33 0 40 0 0 0 5
556 9193 1280 1247 165 0 0 66 7 0 33 0 40 0 0 0 5
557 9203 1277 1245 160 0 0 66 7 0 34 0 39 0 0 0 5
558 9203 1276 1243 161 0 0 67 7 0 34 0 40 0 0 0 5
559 9202 1278 1245 158 0 0 68 6 0 35 0 39 0 0 0 5
560 9207 1275 1243 158 0 0 68 6 0 36 0 38 0 0 0 5
561 9204 1276 1244 159 0 0 68 6 0 36 0 38 0 0 0 5
562 9208 1272 1240 163 0 0 68 6 0 36 0 38 0 0 0 5
563 9212 1271 1239 161 0 0 68 6 0 36 0 38 0 0 0 5
564 9206 1269 1238 170 0 0 68 6 0 37 0 37 0 0 0 5
565 9213 1265 1234 171 0 0 68 6 0 37 0 37 0 0 0 5
566 9214 1264 1234 171 0 0 67 7 0 37 0 37 0 0 0 5
567 9208 1267 1236 170 0 0 68 7 0 37 0 38 0 0 0 5
568 9214 1265 1234 168 0 0 68 7 0 37 0 38 0 0 0 5
569 9204 1272 1241 164 0 0 68 7 0 37 0 38 0 0 0 5
570 9199 1274 1243 165 0 0 68 7 0 37 0 38 0 0 0 5
571 9191 1276 1245 169 0 0 68 7 0 37 0 38 0 0 0 5
572 9189 1277 1246 169 0 0 68 7 0 37 0 38 0 0 0 5
573 9188 1279 1248 166 0 0 68 7 0 37 0 38 0 0 0 5
574 9176 1284 1253 168 0 0 68 7 0 37 0 38 0 0 0 5
575 9177 1282 1250 170 0 0 69 7 0 37 0 39 0 0 0 5
576 9163 1289 1257 170 0 0 69 7 0 37 0 39 0 0 0 5
577 9167 1287 1255 170 0 0 69 7 0 37 0 39 0 0 0 5
578 9165 1288 1258 168 0 0 68 8 0 38 0 38 0 0 0 5
579 9150 1296 1266 167 0 0 68 8 0 38 0 38 0 0 0 5
580 9150 1296 1266 167 0 0 68 8 0 38 0 38 0 0 0 5
581 9142 1301 1271 165 0 0 68 8 0 38 0 38 0 0 0 5
582 9146 1301 1271 161 0 0 68 8 0 38 0 38 0 0 0 5
583 9137 1306 1276 160 0 0 68 8 0 38 0 38 0 0 0 5
584 9135 1308 1278 158 0 0 68 8 0 38 0 38 0 0 0 5
585 9141 1303 1273 160 0 0 68 9 0 38 0 39 0 0 0 5
586 9131 1308 1278 160 0 0 68 9 0 38 0 39 0 0 0 5
587 9146 1300 1269 160 0 0 69 9 0 38 0 40 0 0 0 5
588 9145 1300 1268 158 0 0 71 9 0 39 0 41 0 0 0 5
589 9139 1304 1272 156 0 0 71 9 0 39 0 41 0 0 0 5
590 9137 1305 1273 156 0 0 71 9 0 39 0 41 0 0 0 5
591 9139 1304 1271 156 0 0 72 8 0 39 0 41 0 0 0 6
592 9146 1300 1267 157 0 0 72 8 0 39 0 41 0 0 0 6
593 9151 1297 1264 156 0 0 73 8 0 40 0 41 0 0 0 6
594 9149 1297 1264 158 0 0 73 8 0 40 0 41 0 0 0 6
595 9142 1301 1268 157 0 0 73 8 0 40 0 41 0 0 0 6
596 9145 1300 1267 156 0 0 73 8 0 40 0 41 0 0 0 6
597 9159 1293 1260 156 0 0 73 8 0 40 0 41 0 0 0 6
598 9163 1290 1258 155 0 0 72 10 0 40 0 42 0 0 0 6
599 9167 1288 1256 153 0 0 72 11 0 40 0 43 0 0 0 6
600 9176 1285 1253 150 0 0 72 11 0 40 0 43 0 0 0 6
601 9170 1288 1255 149 0 0 73 11 0 40 0 44 0 0 0 6
602 9181 1283 1249 149 0 0 74 10 0 40 0 44 0 0 0 6
603 9191 1280 1245 146 0 0 75 9 0 40 0 44 0 0 0 6
604 9196 1277 1242 147 0 0 75 9 0 40 0 44 0 0 0 6
605 9190 1280 1244 146 0 0 76 9 0 40 0 45 0 0 0 6
606 9204 1272 1236 148 0 0 76 9 0 40 0 45 0 0 0 6
607 9204 1271 1235 148 0 0 77 9 0 41 0 45 0 0 0 6
608 9209 1268 1232 149 0 0 77 9 0 41 0 45 0 0 0 6
609 9212 1265 1229 152 0 0 77 9 0 41 0 45 0 0 0 6
610 9210 1265 1229 154 0 0 77 9 0 41 0 45 0 0 0 6
611 9216 1262 1225 153 0 0 78 9 0 41 0 46 0 0 0 6
612 9222 1260 1223 151 0 0 78 9 0 41 0 46 0 0 0 6
613 9224 1259 1222 151 0 0 78 9 0 41 0 46 0 0 0 6
614 9226 1257 1220 153 0 0 78 9 0 41 0 46 0 0 0 6
615 9230 1254 1217 155 0 0 78 9 0 41 0 46 0 0 0 6
616 9215 1262 1225 154 0 0 78 9 0 41 0 46 0 0 0 6
617 9224 1257 1221 154 0 0 78 9 0 42 0 45 0 0 0 6
618 9232 1254 1219 151 0 0 78 9 0 43 0 44 0 0 0 6
619 9223 1258 1222 151 0 0 79 9 0 43 0 45 0 0 0 6
620 9230 1255 1220 149 0 0 79 9 0 44 0 44 0 0 0 6
621 9230 1254 1221 149 0 0 79 9 0 46 0 42 0 0 0 6
622 9234 1251 1218 151 0 0 79 9 0 46 0 42 0 0 0 6
623 9236 1250 1217 151 0 0 79 9 0 46 0 42 0 0 0 6
624 9247 1247 1214 146 0 0 79 9 0 46 0 42 0 0 0 6
625 9243 1248 1215 148 0 0 79 9 0 46 0 42 0 0 0 6
626 9224 1255 1222 153 0 0 79 9 0 46 0 42 0 0 0 6
627 9212 1259 1226 157 0 0 79 9 0 46 0 42 0 0 0 6
628 9206 1261 1228 159 0 0 79 9 0 46 0 42 0 0 0 6
629 9200 1264 1231 157 0 0 80 9 0 47 0 42 0 0 0 6
630 9190 1267 1234 159 0 0 81 9 0 48 0 42 0 0 0 6
631 9189 1266 1234 161 0 0 80 10 0 48 0 42 0 0 0 6
632 9203 1260 1228 159 0 0 80 10 0 48 0 42 0 0 0 6
633 9197 1262 1231 160 0 0 79 11 0 48 0 42 0 0 0 6
634 9204 1259 1227 158 0 0 80 11 0 48 0 43 0 0 0 6
635 9214 1254 1221 158 0 0 81 10 0 48 0 43 0 0 0 7
636 9200 1260 1225 158 0 0 83 10 0 48 0 45 0 0 0 7
637 9200 1259 1223 161 0 0 84 9 0 48 0 45 0 0 0 7
638 9194 1262 1223 160 0 0 87 8 0 48 0 47 0 0 0 7
639 9174 1269 1231 165 0 0 87 8 0 49 0 46 0 0 0 7
640 9171 1270 1232 166 0 0 87 8 0 49 0 46 0 0 0 7
641 9148 1279 1242 170 0 0 87 8 0 50 0 45 0 0 0 7
642 9129 1286 1249 175 0 0 87 8 0 50 0 45 0 0 0 7
643 9124 1287 1250 176 0 0 88 8 0 51 0 45 0 0 0 7
644 9119 1290 1252 174 0 0 89 8 0 51 0 46 0 0 0 7
645 9114 1291 1253 177 0 0 89 8 0 51 0 46 0 0 0 7
646 9109 1291 1252 179 0 0 90 9 0 51 0 48 0 0 0 7
647 9103 1292 1253 183 0 0 90 9 0 51 0 48 0 0 0 7
648 9102 1291 1252 186 0 0 90 9 0 51 0 48 0 0 0 7
649 9099 1292 1252 184 0 0 91 10 0 51 0 50 0 0 0 7
650 9104 1290 1249 184 0 0 91 10 0 50 0 51 0 0 0 7
651 9099 1290 1248 186 0 0 92 11 0 50 0 53 0 0 0 7
652 9089 1295 1252 185 0 0 93 11 0 50 0 54 0 0 0 7
653 9078 1298 1254 189 0 0 94 11 0 50 0 55 0 0 0 7
654 9074 1302 1258 185 0 0 94 11 0 50 0 55 0 0 0 7
655 9066 1306 1262 183 0 0 94 12 0 50 0 56 0 0 0 7
656 9057 1309 1264 183 0 0 96 12 0 51 0 57 0 0 0 7
657 9056 1308 1262 185 0 0 97 12 0 51 0 58 0 0 0 7
658 9046 1312 1267 186 0 0 96 13 0 51 0 58 0 0 0 7
659 9031 1318 1272 188 0 0 97 13 0 51 0 59 0 0 0 7
660 9024 1321 1275 187 0 0 97 14 0 51 0 60 0 0 0 7
661 9011 1328 1282 186 0 0 97 14 0 51 0 60 0 0 0 7
662 9006 1332 1285 184 0 0 97 14 0 50 0 61 0 0 0 7
663 8987 1340 1293 187 0 0 97 14 0 50 0 61 0 0 0 7
664 8975 1345 1295 188 0 0 100 13 0 50 0 63 0 0 0 7
665 8960 1348 1299 196 0 0 99 13 0 50 0 62 0 0 0 9
666 8939 1356 1308 200 0 0 99 13 0 51 0 61 0 0 0 9
667 8925 1361 1313 204 0 0 99 13 0 51 0 61 0 0 0 9
668 8901 1371 1324 206 0 0 99 13 0 52 0 60 0 0 0 10
669 8872 1383 1337 210 0 0 98 14 0 52 0 60 0 0 0 10
670 8871 1382 1335 212 0 0 99 14 0 52 0 61 0 0 0 10
671 8853 1391 1344 212 0 0 99 14 0 52 0 61 0 0 0 10
672 8843 1395 1348 213 0 0 100 13 0 53 0 60 0 0 0 11
673 8821 1404 1355 213 0 0 102 14 0 53 0 63 0 0 0 11
674 8809 1408 1360 214 0 0 101 16 0 53 0 64 0 0 0 11
675 8799 1410 1360 218 0 0 103 16 0 53 0 66 0 0 0 11
676 8784 1416 1364 219 0 0 105 16 0 53 0 68 0 0 0 11
677 8774 1421 1366 218 0 0 108 15 0 53 0 70 0 0 0 11
678 8752 1431 1377 217 0 0 109 15 0 55 0 69 0 0 0 11
679 8744 1435 1380 214 0 0 110 16 0 55 0 71 0 0 0 11
680 8733 1441 1384 212 0 0 112 15 0 55 0 72 0 0 0 12
681 8711 1451 1391 212 0 0 115 14 0 55 0 74 0 0 0 13
682 8706 1453 1390 210 0 0 118 14 0 55 0 77 0 0 0 13
683 8696 1457 1393 211 0 0 119 14 0 55 0 78 0 0 0 13
684 8683 1462 1398 214 0 0 119 14 0 55 0 78 0 0 0 13
685 8674 1467 1398 210 0 0 123 14 0 54 0 83 0 0 0 13
686 8665 1472 1404 208 0 0 122 15 0 54 0 83 0 0 0 13
687 8660 1473 1405 211 0 0 122 15 0 54 0 83 0 0 0 13
688 8639 1481 1415 214 0 0 122 15 0 56 0 81 0 0 0 13
689 8638 1480 1413 216 0 0 123 15 0 56 0 82 0 0 0 13
690 8634 1481 1414 218 0 0 123 15 0 56 0 82 0 0 0 13
691 8634 1480 1413 220 0 0 123 15 0 56 0 82 0 0 0 13
692 8616 1489 1421 219 0 0 124 15 0 56 0 83 0 0 0 13
693 8602 1496 1429 216 0 0 124 16 0 57 0 83 0 0 0 13
694 8594 1498 1430 219 0 0 125 16 0 57 0 84 0 0 0 13
695 8596 1498 1427 214 0 0 128 16 0 57 0 87 0 0 0 13
696 8596 1498 1424 213 0 0 130 16 0 56 0 90 0 0 0 13
697 8583 1504 1429 212 0 0 131 16 0 56 0 91 0 0 0 14
698 8565 1512 1436 214 0 0 133 14 0 57 0 90 0 0 0 15
699 8561 1515 1438 211 0 0 134 14 0 57 0 91 0 0 0 15
700 8561 1515 1438 207 0 0 135 15 0 58 0 92 0 0 0 15
701 8551 1520 1443 207 0 0 135 15 0 58 0 92 0 0 0 15
702 8547 1519 1440 211 0 0 137 15 0 58 0 94 0 0 0 15
703 8544 1519 1439 214 0 0 138 14 0 58 0 94 0 0 0 16
704 8531 1523 1445 215 0 0 138 15 0 60 0 93 0 0 0 16
705 8528 1523 1446 215 0 0 137 16 0 60 0 93 0 0 0 18
706 8513 1532 1455 212 0 0 137 16 0 60 0 93 0 0 0 18
707 8515 1532 1457 208 0 0 137 16 0 62 0 91 0 0 0 18
708 8515 1532 1458 207 0 0 137 16 0 63 0 90 0 0 0 18
709 8514 1529 1456 213 0 0 137 16 0 64 0 89 0 0 0 18
710 8511 1529 1455 216 0 0 138 15 0 64 0 89 0 0 0 19
711 8500 1535 1462 214 0 0 137 16 0 64 0 89 0 0 0 19
712 8491 1538 1466 214 0 0 138 16 0 66 0 88 0 0 0 19
713 8467 1549 1477 216 0 0 138 16 0 66 0 88 0 0 0 19
714 8469 1547 1475 217 0 0 138 16 0 66 0 88 0 0 0 20
715 8465 1548 1476 219 0 0 138 16 0 66 0 88 0 0 0 20
716 8476 1541 1470 221 0 0 137 17 0 66 0 88 0 0 0 20
717 8467 1545 1474 222 0 0 137 17 0 66 0 88 0 0 0 20
718 8461 1546 1477 223 0 0 137 17 0 68 0 86 0 0 0 21
719 8470 1542 1473 222 0 0 137 17 0 68 0 86 0 0 0 21
720 8472 1539 1469 223 0 0 138 18 0 68 0 88 0 0 0 21
721 8471 1540 1470 222 0 0 138 18 0 68 0 88 0 0 0 21
722 8471 1540 1469 221 0 0 139 18 0 68 0 89 0 0 0 21
723 8484 1533 1463 219 0 0 139 19 0 69 0 89 0 0 0 21
724 8488 1531 1461 218 0 0 139 19 0 69 0 89 0 0 0 22
725 8484 1532 1462 220 0 0 139 19 0 69 0 89 0 0 0 22
726 8479 1533 1464 222 0 0 139 19 0 70 0 88 0 0 0 22
727 8477 1533 1461 219 0 0 142 20 0 70 0 92 0 0 0 22
728 8480 1531 1459 220 0 0 142 20 0 70 0 92 0 0 0 22
729 8475 1534 1462 215 0 0 142 22 0 70 0 94 0 0 0 22
730 8480 1532 1461 213 0 0 142 22 0 71 0 93 0 0 0 22
731 8493 1526 1455 212 0 0 142 22 0 71 0 93 0 0 0 22
732 8493 1525 1455 213 0 0 142 22 0 72 0 92 0 0 0 22
733 8480 1531 1461 212 0 0 143 22 0 73 0 92 0 0 0 22
734 8487 1527 1458 212 0 0 143 22 0 74 0 91 0 0 0 22
735 8498 1520 1450 216 0 0 144 21 0 74 0 91 0 0 0 22
736 8500 1518 1448 218 0 0 144 21 0 74 0 91 0 0 0 22
737 8502 1516 1446 220 0 0 144 21 0 74 0 91 0 0 0 22
738 8496 1518 1449 221 0 0 145 20 0 76 0 89 0 0 0 22
739 8497 1516 1450 221 0 0 144 21 0 78 0 87 0 0 0 22
740 8512 1508 1443 219 0 0 144 22 0 79 0 87 0 0 0 22
741 8503 1512 1446 219 0 0 145 22 0 79 0 88 0 0 0 22
742 8497 1511 1444 224 0 0 147 22 0 80 0 89 0 0 0 22
743 8492 1513 1447 224 0 0 147 22 0 81 0 88 0 0 0 22
744 8482 1516 1449 227 0 0 148 22 0 81 0 89 0 0 0 22
745 8502 1507 1442 223 0 0 148 22 0 83 0 87 0 0 0 22
746 8506 1504 1440 224 0 0 147 23 0 83 0 87 0 0 0 22
747 8498 1508 1443 223 0 0 148 23 0 83 0 88 0 0 0 22
748 8497 1507 1443 225 0 0 147 24 0 83 0 88 0 0 0 22
749 8498 1506 1442 226 0 0 147 24 0 83 0 88 0 0 0 22
750 8504 1505 1441 222 0 0 147 24 0 83 0 88 0 0 0 22
751 8505 1507 1443 215 0 0 148 24 0 84 0 88 0 0 0 22
752 8496 1512 1448 214 0 0 148 24 0 84 0 88 0 0 0 22
753 8503 1508 1444 213 0 0 148 25 0 84 0 89 0 0 0 22
754 8510 1505 1441 210 0 0 148 26 0 84 0 90 0 0 0 22
755 8508 1505 1441 212 0 0 148 26 0 84 0 90 0 0 0 22
756 8530 1494 1431 211 0 0 148 26 0 85 0 89 0 0 0 22
757 8533 1492 1428 211 0 0 149 26 0 85 0 90 0 0 0 22
758 8533 1493 1429 209 0 0 150 25 0 86 0 89 0 0 0 22
759 8541 1488 1427 208 0 0 150 25 0 89 0 86 0 0 0 22
760 8543 1487 1427 207 0 0 149 26 0 89 0 86 0 0 0 22
761 8547 1486 1425 206 0 0 149 26 0 88 0 87 0 0 0 22
762 8550 1484 1423 207 0 0 149 26 0 88 0 87 0 0 0 22
763 8555 1483 1420 204 0 0 151 25 0 88 0 88 0 0 0 22
764 8563 1481 1419 199 0 0 151 25 0 89 0 87 0 0 0 22
765 8573 1475 1415 199 0 0 150 26 0 90 0 86 0 0 0 22
766 8582 1471 1410 199 0 0 150 26 0 89 0 87 0 0 0 22
767 8575 1474 1413 200 0 0 149 27 0 88 0 88 0 0 0 22
768 8573 1474 1413 202 0 0 149 27 0 88 0 88 0 0 0 22
769 8567 1480 1419 196 0 0 149 27 0 88 0 88 0 0 0 22
770 8555 1483 1421 201 0 0 150 27 0 88 0 89 0 0 0 22
771 8563 1477 1417 203 0 0 149 28 0 89 0 88 0 0 0 22
772 8575 1473 1413 199 0 0 149 28 0 89 0 88 0 0 0 22
773 8576 1470 1411 203 0 0 148 29 0 89 0 88 0 0 0 22
774 8585 1464 1406 205 0 0 148 29 0 90 0 87 0 0 0 22
775 8601 1455 1396 206 0 0 149 29 0 90 0 88 0 0 0 22
776 8595 1456 1399 208 0 0 149 29 0 92 0 86 0 0 0 22
777 8599 1454 1398 207 0 0 149 29 0 93 0 85 0 0 0 22
778 8593 1456 1400 208 0 0 150 28 0 94 0 84 0 0 0 23
779 8593 1456 1401 207 0 0 150 28 0 95 0 83 0 0 0 23
780 8583 1459 1406 209 0 0 150 28 0 97 0 81 0 0 0 23
781 8578 1460 1408 211 0 0 149 29 0 97 0 81 0 0 0 23
782 8570 1464 1413 210 0 0 149 29 0 98 0 80 0 0 0 23
783 8560 1469 1419 209 0 0 150 28 0 100 0 78 0 0 0 23
784 8563 1468 1417 209 0 0 151 27 0 100 0 78 0 0 0 23
785 8566 1467 1416 208 0 0 151 27 0 100 0 78 0 0 0 23
786 8560 1470 1419 208 0 0 151 27 0 100 0 78 0 0 0 23
787 8579 1461 1410 207 0 0 151 27 0 100 0 78 0 0 0 23
788 8582 1460 1411 204 0 0 151 27 0 102 0 76 0 0 0 23
789 8594 1456 1406 201 0 0 152 26 0 102 0 76 0 0 0 23
790 8579 1462 1411 203 0 0 153 26 0 102 0 77 0 0 0 23
791 8584 1459 1409 203 0 0 152 27 0 102 0 77 0 0 0 23
792 8591 1455 1404 203 0 0 153 27 0 102 0 78 0 0 0 23
793 8592 1456 1405 200 0 0 154 26 0 103 0 77 0 0 0 23
794 8597 1453 1404 199 0 0 154 26 0 105 0 75 0 0 0 23
795 8611 1444 1395 201 0 0 155 26 0 106 0 75 0 0 0 23
796 8604 1449 1400 198 0 0 156 25 0 107 0 74 0 0 0 23
797 8607 1448 1400 196 0 0 156 25 0 108 0 73 0 0 0 23
798 8604 1451 1403 193 0 0 156 25 0 108 0 73 0 0 0 23
799 8610 1449 1401 191 0 0 156 25 0 108 0 73 0 0 0 23
800 8618 1444 1397 192 0 0 156 25 0 109 0 72 0 0 0 23
801 8615 1445 1397 192 0 0 157 25 0 109 0 73 0 0 0 23
802 8614 1445 1398 192 0 0 157 25 0 110 0 72 0 0 0 23
803 8617 1445 1399 188 0 0 157 25 0 111 0 71 0 0 0 23
804 8630 1439 1393 187 0 0 157 25 0 111 0 71 0 0 0 23
805 8631 1438 1392 188 0 0 157 25 0 111 0 71 0 0 0 23
806 8632 1438 1392 187 0 0 157 25 0 111 0 71 0 0 0 23
807 8625 1441 1396 183 0 0 159 25 0 114 0 70 0 0 0 23
808 8632 1439 1394 180 0 0 159 25 0 114 0 70 0 0 0 23
809 8648 1431 1386 180 0 0 159 25 0 114 0 70 0 0 0 23
810 8666 1422 1377 180 0 0 159 25 0 114 0 70 0 0 0 23
811 8672 1419 1374 180 0 0 159 25 0 114 0 70 0 0 0 23
812 8671 1420 1374 179 0 0 160 24 0 114 0 70 0 0 0 24
813 8667 1421 1373 179 0 0 162 24 0 114 0 72 0 0 0 24
814 8667 1420 1371 182 0 0 162 24 0 113 0 73 0 0 0 24
815 8663 1421 1374 182 0 0 162 24 0 115 0 71 0 0 0 24
816 8672 1416 1370 182 0 0 162 24 0 116 0 70 0 0 0 24
817 8676 1414 1368 182 0 0 162 24 0 116 0 70 0 0 0 24
818 8677 1413 1366 184 0 0 163 23 0 116 0 70 0 0 0 24
819 8691 1407 1360 180 0 0 163 24 0 116 0 71 0 0 0 24
820 8696 1403 1357 182 0 0 163 24 0 117 0 70 0 0 0 24
821 8692 1403 1358 185 0 0 163 24 0 118 0 69 0 0 0 24
822 8680 1407 1363 188 0 0 163 24 0 119 0 68 0 0 0 24
823 8694 1402 1358 184 0 0 163 24 0 119 0 68 0 0 0 24
824 8704 1395 1352 184 0 0 163 25 0 120 0 68 0 0 0 25
825 8704 1394 1352 185 0 0 163 25 0 121 0 67 0 0 0 25
826 8703 1393 1351 188 0 0 163 25 0 121 0 67 0 0 0 25
827 8705 1391 1350 187 0 0 164 25 0 123 0 66 0 0 0 25
828 8712 1388 1347 186 0 0 164 25 0 123 0 66 0 0 0 25
829 8705 1390 1350 188 0 0 164 25 0 124 0 65 0 0 0 25
830 8704 1391 1351 187 0 0 164 25 0 124 0 65 0 0 0 25
831 8709 1388 1348 188 0 0 164 25 0 124 0 65 0 0 0 25
832 8716 1383 1344 190 0 0 164 25 0 125 0 64 0 0 0 25
833 8707 1386 1348 192 0 0 163 26 0 125 0 64 0 0 0 25
834 8705 1387 1349 192 0 0 163 26 0 125 0 64 0 0 0 25
835 8695 1392 1354 190 0 0 163 27 0 125 0 65 0 0 0 25
836 8709 1385 1348 189 0 0 162 28 0 125 0 65 0 0 0 25
837 8705 1386 1348 190 0 0 163 28 0 125 0 66 0 0 0 25
838 8694 1391 1350 189 0 0 166 27 0 125 0 68 0 0 0 26
839 8689 1393 1351 187 0 0 167 28 0 125 0 70 0 0 0 26
840 8668 1402 1360 190 0 0 167 28 0 125 0 70 0 0 0 26
841 8662 1403 1359 192 0 0 169 28 0 125 0 72 0 0 0 26
842 8658 1405 1360 191 0 0 170 28 0 125 0 73 0 0 0 26
843 8652 1407 1363 192 0 0 170 28 0 126 0 72 0 0 0 26
844 8636 1414 1370 194 0 0 170 28 0 126 0 72 0 0 0 26
845 8628 1418 1372 195 0 0 171 27 0 125 0 73 0 0 0 27
846 8627 1417 1372 195 0 0 170 29 0 125 0 74 0 0 0 27
847 8622 1417 1373 199 0 0 170 29 0 126 0 73 0 0 0 27
848 8610 1421 1377 201 0 0 171 29 0 127 0 73 0 0 0 27
849 8618 1417 1373 200 0 0 172 28 0 128 0 72 0 0 0 28
850 8619 1417 1372 196 0 0 174 28 0 129 0 73 0 0 0 28
851 8599 1426 1381 196 0 0 175 28 0 130 0 73 0 0 0 28
852 8592 1426 1381 201 0 0 175 29 0 130 0 74 0 0 0 28
853 8586 1429 1380 199 0 0 178 29 0 129 0 78 0 0 0 28
854 8579 1432 1383 200 0 0 178 29 0 129 0 78 0 0 0 28
855 8559 1440 1391 204 0 0 178 29 0 129 0 78 0 0 0 28
856 8555 1443 1395 201 0 0 178 29 0 130 0 77 0 0 0 28
857 8535 1452 1402 202 0 0 180 28 0 130 0 78 0 0 0 29
858 8527 1454 1405 203 0 0 180 29 0 131 0 78 0 0 0 29
859 8514 1461 1413 200 0 0 179 30 0 131 0 78 0 0 0 30
860 8504 1464 1414 200 0 0 181 31 0 131 0 81 0 0 0 30
861 8499 1465 1415 199 0 0 182 32 0 132 0 82 0 0 0 30
862 8482 1473 1423 199 0 0 183 31 0 133 0 81 0 0 0 31
863 8483 1472 1422 200 0 0 183 31 0 133 0 81 0 0 0 31
864 8481 1473 1420 195 0 0 186 32 0 133 0 85 0 0 0 31
865 8463 1482 1429 195 0 0 186 32 0 133 0 85 0 0 0 31
866 8435 1496 1440 194 0 0 188 32 0 132 0 88 0 0 0 31
867 8430 1498 1439 194 0 0 190 32 0 131 0 91 0 0 0 31
868 8405 1509 1448 197 0 0 191 32 0 130 0 93 0 0 0 31
869 8394 1512 1451 198 0 0 192 33 0 131 0 94 0 0 0 31
870 8388 1513 1453 201 0 0 192 33 0 132 0 93 0 0 0 31
871 8382 1515 1456 202 0 0 192 33 0 133 0 92 0 0 0 31
872 8385 1513 1452 203 0 0 194 32 0 133 0 93 0 0 0 31
873 8368 1521 1459 201 0 0 195 33 0 133 0 95 0 0 0 31
874 8345 1533 1469 198 0 0 197 33 0 133 0 97 0 0 0 31
875 8343 1533 1469 198 0 0 198 33 0 134 0 97 0 0 0 31
876 8328 1537 1472 202 0 0 200 33 0 135 0 98 0 0 0 31
877 8331 1536 1469 197 0 0 203 33 0 136 0 100 0 0 0 31
878 8330 1536 1469 198 0 0 203 33 0 136 0 100 0 0 0 31
879 8328 1537 1466 197 0 0 206 32 0 135 0 103 0 0 0 32
880 8327 1537 1463 195 0 0 209 32 0 135 0 106 0 0 0 32
881 8306 1547 1474 195 0 0 209 32 0 136 0 105 0 0 0 32
882 8290 1555 1481 194 0 0 210 32 0 136 0 106 0 0 0 32
883 8292 1553 1478 194 0 0 212 31 0 137 0 106 0 0 0 33
884 8289 1554 1479 193 0 0 212 32 0 137 0 107 0 0 0 33
885 8292 1550 1475 198 0 0 212 31 0 137 0 106 0 0 0 35
886 8286 1551 1475 201 0 0 213 31 0 137 0 107 0 0 0 35
887 8280 1551 1476 204 0 0 212 33 0 137 0 108 0 0 0 35
888 8281 1549 1474 207 0 0 212 33 0 137 0 108 0 0 0 35
889 8275 1554 1477 205 0 0 213 32 0 136 0 109 0 0 0 35
890 8277 1552 1476 206 0 0 213 32 0 137 0 108 0 0 0 35
891 8263 1559 1483 202 0 0 213 34 0 137 0 110 0 0 0 35
892 8254 1561 1486 206 0 0 213 34 0 138 0 109 0 0 0 35
893 8246 1564 1490 207 0 0 213 34 0 139 0 108 0 0 0 35
894 8246 1563 1486 208 0 0 216 33 0 139 0 110 0 0 0 35
895 8237 1567 1490 209 0 0 216 33 0 139 0 110 0 0 0 35
896 8227 1570 1493 211 0 0 216 34 0 139 0 111 0 0 0 35
897 8228 1571 1492 206 0 0 218 34 0 139 0 113 0 0 0 35
898 8223 1573 1493 204 0 0 219 35 0 139 0 115 0 0 0 35
899 8214 1577 1498 204 0 0 219 35 0 140 0 114 0 0 0 35
900 8210 1577 1498 207 0 0 220 34 0 141 0 113 0 0 0 36
901 8211 1577 1497 205 0 0 221 34 0 141 0 114 0 0 0 36
902 8206 1578 1497 205 0 0 223 34 0 142 0 115 0 0 0 36
903 8196 1583 1501 206 0 0 224 33 0 142 0 115 0 0 0 36
904 8192 1583 1502 209 0 0 223 34 0 142 0 115 0 0 0 36
905 8180 1589 1507 210 0 0 224 33 0 142 0 115 0 0 0 36
906 8194 1582 1501 208 0 0 224 33 0 143 0 114 0 0 0 37
907 8203 1578 1497 207 0 0 224 33 0 143 0 114 0 0 0 37
908 8186 1582 1501 216 0 0 224 33 0 143 0 114 0 0 0 37
909 8185 1582 1500 214 0 0 225 34 0 143 0 116 0 0 0 37
910 8190 1581 1499 211 0 0 225 34 0 143 0 116 0 0 0 37
911 8189 1583 1500 205 0 0 226 35 0 143 0 118 0 0 0 37
912 8194 1581 1498 204 0 0 226 35 0 143 0 118 0 0 0 37
913 8202 1577 1493 205 0 0 226 35 0 142 0 119 0 0 0 37
914 8198 1577 1494 208 0 0 226 35 0 143 0 118 0 0 0 37
915 8194 1578 1496 207 0 0 227 35 0 145 0 117 0 0 0 37
916 8204 1573 1492 206 0 0 227 35 0 146 0 116 0 0 0 37
917 8199 1575 1493 206 0 0 228 35 0 146 0 117 0 0 0 37
918 8196 1573 1494 210 0 0 228 35 0 149 0 114 0 0 0 37
919 8194 1574 1495 210 0 0 228 35 0 149 0 114 0 0 0 37
920 8198 1573 1495 207 0 0 227 36 0 149 0 114 0 0 0 37
921 8212 1566 1487 206 0 0 229 35 0 150 0 114 0 0 0 37
922 8233 1555 1477 206 0 0 229 35 0 151 0 113 0 0 0 37
923 8232 1554 1475 207 0 0 230 35 0 151 0 114 0 0 0 38
924 8232 1553 1472 207 0 0 232 35 0 151 0 116 0 0 0 38
925 8224 1557 1477 206 0 0 232 35 0 152 0 115 0 0 0 38
926 8224 1553 1474 213 0 0 232 35 0 153 0 114 0 0 0 38
927 8215 1557 1479 212 0 0 232 35 0 154 0 113 0 0 0 39
928 8222 1554 1476 209 0 0 232 36 0 154 0 114 0 0 0 39
929 8214 1557 1478 210 0 0 233 36 0 154 0 115 0 0 0 39
930 8210 1560 1480 209 0 0 233 36 0 153 0 116 0 0 0 39
931 8211 1560 1479 209 0 0 234 35 0 153 0 116 0 0 0 39
932 8221 1558 1473 203 0 0 237 34 0 152 0 119 0 0 0 39
933 8219 1557 1472 205 0 0 239 33 0 154 0 118 0 0 0 39
934 8212 1557 1474 210 0 0 239 33 0 156 0 116 0 0 0 39
935 8217 1552 1470 212 0 0 239 34 0 157 0 116 0 0 0 39
936 8213 1553 1470 210 0 0 241 34 0 158 0 117 0 0 0 40
937 8213 1551 1469 213 0 0 241 34 0 159 0 116 0 0 0 40
938 8204 1554 1470 213 0 0 243 34 0 159 0 118 0 0 0 41
939 8207 1551 1467 215 0 0 243 34 0 159 0 118 0 0 0 42
940 8220 1545 1461 214 0 0 242 35 0 158 0 119 0 0 0 42
941 8221 1544 1460 215 0 0 242 35 0 158 0 119 0 0 0 42
942 8227 1541 1455 210 0 0 246 34 0 160 0 120 0 0 0 43
943 8237 1535 1450 211 0 0 246 34 0 161 0 119 0 0 0 43
944 8238 1533 1448 212 0 0 247 34 0 162 0 119 0 0 0 43
945 8240 1533 1444 210 0 0 249 34 0 160 0 123 0 0 0 43
946 8251 1530 1441 203 0 0 250 34 0 161 0 123 0 0 0 43
947 8243 1534 1445 203 0 0 250 34 0 161 0 123 0 0 0 43
948 8232 1538 1449 202 0 0 250 36 0 161 0 125 0 0 0 43
949 8232 1537 1446 205 0 0 251 35 0 160 0 126 0 0 0 44
950 8235 1536 1446 201 0 0 251 36 0 161 0 126 0 0 0 44
951 8235 1536 1445 202 0 0 252 35 0 161 0 126 0 0 0 44
952 8230 1537 1447 204 0 0 251 36 0 161 0 126 0 0 0 44
953 8244 1531 1440 202 0 0 252 35 0 161 0 126 0 0 0 45
954 8262 1522 1430 203 0 0 253 34 0 161 0 126 0 0 0 45
955 8271 1517 1425 202 0 0 253 35 0 161 0 127 0 0 0 45
956 8274 1516 1425 200 0 0 253 35 0 162 0 126 0 0 0 45
957 8282 1514 1422 197 0 0 254 34 0 162 0 126 0 0 0 45
958 8273 1518 1425 197 0 0 255 34 0 162 0 127 0 0 0 45
959 8269 1523 1428 191 0 0 255 35 0 160 0 130 0 0 0 45
960 8268 1524 1428 190 0 0 256 34 0 160 0 130 0 0 0 46
961 8265 1525 1429 191 0 0 257 33 0 161 0 129 0 0 0 46
962 8249 1534 1437 188 0 0 258 33 0 161 0 130 0 0 0 46
963 8242 1535 1439 192 0 0 258 33 0 162 0 129 0 0 0 46
964 8259 1526 1429 194 0 0 259 32 0 162 0 129 0 0 0 46
965 8260 1523 1426 199 0 0 259 32 0 162 0 129 0 0 0 46
966 8270 1516 1421 201 0 0 258 33 0 163 0 128 0 0 0 46
967 8279 1511 1417 201 0 0 258 33 0 164 0 127 0 0 0 46
968 8302 1499 1404 199 0 0 260 33 0 165 0 128 0 0 0 46
969 8303 1497 1403 201 0 0 260 33 0 166 0 127 0 0 0 46
970 8303 1498 1405 198 0 0 259 34 0 166 0 127 0 0 0 46
971 8296 1499 1408 201 0 0 259 34 0 168 0 125 0 0 0 46
972 8289 1503 1412 200 0 0 259 34 0 168 0 125 0 0 0 46
973 8287 1502 1408 205 0 0 261 33 0 167 0 127 0 0 0 46
974 8285 1504 1410 203 0 0 261 33 0 167 0 127 0 0 0 46
975 8293 1501 1407 201 0 0 261 33 0 167 0 127 0 0 0 46
976 8308 1492 1402 198 0 0 261 34 0 171 0 124 0 0 0 46
977 8320 1485 1396 197 0 0 262 34 0 173 0 123 0 0 0 46
978 8308 1491 1403 196 0 0 262 34 0 174 0 122 0 0 0 46
979 8322 1486 1396 192 0 0 263 34 0 173 0 124 0 0 0 46
980 8324 1486 1395 191 0 0 264 33 0 173 0 124 0 0 0 46
981 8337 1482 1390 187 0 0 264 33 0 172 0 125 0 0 0 46
982 8348 1476 1385 187 0 0 265 32 0 174 0 123 0 0 0 46
983 8354 1475 1384 183 0 0 266 31 0 175 0 122 0 0 0 46
984 8356 1473 1383 184 0 0 266 31 0 176 0 121 0 0 0 46
985 8360 1471 1381 180 0 0 268 31 0 178 0 121 0 0 0 46
986 8362 1469 1381 180 0 0 268 31 0 180 0 119 0 0 0 46
987 8355 1472 1383 182 0 0 268 31 0 179 0 120 0 0 0 46
988 8357 1469 1381 185 0 0 268 31 0 180 0 119 0 0 0 46
989 8353 1470 1381 188 0 0 268 31 0 179 0 120 0 0 0 46
990 8364 1466 1376 186 0 0 270 29 0 180 0 119 0 0 0 46
991 8364 1463 1374 191 0 0 271 28 0 182 0 117 0 0 0 46
992 8364 1463 1375 190 0 0 270 29 0 182 0 117 0 0 0 46
993 8369 1461 1373 189 0 0 270 29 0 182 0 117 0 0 0 46
994 8380 1454 1367 191 0 0 270 29 0 183 0 116 0 0 0 46
995 8367 1460 1372 189 0 0 271 30 0 183 0 118 0 0 0 46
996 8367 1459 1370 190 0 0 272 30 0 183 0 119 0 0 0 46
997 8354 1466 1376 188 0 0 273 30 0 183 0 120 0 0 0 46
998 8357 1465 1375 187 0 0 273 30 0 183 0 120 0 0 0 46
999 8364 1461 1372 187 0 0 274 29 0 185 0 118 0 0 0 46
1000 8362 1461 1372 189 0 0 274 29 0 185 0 118 0 0 0 46
1001 8365 1458 1370 191 0 0 275 28 0 187 0 116 0 0 0 46
1002 8374 1453 1366 191 0 0 276 27 0 189 0 114 0 0 0 46
1003 8388 1445 1359 191 0 0 276 27 0 190 0 113 0 0 0 47
1004 8390 1444 1358 191 0 0 276 27 0 190 0 113 0 0 0 47
1005 8397 1438 1353 195 0 0 275 28 0 190 0 113 0 0 0 47
1006 8409 1433 1348 193 0 0 275 28 0 190 0 113 0 0 0 47
1007 8412 1431 1346 194 0 0 275 28 0 190 0 113 0 0 0 47
1008 8420 1427 1341 195 0 0 275 28 0 189 0 114 0 0 0 47
1009 8424 1424 1339 194 0 0 276 28 0 191 0 113 0 0 0 47
1010 8416 1427 1343 195 0 0 276 28 0 192 0 112 0 0 0 47
1011 8418 1426 1342 193 0 0 277 28 0 193 0 112 0 0 0 47
1012 8423 1421 1339 196 0 0 277 28 0 195 0 110 0 0 0 47
1013 8422 1423 1339 195 0 0 277 28 0 193 0 112 0 0 0 47
1014 8425 1423 1339 192 0 0 277 28 0 193 0 112 0 0 0 47
1015 8434 1421 1336 187 0 0 277 28 0 192 0 113 0 0 0 48
1016 8442 1418 1335 183 0 0 277 28 0 194 0 111 0 0 0 48
1017 8444 1418 1334 182 0 0 277 28 0 193 0 112 0 0 0 48
1018 8448 1415 1331 184 0 0 277 28 0 193 0 112 0 0 0 48
1019 8459 1408 1326 185 0 0 277 28 0 195 0 110 0 0 0 48
1020 8463 1407 1325 183 0 0 277 28 0 195 0 110 0 0 0 48
1021 8469 1403 1321 183 0 0 278 28 0 196 0 110 0 0 0 48
1022 8470 1402 1320 184 0 0 278 28 0 196 0 110 0 0 0 48
1023 8482 1397 1316 181 0 0 278 28 0 197 0 109 0 0 0 48
1024 8485 1394 1313 184 0 0 278 28 0 197 0 109 0 0 0 48
1025 8485 1394 1313 184 0 0 278 28 0 197 0 109 0 0 0 48
1026 8464 1401 1323 188 0 0 278 28 0 200 0 106 0 0 0 48
1027 8471 1397 1320 188 0 0 278 28 0 201 0 105 0 0 0 48
1028 8467 1399 1321 189 0 0 278 28 0 200 0 106 0 0 0 48
1029 8481 1395 1317 183 0 0 278 28 0 200 0 106 0 0 0 48
1030 8484 1392 1315 185 0 0 278 28 0 201 0 105 0 0 0 48
1031 8492 1388 1312 182 0 0 278 29 0 202 0 105 0 0 0 48
1032 8492 1386 1310 184 0 0 278 30 0 202 0 106 0 0 0 48
1033 8498 1383 1307 184 0 0 278 30 0 202 0 106 0 0 0 48
1034 8502 1382 1306 182 0 0 278 30 0 202 0 106 0 0 0 48
1035 8512 1377 1300 183 0 0 279 29 0 202 0 106 0 0 0 48
1036 8509 1379 1303 181 0 0 279 29 0 203 0 105 0 0 0 48
1037 8509 1378 1302 183 0 0 279 29 0 203 0 105 0 0 0 48
1038 8509 1376 1300 187 0 0 279 29 0 203 0 105 0 0 0 48
1039 8519 1370 1295 188 0 0 279 29 0 204 0 104 0 0 0 48
1040 8523 1367 1294 188 0 0 279 29 0 206 0 102 0 0 0 48
1041 8536 1361 1286 187 0 0 281 28 0 206 0 103 0 0 0 48
1042 8539 1358 1285 188 0 0 281 28 0 208 0 101 0 0 0 48
1043 8537 1360 1288 185 0 0 280 29 0 208 0 101 0 0 0 48
1044 8541 1357 1285 187 0 0 280 29 0 208 0 101 0 0 0 48
1045 8527 1364 1295 184 0 0 280 29 0 211 0 98 0 0 0 48
1046 8534 1360 1290 186 0 0 280 29 0 210 0 99 0 0 0 48
1047 8536 1357 1289 188 0 0 280 29 0 212 0 97 0 0 0 48
1048 8524 1363 1294 187 0 0 281 29 0 212 0 98 0 0 0 48
1049 8534 1357 1288 189 0 0 281 29 0 212 0 98 0 0 0 48
1050 8543 1354 1284 187 0 0 281 29 0 211 0 99 0 0 0 48
1051 8551 1349 1279 189 0 0 281 29 0 211 0 99 0 0 0 48
1052 8556 1346 1275 191 0 0 282 28 0 211 0 99 0 0 0 48
1053 8571 1339 1268 188 0 0 284 27 0 213 0 98 0 0 0 48
1054 8572 1337 1267 190 0 0 284 27 0 214 0 97 0 0 0 48
1055 8574 1335 1265 192 0 0 284 27 0 214 0 97 0 0 0 48
1056 8573 1336 1266 191 0 0 284 27 0 214 0 97 0 0 0 48
1057 8573 1337 1267 189 0 0 284 27 0 214 0 97 0 0 0 48
1058 8569 1339 1269 189 0 0 284 27 0 214 0 97 0 0 0 48
1059 8568 1340 1270 188 0 0 284 27 0 214 0 97 0 0 0 48
1060 8577 1338 1268 183 0 0 284 27 0 214 0 97 0 0 0 48
1061 8574 1340 1269 179 0 0 286 27 0 215 0 98 0 0 0 48
1062 8575 1339 1271 177 0 0 286 27 0 218 0 95 0 0 0 48
1063 8585 1334 1267 176 0 0 286 27 0 219 0 94 0 0 0 48
1064 8605 1326 1259 172 0 0 286 27 0 219 0 94 0 0 0 48
1065 8611 1323 1256 172 0 0 286 27 0 219 0 94 0 0 0 48
1066 8616 1321 1255 170 0 0 285 28 0 219 0 94 0 0 0 48
1067 8624 1317 1252 169 0 0 285 28 0 220 0 93 0 0 0 48
1068 8634 1314 1247 167 0 0 286 27 0 219 0 94 0 0 0 48
1069 8638 1312 1246 166 0 0 285 28 0 219 0 94 0 0 0 48
1070 8643 1309 1245 165 0 0 285 28 0 221 0 92 0 0 0 48
1071 8650 1304 1241 167 0 0 284 29 0 221 0 92 0 0 0 48
1072 8652 1303 1241 166 0 0 283 30 0 221 0 92 0 0 0 48
1073 8655 1301 1241 165 0 0 283 30 0 223 0 90 0 0 0 48
1074 8661 1296 1236 169 0 0 283 30 0 223 0 90 0 0 0 48
1075 8653 1300 1238 169 0 0 285 29 0 223 0 91 0 0 0 48
1076 8662 1297 1234 167 0 0 285 29 0 222 0 92 0 0 0 48
1077 8662 1296 1232 170 0 0 285 29 0 221 0 93 0 0 0 48
1078 8657 1298 1236 169 0 0 285 29 0 223 0 91 0 0 0 48
1079 8638 1306 1246 170 0 0 284 30 0 224 0 90 0 0 0 48
1080 8653 1300 1241 166 0 0 283 31 0 224 0 90 0 0 0 48
1081 8666 1294 1234 166 0 0 284 30 0 224 0 90 0 0 0 48
1082 8682 1285 1225 166 0 0 285 30 0 225 0 90 0 0 0 48
1083 8680 1288 1227 163 0 0 285 30 0 224 0 91 0 0 0 48
1084 8671 1293 1233 161 0 0 285 30 0 225 0 90 0 0 0 48
1085 8675 1289 1232 162 0 0 284 31 0 227 0 88 0 0 0 48
1086 8693 1280 1223 162 0 0 284 31 0 227 0 88 0 0 0 48
1087 8705 1276 1218 159 0 0 285 30 0 227 0 88 0 0 0 48
1088 8711 1274 1216 157 0 0 286 29 0 228 0 87 0 0 0 48
1089 8710 1274 1215 159 0 0 287 28 0 228 0 87 0 0 0 48
1090 8715 1273 1214 156 0 0 288 27 0 229 0 86 0 0 0 48
1091 8715 1274 1215 154 0 0 288 27 0 229 0 86 0 0 0 48
1092 8716 1274 1216 152 0 0 288 27 0 230 0 85 0 0 0 48
1093 8723 1271 1212 152 0 0 288 27 0 229 0 86 0 0 0 48
1094 8735 1266 1207 150 0 0 289 26 0 230 0 85 0 0 0 48
1095 8722 1271 1213 152 0 0 288 27 0 230 0 85 0 0 0 48
1096 8716 1273 1215 154 0 0 288 27 0 230 0 85 0 0 0 48
1097 8717 1272 1215 154 0 0 288 27 0 231 0 84 0 0 0 48
1098 8721 1270 1214 153 0 0 288 27 0 232 0 83 0 0 0 48
1099 8717 1271 1215 154 0 0 288 27 0 232 0 83 0 0 0 49
1100 8717 1271 1215 154 0 0 288 27 0 232 0 83 0 0 0 49
1101 8715 1270 1213 157 0 0 289 27 0 232 0 84 0 0 0 49
1102 8709 1271 1214 161 0 0 289 27 0 232 0 84 0 0 0 49
1103 8711 1269 1212 163 0 0 290 26 0 233 0 83 0 0 0 49
1104 8704 1273 1216 162 0 0 290 26 0 233 0 83 0 0 0 49
1105 8713 1269 1212 161 0 0 290 26 0 233 0 83 0 0 0 49
1106 8718 1268 1212 157 0 0 290 26 0 234 0 82 0 0 0 49
1107 8718 1268 1214 155 0 0 290 26 0 236 0 80 0 0 0 49
1108 8726 1264 1210 155 0 0 290 26 0 236 0 80 0 0 0 49
1109 8731 1262 1208 154 0 0 290 26 0 236 0 80 0 0 0 49
1110 8742 1258 1203 152 0 0 291 25 0 236 0 80 0 0 0 49
1111 8757 1250 1195 153 0 0 292 24 0 237 0 79 0 0 0 49
1112 8766 1245 1190 154 0 0 292 24 0 237 0 79 0 0 0 49
1113 8768 1244 1189 154 0 0 292 24 0 237 0 79 0 0 0 49
1114 8778 1239 1185 153 0 0 292 24 0 238 0 78 0 0 0 49
1115 8784 1237 1184 150 0 0 292 24 0 239 0 77 0 0 0 49
1116 8803 1231 1175 144 0 0 295 22 0 239 0 78 0 0 0 49
1117 8806 1230 1173 144 0 0 296 21 0 239 0 78 0 0 0 49
1118 8813 1227 1171 142 0 0 296 21 0 240 0 77 0 0 0 49
1119 8811 1228 1172 142 0 0 296 21 0 240 0 77 0 0 0 49
1120 8813 1227 1171 140 0 0 296 22 0 240 0 78 0 0 0 49
1121 8828 1217 1162 144 0 0 295 23 0 240 0 78 0 0 0 49
1122 8834 1212 1158 147 0 0 295 23 0 241 0 77 0 0 0 49
1123 8833 1212 1158 148 0 0 295 23 0 241 0 77 0 0 0 49
1124 8834 1211 1156 148 0 0 296 23 0 241 0 78 0 0 0 49
1125 8836 1209 1154 150 0 0 296 23 0 241 0 78 0 0 0 49
1126 8850 1201 1146 152 0 0 296 23 0 241 0 78 0 0 0 49
1127 8859 1197 1142 147 0 0 296 25 0 241 0 80 0 0 0 49
1128 8858 1198 1143 146 0 0 296 25 0 241 0 80 0 0 0 49
1129 8861 1195 1143 146 0 0 295 26 0 243 0 78 0 0 0 49
1130 8864 1193 1141 147 0 0 295 26 0 243 0 78 0 0 0 49
1131 8866 1192 1140 147 0 0 295 26 0 243 0 78 0 0 0 49
1132 8868 1191 1140 146 0 0 295 26 0 244 0 77 0 0 0 49
1133 8867 1192 1141 145 0 0 295 26 0 244 0 77 0 0 0 49
1134 8863 1194 1143 145 0 0 295 26 0 244 0 77 0 0 0 49
1135 8870 1189 1139 147 0 0 295 26 0 245 0 76 0 0 0 49
1136 8879 1185 1134 145 0 0 296 26 0 245 0 77 0 0 0 49
1137 8890 1180 1128 145 0 0 296 26 0 244 0 78 0 0 0 49
1138 8882 1185 1132 144 0 0 296 26 0 243 0 79 0 0 0 49
1139 8894 1181 1129 139 0 0 295 27 0 243 0 79 0 0 0 49
1140 8900 1177 1124 142 0 0 296 26 0 243 0 79 0 0 0 49
1141 8910 1172 1118 143 0 0 297 25 0 243 0 79 0 0 0 49
1142 8905 1175 1119 144 0 0 298 24 0 242 0 80 0 0 0 49
1143 8913 1170 1113 146 0 0 299 23 0 242 0 80 0 0 0 50
1144 8915 1170 1113 144 0 0 299 23 0 242 0 80 0 0 0 50
1145 8921 1167 1110 144 0 0 299 23 0 242 0 80 0 0 0 50
1146 8927 1164 1107 144 0 0 299 23 0 242 0 80 0 0 0 50
1147 8934 1160 1102 144 0 0 300 23 0 242 0 81 0 0 0 50
1148 8945 1155 1098 142 0 0 300 23 0 243 0 80 0 0 0 50
1149 8952 1151 1094 141 0 0 301 23 0 244 0 80 0 0 0 50
1150 8954 1148 1093 143 0 0 301 23 0 246 0 78 0 0 0 50
1151 8959 1145 1092 142 0 0 301 23 0 248 0 76 0 0 0 50
1152 8958 1146 1093 141 0 0 301 23 0 248 0 76 0 0 0 50
1153 8955 1147 1094 142 0 0 301 23 0 248 0 76 0 0 0 50
1154 8953 1148 1096 141 0 0 301 23 0 249 0 75 0 0 0 50
1155 8963 1143 1092 140 0 0 301 23 0 250 0 74 0 0 0 50
1156 8970 1140 1089 139 0 0 301 23 0 250 0 74 0 0 0 50
1157 8977 1136 1086 139 0 0 301 23 0 251 0 73 0 0 0 50
1158 8978 1134 1084 142 0 0 301 23 0 251 0 73 0 0 0 50
1159 8965 1139 1091 143 0 0 301 23 0 253 0 71 0 0 0 50
1160 8982 1132 1084 139 0 0 301 23 0 253 0 71 0 0 0 51
1161 8985 1129 1082 141 0 0 301 23 0 254 0 70 0 0 0 51
1162 8992 1125 1081 139 0 0 301 23 0 257 0 67 0 0 0 51
1163 9004 1119 1077 137 0 0 301 23 0 259 0 65 0 0 0 51
1164 9014 1115 1074 134 0 0 301 23 0 260 0 64 0 0 0 51
1165 9024 1110 1068 135 0 0 302 22 0 260 0 64 0 0 0 51
1166 9038 1102 1061 136 0 0 302 22 0 261 0 63 0 0 0 51
1167 9035 1103 1063 136 0 0 302 22 0 262 0 62 0 0 0 51
1168 9039 1101 1061 136 0 0 302 22 0 262 0 62 0 0 0 51
1169 9045 1098 1058 136 0 0 302 22 0 262 0 62 0 0 0 51
1170 9057 1092 1053 135 0 0 302 22 0 263 0 61 0 0 0 51
1171 9057 1091 1053 136 0 0 302 22 0 264 0 60 0 0 0 51
1172 9064 1089 1050 134 0 0 302 22 0 263 0 61 0 0 0 51
1173 9075 1085 1046 131 0 0 302 22 0 263 0 61 0 0 0 51
1174 9082 1082 1043 130 0 0 302 22 0 263 0 61 0 0 0 51
1175 9091 1076 1038 132 0 0 302 22 0 264 0 60 0 0 0 51
1176 9100 1071 1033 133 0 0 302 22 0 264 0 60 0 0 0 51
1177 9116 1063 1023 133 0 0 304 21 0 264 0 61 0 0 0 51
1178 9118 1062 1022 133 0 0 304 21 0 264 0 61 0 0 0 51
1179 9125 1058 1017 133 0 0 304 22 0 263 0 63 0 0 0 51
1180 9120 1060 1019 134 0 0 304 22 0 263 0 63 0 0 0 51
1181 9126 1056 1015 136 0 0 303 23 0 262 0 64 0 0 0 51
1182 9127 1056 1015 135 0 0 303 23 0 262 0 64 0 0 0 51
1183 9133 1053 1013 134 1 0 302 23 1 262 0 63 0 0 0 51
1184 9141 1049 1010 133 1 0 301 24 1 262 0 63 0 0 0 51
1185 9143 1048 1010 132 1 0 300 25 1 262 0 63 0 0 0 51
1186 9147 1046 1008 132 1 0 300 25 1 262 0 63 0 0 0 51
1187 9150 1045 1006 132 1 0 301 24 1 262 0 63 0 0 0 51
1188 9148 1047 1008 130 1 0 301 24 1 262 0 63 0 0 0 51
1189 9155 1043 1002 133 1 0 302 23 1 261 0 64 0 0 0 51
1190 9153 1045 1004 131 1 0 302 23 1 261 0 64 0 0 0 51
1191 9160 1041 1001 131 1 0 302 23 1 262 0 63 0 0 0 51
1192 9164 1037 998 134 1 0 301 24 1 262 0 63 0 0 0 51
1193 9170 1035 996 132 1 0 301 24 1 262 0 63 0 0 0 51
1194 9182 1031 992 128 1 0 301 24 1 262 0 63 0 0 0 51
1195 9192 1026 989 126 1 0 301 24 1 264 0 61 0 0 0 51
1196 9201 1021 983 126 1 0 302 24 1 264 0 62 0 0 0 51
1197 9196 1024 987 124 1 0 302 24 1 265 0 61 0 0 0 51
1198 9192 1026 989 124 1 0 302 24 1 265 0 61 0 0 0 51
1199 9206 1019 982 124 1 0 302 24 1 265 0 61 0 0 0 51
1200 9211 1017 979 124 1 0 302 24 1 264 0 62 0 0 0 51
1201 9208 1019 982 122 1 0 302 24 1 265 0 61 0 0 0 51
1202 9226 1010 974 121 1 0 302 24 1 266 0 60 0 0 0 51
1203 9225 1010 974 122 1 0 302 24 1 266 0 60 0 0 0 51
1204 9241 1002 967 119 1 0 302 25 1 267 0 60 0 0 0 51
1205 9260 993 959 117 1 0 301 26 1 267 0 60 0 0 0 51
1206 9257 994 962 116 1 0 301 26 1 269 0 58 0 0 0 51
1207 9252 995 962 118 1 0 302 26 1 269 0 59 0 0 0 51
1208 9250 996 962 118 1 0 303 25 1 269 0 59 0 0 0 52
1209 9256 994 959 117 1 0 304 24 1 269 0 59 0 0 0 52
1210 9260 992 958 116 1 0 304 24 1 270 0 58 0 0 0 52
1211 9262 991 958 115 1 0 305 23 1 272 0 56 0 0 0 52
1212 9263 991 958 114 1 0 305 23 1 272 0 56 0 0 0 52
1213 9271 985 954 116 1 0 306 22 1 275 0 53 0 0 0 52
1214 9268 986 955 117 1 0 306 22 1 275 0 53 0 0 0 52
1215 9266 987 956 117 1 0 306 22 1 275 0 53 0 0 0 52
1216 9259 991 960 116 1 0 306 22 1 275 0 53 0 0 0 52
1217 9259 992 961 114 1 0 306 22 1 275 0 53 0 0 0 52
1218 9268 987 956 115 1 0 306 22 1 275 0 53 0 0 0 52
1219 9274 984 953 115 1 0 306 22 1 275 0 53 0 0 0 52
1220 9270 985 956 115 1 0 305 23 1 276 0 52 0 0 0 52
1221 9280 979 951 116 1 0 305 23 1 277 0 51 0 0 0 52
1222 9277 981 953 115 1 0 304 24 1 276 0 52 0 0 0 52
1223 9271 983 956 116 1 0 303 25 1 276 0 52 0 0 0 52
1224 9281 978 950 117 1 0 303 25 1 275 0 53 0 0 0 52
1225 9287 976 948 115 1 0 303 25 1 275 0 53 0 0 0 52
1226 9285 977 949 115 1 0 303 25 1 275 0 53 0 0 0 52
1227 9284 977 950 115 1 0 303 25 1 276 0 52 0 0 0 52
1228 9289 975 947 115 1 0 304 24 1 276 0 52 0 0 0 52
1229 9296 973 943 114 1 0 305 23 1 275 0 53 0 0 0 52
1230 9305 970 940 111 1 0 305 23 1 275 0 53 0 0 0 52
1231 9300 972 943 111 1 0 304 24 1 275 0 53 0 0 0 52
1232 9298 974 944 108 1 0 305 24 1 275 0 54 0 0 0 52
1233 9308 969 942 105 1 0 305 24 1 278 0 51 0 0 0 52
1234 9313 967 940 102 1 0 306 24 1 279 0 51 0 0 0 52
1235 9321 963 936 102 1 0 306 24 1 279 0 51 0 0 0 52
1236 9323 961 934 104 1 0 306 24 1 279 0 51 0 0 0 52
1237 9330 960 933 99 1 0 306 24 1 279 0 51 0 0 0 52
1238 9333 958 931 100 1 0 306 24 1 279 0 51 0 0 0 52
1239 9345 952 925 100 1 0 306 24 1 279 0 51 0 0 0 52
1240 9350 949 921 102 1 0 307 23 1 279 0 51 0 0 0 52
1241 9349 949 921 103 1 0 307 23 1 279 0 51 0 0 0 52
1242 9357 946 918 101 1 0 307 23 1 279 0 51 0 0 0 52
1243 9365 942 914 101 1 0 307 23 1 279 0 51 0 0 0 52
1244 9366 941 913 102 1 0 307 23 1 279 0 51 0 0 0 52
1245 9369 939 911 103 1 0 307 23 1 279 0 51 0 0 0 52
1246 9374 938 909 101 1 0 307 23 1 278 0 52 0 0 0 52
1247 9387 931 902 102 1 0 307 23 1 278 0 52 0 0 0 52
1248 9381 935 904 102 1 0 308 22 1 277 0 53 0 0 0 52
1249 9385 933 902 102 1 0 308 22 1 277 0 53 0 0 0 52
1250 9389 930 900 103 1 0 307 23 1 277 0 53 0 0 0 52
1251 9387 930 901 104 1 0 307 23 1 278 0 52 0 0 0 52
1252 9396 925 896 105 1 0 307 23 1 278 0 52 0 0 0 52
1253 9401 922 893 106 1 0 307 23 1 278 0 52 0 0 0 52
1254 9397 925 896 104 1 0 307 23 1 278 0 52 0 0 0 52
1255 9403 922 893 104 1 0 307 23 1 278 0 52 0 0 0 52
1256 9402 922 893 105 1 0 307 23 1 278 0 52 0 0 0 52
1257 9401 923 894 104 1 0 307 23 1 278 0 52 0 0 0 52
1258 9405 921 891 105 1 0 307 23 1 277 0 53 0 0 0 52
1259 9411 918 887 104 1 0 308 23 1 277 0 54 0 0 0 52
1260 9418 915 884 103 1 0 308 23 1 277 0 54 0 0 0 52
1261 9424 911 880 105 1 0 308 23 1 277 0 54 0 0 0 52
1262 9423 913 882 102 1 0 308 23 1 277 0 54 0 0 0 52
1263 9433 907 877 103 1 0 308 23 1 278 0 53 0 0 0 52
1264 9437 906 876 101 1 0 308 23 1 278 0 53 0 0 0 52
1265 9436 906 876 102 1 0 308 23 1 278 0 53 0 0 0 52
1266 9437 906 876 99 1 0 308 24 1 278 0 54 0 0 0 52
1267 9460 894 867 97 1 0 308 24 1 281 0 51 0 0 0 52
1268 9460 894 868 96 1 0 308 24 1 282 0 50 0 0 0 52
1269 9457 895 870 96 1 0 308 24 1 283 0 49 0 0 0 52
1270 9466 891 866 95 1 0 308 24 1 283 0 49 0 0 0 52
1271 9470 890 865 93 1 0 308 24 1 283 0 49 0 0 0 52
1272 9467 890 866 93 1 0 308 25 1 284 0 49 0 0 0 52
1273 9474 886 862 94 1 0 308 25 1 284 0 49 0 0 0 52
1274 9484 882 858 92 1 0 308 25 1 284 0 49 0 0 0 52
1275 9483 883 859 91 1 0 308 25 1 284 0 49 0 0 0 52
1276 9490 879 856 91 1 0 308 25 1 285 0 48 0 0 0 52
1277 9500 874 851 91 1 0 308 25 1 285 0 48 0 0 0 52
1278 9504 872 849 91 1 0 308 25 1 285 0 48 0 0 0 52
1279 9502 872 849 93 1 0 308 25 1 285 0 48 0 0 0 52
1280 9500 874 850 92 1 0 309 24 1 285 0 48 0 0 0 52
1281 9504 872 848 92 1 0 309 24 1 285 0 48 0 0 0 52
1282 9511 870 844 91 1 0 310 23 1 284 0 49 0 0 0 52
1283 9507 872 847 90 1 0 309 24 1 284 0 49 0 0 0 52
1284 9515 868 843 90 1 0 309 24 1 284 0 49 0 0 0 52
1285 9521 865 840 90 1 0 309 24 1 284 0 49 0 0 0 52
1286 9523 863 840 90 1 0 308 25 1 285 0 48 0 0 0 52
1287 9521 865 842 88 1 0 308 25 1 285 0 48 0 0 0 52
1288 9517 867 844 88 1 0 308 25 1 285 0 48 0 0 0 52
1289 9515 868 845 88 1 0 308 25 1 285 0 48 0 0 0 52
1290 9519 867 844 86 1 0 308 25 1 285 0 48 0 0 0 52
1291 9527 863 840 86 1 0 309 24 1 286 0 47 0 0 0 52
1292 9535 860 837 84 1 0 309 24 1 286 0 47 0 0 0 52
1293 9541 856 833 86 1 0 309 24 1 286 0 47 0 0 0 52
1294 9547 853 829 87 1 0 310 23 1 286 0 47 0 0 0 52
1295 9557 848 824 87 1 0 310 23 1 286 0 47 0 0 0 52
1296 9566 844 820 86 1 0 310 23 1 286 0 47 0 0 0 52
1297 9560 847 822 86 1 0 311 22 1 286 0 47 0 0 0 53
1298 9567 843 819 86 1 0 310 23 1 286 0 47 0 0 0 53
1299 9560 847 823 85 1 0 310 23 1 286 0 47 0 0 0 53
1300 9562 848 822 83 1 0 311 22 1 285 0 48 0 0 0 53
1301 9564 848 822 81 1 0 311 22 1 285 0 48 0 0 0 53
1302 9572 843 818 82 1 0 311 22 1 286 0 47 0 0 0 53
1303 9578 840 815 80 1 0 311 23 1 286 0 48 0 0 0 53
1304 9586 838 812 77 1 0 311 23 1 285 0 49 0 0 0 53
1305 9590 836 811 76 1 0 311 23 1 286 0 48 0 0 0 53
1306 9609 828 802 74 1 0 312 22 1 286 0 48 0 0 0 53
1307 9613 826 801 73 1 0 312 22 1 287 0 47 0 0 0 53
1308 9620 822 798 73 1 0 311 23 1 287 0 47 0 0 0 53
1309 9620 822 797 74 1 0 311 23 1 286 0 48 0 0 0 53
1310 9627 818 794 74 2 0 310 23 2 286 0 47 0 0 0 53
1311 9624 820 796 73 2 0 310 23 2 286 0 47 0 0 0 53
1312 9618 823 799 73 2 0 310 23 2 286 0 47 0 0 0 53
1313 9624 819 796 74 2 0 310 23 2 287 0 46 0 0 0 53
1314 9628 817 794 74 2 0 310 23 2 287 0 46 0 0 0 53
1315 9640 811 788 74 2 0 310 23 2 287 0 46 0 0 0 53
1316 9638 812 790 73 2 0 310 23 2 288 0 45 0 0 0 53
1317 9638 812 790 73 2 0 310 23 2 288 0 45 0 0 0 53
1318 9647 808 786 72 2 0 310 23 2 288 0 45 0 0 0 53
1319 9646 808 787 72 2 0 310 23 2 289 0 44 0 0 0 53
1320 9641 811 790 71 2 0 310 23 2 289 0 44 0 0 0 53
1321 9648 808 787 70 2 0 310 23 2 289 0 44 0 0 0 53
1322 9645 807 786 73 2 0 310 24 2 289 0 45 0 0 0 53
1323 9644 808 787 72 2 0 310 24 2 289 0 45 0 0 0 53
1324 9647 807 785 72 2 0 311 23 2 289 0 45 0 0 0 53
1325 9649 807 785 70 2 0 311 23 2 289 0 45 0 0 0 53
1326 9647 808 787 69 2 0 311 23 2 290 0 44 0 0 0 53
1327 9648 808 787 68 2 0 311 23 2 290 0 44 0 0 0 53
1328 9647 809 788 67 2 0 311 23 2 290 0 44 0 0 0 53
1329 9648 808 789 66 3 0 309 24 2 291 1 42 0 0 0 53
1330 9645 809 790 67 3 0 309 24 2 291 1 42 0 0 0 53
1331 9647 808 789 67 3 0 309 24 2 291 1 42 0 0 0 53
1332 9655 804 785 67 3 0 310 23 2 292 1 41 0 0 0 53
1333 9655 804 785 67 3 0 310 23 2 292 1 41 0 0 0 53
1334 9654 805 786 66 3 0 310 23 2 292 1 41 0 0 0 53
1335 9657 804 785 65 4 0 309 23 3 291 1 41 0 0 0 53
1336 9651 807 787 64 4 0 310 23 3 291 1 42 0 0 0 53
1337 9652 807 787 63 4 0 310 23 3 291 1 42 0 0 0 53
1338 9650 808 788 63 4 0 310 23 3 291 1 42 0 0 0 53
1339 9657 804 784 64 4 0 310 23 3 291 1 42 0 0 0 53
1340 9660 802 783 64 4 0 310 23 3 292 1 41 0 0 0 53
1341 9667 798 780 64 4 0 310 23 3 293 1 40 0 0 0 53
1342 9665 800 781 62 4 0 311 22 3 293 1 40 0 0 0 54
1343 9666 800 781 61 4 0 311 22 3 293 1 40 0 0 0 54
1344 9673 797 778 60 4 0 311 22 3 293 1 40 0 0 0 54
1345 9678 795 776 59 4 0 311 22 3 293 1 40 0 0 0 54
1346 9686 792 771 57 4 0 312 22 3 292 1 42 0 0 0 54
1347 9687 792 771 56 5 0 311 22 4 291 1 42 0 0 0 54
1348 9692 790 769 55 5 0 311 22 4 291 1 42 0 0 0 54
1349 9694 788 768 56 5 0 311 22 4 292 1 41 0 0 0 54
1350 9689 790 770 57 5 0 311 22 4 292 1 41 0 0 0 54
1351 9688 791 771 56 5 0 311 22 4 292 1 41 0 0 0 54
1352 9695 788 767 56 5 0 312 21 4 292 1 41 0 0 0 54
1353 9710 779 760 57 5 0 312 21 4 294 1 39 0 0 0 54
1354 9704 782 762 58 5 0 312 21 4 293 1 40 0 0 0 54
1355 9706 782 762 56 5 0 312 21 4 293 1 40 0 0 0 54
1356 9715 777 757 57 5 0 312 21 4 293 1 40 0 0 0 54
1357 9715 778 758 55 5 0 312 21 4 293 1 40 0 0 0 54
1358 9721 775 755 55 5 0 312 21 4 293 1 40 0 0 0 54
1359 9738 767 747 54 5 0 312 21 4 293 1 40 0 0 0 54
1360 9743 764 745 54 5 0 311 22 4 293 1 40 0 0 0 54
1361 9755 758 739 54 5 0 311 22 4 293 1 40 0 0 0 54
1362 9755 757 740 54 5 0 311 22 4 295 1 38 0 0 0 54
1363 9764 752 735 55 5 0 311 22 4 295 1 38 0 0 0 54
1364 9765 752 736 53 5 0 311 22 5 295 0 38 0 0 0 54
1365 9770 750 734 52 5 0 311 22 5 295 0 38 0 0 0 54
1366 9767 752 736 51 5 0 311 22 5 295 0 38 0 0 0 54
1367 9774 749 734 49 5 0 311 22 5 296 0 37 0 0 0 54
1368 9776 748 733 49 5 0 311 22 5 296 0 37 0 0 0 54
1369 9784 744 729 49 5 0 311 22 5 296 0 37 0 0 0 54
1370 9790 742 727 47 5 0 311 22 5 296 0 37 0 0 0 54
1371 9794 740 725 47 5 0 311 22 5 296 0 37 0 0 0 54
1372 9793 740 725 48 5 0 311 22 5 296 0 37 0 0 0 54
1373 9803 735 720 48 5 0 311 22 5 296 0 37 0 0 0 54
1374 9813 730 715 48 5 0 311 22 5 296 0 37 0 0 0 54
1375 9815 728 713 48 5 0 312 22 5 297 0 37 0 0 0 54
1376 9810 730 715 49 5 0 312 22 5 297 0 37 0 0 0 54
1377 9823 724 709 48 5 0 312 22 5 297 0 37 0 0 0 54
1378 9821 725 710 48 5 0 312 22 5 297 0 37 0 0 0 54
1379 9821 725 709 49 5 0 312 22 5 296 0 38 0 0 0 54
1380 9828 722 706 48 5 0 312 22 5 296 0 38 0 0 0 54
1381 9834 718 702 49 5 0 312 22 5 296 0 38 0 0 0 55
1382 9843 714 697 49 5 0 313 21 5 296 0 38 0 0 0 55
1383 9845 713 696 49 5 0 313 21 5 296 0 38 0 0 0 55
1384 9847 712 695 49 5 0 313 21 5 296 0 38 0 0 0 55
1385 9844 713 696 50 5 0 313 21 5 296 0 38 0 0 0 55
1386 9843 713 696 51 5 0 313 21 5 296 0 38 0 0 0 55
1387 9842 714 697 50 5 0 313 21 5 296 0 38 0 0 0 55
1388 9852 710 693 48 5 0 313 21 5 296 0 38 0 0 0 55
1389 9858 707 690 48 5 0 313 21 5 296 0 38 0 0 0 55
1390 9855 709 691 48 5 0 313 21 5 295 0 39 0 0 0 55
1391 9862 705 688 48 5 0 313 21 5 296 0 38 0 0 0 55
1392 9868 702 685 48 5 0 314 20 5 297 0 37 0 0 0 55
1393 9861 705 687 50 5 0 314 20 5 296 0 38 0 0 0 55
1394 9867 701 685 50 5 0 313 21 5 297 0 37 0 0 0 55
1395 9864 702 687 50 5 0 313 21 5 298 0 36 0 0 0 55
1396 9867 702 685 49 5 0 314 20 5 297 0 37 0 0 0 55
1397 9869 701 684 49 5 0 314 20 5 297 0 37 0 0 0 55
1398 9871 700 683 49 5 0 314 20 5 297 0 37 0 0 0 55
1399 9861 705 688 49 5 0 314 20 5 297 0 37 0 0 0 55
1400 9857 706 689 51 5 0 314 20 5 297 0 37 0 0 0 55
1401 9857 706 689 51 5 0 314 20 5 297 0 37 0 0 0 55
1402 9855 707 690 51 5 0 314 20 5 297 0 37 0 0 0 55
1403 9858 705 689 51 5 0 313 21 5 297 0 37 0 0 0 55
1404 9861 703 687 52 5 0 313 21 5 297 0 37 0 0 0 55
1405 9867 700 684 52 5 0 313 21 5 297 0 37 0 0 0 55
1406 9866 702 685 50 5 0 314 20 5 297 0 37 0 0 0 55
1407 9863 704 686 50 5 0 315 19 5 297 0 37 0 0 0 55
1408 9864 704 686 49 5 0 315 19 5 297 0 37 0 0 0 55
1409 9862 705 687 49 5 0 315 19 5 297 0 37 0 0 0 55
1410 9874 700 682 47 5 0 315 19 5 297 0 37 0 0 0 55
1411 9882 696 678 47 5 0 315 19 5 297 0 37 0 0 0 55
1412 9888 693 674 46 5 0 316 19 5 297 0 38 0 0 0 55
1413 9893 691 672 45 5 0 316 19 5 297 0 38 0 0 0 55
1414 9906 685 666 44 5 0 316 19 5 297 0 38 0 0 0 55
1415 9913 681 663 44 5 0 316 19 5 298 0 37 0 0 0 55
1416 9919 679 660 43 5 0 316 19 5 297 0 38 0 0 0 55
1417 9923 677 657 42 5 0 317 19 5 297 0 39 0 0 0 55
1418 9935 671 651 42 5 0 317 19 5 297 0 39 0 0 0 55
1419 9937 670 650 42 5 0 317 19 5 297 0 39 0 0 0 55
1420 9937 671 650 41 5 0 317 19 5 296 0 40 0 0 0 55
1421 9941 668 649 41 5 0 316 20 5 297 0 39 0 0 0 55
1422 9948 664 645 42 5 0 316 20 5 297 0 39 0 0 0 55
1423 9957 660 640 42 5 0 317 19 5 297 0 39 0 0 0 55
1424 9960 659 639 41 5 0 317 19 5 297 0 39 0 0 0 55
1425 9963 657 638 41 6 0 316 19 5 298 0 38 0 0 1 54
1426 9962 656 638 43 6 0 316 19 5 299 0 37 0 0 1 54
1427 9956 659 641 43 6 0 316 19 5 299 0 37 0 0 1 54
1428 9966 654 636 43 6 0 316 19 5 299 0 37 0 0 1 54
1429 9984 645 627 43 6 0 316 19 5 299 0 37 0 0 1 54
1430 9986 644 626 43 6 0 316 19 5 299 0 37 0 0 1 54
1431 9999 638 621 41 6 0 316 19 5 300 0 36 0 0 1 54
1432 9995 640 623 41 6 0 316 19 5 300 0 36 0 0 1 54
1433 9995 640 622 42 6 0 317 18 5 300 0 36 0 0 1 54
1434 9993 641 623 42 6 0 317 18 5 300 0 36 0 0 1 54
1435 9991 642 625 41 6 0 317 18 5 301 0 35 0 0 1 54
1436 9999 639 621 40 6 0 318 17 5 301 0 35 0 0 1 54
1437 10004 636 618 41 6 0 318 17 5 301 0 35 0 0 1 54
1438 9999 638 620 42 6 0 318 17 5 301 0 35 0 0 1 54
1439 10003 636 618 42 6 0 318 17 5 301 0 35 0 0 1 54
1440 10009 632 614 44 6 0 318 17 5 301 0 35 0 0 1 54
1441 10015 630 612 42 6 0 318 17 5 301 0 35 0 0 1 54
1442 10011 632 615 41 6 0 317 18 5 301 0 35 0 0 1 54
1443 10017 629 612 41 6 0 317 18 5 301 0 35 0 0 1 54
1444 10029 623 606 41 6 0 317 18 5 301 0 35 0 0 1 54
1445 10023 625 609 42 6 0 316 19 5 301 0 35 0 0 1 54
1446 10035 620 603 41 6 0 317 18 5 301 0 35 0 0 1 54
1447 10040 618 600 41 6 0 318 17 5 301 0 35 0 0 1 54
1448 10042 615 599 43 6 0 318 17 5 303 0 33 0 0 1 54
1449 10046 613 597 42 6 0 318 17 5 303 0 33 0 0 1 55
1450 10050 611 595 42 6 0 318 17 5 303 0 33 0 0 1 55
1451 10057 607 591 43 6 0 318 17 5 303 0 33 0 0 1 55
1452 10061 605 589 43 6 0 318 17 5 303 0 33 0 0 1 55
1453 10064 604 588 42 6 0 318 17 5 303 0 33 0 0 1 55
1454 10070 601 585 42 6 0 318 17 5 303 0 33 0 0 1 55
1455 10070 601 586 41 6 0 318 17 5 304 0 32 0 0 1 55
1456 10067 603 588 40 6 0 318 17 5 304 0 32 0 0 1 55
1457 10065 604 590 39 6 0 318 17 5 305 0 31 0 0 1 55
1458 10069 602 589 38 6 0 318 17 5 306 0 30 0 0 1 55
1459 10066 604 591 37 6 0 318 17 5 306 0 30 0 0 1 55
1460 10061 607 594 36 6 0 318 17 5 306 0 30 0 0 1 55
1461 10061 608 595 34 6 0 318 17 5 306 0 30 0 0 1 55
1462 10072 603 590 33 6 0 319 16 5 307 0 29 0 0 1 55
1463 10070 604 591 33 6 0 318 17 5 306 0 30 0 0 1 55
1464 10078 601 588 31 6 0 318 17 5 306 0 30 0 0 1 55
1465 10085 598 586 29 6 0 318 17 5 307 0 29 0 0 1 55
1466 10083 599 587 29 6 0 318 17 5 307 0 29 0 0 1 55
1467 10078 601 589 30 6 0 318 17 5 307 0 29 0 0 1 55
1468 10080 600 589 29 6 0 318 17 5 308 0 28 0 0 1 55
1469 10089 595 585 29 6 0 318 17 5 309 0 27 0 0 1 55
1470 10094 593 583 28 6 0 318 17 5 309 0 27 0 0 1 55
1471 10100 590 580 28 6 0 318 17 5 309 0 27 0 0 1 55
1472 10103 589 579 27 6 0 318 17 5 309 0 27 0 0 1 55
1473 10103 589 579 27 6 0 318 17 5 309 0 27 0 0 1 55
1474 10104 588 578 28 6 0 318 17 5 309 0 27 0 0 1 55
1475 10104 588 578 28 6 0 318 17 5 309 0 27 0 0 1 55
1476 10118 582 570 28 6 0 319 16 5 308 0 28 0 0 1 55
1477 10121 581 569 27 6 0 319 16 5 308 0 28 0 0 1 55
1478 10118 582 571 27 6 0 319 16 5 309 0 27 0 0 1 55
1479 10116 583 572 27 6 0 319 16 5 309 0 27 0 0 1 55
1480 10121 580 569 28 6 0 319 16 5 309 0 27 0 0 1 55
1481 10130 576 565 27 6 0 319 16 5 309 0 27 0 0 1 55
1482 10134 574 563 27 6 0 319 16 5 309 0 27 0 0 1 55
1483 10138 572 561 27 6 0 319 16 5 309 0 27 0 0 1 55
1484 10129 577 566 26 6 0 319 16 5 309 0 27 0 0 1 55
1485 10124 579 568 27 6 0 319 16 5 309 0 27 0 0 1 55
1486 10127 578 567 26 6 0 319 16 5 309 0 27 0 0 1 55
1487 10132 575 564 27 6 0 319 16 5 309 0 27 0 0 1 55
1488 10136 573 562 27 6 0 319 16 5 309 0 27 0 0 1 55
1489 10138 572 561 27 6 0 319 16 5 309 0 27 0 0 1 55
1490 10143 570 559 26 6 0 319 16 5 309 0 27 0 0 1 55
1491 10141 571 560 26 6 0 319 16 5 309 0 27 0 0 1 55
1492 10145 569 558 26 6 0 319 16 5 309 0 27 0 0 1 55
1493 10152 566 555 25 6 0 319 16 5 309 0 27 0 0 1 55
1494 10151 566 555 26 6 0 319 16 5 309 0 27 0 0 1 55
1495 10149 567 556 26 6 0 319 16 5 309 0 27 0 0 1 55
1496 10155 565 553 25 6 0 319 16 5 308 0 28 0 0 1 55
1497 10159 564 551 24 6 0 320 15 5 308 0 28 0 0 1 55
1498 10165 562 549 22 7 0 319 15 6 307 0 28 0 0 1 55
1499 10177 556 543 22 7 0 319 15 6 307 0 28 0 0 1 55
1500 10177 556 543 22 7 0 319 15 6 307 0 28 0 0 1 55
