0 3277 2743
1 3227 2793
2 3214 2806
3 3220 2800
4 3232 2788
5 3221 2799
6 3233 2787
7 3226 2794
8 3228 2792
9 3233 2787
10 3228 2792
11 3210 2810
12 3221 2799
13 3211 2809
14 3218 2802
15 3217 2803
16 3202 2818
17 3194 2826
18 3211 2809
19 3209 2811
20 3205 2815
21 3214 2806
22 3224 2796
23 3220 2800
24 3241 2779
25 3234 2786
26 3234 2786
27 3233 2787
28 3222 2798
29 3221 2799
30 3224 2796
31 3235 2785
32 3235 2785
33 3230 2790
34 3231 2789
35 3220 2800
36 3242 2778
37 3231 2789
38 3243 2777
39 3253 2767
40 3270 2750
41 3291 2729
42 3284 2736
43 3278 2742
44 3294 2726
45 3292 2728
46 3286 2734
47 3273 2747
48 3269 2751
49 3272 2748
50 3280 2740
51 3297 2723
52 3291 2729
53 3282 2738
54 3291 2729
55 3281 2739
56 3291 2729
57 3280 2740
58 3288 2732
59 3279 2741
60 3265 2755
61 3275 2745
62 3279 2741
63 3270 2750
64 3284 2736
65 3273 2747
66 3293 2727
67 3310 2710
68 3333 2687
69 3329 2691
70 3335 2685
71 3369 2651
72 3371 2649
73 3370 2650
74 3379 2641
75 3399 2621
76 3391 2629
77 3394 2626
78 3397 2623
79 3390 2630
80 3388 2632
81 3372 2648
82 3376 2644
83 3364 2656
84 3350 2670
85 3357 2663
86 3356 2664
87 3364 2656
88 3378 2642
89 3383 2637
90 3392 2628
91 3399 2621
92 3383 2637
93 3388 2632
94 3364 2656
95 3373 2647
96 3376 2644
97 3371 2649
98 3376 2644
99 3360 2660
100 3348 2672
101 3353 2667
102 3358 2662
103 3358 2662
104 3349 2671
105 3363 2657
106 3368 2652
107 3378 2642
108 3361 2659
109 3355 2665
110 3342 2678
111 3346 2674
112 3361 2659
113 3364 2656
114 3363 2657
115 3370 2650
116 3370 2650
117 3373 2647
118 3389 2631
119 3371 2649
120 3375 2645
121 3394 2626
122 3385 2635
123 3391 2629
124 3394 2626
125 3373 2647
126 3370 2650
127 3369 2651
128 3386 2634
129 3405 2615
130 3395 2625
131 3385 2635
132 3389 2631
133 3387 2633
134 3386 2634
135 3389 2631
136 3403 2617
137 3393 2627
138 3388 2632
139 3390 2630
140 3383 2637
141 3391 2629
142 3391 2629
143 3382 2638
144 3390 2630
145 3387 2633
146 3387 2633
147 3388 2632
148 3399 2621
149 3372 2648
150 3373 2647
151 3375 2645
152 3375 2645
153 3387 2633
154 3357 2663
155 3362 2658
156 3369 2651
157 3372 2648
158 3378 2642
159 3361 2659
160 3375 2645
161 3374 2646
162 3397 2623
163 3399 2621
164 3404 2616
165 3414 2606
166 3413 2607
167 3416 2604
168 3415 2605
169 3414 2606
170 3394 2626
171 3387 2633
172 3386 2634
173 3388 2632
174 3377 2643
175 3384 2636
176 3381 2639
177 3396 2624
178 3384 2636
179 3390 2630
180 3366 2654
181 3371 2649
182 3356 2664
183 3348 2672
184 3343 2677
185 3352 2668
186 3349 2671
187 3349 2671
188 3340 2680
189 3346 2674
190 3343 2677
191 3348 2672
192 3365 2655
193 3356 2664
194 3357 2663
195 3340 2680
196 3326 2694
197 3326 2694
198 3317 2703
199 3299 2721
200 3321 2699
201 3331 2689
202 3346 2674
203 3335 2685
204 3359 2661
205 3346 2674
206 3339 2681
207 3324 2696
208 3330 2690
209 3333 2687
210 3328 2692
211 3323 2697
212 3327 2693
213 3327 2693
214 3340 2680
215 3340 2680
216 3348 2672
217 3352 2668
218 3363 2657
219 3372 2648
220 3371 2649
221 3373 2647
222 3366 2654
223 3387 2633
224 3382 2638
225 3415 2605
226 3422 2598
227 3444 2576
228 3446 2574
229 3435 2585
230 3421 2599
231 3418 2602
232 3425 2595
233 3426 2594
234 3423 2597
235 3409 2611
236 3420 2600
237 3437 2583
238 3442 2578
239 3431 2589
240 3422 2598
241 3413 2607
242 3421 2599
243 3424 2596
244 3416 2604
245 3419 2601
246 3425 2595
247 3431 2589
248 3436 2584
249 3452 2568
250 3462 2558
251 3469 2551
252 3487 2533
253 3466 2554
254 3489 2531
255 3487 2533
256 3486 2534
257 3489 2531
258 3509 2511
259 3511 2509
260 3498 2522
261 3499 2521
262 3490 2530
263 3498 2522
264 3519 2501
265 3534 2486
266 3545 2475
267 3533 2487
268 3528 2492
269 3527 2493
270 3510 2510
271 3520 2500
272 3499 2521
273 3506 2514
274 3523 2497
275 3530 2490
276 3530 2490
277 3525 2495
278 3514 2506
279 3516 2504
280 3526 2494
281 3518 2502
282 3500 2520
283 3513 2507
284 3507 2513
285 3518 2502
286 3499 2521
287 3494 2526
288 3504 2516
289 3507 2513
290 3506 2514
291 3490 2530
292 3476 2544
293 3482 2538
294 3482 2538
295 3490 2530
296 3481 2539
297 3476 2544
298 3497 2523
299 3490 2530
300 3493 2527
301 3499 2521
302 3491 2529
303 3486 2534
304 3491 2529
305 3504 2516
306 3508 2512
307 3509 2511
308 3510 2510
309 3508 2512
310 3494 2526
311 3497 2523
312 3515 2505
313 3511 2509
314 3498 2522
315 3498 2522
316 3504 2516
317 3519 2501
318 3518 2502
319 3502 2518
320 3493 2527
321 3506 2514
322 3511 2509
323 3493 2527
324 3491 2529
325 3504 2516
326 3496 2524
327 3527 2493
328 3508 2512
329 3486 2534
330 3505 2515
331 3528 2492
332 3524 2496
333 3523 2497
334 3543 2477
335 3541 2479
336 3544 2476
337 3559 2461
338 3545 2475
339 3529 2491
340 3529 2491
341 3524 2496
342 3536 2484
343 3541 2479
344 3539 2481
345 3526 2494
346 3529 2491
347 3535 2485
348 3527 2493
349 3528 2492
350 3545 2475
351 3533 2487
352 3537 2483
353 3532 2488
354 3538 2482
355 3538 2482
356 3538 2482
357 3530 2490
358 3522 2498
359 3515 2505
360 3503 2517
361 3488 2532
362 3497 2523
363 3484 2536
364 3493 2527
365 3512 2508
366 3512 2508
367 3512 2508
368 3526 2494
369 3517 2503
370 3503 2517
371 3509 2511
372 3514 2506
373 3508 2512
374 3520 2500
375 3513 2507
376 3515 2505
377 3516 2504
378 3518 2502
379 3519 2501
380 3507 2513
381 3516 2504
382 3512 2508
383 3517 2503
384 3509 2511
385 3498 2522
386 3509 2511
387 3513 2507
388 3492 2528
389 3485 2535
390 3484 2536
391 3477 2543
392 3470 2550
393 3465 2555
394 3468 2552
395 3465 2555
396 3464 2556
397 3451 2569
398 3461 2559
399 3473 2547
400 3463 2557
401 3475 2545
402 3499 2521
403 3484 2536
404 3488 2532
405 3506 2514
406 3516 2504
407 3497 2523
408 3489 2531
409 3486 2534
410 3500 2520
411 3527 2493
412 3520 2500
413 3522 2498
414 3522 2498
415 3518 2502
416 3514 2506
417 3509 2511
418 3504 2516
419 3500 2520
420 3490 2530
421 3483 2537
422 3480 2540
423 3465 2555
424 3481 2539
425 3470 2550
426 3459 2561
427 3449 2571
428 3443 2577
429 3463 2557
430 3456 2564
431 3462 2558
432 3457 2563
433 3474 2546
434 3477 2543
435 3486 2534
436 3478 2542
437 3480 2540
438 3484 2536
439 3493 2527
440 3495 2525
441 3478 2542
442 3481 2539
443 3500 2520
444 3505 2515
445 3527 2493
446 3522 2498
447 3539 2481
448 3544 2476
449 3536 2484
450 3545 2475
451 3552 2468
452 3541 2479
453 3531 2489
454 3528 2492
455 3552 2468
456 3547 2473
457 3552 2468
458 3557 2463
459 3556 2464
460 3546 2474
461 3557 2463
462 3546 2474
463 3544 2476
464 3545 2475
465 3557 2463
466 3532 2488
467 3560 2460
468 3565 2455
469 3578 2442
470 3585 2435
471 3595 2425
472 3606 2414
473 3619 2401
474 3620 2400
475 3620 2400
476 3614 2406
477 3626 2394
478 3617 2403
479 3587 2433
480 3584 2436
481 3589 2431
482 3588 2432
483 3592 2428
484 3591 2429
485 3584 2436
486 3593 2427
487 3599 2421
488 3602 2418
489 3606 2414
490 3609 2411
491 3612 2408
492 3609 2411
493 3603 2417
494 3606 2414
495 3608 2412
496 3601 2419
497 3589 2431
498 3604 2416
499 3623 2397
500 3616 2404
501 3636 2384
502 3641 2379
503 3634 2386
504 3637 2383
505 3640 2380
506 3647 2373
507 3643 2377
508 3631 2389
509 3640 2380
510 3633 2387
511 3629 2391
512 3637 2383
513 3643 2377
514 3644 2376
515 3640 2380
516 3631 2389
517 3637 2383
518 3627 2393
519 3626 2394
520 3626 2394
521 3629 2391
522 3613 2407
523 3623 2397
524 3618 2402
525 3615 2405
526 3607 2413
527 3611 2409
528 3607 2413
529 3631 2389
530 3624 2396
531 3623 2397
532 3615 2405
533 3614 2406
534 3647 2373
535 3632 2388
536 3634 2386
537 3627 2393
538 3624 2396
539 3619 2401
540 3620 2400
541 3623 2397
542 3609 2411
543 3618 2402
544 3620 2400
545 3619 2401
546 3621 2399
547 3603 2417
548 3605 2415
549 3595 2425
550 3595 2425
551 3602 2418
552 3607 2413
553 3613 2407
554 3625 2395
555 3628 2392
556 3628 2392
557 3624 2396
558 3612 2408
559 3607 2413
560 3616 2404
561 3610 2410
562 3613 2407
563 3621 2399
564 3604 2416
565 3606 2414
566 3607 2413
567 3603 2417
568 3614 2406
569 3615 2405
570 3610 2410
571 3609 2411
572 3603 2417
573 3603 2417
574 3586 2434
575 3595 2425
576 3604 2416
577 3613 2407
578 3608 2412
579 3582 2438
580 3577 2443
581 3571 2449
582 3578 2442
583 3585 2435
584 3570 2450
585 3564 2456
586 3570 2450
587 3572 2448
588 3580 2440
589 3583 2437
590 3597 2423
591 3579 2441
592 3578 2442
593 3579 2441
594 3579 2441
595 3563 2457
596 3564 2456
597 3560 2460
598 3559 2461
599 3565 2455
600 3558 2462
601 3552 2468
602 3556 2464
603 3561 2459
604 3557 2463
605 3561 2459
606 3583 2437
607 3570 2450
608 3561 2459
609 3558 2462
610 3562 2458
611 3567 2453
612 3570 2450
613 3549 2471
614 3555 2465
615 3559 2461
616 3570 2450
617 3580 2440
618 3573 2447
619 3558 2462
620 3552 2468
621 3551 2469
622 3551 2469
623 3539 2481
624 3540 2480
625 3547 2473
626 3566 2454
627 3589 2431
628 3573 2447
629 3582 2438
630 3585 2435
631 3587 2433
632 3603 2417
633 3614 2406
634 3623 2397
635 3644 2376
636 3639 2381
637 3629 2391
638 3654 2366
639 3655 2365
640 3662 2358
641 3659 2361
642 3650 2370
643 3652 2368
644 3661 2359
645 3657 2363
646 3645 2375
647 3653 2367
648 3640 2380
649 3631 2389
650 3639 2381
651 3658 2362
652 3641 2379
653 3635 2385
654 3630 2390
655 3634 2386
656 3644 2376
657 3651 2369
658 3680 2340
659 3662 2358
660 3655 2365
661 3652 2368
662 3670 2350
663 3648 2372
664 3673 2347
665 3672 2348
666 3671 2349
667 3689 2331
668 3694 2326
669 3691 2329
670 3685 2335
671 3703 2317
672 3709 2311
673 3728 2292
674 3720 2300
675 3703 2317
676 3697 2323
677 3686 2334
678 3676 2344
679 3684 2336
680 3679 2341
681 3673 2347
682 3667 2353
683 3668 2352
684 3678 2342
685 3696 2324
686 3711 2309
687 3722 2298
688 3720 2300
689 3730 2290
690 3730 2290
691 3712 2308
692 3709 2311
693 3721 2299
694 3706 2314
695 3723 2297
696 3723 2297
697 3738 2282
698 3712 2308
699 3726 2294
700 3724 2296
701 3712 2308
702 3722 2298
703 3731 2289
704 3725 2295
705 3711 2309
706 3708 2312
707 3705 2315
708 3715 2305
709 3720 2300
710 3707 2313
711 3716 2304
712 3722 2298
713 3724 2296
714 3720 2300
715 3741 2279
716 3716 2304
717 3729 2291
718 3740 2280
719 3745 2275
720 3752 2268
721 3756 2264
722 3751 2269
723 3746 2274
724 3738 2282
725 3753 2267
726 3742 2278
727 3751 2269
728 3736 2284
729 3748 2272
730 3742 2278
731 3742 2278
732 3741 2279
733 3743 2277
734 3763 2257
735 3752 2268
736 3751 2269
737 3748 2272
738 3739 2281
739 3733 2287
740 3736 2284
741 3726 2294
742 3724 2296
743 3709 2311
744 3694 2326
745 3678 2342
746 3681 2339
747 3686 2334
748 3692 2328
749 3682 2338
750 3694 2326
751 3683 2337
752 3693 2327
753 3693 2327
754 3691 2329
755 3694 2326
756 3693 2327
757 3704 2316
758 3706 2314
759 3709 2311
760 3700 2320
761 3704 2316
762 3697 2323
763 3683 2337
764 3693 2327
765 3690 2330
766 3700 2320
767 3715 2305
768 3712 2308
769 3698 2322
770 3706 2314
771 3716 2304
772 3695 2325
773 3684 2336
774 3685 2335
775 3682 2338
776 3685 2335
777 3697 2323
778 3707 2313
779 3718 2302
780 3705 2315
781 3701 2319
782 3716 2304
783 3692 2328
784 3688 2332
785 3691 2329
786 3693 2327
787 3689 2331
788 3683 2337
789 3674 2346
790 3677 2343
791 3707 2313
792 3696 2324
793 3695 2325
794 3701 2319
795 3698 2322
796 3691 2329
797 3685 2335
798 3687 2333
799 3684 2336
800 3664 2356
801 3676 2344
802 3676 2344
803 3677 2343
804 3680 2340
805 3684 2336
806 3672 2348
807 3682 2338
808 3687 2333
809 3686 2334
810 3687 2333
811 3690 2330
812 3671 2349
813 3657 2363
814 3656 2364
815 3653 2367
816 3647 2373
817 3653 2367
818 3665 2355
819 3687 2333
820 3687 2333
821 3685 2335
822 3675 2345
823 3669 2351
824 3671 2349
825 3660 2360
826 3666 2354
827 3673 2347
828 3674 2346
829 3672 2348
830 3678 2342
831 3685 2335
832 3678 2342
833 3674 2346
834 3684 2336
835 3668 2352
836 3669 2351
837 3672 2348
838 3679 2341
839 3702 2318
840 3697 2323
841 3687 2333
842 3689 2331
843 3693 2327
844 3704 2316
845 3699 2321
846 3683 2337
847 3682 2338
848 3691 2329
849 3700 2320
850 3686 2334
851 3689 2331
852 3695 2325
853 3697 2323
854 3703 2317
855 3699 2321
856 3683 2337
857 3701 2319
858 3701 2319
859 3698 2322
860 3707 2313
861 3711 2309
862 3707 2313
863 3716 2304
864 3717 2303
865 3719 2301
866 3737 2283
867 3739 2281
868 3760 2260
869 3759 2261
870 3769 2251
871 3777 2243
872 3772 2248
873 3769 2251
874 3776 2244
875 3778 2242
876 3781 2239
877 3788 2232
878 3807 2213
879 3807 2213
880 3817 2203
881 3820 2200
882 3799 2221
883 3809 2211
884 3784 2236
885 3785 2235
886 3786 2234
887 3804 2216
888 3801 2219
889 3800 2220
890 3810 2210
891 3819 2201
892 3818 2202
893 3805 2215
894 3808 2212
895 3802 2218
896 3811 2209
897 3823 2197
898 3832 2188
899 3823 2197
900 3830 2190
901 3824 2196
902 3809 2211
903 3801 2219
904 3806 2214
905 3812 2208
906 3814 2206
907 3818 2202
908 3830 2190
909 3825 2195
910 3810 2210
911 3790 2230
912 3807 2213
913 3793 2227
914 3789 2231
915 3767 2253
916 3763 2257
917 3772 2248
918 3777 2243
919 3766 2254
920 3781 2239
921 3777 2243
922 3796 2224
923 3797 2223
924 3803 2217
925 3824 2196
926 3803 2217
927 3798 2222
928 3782 2238
929 3791 2229
930 3780 2240
931 3763 2257
932 3752 2268
933 3762 2258
934 3758 2262
935 3734 2286
936 3742 2278
937 3753 2267
938 3743 2277
939 3746 2274
940 3756 2264
941 3759 2261
942 3754 2266
943 3769 2251
944 3756 2264
945 3756 2264
946 3763 2257
947 3745 2275
948 3752 2268
949 3735 2285
950 3735 2285
951 3734 2286
952 3744 2276
953 3742 2278
954 3741 2279
955 3739 2281
956 3743 2277
957 3735 2285
958 3750 2270
959 3756 2264
960 3755 2265
961 3751 2269
962 3775 2245
963 3774 2246
964 3772 2248
965 3772 2248
966 3760 2260
967 3753 2267
968 3765 2255
969 3745 2275
970 3730 2290
971 3727 2293
972 3744 2276
973 3750 2270
974 3755 2265
975 3750 2270
976 3743 2277
977 3747 2273
978 3774 2246
979 3761 2259
980 3755 2265
981 3738 2282
982 3744 2276
983 3740 2280
984 3746 2274
985 3730 2290
986 3730 2290
987 3752 2268
988 3737 2283
989 3752 2268
990 3764 2256
991 3761 2259
992 3763 2257
993 3761 2259
994 3769 2251
995 3768 2252
996 3768 2252
997 3761 2259
998 3753 2267
999 3737 2283
1000 3741 2279
1001 3741 2279
1002 3750 2270
1003 3745 2275
1004 3751 2269
1005 3758 2262
1006 3750 2270
1007 3737 2283
1008 3741 2279
1009 3741 2279
1010 3755 2265
1011 3759 2261
1012 3745 2275
1013 3759 2261
1014 3758 2262
1015 3750 2270
1016 3747 2273
1017 3752 2268
1018 3751 2269
1019 3741 2279
1020 3730 2290
1021 3745 2275
1022 3722 2298
1023 3727 2293
1024 3727 2293
1025 3717 2303
1026 3716 2304
1027 3717 2303
1028 3722 2298
1029 3716 2304
1030 3718 2302
1031 3725 2295
1032 3731 2289
1033 3724 2296
1034 3708 2312
1035 3714 2306
1036 3702 2318
1037 3701 2319
1038 3689 2331
1039 3695 2325
1040 3708 2312
1041 3699 2321
1042 3706 2314
1043 3714 2306
1044 3709 2311
1045 3725 2295
1046 3731 2289
1047 3731 2289
1048 3729 2291
1049 3696 2324
1050 3691 2329
1051 3709 2311
1052 3713 2307
1053 3726 2294
1054 3719 2301
1055 3725 2295
1056 3728 2292
1057 3724 2296
1058 3705 2315
1059 3713 2307
1060 3723 2297
1061 3723 2297
1062 3723 2297
1063 3715 2305
1064 3716 2304
1065 3700 2320
1066 3697 2323
1067 3700 2320
1068 3685 2335
1069 3691 2329
1070 3684 2336
1071 3675 2345
1072 3685 2335
1073 3681 2339
1074 3669 2351
1075 3661 2359
1076 3641 2379
1077 3657 2363
1078 3650 2370
1079 3660 2360
1080 3652 2368
1081 3641 2379
1082 3656 2364
1083 3667 2353
1084 3664 2356
1085 3665 2355
1086 3677 2343
1087 3661 2359
1088 3658 2362
1089 3661 2359
1090 3652 2368
1091 3653 2367
1092 3642 2378
1093 3659 2361
1094 3658 2362
1095 3660 2360
1096 3654 2366
1097 3646 2374
1098 3631 2389
1099 3639 2381
1100 3645 2375
1101 3655 2365
1102 3656 2364
1103 3659 2361
1104 3659 2361
1105 3664 2356
1106 3653 2367
1107 3659 2361
1108 3651 2369
1109 3642 2378
1110 3652 2368
1111 3639 2381
1112 3624 2396
1113 3630 2390
1114 3618 2402
1115 3623 2397
1116 3618 2402
1117 3623 2397
1118 3625 2395
1119 3638 2382
1120 3638 2382
1121 3647 2373
1122 3652 2368
1123 3640 2380
1124 3636 2384
1125 3624 2396
1126 3633 2387
1127 3618 2402
1128 3633 2387
1129 3645 2375
1130 3650 2370
1131 3646 2374
1132 3644 2376
1133 3639 2381
1134 3621 2399
1135 3614 2406
1136 3604 2416
1137 3624 2396
1138 3633 2387
1139 3629 2391
1140 3643 2377
1141 3637 2383
1142 3648 2372
1143 3643 2377
1144 3626 2394
1145 3633 2387
1146 3609 2411
1147 3612 2408
1148 3613 2407
1149 3620 2400
1150 3600 2420
1151 3616 2404
1152 3613 2407
1153 3615 2405
1154 3615 2405
1155 3630 2390
1156 3617 2403
1157 3630 2390
1158 3616 2404
1159 3630 2390
1160 3630 2390
1161 3631 2389
1162 3622 2398
1163 3623 2397
1164 3620 2400
1165 3602 2418
1166 3623 2397
1167 3611 2409
1168 3600 2420
1169 3598 2422
1170 3612 2408
1171 3619 2401
1172 3591 2429
1173 3592 2428
1174 3584 2436
1175 3598 2422
1176 3582 2438
1177 3575 2445
1178 3582 2438
1179 3580 2440
1180 3583 2437
1181 3586 2434
1182 3600 2420
1183 3617 2403
1184 3606 2414
1185 3577 2443
1186 3562 2458
1187 3597 2423
1188 3594 2426
1189 3594 2426
1190 3616 2404
1191 3592 2428
1192 3588 2432
1193 3576 2444
1194 3594 2426
1195 3595 2425
1196 3601 2419
1197 3606 2414
1198 3631 2389
1199 3637 2383
1200 3622 2398
1201 3607 2413
1202 3612 2408
1203 3609 2411
1204 3599 2421
1205 3600 2420
1206 3584 2436
1207 3546 2474
1208 3541 2479
1209 3556 2464
1210 3545 2475
1211 3548 2472
1212 3560 2460
1213 3552 2468
1214 3562 2458
1215 3547 2473
1216 3540 2480
1217 3529 2491
1218 3536 2484
1219 3534 2486
1220 3524 2496
1221 3519 2501
1222 3531 2489
1223 3521 2499
1224 3527 2493
1225 3513 2507
1226 3516 2504
1227 3512 2508
1228 3517 2503
1229 3511 2509
1230 3515 2505
1231 3535 2485
1232 3544 2476
1233 3561 2459
1234 3549 2471
1235 3541 2479
1236 3525 2495
1237 3519 2501
1238 3509 2511
1239 3511 2509
1240 3502 2518
1241 3501 2519
1242 3504 2516
1243 3501 2519
1244 3494 2526
1245 3511 2509
1246 3503 2517
1247 3520 2500
1248 3513 2507
1249 3518 2502
1250 3505 2515
1251 3510 2510
1252 3526 2494
1253 3536 2484
1254 3521 2499
1255 3511 2509
1256 3519 2501
1257 3513 2507
1258 3501 2519
1259 3497 2523
1260 3499 2521
1261 3502 2518
1262 3490 2530
1263 3501 2519
1264 3510 2510
1265 3500 2520
1266 3507 2513
1267 3506 2514
1268 3515 2505
1269 3508 2512
1270 3508 2512
1271 3509 2511
1272 3519 2501
1273 3544 2476
1274 3542 2478
1275 3525 2495
1276 3526 2494
1277 3533 2487
1278 3527 2493
1279 3529 2491
1280 3536 2484
1281 3553 2467
1282 3541 2479
1283 3546 2474
1284 3546 2474
1285 3546 2474
1286 3542 2478
1287 3543 2477
1288 3541 2479
1289 3534 2486
1290 3535 2485
1291 3528 2492
1292 3517 2503
1293 3525 2495
1294 3519 2501
1295 3530 2490
1296 3520 2500
1297 3499 2521
1298 3495 2525
1299 3494 2526
1300 3498 2522
1301 3490 2530
1302 3490 2530
1303 3477 2543
1304 3496 2524
1305 3498 2522
1306 3490 2530
1307 3500 2520
1308 3484 2536
1309 3485 2535
1310 3477 2543
1311 3468 2552
1312 3459 2561
1313 3464 2556
1314 3452 2568
1315 3453 2567
1316 3443 2577
1317 3442 2578
1318 3458 2562
1319 3452 2568
1320 3456 2564
1321 3472 2548
1322 3473 2547
1323 3483 2537
1324 3468 2552
1325 3482 2538
1326 3464 2556
1327 3470 2550
1328 3479 2541
1329 3487 2533
1330 3487 2533
1331 3486 2534
1332 3485 2535
1333 3486 2534
1334 3483 2537
1335 3492 2528
1336 3473 2547
1337 3475 2545
1338 3486 2534
1339 3502 2518
1340 3497 2523
1341 3481 2539
1342 3468 2552
1343 3480 2540
1344 3489 2531
1345 3495 2525
1346 3484 2536
1347 3476 2544
1348 3463 2557
1349 3460 2560
1350 3465 2555
1351 3469 2551
1352 3463 2557
1353 3455 2565
1354 3442 2578
1355 3448 2572
1356 3456 2564
1357 3442 2578
1358 3443 2577
1359 3423 2597
1360 3444 2576
1361 3440 2580
1362 3435 2585
1363 3448 2572
1364 3446 2574
1365 3450 2570
1366 3443 2577
1367 3446 2574
1368 3455 2565
1369 3447 2573
1370 3443 2577
1371 3455 2565
1372 3444 2576
1373 3437 2583
1374 3438 2582
1375 3461 2559
1376 3459 2561
1377 3449 2571
1378 3451 2569
1379 3455 2565
1380 3432 2588
1381 3431 2589
1382 3443 2577
1383 3438 2582
1384 3423 2597
1385 3421 2599
1386 3426 2594
1387 3436 2584
1388 3448 2572
1389 3438 2582
1390 3460 2560
1391 3456 2564
1392 3466 2554
1393 3471 2549
1394 3481 2539
1395 3473 2547
1396 3454 2566
1397 3472 2548
1398 3452 2568
1399 3453 2567
1400 3452 2568
1401 3448 2572
1402 3438 2582
1403 3430 2590
1404 3447 2573
1405 3468 2552
1406 3460 2560
1407 3457 2563
1408 3446 2574
1409 3441 2579
1410 3436 2584
1411 3439 2581
1412 3443 2577
1413 3448 2572
1414 3462 2558
1415 3453 2567
1416 3440 2580
1417 3456 2564
1418 3458 2562
1419 3447 2573
1420 3437 2583
1421 3431 2589
1422 3433 2587
1423 3431 2589
1424 3423 2597
1425 3414 2606
1426 3405 2615
1427 3403 2617
1428 3421 2599
1429 3421 2599
1430 3425 2595
1431 3440 2580
1432 3434 2586
1433 3436 2584
1434 3426 2594
1435 3427 2593
1436 3425 2595
1437 3415 2605
1438 3438 2582
1439 3438 2582
1440 3437 2583
1441 3444 2576
1442 3440 2580
1443 3441 2579
1444 3436 2584
1445 3438 2582
1446 3429 2591
1447 3448 2572
1448 3449 2571
1449 3466 2554
1450 3450 2570
1451 3438 2582
1452 3452 2568
1453 3442 2578
1454 3445 2575
1455 3455 2565
1456 3445 2575
1457 3435 2585
1458 3446 2574
1459 3436 2584
1460 3446 2574
1461 3434 2586
1462 3437 2583
1463 3418 2602
1464 3423 2597
1465 3410 2610
1466 3407 2613
1467 3404 2616
1468 3390 2630
1469 3404 2616
1470 3430 2590
1471 3429 2591
1472 3439 2581
1473 3446 2574
1474 3443 2577
1475 3434 2586
1476 3449 2571
1477 3435 2585
1478 3410 2610
1479 3397 2623
1480 3396 2624
1481 3410 2610
1482 3396 2624
1483 3383 2637
1484 3405 2615
1485 3407 2613
1486 3396 2624
1487 3392 2628
1488 3393 2627
1489 3392 2628
1490 3373 2647
1491 3362 2658
1492 3346 2674
1493 3339 2681
1494 3336 2684
1495 3353 2667
1496 3339 2681
1497 3355 2665
1498 3350 2670
1499 3359 2661
1500 3360 2660
1501 3370 2650
1502 3371 2649
1503 3370 2650
1504 3384 2636
1505 3389 2631
1506 3360 2660
1507 3360 2660
1508 3372 2648
1509 3362 2658
1510 3381 2639
1511 3393 2627
1512 3408 2612
1513 3405 2615
1514 3401 2619
1515 3399 2621
1516 3372 2648
1517 3386 2634
1518 3392 2628
1519 3384 2636
1520 3374 2646
1521 3374 2646
1522 3363 2657
1523 3363 2657
1524 3339 2681
1525 3352 2668
1526 3356 2664
1527 3373 2647
1528 3384 2636
1529 3395 2625
1530 3388 2632
1531 3388 2632
1532 3383 2637
1533 3401 2619
1534 3425 2595
1535 3412 2608
1536 3410 2610
1537 3415 2605
1538 3409 2611
1539 3415 2605
1540 3402 2618
1541 3401 2619
1542 3405 2615
1543 3379 2641
1544 3392 2628
1545 3389 2631
1546 3390 2630
1547 3397 2623
1548 3400 2620
1549 3383 2637
1550 3377 2643
1551 3393 2627
1552 3382 2638
1553 3394 2626
1554 3398 2622
1555 3398 2622
1556 3413 2607
1557 3418 2602
1558 3419 2601
1559 3405 2615
1560 3410 2610
1561 3413 2607
1562 3401 2619
1563 3414 2606
1564 3406 2614
1565 3391 2629
1566 3374 2646
1567 3391 2629
1568 3385 2635
1569 3403 2617
1570 3413 2607
1571 3403 2617
1572 3401 2619
1573 3406 2614
1574 3413 2607
1575 3407 2613
1576 3413 2607
1577 3420 2600
1578 3412 2608
1579 3416 2604
1580 3404 2616
1581 3403 2617
1582 3391 2629
1583 3374 2646
1584 3375 2645
1585 3374 2646
1586 3386 2634
1587 3391 2629
1588 3390 2630
1589 3402 2618
1590 3395 2625
1591 3383 2637
1592 3386 2634
1593 3371 2649
1594 3366 2654
1595 3364 2656
1596 3367 2653
1597 3363 2657
1598 3351 2669
1599 3344 2676
1600 3348 2672
1601 3353 2667
1602 3361 2659
1603 3363 2657
1604 3360 2660
1605 3370 2650
1606 3367 2653
1607 3375 2645
1608 3383 2637
1609 3365 2655
1610 3330 2690
1611 3320 2700
1612 3326 2694
1613 3311 2709
1614 3315 2705
1615 3318 2702
1616 3330 2690
1617 3332 2688
1618 3329 2691
1619 3315 2705
1620 3325 2695
1621 3333 2687
1622 3334 2686
1623 3329 2691
1624 3338 2682
1625 3313 2707
1626 3327 2693
1627 3331 2689
1628 3326 2694
1629 3331 2689
1630 3320 2700
1631 3312 2708
1632 3327 2693
1633 3322 2698
1634 3320 2700
1635 3310 2710
1636 3328 2692
1637 3320 2700
1638 3331 2689
1639 3329 2691
1640 3348 2672
1641 3345 2675
1642 3339 2681
1643 3344 2676
1644 3316 2704
1645 3326 2694
1646 3316 2704
1647 3319 2701
1648 3332 2688
1649 3321 2699
1650 3319 2701
1651 3310 2710
1652 3317 2703
1653 3332 2688
1654 3324 2696
1655 3323 2697
1656 3320 2700
1657 3306 2714
1658 3326 2694
1659 3317 2703
1660 3316 2704
1661 3319 2701
1662 3305 2715
1663 3297 2723
1664 3296 2724
1665 3310 2710
1666 3307 2713
1667 3302 2718
1668 3303 2717
1669 3308 2712
1670 3324 2696
1671 3322 2698
1672 3319 2701
1673 3309 2711
1674 3313 2707
1675 3320 2700
1676 3315 2705
1677 3300 2720
1678 3311 2709
1679 3310 2710
1680 3308 2712
1681 3323 2697
1682 3336 2684
1683 3326 2694
1684 3320 2700
1685 3326 2694
1686 3326 2694
1687 3329 2691
1688 3325 2695
1689 3328 2692
1690 3344 2676
1691 3333 2687
1692 3317 2703
1693 3315 2705
1694 3325 2695
1695 3328 2692
1696 3350 2670
1697 3364 2656
1698 3362 2658
1699 3336 2684
1700 3332 2688
1701 3334 2686
1702 3316 2704
1703 3317 2703
1704 3316 2704
1705 3323 2697
1706 3307 2713
1707 3327 2693
1708 3304 2716
1709 3305 2715
1710 3317 2703
1711 3333 2687
1712 3345 2675
1713 3365 2655
1714 3367 2653
1715 3357 2663
1716 3347 2673
1717 3333 2687
1718 3334 2686
1719 3329 2691
1720 3328 2692
1721 3322 2698
1722 3327 2693
1723 3321 2699
1724 3316 2704
1725 3304 2716
1726 3312 2708
1727 3298 2722
1728 3309 2711
1729 3311 2709
1730 3309 2711
1731 3316 2704
1732 3326 2694
1733 3311 2709
1734 3308 2712
1735 3302 2718
1736 3316 2704
1737 3312 2708
1738 3319 2701
1739 3321 2699
1740 3324 2696
1741 3332 2688
1742 3322 2698
1743 3317 2703
1744 3303 2717
1745 3300 2720
1746 3306 2714
1747 3295 2725
1748 3296 2724
1749 3294 2726
1750 3324 2696
1751 3297 2723
1752 3275 2745
1753 3286 2734
1754 3281 2739
1755 3276 2744
1756 3294 2726
1757 3300 2720
1758 3312 2708
1759 3311 2709
1760 3318 2702
1761 3309 2711
1762 3322 2698
1763 3334 2686
1764 3345 2675
1765 3351 2669
1766 3355 2665
1767 3355 2665
1768 3340 2680
1769 3325 2695
1770 3345 2675
1771 3347 2673
1772 3335 2685
1773 3330 2690
1774 3344 2676
1775 3350 2670
1776 3342 2678
1777 3346 2674
1778 3336 2684
1779 3328 2692
1780 3322 2698
1781 3326 2694
1782 3319 2701
1783 3325 2695
1784 3336 2684
1785 3333 2687
1786 3347 2673
1787 3331 2689
1788 3344 2676
1789 3333 2687
1790 3340 2680
1791 3327 2693
1792 3339 2681
1793 3341 2679
1794 3337 2683
1795 3337 2683
1796 3328 2692
1797 3347 2673
1798 3340 2680
1799 3357 2663
1800 3362 2658
1801 3365 2655
1802 3347 2673
1803 3372 2648
1804 3372 2648
1805 3363 2657
1806 3352 2668
1807 3371 2649
1808 3349 2671
1809 3365 2655
1810 3373 2647
1811 3381 2639
1812 3371 2649
1813 3357 2663
1814 3338 2682
1815 3344 2676
1816 3352 2668
1817 3342 2678
1818 3348 2672
1819 3358 2662
1820 3359 2661
1821 3356 2664
1822 3366 2654
1823 3337 2683
1824 3333 2687
1825 3334 2686
1826 3325 2695
1827 3329 2691
1828 3337 2683
1829 3335 2685
1830 3324 2696
1831 3331 2689
1832 3330 2690
1833 3308 2712
1834 3309 2711
1835 3314 2706
1836 3292 2728
1837 3295 2725
1838 3300 2720
1839 3297 2723
1840 3301 2719
1841 3321 2699
1842 3316 2704
1843 3314 2706
1844 3312 2708
1845 3315 2705
1846 3309 2711
1847 3315 2705
1848 3311 2709
1849 3320 2700
1850 3322 2698
1851 3327 2693
1852 3326 2694
1853 3308 2712
1854 3307 2713
1855 3327 2693
1856 3328 2692
1857 3337 2683
1858 3323 2697
1859 3318 2702
1860 3315 2705
1861 3316 2704
1862 3339 2681
1863 3340 2680
1864 3335 2685
1865 3341 2679
1866 3345 2675
1867 3332 2688
1868 3332 2688
1869 3300 2720
1870 3312 2708
1871 3306 2714
1872 3307 2713
1873 3310 2710
1874 3313 2707
1875 3315 2705
1876 3328 2692
1877 3349 2671
1878 3338 2682
1879 3342 2678
1880 3355 2665
1881 3348 2672
1882 3372 2648
1883 3361 2659
1884 3344 2676
1885 3347 2673
1886 3348 2672
1887 3327 2693
1888 3315 2705
1889 3319 2701
1890 3303 2717
1891 3312 2708
1892 3315 2705
1893 3342 2678
1894 3334 2686
1895 3332 2688
1896 3330 2690
1897 3327 2693
1898 3328 2692
1899 3306 2714
1900 3317 2703
1901 3329 2691
1902 3336 2684
1903 3343 2677
1904 3336 2684
1905 3349 2671
1906 3343 2677
1907 3323 2697
1908 3318 2702
1909 3322 2698
1910 3311 2709
1911 3306 2714
1912 3316 2704
1913 3321 2699
1914 3308 2712
1915 3313 2707
1916 3324 2696
1917 3322 2698
1918 3319 2701
1919 3311 2709
1920 3324 2696
1921 3306 2714
1922 3317 2703
1923 3331 2689
1924 3347 2673
1925 3342 2678
1926 3331 2689
1927 3340 2680
1928 3333 2687
1929 3331 2689
1930 3332 2688
1931 3326 2694
1932 3327 2693
1933 3331 2689
1934 3328 2692
1935 3338 2682
1936 3342 2678
1937 3342 2678
1938 3336 2684
1939 3325 2695
1940 3340 2680
1941 3323 2697
1942 3325 2695
1943 3316 2704
1944 3319 2701
1945 3312 2708
1946 3318 2702
1947 3317 2703
1948 3305 2715
1949 3315 2705
1950 3330 2690
1951 3324 2696
1952 3347 2673
1953 3324 2696
1954 3317 2703
1955 3326 2694
1956 3313 2707
1957 3318 2702
1958 3338 2682
1959 3324 2696
1960 3336 2684
1961 3338 2682
1962 3333 2687
1963 3341 2679
1964 3340 2680
1965 3327 2693
1966 3332 2688
1967 3329 2691
1968 3322 2698
1969 3341 2679
1970 3337 2683
1971 3347 2673
1972 3351 2669
1973 3365 2655
1974 3365 2655
1975 3371 2649
1976 3379 2641
1977 3361 2659
1978 3374 2646
1979 3391 2629
1980 3383 2637
1981 3360 2660
1982 3347 2673
1983 3351 2669
1984 3344 2676
1985 3344 2676
1986 3358 2662
1987 3369 2651
1988 3373 2647
1989 3378 2642
1990 3378 2642
1991 3374 2646
1992 3377 2643
1993 3372 2648
1994 3366 2654
1995 3382 2638
1996 3381 2639
1997 3372 2648
1998 3371 2649
1999 3374 2646
2000 3374 2646
2001 3381 2639
2002 3397 2623
2003 3407 2613
2004 3394 2626
2005 3391 2629
2006 3397 2623
2007 3404 2616
2008 3418 2602
2009 3414 2606
2010 3401 2619
2011 3401 2619
2012 3381 2639
2013 3383 2637
2014 3365 2655
2015 3359 2661
2016 3342 2678
2017 3353 2667
2018 3355 2665
2019 3347 2673
2020 3357 2663
2021 3360 2660
2022 3360 2660
2023 3341 2679
2024 3349 2671
2025 3351 2669
2026 3346 2674
2027 3347 2673
2028 3338 2682
2029 3340 2680
2030 3343 2677
2031 3324 2696
2032 3315 2705
2033 3336 2684
2034 3340 2680
2035 3331 2689
2036 3312 2708
2037 3314 2706
2038 3314 2706
2039 3301 2719
2040 3291 2729
2041 3309 2711
2042 3330 2690
2043 3315 2705
2044 3327 2693
2045 3325 2695
2046 3336 2684
2047 3337 2683
2048 3328 2692
2049 3313 2707
2050 3299 2721
2051 3298 2722
2052 3298 2722
2053 3300 2720
2054 3292 2728
2055 3287 2733
2056 3318 2702
2057 3328 2692
2058 3334 2686
2059 3327 2693
2060 3332 2688
2061 3318 2702
2062 3310 2710
2063 3300 2720
2064 3318 2702
2065 3307 2713
2066 3311 2709
2067 3315 2705
2068 3320 2700
2069 3314 2706
2070 3288 2732
2071 3297 2723
2072 3319 2701
2073 3314 2706
2074 3303 2717
2075 3308 2712
2076 3301 2719
2077 3306 2714
2078 3293 2727
2079 3267 2753
2080 3257 2763
2081 3272 2748
2082 3271 2749
2083 3271 2749
2084 3271 2749
2085 3278 2742
2086 3285 2735
2087 3290 2730
2088 3283 2737
2089 3279 2741
2090 3290 2730
2091 3280 2740
2092 3269 2751
2093 3260 2760
2094 3266 2754
2095 3257 2763
2096 3246 2774
2097 3246 2774
2098 3235 2785
2099 3234 2786
2100 3249 2771
2101 3249 2771
2102 3278 2742
2103 3255 2765
2104 3248 2772
2105 3261 2759
2106 3243 2777
2107 3247 2773
2108 3232 2788
2109 3223 2797
2110 3224 2796
2111 3216 2804
2112 3255 2765
2113 3264 2756
2114 3268 2752
2115 3261 2759
2116 3263 2757
2117 3263 2757
2118 3269 2751
2119 3269 2751
2120 3267 2753
2121 3275 2745
2122 3280 2740
2123 3269 2751
2124 3273 2747
2125 3258 2762
2126 3253 2767
2127 3246 2774
2128 3238 2782
2129 3252 2768
2130 3266 2754
2131 3267 2753
2132 3267 2753
2133 3283 2737
2134 3286 2734
2135 3301 2719
2136 3297 2723
2137 3284 2736
2138 3279 2741
2139 3276 2744
2140 3278 2742
2141 3278 2742
2142 3282 2738
2143 3285 2735
2144 3277 2743
2145 3272 2748
2146 3266 2754
2147 3275 2745
2148 3257 2763
2149 3248 2772
2150 3246 2774
2151 3272 2748
2152 3271 2749
2153 3261 2759
2154 3247 2773
2155 3244 2776
2156 3241 2779
2157 3256 2764
2158 3260 2760
2159 3244 2776
2160 3252 2768
2161 3245 2775
2162 3250 2770
2163 3258 2762
2164 3257 2763
2165 3261 2759
2166 3252 2768
2167 3252 2768
2168 3240 2780
2169 3230 2790
2170 3233 2787
2171 3234 2786
2172 3230 2790
2173 3205 2815
2174 3223 2797
2175 3220 2800
2176 3196 2824
2177 3203 2817
2178 3195 2825
2179 3203 2817
2180 3222 2798
2181 3211 2809
2182 3221 2799
2183 3250 2770
2184 3232 2788
2185 3221 2799
2186 3225 2795
2187 3224 2796
2188 3230 2790
2189 3229 2791
2190 3226 2794
2191 3210 2810
2192 3212 2808
2193 3218 2802
2194 3251 2769
2195 3259 2761
2196 3275 2745
2197 3256 2764
2198 3256 2764
2199 3254 2766
2200 3270 2750
2201 3260 2760
2202 3257 2763
2203 3263 2757
2204 3281 2739
2205 3269 2751
2206 3266 2754
2207 3266 2754
2208 3267 2753
2209 3251 2769
2210 3266 2754
2211 3255 2765
2212 3249 2771
2213 3248 2772
2214 3253 2767
2215 3247 2773
2216 3230 2790
2217 3231 2789
2218 3237 2783
2219 3230 2790
2220 3236 2784
2221 3236 2784
2222 3209 2811
2223 3197 2823
2224 3198 2822
2225 3209 2811
2226 3196 2824
2227 3209 2811
2228 3218 2802
2229 3199 2821
2230 3207 2813
2231 3210 2810
2232 3213 2807
2233 3233 2787
2234 3227 2793
2235 3235 2785
2236 3235 2785
2237 3232 2788
2238 3221 2799
2239 3211 2809
2240 3221 2799
2241 3223 2797
2242 3212 2808
2243 3211 2809
2244 3202 2818
2245 3211 2809
2246 3223 2797
2247 3243 2777
2248 3229 2791
2249 3222 2798
2250 3211 2809
2251 3209 2811
2252 3212 2808
2253 3227 2793
2254 3222 2798
2255 3242 2778
2256 3246 2774
2257 3233 2787
2258 3230 2790
2259 3244 2776
2260 3256 2764
2261 3262 2758
2262 3247 2773
2263 3242 2778
2264 3254 2766
2265 3262 2758
2266 3257 2763
2267 3248 2772
2268 3232 2788
2269 3229 2791
2270 3264 2756
2271 3237 2783
2272 3244 2776
2273 3245 2775
2274 3243 2777
2275 3244 2776
2276 3231 2789
2277 3239 2781
2278 3230 2790
2279 3237 2783
2280 3237 2783
2281 3243 2777
2282 3231 2789
2283 3233 2787
2284 3250 2770
2285 3264 2756
2286 3282 2738
2287 3292 2728
2288 3289 2731
2289 3301 2719
2290 3309 2711
2291 3293 2727
2292 3288 2732
2293 3284 2736
2294 3286 2734
2295 3288 2732
2296 3277 2743
2297 3266 2754
2298 3273 2747
2299 3280 2740
2300 3285 2735
2301 3307 2713
2302 3305 2715
2303 3319 2701
2304 3324 2696
2305 3327 2693
2306 3335 2685
2307 3330 2690
2308 3324 2696
2309 3327 2693
2310 3313 2707
2311 3314 2706
2312 3318 2702
2313 3310 2710
2314 3314 2706
2315 3316 2704
2316 3316 2704
2317 3317 2703
2318 3319 2701
2319 3286 2734
2320 3277 2743
2321 3269 2751
2322 3271 2749
2323 3276 2744
2324 3300 2720
2325 3310 2710
2326 3300 2720
2327 3312 2708
2328 3317 2703
2329 3323 2697
2330 3331 2689
2331 3340 2680
2332 3334 2686
2333 3323 2697
2334 3329 2691
2335 3317 2703
2336 3318 2702
2337 3339 2681
2338 3322 2698
2339 3326 2694
2340 3333 2687
2341 3319 2701
2342 3317 2703
2343 3330 2690
2344 3340 2680
2345 3336 2684
2346 3336 2684
2347 3335 2685
2348 3324 2696
2349 3314 2706
2350 3319 2701
2351 3325 2695
2352 3332 2688
2353 3337 2683
2354 3322 2698
2355 3327 2693
2356 3340 2680
2357 3322 2698
2358 3336 2684
2359 3353 2667
2360 3343 2677
2361 3320 2700
2362 3313 2707
2363 3310 2710
2364 3321 2699
2365 3323 2697
2366 3323 2697
2367 3322 2698
2368 3298 2722
2369 3294 2726
2370 3303 2717
2371 3272 2748
2372 3247 2773
2373 3248 2772
2374 3247 2773
2375 3249 2771
2376 3247 2773
2377 3266 2754
2378 3254 2766
2379 3265 2755
2380 3257 2763
2381 3257 2763
2382 3277 2743
2383 3286 2734
2384 3296 2724
2385 3288 2732
2386 3285 2735
2387 3301 2719
2388 3291 2729
2389 3282 2738
2390 3263 2757
2391 3251 2769
2392 3255 2765
2393 3250 2770
2394 3250 2770
2395 3256 2764
2396 3278 2742
2397 3287 2733
2398 3282 2738
2399 3313 2707
2400 3303 2717
2401 3293 2727
2402 3294 2726
2403 3295 2725
2404 3302 2718
2405 3279 2741
2406 3261 2759
2407 3258 2762
2408 3258 2762
2409 3259 2761
2410 3251 2769
2411 3276 2744
2412 3270 2750
2413 3279 2741
2414 3268 2752
2415 3270 2750
2416 3271 2749
2417 3262 2758
2418 3264 2756
2419 3256 2764
2420 3248 2772
2421 3223 2797
2422 3239 2781
2423 3227 2793
2424 3239 2781
2425 3234 2786
2426 3243 2777
2427 3253 2767
2428 3248 2772
2429 3243 2777
2430 3228 2792
2431 3233 2787
2432 3240 2780
2433 3250 2770
2434 3254 2766
2435 3271 2749
2436 3271 2749
2437 3274 2746
2438 3266 2754
2439 3269 2751
2440 3271 2749
2441 3266 2754
2442 3269 2751
2443 3270 2750
2444 3279 2741
2445 3280 2740
2446 3287 2733
2447 3291 2729
2448 3301 2719
2449 3297 2723
2450 3289 2731
2451 3288 2732
2452 3293 2727
2453 3290 2730
2454 3293 2727
2455 3281 2739
2456 3291 2729
2457 3271 2749
2458 3281 2739
2459 3281 2739
2460 3289 2731
2461 3276 2744
2462 3284 2736
2463 3271 2749
2464 3265 2755
2465 3280 2740
2466 3288 2732
2467 3308 2712
2468 3308 2712
2469 3304 2716
2470 3309 2711
2471 3315 2705
2472 3316 2704
2473 3299 2721
2474 3313 2707
2475 3321 2699
2476 3331 2689
2477 3306 2714
2478 3303 2717
2479 3306 2714
2480 3308 2712
2481 3309 2711
2482 3293 2727
2483 3296 2724
2484 3293 2727
2485 3273 2747
2486 3267 2753
2487 3274 2746
2488 3290 2730
2489 3296 2724
2490 3279 2741
2491 3277 2743
2492 3264 2756
2493 3277 2743
2494 3273 2747
2495 3284 2736
2496 3301 2719
2497 3294 2726
2498 3292 2728
2499 3299 2721
2500 3301 2719
