0 1979 195 0 0 0 0 0 0 0 0 0 0 0 0 0 0
1 11650 193 193 0 0 0 0 0 0 0 0 0 0 0 0 0
2 11650 193 193 0 0 0 0 0 0 0 0 0 0 0 0 0
3 11652 192 192 0 0 0 0 0 0 0 0 0 0 0 0 0
4 11650 193 193 0 0 0 0 0 0 0 0 0 0 0 0 0
5 11648 194 194 0 0 0 0 0 0 0 0 0 0 0 0 0
6 11646 195 195 0 0 0 0 0 0 0 0 0 0 0 0 0
7 11648 194 194 0 0 0 0 0 0 0 0 0 0 0 0 0
8 11652 192 192 0 0 0 0 0 0 0 0 0 0 0 0 0
9 11654 191 191 0 0 0 0 0 0 0 0 0 0 0 0 0
10 11648 194 194 0 0 0 0 0 0 0 0 0 0 0 0 0
11 11652 192 192 0 0 0 0 0 0 0 0 0 0 0 0 0
12 11654 191 191 0 0 0 0 0 0 0 0 0 0 0 0 0
13 11652 192 192 0 0 0 0 0 0 0 0 0 0 0 0 0
14 11648 194 194 0 0 0 0 0 0 0 0 0 0 0 0 0
15 11646 195 195 0 0 0 0 0 0 0 0 0 0 0 0 0
16 11648 194 194 0 0 0 0 0 0 0 0 0 0 0 0 0
17 11650 193 193 0 0 0 0 0 0 0 0 0 0 0 0 0
18 11650 193 193 0 0 0 0 0 0 0 0 0 0 0 0 0
19 11648 194 194 0 0 0 0 0 0 0 0 0 0 0 0 0
20 11648 194 194 0 0 0 0 0 0 0 0 0 0 0 0 0
21 11646 195 195 0 0 0 0 0 0 0 0 0 0 0 0 0
22 11648 194 194 0 0 0 0 0 0 0 0 0 0 0 0 0
23 11652 192 192 0 0 0 0 0 0 0 0 0 0 0 0 0
24 11654 191 191 0 0 0 0 0 0 0 0 0 0 0 0 0
25 11644 196 196 0 0 0 0 0 0 0 0 0 0 0 0 0
26 11648 194 194 0 0 0 0 0 0 0 0 0 0 0 0 0
27 11640 198 198 0 0 0 0 0 0 0 0 0 0 0 0 0
28 11638 199 199 0 0 0 0 0 0 0 0 0 0 0 0 0
29 11636 200 200 0 0 0 0 0 0 0 0 0 0 0 0 0
30 11634 201 201 0 0 0 0 0 0 0 0 0 0 0 0 0
31 11630 203 203 0 0 0 0 0 0 0 0 0 0 0 0 0
32 11619 208 208 1 0 0 0 0 0 0 0 0 0 0 0 0
33 11621 207 207 1 0 0 0 0 0 0 0 0 0 0 0 0
34 11619 208 208 1 0 0 0 0 0 0 0 0 0 0 0 0
35 11621 207 207 1 0 0 0 0 0 0 0 0 0 0 0 0
36 11619 208 208 1 0 0 0 0 0 0 0 0 0 0 0 0
37 11611 212 212 1 0 0 0 0 0 0 0 0 0 0 0 0
38 11607 214 214 1 0 0 0 0 0 0 0 0 0 0 0 0
39 11601 217 217 1 0 0 0 0 0 0 0 0 0 0 0 0
40 11589 223 223 1 0 0 0 0 0 0 0 0 0 0 0 0
41 11587 224 224 1 0 0 0 0 0 0 0 0 0 0 0 0
42 11583 226 226 1 0 0 0 0 0 0 0 0 0 0 0 0
43 11579 227 227 3 0 0 0 0 0 0 0 0 0 0 0 0
44 11570 231 231 4 0 0 0 0 0 0 0 0 0 0 0 0
45 11572 230 230 4 0 0 0 0 0 0 0 0 0 0 0 0
46 11567 232 232 5 0 0 0 0 0 0 0 0 0 0 0 0
47 11559 236 236 5 0 0 0 0 0 0 0 0 0 0 0 0
48 11555 238 237 4 0 0 1 0 0 0 0 1 0 0 0 0
49 11538 246 245 5 0 0 1 0 0 0 0 1 0 0 0 0
50 11522 254 253 5 0 0 1 0 0 0 0 1 0 0 0 0
51 11510 260 259 5 0 0 1 0 0 0 0 1 0 0 0 0
52 11502 264 263 5 0 0 1 0 0 0 0 1 0 0 0 0
53 11483 273 272 6 0 0 1 0 0 0 0 1 0 0 0 0
54 11464 282 281 7 0 0 1 0 0 0 0 1 0 0 0 0
55 11458 285 284 7 0 0 1 0 0 0 0 1 0 0 0 0
56 11446 291 290 7 0 0 1 0 0 0 0 1 0 0 0 0
57 11432 298 297 7 0 0 1 0 0 0 0 1 0 0 0 0
58 11415 306 305 8 0 0 1 0 0 0 0 1 0 0 0 0
59 11405 311 310 8 0 0 1 0 0 0 0 1 0 0 0 0
60 11389 319 318 8 0 0 1 0 0 0 0 1 0 0 0 0
61 11373 327 326 8 0 0 1 0 0 0 0 1 0 0 0 0
62 11371 328 327 8 0 0 1 0 0 0 0 1 0 0 0 0
63 11360 333 332 9 0 0 1 0 0 0 0 1 0 0 0 0
64 11353 336 335 10 0 0 1 0 0 0 0 1 0 0 0 0
65 11342 341 340 11 0 0 1 0 0 0 0 1 0 0 0 0
66 11331 346 345 12 0 0 1 0 0 0 0 1 0 0 0 0
67 11315 354 353 12 0 0 1 0 0 0 0 1 0 0 0 0
68 11309 357 355 11 0 0 2 0 0 0 0 2 0 0 0 0
69 11306 358 356 12 0 0 2 0 0 0 0 2 0 0 0 0
70 11300 361 359 12 0 0 2 0 0 0 0 2 0 0 0 0
71 11285 368 366 13 0 0 2 0 0 0 0 2 0 0 0 0
72 11272 374 372 14 0 0 2 0 0 0 0 2 0 0 0 0
73 11260 379 377 16 0 0 2 0 0 0 0 2 0 0 0 0
74 11261 378 376 17 0 0 2 0 0 0 0 2 0 0 0 0
75 11256 380 378 18 0 0 2 0 0 0 0 2 0 0 0 0
76 11250 383 381 18 0 0 2 0 0 0 0 2 0 0 0 0
77 11248 384 381 17 0 0 3 0 0 0 0 3 0 0 0 0
78 11243 387 384 16 0 0 3 0 0 0 0 3 0 0 0 0
79 11237 390 387 16 0 0 3 0 0 0 0 3 0 0 0 0
80 11229 394 390 15 0 0 4 0 0 0 0 4 0 0 0 0
81 11215 401 397 15 0 0 4 0 0 0 0 4 0 0 0 0
82 11203 408 404 13 0 0 4 0 0 0 0 4 0 0 0 0
83 11193 413 409 13 0 0 4 0 0 0 0 4 0 0 0 0
84 11183 418 414 13 0 0 4 0 0 0 0 4 0 0 0 0
85 11177 421 416 12 0 0 5 0 0 0 0 5 0 0 0 0
86 11177 421 416 12 0 0 5 0 0 0 0 5 0 0 0 0
87 11173 423 418 12 0 0 5 0 0 0 0 5 0 0 0 0
88 11165 427 422 12 0 0 5 0 0 0 0 5 0 0 0 0
89 11145 437 432 12 0 0 5 0 0 0 0 5 0 0 0 0
90 11131 444 439 12 0 0 5 0 0 0 0 5 0 0 0 0
91 11122 448 443 13 0 0 5 0 0 0 0 5 0 0 0 0
92 11105 456 451 14 0 0 5 0 0 0 0 5 0 0 0 0
93 11101 457 453 15 0 0 5 0 0 1 0 4 0 0 0 0
94 11092 461 457 16 0 0 5 0 0 1 0 4 0 0 0 0
95 11082 466 462 16 0 0 5 0 0 1 0 4 0 0 0 0
96 11071 471 467 17 0 0 5 0 0 1 0 4 0 0 0 0
97 11069 472 468 17 0 0 5 0 0 1 0 4 0 0 0 0
98 11065 474 470 17 0 0 5 0 0 1 0 4 0 0 0 0
99 11063 475 471 17 0 0 5 0 0 1 0 4 0 0 0 0
100 11055 479 475 17 0 0 5 0 0 1 0 4 0 0 0 0
101 11048 483 479 16 0 0 5 0 0 1 0 4 0 0 0 0
102 11043 484 480 19 0 0 5 0 0 1 0 4 0 0 0 0
103 11042 484 480 20 0 0 5 0 0 1 0 4 0 0 0 0
104 11040 485 481 20 0 0 5 0 0 1 0 4 0 0 0 0
105 11032 489 485 20 0 0 5 0 0 1 0 4 0 0 0 0
106 11028 491 487 20 0 0 5 0 0 1 0 4 0 0 0 0
107 11022 494 490 20 0 0 5 0 0 1 0 4 0 0 0 0
108 11021 495 491 19 0 0 5 0 0 1 0 4 0 0 0 0
109 11021 495 491 19 0 0 5 0 0 1 0 4 0 0 0 0
110 11018 496 492 20 0 0 5 0 0 1 0 4 0 0 0 0
111 11018 496 492 20 0 0 5 0 0 1 0 4 0 0 0 0
112 11023 494 490 19 0 0 5 0 0 1 0 4 0 0 0 0
113 11016 497 493 20 0 0 5 0 0 1 0 4 0 0 0 0
114 11008 501 497 20 0 0 5 0 0 1 0 4 0 0 0 0
115 11009 500 496 21 0 0 5 0 0 1 0 4 0 0 0 0
116 11009 499 496 22 0 0 5 0 0 2 0 3 0 0 0 0
117 10993 507 504 22 0 0 5 0 0 2 0 3 0 0 0 0
118 10987 510 507 22 0 0 5 0 0 2 0 3 0 0 0 0
119 10982 512 509 23 0 0 5 0 0 2 0 3 0 0 0 0
120 10977 515 512 22 0 0 5 0 0 2 0 3 0 0 0 0
121 10971 517 514 24 0 0 5 0 0 2 0 3 0 0 0 0
122 10955 525 522 24 0 0 5 0 0 2 0 3 0 0 0 0
123 10953 526 523 24 0 0 5 0 0 2 0 3 0 0 0 0
124 10949 528 525 24 0 0 5 0 0 2 0 3 0 0 0 0
125 10959 523 520 24 0 0 5 0 0 2 0 3 0 0 0 0
126 10961 523 520 22 0 0 5 0 0 2 0 3 0 0 0 0
127 10959 524 521 22 0 0 5 0 0 2 0 3 0 0 0 0
128 10957 525 522 22 0 0 5 0 0 2 0 3 0 0 0 0
129 10959 524 521 22 0 0 5 0 0 2 0 3 0 0 0 0
130 10962 523 519 20 0 0 6 0 0 2 0 4 0 0 0 0
131 10958 525 521 20 0 0 6 0 0 2 0 4 0 0 0 0
132 10950 528 524 22 0 0 6 0 0 2 0 4 0 0 0 0
133 10948 529 524 21 0 0 7 0 0 2 0 5 0 0 0 0
134 10947 530 525 20 0 0 7 0 0 2 0 5 0 0 0 0
135 10945 531 526 20 0 0 7 0 0 2 0 5 0 0 0 0
136 10938 534 529 21 0 0 7 0 0 2 0 5 0 0 0 0
137 10935 536 531 20 0 0 7 0 0 2 0 5 0 0 0 0
138 10931 538 533 20 0 0 7 0 0 2 0 5 0 0 0 0
139 10939 534 529 20 0 0 7 0 0 2 0 5 0 0 0 0
140 10940 534 529 19 0 0 7 0 0 2 0 5 0 0 0 0
141 10933 538 533 18 0 0 7 0 0 2 0 5 0 0 0 0
142 10927 541 536 18 0 0 7 0 0 2 0 5 0 0 0 0
143 10931 539 534 18 0 0 7 0 0 2 0 5 0 0 0 0
144 10923 543 538 18 0 0 7 0 0 2 0 5 0 0 0 0
145 10919 544 539 20 0 0 7 0 0 2 0 5 0 0 0 0
146 10911 548 543 20 0 0 7 0 0 2 0 5 0 0 0 0
147 10906 551 546 19 0 0 7 0 0 2 0 5 0 0 0 0
148 10902 553 548 19 0 0 7 0 0 2 0 5 0 0 0 0
149 10898 555 550 19 0 0 7 0 0 2 0 5 0 0 0 0
150 10896 556 551 19 0 0 7 0 0 2 0 5 0 0 0 0
151 10884 562 557 19 0 0 7 0 0 2 0 5 0 0 0 0
152 10881 563 558 20 0 0 7 0 0 2 0 5 0 0 0 0
153 10879 564 559 20 0 0 7 0 0 2 0 5 0 0 0 0
154 10881 563 558 20 0 0 7 0 0 2 0 5 0 0 0 0
155 10885 561 556 20 0 0 7 0 0 2 0 5 0 0 0 0
156 10879 564 559 20 0 0 7 0 0 2 0 5 0 0 0 0
157 10873 566 561 22 0 0 7 0 0 2 0 5 0 0 0 0
158 10869 568 563 22 0 0 7 0 0 2 0 5 0 0 0 0
159 10870 566 561 25 0 0 7 0 0 2 0 5 0 0 0 0
160 10874 564 559 25 0 0 7 0 0 2 0 5 0 0 0 0
161 10871 565 560 26 0 0 7 0 0 2 0 5 0 0 0 0
162 10870 565 560 27 0 0 7 0 0 2 0 5 0 0 0 0
163 10859 571 566 26 0 0 7 0 0 2 0 5 0 0 0 0
164 10857 572 567 26 0 0 7 0 0 2 0 5 0 0 0 0
165 10856 572 567 27 0 0 7 0 0 2 0 5 0 0 0 0
166 10857 571 566 28 0 0 7 0 0 2 0 5 0 0 0 0
167 10855 571 566 30 0 0 7 0 0 2 0 5 0 0 0 0
168 10863 567 562 30 0 0 7 0 0 2 0 5 0 0 0 0
169 10855 571 566 30 0 0 7 0 0 2 0 5 0 0 0 0
170 10863 567 562 30 0 0 7 0 0 2 0 5 0 0 0 0
171 10857 570 565 30 0 0 7 0 0 2 0 5 0 0 0 0
172 10854 571 566 31 0 0 7 0 0 2 0 5 0 0 0 0
173 10848 574 569 31 0 0 7 0 0 2 0 5 0 0 0 0
174 10852 573 568 29 0 0 7 0 0 2 0 5 0 0 0 0
175 10846 576 571 29 0 0 7 0 0 2 0 5 0 0 0 0
176 10847 576 571 28 0 0 7 0 0 2 0 5 0 0 0 0
177 10837 581 576 28 0 0 7 0 0 2 0 5 0 0 0 0
178 10831 584 579 28 0 0 7 0 0 2 0 5 0 0 0 0
179 10825 587 582 28 0 0 7 0 0 2 0 5 0 0 0 0
180 10818 590 585 29 0 0 7 0 0 2 0 5 0 0 0 0
181 10817 591 586 28 0 0 7 0 0 2 0 5 0 0 0 0
182 10817 591 586 28 0 0 7 0 0 2 0 5 0 0 0 0
183 10811 593 588 30 0 0 7 0 0 2 0 5 0 0 0 0
184 10802 598 593 29 0 0 7 0 0 2 0 5 0 0 0 0
185 10799 599 595 29 0 0 7 0 0 3 0 4 0 0 0 0
186 10799 599 595 29 0 0 7 0 0 3 0 4 0 0 0 0
187 10789 604 600 29 0 0 7 0 0 3 0 4 0 0 0 0
188 10778 610 606 28 0 0 7 0 0 3 0 4 0 0 0 0
189 10778 610 606 28 0 0 7 0 0 3 0 4 0 0 0 0
190 10773 613 609 27 0 0 7 0 0 3 0 4 0 0 0 0
191 10774 612 608 28 0 0 7 0 0 3 0 4 0 0 0 0
192 10772 613 609 28 0 0 7 0 0 3 0 4 0 0 0 0
193 10775 611 608 28 0 0 7 0 0 4 0 3 0 0 0 0
194 10776 610 606 28 0 0 8 0 0 4 0 4 0 0 0 0
195 10781 607 603 29 0 0 8 0 0 4 0 4 0 0 0 0
196 10779 608 604 29 0 0 8 0 0 4 0 4 0 0 0 0
197 10789 603 599 29 0 0 8 0 0 4 0 4 0 0 0 0
198 10790 602 598 30 0 0 8 0 0 4 0 4 0 0 0 0
199 10780 607 603 30 0 0 8 0 0 4 0 4 0 0 0 0
200 10781 607 603 29 0 0 8 0 0 4 0 4 0 0 0 0
201 10782 607 603 28 0 0 8 0 0 4 0 4 0 0 0 0
202 10775 611 607 27 0 0 8 0 0 4 0 4 0 0 0 0
203 10766 615 611 28 0 0 8 0 0 4 0 4 0 0 0 0
204 10768 615 611 26 0 0 8 0 0 4 0 4 0 0 0 0
205 10772 613 609 26 0 0 8 0 0 4 0 4 0 0 0 0
206 10764 616 613 27 0 0 8 0 0 5 0 3 0 0 0 0
207 10758 619 616 27 0 0 8 0 0 5 0 3 0 0 0 0
208 10760 618 615 27 0 0 8 0 0 5 0 3 0 0 0 0
209 10753 622 619 26 0 0 8 0 0 5 0 3 0 0 0 0
210 10756 620 617 27 0 0 8 0 0 5 0 3 0 0 0 0
211 10746 625 622 27 0 0 8 0 0 5 0 3 0 0 0 0
212 10744 626 623 27 0 0 8 0 0 5 0 3 0 0 0 0
213 10744 626 623 27 0 0 8 0 0 5 0 3 0 0 0 0
214 10740 628 625 27 0 0 8 0 0 5 0 3 0 0 0 0
215 10737 630 627 26 0 0 8 0 0 5 0 3 0 0 0 0
216 10743 627 624 26 0 0 8 0 0 5 0 3 0 0 0 0
217 10743 627 624 26 0 0 8 0 0 5 0 3 0 0 0 0
218 10743 627 624 26 0 0 8 0 0 5 0 3 0 0 0 0
219 10737 630 627 26 0 0 8 0 0 5 0 3 0 0 0 0
220 10743 627 624 26 0 0 8 0 0 5 0 3 0 0 0 0
221 10751 623 620 26 0 0 8 0 0 5 0 3 0 0 0 0
222 10741 628 625 26 0 0 8 0 0 5 0 3 0 0 0 0
223 10741 628 625 26 0 0 8 0 0 5 0 3 0 0 0 0
224 10736 630 628 26 0 0 8 0 0 6 0 2 0 0 0 0
225 10735 631 629 25 0 0 8 0 0 6 0 2 0 0 0 0
226 10728 634 631 27 0 0 8 0 0 5 0 3 0 0 0 0
227 10722 637 634 27 0 0 8 0 0 5 0 3 0 0 0 0
228 10707 644 641 28 0 0 8 0 0 5 0 3 0 0 0 0
229 10704 646 643 27 0 0 8 0 0 5 0 3 0 0 0 0
230 10701 648 645 26 0 0 8 0 0 5 0 3 0 0 0 0
231 10701 648 645 26 0 0 8 0 0 5 0 3 0 0 0 0
232 10697 650 647 26 0 0 8 0 0 5 0 3 0 0 0 0
233 10696 650 647 27 0 0 8 0 0 5 0 3 0 0 0 0
234 10695 651 648 26 0 0 8 0 0 5 0 3 0 0 0 0
235 10702 648 645 25 0 0 8 0 0 5 0 3 0 0 0 0
236 10698 650 647 25 0 0 8 0 0 5 0 3 0 0 0 0
237 10694 652 649 25 0 0 8 0 0 5 0 3 0 0 0 0
238 10690 654 651 25 0 0 8 0 0 5 0 3 0 0 0 0
239 10676 660 657 27 0 0 8 0 0 5 0 3 0 0 0 0
240 10674 660 657 29 0 0 8 0 0 5 0 3 0 0 0 0
241 10677 659 656 28 0 0 8 0 0 5 0 3 0 0 0 0
242 10671 662 659 28 0 0 8 0 0 5 0 3 0 0 0 0
243 10669 663 660 28 0 0 8 0 0 5 0 3 0 0 0 0
244 10666 664 661 29 0 0 8 0 0 5 0 3 0 0 0 0
245 10663 665 662 30 0 0 8 0 0 5 0 3 0 0 0 0
246 10653 670 667 30 0 0 8 0 0 5 0 3 0 0 0 0
247 10645 673 669 31 0 0 9 0 0 5 0 4 0 0 0 0
248 10636 677 672 31 0 0 10 0 0 5 0 5 0 0 0 0
249 10614 688 683 31 0 0 10 0 0 5 0 5 0 0 0 0
250 10595 696 691 34 0 0 10 0 0 5 0 5 0 0 0 0
251 10590 698 693 35 0 0 10 0 0 5 0 5 0 0 0 0
252 10579 704 699 34 0 0 10 0 0 5 0 5 0 0 0 0
253 10581 702 697 36 0 0 10 0 0 5 0 5 0 0 0 0
254 10573 705 700 38 0 0 10 0 0 5 0 5 0 0 0 0
255 10559 710 705 42 0 0 10 0 0 5 0 5 0 0 0 0
256 10554 711 705 44 0 0 11 0 0 5 0 6 0 0 0 0
257 10536 720 714 44 0 0 11 0 0 5 0 6 0 0 0 0
258 10526 723 717 48 0 0 11 0 0 5 0 6 0 0 0 0
259 10513 729 723 49 0 0 11 0 0 5 0 6 0 0 0 0
260 10497 737 732 48 0 0 11 0 0 6 0 5 0 0 0 0
261 10490 740 736 48 0 0 11 0 0 7 0 4 0 0 0 0
262 10484 742 739 49 0 0 11 0 0 8 0 3 0 0 0 0
263 10467 750 746 49 0 0 12 0 0 8 0 4 0 0 0 0
264 10427 770 766 49 0 0 12 0 0 8 0 4 0 0 0 0
265 10431 767 763 51 0 0 12 0 0 8 0 4 0 0 0 0
266 10429 768 763 50 0 0 13 0 0 8 0 5 0 0 0 0
267 10399 783 777 49 0 0 14 0 0 8 0 6 0 0 0 0
268 10402 782 776 48 0 0 14 0 0 8 0 6 0 0 0 0
269 10399 783 777 49 0 0 14 0 0 8 0 6 0 0 0 0
270 10391 787 781 49 0 0 14 0 0 8 0 6 0 0 0 0
271 10388 789 783 48 0 0 14 0 0 8 0 6 0 0 0 0
272 10379 793 787 49 0 0 14 0 0 8 0 6 0 0 0 0
273 10364 800 794 50 0 0 14 0 0 8 0 6 0 0 0 0
274 10349 807 801 51 0 0 14 0 0 8 0 6 0 0 0 0
275 10336 813 807 52 0 0 14 0 0 8 0 6 0 0 0 0
276 10329 816 809 52 0 0 15 0 0 8 0 7 0 0 0 0
277 10307 827 820 52 0 0 15 0 0 8 0 7 0 0 0 0
278 10290 835 828 53 0 0 15 0 0 8 0 7 0 0 0 0
279 10278 841 834 53 0 0 15 0 0 8 0 7 0 0 0 0
280 10277 841 834 54 0 0 15 0 0 8 0 7 0 0 0 0
281 10261 849 842 54 0 0 15 0 0 8 0 7 0 0 0 0
282 10251 853 846 56 0 0 15 0 0 8 0 7 0 0 0 0
283 10231 863 856 56 0 0 15 0 0 8 0 7 0 0 0 0
284 10227 864 857 58 0 0 15 0 0 8 0 7 0 0 0 0
285 10225 865 857 57 0 0 16 0 0 8 0 8 0 0 0 0
286 10220 868 860 56 0 0 16 0 0 8 0 8 0 0 0 0
287 10214 872 863 53 0 0 17 0 0 8 0 9 0 0 0 0
288 10221 869 860 52 0 0 17 0 0 8 0 9 0 0 0 0
289 10214 873 864 51 0 0 17 0 0 8 0 9 0 0 0 0
290 10211 873 864 54 0 0 17 0 0 8 0 9 0 0 0 0
291 10198 879 870 55 0 0 17 0 0 8 0 9 0 0 0 0
292 10194 880 871 57 0 0 17 0 0 8 0 9 0 0 0 0
293 10195 879 870 58 0 0 17 0 0 8 0 9 0 0 0 0
294 10183 885 876 58 0 0 17 0 0 8 0 9 0 0 0 0
295 10189 881 873 59 0 0 17 0 0 9 0 8 0 0 0 0
296 10180 885 877 60 0 0 17 0 0 9 0 8 0 0 0 0
297 10186 882 874 60 0 0 17 0 0 9 0 8 0 0 0 0
298 10193 879 870 58 0 0 18 0 0 9 0 9 0 0 0 0
299 10187 881 872 60 0 0 18 0 0 9 0 9 0 0 0 0
300 10186 880 871 63 0 0 18 0 0 9 0 9 0 0 0 0
301 10172 887 878 63 0 0 18 0 0 9 0 9 0 0 0 0
302 10174 886 877 63 0 0 18 0 0 9 0 9 0 0 0 0
303 10158 894 885 63 0 0 18 0 0 9 0 9 0 0 0 0
304 10154 895 885 64 0 0 19 0 0 9 0 10 0 0 0 0
305 10151 896 886 65 0 0 19 0 0 9 0 10 0 0 0 0
306 10141 900 890 67 0 0 19 0 0 9 0 10 0 0 0 0
307 10128 906 895 67 0 0 20 0 0 9 0 11 0 0 0 0
308 10131 905 894 64 0 0 20 1 0 9 0 12 0 0 0 0
309 10127 906 895 66 0 0 20 1 0 9 0 12 0 0 0 0
310 10120 910 899 65 0 0 20 1 0 9 0 12 0 0 0 0
311 10118 912 901 63 0 0 20 1 0 9 0 12 0 0 0 0
312 10120 910 898 64 0 0 21 1 0 9 0 13 0 0 0 0
313 10121 909 897 65 0 0 21 1 0 9 0 13 0 0 0 0
314 10107 916 904 65 0 0 21 1 0 9 0 13 0 0 0 0
315 10114 913 901 64 0 0 21 1 0 9 0 13 0 0 0 0
316 10120 910 897 63 0 0 22 1 0 9 0 14 0 0 0 0
317 10125 907 894 64 0 0 22 1 0 9 0 14 0 0 0 0
318 10124 907 893 64 0 0 23 1 0 9 0 15 0 0 0 0
319 10115 911 897 65 0 0 23 1 0 9 0 15 0 0 0 0
320 10107 915 901 65 0 0 23 1 0 9 0 15 0 0 0 0
321 10109 914 900 65 0 0 23 1 0 9 0 15 0 0 0 0
322 10109 914 900 65 0 0 23 1 0 9 0 15 0 0 0 0
323 10093 922 908 65 0 0 23 1 0 9 0 15 0 0 0 0
324 10092 921 907 68 0 0 23 1 0 9 0 15 0 0 0 0
325 10086 924 910 68 0 0 23 1 0 9 0 15 0 0 0 0
326 10079 928 914 67 0 0 23 1 0 9 0 15 0 0 0 0
327 10077 927 913 71 0 0 23 1 0 9 0 15 0 0 0 0
328 10072 931 917 68 0 0 23 1 0 9 0 15 0 0 0 0
329 10066 935 921 66 0 0 23 1 0 9 0 15 0 0 0 0
330 10070 934 919 63 0 0 24 1 0 9 0 16 0 0 0 0
331 10078 930 914 64 0 0 24 1 0 8 0 17 0 0 0 0
332 10070 935 918 63 0 0 25 0 0 8 0 17 0 0 0 0
333 10073 934 917 62 0 0 25 0 0 8 0 17 0 0 0 0
334 10070 935 918 63 0 0 25 0 0 8 0 17 0 0 0 0
335 10062 939 922 63 0 0 25 0 0 8 0 17 0 0 0 0
336 10056 941 924 65 0 0 25 0 0 8 0 17 0 0 0 0
337 10045 946 929 66 0 0 25 0 0 8 0 17 0 0 0 0
338 10046 945 928 67 0 0 25 0 0 8 0 17 0 0 0 0
339 10046 945 928 67 0 0 25 0 0 8 0 17 0 0 0 0
340 10039 948 931 68 0 0 25 0 0 8 0 17 0 0 0 0
341 10030 951 934 71 0 0 25 0 0 8 0 17 0 0 0 0
342 10035 948 931 72 0 0 25 0 0 8 0 17 0 0 0 0
343 10039 946 929 72 0 0 25 0 0 8 0 17 0 0 0 0
344 10040 945 928 73 0 0 25 0 0 8 0 17 0 0 0 0
345 10049 940 923 74 0 0 25 0 0 8 0 17 0 0 0 0
346 10047 941 924 74 0 0 25 0 0 8 0 17 0 0 0 0
347 10053 938 921 74 0 0 25 0 0 8 0 17 0 0 0 0
348 10057 936 920 73 0 0 25 0 0 9 0 16 0 0 0 0
349 10048 941 925 72 0 0 25 0 0 9 0 16 0 0 0 0
350 10043 943 927 73 0 0 25 0 0 9 0 16 0 0 0 0
351 10051 940 924 71 0 0 25 0 0 9 0 16 0 0 0 0
352 10056 937 922 71 0 0 25 0 0 10 0 15 0 0 0 0
353 10066 931 916 73 0 0 25 0 0 10 0 15 0 0 0 0
354 10061 933 918 74 0 0 25 0 0 10 0 15 0 0 0 0
355 10060 934 919 73 0 0 25 0 0 10 0 15 0 0 0 0
356 10055 936 921 74 0 0 25 0 0 10 0 15 0 0 0 0
357 10049 939 924 74 0 0 25 0 0 10 0 15 0 0 0 0
358 10051 937 922 76 0 0 25 0 0 10 0 15 0 0 0 0
359 10054 937 922 73 0 0 25 0 0 10 0 15 0 0 0 0
360 10062 933 921 70 0 0 24 1 0 12 0 13 0 0 0 0
361 10060 935 923 68 0 0 24 1 0 12 0 13 0 0 0 0
362 10064 932 920 70 0 0 24 1 0 12 0 13 0 0 0 0
363 10063 933 921 69 0 0 24 1 0 12 0 13 0 0 0 0
364 10067 931 918 68 0 0 25 1 0 12 0 14 0 0 0 0
365 10068 930 917 69 0 0 25 1 0 12 0 14 0 0 0 0
366 10073 927 914 70 0 0 25 1 0 12 0 14 0 0 0 0
367 10072 927 914 71 0 0 25 1 0 12 0 14 0 0 0 0
368 10076 926 913 69 0 0 25 1 0 12 0 14 0 0 0 0
369 10084 922 909 69 0 0 25 1 0 12 0 14 0 0 0 0
370 10081 924 910 69 0 0 25 1 0 11 0 15 0 0 0 0
371 10076 927 913 68 0 0 25 1 0 11 0 15 0 0 0 0
372 10074 928 914 68 0 0 25 1 0 11 0 15 0 0 0 0
373 10080 925 911 68 0 0 25 1 0 11 0 15 0 0 0 0
374 10086 922 908 68 0 0 25 1 0 11 0 15 0 0 0 0
375 10083 922 908 71 0 0 25 1 0 11 0 15 0 0 0 0
376 10085 921 907 71 0 0 25 1 0 11 0 15 0 0 0 0
377 10086 921 907 70 0 0 25 1 0 11 0 15 0 0 0 0
378 10076 926 912 70 0 0 25 1 0 11 0 15 0 0 0 0
379 10058 935 921 70 0 0 25 1 0 11 0 15 0 0 0 0
380 10055 936 922 71 0 0 25 1 0 11 0 15 0 0 0 0
381 10064 931 917 72 0 0 25 1 0 11 0 15 0 0 0 0
382 10054 937 923 70 0 0 25 1 0 11 0 15 0 0 0 0
383 10056 935 922 71 0 0 25 1 0 12 0 14 0 0 0 0
384 10071 928 915 70 0 0 25 1 0 12 0 14 0 0 0 0
385 10070 928 914 70 0 0 26 1 0 12 0 15 0 0 0 0
386 10070 928 914 70 0 0 26 1 0 12 0 15 0 0 0 0
387 10064 931 917 70 0 0 26 1 0 12 0 15 0 0 0 0
388 10060 932 918 72 0 0 26 1 0 12 0 15 0 0 0 0
389 10052 936 922 72 0 0 26 1 0 12 0 15 0 0 0 0
390 10068 928 914 72 0 0 26 1 0 12 0 15 0 0 0 0
391 10060 932 918 72 0 0 26 1 0 12 0 15 0 0 0 0
392 10069 927 913 73 0 0 26 1 0 12 0 15 0 0 0 0
393 10065 929 915 73 0 0 26 1 0 12 0 15 0 0 0 0
394 10063 930 916 73 0 0 26 1 0 12 0 15 0 0 0 0
395 10055 933 919 75 0 0 26 1 0 12 0 15 0 0 0 0
396 10062 930 916 74 0 0 26 1 0 12 0 15 0 0 0 0
397 10067 926 912 77 0 0 26 1 0 12 0 15 0 0 0 0
398 10066 925 911 80 0 0 26 1 0 12 0 15 0 0 0 0
399 10075 920 906 81 0 0 26 1 0 12 0 15 0 0 0 0
400 10079 917 903 81 0 0 27 1 0 13 0 15 0 0 0 0
401 10091 911 898 80 0 0 27 1 0 14 0 14 0 0 0 0
402 10093 910 897 80 0 0 27 1 0 14 0 14 0 0 0 0
403 10100 907 894 79 0 0 27 1 0 14 0 14 0 0 0 0
404 10088 913 900 79 0 0 27 1 0 14 0 14 0 0 0 0
405 10090 913 900 77 0 0 27 1 0 14 0 14 0 0 0 0
406 10089 914 901 76 0 0 27 1 0 14 0 14 0 0 0 0
407 10074 921 908 77 0 0 27 1 0 14 0 14 0 0 0 0
408 10086 914 901 79 0 0 27 1 0 14 0 14 0 0 0 0
409 10085 915 902 78 0 0 27 1 0 14 0 14 0 0 0 0
410 10085 916 903 76 0 0 27 1 0 14 0 14 0 0 0 0
411 10082 917 904 77 0 0 27 1 0 14 0 14 0 0 0 0
412 10090 913 901 76 0 0 27 1 0 15 0 13 0 0 0 0
413 10097 909 897 77 0 0 27 1 0 15 0 13 0 0 0 0
414 10092 911 899 78 0 0 27 1 0 15 0 13 0 0 0 0
415 10100 906 894 80 0 0 27 1 0 15 0 13 0 0 0 0
416 10093 909 897 81 0 0 27 1 0 15 0 13 0 0 0 0
417 10084 914 902 80 0 0 27 1 0 15 0 13 0 0 0 0
418 10091 911 899 79 0 0 27 1 0 15 0 13 0 0 0 0
419 10100 907 895 78 0 0 27 1 0 15 0 13 0 0 0 0
420 10102 907 895 76 0 0 27 1 0 15 0 13 0 0 0 0
421 10104 906 894 76 0 0 27 1 0 15 0 13 0 0 0 0
422 10100 907 895 78 0 0 27 1 0 15 0 13 0 0 0 0
423 10096 910 898 76 0 0 27 1 0 15 0 13 0 0 0 0
424 10086 915 903 76 0 0 27 1 0 15 0 13 0 0 0 0
425 10079 918 906 77 0 0 27 1 0 15 0 13 0 0 0 0
426 10071 920 908 81 0 0 27 1 0 15 0 13 0 0 0 0
427 10061 925 913 81 0 0 27 1 0 15 0 13 0 0 0 0
428 10061 924 912 83 0 0 27 1 0 15 0 13 0 0 0 0
429 10050 930 918 82 0 0 27 1 0 15 0 13 0 0 0 0
430 10052 929 917 82 0 0 27 1 0 15 0 13 0 0 0 0
431 10037 936 925 82 0 0 27 1 0 16 0 12 0 0 0 0
432 10026 941 930 83 0 0 27 1 0 16 0 12 0 0 0 0
433 10029 939 928 83 0 0 27 1 0 16 0 12 0 0 0 1
434 10012 947 935 83 0 0 28 1 0 16 0 13 0 0 0 1
435 10004 950 938 85 0 0 28 1 0 16 0 13 0 0 0 1
436 10003 950 937 85 0 0 29 1 0 16 0 14 0 0 0 1
437 9988 956 942 87 0 0 30 1 0 16 0 15 0 0 0 1
438 9971 963 949 90 0 0 30 1 0 16 0 15 0 0 0 1
439 9972 961 947 91 0 0 30 2 0 16 0 16 0 0 0 1
440 9967 964 949 89 0 0 31 2 0 16 0 17 0 0 0 1
441 9963 967 951 86 0 0 32 2 0 16 0 18 0 0 0 1
442 9944 975 959 89 0 0 32 2 0 16 0 18 0 0 0 1
443 9946 975 958 88 0 0 33 1 0 16 0 18 0 0 0 1
444 9944 977 960 86 0 0 33 1 0 16 0 18 0 0 0 1
445 9943 978 960 84 0 0 34 1 0 16 0 19 0 0 0 1
446 9939 979 961 84 0 0 34 2 0 16 0 20 0 0 0 1
447 9932 982 963 84 0 0 35 2 0 16 0 21 0 0 0 1
448 9916 989 970 86 0 0 35 2 0 16 0 21 0 0 0 1
449 9904 995 977 85 0 0 35 2 0 17 0 20 0 0 0 1
450 9884 1002 984 91 0 0 35 2 0 17 0 20 0 0 0 1
451 9875 1005 988 93 0 0 34 3 0 17 0 20 0 0 0 1
452 9869 1008 991 93 0 0 34 3 0 17 0 20 0 0 0 1
453 9869 1008 989 91 0 0 36 3 0 17 0 22 0 0 0 1
454 9852 1016 998 91 0 0 36 3 0 18 0 21 0 0 0 1
455 9840 1021 1003 93 0 0 36 3 0 18 0 21 0 0 0 1
456 9821 1030 1010 94 0 0 38 2 0 18 0 22 0 0 0 1
457 9804 1035 1017 99 0 0 38 2 0 20 0 20 0 0 0 1
458 9790 1041 1021 99 0 0 40 2 0 20 0 22 0 0 0 1
459 9777 1047 1026 99 0 0 41 2 0 20 0 23 0 0 0 1
460 9758 1055 1034 102 0 0 41 2 0 20 0 23 0 0 0 1
461 9750 1058 1036 103 0 0 42 2 0 20 0 24 0 0 0 1
462 9740 1062 1041 104 0 0 42 2 0 21 0 23 0 0 0 1
463 9725 1069 1049 104 0 0 42 2 0 22 0 22 0 0 0 1
464 9702 1080 1059 104 0 0 43 2 0 22 0 23 0 0 0 1
465 9684 1089 1068 104 0 0 43 2 0 22 0 23 0 0 0 1
466 9685 1086 1065 109 0 0 43 2 0 22 0 23 0 0 0 1
467 9677 1090 1069 107 0 0 43 3 0 22 0 24 0 0 0 1
468 9646 1105 1084 108 0 0 43 3 0 22 0 24 0 0 0 1
469 9638 1108 1086 109 0 0 44 3 0 22 0 25 0 0 0 1
470 9628 1113 1092 108 0 0 44 3 0 23 0 24 0 0 0 1
471 9624 1114 1093 110 0 0 44 3 0 23 0 24 0 0 0 1
472 9608 1121 1099 111 0 0 45 3 0 23 0 25 0 0 0 1
473 9595 1126 1104 114 0 0 45 3 0 23 0 25 0 0 0 1
474 9590 1128 1106 115 0 0 45 3 0 23 0 25 0 0 0 1
475 9593 1127 1104 113 0 0 46 3 0 23 0 26 0 0 0 1
476 9581 1131 1108 117 0 0 46 3 0 23 0 26 0 0 0 1
477 9573 1135 1112 117 0 0 46 3 0 23 0 26 0 0 0 1
478 9552 1145 1121 115 0 0 47 4 0 23 0 28 0 0 0 1
479 9532 1154 1130 117 0 0 47 4 0 23 0 28 0 0 0 1
480 9521 1159 1132 117 0 0 50 3 0 23 0 30 0 0 0 1
481 9517 1160 1133 119 0 0 50 3 0 23 0 30 0 0 0 1
482 9512 1162 1135 120 0 0 50 3 0 23 0 30 0 0 0 1
483 9504 1164 1137 122 0 0 51 3 0 24 0 30 0 0 0 1
484 9487 1172 1145 119 0 0 52 4 0 25 0 31 0 0 0 1
485 9474 1178 1152 119 0 0 52 4 0 26 0 30 0 0 0 1
486 9457 1185 1160 121 0 0 52 4 0 27 0 29 0 0 0 1
487 9450 1186 1161 124 0 0 53 4 0 28 0 29 0 0 0 1
488 9435 1193 1168 125 0 0 53 4 0 28 0 29 0 0 0 1
489 9417 1201 1175 126 0 0 54 4 0 28 0 30 0 0 0 1
490 9425 1196 1169 127 0 0 55 4 0 28 0 31 0 0 0 1
491 9427 1194 1167 129 0 0 55 4 0 28 0 31 0 0 0 1
492 9430 1191 1164 132 0 0 55 4 0 28 0 31 0 0 0 1
493 9431 1189 1163 132 0 0 55 5 0 29 0 31 0 0 0 1
494 9422 1194 1168 131 0 0 55 5 0 29 0 31 0 0 0 1
495 9432 1188 1162 133 0 0 55 5 0 29 0 31 0 0 0 1
496 9434 1187 1162 132 0 0 55 5 0 30 0 30 0 0 0 1
497 9419 1192 1168 136 0 0 55 5 0 31 0 29 0 0 0 1
498 9418 1193 1168 134 0 0 56 5 0 31 0 30 0 0 0 1
499 9412 1195 1169 137 0 0 57 4 0 31 0 30 0 0 0 1
500 9410 1196 1168 133 0 0 59 5 0 31 0 33 0 0 0 1
501 9406 1198 1169 132 0 0 60 5 0 31 0 34 0 0 0 1
502 9405 1198 1169 133 0 0 60 5 0 31 0 34 0 0 0 1
503 9382 1208 1179 134 0 0 60 6 0 31 0 35 0 0 0 1
504 9375 1210 1181 135 0 0 60 7 0 31 0 36 0 0 0 1
505 9379 1209 1181 132 0 0 59 8 0 31 0 36 0 0 0 1
506 9370 1213 1187 131 0 0 59 8 0 33 0 34 0 0 0 1
507 9365 1215 1191 130 0 0 59 8 0 35 0 32 0 0 0 1
508 9349 1223 1199 130 0 0 59 8 0 35 0 32 0 0 0 1
509 9344 1226 1202 129 0 0 59 8 0 35 0 32 0 0 0 1
510 9338 1228 1204 131 0 0 59 8 0 35 0 32 0 0 0 1
511 9341 1227 1203 130 0 0 59 8 0 35 0 32 0 0 0 1
512 9348 1222 1198 133 0 0 59 8 0 35 0 32 0 0 0 1
513 9356 1218 1189 129 0 0 64 7 0 35 0 36 0 0 0 2
514 9354 1218 1189 131 0 0 64 7 0 35 0 36 0 0 0 2
515 9350 1220 1191 131 0 0 64 7 0 35 0 36 0 0 0 2
516 9354 1217 1188 133 0 0 64 7 0 35 0 36 0 0 0 2
517 9352 1218 1188 130 0 0 65 8 0 35 0 38 0 0 0 2
518 9349 1220 1190 129 0 0 65 8 0 35 0 38 0 0 0 2
519 9341 1223 1192 130 0 0 66 8 0 35 0 39 0 0 0 2
520 9339 1224 1193 129 0 0 66 8 0 35 0 39 0 0 0 3
521 9342 1222 1190 129 0 0 67 8 0 35 0 40 0 0 0 3
522 9342 1224 1193 124 0 0 67 8 0 36 0 39 0 0 0 3
523 9342 1223 1192 126 0 0 67 8 0 36 0 39 0 0 0 3
524 9333 1228 1196 126 0 0 67 8 0 35 0 40 0 0 0 3
525 9328 1230 1198 125 0 0 68 8 0 36 0 40 0 0 0 3
526 9329 1229 1197 126 0 0 68 8 0 36 0 40 0 0 0 3
527 9327 1230 1199 125 0 0 68 8 0 37 0 39 0 0 0 3
528 9312 1238 1206 124 0 0 69 7 0 37 0 39 0 0 0 4
529 9312 1238 1205 123 0 0 70 7 0 37 0 40 0 0 0 4
530 9313 1239 1204 120 0 0 72 6 0 37 0 41 0 0 0 4
531 9303 1244 1209 120 0 0 72 6 0 37 0 41 0 0 0 4
532 9306 1243 1208 119 0 0 72 6 0 37 0 41 0 0 0 4
533 9303 1245 1210 118 0 0 72 6 0 37 0 41 0 0 0 4
534 9305 1243 1208 120 0 0 72 6 0 37 0 41 0 0 0 4
535 9309 1242 1207 118 0 0 72 6 0 37 0 41 0 0 0 4
536 9316 1238 1204 118 0 0 71 7 0 37 0 41 0 0 0 4
537 9313 1239 1205 119 0 0 71 7 0 37 0 41 0 0 0 4
538 9335 1228 1193 118 0 0 72 7 0 37 0 42 0 0 0 4
539 9342 1224 1189 119 0 0 72 7 0 37 0 42 0 0 0 4
540 9343 1222 1188 121 0 0 72 7 0 38 0 41 0 0 0 4
541 9342 1222 1188 122 0 0 72 7 0 38 0 41 0 0 0 4
542 9343 1221 1187 119 0 0 75 6 0 41 0 40 0 0 0 4
543 9342 1221 1187 120 0 0 75 6 0 41 0 40 0 0 0 4
544 9324 1230 1196 120 0 0 75 6 0 41 0 40 0 0 0 4
545 9321 1231 1197 121 0 0 75 6 0 41 0 40 0 0 0 4
546 9315 1234 1200 121 0 0 75 6 0 41 0 40 0 0 0 4
547 9311 1235 1201 123 0 0 75 6 0 41 0 40 0 0 0 4
548 9311 1234 1199 124 0 0 76 6 0 41 0 41 0 0 0 4
549 9304 1238 1203 123 0 0 76 6 0 41 0 41 0 0 0 4
550 9311 1234 1200 123 0 0 76 6 0 42 0 40 0 0 0 4
551 9321 1228 1194 125 0 0 76 6 0 42 0 40 0 0 0 4
552 9323 1227 1193 125 0 0 76 6 0 42 0 40 0 0 0 4
553 9318 1230 1197 123 0 0 76 6 0 43 0 39 0 0 0 4
554 9325 1225 1193 125 0 0 76 6 0 44 0 38 0 0 0 4
555 9320 1227 1196 123 0 0 75 8 0 44 0 39 0 0 0 4
556 9317 1228 1195 122 0 0 77 8 0 44 0 41 0 0 0 4
557 9329 1223 1190 120 0 0 77 8 0 44 0 41 0 0 0 4
558 9333 1220 1187 122 0 0 77 8 0 44 0 41 0 0 0 4
559 9334 1220 1187 121 0 0 77 8 0 44 0 41 0 0 0 4
560 9328 1223 1190 121 0 0 77 8 0 44 0 41 0 0 0 4
561 9336 1218 1184 124 0 0 77 8 0 43 0 42 0 0 0 4
562 9327 1223 1189 123 0 0 77 8 0 43 0 42 0 0 0 4
563 9325 1224 1190 123 0 0 77 8 0 43 0 42 0 0 0 4
564 9322 1223 1189 128 0 0 77 8 0 43 0 42 0 0 0 4
565 9322 1224 1190 126 0 0 77 8 0 43 0 42 0 0 0 4
566 9319 1225 1192 126 0 0 77 8 0 44 0 41 0 0 0 4
567 9319 1223 1190 130 0 0 77 8 0 44 0 41 0 0 0 4
568 9320 1224 1191 127 0 0 77 8 0 44 0 41 0 0 0 4
569 9309 1230 1198 125 0 0 76 9 0 44 0 41 0 0 0 4
570 9300 1233 1199 126 0 0 78 9 0 44 0 43 0 0 0 4
571 9315 1225 1191 127 0 0 78 9 0 44 0 43 0 0 0 4
572 9311 1226 1193 128 0 0 78 9 0 45 0 42 0 0 0 4
573 9332 1215 1183 126 0 0 79 9 0 47 0 41 0 0 0 4
574 9327 1216 1182 127 0 0 81 9 0 47 0 43 0 0 0 4
575 9327 1217 1183 125 0 0 81 9 0 47 0 43 0 0 0 4
576 9326 1216 1183 127 0 0 80 10 0 47 0 43 0 0 0 4
577 9318 1219 1186 129 0 0 80 10 0 47 0 43 0 0 0 4
578 9316 1219 1186 131 0 0 80 10 0 47 0 43 0 0 0 4
579 9310 1221 1189 132 0 0 80 10 0 48 0 42 0 0 0 4
580 9311 1220 1189 132 0 0 80 10 0 49 0 41 0 0 0 4
581 9303 1223 1193 133 0 0 80 10 0 50 0 40 0 0 0 4
582 9315 1217 1187 133 0 0 80 10 0 50 0 40 0 0 0 4
583 9311 1216 1186 137 0 0 80 11 0 50 0 41 0 0 0 4
584 9288 1226 1196 140 0 0 80 11 0 50 0 41 0 0 0 4
585 9292 1225 1195 138 0 0 80 11 0 50 0 41 0 0 0 4
586 9289 1227 1197 137 0 0 80 11 0 50 0 41 0 0 0 4
587 9288 1227 1198 137 0 0 80 11 0 51 0 40 0 0 0 4
588 9280 1230 1201 139 0 0 80 11 0 51 0 40 0 0 0 4
589 9283 1230 1201 136 0 0 80 11 0 51 0 40 0 0 0 4
590 9282 1232 1202 134 0 0 81 10 0 51 0 40 0 0 0 4
591 9281 1233 1205 130 0 0 81 10 0 53 0 38 0 0 0 5
592 9282 1232 1204 131 0 0 81 10 0 53 0 38 0 0 0 5
593 9286 1228 1201 134 0 0 81 10 0 54 0 37 0 0 0 5
594 9292 1225 1198 134 0 0 81 10 0 54 0 37 0 0 0 5
595 9292 1226 1199 132 0 0 81 10 0 54 0 37 0 0 0 5
596 9286 1229 1200 130 0 0 83 10 0 54 0 39 0 0 0 5
597 9298 1224 1195 128 0 0 83 10 0 54 0 39 0 0 0 5
598 9306 1220 1191 128 0 0 83 10 0 54 0 39 0 0 0 5
599 9296 1226 1195 126 0 0 84 10 0 53 0 41 0 0 0 5
600 9295 1228 1196 122 0 0 85 10 0 53 0 42 0 0 0 5
601 9294 1228 1196 123 0 0 85 10 0 53 0 42 0 0 0 5
602 9307 1220 1187 125 0 0 86 10 0 53 0 43 0 0 0 5
603 9306 1220 1187 126 0 0 86 10 0 53 0 43 0 0 0 5
604 9310 1218 1185 126 0 0 86 10 0 53 0 43 0 0 0 5
605 9303 1220 1187 129 0 0 86 10 0 53 0 43 0 0 0 5
606 9299 1223 1190 127 0 0 86 10 0 53 0 43 0 0 0 5
607 9311 1218 1185 125 0 0 86 10 0 53 0 43 0 0 0 5
608 9301 1222 1189 127 0 0 86 10 0 53 0 43 0 0 0 5
609 9305 1219 1188 127 0 0 85 11 0 54 0 42 0 0 0 5
610 9307 1218 1187 127 0 0 85 11 0 54 0 42 0 0 0 5
611 9321 1211 1180 127 0 0 85 11 0 54 0 42 0 0 0 5
612 9310 1216 1185 128 0 0 85 11 0 54 0 42 0 0 0 5
613 9318 1214 1182 125 0 0 86 10 0 54 0 42 0 0 0 5
614 9320 1212 1180 127 0 0 86 10 0 54 0 42 0 0 0 5
615 9315 1215 1182 125 0 0 87 10 0 54 0 43 0 0 0 5
616 9320 1213 1180 124 0 0 87 10 0 54 0 43 0 0 0 5
617 9317 1212 1178 128 0 0 88 10 0 54 0 44 0 0 0 5
618 9305 1218 1184 128 0 0 88 10 0 54 0 44 0 0 0 5
619 9312 1211 1177 133 0 0 88 11 0 54 0 45 0 0 0 5
620 9307 1213 1179 132 0 0 89 11 0 55 0 45 0 0 0 5
621 9299 1216 1182 134 0 0 89 11 0 55 0 45 0 0 0 5
622 9306 1213 1178 133 0 0 90 10 0 55 0 45 0 0 0 6
623 9303 1214 1178 135 0 0 90 10 0 54 0 46 0 0 0 6
624 9308 1213 1177 132 0 0 90 10 0 54 0 46 0 0 0 6
625 9309 1210 1174 135 0 0 90 11 0 54 0 47 0 0 0 6
626 9298 1217 1180 131 0 0 90 12 0 53 0 49 0 0 0 6
627 9294 1218 1181 131 0 0 90 13 0 53 0 50 0 0 0 6
628 9285 1221 1185 133 0 0 90 13 0 54 0 49 0 0 0 6
629 9274 1226 1190 134 0 0 90 13 0 54 0 49 0 0 0 6
630 9275 1225 1189 135 0 0 90 13 0 54 0 49 0 0 0 6
631 9282 1221 1185 136 0 0 90 13 0 54 0 49 0 0 0 6
632 9277 1223 1186 138 0 0 90 13 0 53 0 50 0 0 0 6
633 9282 1221 1184 137 0 0 90 13 0 53 0 50 0 0 0 6
634 9268 1227 1190 139 0 0 90 13 0 53 0 50 0 0 0 6
635 9259 1232 1193 137 0 0 92 12 0 53 0 51 0 0 0 7
636 9253 1234 1195 139 0 0 92 12 0 53 0 51 0 0 0 7
637 9256 1231 1193 141 0 0 92 12 0 54 0 50 0 0 0 7
638 9234 1241 1201 139 0 0 95 12 0 55 0 52 0 0 0 7
639 9236 1238 1197 144 0 0 96 11 0 55 0 52 0 0 0 7
640 9237 1235 1194 147 0 0 97 11 0 56 0 52 0 0 0 7
641 9234 1236 1193 146 0 0 99 11 0 56 0 54 0 0 0 7
642 9220 1243 1199 143 0 0 100 12 0 56 0 56 0 0 0 7
643 9223 1241 1197 144 0 0 100 12 0 56 0 56 0 0 0 7
644 9221 1241 1197 146 0 0 100 12 0 56 0 56 0 0 0 7
645 9226 1239 1194 144 0 0 101 12 0 56 0 57 0 0 0 7
646 9215 1243 1197 146 0 0 102 12 0 56 0 58 0 0 0 7
647 9205 1248 1202 146 0 0 102 12 0 56 0 58 0 0 0 7
648 9194 1254 1208 145 0 0 102 12 0 56 0 58 0 0 0 7
649 9192 1254 1208 147 0 0 102 12 0 56 0 58 0 0 0 7
650 9182 1258 1212 147 0 0 103 12 0 57 0 58 0 0 0 7
651 9176 1260 1213 148 0 0 104 12 0 57 0 59 0 0 0 7
652 9178 1257 1211 151 0 0 103 13 0 57 0 59 0 0 0 7
653 9159 1266 1219 151 0 0 104 13 0 57 0 60 0 0 0 7
654 9151 1269 1223 152 0 0 104 13 0 58 0 59 0 0 0 7
655 9137 1275 1227 150 0 0 106 14 0 58 0 62 0 0 0 7
656 9136 1276 1228 149 0 0 106 14 0 58 0 62 0 0 0 7
657 9130 1279 1230 148 0 0 107 14 0 58 0 63 0 0 0 7
658 9129 1279 1231 148 0 0 107 14 0 59 0 62 0 0 0 7
659 9120 1283 1235 148 0 0 107 14 0 59 0 62 0 0 0 8
660 9115 1286 1237 146 0 0 108 14 0 59 0 63 0 0 0 8
661 9109 1286 1237 150 0 0 109 14 0 60 0 63 0 0 0 8
662 9104 1288 1239 150 0 0 109 14 0 60 0 63 0 0 0 9
663 9093 1292 1242 152 0 0 110 14 0 60 0 64 0 0 0 9
664 9074 1298 1249 156 0 0 111 14 0 62 0 63 0 0 0 9
665 9049 1309 1260 157 0 0 112 14 0 63 0 63 0 0 0 9
666 9036 1315 1267 157 0 0 112 14 0 64 0 62 0 0 0 9
667 9008 1327 1279 161 0 0 112 14 0 64 0 62 0 0 0 9
668 8993 1336 1287 157 0 0 113 14 0 64 0 63 0 0 0 9
669 8978 1341 1293 161 0 0 113 14 0 65 0 62 0 0 0 9
670 8956 1349 1300 167 0 0 114 13 0 65 0 62 0 0 0 10
671 8943 1355 1306 166 0 0 114 14 0 65 0 63 0 0 0 10
672 8926 1361 1313 168 0 0 114 15 0 66 0 63 0 0 0 10
673 8915 1366 1318 169 0 0 114 15 0 66 0 63 0 0 0 10
674 8902 1369 1321 176 0 0 114 15 0 66 0 63 0 0 0 10
675 8892 1374 1324 176 0 0 116 14 0 66 0 64 0 0 0 10
676 8869 1384 1333 180 0 0 116 14 0 65 0 65 0 0 0 10
677 8863 1388 1338 175 0 0 117 14 0 67 0 64 0 0 0 10
678 8844 1396 1344 174 0 0 119 15 0 67 0 67 0 0 0 10
679 8832 1400 1347 178 0 0 120 14 0 67 0 67 0 0 0 11
680 8826 1402 1347 180 0 0 122 13 0 67 0 68 0 0 0 11
681 8822 1401 1346 184 0 0 123 13 0 68 0 68 0 0 0 11
682 8819 1404 1347 180 0 0 125 12 0 68 0 69 0 0 0 12
683 8813 1408 1352 177 0 0 124 13 0 68 0 69 0 0 0 12
684 8812 1409 1351 174 0 0 126 13 0 68 0 71 0 0 0 12
685 8810 1409 1352 175 0 0 126 13 0 69 0 70 0 0 0 12
686 8804 1411 1355 176 0 0 125 14 0 69 0 70 0 0 0 12
687 8797 1414 1358 175 0 0 126 14 0 70 0 70 0 0 0 12
688 8796 1415 1359 174 0 0 126 14 0 70 0 70 0 0 0 12
689 8798 1414 1358 174 0 0 126 14 0 70 0 70 0 0 0 12
690 8790 1417 1358 174 0 0 129 13 0 70 0 72 0 0 0 13
691 8779 1420 1361 179 0 0 129 13 0 70 0 72 0 0 0 13
692 8773 1421 1361 182 0 0 130 13 0 70 0 73 0 0 0 13
693 8778 1418 1359 180 0 0 130 14 0 71 0 73 0 0 0 13
694 8774 1419 1361 181 0 0 129 15 0 71 0 73 0 0 0 13
695 8756 1426 1368 185 0 0 129 15 0 71 0 73 0 0 0 13
696 8749 1429 1371 186 0 0 129 15 0 71 0 73 0 0 0 13
697 8739 1432 1374 190 0 0 129 15 0 71 0 73 0 0 0 13
698 8730 1435 1376 192 0 0 129 16 0 70 0 75 0 0 0 13
699 8726 1437 1378 192 0 0 129 16 0 70 0 75 0 0 0 13
700 8717 1440 1380 194 0 0 130 16 0 70 0 76 0 0 0 13
701 8721 1437 1377 196 0 0 130 16 0 70 0 76 0 0 0 13
702 8715 1439 1380 197 0 0 130 16 0 71 0 75 0 0 0 13
703 8722 1435 1374 198 0 0 130 17 0 69 0 78 0 0 0 13
704 8717 1440 1378 194 0 0 130 17 0 68 0 79 0 0 0 13
705 8712 1443 1380 191 0 0 132 16 0 69 0 79 0 0 0 14
706 8710 1444 1381 191 0 0 132 16 0 69 0 79 0 0 0 14
707 8698 1448 1386 194 0 0 132 16 0 70 0 78 0 0 0 14
708 8702 1448 1386 190 0 0 132 16 0 70 0 78 0 0 0 14
709 8711 1443 1380 190 0 0 133 16 0 70 0 79 0 0 0 14
710 8703 1446 1385 190 0 0 133 16 0 72 0 77 0 0 0 14
711 8698 1448 1387 189 0 0 134 16 0 73 0 77 0 0 0 14
712 8700 1446 1385 189 0 0 135 16 0 74 0 77 0 0 0 14
713 8712 1438 1378 190 0 0 136 16 0 76 0 76 0 0 0 14
714 8700 1443 1383 190 0 0 137 16 0 77 0 76 0 0 0 14
715 8712 1439 1379 186 0 0 137 16 0 77 0 76 0 0 0 14
716 8716 1436 1376 188 0 0 137 16 0 77 0 76 0 0 0 14
717 8714 1437 1377 188 0 0 137 16 0 77 0 76 0 0 0 14
718 8717 1437 1375 185 0 0 139 15 0 77 0 77 0 0 0 14
719 8710 1440 1376 184 0 0 141 15 0 77 0 79 0 0 0 14
720 8698 1445 1381 186 0 0 141 15 0 77 0 79 0 0 0 14
721 8702 1445 1381 182 0 0 141 15 0 77 0 79 0 0 0 14
722 8689 1450 1387 184 0 0 141 15 0 78 0 78 0 0 0 14
723 8687 1452 1387 182 0 0 142 15 0 77 0 80 0 0 0 14
724 8679 1455 1389 183 0 0 143 15 0 77 0 81 0 0 0 14
725 8671 1459 1392 182 0 0 144 15 0 77 0 82 0 0 0 14
726 8675 1456 1389 184 0 0 144 15 0 77 0 82 0 0 0 14
727 8670 1459 1392 183 0 0 144 15 0 77 0 82 0 0 0 14
728 8669 1461 1394 180 0 0 144 15 0 77 0 82 0 0 0 14
729 8668 1460 1394 182 0 0 143 16 0 77 0 82 0 0 0 14
730 8666 1461 1394 182 0 0 144 15 0 77 0 82 0 0 0 15
731 8658 1465 1400 180 0 0 144 15 0 79 0 80 0 0 0 15
732 8663 1460 1396 182 0 0 144 16 0 80 0 80 0 0 0 15
733 8669 1458 1394 180 0 0 144 16 0 80 0 80 0 0 0 15
734 8684 1451 1386 178 0 0 145 16 0 80 0 81 0 0 0 15
735 8675 1455 1390 179 0 0 145 16 0 80 0 81 0 0 0 15
736 8679 1450 1385 183 0 0 146 16 0 81 0 81 0 0 0 15
737 8677 1451 1386 183 0 0 146 16 0 81 0 81 0 0 0 15
738 8681 1449 1384 183 0 0 146 16 0 81 0 81 0 0 0 15
739 8697 1440 1376 184 0 0 146 16 0 82 0 80 0 0 0 15
740 8703 1436 1372 186 0 0 146 16 0 82 0 80 0 0 0 15
741 8692 1443 1378 184 0 0 147 15 0 82 0 80 0 0 0 15
742 8691 1441 1376 189 0 0 147 15 0 82 0 80 0 0 0 15
743 8706 1435 1371 185 0 0 147 15 0 83 0 79 0 0 0 15
744 8706 1436 1372 183 0 0 147 15 0 83 0 79 0 0 0 15
745 8703 1437 1372 183 0 0 148 15 0 83 0 80 0 0 0 15
746 8697 1440 1374 182 0 0 149 15 0 83 0 81 0 0 0 15
747 8698 1441 1377 177 0 0 148 16 0 84 0 80 0 0 0 15
748 8704 1437 1374 178 0 0 148 16 0 85 0 79 0 0 0 15
749 8711 1433 1369 180 0 0 149 15 0 85 0 79 0 0 0 15
750 8710 1434 1370 179 0 0 149 15 0 85 0 79 0 0 0 15
751 8718 1430 1365 175 0 0 151 15 0 86 0 80 0 0 0 16
752 8730 1423 1359 176 0 0 150 16 0 86 0 80 0 0 0 16
753 8721 1426 1360 177 0 0 152 16 0 86 0 82 0 0 0 16
754 8723 1425 1361 175 0 0 151 17 0 87 0 81 0 0 0 16
755 8721 1425 1362 176 0 0 151 17 0 88 0 80 0 0 0 16
756 8720 1426 1363 175 0 0 151 17 0 88 0 80 0 0 0 16
757 8722 1425 1361 174 0 0 152 17 0 88 0 81 0 0 0 16
758 8735 1418 1356 173 0 0 151 18 0 89 0 80 0 0 0 16
759 8723 1422 1360 177 0 0 151 18 0 89 0 80 0 0 0 16
760 8714 1427 1362 179 0 0 153 16 0 88 0 81 0 0 0 16
761 8712 1430 1365 175 0 0 153 16 0 88 0 81 0 0 0 16
762 8711 1431 1367 173 0 0 153 16 0 89 0 80 0 0 0 16
763 8712 1430 1367 173 0 0 153 16 0 90 0 79 0 0 0 16
764 8720 1425 1363 174 0 0 153 16 0 91 0 78 0 0 0 16
765 8730 1419 1358 175 0 0 153 16 0 92 0 77 0 0 0 16
766 8720 1423 1360 177 0 0 153 17 0 90 0 80 0 0 0 16
767 8732 1415 1351 180 0 0 154 17 0 90 0 81 0 0 0 16
768 8750 1406 1343 179 0 0 154 17 0 91 0 80 0 0 0 16
769 8746 1408 1343 179 0 0 156 16 0 91 0 81 0 0 0 16
770 8747 1406 1341 182 0 0 156 16 0 91 0 81 0 0 0 16
771 8753 1403 1338 182 0 0 156 16 0 91 0 81 0 0 0 16
772 8735 1411 1347 183 0 0 156 16 0 92 0 80 0 0 0 16
773 8724 1416 1352 184 0 0 156 16 0 92 0 80 0 0 0 16
774 8725 1416 1351 180 0 0 157 17 0 92 0 82 0 0 0 16
775 8720 1419 1353 180 0 0 158 16 0 92 0 82 0 0 0 16
776 8721 1417 1353 181 0 0 157 17 0 93 0 81 0 0 0 16
777 8727 1414 1350 181 0 0 157 17 0 93 0 81 0 0 0 16
778 8737 1410 1348 177 0 0 157 17 0 95 0 79 0 0 0 16
779 8737 1410 1347 176 0 0 158 17 0 95 0 80 0 0 0 16
780 8733 1412 1348 175 0 0 159 17 0 95 0 81 0 0 0 16
781 8731 1413 1350 174 0 0 158 18 0 95 0 81 0 0 0 16
782 8731 1413 1351 173 0 0 159 17 0 97 0 79 0 0 0 16
783 8735 1409 1346 176 0 0 160 17 0 97 0 80 0 0 0 16
784 8738 1409 1346 173 0 0 160 17 0 97 0 80 0 0 0 16
785 8726 1415 1350 173 0 0 162 16 0 97 0 81 0 0 0 16
786 8729 1415 1348 170 0 0 163 16 0 96 0 83 0 0 0 16
787 8725 1416 1351 170 0 0 163 16 0 98 0 81 0 0 0 16
788 8720 1419 1354 169 0 0 163 16 0 98 0 81 0 0 0 16
789 8731 1411 1348 172 0 0 162 17 0 99 0 80 0 0 0 16
790 8731 1410 1347 174 0 0 162 17 0 99 0 80 0 0 0 16
791 8734 1410 1347 171 0 0 162 17 0 99 0 80 0 0 0 16
792 8740 1405 1345 172 0 0 161 18 0 101 0 78 0 0 0 16
793 8740 1405 1345 172 0 0 161 18 0 101 0 78 0 0 0 16
794 8743 1402 1343 174 0 0 161 18 0 102 0 77 0 0 0 16
795 8750 1397 1338 175 0 0 162 18 0 103 0 77 0 0 0 16
796 8749 1398 1340 173 0 0 161 19 0 103 0 77 0 0 0 16
797 8749 1398 1339 174 0 0 162 18 0 103 0 77 0 0 0 16
798 8734 1406 1347 173 0 0 162 18 0 103 0 77 0 0 0 16
799 8751 1397 1340 172 0 0 161 19 0 104 0 76 0 0 0 16
800 8738 1403 1346 173 0 0 161 19 0 104 0 76 0 0 0 16
801 8737 1403 1349 171 0 0 161 19 0 107 0 73 0 0 0 16
802 8754 1395 1340 169 0 0 162 19 0 107 0 74 0 0 0 16
803 8756 1394 1338 170 0 0 163 18 0 107 0 74 0 0 0 16
804 8756 1394 1338 170 0 0 163 18 0 107 0 74 0 0 0 16
805 8745 1399 1343 169 0 0 164 18 0 108 0 74 0 0 0 16
806 8757 1393 1337 169 0 0 164 18 0 108 0 74 0 0 0 16
807 8745 1399 1342 170 0 0 165 17 0 108 0 74 0 0 0 16
808 8750 1397 1339 170 0 0 165 17 0 107 0 75 0 0 0 16
809 8749 1399 1342 168 0 0 164 17 0 107 0 74 0 0 0 16
810 8759 1394 1337 167 0 0 164 17 0 107 0 74 0 0 0 17
811 8762 1393 1336 166 0 0 164 17 0 107 0 74 0 0 0 17
812 8772 1390 1332 163 0 0 164 17 0 106 0 75 0 0 0 17
813 8770 1392 1334 161 0 0 164 17 0 106 0 75 0 0 0 17
814 8783 1386 1329 157 0 0 165 17 0 108 0 74 0 0 0 17
815 8777 1389 1332 155 0 0 165 18 0 108 0 75 0 0 0 17
816 8774 1391 1333 153 0 0 166 18 0 108 0 76 0 0 0 17
817 8778 1388 1331 154 0 0 165 19 0 108 0 76 0 0 0 17
818 8779 1386 1330 156 0 0 165 19 0 109 0 75 0 0 0 17
819 8793 1378 1321 157 0 0 166 19 0 109 0 76 0 0 0 17
820 8793 1378 1320 156 0 0 167 19 0 109 0 77 0 0 0 17
821 8798 1375 1318 156 0 0 166 20 0 109 0 77 0 0 0 17
822 8800 1374 1317 156 0 0 166 20 0 109 0 77 0 0 0 17
823 8810 1370 1314 153 0 0 165 21 0 109 0 77 0 0 0 17
824 8805 1372 1314 154 0 0 166 21 0 108 0 79 0 0 0 17
825 8807 1372 1313 151 0 0 167 21 0 108 0 80 0 0 0 17
826 8815 1367 1310 151 0 0 167 21 0 110 0 78 0 0 0 17
827 8820 1365 1307 149 0 0 168 21 0 110 0 79 0 0 0 17
828 8826 1361 1305 149 0 0 168 21 0 112 0 77 0 0 0 17
829 8820 1363 1305 151 0 0 170 20 0 112 0 78 0 0 0 17
830 8815 1365 1308 151 0 0 170 20 0 113 0 77 0 0 0 17
831 8825 1360 1304 150 0 0 169 21 0 113 0 77 0 0 0 17
832 8827 1357 1302 153 0 0 168 22 0 113 0 77 0 0 0 17
833 8826 1359 1305 149 0 0 168 22 0 114 0 76 0 0 0 17
834 8832 1357 1303 147 0 0 168 22 0 114 0 76 0 0 0 17
835 8840 1352 1298 149 0 0 168 22 0 114 0 76 0 0 0 17
836 8825 1359 1304 151 0 0 169 21 0 114 0 76 0 0 0 17
837 8814 1363 1308 154 0 0 169 21 0 114 0 76 0 0 0 17
838 8806 1366 1311 154 0 0 169 22 0 114 0 77 0 0 0 17
839 8812 1363 1309 153 0 0 169 22 0 115 0 76 0 0 0 17
840 8807 1365 1310 153 0 0 170 22 0 115 0 77 0 0 0 17
841 8803 1366 1309 153 0 0 172 22 0 115 0 79 0 0 0 17
842 8802 1368 1311 148 0 0 172 23 0 115 0 80 0 0 0 17
843 8802 1368 1311 147 0 0 172 23 0 115 0 80 0 0 0 18
844 8797 1370 1313 146 0 0 173 23 0 116 0 80 0 0 0 18
845 8791 1371 1312 148 0 0 174 24 0 115 0 83 0 0 0 18
846 8779 1376 1318 149 0 0 174 24 0 116 0 82 0 0 0 18
847 8768 1382 1323 149 0 0 175 23 0 116 0 82 0 0 0 18
848 8762 1385 1324 147 0 0 177 23 0 116 0 84 0 0 0 18
849 8756 1388 1325 149 0 0 178 22 0 115 0 85 0 0 0 18
850 8742 1395 1332 149 0 0 178 22 0 115 0 85 0 0 0 18
851 8735 1398 1336 148 0 0 178 22 0 116 0 84 0 0 0 19
852 8723 1404 1342 146 0 0 178 23 0 116 0 85 0 0 0 19
853 8715 1407 1343 148 0 0 179 23 0 115 0 87 0 0 0 19
854 8706 1412 1347 148 0 0 179 23 0 114 0 88 0 0 0 19
855 8696 1415 1348 152 0 0 180 23 0 113 0 90 0 0 0 19
856 8669 1427 1360 155 0 0 180 23 0 113 0 90 0 0 0 19
857 8646 1436 1367 155 0 0 182 24 0 113 0 93 0 0 0 20
858 8650 1433 1366 155 0 0 181 25 0 114 0 92 0 0 0 20
859 8658 1428 1360 156 0 0 182 25 0 114 0 93 0 0 0 20
860 8660 1427 1359 154 0 0 183 25 0 115 0 93 0 0 0 20
861 8638 1436 1365 157 0 0 185 25 0 114 0 96 0 0 0 20
862 8634 1437 1366 159 0 0 185 25 0 114 0 96 0 0 0 20
863 8616 1445 1374 161 0 0 185 25 0 114 0 96 0 0 0 20
864 8617 1444 1372 161 0 0 186 25 0 114 0 97 0 0 0 20
865 8603 1448 1376 167 0 0 186 25 0 114 0 97 0 0 0 20
866 8592 1453 1381 168 0 0 186 25 0 114 0 97 0 0 0 20
867 8578 1458 1388 170 0 0 185 26 0 115 0 96 0 0 0 20
868 8577 1459 1388 168 0 0 186 26 0 115 0 97 0 0 0 20
869 8556 1468 1395 169 0 0 188 26 0 115 0 99 0 0 0 20
870 8539 1477 1403 167 0 0 189 26 0 115 0 100 0 0 0 20
871 8524 1483 1409 170 0 0 189 26 0 115 0 100 0 0 0 20
872 8509 1491 1414 164 0 0 192 27 0 115 0 104 0 0 0 20
873 8498 1496 1421 163 0 0 191 28 0 116 0 103 0 0 0 20
874 8476 1505 1429 168 0 0 191 28 0 115 0 104 0 0 0 20
875 8469 1509 1432 166 0 0 192 28 0 115 0 105 0 0 0 20
876 8468 1509 1432 167 0 0 192 28 0 115 0 105 0 0 0 20
877 8442 1519 1442 172 0 0 192 28 0 115 0 105 0 0 0 21
878 8422 1528 1450 173 0 0 193 28 0 115 0 106 0 0 0 21
879 8428 1525 1445 169 0 0 196 28 0 116 0 108 0 0 0 21
880 8415 1531 1450 167 0 0 198 28 0 117 0 109 0 0 0 21
881 8431 1523 1442 167 0 0 199 27 0 118 0 108 0 0 0 21
882 8428 1522 1440 172 0 0 200 26 0 118 0 108 0 0 0 22
883 8423 1525 1437 163 0 0 207 26 0 119 0 114 0 0 0 22
884 8401 1536 1448 163 0 0 207 26 0 119 0 114 0 0 0 22
885 8390 1542 1455 161 0 0 207 26 0 120 0 113 0 0 0 22
886 8368 1552 1465 163 0 0 207 26 0 120 0 113 0 0 0 22
887 8363 1554 1465 163 0 0 209 25 0 120 0 114 0 0 0 23
888 8355 1558 1470 161 0 0 210 24 0 122 0 112 0 0 0 24
889 8344 1562 1473 163 0 0 211 24 0 122 0 113 0 0 0 24
890 8342 1561 1473 166 0 0 210 25 0 122 0 113 0 0 0 24
891 8332 1565 1478 167 0 0 209 26 0 122 0 113 0 0 0 24
892 8321 1569 1483 169 0 0 208 27 0 122 0 113 0 0 0 24
893 8324 1566 1480 172 0 0 208 27 0 122 0 113 0 0 0 24
894 8329 1561 1475 177 0 0 208 27 0 122 0 113 0 0 0 24
895 8327 1562 1476 177 0 0 209 26 0 123 0 112 0 0 0 24
896 8322 1564 1478 176 0 0 210 26 0 124 0 112 0 0 0 24
897 8329 1560 1475 176 0 0 210 26 0 125 0 111 0 0 0 24
898 8336 1555 1472 177 0 0 210 26 0 127 0 109 0 0 0 24
899 8331 1557 1472 177 0 0 212 25 0 127 0 110 0 0 0 25
900 8320 1561 1476 180 0 0 212 25 0 127 0 110 0 0 0 25
901 8322 1560 1475 180 0 0 212 25 0 127 0 110 0 0 0 25
902 8315 1564 1474 175 0 0 217 24 0 127 0 114 0 0 0 26
903 8319 1562 1471 175 0 0 218 23 0 127 0 114 0 0 0 27
904 8316 1561 1470 180 0 0 218 23 0 127 0 114 0 0 0 27
905 8309 1563 1473 182 0 0 218 23 0 128 0 113 0 0 0 27
906 8305 1565 1474 183 0 0 219 22 0 128 0 113 0 0 0 27
907 8307 1561 1470 189 0 0 219 22 0 128 0 113 0 0 0 27
908 8296 1566 1476 187 0 0 218 24 0 128 0 114 0 0 0 27
909 8297 1565 1475 184 0 0 220 24 0 130 0 114 0 0 0 27
910 8293 1565 1475 188 0 0 220 24 0 130 0 114 0 0 0 27
911 8294 1566 1474 185 0 0 222 23 0 130 0 115 0 0 0 27
912 8290 1569 1477 182 0 0 222 23 0 130 0 115 0 0 0 28
913 8278 1575 1483 182 0 0 222 23 0 130 0 115 0 0 0 28
914 8277 1571 1481 189 0 0 222 23 0 132 0 113 0 0 0 28
915 8276 1572 1480 188 0 0 224 22 0 132 0 114 0 0 0 28
916 8280 1570 1479 187 0 0 224 22 0 133 0 113 0 0 0 28
917 8280 1570 1480 186 0 0 224 22 0 134 0 112 0 0 0 28
918 8273 1574 1484 185 0 0 224 22 0 134 0 112 0 0 0 28
919 8280 1569 1477 182 0 0 228 22 0 136 0 114 0 0 0 28
920 8274 1570 1480 184 0 0 228 22 0 138 0 112 0 0 0 28
921 8271 1573 1482 182 0 0 228 22 0 137 0 113 0 0 0 28
922 8272 1571 1479 186 0 0 228 22 0 136 0 114 0 0 0 28
923 8271 1572 1480 185 0 0 228 22 0 136 0 114 0 0 0 28
924 8271 1571 1478 186 0 0 229 22 0 136 0 115 0 0 0 28
925 8269 1571 1478 188 0 0 229 22 0 136 0 115 0 0 0 28
926 8273 1568 1476 189 0 0 228 23 0 136 0 115 0 0 0 28
927 8276 1564 1472 192 0 0 229 23 0 137 0 115 0 0 0 28
928 8275 1563 1471 195 0 0 229 23 0 137 0 115 0 0 0 28
929 8283 1558 1468 195 0 0 229 23 0 139 0 113 0 0 0 28
930 8283 1556 1466 199 0 0 229 23 0 139 0 113 0 0 0 28
931 8291 1552 1462 199 0 0 229 23 0 139 0 113 0 0 0 28
932 8285 1553 1465 201 0 0 228 24 0 140 0 112 0 0 0 28
933 8291 1551 1463 199 0 0 228 24 0 140 0 112 0 0 0 28
934 8299 1544 1456 205 0 0 228 24 0 140 0 112 0 0 0 28
935 8312 1538 1451 203 0 0 228 24 0 141 0 111 0 0 0 28
936 8317 1535 1449 203 0 0 227 25 0 141 0 111 0 0 0 28
937 8312 1533 1449 206 0 0 228 26 0 144 0 110 0 0 0 28
938 8318 1529 1444 209 0 0 229 25 0 144 0 110 0 0 0 28
939 8318 1528 1443 210 0 0 230 24 0 145 0 109 0 0 0 29
940 8329 1523 1440 207 0 0 229 25 0 146 0 108 0 0 0 29
941 8335 1519 1437 206 0 0 229 26 0 147 0 108 0 0 0 29
942 8341 1515 1432 207 0 0 230 26 0 147 0 109 0 0 0 29
943 8363 1504 1420 208 0 0 230 26 0 146 0 110 0 0 0 29
944 8365 1505 1419 204 0 0 231 26 0 145 0 112 0 0 0 29
945 8363 1506 1420 204 0 0 231 26 0 145 0 112 0 0 0 29
946 8370 1499 1415 207 0 0 231 27 0 147 0 111 0 0 0 29
947 8373 1497 1412 205 0 0 232 28 0 147 0 113 0 0 0 29
948 8382 1493 1408 202 0 0 232 29 0 147 0 114 0 0 0 29
949 8387 1490 1406 202 0 0 233 28 0 149 0 112 0 0 0 29
950 8408 1479 1394 204 0 0 233 28 0 148 0 113 0 0 0 29
951 8408 1477 1392 204 0 0 235 28 0 150 0 113 0 0 0 29
952 8414 1472 1387 206 0 0 235 29 0 150 0 114 0 0 0 29
953 8403 1478 1392 206 0 0 235 29 0 149 0 115 0 0 0 29
954 8408 1474 1387 208 0 0 237 28 0 150 0 115 0 0 0 29
955 8408 1474 1386 207 0 0 238 28 0 150 0 116 0 0 0 29
956 8425 1463 1373 212 0 0 239 28 0 149 0 118 0 0 0 29
957 8436 1455 1365 217 0 0 239 28 0 149 0 118 0 0 0 29
958 8450 1447 1359 217 0 0 239 28 0 151 0 116 0 0 0 29
959 8444 1451 1362 216 0 0 239 28 0 150 0 117 0 0 0 29
960 8449 1449 1360 215 0 0 239 28 0 150 0 117 0 0 0 29
961 8434 1456 1368 215 0 0 238 29 0 150 0 117 0 0 0 29
962 8452 1449 1361 210 0 0 239 28 0 151 0 116 0 0 0 30
963 8456 1446 1360 209 0 0 239 28 0 153 0 114 0 0 0 31
964 8460 1445 1359 207 0 0 239 28 0 153 0 114 0 0 0 31
965 8459 1441 1358 211 0 0 238 30 0 155 0 113 0 0 0 31
966 8463 1439 1355 210 0 0 239 30 0 155 0 114 0 0 0 31
967 8472 1433 1351 211 0 0 239 30 0 157 0 112 0 0 0 31
968 8480 1428 1346 212 0 0 240 29 0 158 0 111 0 0 0 32
969 8506 1416 1332 212 0 0 241 28 0 157 0 112 0 0 0 32
970 8500 1417 1332 213 0 0 243 28 0 158 0 113 0 0 0 32
971 8486 1425 1339 212 0 0 243 28 0 157 0 114 0 0 0 32
972 8473 1430 1345 214 0 0 243 28 0 158 0 113 0 0 0 32
973 8454 1439 1353 216 0 0 243 28 0 157 0 114 0 0 0 32
974 8464 1433 1348 217 0 0 243 28 0 158 0 113 0 0 0 32
975 8463 1433 1348 216 0 0 243 29 0 158 0 114 0 0 0 32
976 8466 1432 1346 216 0 0 244 28 0 158 0 114 0 0 0 32
977 8471 1430 1345 214 0 0 243 29 0 158 0 114 0 0 0 32
978 8454 1439 1355 212 0 0 243 29 0 159 0 113 0 0 0 32
979 8454 1439 1355 212 0 0 243 29 0 159 0 113 0 0 0 32
980 8454 1439 1356 211 0 0 243 29 0 160 0 112 0 0 0 32
981 8454 1437 1355 214 0 0 243 29 0 161 0 111 0 0 0 32
982 8464 1433 1352 211 0 0 243 29 0 162 0 110 0 0 0 32
983 8486 1421 1339 211 0 0 245 28 0 163 0 110 0 0 0 33
984 8479 1425 1343 209 0 0 246 27 0 164 0 109 0 0 0 34
985 8477 1426 1342 207 0 0 248 27 0 164 0 111 0 0 0 34
986 8472 1427 1343 210 0 0 248 27 0 164 0 111 0 0 0 34
987 8467 1429 1346 210 0 0 247 28 0 164 0 111 0 0 0 34
988 8471 1425 1343 213 0 0 247 28 0 165 0 110 0 0 0 34
989 8471 1422 1342 217 0 0 246 29 0 166 0 109 0 0 0 34
990 8477 1418 1339 218 0 0 246 29 0 167 0 108 0 0 0 34
991 8483 1416 1337 216 0 0 246 29 0 167 0 108 0 0 0 34
992 8487 1414 1335 214 0 0 247 29 0 168 0 108 0 0 0 34
993 8492 1414 1334 208 0 0 248 29 0 168 0 109 0 0 0 34
994 8501 1409 1330 208 0 0 248 29 0 169 0 108 0 0 0 34
995 8507 1406 1328 207 0 0 248 29 0 170 0 107 0 0 0 34
996 8512 1403 1327 206 0 0 248 29 0 172 0 105 0 0 0 34
997 8524 1396 1322 206 0 0 247 30 0 173 0 104 0 0 0 34
998 8534 1392 1316 204 0 0 249 29 0 173 0 105 0 0 0 34
999 8528 1395 1318 205 0 0 249 29 0 172 0 106 0 0 0 34
1000 8521 1399 1323 203 0 0 249 29 0 173 0 105 0 0 0 34
1001 8517 1401 1327 201 0 0 249 29 0 175 0 103 0 0 0 34
1002 8522 1396 1323 205 0 0 249 29 0 176 0 102 0 0 0 34
1003 8515 1397 1326 206 0 0 248 31 0 177 0 102 0 0 0 34
1004 8513 1399 1327 203 0 0 249 31 0 177 0 103 0 0 0 34
1005 8531 1388 1315 206 0 0 250 31 0 177 0 104 0 0 0 34
1006 8532 1387 1313 206 0 0 251 31 0 177 0 105 0 0 0 34
1007 8541 1383 1309 205 0 0 251 31 0 177 0 105 0 0 0 34
1008 8532 1387 1312 207 0 0 251 31 0 176 0 106 0 0 0 34
1009 8536 1387 1312 203 0 0 253 29 0 178 0 104 0 0 0 34
1010 8549 1381 1308 200 0 0 252 30 0 179 0 103 0 0 0 34
1011 8554 1377 1304 203 0 0 252 30 0 179 0 103 0 0 0 34
1012 8554 1380 1306 196 0 0 252 31 0 178 0 105 0 0 0 34
1013 8564 1375 1300 196 0 0 253 30 0 178 0 105 0 0 0 35
1014 8573 1369 1292 199 0 0 255 29 0 178 0 106 0 0 0 35
1015 8585 1364 1287 197 0 0 255 29 0 178 0 106 0 0 0 35
1016 8586 1363 1287 197 0 0 255 29 0 179 0 105 0 0 0 35
1017 8586 1361 1288 196 0 0 256 29 0 183 0 102 0 0 0 35
1018 8589 1360 1288 194 0 0 256 29 0 184 0 101 0 0 0 35
1019 8581 1363 1292 195 0 0 256 29 0 185 0 100 0 0 0 35
1020 8579 1364 1292 194 0 0 256 30 0 184 0 102 0 0 0 35
1021 8587 1359 1288 195 0 0 256 30 0 185 0 101 0 0 0 35
1022 8585 1361 1290 191 0 0 257 30 0 186 0 101 0 0 0 35
1023 8592 1357 1286 192 0 0 257 30 0 186 0 101 0 0 0 35
1024 8594 1355 1283 195 0 0 258 29 0 186 0 101 0 0 0 35
1025 8612 1347 1276 192 0 0 258 29 0 187 0 100 0 0 0 35
1026 8627 1340 1271 189 0 0 258 29 0 189 0 98 0 0 0 35
1027 8639 1336 1266 186 0 0 259 28 0 189 0 98 0 0 0 35
1028 8650 1329 1260 188 0 0 259 28 0 190 0 97 0 0 0 35
1029 8655 1327 1259 186 0 0 259 28 0 191 0 96 0 0 0 35
1030 8670 1321 1252 184 0 0 259 28 0 190 0 97 0 0 0 35
1031 8684 1312 1245 186 0 0 260 27 0 193 0 94 0 0 0 35
1032 8697 1304 1238 188 0 0 260 27 0 194 0 93 0 0 0 35
1033 8706 1300 1234 185 0 0 262 26 0 196 0 92 0 0 0 35
1034 8703 1301 1236 185 0 0 262 26 0 197 0 91 0 0 0 35
1035 8705 1302 1235 183 0 0 262 26 0 195 0 93 0 0 0 35
1036 8722 1292 1227 184 0 0 262 26 0 197 0 91 0 0 0 35
1037 8715 1296 1231 183 0 0 262 26 0 197 0 91 0 0 0 35
1038 8705 1302 1238 180 0 0 262 26 0 198 0 90 0 0 0 35
1039 8706 1303 1238 178 0 0 263 25 0 198 0 90 0 0 0 35
1040 8719 1297 1231 178 0 0 264 24 0 198 0 90 0 0 0 35
1041 8726 1293 1228 178 0 0 264 24 0 199 0 89 0 0 0 35
1042 8717 1297 1229 178 1 0 266 23 0 199 0 91 0 0 1 34
1043 8724 1292 1224 181 1 0 266 23 0 199 0 91 0 0 1 34
1044 8731 1291 1222 177 1 0 267 22 0 199 0 91 0 0 1 34
1045 8731 1290 1223 177 1 0 266 23 0 200 0 90 0 0 1 34
1046 8732 1289 1223 177 1 0 266 23 0 201 0 89 0 0 1 34
1047 8735 1288 1220 176 1 0 268 22 0 201 0 90 0 0 1 34
1048 8740 1285 1220 174 1 0 268 22 0 204 0 87 0 0 1 34
1049 8735 1287 1222 174 1 0 269 21 0 205 0 86 0 0 1 35
1050 8740 1284 1220 174 1 0 269 21 0 206 0 85 0 0 1 35
1051 8742 1284 1221 171 1 0 269 21 0 207 0 84 0 0 1 35
1052 8739 1285 1223 171 1 0 269 21 0 208 0 83 0 0 1 35
1053 8743 1283 1222 170 1 0 269 21 0 209 0 82 0 0 1 35
1054 8740 1285 1224 169 1 0 269 21 0 209 0 82 0 0 1 35
1055 8745 1282 1221 170 1 0 269 21 0 209 0 82 0 0 1 35
1056 8752 1279 1219 168 1 0 268 22 0 209 0 82 0 0 1 35
1057 8759 1275 1215 169 1 0 268 22 0 209 0 82 0 0 1 35
1058 8763 1272 1212 171 1 0 268 22 0 209 0 82 0 0 1 35
1059 8783 1265 1205 165 1 0 268 22 0 209 0 82 0 0 1 35
1060 8800 1258 1199 161 1 0 267 23 0 209 0 82 0 0 1 35
1061 8803 1255 1198 162 1 0 267 23 0 211 0 80 0 0 1 35
1062 8820 1246 1190 162 1 0 267 23 0 212 0 79 0 0 1 35
1063 8825 1243 1189 161 1 0 267 23 0 214 0 77 0 0 1 35
1064 8837 1235 1182 164 1 0 266 24 0 214 0 77 0 0 1 35
1065 8850 1229 1176 163 1 0 266 24 0 214 0 77 0 0 1 35
1066 8857 1225 1173 163 1 0 266 24 0 215 0 76 0 0 1 35
1067 8853 1226 1174 163 1 0 267 24 0 216 0 76 0 0 1 35
1068 8840 1231 1181 164 1 0 266 25 0 217 0 75 0 0 1 35
1069 8851 1226 1179 160 1 0 266 25 0 220 0 72 0 0 1 35
1070 8838 1233 1186 159 1 0 266 25 0 220 0 72 0 0 1 35
1071 8841 1231 1185 159 1 0 266 25 0 221 0 71 0 0 1 35
1072 8851 1228 1181 154 1 0 267 25 0 221 0 72 0 0 1 35
1073 8869 1220 1172 153 1 0 268 24 0 221 0 72 0 0 1 35
1074 8869 1219 1171 153 1 0 269 24 0 222 0 72 0 0 1 35
1075 8872 1218 1169 151 1 0 270 24 0 222 0 73 0 0 1 35
1076 8887 1212 1162 146 1 0 272 23 0 223 0 73 0 0 1 36
1077 8885 1213 1163 146 1 0 272 23 0 223 0 73 0 0 1 36
1078 8883 1213 1163 148 1 0 272 23 0 223 0 73 0 0 1 36
1079 8873 1217 1168 149 1 0 272 23 0 224 0 72 0 0 1 36
1080 8877 1214 1166 150 1 0 272 23 0 225 0 71 0 0 1 36
1081 8877 1214 1166 150 1 0 272 23 0 225 0 71 0 0 1 36
1082 8875 1213 1165 152 1 0 273 23 0 226 0 71 0 0 1 36
1083 8872 1214 1166 153 1 0 273 23 0 226 0 71 0 0 1 36
1084 8876 1213 1165 151 1 0 273 23 0 226 0 71 0 0 1 36
1085 8869 1215 1169 152 1 0 272 24 0 227 0 70 0 0 1 36
1086 8871 1214 1168 152 1 0 272 24 0 227 0 70 0 0 1 36
1087 8880 1212 1165 148 1 0 272 24 0 226 0 71 0 0 1 36
1088 8886 1211 1163 145 1 0 273 23 0 226 0 71 0 0 1 36
1089 8894 1207 1159 145 1 0 273 23 0 226 0 71 0 0 1 36
1090 8893 1208 1160 144 1 0 272 24 0 225 0 72 0 0 1 36
1091 8898 1206 1157 144 1 0 273 23 0 225 0 72 0 0 1 36
1092 8906 1202 1154 143 1 0 273 23 0 226 0 71 0 0 1 36
1093 8903 1203 1155 144 1 0 274 22 0 227 0 70 0 0 1 36
1094 8903 1204 1156 142 1 0 274 22 0 227 0 70 0 0 1 36
1095 8900 1207 1159 139 1 0 274 22 0 227 0 70 0 0 1 36
1096 8920 1200 1153 132 1 0 274 22 0 228 0 69 0 0 1 36
1097 8917 1200 1152 136 1 0 274 22 0 227 0 70 0 0 1 36
1098 8915 1200 1153 137 1 0 273 23 0 227 0 70 0 0 1 36
1099 8917 1201 1154 133 1 0 273 23 0 227 0 70 0 0 1 36
1100 8930 1194 1148 133 1 0 273 23 0 228 0 69 0 0 1 36
1101 8936 1191 1145 133 1 0 273 23 0 228 0 69 0 0 1 36
1102 8936 1188 1145 136 1 0 272 24 0 230 0 67 0 0 1 36
1103 8949 1182 1139 135 1 0 273 23 0 231 0 66 0 0 1 36
1104 8953 1183 1140 129 1 0 273 23 0 231 0 66 0 0 1 36
1105 8957 1181 1137 130 1 0 274 22 0 231 0 66 0 0 1 36
1106 8959 1179 1137 130 1 0 273 23 0 232 0 65 0 0 1 36
1107 8967 1174 1135 129 1 0 271 25 0 233 0 64 0 0 1 36
1108 8973 1171 1130 129 1 0 273 24 0 233 0 65 0 0 1 36
1109 8963 1176 1135 129 1 0 273 24 0 233 0 65 0 0 1 36
1110 8956 1177 1136 134 1 0 273 24 0 233 0 65 0 0 1 36
1111 8961 1177 1136 129 1 0 274 23 0 234 0 64 0 0 1 36
1112 8962 1176 1135 130 1 0 274 23 0 234 0 64 0 0 1 36
1113 8974 1170 1129 130 1 0 274 23 0 234 0 64 0 0 1 36
1114 8976 1170 1129 128 1 0 274 23 0 234 0 64 0 0 1 36
1115 8983 1168 1126 124 1 0 275 23 0 234 0 65 0 0 1 36
1116 8978 1171 1128 124 1 0 276 22 0 234 0 65 0 0 1 36
1117 8973 1173 1130 125 1 0 276 22 0 234 0 65 0 0 1 36
1118 8983 1169 1127 122 1 0 275 23 0 234 0 65 0 0 1 36
1119 9001 1161 1119 120 1 0 275 23 0 234 0 65 0 0 1 36
1120 9003 1161 1119 118 1 0 275 23 0 234 0 65 0 0 1 36
1121 9004 1159 1118 120 1 0 274 24 0 234 0 65 0 0 1 36
1122 9004 1159 1116 122 1 0 275 23 0 233 0 66 0 0 1 36
1123 9006 1159 1116 120 1 0 276 22 0 234 0 65 0 0 1 36
1124 9016 1154 1111 120 1 0 276 22 0 234 0 65 0 0 1 36
1125 9036 1146 1102 117 1 0 276 22 0 233 0 66 0 0 1 36
1126 9033 1146 1103 119 1 0 276 22 0 234 0 65 0 0 1 36
1127 9043 1141 1098 119 1 0 276 22 0 234 0 65 0 0 1 36
1128 9046 1140 1096 119 1 0 276 22 0 233 0 66 0 0 1 36
1129 9043 1141 1097 118 1 0 277 22 0 234 0 66 0 0 1 36
1130 9050 1138 1094 117 1 0 277 22 0 234 0 66 0 0 1 36
1131 9060 1134 1090 115 1 0 277 22 0 234 0 66 0 0 1 36
1132 9073 1128 1087 111 1 0 275 24 0 235 0 65 0 0 1 36
1133 9065 1132 1092 110 1 0 274 25 0 235 0 65 0 0 1 36
1134 9055 1137 1097 110 1 0 274 25 0 235 0 65 0 0 1 36
1135 9057 1136 1097 109 1 0 273 26 0 235 0 65 0 0 1 36
1136 9066 1130 1091 112 1 0 273 26 0 235 0 65 0 0 1 36
1137 9072 1127 1088 112 1 0 273 26 0 235 0 65 0 0 1 36
1138 9060 1132 1093 114 1 0 274 25 0 236 0 64 0 0 1 36
1139 9068 1127 1089 115 1 0 274 25 0 237 0 63 0 0 1 36
1140 9064 1129 1091 115 1 0 274 25 0 237 0 63 0 0 1 36
1141 9083 1120 1081 115 1 0 275 24 0 237 0 63 0 0 1 36
1142 9080 1121 1082 116 1 0 275 24 0 237 0 63 0 0 1 36
1143 9092 1115 1074 118 1 0 275 24 0 235 0 65 0 0 1 36
1144 9100 1110 1069 120 1 0 275 24 0 235 0 65 0 0 1 36
1145 9101 1110 1069 119 1 0 275 24 0 235 0 65 0 0 1 36
1146 9101 1111 1070 117 1 0 275 24 0 235 0 65 0 0 1 36
1147 9107 1109 1067 114 1 0 276 24 0 235 0 66 0 0 1 36
1148 9109 1108 1065 113 1 0 277 24 0 235 0 67 0 0 1 36
1149 9107 1107 1065 116 1 0 277 24 0 236 0 66 0 0 1 36
1150 9111 1106 1063 115 1 0 278 23 0 236 0 66 0 0 1 36
1151 9123 1100 1057 115 1 0 278 23 0 236 0 66 0 0 1 36
1152 9125 1100 1056 114 1 0 279 22 0 236 0 66 0 0 1 36
1153 9135 1095 1051 114 1 0 279 22 0 236 0 66 0 0 1 36
1154 9137 1094 1051 113 1 0 279 22 0 237 0 65 0 0 1 36
1155 9139 1093 1050 113 1 0 279 22 0 237 0 65 0 0 1 36
1156 9141 1092 1050 112 1 0 279 22 0 238 0 64 0 0 1 36
1157 9149 1089 1047 110 1 0 279 22 0 238 0 64 0 0 1 36
1158 9152 1088 1045 110 1 0 279 22 0 237 0 65 0 0 1 36
1159 9162 1084 1041 106 1 0 279 23 0 237 0 66 0 0 1 36
1160 9178 1076 1035 104 1 0 279 23 0 239 0 64 0 0 1 36
1161 9176 1077 1038 102 1 0 278 24 0 240 0 63 0 0 1 36
1162 9172 1080 1039 102 1 0 280 22 0 240 0 63 0 0 1 36
1163 9182 1074 1034 103 1 0 280 22 0 241 0 62 0 0 1 36
1164 9182 1074 1035 102 1 0 280 22 0 242 0 61 0 0 1 36
1165 9179 1076 1038 100 1 0 280 22 0 243 0 60 0 0 1 36
1166 9184 1075 1037 97 1 0 280 22 0 243 0 60 0 0 1 36
1167 9191 1072 1034 96 1 0 280 22 0 243 0 60 0 0 1 36
1168 9187 1074 1036 96 1 0 280 22 0 243 0 60 0 0 1 36
1169 9192 1071 1032 98 1 0 280 22 0 242 0 61 0 0 1 36
1170 9200 1068 1029 96 1 0 280 22 0 242 0 61 0 0 1 36
1171 9205 1066 1026 96 1 0 281 21 0 242 0 61 0 0 1 36
1172 9211 1061 1023 98 1 0 280 22 0 243 0 60 0 0 1 36
1173 9205 1063 1026 99 1 0 279 23 0 243 0 60 0 0 1 36
1174 9202 1065 1028 98 1 0 279 23 0 243 0 60 0 0 1 36
1175 9201 1066 1028 98 1 0 279 23 0 242 0 61 0 0 1 36
1176 9209 1062 1025 97 1 0 279 23 0 243 0 60 0 0 1 36
1177 9215 1059 1021 98 1 0 280 22 0 243 0 60 0 0 1 36
1178 9234 1050 1012 97 1 0 281 21 0 244 0 59 0 0 1 36
1179 9229 1053 1014 95 1 0 282 21 0 244 0 60 0 0 1 36
1180 9231 1053 1014 93 1 0 282 21 0 244 0 60 0 0 1 36
1181 9235 1050 1011 95 1 0 282 21 0 244 0 60 0 0 1 36
1182 9241 1047 1009 94 1 0 282 21 0 245 0 59 0 0 1 36
1183 9251 1040 1002 96 1 0 282 22 0 245 0 60 0 0 1 36
1184 9246 1042 1004 97 1 0 283 21 0 246 0 59 0 0 1 36
1185 9253 1039 1001 96 1 0 283 21 0 246 0 59 0 0 1 36
1186 9265 1033 994 95 1 0 284 21 0 246 0 60 0 0 1 36
1187 9271 1031 990 95 1 0 284 21 0 244 0 62 0 0 1 36
1188 9291 1020 979 97 1 0 284 21 0 244 0 62 0 0 1 36
1189 9293 1019 978 97 1 0 284 21 0 244 0 62 0 0 1 36
1190 9307 1012 972 96 1 0 284 21 0 245 0 61 0 0 1 36
1191 9312 1010 970 95 1 0 285 20 0 246 0 60 0 0 1 36
1192 9314 1011 969 93 1 0 286 19 0 245 0 61 0 0 1 36
1193 9317 1009 965 94 1 0 288 18 0 245 0 62 0 0 1 36
1194 9322 1006 964 93 1 0 288 18 0 247 0 60 0 0 1 36
1195 9329 1002 960 94 1 0 288 18 0 247 0 60 0 0 1 36
1196 9334 1001 958 92 1 0 289 17 0 247 0 60 0 0 1 36
1197 9351 993 950 91 1 0 289 17 0 247 0 60 0 0 1 36
1198 9350 993 951 91 1 0 288 18 0 247 0 60 0 0 1 36
1199 9359 989 947 88 1 0 289 18 0 248 0 60 0 0 1 36
1200 9371 983 942 87 1 0 289 18 0 249 0 59 0 0 1 36
1201 9388 974 933 88 1 0 289 18 0 249 0 59 0 0 1 36
1202 9387 974 932 90 1 0 289 18 0 248 0 60 0 0 1 36
1203 9397 969 926 91 1 0 290 17 0 248 0 60 0 0 1 36
1204 9404 965 922 92 1 0 290 17 0 248 0 60 0 0 1 36
1205 9407 964 922 90 1 0 289 18 0 248 0 60 0 0 1 36
1206 9417 960 919 87 1 0 289 18 0 249 0 59 0 0 1 36
1207 9414 962 921 86 1 0 289 18 0 249 0 59 0 0 1 36
1208 9430 955 914 84 1 0 289 18 0 249 0 59 0 0 1 36
1209 9420 959 920 84 1 0 288 19 0 250 0 58 0 0 1 36
1210 9437 951 913 82 1 0 289 18 0 252 0 56 0 0 1 36
1211 9433 952 914 84 1 0 289 18 0 252 0 56 0 0 1 36
1212 9433 952 913 85 1 0 289 18 0 251 0 57 0 0 1 36
1213 9443 948 908 84 1 0 289 18 0 250 0 58 0 0 1 36
1214 9448 947 907 81 1 0 289 18 0 250 0 58 0 0 1 36
1215 9445 948 908 82 1 0 289 18 0 250 0 58 0 0 1 36
1216 9456 941 902 84 1 0 289 18 0 251 0 57 0 0 1 36
1217 9454 942 903 84 1 0 290 17 0 252 0 56 0 0 1 36
1218 9453 943 904 83 1 0 290 17 0 252 0 56 0 0 1 36
1219 9449 945 906 83 1 0 290 17 0 252 0 56 0 0 1 36
1220 9441 950 910 82 1 0 290 17 0 251 0 57 0 0 1 36
1221 9440 950 910 80 1 0 291 17 0 252 0 57 0 0 1 37
1222 9448 947 907 78 1 0 291 17 0 252 0 57 0 0 1 37
1223 9454 943 904 79 1 0 291 17 0 253 0 56 0 0 1 37
1224 9458 940 901 81 1 0 291 17 0 253 0 56 0 0 1 37
1225 9455 943 903 79 1 0 291 17 0 252 0 57 0 0 1 37
1226 9462 940 899 77 1 0 292 17 0 252 0 58 0 0 1 37
1227 9457 943 902 76 1 0 292 17 0 252 0 58 0 0 1 37
1228 9456 943 903 76 1 0 291 18 0 252 0 58 0 0 1 37
1229 9453 945 904 76 1 0 292 17 0 252 0 58 0 0 1 37
1230 9460 942 901 75 1 0 294 15 0 254 0 56 0 0 1 37
1231 9465 941 899 73 1 0 295 14 0 254 0 56 0 0 1 37
1232 9476 935 893 74 1 0 295 14 0 254 0 56 0 0 1 37
1233 9475 936 894 73 1 0 295 14 0 254 0 56 0 0 1 37
1234 9482 932 891 73 1 0 295 14 0 255 0 55 0 0 1 37
1235 9482 931 890 75 1 0 295 14 0 255 0 55 0 0 1 37
1236 9486 929 889 74 1 0 295 14 0 256 0 54 0 0 1 37
1237 9493 926 887 72 1 0 295 14 0 257 0 53 0 0 1 37
1238 9505 921 882 70 1 0 295 14 0 257 0 53 0 0 1 37
1239 9508 920 882 68 1 0 295 14 0 258 0 52 0 0 1 37
1240 9511 916 881 70 1 0 295 14 0 261 0 49 0 0 1 37
1241 9517 913 877 70 1 0 296 13 0 261 0 49 0 0 1 38
1242 9522 911 874 70 1 0 296 13 0 260 0 50 0 0 1 38
1243 9529 908 871 69 1 0 296 13 0 260 0 50 0 0 1 38
1244 9531 905 873 68 1 0 293 16 0 262 0 48 0 0 1 38
1245 9538 901 870 68 1 0 293 16 0 263 0 47 0 0 1 38
1246 9534 903 872 66 1 0 294 16 0 264 0 47 0 0 1 38
1247 9527 904 874 70 1 0 294 16 0 265 0 46 0 0 1 38
1248 9521 908 877 69 1 0 294 16 0 264 0 47 0 0 1 38
1249 9523 907 876 69 1 0 294 16 0 264 0 47 0 0 1 38
1250 9538 899 869 69 1 0 294 16 0 265 0 46 0 0 1 38
1251 9535 900 870 70 1 0 295 15 0 266 0 45 0 0 1 38
1252 9544 896 865 70 1 0 296 14 0 266 0 45 0 0 1 38
1253 9552 892 861 70 1 0 296 14 0 266 0 45 0 0 1 38
1254 9547 896 865 67 1 0 296 14 0 266 0 45 0 0 1 38
1255 9550 893 863 69 1 0 295 15 0 266 0 45 0 0 1 38
1256 9553 890 861 71 1 0 295 15 0 267 0 44 0 0 1 38
1257 9561 886 856 70 1 0 296 15 0 267 0 45 0 0 1 38
1258 9565 884 853 71 1 0 296 15 0 266 0 46 0 0 1 38
1259 9574 880 848 71 1 0 297 14 0 266 0 46 0 0 1 38
1260 9576 879 847 71 1 0 297 14 0 266 0 46 0 0 1 38
1261 9580 877 846 70 1 0 297 14 0 267 0 45 0 0 1 38
1262 9568 882 851 72 1 0 297 14 0 267 0 45 0 0 1 38
1263 9575 878 847 73 1 0 297 14 0 267 0 45 0 0 1 38
1264 9583 873 843 74 1 0 297 14 0 268 0 44 0 0 1 38
1265 9594 868 838 73 1 0 297 14 0 268 0 44 0 0 1 38
1266 9591 868 838 75 1 0 297 14 0 268 0 44 0 0 1 39
1267 9594 867 837 74 1 0 297 14 0 268 0 44 0 0 1 39
1268 9592 868 838 74 1 0 297 14 0 268 0 44 0 0 1 39
1269 9595 866 837 74 1 0 296 15 0 268 0 44 0 0 1 39
1270 9595 866 837 74 1 0 296 15 0 268 0 44 0 0 1 39
1271 9605 862 832 73 1 0 297 14 0 268 0 44 0 0 1 39
1272 9609 858 828 75 1 0 298 14 0 269 0 44 0 0 1 39
1273 9610 858 828 74 1 0 298 14 0 269 0 44 0 0 1 39
1274 9613 858 827 72 1 0 299 13 0 269 0 44 0 0 1 39
1275 9620 854 823 73 1 0 299 13 0 269 0 44 0 0 1 39
1276 9618 855 824 73 1 0 299 13 0 269 0 44 0 0 1 39
1277 9615 856 825 74 1 0 299 13 0 269 0 44 0 0 1 39
1278 9609 859 827 73 1 0 300 13 0 269 0 45 0 0 1 39
1279 9608 859 827 74 1 0 300 13 0 269 0 45 0 0 1 39
1280 9615 855 823 75 1 0 300 13 0 269 0 45 0 0 1 39
1281 9627 849 817 75 1 0 300 13 0 269 0 45 0 0 1 39
1282 9628 849 817 74 1 0 300 13 0 269 0 45 0 0 1 39
1283 9635 846 814 73 1 0 300 13 0 269 0 45 0 0 1 39
1284 9644 841 810 73 1 0 300 13 0 270 0 44 0 0 1 39
1285 9644 842 810 72 1 0 300 13 0 269 0 45 0 0 1 39
1286 9646 840 809 73 1 0 300 13 0 270 0 44 0 0 1 39
1287 9636 845 814 73 1 0 300 13 0 270 0 44 0 0 1 39
1288 9640 843 812 73 1 0 300 13 0 270 0 44 0 0 1 39
1289 9648 839 809 72 1 0 300 13 0 271 0 43 0 0 1 39
1290 9642 840 810 76 1 0 300 13 0 271 0 43 0 0 1 39
1291 9652 835 805 76 1 0 300 13 0 271 0 43 0 0 1 39
1292 9664 829 799 76 1 0 300 13 0 271 0 43 0 0 1 39
1293 9660 831 801 76 1 0 300 13 0 271 0 43 0 0 1 39
1294 9669 826 796 77 1 0 300 13 0 271 0 43 0 0 1 39
1295 9666 827 798 77 1 0 300 13 0 272 0 42 0 0 1 39
1296 9666 827 798 77 1 0 300 13 0 272 0 42 0 0 1 39
1297 9677 823 794 74 1 0 300 13 0 272 0 42 0 0 1 39
1298 9682 821 792 73 1 0 300 13 0 272 0 42 0 0 1 39
1299 9683 821 791 73 1 0 300 13 0 271 0 43 0 0 1 39
1300 9687 819 789 73 1 0 300 13 0 271 0 43 0 0 1 39
1301 9691 818 788 71 1 0 300 13 0 271 0 43 0 0 1 39
1302 9691 820 788 69 1 0 301 12 0 270 0 44 0 0 1 39
1303 9695 818 786 69 1 0 301 12 0 270 0 44 0 0 1 39
1304 9706 812 780 70 1 0 301 12 0 270 0 44 0 0 1 39
1305 9708 811 779 70 1 0 301 12 0 270 0 44 0 0 1 39
1306 9706 812 780 70 1 0 301 12 0 270 0 44 0 0 1 39
1307 9706 812 780 70 1 0 301 12 0 270 0 44 0 0 1 39
1308 9711 809 777 71 1 0 301 12 0 270 0 44 0 0 1 39
1309 9711 810 776 71 1 0 301 12 0 268 0 46 0 0 1 39
1310 9718 807 774 69 1 0 300 13 0 268 0 46 0 0 1 39
1311 9718 807 774 69 1 0 300 13 0 268 0 46 0 0 1 39
1312 9716 809 776 67 1 0 300 13 0 268 0 46 0 0 1 39
1313 9709 812 779 68 1 0 300 13 0 268 0 46 0 0 1 39
1314 9709 813 779 67 1 0 300 13 0 267 0 47 0 0 1 39
1315 9714 810 776 68 1 0 300 13 0 267 0 47 0 0 1 39
1316 9718 808 775 67 1 0 300 13 0 268 0 46 0 0 1 39
1317 9730 803 770 65 1 0 300 13 0 268 0 46 0 0 1 39
1318 9737 799 766 66 1 0 300 13 0 268 0 46 0 0 1 39
1319 9728 803 771 66 1 0 299 14 0 268 0 46 0 0 1 39
1320 9737 798 767 66 1 0 299 14 0 269 0 45 0 0 1 39
1321 9738 798 767 65 1 0 299 14 0 269 0 45 0 0 1 39
1322 9733 800 769 66 1 0 299 14 0 269 0 45 0 0 1 39
1323 9731 800 770 67 1 0 298 15 0 269 0 45 0 0 1 39
1324 9739 795 767 67 1 0 297 16 0 270 0 44 0 0 1 39
1325 9750 790 762 66 1 0 297 16 0 270 0 44 0 0 1 39
1326 9757 787 759 65 1 0 297 16 0 270 0 44 0 0 1 39
1327 9773 779 750 64 1 0 298 16 0 270 0 45 0 0 1 39
1328 9768 782 753 63 1 0 298 16 0 270 0 45 0 0 1 39
1329 9776 779 750 61 2 0 297 16 1 269 0 45 0 0 1 39
1330 9778 778 750 60 2 0 296 17 1 269 0 45 0 0 1 39
1331 9774 780 752 60 2 0 296 17 1 269 0 45 0 0 1 39
1332 9784 775 747 60 2 0 296 17 1 269 0 45 0 0 1 39
1333 9786 773 745 62 2 0 296 17 1 269 0 45 0 0 1 39
1334 9794 769 741 62 2 0 296 17 1 269 0 45 0 0 1 39
1335 9796 768 739 62 2 0 297 16 1 269 0 45 0 0 1 40
1336 9799 765 738 63 2 0 296 17 1 270 0 44 0 0 1 40
1337 9799 765 738 63 2 0 296 17 1 270 0 44 0 0 1 40
1338 9792 769 741 63 2 0 297 16 1 270 0 44 0 0 1 40
1339 9797 767 739 62 2 0 297 16 1 270 0 44 0 0 1 40
1340 9788 771 743 63 2 0 297 16 1 270 0 44 0 0 1 40
1341 9795 769 740 61 2 0 296 17 1 268 0 46 0 0 1 40
1342 9793 770 741 61 2 0 296 17 1 268 0 46 0 0 1 40
1343 9804 764 735 62 2 0 296 17 1 268 0 46 0 0 1 40
1344 9814 761 731 59 2 0 296 17 1 267 0 47 0 0 1 40
1345 9812 762 731 60 2 0 296 17 1 266 0 48 0 0 1 40
1346 9818 759 728 60 2 0 296 17 1 266 0 48 0 0 1 40
1347 9828 754 723 60 2 0 296 17 1 266 0 48 0 0 1 40
1348 9835 751 719 60 2 0 297 16 1 266 0 48 0 0 1 40
1349 9834 752 719 60 2 0 298 15 1 266 0 48 0 0 1 40
1350 9837 750 718 60 2 0 298 15 1 267 0 47 0 0 1 40
1351 9834 750 719 62 2 0 298 15 1 268 0 46 0 0 1 40
1352 9848 744 713 60 2 0 298 15 1 268 0 46 0 0 1 40
1353 9850 743 712 60 2 0 298 15 1 268 0 46 0 0 1 40
1354 9846 744 714 61 2 0 298 15 1 269 0 45 0 0 1 40
1355 9846 743 713 63 2 0 298 15 1 269 0 45 0 0 1 40
1356 9851 741 710 63 2 0 298 15 1 268 0 46 0 0 1 40
1357 9855 741 708 59 3 0 298 15 2 266 0 48 0 0 1 40
1358 9863 736 704 60 3 0 298 15 2 267 0 47 0 0 1 40
1359 9870 735 701 57 3 0 299 14 2 266 0 48 0 0 1 40
1360 9872 734 700 57 3 0 299 14 2 266 0 48 0 0 1 40
1361 9869 736 702 56 3 0 300 13 2 267 0 47 0 0 1 40
1362 9880 731 697 55 3 0 300 13 2 267 0 47 0 0 1 40
1363 9880 731 697 55 3 0 300 13 2 267 0 47 0 0 1 40
1364 9883 730 696 54 3 0 300 13 2 267 0 47 0 0 1 40
1365 9888 728 693 54 3 0 300 13 2 266 0 48 0 0 1 40
1366 9891 729 694 49 3 0 300 13 2 266 0 48 0 0 1 40
1367 9899 725 690 49 3 0 300 13 2 266 0 48 0 0 1 40
1368 9907 721 686 49 3 0 300 13 2 266 0 48 0 0 1 40
1369 9917 715 681 50 3 0 300 13 2 267 0 47 0 0 1 40
1370 9920 714 681 48 3 0 300 13 2 268 0 46 0 0 1 40
1371 9923 713 680 47 3 0 300 13 2 268 0 46 0 0 1 40
1372 9929 710 677 47 3 0 300 13 2 268 0 46 0 0 1 40
1373 9937 707 674 45 3 0 300 13 2 268 0 46 0 0 1 40
1374 9931 710 677 45 3 0 300 13 2 268 0 46 0 0 1 40
1375 9933 709 676 45 3 0 300 13 2 268 0 46 0 0 1 40
1376 9941 704 673 45 3 0 300 13 2 270 0 44 0 0 1 40
1377 9942 704 672 45 3 0 301 12 2 270 0 44 0 0 1 40
1378 9949 701 668 45 3 0 302 11 2 270 0 44 0 0 1 40
1379 9954 699 666 44 3 0 303 10 2 271 0 43 0 0 1 40
1380 9957 697 665 44 3 0 303 10 2 272 0 42 0 0 1 40
1381 9961 695 663 44 3 0 303 10 2 272 0 42 0 0 1 40
1382 9969 691 659 44 3 0 303 10 2 272 0 42 0 0 1 40
1383 9972 689 657 45 3 0 303 10 2 272 0 42 0 0 1 40
1384 9974 689 657 43 3 0 303 10 2 272 0 42 0 0 1 40
1385 9973 690 658 42 4 0 302 10 3 271 0 42 0 0 1 40
1386 9976 689 657 41 4 0 302 10 3 271 0 42 0 0 1 40
1387 9981 686 654 42 4 0 302 10 3 271 0 42 0 0 1 40
1388 9981 686 655 41 4 0 301 11 3 271 0 42 0 0 1 40
1389 9986 684 654 39 4 0 301 11 3 272 0 41 0 0 1 40
1390 9989 682 652 40 4 0 301 11 3 272 0 41 0 0 1 40
1391 9984 684 655 40 4 0 300 12 3 272 0 41 0 0 1 40
1392 9986 683 654 40 4 0 300 12 3 272 0 41 0 0 1 40
1393 9982 685 656 40 5 0 299 12 3 272 0 41 0 0 2 39
1394 9986 684 655 40 4 0 299 12 2 272 0 41 0 0 2 39
1395 10003 676 647 39 4 0 299 12 2 272 0 41 0 0 2 39
1396 10002 676 647 40 4 0 299 12 2 272 0 41 0 0 2 39
1397 10005 674 646 40 4 0 299 12 2 273 0 40 0 0 2 39
1398 10009 672 644 40 4 0 299 12 2 273 0 40 0 0 2 39
1399 10015 669 641 40 4 0 299 12 2 273 0 40 0 0 2 39
1400 10015 669 641 40 4 0 299 12 2 273 0 40 0 0 2 39
1401 10018 667 640 40 4 0 299 12 2 274 0 39 0 0 2 39
1402 10017 668 640 40 4 0 299 12 1 274 1 39 0 0 2 39
1403 10008 672 644 41 4 0 299 12 1 274 1 39 0 0 2 39
1404 10003 674 646 42 4 0 299 12 1 274 1 39 0 0 2 39
1405 10000 676 647 42 4 0 300 11 1 274 1 39 0 0 2 39
1406 10003 675 646 41 4 0 300 11 1 274 1 39 0 0 2 39
1407 10010 671 642 42 4 0 300 11 1 274 1 39 0 0 2 39
1408 10018 667 637 43 4 0 301 10 1 274 1 39 0 0 2 39
1409 10025 664 634 42 4 0 301 10 1 274 1 39 0 0 2 39
1410 10037 657 628 43 4 0 301 10 1 275 1 38 0 0 2 39
1411 10032 658 629 46 4 0 301 10 1 275 1 38 0 0 2 39
1412 10032 657 629 45 4 0 302 10 1 277 1 37 0 0 2 39
1413 10036 655 627 45 4 0 302 10 1 277 1 37 0 0 2 39
1414 10031 657 630 45 4 0 301 11 1 277 1 37 0 0 2 39
1415 10037 654 627 45 4 0 301 11 1 277 1 37 0 0 2 39
1416 10040 652 626 45 4 0 301 11 1 278 1 36 0 0 2 39
1417 10042 651 625 45 4 0 301 11 1 278 1 36 0 0 2 39
1418 10044 651 624 44 4 0 302 10 1 278 1 36 0 0 2 39
1419 10044 651 624 44 4 0 302 10 1 278 1 36 0 0 2 39
1420 10049 648 621 43 4 0 303 10 1 279 1 36 0 0 2 39
1421 10059 642 616 44 4 0 303 10 1 280 1 35 0 0 2 39
1422 10066 639 613 43 4 0 303 10 1 280 1 35 0 0 2 39
1423 10067 639 613 42 4 0 303 10 1 280 1 35 0 0 2 39
1424 10070 637 612 42 4 0 303 10 1 281 1 34 0 0 2 39
1425 10076 634 608 43 4 0 304 9 1 281 1 34 0 0 2 39
1426 10080 632 606 43 4 0 305 8 1 282 1 33 0 0 2 39
1427 10078 633 607 43 4 0 305 8 1 282 1 33 0 0 2 39
1428 10086 630 604 41 4 0 305 8 1 282 1 33 0 0 2 39
1429 10084 631 605 41 4 0 305 8 1 282 1 33 0 0 2 39
1430 10085 630 604 42 4 0 305 8 1 282 1 33 0 0 2 39
1431 10089 628 602 42 4 0 305 8 1 282 1 33 0 0 2 39
1432 10091 627 601 42 4 0 305 8 1 282 1 33 0 0 2 39
1433 10097 624 598 42 4 0 305 8 1 282 1 33 0 0 2 39
1434 10101 622 596 42 4 0 305 8 1 282 1 33 0 0 2 39
1435 10105 620 594 42 4 0 305 8 1 282 1 33 0 0 2 39
1436 10112 617 591 41 4 0 305 8 1 282 1 33 0 0 2 39
1437 10121 612 587 41 4 0 305 8 1 283 1 32 0 0 2 39
1438 10120 613 587 41 5 0 304 8 2 281 1 33 0 0 2 39
1439 10122 613 587 41 5 0 303 8 2 280 1 33 0 0 2 39
1440 10122 613 587 41 5 0 303 8 2 280 1 33 0 0 2 39
1441 10122 613 587 41 5 0 303 8 2 280 1 33 0 0 2 39
1442 10133 608 582 40 5 0 303 8 2 280 1 33 0 0 2 39
1443 10128 610 584 41 5 0 303 8 2 280 1 33 0 0 2 39
1444 10138 605 579 41 5 0 303 8 2 280 1 33 0 0 2 39
1445 10143 603 577 40 5 0 303 8 2 280 1 33 0 0 2 39
1446 10144 603 578 38 5 0 302 9 2 280 1 33 0 0 2 39
1447 10153 598 574 38 5 0 302 9 2 281 1 32 0 0 2 39
1448 10156 597 574 38 5 0 300 10 2 280 1 32 0 0 2 39
1449 10158 597 574 36 5 0 300 10 2 280 1 32 0 0 2 39
1450 10159 596 572 36 5 0 301 10 2 280 1 33 0 0 2 39
1451 10153 600 575 35 5 0 301 10 2 279 1 34 0 0 2 39
1452 10157 599 573 34 5 0 301 10 2 278 1 35 0 0 2 39
1453 10155 600 574 34 5 0 301 10 2 278 1 35 0 0 2 39
1454 10155 600 574 34 5 0 301 10 2 278 1 35 0 0 2 39
1455 10148 603 577 35 5 0 301 10 2 278 1 35 0 0 2 39
1456 10140 607 581 35 5 0 301 10 2 278 1 35 0 0 2 39
1457 10148 603 577 35 5 0 301 10 2 278 1 35 0 0 2 39
1458 10148 603 577 35 5 0 301 10 2 278 1 35 0 0 2 39
1459 10162 596 570 35 5 0 301 10 2 278 1 35 0 0 2 39
1460 10157 598 572 36 5 0 301 10 2 278 1 35 0 0 2 39
1461 10163 594 570 36 5 0 301 10 2 280 1 33 0 0 2 39
1462 10175 588 565 35 5 0 300 11 2 280 1 33 0 0 2 39
1463 10183 585 562 33 5 0 300 11 2 280 1 33 0 0 2 39
1464 10184 585 562 32 5 0 300 11 2 280 1 33 0 0 2 39
1465 10188 583 560 32 5 0 300 11 2 280 1 33 0 0 2 39
1466 10196 580 557 30 5 0 300 11 2 280 1 33 0 0 2 39
1467 10205 575 553 30 5 0 300 11 2 281 1 32 0 0 2 39
1468 10206 576 553 28 5 0 301 10 2 281 1 32 0 0 2 39
1469 10199 580 557 27 5 0 301 10 2 281 1 32 0 0 2 39
1470 10205 577 554 27 5 0 301 10 2 281 1 32 0 0 2 39
1471 10209 575 552 27 5 0 301 10 2 281 1 32 0 0 2 39
1472 10209 574 552 28 5 0 300 11 2 281 1 32 0 0 2 39
1473 10213 572 550 28 5 0 300 11 2 281 1 32 0 0 2 39
1474 10216 571 548 28 5 0 300 11 2 280 1 33 0 0 2 39
1475 10224 567 544 28 5 0 300 11 2 280 1 33 0 0 2 39
1476 10227 565 541 29 5 0 301 10 2 280 1 33 0 0 2 40
1477 10234 562 538 28 5 0 301 10 2 280 1 33 0 0 2 40
1478 10232 563 539 28 5 0 301 10 2 280 1 33 0 0 2 40
1479 10240 559 536 27 5 0 301 10 2 281 1 32 0 0 2 40
1480 10249 555 531 27 5 0 301 10 2 280 1 33 0 0 2 40
1481 10256 552 527 27 5 0 302 9 2 280 1 33 0 0 2 40
1482 10254 553 528 27 5 0 302 9 2 280 1 33 0 0 2 40
1483 10260 550 525 27 5 0 302 9 2 280 1 33 0 0 2 40
1484 10263 548 524 27 5 0 302 9 2 281 1 32 0 0 2 40
1485 10271 544 520 27 5 0 302 9 2 281 1 32 0 0 2 40
1486 10277 542 517 26 5 0 303 8 2 281 1 32 0 0 2 40
1487 10278 541 516 27 5 0 303 8 2 281 1 32 0 0 2 40
1488 10269 545 520 28 5 0 303 8 2 281 1 32 0 0 2 40
1489 10267 546 521 28 5 0 303 8 2 281 1 32 0 0 2 40
1490 10266 547 522 27 5 0 303 8 2 281 1 32 0 0 2 40
1491 10268 546 521 27 5 0 303 8 2 281 1 32 0 0 2 40
1492 10273 544 519 26 5 0 303 8 2 281 1 32 0 0 2 40
1493 10275 543 518 26 5 0 303 8 2 281 1 32 0 0 2 40
1494 10279 541 516 26 5 0 303 8 2 281 1 32 0 0 2 40
1495 10282 540 515 25 5 0 303 8 2 281 1 32 0 0 2 40
1496 10284 539 513 26 5 0 304 7 2 281 1 32 0 0 2 40
1497 10285 538 513 26 5 0 303 8 2 281 1 32 0 0 2 40
1498 10293 535 509 25 5 0 304 7 2 281 1 32 0 0 2 40
1499 10295 534 508 25 5 0 304 7 2 281 1 32 0 0 2 40
1500 10297 534 508 23 5 0 304 7 2 281 1 32 0 0 2 40
1501 10293 536 510 23 6 0 303 7 3 280 1 32 0 0 2 40
1502 10297 535 509 21 6 0 303 7 3 280 1 32 0 0 2 40
1503 10299 534 508 21 6 0 303 7 3 280 1 32 0 0 2 40
1504 10299 534 507 22 6 0 303 7 3 279 1 33 0 0 2 40
1505 10289 539 512 22 6 0 303 7 3 279 1 33 0 0 2 40
1506 10303 532 505 22 6 0 303 7 3 279 1 33 0 0 2 40
1507 10311 528 501 22 7 0 302 7 4 278 1 33 0 0 2 40
1508 10309 529 502 22 7 0 302 7 4 278 1 33 0 0 2 40
1509 10310 528 501 23 7 0 302 7 4 278 1 33 0 0 2 40
1510 10313 526 499 24 7 0 302 7 4 278 1 33 0 0 2 40
1511 10315 524 498 25 7 0 302 7 4 279 1 32 0 0 2 40
1512 10328 518 491 24 7 0 303 6 4 279 1 32 0 0 2 41
1513 10328 518 491 24 7 0 303 6 4 279 1 32 0 0 2 41
1514 10331 516 490 24 7 0 302 7 4 279 1 32 0 0 2 41
1515 10332 516 489 24 7 0 302 7 4 278 1 33 0 0 2 41
1516 10330 517 490 24 7 0 302 7 4 278 1 33 0 0 2 41
1517 10332 517 489 23 7 0 302 7 4 277 1 34 0 0 2 41
1518 10326 520 492 23 7 0 302 7 4 277 1 34 0 0 2 41
1519 10328 519 491 23 7 0 302 7 4 277 1 34 0 0 2 41
1520 10326 519 492 24 7 0 302 7 4 278 1 33 0 0 2 41
1521 10328 518 491 24 7 0 302 7 4 278 1 33 0 0 2 41
1522 10338 513 486 24 7 0 302 7 4 278 1 33 0 0 2 41
1523 10347 509 482 23 7 0 302 7 4 278 1 33 0 0 2 41
1524 10349 508 481 23 7 0 302 7 4 278 1 33 0 0 2 41
1525 10353 507 479 22 7 0 303 6 4 278 1 33 0 0 2 41
1526 10354 506 478 23 7 0 302 7 4 277 1 34 0 0 2 41
1527 10355 506 478 22 7 0 302 7 4 277 1 34 0 0 2 41
1528 10357 505 477 22 7 0 302 7 4 277 1 34 0 0 2 41
1529 10360 503 476 22 7 0 302 7 4 278 1 33 0 0 2 41
1530 10360 503 476 22 7 0 302 7 4 278 1 33 0 0 2 41
1531 10365 499 473 24 7 0 301 8 4 278 1 33 0 0 2 41
1532 10365 499 473 24 7 0 301 8 4 278 1 33 0 0 2 41
1533 10370 496 470 25 7 0 301 8 4 278 1 33 0 0 2 41
1534 10373 494 468 26 7 0 301 8 4 278 1 33 0 0 2 41
1535 10370 495 470 26 7 0 301 8 4 279 1 32 0 0 2 41
1536 10373 493 469 26 7 0 301 8 4 280 1 31 0 0 2 41
1537 10371 494 470 26 7 0 301 8 4 280 1 31 0 0 2 41
1538 10368 495 471 25 7 0 302 8 4 281 1 31 0 0 2 41
1539 10362 498 474 25 7 0 302 8 4 281 1 31 0 0 2 41
1540 10368 495 471 25 7 0 302 8 4 281 1 31 0 0 2 41
1541 10365 496 473 25 7 0 302 8 4 282 1 30 0 0 2 41
1542 10366 495 473 25 7 0 302 8 4 283 1 29 0 0 2 41
1543 10358 499 477 25 7 0 302 8 4 283 1 29 0 0 2 41
1544 10361 498 476 24 7 0 302 8 4 283 1 29 0 0 2 41
1545 10361 498 476 24 7 0 302 8 4 283 1 29 0 0 2 41
1546 10363 497 475 24 7 0 302 8 4 283 1 29 0 0 2 41
1547 10368 494 472 25 7 0 302 8 4 283 1 29 0 0 2 41
1548 10366 494 473 26 7 0 301 9 4 283 1 29 0 0 2 41
1549 10368 493 471 25 7 0 302 9 4 283 1 30 0 0 2 41
1550 10368 493 471 25 7 0 302 9 4 283 1 30 0 0 2 41
1551 10363 495 474 25 7 0 302 9 5 283 0 30 0 0 2 41
1552 10369 492 471 25 7 0 302 9 5 283 0 30 0 0 2 41
1553 10369 492 471 25 7 0 302 9 5 283 0 30 0 0 2 41
1554 10369 491 472 25 7 0 302 9 5 285 0 28 0 0 2 41
1555 10367 492 473 25 7 0 302 9 5 285 0 28 0 0 2 41
1556 10369 490 473 25 7 0 301 10 5 286 0 27 0 0 2 41
1557 10375 487 470 25 7 0 301 10 5 286 0 27 0 0 2 41
1558 10379 485 468 25 7 0 301 10 5 286 0 27 0 0 2 41
1559 10379 485 468 25 7 0 301 10 5 286 0 27 0 0 2 41
1560 10385 483 465 24 7 0 302 9 5 286 0 27 0 0 2 41
1561 10391 480 462 24 7 0 302 9 5 286 0 27 0 0 2 41
1562 10389 481 463 24 7 0 302 9 5 286 0 27 0 0 2 41
1563 10397 477 459 24 7 0 302 9 5 286 0 27 0 0 2 41
1564 10399 476 458 24 7 0 302 9 5 286 0 27 0 0 2 41
1565 10399 476 458 24 7 0 302 9 5 286 0 27 0 0 2 41
1566 10405 473 455 24 7 0 302 9 5 286 0 27 0 0 2 41
1567 10410 471 453 23 7 0 302 9 5 286 0 27 0 0 2 41
1568 10413 470 452 22 7 0 302 9 5 286 0 27 0 0 2 41
1569 10412 470 453 22 7 0 301 10 5 286 0 27 0 0 2 41
1570 10417 467 451 22 7 0 300 11 5 286 0 27 0 0 2 41
1571 10421 465 449 22 7 0 300 11 5 286 0 27 0 0 2 41
1572 10420 465 449 23 7 0 300 11 5 286 0 27 0 0 2 41
1573 10418 466 450 23 7 0 300 11 5 286 0 27 0 0 2 41
1574 10422 464 448 23 7 0 300 11 5 286 0 27 0 0 2 41
1575 10419 466 450 22 7 0 300 11 5 286 0 27 0 0 2 41
1576 10416 468 452 21 7 0 300 11 5 286 0 27 0 0 2 41
1577 10424 464 448 21 7 0 300 11 5 286 0 27 0 0 2 41
1578 10432 460 444 21 7 0 300 11 5 286 0 27 0 0 2 41
1579 10440 456 440 21 7 0 300 11 5 286 0 27 0 0 2 41
1580 10442 456 440 19 7 0 300 11 5 286 0 27 0 0 2 41
1581 10450 452 436 19 7 0 300 11 5 286 0 27 0 0 2 41
1582 10453 450 434 20 7 0 300 11 5 286 0 27 0 0 2 41
1583 10456 449 433 19 7 0 300 11 5 286 0 27 0 0 2 41
1584 10458 447 433 19 7 0 300 11 5 288 0 25 0 0 2 41
1585 10449 451 437 20 7 0 300 11 5 288 0 25 0 0 2 41
1586 10447 452 438 20 7 0 300 11 5 288 0 25 0 0 2 41
1587 10455 448 434 20 7 0 300 11 5 288 0 25 0 0 2 41
1588 10454 449 434 20 7 0 301 10 5 288 0 25 0 0 2 41
1589 10457 448 433 19 7 0 301 10 5 288 0 25 0 0 2 41
1590 10456 449 433 19 7 0 302 9 5 288 0 25 0 0 2 41
1591 10463 445 431 18 7 0 302 9 5 290 0 23 0 0 2 41
1592 10463 445 431 18 7 0 302 9 5 290 0 23 0 0 2 41
1593 10466 443 429 19 7 0 302 9 5 290 0 23 0 0 2 41
1594 10471 440 427 19 7 0 302 9 5 291 0 22 0 0 2 41
1595 10469 441 428 19 7 0 302 9 5 291 0 22 0 0 2 41
1596 10472 440 427 18 7 0 303 8 5 292 0 21 0 0 2 41
1597 10476 438 425 18 8 0 302 8 6 291 0 21 0 0 2 41
1598 10482 434 423 18 8 0 301 9 6 292 0 20 0 0 2 41
1599 10486 432 421 18 8 0 301 9 6 292 0 20 0 0 2 41
1600 10481 434 423 19 8 0 301 9 6 292 0 20 0 0 2 41
1601 10483 433 422 19 8 0 301 9 6 292 0 20 0 0 2 41
1602 10477 436 425 19 8 0 301 9 6 292 0 20 0 0 2 41
1603 10482 433 422 20 8 0 301 9 6 292 0 20 0 0 2 41
1604 10490 429 418 20 8 0 301 9 6 292 0 20 0 0 2 41
1605 10492 428 417 20 8 0 301 9 6 292 0 20 0 0 2 41
1606 10500 424 413 20 8 0 301 9 6 292 0 20 0 0 2 41
1607 10503 422 412 20 8 0 300 10 6 292 0 20 0 0 2 41
1608 10498 425 415 19 8 0 300 10 6 292 0 20 0 0 2 41
1609 10502 423 413 19 8 0 300 10 6 292 0 20 0 0 2 41
1610 10497 425 416 19 8 0 300 10 6 293 0 19 0 0 2 41
1611 10499 424 415 19 8 0 300 10 6 293 0 19 0 0 2 41
1612 10495 426 417 19 8 0 300 10 6 293 0 19 0 0 2 41
1613 10502 423 414 18 8 0 300 10 6 293 0 19 0 0 2 41
1614 10508 420 411 18 8 0 300 10 6 293 0 19 0 0 2 41
1615 10506 421 412 18 8 0 300 10 6 293 0 19 0 0 2 41
1616 10508 420 411 18 8 0 300 10 6 293 0 19 0 0 2 41
1617 10508 420 411 18 8 0 300 10 6 293 0 19 0 0 2 41
1618 10516 416 407 18 8 0 300 10 6 293 0 19 0 0 2 41
1619 10514 417 408 18 8 0 300 10 6 293 0 19 0 0 2 41
1620 10520 413 405 19 8 0 299 11 6 293 0 19 0 0 2 41
1621 10526 410 401 20 8 0 300 10 6 293 0 19 0 0 2 41
1622 10526 410 401 20 8 0 300 10 6 293 0 19 0 0 2 41
1623 10524 412 402 19 8 0 300 10 6 292 0 20 0 0 2 41
1624 10524 412 402 19 8 0 300 10 6 292 0 20 0 0 2 41
1625 10530 409 399 19 8 0 300 10 6 292 0 20 0 0 2 41
1626 10535 406 397 19 8 0 300 10 6 293 0 19 0 0 2 41
1627 10539 404 395 19 8 0 300 10 6 293 0 19 0 0 2 41
1628 10543 402 393 19 8 0 300 10 6 293 0 19 0 0 2 41
1629 10543 402 393 19 8 0 300 10 6 293 0 19 0 0 2 41
1630 10545 402 393 17 8 0 300 10 6 293 0 19 0 0 2 41
1631 10543 403 394 17 8 0 300 10 6 293 0 19 0 0 2 41
1632 10550 400 391 16 8 0 300 10 6 293 0 19 0 0 2 41
1633 10548 401 392 16 8 0 300 10 6 293 0 19 0 0 2 41
1634 10558 396 387 16 8 0 300 10 6 293 0 19 0 0 2 41
1635 10564 393 384 16 8 0 300 10 6 293 0 19 0 0 2 41
1636 10561 394 385 17 8 0 300 10 6 293 0 19 0 0 2 41
1637 10561 394 385 17 8 0 300 10 6 293 0 19 0 0 2 41
1638 10555 397 388 17 8 0 300 10 6 293 0 19 0 0 2 41
1639 10552 398 389 18 8 0 300 10 6 293 0 19 0 0 2 41
1640 10558 395 386 18 8 0 300 10 6 293 0 19 0 0 2 41
1641 10560 394 385 18 8 0 300 10 6 293 0 19 0 0 2 41
1642 10558 395 386 18 8 0 300 10 6 293 0 19 0 0 2 41
1643 10560 394 385 18 8 0 300 10 6 293 0 19 0 0 2 41
1644 10560 394 385 18 8 0 300 10 6 293 0 19 0 0 2 41
1645 10562 393 384 18 8 0 300 10 6 293 0 19 0 0 2 41
1646 10560 394 385 18 8 0 300 10 6 293 0 19 0 0 2 41
1647 10563 393 384 17 8 0 300 10 6 293 0 19 0 0 2 41
1648 10569 391 381 16 8 0 301 9 6 293 0 19 0 0 2 41
1649 10569 391 381 16 8 0 301 9 6 293 0 19 0 0 2 41
1650 10566 393 383 15 8 0 301 9 6 293 0 19 0 0 2 41
1651 10569 392 382 14 8 0 301 9 6 293 0 19 0 0 2 41
1652 10575 389 379 14 8 0 301 9 6 293 0 19 0 0 2 41
1653 10574 389 379 15 8 0 301 9 6 293 0 19 0 0 2 41
1654 10578 387 377 15 8 0 301 9 6 293 0 19 0 0 2 41
1655 10579 386 376 16 8 0 301 9 6 293 0 19 0 0 2 41
1656 10574 388 378 17 8 0 301 9 6 293 0 19 0 0 2 41
1657 10580 385 375 17 8 0 301 9 6 293 0 19 0 0 2 41
1658 10582 384 374 17 8 0 301 9 6 293 0 19 0 0 2 41
1659 10583 383 374 17 8 0 301 9 6 294 0 18 0 0 2 41
1660 10589 380 371 17 8 0 301 9 6 294 0 18 0 0 2 41
1661 10597 376 367 17 8 0 301 9 6 294 0 18 0 0 2 41
1662 10602 373 364 18 8 0 301 9 6 294 0 18 0 0 2 41
1663 10600 374 365 18 8 0 301 9 6 294 0 18 0 0 2 41
1664 10604 372 363 18 8 0 301 9 6 294 0 18 0 0 2 41
1665 10609 370 361 17 8 0 301 9 6 294 0 18 0 0 2 41
1666 10608 370 361 18 8 0 301 9 6 294 0 18 0 0 2 41
1667 10609 370 361 17 8 0 301 9 6 294 0 18 0 0 2 41
1668 10605 372 363 17 8 0 301 9 6 294 0 18 0 0 2 41
1669 10604 372 363 18 8 0 301 9 6 294 0 18 0 0 2 41
1670 10608 370 361 18 8 0 301 9 6 294 0 18 0 0 2 41
1671 10612 368 358 19 8 0 302 8 6 294 0 18 0 0 2 41
1672 10614 367 357 19 8 0 302 8 6 294 0 18 0 0 2 41
1673 10612 368 358 19 8 0 302 8 6 294 0 18 0 0 2 41
1674 10608 370 360 19 8 0 302 8 6 294 0 18 0 0 2 41
1675 10610 369 359 19 8 0 302 8 6 294 0 18 0 0 2 41
1676 10612 368 358 19 8 0 302 8 6 294 0 18 0 0 2 41
1677 10610 369 359 19 9 0 301 8 7 293 0 18 0 0 2 41
1678 10612 368 358 19 9 0 301 8 7 293 0 18 0 0 2 41
1679 10606 371 361 19 9 0 301 8 7 293 0 18 0 0 2 41
1680 10610 369 359 19 9 0 301 8 7 293 0 18 0 0 2 41
1681 10616 366 356 19 9 0 301 8 7 293 0 18 0 0 2 41
1682 10618 365 355 19 9 0 301 8 7 293 0 18 0 0 2 41
1683 10618 365 355 19 9 0 301 8 7 293 0 18 0 0 2 41
1684 10623 362 353 19 9 0 301 8 7 294 0 17 0 0 2 41
1685 10621 364 354 18 9 0 302 7 7 294 0 17 0 0 2 41
1686 10621 363 354 19 9 0 301 8 7 294 0 17 0 0 2 41
1687 10624 362 353 18 9 0 301 8 7 294 0 17 0 0 2 41
1688 10620 364 355 18 9 0 301 8 7 294 0 17 0 0 2 41
1689 10621 364 355 17 9 0 301 8 7 294 0 17 0 0 2 41
1690 10629 360 351 17 9 0 301 8 7 294 0 17 0 0 2 41
1691 10624 363 354 16 9 0 301 8 7 294 0 17 0 0 2 41
1692 10624 363 354 16 9 0 301 8 7 294 0 17 0 0 2 41
1693 10626 363 354 14 9 0 301 8 7 294 0 17 0 0 2 41
1694 10626 363 354 14 9 0 301 8 7 294 0 17 0 0 2 41
1695 10630 361 352 14 9 0 301 8 7 294 0 17 0 0 2 41
1696 10636 358 349 14 9 0 301 8 7 294 0 17 0 0 2 41
1697 10639 357 347 14 9 0 301 8 7 293 0 18 0 0 2 41
1698 10639 357 348 13 9 0 301 8 7 294 0 17 0 0 2 41
1699 10641 356 347 13 9 0 301 8 7 294 0 17 0 0 2 41
1700 10645 354 345 13 9 0 301 8 7 294 0 17 0 0 2 41
1701 10651 351 342 13 9 0 301 8 7 294 0 17 0 0 2 41
1702 10659 347 338 13 9 0 301 8 7 294 0 17 0 0 2 41
1703 10661 346 337 13 9 0 301 8 7 294 0 17 0 0 2 41
1704 10663 345 336 13 9 0 301 8 7 294 0 17 0 0 2 41
1705 10665 344 335 13 9 0 301 8 7 294 0 17 0 0 2 41
1706 10667 343 334 13 9 0 301 8 7 294 0 17 0 0 2 41
1707 10669 342 333 13 9 0 301 8 7 294 0 17 0 0 2 41
1708 10665 344 335 13 9 0 301 8 7 294 0 17 0 0 2 41
1709 10671 341 332 13 9 0 301 8 7 294 0 17 0 0 2 41
1710 10678 338 329 12 9 0 301 8 7 294 0 17 0 0 2 41
1711 10678 338 329 12 9 0 301 8 7 294 0 17 0 0 2 41
1712 10676 339 330 12 9 0 301 8 7 294 0 17 0 0 2 41
1713 10675 340 330 12 9 0 301 8 6 294 1 17 0 0 2 41
1714 10681 337 327 12 9 0 301 8 6 294 1 17 0 0 2 41
1715 10681 337 327 12 9 0 301 8 6 294 1 17 0 0 2 41
1716 10687 334 324 12 9 0 301 8 6 294 1 17 0 0 2 41
1717 10693 331 321 12 9 0 301 8 6 294 1 17 0 0 2 41
1718 10697 329 319 12 9 0 301 8 6 294 1 17 0 0 2 41
1719 10703 326 316 12 9 0 301 8 6 294 1 17 0 0 2 41
1720 10699 328 318 12 9 0 301 8 6 294 1 17 0 0 2 41
1721 10700 327 318 12 9 0 301 8 6 295 1 16 0 0 2 41
1722 10699 327 319 12 9 0 301 8 6 296 1 15 0 0 2 41
1723 10704 324 316 13 9 0 301 8 6 296 1 15 0 0 2 41
1724 10704 324 316 13 9 0 301 8 6 296 1 15 0 0 2 41
1725 10704 324 316 13 9 0 301 8 6 296 1 15 0 0 2 41
1726 10710 321 313 13 9 0 301 8 6 296 1 15 0 0 2 41
1727 10710 321 314 12 9 0 301 8 6 297 1 14 0 0 2 41
1728 10716 317 311 13 9 0 301 8 6 298 1 13 0 0 2 41
1729 10714 318 312 13 9 0 301 8 6 298 1 13 0 0 2 41
1730 10708 321 315 13 9 0 301 8 6 298 1 13 0 0 2 41
1731 10710 320 314 13 9 0 301 8 6 298 1 13 0 0 2 41
1732 10714 318 312 13 9 0 301 8 6 298 1 13 0 0 2 41
1733 10719 315 309 14 9 0 301 8 6 298 1 13 0 0 2 41
1734 10717 316 310 14 9 0 301 8 6 298 1 13 0 0 2 41
1735 10716 316 310 15 9 0 301 8 6 298 1 13 0 0 2 41
1736 10714 317 311 15 9 0 301 8 6 298 1 13 0 0 2 41
1737 10714 317 311 15 9 0 301 8 6 298 1 13 0 0 2 41
1738 10718 315 309 15 9 0 301 8 6 298 1 13 0 0 2 41
1739 10716 316 310 15 9 0 301 8 6 298 1 13 0 0 2 41
1740 10721 314 307 15 9 0 301 8 6 297 1 14 0 0 2 41
1741 10722 314 307 14 9 0 301 8 6 297 1 14 0 0 2 41
1742 10720 315 308 14 9 0 301 8 6 297 1 14 0 0 2 41
1743 10726 312 305 14 9 0 301 8 6 297 1 14 0 0 2 41
1744 10726 311 305 15 9 0 301 8 6 298 1 13 0 0 2 41
1745 10728 310 304 15 9 0 301 8 6 298 1 13 0 0 2 41
1746 10725 311 306 15 9 0 301 8 7 298 0 13 0 0 2 41
1747 10725 311 306 15 9 0 301 8 7 298 0 13 0 0 2 41
1748 10724 312 307 14 9 0 301 8 7 298 0 13 0 0 2 41
1749 10726 311 306 14 9 0 301 8 7 298 0 13 0 0 2 41
1750 10728 310 305 14 9 0 301 8 7 298 0 13 0 0 2 41
1751 10724 312 307 14 9 0 301 8 7 298 0 13 0 0 2 41
1752 10722 313 308 14 9 0 301 8 7 298 0 13 0 0 2 41
1753 10724 312 307 14 9 0 301 8 7 298 0 13 0 0 2 41
1754 10726 311 306 14 9 0 301 8 7 298 0 13 0 0 2 41
1755 10726 311 306 14 9 0 301 8 7 298 0 13 0 0 2 41
1756 10726 311 306 14 9 0 301 8 7 298 0 13 0 0 2 41
1757 10728 310 305 14 9 0 301 8 7 298 0 13 0 0 2 41
1758 10724 312 308 13 9 0 300 9 7 298 0 13 0 0 2 41
1759 10727 311 307 12 9 0 300 9 7 298 0 13 0 0 2 41
1760 10731 309 305 12 10 0 299 9 7 298 0 13 0 0 3 40
1761 10729 310 306 12 10 0 299 9 7 298 0 13 0 0 3 40
1762 10736 307 303 11 10 0 299 9 7 298 0 13 0 0 3 40
1763 10740 306 301 10 10 0 300 8 7 298 0 13 0 0 3 40
1764 10739 307 302 9 10 0 300 8 7 298 0 13 0 0 3 40
1765 10739 307 302 9 10 0 300 8 7 298 0 13 0 0 3 40
1766 10739 307 302 9 10 0 300 8 7 298 0 13 0 0 3 40
1767 10743 305 300 9 10 0 300 8 7 298 0 13 0 0 3 40
1768 10749 302 297 9 10 0 300 8 7 298 0 13 0 0 3 40
1769 10747 303 298 9 10 0 300 8 7 298 0 13 0 0 3 40
1770 10751 301 296 9 10 0 300 8 7 298 0 13 0 0 3 40
1771 10753 300 295 9 10 0 300 8 7 298 0 13 0 0 3 40
1772 10754 300 294 9 10 0 301 7 7 298 0 13 0 0 3 40
1773 10756 299 293 9 10 0 301 7 7 298 0 13 0 0 3 40
1774 10755 300 294 8 10 0 301 7 7 298 0 13 0 0 3 40
1775 10759 298 292 8 10 0 301 7 7 298 0 13 0 0 3 40
1776 10759 298 292 8 10 0 301 7 7 298 0 13 0 0 3 40
1777 10755 300 294 8 10 0 301 7 8 297 0 13 0 1 3 39
1778 10755 300 294 8 10 0 301 7 8 297 0 13 0 1 3 39
1779 10754 301 295 7 10 0 301 7 8 297 0 13 0 1 3 39
1780 10758 299 293 7 10 0 301 7 8 297 0 13 0 1 3 39
1781 10766 295 289 7 10 0 301 7 8 297 0 13 0 1 3 39
1782 10762 297 291 7 11 0 300 7 9 296 0 13 0 1 3 39
1783 10764 296 291 6 11 0 300 7 9 297 0 12 0 1 3 39
1784 10768 294 289 6 11 0 300 7 9 297 0 12 0 1 3 39
1785 10766 295 290 6 11 0 300 7 9 297 0 12 0 1 3 39
1786 10767 294 289 7 11 0 300 7 9 297 0 12 0 1 3 39
1787 10774 291 286 6 11 0 300 7 9 297 0 12 0 1 3 39
1788 10776 290 285 6 11 0 300 7 9 297 0 12 0 1 3 39
1789 10780 288 283 6 11 0 300 7 9 297 0 12 0 1 3 39
1790 10788 284 279 6 11 0 300 7 9 297 0 12 0 1 3 39
1791 10788 284 279 6 11 0 300 7 9 297 0 12 0 1 3 39
1792 10789 284 278 6 11 0 301 6 9 297 0 12 0 1 3 39
1793 10787 285 279 6 11 0 301 6 9 297 0 12 0 1 3 39
1794 10795 281 275 6 11 0 301 6 9 297 0 12 0 1 3 39
1795 10790 283 278 6 11 0 301 6 9 298 0 11 0 1 3 39
1796 10792 282 277 6 11 0 301 6 9 298 0 11 0 1 3 39
1797 10796 280 275 6 11 0 301 6 9 298 0 11 0 1 3 39
1798 10794 281 276 6 11 0 301 6 9 298 0 11 0 1 3 39
1799 10791 282 277 7 11 0 300 7 9 297 0 12 0 1 3 39
1800 10797 279 274 7 11 0 300 7 9 297 0 12 0 1 3 39
1801 10791 282 277 7 11 0 300 7 9 297 0 12 0 1 3 39
1802 10796 280 274 7 11 0 301 6 9 297 0 12 0 1 3 39
1803 10793 281 275 8 11 0 301 6 9 297 0 12 0 1 3 39
1804 10793 281 275 8 11 0 301 6 9 297 0 12 0 1 3 39
1805 10797 279 273 8 11 0 301 6 9 297 0 12 0 1 3 39
1806 10791 282 276 8 11 0 301 6 9 297 0 12 0 1 3 39
1807 10793 281 275 8 11 0 301 6 9 297 0 12 0 1 3 39
1808 10797 279 273 8 11 0 301 6 9 297 0 12 0 1 3 39
1809 10797 279 273 8 11 0 301 6 9 297 0 12 0 1 3 39
1810 10797 279 273 8 11 0 301 6 9 297 0 12 0 1 3 39
1811 10801 277 271 8 11 0 301 6 9 297 0 12 0 1 3 39
1812 10801 277 271 8 11 0 301 6 9 297 0 12 0 1 3 39
1813 10799 278 272 8 11 0 301 6 9 297 0 12 0 1 3 39
1814 10800 277 272 8 11 0 300 7 9 297 0 12 0 1 3 39
1815 10797 278 273 9 11 0 300 7 9 297 0 12 0 1 3 39
1816 10796 278 273 10 11 0 300 7 9 297 0 12 0 1 3 39
1817 10796 278 273 10 11 0 300 7 9 297 0 12 0 1 3 39
1818 10798 277 272 10 11 0 300 7 9 297 0 12 0 1 3 39
1819 10796 278 273 10 11 0 300 7 9 297 0 12 0 1 3 39
1820 10802 275 270 10 11 0 300 7 9 297 0 12 0 1 3 39
1821 10808 272 267 10 11 0 300 7 9 297 0 12 0 1 3 39
1822 10812 270 265 10 11 0 300 7 9 297 0 12 0 1 3 39
1823 10813 270 264 10 11 0 301 6 9 297 0 12 0 1 3 39
1824 10815 269 263 10 11 0 301 6 9 297 0 12 0 1 3 39
1825 10807 273 267 10 11 0 301 6 9 297 0 12 0 1 3 39
1826 10805 274 268 10 11 0 301 6 9 297 0 12 0 1 3 39
1827 10806 273 267 11 11 0 301 6 9 297 0 12 0 1 3 39
1828 10813 270 264 10 11 0 301 6 9 297 0 12 0 1 3 39
1829 10812 270 265 10 11 0 300 7 9 297 0 12 0 1 3 39
1830 10808 272 267 10 11 0 299 8 9 296 0 13 0 1 3 39
1831 10805 274 268 10 11 0 299 8 9 295 0 14 0 1 3 39
1832 10803 275 269 10 11 0 299 8 9 295 0 14 0 1 3 39
1833 10807 273 267 10 11 0 299 8 9 295 0 14 0 1 3 39
1834 10811 271 265 10 11 0 299 8 9 295 0 14 0 1 3 39
1835 10811 270 265 11 11 0 298 9 9 295 0 14 0 1 3 39
1836 10815 269 264 9 11 0 298 9 9 295 0 14 0 1 3 39
1837 10817 269 264 7 11 0 298 9 9 295 0 14 0 1 3 39
1838 10819 268 263 7 11 0 298 9 9 295 0 14 0 1 3 39
1839 10821 267 262 7 11 0 298 9 9 295 0 14 0 1 3 39
1840 10822 266 261 8 11 0 298 9 9 295 0 14 0 1 3 39
1841 10822 266 261 8 11 0 298 9 9 295 0 14 0 1 3 39
1842 10822 266 261 8 11 0 298 9 9 295 0 14 0 1 3 39
1843 10821 267 261 8 12 0 297 9 10 293 0 15 0 1 3 39
1844 10821 267 261 8 12 0 297 9 10 293 0 15 0 1 3 39
1845 10821 267 261 8 12 0 297 9 10 293 0 15 0 1 3 39
1846 10825 265 259 8 12 0 297 9 10 293 0 15 0 1 3 39
1847 10824 265 260 8 12 0 297 9 10 294 0 14 0 1 3 39
1848 10830 262 257 8 12 0 297 9 10 294 0 14 0 1 3 39
1849 10827 263 258 9 12 0 297 9 10 294 0 14 0 1 3 39
1850 10833 260 255 9 12 0 297 9 10 294 0 14 0 1 3 39
1851 10832 261 255 9 12 0 297 9 10 293 0 15 0 1 3 39
1852 10829 263 257 8 12 0 297 9 10 293 0 15 0 1 3 39
1853 10832 262 256 7 12 0 297 9 10 293 0 15 0 1 3 39
1854 10831 263 256 7 12 0 297 9 10 292 0 16 0 1 3 39
1855 10831 263 256 7 12 0 297 9 10 292 0 16 0 1 3 39
1856 10834 261 256 6 12 0 296 10 10 293 0 15 0 1 3 39
1857 10838 259 254 6 12 0 296 10 10 293 0 15 0 1 3 39
1858 10839 259 253 6 12 0 297 9 10 293 0 15 0 1 3 39
1859 10841 258 252 6 12 0 297 9 10 293 0 15 0 1 3 39
1860 10843 257 251 6 12 0 297 9 10 293 0 15 0 1 3 39
1861 10843 257 251 6 12 0 297 9 10 293 0 15 0 1 3 39
1862 10845 256 250 6 12 0 297 9 10 293 0 15 0 1 3 39
1863 10847 255 249 6 12 0 297 9 10 293 0 15 0 1 3 39
1864 10843 257 251 6 12 0 297 9 10 293 0 15 0 1 3 39
1865 10841 258 252 6 12 0 297 9 10 293 0 15 0 1 3 39
1866 10843 257 251 6 12 0 297 9 10 293 0 15 0 1 3 39
1867 10847 255 249 6 12 0 297 9 10 293 0 15 0 1 3 39
1868 10845 256 250 6 12 0 297 9 10 293 0 15 0 1 3 39
1869 10852 252 247 6 12 0 297 9 10 294 0 14 0 1 3 39
1870 10857 250 245 5 12 0 297 9 10 294 0 14 0 1 3 39
1871 10860 249 243 5 12 0 298 8 10 294 0 14 0 1 3 39
1872 10862 247 241 7 12 0 298 8 10 294 0 14 0 1 3 39
1873 10863 246 241 7 12 0 298 8 10 295 0 13 0 1 3 39
1874 10863 246 241 7 12 0 298 8 11 294 0 13 0 2 3 38
1875 10861 247 242 7 12 0 298 8 11 294 0 13 0 2 3 38
1876 10865 245 240 7 12 0 298 8 11 294 0 13 0 2 3 38
1877 10864 246 241 6 13 0 297 8 12 293 0 13 0 2 3 38
1878 10860 248 243 6 13 0 297 8 12 293 0 13 0 2 3 38
1879 10862 247 242 6 14 0 296 8 12 293 1 12 0 2 3 38
1880 10864 246 241 6 14 0 296 8 12 293 1 12 0 2 3 38
1881 10867 245 239 6 14 0 297 7 12 293 1 12 0 2 3 38
1882 10871 243 237 6 14 0 297 7 12 293 1 12 0 2 3 38
1883 10867 245 239 6 14 0 297 7 12 293 1 12 0 2 3 38
1884 10863 247 241 6 14 0 297 7 12 293 1 12 0 2 3 38
1885 10863 247 241 6 14 0 297 7 12 293 1 12 0 2 3 38
1886 10861 248 242 6 14 0 297 7 12 293 1 12 0 2 3 38
1887 10863 247 241 6 14 0 297 7 12 293 1 12 0 2 3 38
1888 10861 248 242 6 14 0 297 7 12 293 1 12 0 2 3 38
1889 10861 248 242 6 14 0 297 7 12 293 1 12 0 2 3 38
1890 10861 248 242 6 14 0 297 7 12 293 1 12 0 2 3 38
1891 10863 247 241 6 14 0 297 7 12 293 1 12 0 2 3 38
1892 10866 246 239 6 14 0 297 7 12 292 1 13 0 2 3 38
1893 10864 247 240 6 14 0 297 7 12 292 1 13 0 2 3 38
1894 10862 248 241 6 14 0 297 7 12 292 1 13 0 2 3 38
1895 10856 251 244 6 14 0 297 7 12 292 1 13 0 2 3 38
1896 10857 250 244 6 14 0 297 7 12 293 1 12 0 2 3 38
1897 10853 252 246 6 14 0 297 7 12 293 1 12 0 2 3 38
1898 10851 253 247 6 14 0 297 7 12 293 1 12 0 2 3 38
1899 10856 251 245 5 14 0 297 7 12 293 1 12 0 2 3 38
1900 10858 250 244 5 14 0 297 7 12 293 1 12 0 2 3 38
1901 10856 251 245 5 14 0 297 7 12 293 1 12 0 2 3 38
1902 10854 252 246 5 15 0 296 7 12 293 1 12 0 2 4 37
1903 10856 251 245 5 15 0 296 7 12 293 1 12 0 2 4 37
1904 10857 250 245 5 15 0 296 7 12 294 1 11 0 2 4 37
1905 10859 249 244 5 15 0 296 7 12 294 1 11 0 2 4 37
1906 10863 247 243 4 15 0 295 8 12 294 1 11 0 2 4 37
1907 10861 248 244 4 15 0 295 8 12 294 1 11 0 2 4 37
1908 10859 249 245 4 15 0 295 8 12 294 1 11 0 2 4 37
1909 10867 245 241 4 15 0 295 8 12 294 1 11 0 2 4 37
1910 10862 247 244 4 15 0 294 9 12 294 1 11 0 2 4 37
1911 10860 248 245 4 15 0 294 9 12 294 1 11 0 2 4 37
1912 10859 249 245 4 16 0 294 8 13 293 1 11 0 2 4 37
1913 10859 249 245 4 16 0 294 8 13 293 1 11 0 2 4 37
1914 10853 252 248 4 17 0 293 8 14 292 1 11 0 2 4 37
1915 10854 251 248 4 17 0 294 7 14 294 1 9 0 2 4 37
1916 10854 251 248 4 17 0 294 7 14 294 1 9 0 2 4 37
1917 10850 253 250 4 17 0 294 7 14 294 1 9 0 2 4 37
1918 10852 252 249 4 17 0 294 7 14 294 1 9 0 2 4 37
1919 10854 251 248 4 17 0 294 7 14 294 1 9 0 2 4 37
1920 10852 252 249 4 17 0 294 7 14 294 1 9 0 2 4 37
