0 1979 195 0 0 0 0 0 0 0 0 0 0 0 0 0 0
1 11646 195 195 0 0 0 0 0 0 0 0 0 0 0 0 0
2 11650 193 193 0 0 0 0 0 0 0 0 0 0 0 0 0
3 11652 192 192 0 0 0 0 0 0 0 0 0 0 0 0 0
4 11652 192 192 0 0 0 0 0 0 0 0 0 0 0 0 0
5 11644 196 196 0 0 0 0 0 0 0 0 0 0 0 0 0
6 11642 197 197 0 0 0 0 0 0 0 0 0 0 0 0 0
7 11642 197 197 0 0 0 0 0 0 0 0 0 0 0 0 0
8 11644 196 196 0 0 0 0 0 0 0 0 0 0 0 0 0
9 11650 193 193 0 0 0 0 0 0 0 0 0 0 0 0 0
10 11654 191 191 0 0 0 0 0 0 0 0 0 0 0 0 0
11 11656 190 190 0 0 0 0 0 0 0 0 0 0 0 0 0
12 11656 190 190 0 0 0 0 0 0 0 0 0 0 0 0 0
13 11658 189 189 0 0 0 0 0 0 0 0 0 0 0 0 0
14 11660 188 188 0 0 0 0 0 0 0 0 0 0 0 0 0
15 11660 188 188 0 0 0 0 0 0 0 0 0 0 0 0 0
16 11662 187 187 0 0 0 0 0 0 0 0 0 0 0 0 0
17 11658 189 189 0 0 0 0 0 0 0 0 0 0 0 0 0
18 11660 188 188 0 0 0 0 0 0 0 0 0 0 0 0 0
19 11656 190 190 0 0 0 0 0 0 0 0 0 0 0 0 0
20 11656 190 190 0 0 0 0 0 0 0 0 0 0 0 0 0
21 11654 191 191 0 0 0 0 0 0 0 0 0 0 0 0 0
22 11652 192 192 0 0 0 0 0 0 0 0 0 0 0 0 0
23 11646 195 195 0 0 0 0 0 0 0 0 0 0 0 0 0
24 11646 195 195 0 0 0 0 0 0 0 0 0 0 0 0 0
25 11640 198 198 0 0 0 0 0 0 0 0 0 0 0 0 0
26 11642 197 197 0 0 0 0 0 0 0 0 0 0 0 0 0
27 11642 197 197 0 0 0 0 0 0 0 0 0 0 0 0 0
28 11646 195 195 0 0 0 0 0 0 0 0 0 0 0 0 0
29 11640 198 198 0 0 0 0 0 0 0 0 0 0 0 0 0
30 11636 200 200 0 0 0 0 0 0 0 0 0 0 0 0 0
31 11636 200 200 0 0 0 0 0 0 0 0 0 0 0 0 0
32 11636 200 200 0 0 0 0 0 0 0 0 0 0 0 0 0
33 11638 199 199 0 0 0 0 0 0 0 0 0 0 0 0 0
34 11640 198 198 0 0 0 0 0 0 0 0 0 0 0 0 0
35 11634 201 201 0 0 0 0 0 0 0 0 0 0 0 0 0
36 11632 202 202 0 0 0 0 0 0 0 0 0 0 0 0 0
37 11628 204 204 0 0 0 0 0 0 0 0 0 0 0 0 0
38 11629 203 203 1 0 0 0 0 0 0 0 0 0 0 0 0
39 11629 203 203 1 0 0 0 0 0 0 0 0 0 0 0 0
40 11627 204 204 1 0 0 0 0 0 0 0 0 0 0 0 0
41 11625 205 205 1 0 0 0 0 0 0 0 0 0 0 0 0
42 11613 211 211 1 0 0 0 0 0 0 0 0 0 0 0 0
43 11611 212 212 1 0 0 0 0 0 0 0 0 0 0 0 0
44 11604 215 215 2 0 0 0 0 0 0 0 0 0 0 0 0
45 11590 222 222 2 0 0 0 0 0 0 0 0 0 0 0 0
46 11592 221 221 2 0 0 0 0 0 0 0 0 0 0 0 0
47 11586 224 224 2 0 0 0 0 0 0 0 0 0 0 0 0
48 11582 226 226 2 0 0 0 0 0 0 0 0 0 0 0 0
49 11572 231 231 2 0 0 0 0 0 0 0 0 0 0 0 0
50 11564 235 235 2 0 0 0 0 0 0 0 0 0 0 0 0
51 11559 237 237 3 0 0 0 0 0 0 0 0 0 0 0 0
52 11543 245 245 3 0 0 0 0 0 0 0 0 0 0 0 0
53 11535 249 249 3 0 0 0 0 0 0 0 0 0 0 0 0
54 11525 254 254 3 0 0 0 0 0 0 0 0 0 0 0 0
55 11511 261 261 3 0 0 0 0 0 0 0 0 0 0 0 0
56 11505 264 264 3 0 0 0 0 0 0 0 0 0 0 0 0
57 11493 270 270 3 0 0 0 0 0 0 0 0 0 0 0 0
58 11480 276 276 4 0 0 0 0 0 0 0 0 0 0 0 0
59 11476 278 278 4 0 0 0 0 0 0 0 0 0 0 0 0
60 11468 282 282 4 0 0 0 0 0 0 0 0 0 0 0 0
61 11456 288 288 4 0 0 0 0 0 0 0 0 0 0 0 0
62 11442 295 295 4 0 0 0 0 0 0 0 0 0 0 0 0
63 11432 300 300 4 0 0 0 0 0 0 0 0 0 0 0 0
64 11418 307 307 4 0 0 0 0 0 0 0 0 0 0 0 0
65 11395 318 318 5 0 0 0 0 0 0 0 0 0 0 0 0
66 11383 323 323 7 0 0 0 0 0 0 0 0 0 0 0 0
67 11369 329 329 9 0 0 0 0 0 0 0 0 0 0 0 0
68 11365 331 331 9 0 0 0 0 0 0 0 0 0 0 0 0
69 11344 341 341 10 0 0 0 0 0 0 0 0 0 0 0 0
70 11338 344 344 10 0 0 0 0 0 0 0 0 0 0 0 0
71 11311 357 357 11 0 0 0 0 0 0 0 0 0 0 0 0
72 11300 362 362 12 0 0 0 0 0 0 0 0 0 0 0 0
73 11276 374 374 12 0 0 0 0 0 0 0 0 0 0 0 0
74 11252 386 386 12 0 0 0 0 0 0 0 0 0 0 0 0
75 11227 398 398 13 0 0 0 0 0 0 0 0 0 0 0 0
76 11214 404 404 14 0 0 0 0 0 0 0 0 0 0 0 0
77 11194 414 413 13 0 0 1 0 0 0 0 1 0 0 0 0
78 11180 421 420 13 0 0 1 0 0 0 0 1 0 0 0 0
79 11156 433 432 13 0 0 1 0 0 0 0 1 0 0 0 0
80 11138 442 441 13 0 0 1 0 0 0 0 1 0 0 0 0
81 11120 451 450 13 0 0 1 0 0 0 0 1 0 0 0 0
82 11118 452 451 13 0 0 1 0 0 0 0 1 0 0 0 0
83 11103 459 458 14 0 0 1 0 0 0 0 1 0 0 0 0
84 11073 474 473 14 0 0 1 0 0 0 0 1 0 0 0 0
85 11063 479 478 14 0 0 1 0 0 0 0 1 0 0 0 0
86 11049 486 485 14 0 0 1 0 0 0 0 1 0 0 0 0
87 11036 492 491 15 0 0 1 0 0 0 0 1 0 0 0 0
88 11033 494 493 14 0 0 1 0 0 0 0 1 0 0 0 0
89 11015 502 501 16 0 0 1 0 0 0 0 1 0 0 0 0
90 11006 506 504 16 0 0 2 0 0 0 0 2 0 0 0 0
91 10985 516 514 17 0 0 2 0 0 0 0 2 0 0 0 0
92 10983 516 514 19 0 0 2 0 0 0 0 2 0 0 0 0
93 10966 523 521 22 0 0 2 0 0 0 0 2 0 0 0 0
94 10953 529 527 23 0 0 2 0 0 0 0 2 0 0 0 0
95 10942 534 532 24 0 0 2 0 0 0 0 2 0 0 0 0
96 10911 549 547 25 0 0 2 0 0 0 0 2 0 0 0 0
97 10905 552 550 25 0 0 2 0 0 0 0 2 0 0 0 0
98 10891 559 557 25 0 0 2 0 0 0 0 2 0 0 0 0
99 10872 568 566 26 0 0 2 0 0 0 0 2 0 0 0 0
100 10851 578 576 27 0 0 2 0 0 0 0 2 0 0 0 0
101 10843 581 579 29 0 0 2 0 0 0 0 2 0 0 0 0
102 10829 587 585 31 0 0 2 0 0 0 0 2 0 0 0 0
103 10832 585 583 32 0 0 2 0 0 0 0 2 0 0 0 0
104 10821 590 588 33 0 0 2 0 0 0 0 2 0 0 0 0
105 10821 590 587 32 0 0 3 0 0 0 0 3 0 0 0 0
106 10812 594 591 33 0 0 3 0 0 0 0 3 0 0 0 0
107 10809 595 592 34 0 0 3 0 0 0 0 3 0 0 0 0
108 10804 598 595 33 0 0 3 0 0 0 0 3 0 0 0 0
109 10791 605 601 31 0 0 4 0 0 0 0 4 0 0 0 0
110 10780 610 606 32 0 0 4 0 0 0 0 4 0 0 0 0
111 10778 611 607 32 0 0 4 0 0 0 0 4 0 0 0 0
112 10778 610 606 34 0 0 4 0 0 0 0 4 0 0 0 0
113 10768 615 611 34 0 0 4 0 0 0 0 4 0 0 0 0
114 10751 623 619 35 0 0 4 0 0 0 0 4 0 0 0 0
115 10742 627 623 36 0 0 4 0 0 0 0 4 0 0 0 0
116 10744 626 622 36 0 0 4 0 0 0 0 4 0 0 0 0
117 10739 628 624 37 0 0 4 0 0 0 0 4 0 0 0 0
118 10731 631 627 39 0 0 4 0 0 0 0 4 0 0 0 0
119 10727 632 627 40 0 0 5 0 0 0 0 5 0 0 0 0
120 10722 634 629 41 0 0 5 0 0 0 0 5 0 0 0 0
121 10716 637 632 41 0 0 5 0 0 0 0 5 0 0 0 0
122 10710 640 635 41 0 0 5 0 0 0 0 5 0 0 0 0
123 10691 649 644 42 0 0 5 0 0 0 0 5 0 0 0 0
124 10684 652 647 43 0 0 5 0 0 0 0 5 0 0 0 0
125 10667 661 656 42 0 0 5 0 0 0 0 5 0 0 0 0
126 10652 669 664 41 0 0 5 0 0 0 0 5 0 0 0 0
127 10634 676 671 45 0 0 5 0 0 0 0 5 0 0 0 0
128 10618 683 678 47 0 0 5 0 0 0 0 5 0 0 0 0
129 10600 691 686 49 0 0 5 0 0 0 0 5 0 0 0 0
130 10602 689 684 51 0 0 5 0 0 0 0 5 0 0 0 0
131 10595 692 687 52 0 0 5 0 0 0 0 5 0 0 0 0
132 10588 695 690 53 0 0 5 0 0 0 0 5 0 0 0 0
133 10568 705 699 52 0 0 6 0 0 0 0 6 0 0 0 0
134 10553 712 706 53 0 0 6 0 0 0 0 6 0 0 0 0
135 10553 712 706 53 0 0 6 0 0 0 0 6 0 0 0 0
136 10537 719 713 55 0 0 6 0 0 0 0 6 0 0 0 0
137 10519 728 722 55 0 0 6 0 0 0 0 6 0 0 0 0
138 10507 733 727 57 0 0 6 0 0 0 0 6 0 0 0 0
139 10483 745 738 56 0 0 7 0 0 0 0 7 0 0 0 0
140 10480 746 738 56 0 0 8 0 0 0 0 8 0 0 0 0
141 10474 749 741 56 0 0 8 0 0 0 0 8 0 0 0 0
142 10460 756 748 56 0 0 8 0 0 0 0 8 0 0 0 0
143 10442 764 755 57 0 0 9 0 0 0 0 9 0 0 0 0
144 10434 768 759 57 0 0 9 0 0 0 0 9 0 0 0 0
145 10423 772 763 60 0 0 9 0 0 0 0 9 0 0 0 0
146 10409 780 771 58 0 0 9 0 0 0 0 9 0 0 0 0
147 10397 786 777 58 0 0 9 0 0 0 0 9 0 0 0 0
148 10371 798 789 56 0 0 10 1 0 1 0 10 0 0 0 0
149 10353 807 798 56 0 0 10 1 0 1 0 10 0 0 0 0
150 10347 810 801 56 0 0 10 1 0 1 0 10 0 0 0 0
151 10335 817 808 54 0 0 10 1 0 1 0 10 0 0 0 0
152 10313 828 819 54 0 0 10 1 0 1 0 10 0 0 0 0
153 10287 840 831 56 0 0 10 1 0 1 0 10 0 0 0 0
154 10276 843 834 61 0 0 10 1 0 1 0 10 0 0 0 0
155 10257 851 842 62 0 0 10 2 0 1 0 11 0 0 0 0
156 10232 863 854 63 0 0 10 2 0 1 0 11 0 0 0 0
157 10212 873 865 62 0 0 9 3 0 1 0 11 0 0 0 0
158 10180 887 879 64 0 0 9 4 0 1 0 12 0 0 0 0
159 10140 904 896 70 0 0 9 4 0 1 0 12 0 0 0 0
160 10120 915 907 67 0 0 9 4 0 1 0 12 0 0 0 1
161 10095 926 918 70 0 0 9 4 0 1 0 12 0 0 0 1
162 10067 939 932 71 0 0 9 4 0 2 0 11 0 0 0 1
163 10045 950 942 70 0 0 10 4 0 2 0 12 0 0 0 1
164 10003 970 961 71 0 0 11 4 0 2 0 13 0 0 0 1
165 9974 981 972 78 0 0 11 4 0 2 0 13 0 0 0 1
166 9957 988 978 80 0 0 12 4 0 2 0 14 0 0 0 1
167 9935 997 986 83 0 0 13 4 0 2 0 15 0 0 0 1
168 9901 1013 1002 85 0 0 13 4 0 2 0 15 0 0 0 1
169 9883 1022 1011 85 0 0 13 4 0 2 0 15 0 0 0 1
170 9864 1030 1019 86 0 0 14 4 0 3 0 15 0 0 0 1
171 9846 1039 1028 86 0 0 14 4 0 3 0 15 0 0 0 1
172 9820 1051 1040 88 0 0 14 4 0 3 0 15 0 0 0 1
173 9797 1063 1053 86 0 0 14 4 0 4 0 14 0 0 0 1
174 9788 1066 1056 89 0 0 14 4 0 4 0 14 0 0 0 1
175 9768 1074 1064 93 0 0 14 4 0 4 0 14 0 0 0 1
176 9750 1083 1073 93 0 0 14 4 0 4 0 14 0 0 0 1
177 9725 1095 1085 94 0 0 14 4 0 4 0 14 0 0 0 1
178 9711 1101 1091 96 0 0 14 4 0 4 0 14 0 0 0 1
179 9688 1111 1100 98 0 0 15 4 0 4 0 15 0 0 0 1
180 9659 1124 1112 100 0 0 16 4 0 4 0 16 0 0 0 1
181 9640 1134 1122 99 0 0 16 4 0 4 0 16 0 0 0 1
182 9620 1143 1131 101 0 0 16 4 0 4 0 16 0 0 0 1
183 9598 1152 1140 105 0 0 16 4 0 4 0 16 0 0 0 1
184 9590 1154 1140 107 0 0 18 4 0 4 0 18 0 0 0 1
185 9582 1158 1144 107 0 0 18 4 0 4 0 18 0 0 0 1
186 9559 1168 1154 110 0 0 18 4 0 4 0 18 0 0 0 1
187 9539 1177 1163 112 0 0 18 4 0 4 0 18 0 0 0 1
188 9534 1180 1166 111 0 0 18 4 0 4 0 18 0 0 0 1
189 9521 1187 1173 110 0 0 18 4 0 4 0 18 0 0 0 1
190 9513 1188 1175 115 0 0 17 5 0 4 0 18 0 0 0 1
191 9504 1191 1178 118 0 0 17 5 0 4 0 18 0 0 0 1
192 9489 1199 1186 117 0 0 17 5 0 4 0 18 0 0 0 1
193 9478 1203 1189 119 0 0 18 5 0 4 0 19 0 0 0 1
194 9476 1204 1190 119 0 0 18 5 0 4 0 19 0 0 0 1
195 9474 1204 1190 121 0 0 18 5 0 4 0 19 0 0 0 1
196 9470 1206 1192 121 0 0 18 5 0 4 0 19 0 0 0 1
197 9456 1212 1197 122 0 0 19 5 0 4 0 20 0 0 0 1
198 9439 1220 1205 123 0 0 19 5 0 4 0 20 0 0 0 1
199 9426 1227 1212 122 0 0 19 5 0 4 0 20 0 0 0 1
200 9415 1233 1218 121 0 0 19 5 0 4 0 20 0 0 0 1
201 9400 1239 1224 124 0 0 19 5 0 4 0 20 0 0 0 1
202 9403 1238 1222 122 0 0 20 5 0 4 0 21 0 0 0 1
203 9397 1241 1225 122 0 0 20 5 0 4 0 21 0 0 0 1
204 9385 1246 1229 121 0 0 21 6 0 4 0 23 0 0 0 1
205 9383 1246 1228 122 0 0 22 6 0 4 0 24 0 0 0 1
206 9362 1255 1237 125 0 0 22 6 0 4 0 24 0 0 0 1
207 9356 1258 1240 125 0 0 22 6 0 4 0 24 0 0 0 1
208 9358 1257 1239 125 0 0 22 6 0 4 0 24 0 0 0 1
209 9353 1258 1239 127 0 0 23 6 0 4 0 25 0 0 0 1
210 9341 1262 1243 131 0 0 23 6 0 4 0 25 0 0 0 1
211 9323 1269 1250 135 0 0 23 6 0 4 0 25 0 0 0 1
212 9306 1276 1257 138 0 0 23 6 0 4 0 25 0 0 0 1
213 9294 1282 1258 133 0 0 28 6 0 4 0 30 0 0 0 1
214 9295 1282 1258 132 0 0 28 6 0 4 0 30 0 0 0 1
215 9304 1277 1253 133 0 0 28 6 0 4 0 30 0 0 0 1
216 9293 1282 1258 134 0 0 28 6 0 4 0 30 0 0 0 1
217 9288 1282 1257 138 0 0 29 6 0 4 0 31 0 0 0 1
218 9291 1280 1254 138 0 0 30 6 0 4 0 32 0 0 0 1
219 9297 1277 1251 138 0 0 30 6 0 4 0 32 0 0 0 1
220 9288 1281 1253 137 0 0 32 6 0 4 0 34 0 0 0 1
221 9289 1280 1252 138 0 0 32 6 0 4 0 34 0 0 0 1
222 9289 1280 1252 138 0 0 32 6 0 4 0 34 0 0 0 1
223 9284 1281 1250 138 0 0 35 6 0 4 0 37 0 0 0 1
224 9281 1282 1251 139 0 0 35 6 0 4 0 37 0 0 0 1
225 9269 1287 1257 140 0 0 35 6 0 5 0 36 0 0 0 1
226 9262 1290 1261 140 0 0 35 6 0 6 0 35 0 0 0 1
227 9264 1289 1259 139 0 0 36 6 0 6 0 36 0 0 0 1
228 9245 1297 1267 142 0 0 36 6 0 6 0 36 0 0 0 1
229 9228 1304 1273 144 0 0 37 6 0 6 0 37 0 0 0 1
230 9219 1308 1277 145 0 0 37 6 0 6 0 37 0 0 0 1
231 9213 1310 1280 146 0 0 37 6 0 7 0 36 0 0 0 1
232 9210 1310 1279 148 0 0 38 6 0 7 0 37 0 0 0 1
233 9198 1316 1284 147 0 0 39 6 0 7 0 38 0 0 0 1
234 9176 1324 1292 151 0 0 39 7 0 7 0 39 0 0 0 1
235 9166 1328 1296 153 0 0 39 7 0 7 0 39 0 0 0 1
236 9164 1328 1295 152 0 0 41 7 0 8 0 40 0 0 0 1
237 9162 1328 1293 152 0 0 43 7 0 8 0 42 0 0 0 1
238 9167 1326 1288 148 0 0 46 7 0 8 0 45 0 0 0 1
239 9167 1327 1289 146 0 0 46 7 0 8 0 45 0 0 0 1
240 9164 1328 1290 147 0 0 46 7 0 8 0 45 0 0 0 1
241 9169 1328 1289 141 0 0 47 7 0 8 0 46 0 0 0 1
242 9162 1330 1290 143 0 0 48 7 0 8 0 47 0 0 0 1
243 9153 1334 1294 144 0 0 48 7 0 8 0 47 0 0 0 1
244 9134 1343 1303 145 0 0 48 7 0 8 0 47 0 0 0 1
245 9119 1350 1309 145 0 0 49 7 0 8 0 48 0 0 0 1
246 9117 1350 1308 146 0 0 50 7 0 8 0 49 0 0 0 1
247 9106 1354 1311 150 0 0 50 7 0 7 0 50 0 0 0 1
248 9102 1356 1313 150 0 0 50 7 0 7 0 50 0 0 0 1
249 9095 1358 1316 152 0 0 49 8 0 7 0 50 0 0 0 1
250 9094 1356 1315 154 0 0 48 10 0 7 0 51 0 0 0 1
251 9085 1359 1317 157 0 0 49 9 0 7 0 51 0 0 0 2
252 9090 1355 1314 159 0 0 49 9 0 8 0 50 0 0 0 2
253 9085 1358 1317 158 0 0 49 9 0 8 0 50 0 0 0 2
254 9086 1357 1316 159 0 0 49 9 0 8 0 50 0 0 0 2
255 9084 1357 1315 160 0 0 50 9 0 8 0 51 0 0 0 2
256 9064 1367 1322 157 0 0 53 9 0 8 0 54 0 0 0 2
257 9061 1367 1322 158 0 0 54 9 0 9 0 54 0 0 0 2
258 9049 1372 1327 160 0 0 54 9 0 9 0 54 0 0 0 2
259 9051 1371 1326 158 0 0 54 10 0 9 0 55 0 0 0 2
260 9042 1374 1327 159 0 0 56 10 0 9 0 57 0 0 0 2
261 9030 1378 1331 163 0 0 56 10 0 9 0 57 0 0 0 2
262 9031 1375 1326 166 0 0 58 10 0 9 0 59 0 0 0 2
263 9026 1377 1327 166 0 0 59 10 0 9 0 60 0 0 0 2
264 9027 1376 1326 165 0 0 59 11 0 9 0 61 0 0 0 2
265 9010 1381 1329 168 0 0 61 12 0 9 0 64 0 0 0 2
266 8989 1387 1333 176 0 0 63 11 0 9 0 65 0 0 0 3
267 8964 1400 1343 172 0 0 66 11 0 9 0 68 0 0 0 3
268 8947 1406 1348 176 0 0 67 11 0 9 0 69 0 0 0 3
269 8928 1415 1358 174 0 0 67 12 0 10 0 69 0 0 0 3
270 8914 1421 1362 174 0 0 69 12 0 10 0 71 0 0 0 3
271 8913 1420 1362 176 0 0 69 12 0 11 0 70 0 0 0 3
272 8904 1421 1362 180 0 0 71 12 0 12 0 71 0 0 0 3
273 8888 1428 1367 182 0 0 72 12 0 11 0 73 0 0 0 3
274 8874 1433 1371 185 0 0 73 12 0 11 0 74 0 0 0 3
275 8845 1446 1384 186 0 0 73 13 0 11 0 75 0 0 0 3
276 8835 1449 1385 188 0 0 75 13 0 11 0 77 0 0 0 3
277 8822 1452 1390 193 0 0 74 14 0 12 0 76 0 0 0 3
278 8801 1460 1396 193 0 0 76 15 0 12 0 79 0 0 0 4
279 8807 1454 1388 197 0 0 78 15 0 12 0 81 0 0 0 4
280 8792 1458 1391 203 0 0 79 15 0 12 0 82 0 0 0 4
281 8773 1467 1398 200 0 0 81 15 0 12 0 84 0 0 0 6
282 8760 1471 1401 204 0 0 82 15 0 12 0 85 0 0 0 6
283 8740 1478 1411 207 0 0 81 16 0 14 0 83 0 0 0 6
284 8724 1484 1416 210 0 0 82 16 0 14 0 84 0 0 0 6
285 8709 1491 1423 209 0 0 82 17 0 14 0 85 0 0 0 6
286 8704 1494 1425 207 0 0 83 16 0 14 0 85 0 0 0 8
287 8703 1495 1422 202 0 0 87 16 0 14 0 89 0 0 0 8
288 8693 1500 1427 202 0 0 87 16 0 14 0 89 0 0 0 8
289 8688 1500 1426 206 0 0 88 16 0 14 0 90 0 0 0 8
290 8678 1504 1429 207 0 0 89 16 0 14 0 91 0 0 0 8
291 8683 1501 1425 207 0 0 90 16 0 14 0 92 0 0 0 8
292 8670 1506 1431 209 0 0 90 16 0 15 0 91 0 0 0 8
293 8657 1509 1435 215 0 0 90 16 0 16 0 90 0 0 0 8
294 8648 1512 1439 217 0 0 90 16 0 17 0 89 0 0 0 8
295 8623 1524 1453 216 0 0 90 16 0 19 0 87 0 0 0 8
296 8619 1524 1452 219 0 0 91 16 0 19 0 88 0 0 0 8
297 8619 1522 1450 223 0 0 91 16 0 19 0 88 0 0 0 8
298 8610 1526 1454 222 0 0 91 16 0 19 0 88 0 0 0 10
299 8604 1530 1458 220 0 0 91 16 0 19 0 88 0 0 0 10
300 8601 1530 1457 222 0 0 92 15 0 19 0 88 0 0 0 12
301 8599 1531 1458 222 0 0 92 15 0 19 0 88 0 0 0 12
302 8590 1532 1460 226 0 0 92 16 0 20 0 88 0 0 0 12
303 8588 1533 1461 226 0 0 92 16 0 20 0 88 0 0 0 12
304 8578 1536 1463 227 0 0 93 17 0 20 0 90 0 0 0 12
305 8561 1544 1470 229 0 0 94 16 0 20 0 90 0 0 0 12
306 8549 1548 1473 229 0 0 96 16 0 21 0 91 0 0 0 13
307 8536 1554 1479 230 0 0 96 16 0 21 0 91 0 0 0 13
308 8539 1553 1476 225 0 0 98 17 0 21 0 94 0 0 0 13
309 8539 1553 1473 224 0 0 100 17 0 20 0 97 0 0 0 13
310 8537 1555 1476 221 0 0 100 17 0 21 0 96 0 0 0 13
311 8540 1554 1475 220 0 0 100 17 0 21 0 96 0 0 0 13
312 8547 1551 1472 217 0 0 101 17 0 22 0 96 0 0 0 13
313 8551 1548 1468 218 0 0 102 17 0 22 0 97 0 0 0 13
314 8547 1549 1467 218 0 0 104 17 0 22 0 99 0 0 0 13
315 8549 1547 1467 216 0 0 105 17 0 25 0 97 0 0 0 13
316 8544 1550 1469 214 0 0 106 17 0 25 0 98 0 0 0 13
317 8545 1550 1467 210 0 0 108 17 0 25 0 100 0 0 0 14
318 8539 1551 1468 214 0 0 108 17 0 25 0 100 0 0 0 14
319 8534 1553 1468 213 0 0 110 17 0 25 0 102 0 0 0 14
320 8528 1556 1471 213 0 0 110 17 0 25 0 102 0 0 0 14
321 8535 1553 1468 211 0 0 111 16 0 26 0 101 0 0 0 15
322 8524 1558 1473 212 0 0 111 16 0 26 0 101 0 0 0 15
323 8532 1554 1469 212 0 0 111 16 0 26 0 101 0 0 0 15
324 8524 1558 1472 211 0 0 112 16 0 26 0 102 0 0 0 15
325 8523 1558 1473 211 0 0 112 16 0 27 0 101 0 0 0 15
326 8518 1560 1474 211 0 0 113 16 0 27 0 102 0 0 0 15
327 8520 1558 1471 211 0 0 115 15 0 28 0 102 0 0 0 16
328 8519 1557 1470 214 0 0 115 15 0 28 0 102 0 0 0 16
329 8512 1557 1469 216 0 0 117 16 0 29 0 104 0 0 0 16
330 8512 1557 1468 215 0 0 118 16 0 29 0 105 0 0 0 16
331 8517 1552 1465 218 0 0 118 16 0 31 0 103 0 0 0 16
332 8537 1540 1452 217 1 0 120 16 0 33 1 103 0 0 0 16
333 8546 1535 1446 215 1 0 121 17 0 33 1 105 0 0 0 16
334 8549 1532 1443 217 1 0 122 16 1 33 0 105 0 0 0 17
335 8551 1530 1441 219 1 0 122 16 1 33 0 105 0 0 0 17
336 8542 1533 1444 221 1 0 122 16 1 33 0 105 0 0 0 18
337 8539 1530 1441 226 1 0 123 17 1 34 0 106 0 0 0 18
338 8528 1536 1448 222 1 0 123 18 1 35 0 106 0 0 0 18
339 8513 1543 1456 222 1 0 123 18 1 36 0 105 0 0 0 18
340 8500 1546 1458 228 1 0 124 18 1 36 0 106 0 0 0 18
341 8472 1559 1471 230 1 0 124 18 1 36 0 106 0 0 0 18
342 8465 1561 1473 227 1 0 125 20 1 37 0 108 0 0 0 18
343 8470 1558 1472 224 1 0 125 21 1 39 0 107 0 0 0 18
344 8453 1565 1477 225 1 0 127 21 1 39 0 109 0 0 0 18
345 8447 1568 1479 224 1 0 128 21 1 39 0 110 0 0 0 18
346 8440 1571 1482 225 1 0 128 21 1 39 0 110 0 0 0 18
347 8433 1575 1484 220 1 0 130 22 1 39 0 113 0 0 0 18
348 8420 1580 1490 222 1 0 130 22 1 40 0 112 0 0 0 18
349 8413 1583 1492 220 1 0 131 23 1 40 0 114 0 0 0 18
350 8393 1590 1501 224 1 0 130 24 1 41 0 113 0 0 0 18
351 8390 1588 1498 228 1 0 131 25 1 41 0 115 0 0 0 18
352 8380 1589 1496 233 1 0 134 25 1 41 0 118 0 0 0 18
353 8370 1594 1498 231 1 0 137 24 1 41 0 120 0 0 0 19
354 8344 1607 1512 230 1 0 138 23 1 43 0 118 0 0 0 19
355 8323 1613 1517 236 1 0 139 24 1 43 0 120 0 0 0 19
356 8302 1624 1528 233 1 0 140 24 1 44 0 120 0 0 0 19
357 8280 1633 1537 237 1 0 140 24 1 44 0 120 0 0 0 19
358 8259 1638 1539 245 1 0 143 23 1 44 0 122 0 0 0 21
359 8239 1647 1548 247 1 0 144 22 1 45 0 121 0 0 0 21
360 8223 1653 1553 249 1 0 146 21 1 46 0 121 0 0 0 22
361 8200 1660 1560 254 1 0 147 22 1 47 0 122 0 0 0 22
362 8189 1665 1566 254 1 0 146 23 1 47 0 122 0 0 0 22
363 8162 1676 1577 255 1 0 147 24 1 48 0 123 0 0 0 22
364 8150 1683 1583 252 1 0 148 24 1 48 0 124 0 0 0 22
365 8143 1686 1588 245 1 0 146 29 1 48 0 127 0 0 0 22
366 8142 1688 1589 239 1 0 148 29 1 49 0 128 0 0 0 22
367 8130 1694 1595 237 1 0 148 30 1 49 0 129 0 0 0 22
368 8122 1697 1595 236 1 0 151 30 1 49 0 132 0 0 0 22
369 8120 1698 1596 234 1 0 151 31 1 49 0 133 0 0 0 22
370 8112 1701 1599 236 1 0 151 31 1 49 0 133 0 0 0 22
371 8099 1708 1604 234 1 0 153 30 1 49 0 134 0 0 0 23
372 8101 1707 1603 234 1 0 153 30 1 49 0 134 0 0 0 23
373 8092 1712 1607 232 1 0 154 30 1 49 0 135 0 0 0 23
374 8093 1710 1606 232 1 0 155 30 1 51 0 134 0 0 0 23
375 8101 1708 1603 223 1 0 157 31 1 52 0 136 0 0 0 23
376 8102 1707 1602 224 1 0 157 31 1 52 0 136 0 0 0 23
377 8097 1709 1605 224 1 0 157 31 1 53 0 135 0 0 0 23
378 8091 1708 1605 231 1 0 156 32 1 53 0 135 0 0 0 23
379 8087 1708 1604 233 1 0 157 32 1 53 0 136 0 0 0 24
380 8087 1707 1602 234 1 0 158 32 1 53 0 137 0 0 0 24
381 8078 1710 1601 236 1 0 161 31 1 52 0 140 0 0 0 25
382 8070 1714 1603 234 1 0 163 31 1 52 0 142 0 0 0 25
383 8075 1709 1597 240 1 0 163 31 1 51 0 143 0 0 0 25
384 8060 1715 1602 241 1 0 165 30 1 52 0 143 0 0 0 26
385 8058 1716 1604 239 1 0 164 31 1 52 0 143 0 0 0 27
386 8060 1712 1601 242 1 0 164 32 1 53 0 143 0 0 0 27
387 8067 1707 1594 244 1 0 166 31 1 53 0 144 0 0 0 28
388 8059 1710 1598 243 1 0 166 32 1 54 0 144 0 0 0 28
389 8063 1709 1595 240 1 0 168 30 1 54 0 144 0 0 0 31
390 8062 1709 1595 241 1 0 168 30 1 54 0 144 0 0 0 31
391 8048 1715 1601 243 1 0 168 30 1 54 0 144 0 0 0 31
392 8039 1717 1601 246 1 0 170 30 1 54 0 146 0 0 0 31
393 8042 1714 1599 248 1 0 169 31 1 54 0 146 0 0 0 31
394 8020 1724 1610 249 1 0 168 32 1 54 0 146 0 0 0 31
395 8008 1730 1616 249 1 0 168 32 1 54 0 146 0 0 0 31
396 8014 1728 1615 246 1 0 169 31 1 56 0 144 0 0 0 31
397 7998 1732 1620 253 1 0 169 31 1 57 0 143 0 0 0 31
398 7998 1731 1619 255 1 0 170 30 1 58 0 142 0 0 0 31
399 7990 1733 1621 257 1 0 171 30 1 59 0 142 0 0 0 31
400 7985 1738 1624 248 1 0 173 31 1 59 0 145 0 0 0 31
401 7987 1734 1621 251 1 0 174 31 1 61 0 144 0 0 0 31
402 7995 1731 1617 249 1 0 176 29 1 62 0 143 0 0 0 32
403 8015 1723 1607 245 1 0 178 28 1 62 0 144 0 0 0 32
404 8019 1722 1606 241 1 0 179 28 1 63 0 144 0 0 0 32
405 8016 1722 1608 240 1 0 177 31 1 63 0 145 0 0 0 32
406 8026 1716 1603 240 1 0 178 30 1 65 0 143 0 0 0 33
407 8027 1717 1604 237 1 0 178 30 1 65 0 143 0 0 0 33
408 8016 1720 1608 241 1 0 178 30 1 66 0 142 0 0 0 33
409 8025 1715 1604 241 1 0 178 30 1 67 0 141 0 0 0 33
410 8024 1715 1604 238 1 0 178 32 1 67 0 143 0 0 0 33
411 8026 1712 1599 240 1 0 181 31 1 68 0 144 0 0 0 33
412 8031 1712 1596 238 1 0 182 30 1 66 0 146 0 0 0 33
413 8034 1710 1593 238 1 0 183 30 1 66 0 147 0 0 0 33
414 8018 1718 1602 237 1 0 183 30 1 67 0 146 0 0 0 33
415 8009 1721 1606 239 1 0 184 29 1 69 0 144 0 0 0 33
416 8011 1719 1601 240 1 0 187 28 1 69 0 146 0 0 0 33
417 8011 1718 1601 239 1 0 188 28 1 71 0 145 0 0 0 33
418 8009 1718 1599 239 1 0 190 28 1 71 0 147 0 0 0 33
419 8000 1720 1602 243 1 0 189 29 1 71 0 147 0 0 0 33
420 8018 1712 1596 239 1 0 189 29 1 73 0 145 0 0 0 33
421 8028 1707 1591 235 1 0 190 30 1 74 0 146 0 0 0 33
422 8032 1704 1587 234 1 0 192 30 1 75 0 147 0 0 0 33
423 8029 1703 1586 238 1 0 193 29 1 76 0 146 0 0 0 34
424 8017 1709 1591 239 1 0 193 29 1 75 0 147 0 0 0 34
425 8007 1713 1593 239 1 0 195 29 1 75 0 149 0 0 0 34
426 7987 1722 1601 241 1 0 196 28 1 75 0 149 0 0 0 35
427 7983 1721 1599 246 1 0 197 28 1 75 0 150 0 0 0 35
428 7971 1725 1600 247 1 0 200 28 1 75 0 153 0 0 0 35
429 7975 1724 1599 243 1 0 200 29 1 75 0 154 0 0 0 35
430 7971 1726 1598 242 1 0 202 29 1 74 0 157 0 0 0 35
431 7968 1725 1598 244 1 0 203 29 1 76 0 156 0 0 0 35
432 7963 1723 1596 251 1 0 204 29 1 77 0 156 0 0 0 35
433 7954 1729 1604 246 1 0 204 29 1 79 0 154 0 0 0 35
434 7955 1728 1602 241 1 0 206 30 1 80 0 156 0 0 0 36
435 7954 1726 1600 243 1 0 207 30 1 81 0 156 0 0 0 37
436 7934 1733 1607 248 1 0 207 30 1 81 0 156 0 0 0 38
437 7940 1729 1602 249 1 0 208 30 1 81 0 157 0 0 0 38
438 7937 1730 1603 250 1 0 208 30 1 81 0 157 0 0 0 38
439 7925 1733 1607 255 1 0 208 30 1 82 0 156 0 0 0 38
440 7922 1734 1609 255 1 0 208 30 1 83 0 155 0 0 0 38
441 7925 1731 1608 254 1 0 208 31 1 85 0 154 0 0 0 38
442 7911 1736 1613 255 1 0 210 30 1 87 0 153 0 0 0 39
443 7905 1737 1617 255 1 0 209 31 1 89 0 151 0 0 0 40
444 7893 1740 1621 260 1 0 209 31 1 90 0 150 0 0 0 40
445 7896 1738 1621 259 1 0 208 32 1 91 0 149 0 0 0 40
446 7889 1741 1623 259 1 0 210 31 1 92 0 149 0 0 0 40
447 7888 1740 1619 259 1 0 213 31 1 92 0 152 0 0 0 40
448 7858 1753 1629 260 1 0 215 32 1 91 0 156 0 0 0 40
449 7863 1752 1626 257 1 0 216 32 1 90 0 158 0 0 0 40
450 7860 1749 1623 264 1 0 216 33 1 90 0 159 0 0 0 40
451 7848 1753 1630 265 1 0 214 35 1 91 0 158 0 0 0 40
452 7828 1759 1637 266 1 0 214 38 1 92 0 160 0 0 0 40
453 7825 1758 1635 270 1 0 215 38 1 92 0 161 0 0 0 40
454 7821 1759 1636 267 1 0 217 38 1 94 0 161 0 0 0 41
455 7809 1763 1637 268 1 0 220 38 1 94 0 164 0 0 0 41
456 7807 1761 1634 273 1 0 221 38 1 94 0 165 0 0 0 41
457 7807 1761 1634 271 1 0 221 39 1 94 0 166 0 0 0 41
458 7793 1765 1636 268 1 0 223 42 1 94 0 171 0 0 0 42
459 7786 1766 1639 268 1 0 222 44 1 95 0 171 0 0 0 43
460 7784 1764 1636 273 1 0 223 44 1 95 0 172 0 0 0 43
461 7774 1771 1639 264 1 0 227 44 1 95 0 176 0 0 0 44
462 7765 1773 1641 268 1 0 227 44 1 95 0 176 0 0 0 45
463 7750 1778 1645 272 1 0 229 43 1 96 0 176 0 0 0 45
464 7750 1779 1643 265 1 0 232 44 1 96 0 180 0 0 0 45
465 7740 1783 1643 267 1 0 235 43 1 95 0 183 0 0 0 45
466 7733 1785 1647 268 1 0 234 44 1 96 0 182 0 0 0 45
467 7728 1783 1647 274 1 0 235 43 1 99 0 179 0 0 0 46
468 7721 1783 1650 274 1 0 236 44 1 103 0 177 0 0 0 46
469 7702 1791 1655 275 1 0 239 43 1 103 0 179 0 0 0 47
470 7693 1792 1656 280 1 0 240 43 1 104 0 179 0 0 0 47
471 7682 1795 1657 280 1 0 243 43 1 105 0 181 0 0 0 48
472 7681 1795 1658 280 1 0 242 44 1 105 0 181 0 0 0 48
473 7653 1807 1670 284 1 0 242 44 1 105 0 181 0 0 0 48
474 7641 1809 1674 288 1 0 242 45 1 107 0 180 0 0 0 48
475 7627 1817 1681 285 1 0 243 45 1 107 0 181 0 0 0 48
476 7631 1812 1675 289 1 0 244 45 1 107 0 182 0 0 0 49
477 7620 1816 1680 291 1 0 244 45 1 108 0 181 0 0 0 49
478 7617 1816 1679 290 1 0 245 46 1 108 0 183 0 0 0 50
479 7610 1818 1675 289 1 0 250 46 1 107 0 189 0 0 0 50
480 7613 1818 1674 283 1 0 252 46 1 108 0 190 0 0 0 50
481 7619 1814 1667 284 1 0 254 46 1 107 0 193 0 0 0 50
482 7617 1812 1669 285 1 0 253 47 1 110 0 190 0 0 0 51
483 7616 1811 1668 287 1 0 253 47 1 110 0 190 0 0 0 52
484 7623 1806 1663 285 1 0 254 48 1 111 0 191 0 0 0 53
485 7613 1808 1666 290 1 0 253 49 1 111 0 191 0 0 0 53
486 7600 1811 1669 297 1 0 253 49 1 111 0 191 0 0 0 53
487 7601 1811 1668 295 1 0 254 49 1 111 0 192 0 0 0 53
488 7602 1808 1664 297 1 0 255 50 1 111 0 194 0 0 0 53
489 7606 1804 1660 299 1 0 256 50 1 112 0 194 0 0 0 53
490 7606 1801 1657 301 1 0 258 50 1 114 0 194 0 0 0 53
491 7603 1802 1656 299 1 0 260 50 1 114 0 196 0 0 0 54
492 7593 1802 1659 306 1 0 259 51 1 116 0 194 0 0 0 54
493 7582 1807 1661 308 1 0 262 49 1 116 0 195 0 0 0 54
494 7578 1806 1660 312 1 0 262 50 1 116 0 196 0 0 0 54
495 7550 1818 1673 315 1 0 261 51 1 116 0 196 0 0 0 54
496 7555 1815 1671 313 1 0 262 51 1 118 0 195 0 0 0 54
497 7547 1818 1672 313 1 0 264 51 1 118 0 197 0 0 0 54
498 7547 1817 1667 311 1 0 269 50 1 119 0 200 0 0 0 54
499 7545 1819 1669 309 1 0 270 49 1 120 0 199 0 0 0 54
500 7534 1823 1673 311 1 0 271 48 1 121 0 198 0 0 0 55
501 7536 1820 1671 314 1 0 271 48 1 122 0 197 0 0 0 55
502 7536 1818 1670 317 1 0 272 47 1 124 0 195 0 0 0 55
503 7538 1814 1669 319 1 0 272 47 1 127 0 192 0 0 0 56
504 7533 1817 1672 314 1 0 273 48 1 128 0 193 0 0 0 56
505 7524 1824 1678 308 1 0 274 48 1 128 0 194 0 0 0 56
506 7533 1819 1670 308 1 0 277 47 1 128 0 196 0 0 0 56
507 7535 1818 1669 308 1 0 278 46 1 129 0 195 0 0 0 56
508 7539 1815 1667 309 1 0 278 46 1 130 0 194 0 0 0 56
509 7534 1817 1670 303 1 0 278 49 1 131 0 196 0 0 0 56
510 7527 1820 1674 301 1 0 279 49 1 133 0 195 0 0 0 56
511 7541 1811 1668 300 1 0 280 49 1 137 0 192 0 0 0 56
512 7552 1806 1663 298 1 0 280 49 1 137 0 192 0 0 0 57
513 7551 1807 1664 295 1 0 281 49 1 138 0 192 0 0 0 57
514 7564 1799 1656 297 1 0 282 48 1 139 0 191 0 0 0 58
515 7554 1801 1658 301 1 0 283 48 1 140 0 191 0 0 0 58
516 7557 1800 1658 299 1 0 283 48 1 141 0 190 0 0 0 58
517 7556 1801 1657 297 1 0 285 47 1 141 0 191 0 0 0 59
518 7553 1803 1659 294 1 0 285 48 1 141 0 192 0 0 0 59
519 7552 1804 1656 293 1 0 289 46 1 141 0 194 0 0 0 59
520 7562 1798 1651 294 1 0 288 47 1 141 0 194 0 0 0 59
521 7572 1794 1646 291 1 0 289 47 1 141 0 195 0 0 0 59
522 7571 1791 1646 295 1 0 287 49 1 142 0 194 0 0 0 59
523 7571 1787 1643 298 1 0 288 50 1 144 0 194 0 0 0 59
524 7565 1788 1644 302 1 0 287 51 1 143 0 195 0 0 0 59
525 7571 1785 1641 300 1 0 289 50 1 145 0 194 0 0 0 59
526 7577 1781 1638 301 1 0 289 50 1 146 0 193 0 0 0 59
527 7584 1775 1635 303 1 0 289 50 1 149 0 190 0 0 0 59
528 7578 1777 1636 304 1 0 290 50 1 149 0 191 0 0 0 59
529 7570 1780 1640 303 1 0 291 50 1 151 0 190 0 0 0 59
530 7576 1777 1637 301 1 0 292 50 1 152 0 190 0 0 0 59
531 7558 1785 1643 305 1 0 293 49 1 151 0 191 0 0 0 59
532 7569 1775 1632 313 1 0 294 49 1 151 0 192 0 0 0 59
533 7576 1772 1628 309 1 0 295 50 1 151 0 194 0 0 0 59
534 7566 1774 1631 312 1 0 294 52 1 151 0 195 0 0 0 59
535 7561 1774 1631 315 1 0 294 53 1 151 0 196 0 0 0 59
536 7555 1776 1633 316 1 0 295 52 1 152 0 195 0 0 0 60
537 7554 1776 1633 317 1 0 296 51 1 153 0 194 0 0 0 60
538 7537 1784 1642 317 1 0 296 51 1 154 0 193 0 0 0 60
539 7534 1784 1643 317 1 0 297 51 1 156 0 192 0 0 0 60
540 7531 1785 1645 317 1 0 297 51 1 157 0 191 0 0 0 60
541 7525 1786 1645 319 1 0 298 51 1 157 0 192 0 0 0 61
542 7529 1784 1643 317 1 0 299 51 1 158 0 192 0 0 0 61
543 7528 1782 1642 321 1 0 298 52 1 158 0 192 0 0 0 61
544 7534 1779 1638 322 1 0 300 50 1 159 0 191 0 0 0 61
545 7542 1776 1635 320 1 0 300 50 1 159 0 191 0 0 0 61
546 7537 1776 1636 324 1 0 301 49 1 161 0 189 0 0 0 61
547 7529 1778 1638 328 1 0 302 48 1 162 0 188 0 0 0 61
548 7535 1775 1634 327 1 0 302 49 1 161 0 190 0 0 0 61
549 7534 1774 1633 330 1 0 303 48 1 162 0 189 0 0 0 61
550 7549 1766 1627 329 1 0 304 47 1 165 0 186 0 0 0 61
551 7558 1760 1622 331 1 0 303 48 1 165 0 186 0 0 0 61
552 7547 1766 1627 329 1 0 304 48 1 165 0 187 0 0 0 61
553 7539 1768 1630 330 1 0 303 50 1 165 0 188 0 0 0 61
554 7546 1767 1626 323 1 0 306 49 1 165 0 190 0 0 0 62
555 7540 1766 1627 328 1 0 306 49 1 167 0 188 0 0 0 63
556 7535 1770 1632 324 1 0 306 49 1 168 0 187 0 0 0 63
557 7538 1769 1629 323 1 0 307 49 1 167 0 189 0 0 0 63
558 7533 1771 1633 320 1 0 307 50 1 169 0 188 0 0 0 63
559 7535 1770 1631 321 1 0 308 49 1 169 0 188 0 0 0 63
560 7526 1773 1632 324 1 0 309 49 1 168 0 190 0 0 0 63
561 7533 1766 1627 325 1 0 309 51 1 170 0 190 0 0 0 63
562 7534 1766 1626 322 1 0 311 50 1 171 0 190 0 0 0 64
563 7545 1760 1619 322 1 0 313 49 1 172 0 190 0 0 0 64
564 7557 1754 1612 322 1 0 314 48 1 172 0 190 0 0 0 65
565 7570 1749 1605 320 1 0 316 46 1 172 0 190 0 0 0 66
566 7588 1740 1597 317 1 0 317 46 1 174 0 189 0 0 0 66
567 7607 1733 1588 312 1 0 319 45 1 174 0 190 0 0 0 66
568 7608 1734 1588 308 1 0 321 44 1 175 0 190 0 0 0 66
569 7617 1730 1585 305 1 0 321 44 1 176 0 189 0 0 0 67
570 7616 1731 1585 302 1 0 322 44 1 176 0 190 0 0 0 68
571 7618 1729 1584 303 1 0 322 44 1 177 0 189 0 0 0 68
572 7632 1723 1575 300 1 0 325 43 1 177 0 191 0 0 0 68
573 7623 1727 1579 301 1 0 325 43 1 177 0 191 0 0 0 68
574 7624 1725 1577 302 1 0 325 44 1 177 0 192 0 0 0 68
575 7623 1724 1579 302 1 0 324 45 1 179 0 190 0 0 0 68
576 7627 1720 1573 303 1 0 326 45 1 179 0 192 0 0 0 69
577 7633 1718 1570 300 1 0 328 44 1 180 0 192 0 0 0 69
578 7632 1713 1567 307 1 0 327 46 1 181 0 192 0 0 0 69
579 7646 1707 1560 304 1 0 328 46 1 181 0 193 0 0 0 69
580 7666 1697 1550 302 1 0 329 46 1 182 0 193 0 0 0 69
581 7662 1701 1553 299 1 0 330 45 1 182 0 193 0 0 0 69
582 7657 1703 1555 300 1 0 330 45 1 182 0 193 0 0 0 69
583 7652 1705 1557 299 1 0 331 45 1 183 0 193 0 0 0 69
584 7664 1697 1548 302 1 0 333 44 1 184 0 193 0 0 0 69
585 7678 1689 1542 302 0 0 334 44 0 187 0 191 0 0 0 69
586 7667 1694 1548 301 0 0 334 44 0 188 0 190 0 0 0 70
587 7667 1693 1548 300 0 0 332 47 0 187 0 192 0 0 0 70
588 7671 1691 1547 299 0 0 333 46 0 189 0 190 0 0 0 70
589 7666 1693 1549 300 0 0 333 46 0 189 0 190 0 0 0 70
590 7663 1691 1549 305 0 0 332 47 0 190 0 189 0 0 0 70
591 7669 1688 1546 303 0 0 332 48 0 190 0 190 0 0 0 70
592 7677 1684 1541 301 0 0 333 48 0 190 0 191 0 0 0 71
593 7682 1682 1538 299 0 0 334 48 0 190 0 192 0 0 0 71
594 7680 1680 1537 303 0 0 334 48 0 191 0 191 0 0 0 72
595 7673 1684 1542 301 0 0 333 49 0 191 0 191 0 0 0 72
596 7681 1677 1538 302 0 0 332 51 0 193 0 190 0 0 0 72
597 7684 1675 1535 302 0 0 333 51 0 193 0 191 0 0 0 72
598 7689 1671 1532 302 0 0 333 52 0 194 0 191 0 0 0 72
599 7697 1666 1527 304 0 0 333 52 0 194 0 191 0 0 0 72
600 7706 1659 1521 308 0 0 333 52 0 195 0 190 0 0 0 72
601 7705 1659 1521 307 0 0 334 52 0 196 0 190 0 0 0 72
602 7706 1660 1522 303 0 0 334 52 0 196 0 190 0 0 0 73
603 7721 1652 1514 302 0 0 335 52 0 197 0 190 0 0 0 73
604 7715 1655 1517 302 0 0 336 51 0 198 0 189 0 0 0 73
605 7709 1659 1521 300 0 0 335 52 0 197 0 190 0 0 0 73
606 7720 1650 1514 304 0 0 335 52 0 199 0 188 0 0 0 74
607 7710 1655 1523 300 0 0 334 53 0 202 0 185 0 0 0 74
608 7713 1652 1521 300 0 0 333 55 0 202 0 186 0 0 0 74
609 7711 1653 1520 300 0 0 335 54 0 202 0 187 0 0 0 74
610 7724 1645 1511 299 0 0 337 54 0 203 0 188 0 0 0 75
611 7742 1638 1503 295 0 0 338 53 0 203 0 188 0 0 0 76
612 7746 1637 1501 294 0 0 338 53 0 202 0 189 0 0 0 76
613 7751 1633 1497 297 0 0 339 52 0 203 0 188 0 0 0 76
614 7756 1633 1498 291 0 0 339 52 0 204 0 187 0 0 0 76
615 7763 1631 1496 288 0 0 339 52 0 204 0 187 0 0 0 76
616 7756 1633 1499 290 0 0 339 52 0 205 0 186 0 0 0 76
617 7758 1632 1497 291 0 0 341 50 0 206 0 185 0 0 0 76
618 7769 1631 1495 283 0 0 343 48 0 207 0 184 0 0 0 76
619 7772 1628 1494 284 0 0 342 49 0 208 0 183 0 0 0 76
620 7781 1623 1488 284 0 0 343 49 0 208 0 184 0 0 0 76
621 7787 1619 1484 286 0 0 343 49 0 208 0 184 0 0 0 76
622 7800 1615 1480 281 0 0 343 49 0 208 0 184 0 0 0 76
623 7799 1615 1480 282 0 0 343 49 0 208 0 184 0 0 0 76
624 7802 1614 1480 278 0 0 344 49 0 210 0 183 0 0 0 76
625 7814 1606 1474 280 0 0 344 49 0 212 0 181 0 0 0 76
626 7814 1606 1473 279 0 0 345 49 0 212 0 182 0 0 0 76
627 7803 1612 1479 277 0 0 345 49 0 212 0 182 0 0 0 77
628 7788 1618 1486 279 0 0 344 50 0 212 0 182 0 0 0 77
629 7799 1611 1481 280 0 0 344 50 0 214 0 180 0 0 0 77
630 7816 1603 1473 278 0 0 345 49 0 215 0 179 0 0 0 78
631 7821 1600 1470 278 0 0 346 48 0 216 0 178 0 0 0 79
632 7833 1594 1467 275 0 0 346 48 0 219 0 175 0 0 0 79
633 7838 1590 1465 275 0 0 346 48 0 221 0 173 0 0 0 80
634 7840 1589 1463 274 0 0 347 48 0 221 0 174 0 0 0 80
635 7852 1583 1456 274 0 0 348 47 0 221 0 174 0 0 0 81
636 7854 1582 1455 274 0 0 349 46 0 222 0 173 0 0 0 81
637 7852 1583 1457 270 0 0 349 47 0 223 0 173 0 0 0 82
638 7854 1582 1456 270 0 0 349 47 0 223 0 173 0 0 0 82
639 7860 1579 1454 269 0 0 349 47 0 224 0 172 0 0 0 82
640 7860 1578 1454 268 0 0 351 46 0 227 0 170 0 0 0 82
641 7872 1573 1450 265 0 0 351 46 0 228 0 169 0 0 0 82
642 7868 1575 1453 264 0 0 350 47 0 228 0 169 0 0 0 82
643 7887 1566 1445 262 0 0 350 47 0 229 0 168 0 0 0 82
644 7877 1571 1450 261 0 0 351 46 0 230 0 167 0 0 0 83
645 7887 1564 1445 261 0 0 350 48 0 231 0 167 0 0 0 83
646 7892 1561 1443 258 0 0 350 49 0 232 0 167 0 0 0 84
647 7892 1563 1443 255 0 0 351 48 0 231 0 168 0 0 0 85
648 7904 1558 1439 252 0 0 351 48 0 232 0 167 0 0 0 85
649 7917 1550 1431 252 0 0 352 48 0 233 0 167 0 0 0 86
650 7923 1547 1427 252 0 0 353 47 0 233 0 167 0 0 0 87
651 7941 1538 1419 249 0 0 354 47 0 235 0 166 0 0 0 87
652 7949 1536 1418 244 0 0 353 48 0 235 0 166 0 0 0 87
653 7943 1538 1423 243 0 0 353 48 0 238 0 163 0 0 0 87
654 7954 1532 1419 242 0 0 353 48 0 240 0 161 0 0 0 87
655 7949 1534 1422 242 0 0 352 49 0 240 0 161 0 0 0 87
656 7960 1528 1420 239 0 0 351 50 0 243 0 158 0 0 0 87
657 7976 1519 1411 241 0 0 352 49 0 244 0 157 0 0 0 87
658 7994 1511 1404 238 0 0 351 50 0 244 0 157 0 0 0 87
659 7987 1515 1407 238 0 0 351 50 0 243 0 158 0 0 0 87
660 7995 1508 1401 243 0 0 350 51 0 243 0 158 0 0 0 87
661 8007 1503 1398 239 0 0 350 51 0 245 0 156 0 0 0 87
662 8003 1506 1400 236 0 0 351 51 0 245 0 157 0 0 0 87
663 8005 1506 1400 234 0 0 351 51 0 245 0 157 0 0 0 87
664 8013 1504 1396 231 0 0 353 49 0 245 0 157 0 0 0 88
665 8019 1502 1393 228 0 0 354 49 0 245 0 158 0 0 0 88
666 8025 1499 1390 228 0 0 354 49 0 245 0 158 0 0 0 88
667 8024 1497 1388 231 0 0 354 50 0 245 0 159 0 0 0 88
668 8030 1495 1383 230 0 0 357 48 0 245 0 160 0 0 0 88
669 8036 1491 1379 231 0 0 357 48 0 245 0 160 0 0 0 89
670 8028 1494 1384 231 1 0 356 48 0 247 0 158 0 0 1 88
671 8025 1494 1385 233 1 0 356 48 0 248 0 157 0 0 1 88
672 8029 1491 1383 234 1 0 355 49 0 248 0 157 0 0 1 88
673 8035 1487 1380 235 1 0 355 49 0 249 0 156 0 0 1 88
674 8042 1483 1377 235 1 0 355 49 0 250 0 155 0 0 1 88
675 8037 1484 1378 238 1 0 356 48 0 251 0 154 0 0 1 88
676 8044 1480 1372 237 1 0 358 48 0 251 0 156 0 0 1 88
677 8051 1475 1369 238 1 0 357 49 0 252 0 155 0 0 1 88
678 8077 1463 1357 234 1 0 359 48 0 254 0 154 0 0 1 88
679 8080 1462 1355 234 1 0 358 49 0 252 0 156 0 0 1 88
680 8085 1461 1355 230 1 0 358 49 0 253 0 155 0 0 1 88
681 8083 1461 1353 232 1 0 360 48 0 253 0 156 0 0 1 88
682 8082 1462 1356 229 1 0 360 48 0 255 0 154 0 0 1 88
683 8087 1460 1355 227 1 0 360 48 0 256 0 153 0 0 1 88
684 8092 1458 1353 224 1 0 361 48 0 257 0 153 0 0 1 88
685 8089 1458 1353 227 1 0 361 48 0 257 0 153 0 0 1 88
686 8095 1456 1350 226 2 0 362 46 1 257 0 152 0 0 1 88
687 8095 1456 1349 227 2 0 362 46 1 256 0 153 0 0 1 88
688 8102 1452 1345 228 2 0 361 47 1 255 0 154 0 0 1 88
689 8103 1452 1344 228 2 0 362 46 1 255 0 154 0 0 1 88
690 8112 1447 1340 228 2 0 361 47 1 255 0 154 0 0 1 88
691 8117 1445 1337 226 2 0 362 47 1 255 0 155 0 0 1 88
692 8112 1447 1338 226 2 0 363 47 1 255 0 156 0 0 1 88
693 8114 1444 1336 227 2 0 364 47 1 257 0 155 0 0 1 88
694 8120 1440 1331 230 2 0 365 46 1 257 0 155 0 0 1 88
695 8132 1436 1327 224 2 0 366 46 1 258 0 155 0 0 1 88
696 8132 1436 1324 225 2 0 367 46 1 256 0 158 0 0 1 88
697 8136 1434 1322 223 2 0 367 47 1 256 0 159 0 0 1 88
698 8144 1430 1318 223 2 0 367 47 1 256 0 159 0 0 1 88
699 8141 1430 1320 224 2 0 367 47 1 258 0 157 0 0 1 88
700 8148 1428 1320 219 2 0 367 47 1 260 0 155 0 0 1 88
701 8170 1417 1311 217 2 0 367 47 1 262 0 153 0 0 1 88
702 8167 1418 1314 216 2 0 367 47 1 264 0 151 0 0 1 88
703 8176 1415 1308 214 2 0 369 45 1 263 0 152 0 0 1 90
704 8182 1411 1303 216 2 0 370 44 1 263 0 152 0 0 1 91
705 8190 1406 1300 216 2 0 369 45 1 264 0 151 0 0 1 91
706 8175 1413 1308 214 2 0 369 46 1 265 0 151 0 0 1 91
707 8183 1409 1304 214 2 0 369 46 1 265 0 151 0 0 1 91
708 8206 1398 1293 211 2 0 369 47 1 265 0 152 0 0 1 91
709 8202 1399 1297 210 2 0 368 48 1 267 0 150 0 0 1 91
710 8201 1400 1299 208 2 0 368 48 1 268 0 149 0 0 1 91
711 8206 1400 1297 205 2 0 370 46 1 268 0 149 0 0 1 91
712 8210 1398 1295 205 2 0 370 46 1 268 0 149 0 0 1 91
713 8209 1397 1294 208 2 0 370 46 1 268 0 149 0 0 1 91
714 8209 1397 1295 207 2 0 369 47 1 268 0 149 0 0 1 91
715 8223 1391 1288 204 2 0 370 47 1 268 0 150 0 0 1 91
716 8224 1389 1287 205 2 0 371 46 1 270 0 148 0 0 1 92
717 8236 1383 1281 205 2 0 371 46 1 270 0 148 0 0 1 92
718 8247 1377 1279 202 2 0 371 46 1 274 0 144 0 0 1 92
719 8247 1378 1279 199 2 0 371 47 1 273 0 146 0 0 1 92
720 8247 1379 1280 197 2 0 371 47 1 273 0 146 0 0 1 92
721 8251 1376 1280 196 2 0 370 48 1 275 0 144 0 0 1 92
722 8259 1374 1275 195 2 0 372 46 1 274 0 145 0 0 1 92
723 8262 1372 1274 195 2 0 372 46 1 275 0 144 0 0 1 92
724 8265 1372 1275 191 2 0 371 47 1 275 0 144 0 0 1 92
725 8276 1368 1270 189 2 0 372 46 1 275 0 144 0 0 1 92
726 8287 1366 1268 182 2 0 372 46 1 275 0 144 0 0 1 92
727 8289 1364 1267 183 2 0 372 46 1 276 0 143 0 0 1 92
728 8308 1355 1258 182 2 0 372 46 1 276 0 143 0 0 1 92
729 8303 1357 1261 180 2 0 373 46 1 278 0 142 0 0 1 92
730 8311 1351 1256 183 2 0 373 46 1 279 0 141 0 0 1 92
731 8301 1355 1260 183 2 0 374 46 1 280 0 141 0 0 1 92
732 8312 1352 1258 177 2 0 374 46 1 281 0 140 0 0 1 92
733 8333 1342 1248 173 2 0 376 45 1 283 0 139 0 0 1 93
734 8340 1339 1244 171 2 0 377 45 1 283 0 140 0 0 1 93
735 8347 1335 1240 172 2 0 377 45 1 283 0 140 0 0 1 93
736 8351 1332 1240 171 2 0 376 46 1 285 0 138 0 0 1 93
737 8351 1335 1241 167 2 0 377 45 1 284 0 139 0 0 1 93
738 8369 1326 1233 166 2 0 377 45 1 285 0 138 0 0 1 93
739 8370 1328 1234 162 2 0 378 44 1 285 0 138 0 0 1 93
740 8378 1322 1230 164 2 0 377 45 1 286 0 137 0 0 1 93
741 8389 1318 1225 162 2 0 377 45 1 285 0 138 0 0 1 93
742 8389 1317 1226 162 2 0 376 46 1 286 0 137 0 0 1 93
743 8390 1316 1224 163 2 0 377 45 1 286 0 137 0 0 1 94
744 8395 1313 1223 162 2 0 376 46 1 287 0 136 0 0 1 94
745 8399 1310 1222 162 2 0 375 47 1 288 0 135 0 0 1 94
746 8411 1303 1214 165 2 0 376 46 1 288 0 135 0 0 1 94
747 8415 1302 1212 162 2 0 377 46 1 288 0 136 0 0 1 94
748 8423 1297 1209 162 2 0 377 46 1 290 0 134 0 0 1 94
749 8422 1295 1208 166 2 0 378 45 1 292 0 132 0 0 1 94
750 8426 1293 1203 167 2 0 381 43 1 292 0 133 0 0 1 94
751 8441 1285 1195 168 2 0 381 43 1 292 0 133 0 0 1 94
752 8446 1281 1191 171 2 0 381 43 1 292 0 133 0 0 1 94
753 8446 1282 1192 169 2 0 381 43 1 292 0 133 0 0 1 94
754 8448 1279 1192 170 2 0 380 44 1 294 0 131 0 0 1 94
755 8452 1275 1190 172 2 0 379 45 1 295 0 130 0 0 1 94
756 8477 1265 1180 167 2 0 379 45 1 295 0 130 0 0 1 94
757 8479 1264 1180 166 2 0 379 45 1 296 0 129 0 0 1 94
758 8479 1266 1179 163 2 0 382 43 1 296 0 130 0 0 1 94
759 8487 1261 1175 164 2 0 382 43 1 297 0 129 0 0 1 94
760 8493 1257 1172 165 2 0 382 43 1 298 0 128 0 0 1 94
761 8505 1251 1170 161 2 0 380 45 1 300 0 126 0 0 1 94
762 8502 1251 1173 161 2 0 380 45 1 303 0 123 0 0 1 94
763 8494 1254 1178 161 2 0 380 45 1 305 0 121 0 0 1 94
764 8491 1256 1180 160 2 0 380 45 1 305 0 121 0 0 1 94
765 8489 1257 1182 159 2 0 380 45 1 306 0 120 0 0 1 94
766 8502 1251 1179 155 2 0 380 45 1 309 0 117 0 0 1 94
767 8494 1254 1182 157 2 0 381 44 1 310 0 116 0 0 1 94
768 8501 1253 1178 155 2 0 384 41 1 310 0 116 0 0 1 94
769 8514 1247 1173 153 2 0 383 42 1 310 0 116 0 0 1 94
770 8523 1243 1169 152 2 0 383 42 1 310 0 116 0 0 1 94
771 8525 1241 1169 152 2 0 382 43 1 311 0 115 0 0 1 94
772 8518 1244 1173 152 2 0 382 43 1 312 0 114 0 0 1 94
773 8521 1242 1174 150 2 0 381 44 1 314 0 112 0 0 1 94
774 8529 1238 1170 150 2 0 381 44 1 314 0 112 0 0 1 94
775 8531 1237 1169 150 2 0 381 44 1 314 0 112 0 0 1 94
776 8544 1230 1162 151 2 0 381 44 1 314 0 112 0 0 1 94
777 8537 1233 1166 151 2 0 381 44 1 315 0 111 0 0 1 94
778 8540 1232 1166 149 2 0 380 45 1 315 0 111 0 0 1 94
779 8538 1232 1167 150 2 0 379 46 1 315 0 111 0 0 1 94
780 8526 1238 1174 149 2 0 379 46 1 316 0 110 0 0 1 94
781 8524 1240 1175 148 2 0 379 46 1 315 0 111 0 0 1 94
782 8528 1239 1175 145 2 0 379 46 1 316 0 110 0 0 1 94
783 8529 1241 1176 141 2 0 380 45 1 316 0 110 0 0 1 94
784 8530 1238 1175 144 2 0 379 46 1 317 0 109 0 0 1 94
785 8541 1232 1170 142 2 0 379 47 1 318 0 109 0 0 1 94
786 8551 1226 1164 143 2 0 379 47 1 318 0 109 0 0 1 95
787 8571 1216 1154 143 2 0 380 46 1 319 0 108 0 0 1 95
788 8580 1211 1151 142 2 0 379 47 1 320 0 107 0 0 1 95
789 8588 1207 1146 143 2 0 379 47 1 319 0 108 0 0 1 95
790 8591 1208 1146 139 2 0 380 46 1 319 0 108 0 0 1 95
791 8595 1208 1146 135 2 0 380 46 1 319 0 108 0 0 1 95
792 8599 1206 1144 135 2 0 381 45 1 320 0 107 0 0 1 95
793 8607 1202 1140 135 2 0 380 46 1 319 0 108 0 0 1 95
794 8629 1189 1128 138 3 0 379 46 1 320 0 107 0 0 2 94
795 8631 1187 1126 140 3 0 379 46 1 320 0 107 0 0 2 94
796 8632 1186 1125 141 3 0 379 46 1 320 0 107 0 0 2 94
797 8635 1186 1123 140 3 0 380 45 1 319 0 108 0 0 2 94
798 8628 1189 1125 142 3 0 381 44 1 319 0 108 0 0 2 94
799 8625 1191 1129 139 3 0 381 44 1 321 0 106 0 0 2 94
800 8617 1194 1133 140 3 0 381 44 1 322 0 105 0 0 2 94
801 8609 1198 1137 140 3 0 381 44 1 322 0 105 0 0 2 94
802 8603 1203 1141 137 3 0 382 43 1 322 0 105 0 0 2 94
803 8611 1199 1137 137 3 0 382 43 1 322 0 105 0 0 2 94
804 8625 1193 1131 135 3 0 382 43 1 322 0 105 0 0 2 94
805 8637 1187 1126 134 3 0 382 43 1 323 0 104 0 0 2 94
806 8645 1182 1121 136 3 0 382 43 1 323 0 104 0 0 2 94
807 8637 1186 1126 135 3 0 382 43 1 324 0 103 0 0 2 94
808 8651 1178 1119 135 3 0 383 42 1 326 0 101 0 0 2 95
809 8663 1173 1114 133 3 0 383 42 1 326 0 101 0 0 2 95
810 8664 1171 1113 135 3 0 382 43 1 326 0 101 0 0 2 95
811 8659 1172 1115 137 3 0 382 43 1 327 0 100 0 0 2 95
812 8658 1172 1115 138 3 0 382 43 1 327 0 100 0 0 2 95
813 8655 1172 1117 139 3 0 381 44 1 328 0 99 0 0 2 95
814 8659 1170 1116 138 3 0 381 44 1 329 0 98 0 0 2 95
815 8670 1165 1111 137 3 0 381 44 1 329 0 98 0 0 2 95
816 8682 1160 1106 135 3 0 381 44 1 329 0 98 0 0 2 95
817 8688 1157 1102 134 3 0 381 45 1 328 0 100 0 0 2 95
818 8696 1153 1099 131 3 0 381 46 1 329 0 100 0 0 2 95
819 8713 1145 1092 129 3 0 380 47 1 329 0 100 0 0 2 95
820 8724 1140 1087 128 3 0 380 47 1 329 0 100 0 0 2 95
821 8732 1136 1084 127 3 0 380 47 1 330 0 99 0 0 2 95
822 8739 1132 1081 127 3 0 380 47 1 331 0 98 0 0 2 95
823 8748 1127 1078 126 3 0 379 48 1 332 0 97 0 0 2 95
824 8755 1123 1074 127 3 0 379 48 1 332 0 97 0 0 2 95
825 8752 1125 1076 125 3 0 379 48 1 332 0 97 0 0 2 96
826 8751 1125 1078 124 3 0 378 49 1 333 0 96 0 0 2 96
827 8754 1123 1076 125 3 0 378 49 1 333 0 96 0 0 2 96
828 8759 1121 1075 123 3 0 378 49 1 334 0 95 0 0 2 96
829 8761 1119 1075 123 3 0 379 48 1 337 0 92 0 0 2 96
830 8769 1114 1070 125 3 0 379 48 1 337 0 92 0 0 2 96
831 8776 1111 1068 123 3 0 379 48 1 338 0 91 0 0 2 96
832 8767 1115 1074 120 3 0 378 50 1 339 0 91 0 0 2 96
833 8772 1113 1072 119 3 0 378 50 1 339 0 91 0 0 2 96
834 8776 1111 1070 119 3 0 378 50 1 339 0 91 0 0 2 96
835 8766 1115 1074 121 3 0 378 50 1 339 0 91 0 0 2 96
836 8769 1114 1072 121 3 0 380 48 1 340 0 90 0 0 2 96
837 8773 1110 1069 124 3 0 380 48 1 341 0 89 0 0 2 96
838 8787 1103 1061 123 3 0 381 48 1 341 0 90 0 0 2 96
839 8800 1096 1056 122 3 0 380 49 1 342 0 89 0 0 2 96
840 8800 1097 1056 121 3 0 380 49 1 341 0 90 0 0 2 96
841 8806 1095 1055 118 3 0 379 50 1 341 0 90 0 0 2 96
842 8810 1093 1054 117 3 0 378 51 1 341 0 90 0 0 2 96
843 8819 1089 1051 115 3 0 379 50 1 343 0 88 0 0 2 96
844 8823 1088 1050 113 2 0 380 50 1 343 0 88 0 0 1 97
845 8822 1089 1052 111 2 0 380 50 1 344 0 87 0 0 1 97
846 8831 1084 1048 111 2 0 380 50 1 345 0 86 0 0 1 97
847 8844 1079 1039 108 2 0 382 50 1 343 0 90 0 0 1 97
848 8860 1071 1030 103 2 0 385 50 1 345 0 91 0 0 1 97
849 8863 1070 1029 102 2 0 385 50 1 345 0 91 0 0 1 97
850 8879 1061 1020 104 2 0 386 49 1 346 0 90 0 0 1 97
851 8883 1060 1019 102 2 0 387 48 1 347 0 89 0 0 1 97
852 8878 1061 1020 105 2 0 387 48 1 347 0 89 0 0 1 97
853 8877 1060 1019 108 2 0 387 48 1 347 0 89 0 0 1 97
854 8881 1057 1016 110 2 0 387 48 1 347 0 89 0 0 1 97
855 8882 1056 1017 109 2 0 386 49 1 348 0 88 0 0 1 97
856 8891 1054 1014 103 2 0 388 48 1 349 0 88 0 0 1 97
857 8892 1053 1014 103 2 0 388 48 1 350 0 87 0 0 1 97
858 8883 1057 1018 103 2 0 389 47 1 351 0 86 0 0 1 98
859 8890 1054 1016 101 2 0 389 47 1 352 0 85 0 0 1 98
860 8896 1051 1016 98 2 0 388 48 1 354 0 83 0 0 1 98
861 8891 1053 1019 98 2 0 389 47 1 356 0 81 0 0 1 98
862 8897 1050 1018 96 2 0 388 48 1 357 0 80 0 0 1 98
863 8898 1049 1018 96 2 0 388 48 1 358 0 79 0 0 1 98
864 8906 1047 1016 92 2 0 388 48 1 358 0 79 0 0 1 98
865 8917 1041 1010 93 2 1 389 46 2 358 0 78 0 0 1 98
866 8924 1038 1007 92 2 1 389 46 2 358 0 78 0 0 1 98
867 8922 1042 1008 89 2 1 390 45 2 356 0 80 0 0 1 98
868 8918 1043 1010 90 2 1 390 45 2 357 0 79 0 0 1 98
869 8916 1043 1011 91 2 1 389 46 2 357 0 79 0 0 1 98
870 8918 1044 1010 89 2 1 390 45 2 356 0 80 0 0 1 98
871 8923 1042 1008 88 2 1 390 45 2 356 0 80 0 0 1 98
872 8931 1038 1004 88 2 1 390 45 2 356 0 80 0 0 1 98
873 8932 1037 1003 89 2 1 390 45 2 356 0 80 0 0 1 98
874 8931 1038 1004 88 2 1 391 44 2 357 0 79 0 0 1 98
875 8932 1036 1005 88 2 1 390 45 2 359 0 77 0 0 1 98
876 8938 1033 1003 87 2 1 389 46 2 359 0 77 0 0 1 98
877 8945 1029 1000 87 2 1 388 47 2 359 0 77 0 0 1 98
878 8961 1021 992 87 2 1 388 47 2 359 0 77 0 0 1 98
879 8952 1025 996 88 2 1 387 48 2 358 0 78 0 0 1 98
880 8962 1021 992 86 2 1 387 48 2 358 0 78 0 0 1 98
881 8974 1015 985 87 2 1 388 47 2 358 0 78 0 0 1 98
882 8981 1012 980 88 2 1 390 45 2 358 0 78 0 0 1 98
883 8986 1010 978 87 2 1 390 45 2 358 0 78 0 0 1 98
884 8997 1005 973 86 2 1 390 45 2 358 0 78 0 0 1 98
885 9015 997 965 84 2 1 390 45 2 358 0 78 0 0 1 98
886 9024 993 963 81 2 1 389 46 2 359 0 77 0 0 1 98
887 9029 990 958 83 2 1 390 45 2 358 0 78 0 0 1 99
888 9045 982 950 83 2 1 390 45 2 358 0 78 0 0 1 99
889 9049 980 949 82 2 1 390 45 2 359 0 77 0 0 1 99
890 9049 981 950 80 2 1 390 45 2 359 0 77 0 0 1 99
891 9042 985 954 79 2 1 391 44 2 360 0 76 0 0 1 99
892 9059 977 944 80 2 1 392 43 2 359 0 77 0 0 1 99
893 9069 972 938 81 2 1 391 44 2 357 0 79 0 0 1 99
894 9063 975 940 82 2 1 392 43 2 357 0 79 0 0 1 99
895 9070 971 937 82 3 1 391 43 3 357 0 78 0 0 1 99
896 9074 969 935 82 3 1 391 43 3 357 0 78 0 0 1 99
897 9064 972 938 86 3 1 392 42 3 358 0 77 0 0 1 99
898 9079 965 933 83 3 1 391 43 3 359 0 76 0 0 1 99
899 9078 965 933 84 3 1 391 43 3 359 0 76 0 0 1 99
900 9083 962 931 84 3 1 391 43 3 360 0 75 0 0 1 99
901 9092 957 927 84 3 1 391 43 3 361 0 74 0 0 1 99
902 9094 957 927 82 3 1 391 43 3 361 0 74 0 0 1 99
903 9100 955 925 80 3 1 391 43 3 361 0 74 0 0 1 99
904 9099 956 925 80 3 1 391 43 3 360 0 75 0 0 1 99
905 9096 958 925 79 3 1 393 42 3 360 0 76 0 0 1 99
906 9103 955 921 79 3 1 393 42 3 359 0 77 0 0 1 99
907 9105 954 921 78 3 1 393 42 3 360 0 76 0 0 1 99
908 9107 953 920 78 3 1 393 42 3 360 0 76 0 0 1 99
909 9112 951 917 78 3 1 394 41 3 360 0 76 0 0 1 99
910 9119 948 913 76 3 1 396 40 3 361 0 76 0 0 1 99
911 9122 947 912 75 3 1 396 40 3 361 0 76 0 0 1 99
912 9120 948 912 76 3 1 397 39 3 361 0 76 0 0 1 99
913 9127 945 907 77 3 1 399 37 3 361 0 76 0 0 1 99
914 9138 940 902 76 3 1 399 37 3 361 0 76 0 0 1 99
915 9142 938 900 76 4 1 398 37 4 360 0 76 0 0 1 99
916 9155 931 895 75 4 1 398 37 4 362 0 74 0 0 1 99
917 9157 930 894 75 4 1 398 37 4 362 0 74 0 0 1 99
918 9155 933 895 73 4 1 399 36 4 361 0 75 0 0 1 99
919 9158 930 892 76 4 1 399 36 4 361 0 75 0 0 1 99
920 9159 930 892 75 4 1 399 36 4 361 0 75 0 0 1 99
921 9165 927 889 75 4 1 399 36 4 361 0 75 0 0 1 99
922 9167 926 888 75 4 1 400 35 4 362 0 74 0 0 1 99
923 9175 923 885 73 4 1 400 35 4 362 0 74 0 0 1 99
924 9172 924 887 73 4 1 400 35 4 363 0 73 0 0 1 99
925 9177 921 884 74 4 1 400 35 4 363 0 73 0 0 1 99
926 9186 913 879 78 4 1 399 36 4 365 0 71 0 0 1 99
927 9192 910 876 78 4 1 399 36 4 365 0 71 0 0 1 99
928 9198 907 872 79 4 1 400 35 4 365 0 71 0 0 1 99
929 9207 902 868 79 4 1 399 36 4 365 0 71 0 0 1 99
930 9212 900 866 78 4 1 399 36 4 365 0 71 0 0 1 99
931 9217 896 863 80 4 1 400 35 4 367 0 69 0 0 1 99
932 9229 891 858 78 4 1 401 34 4 368 0 68 0 0 1 99
933 9224 894 860 78 4 1 402 33 4 368 0 68 0 0 1 99
934 9222 895 860 79 4 1 402 33 4 367 0 69 0 0 1 99
935 9212 900 865 79 4 1 402 33 4 367 0 69 0 0 1 99
936 9214 899 864 79 4 1 402 33 4 367 0 69 0 0 1 99
937 9212 900 866 78 4 1 402 33 4 368 0 68 0 0 1 99
938 9213 900 866 77 4 1 402 33 4 368 0 68 0 0 1 99
939 9208 902 868 78 4 1 402 33 4 368 0 68 0 0 1 99
940 9210 902 867 77 4 1 403 32 4 368 0 68 0 0 1 99
941 9205 905 869 77 4 1 403 32 4 367 0 69 0 0 1 99
942 9208 903 867 78 4 1 403 32 4 367 0 69 0 0 1 99
943 9216 900 863 77 4 1 404 31 4 367 0 69 0 0 1 99
944 9211 901 866 78 4 1 403 32 4 368 0 68 0 0 1 99
945 9220 898 862 76 4 1 404 31 4 368 0 68 0 0 1 99
946 9213 901 866 76 4 1 403 32 4 368 0 68 0 0 1 99
947 9224 895 860 77 4 1 403 32 4 368 0 68 0 0 1 99
948 9241 886 852 77 4 1 403 32 4 369 0 67 0 0 1 99
949 9235 890 856 75 4 1 403 32 4 369 0 67 0 0 1 99
950 9236 891 857 72 4 1 403 32 4 369 0 67 0 0 1 99
951 9231 894 860 71 4 1 403 32 4 369 0 67 0 0 1 99
952 9236 891 858 71 4 1 403 32 4 370 0 66 0 0 1 99
953 9234 892 859 71 4 1 403 32 4 370 0 66 0 0 1 99
954 9236 892 858 70 4 1 404 31 4 370 0 66 0 0 1 99
955 9238 891 857 70 4 1 404 31 4 370 0 66 0 0 1 99
956 9240 891 857 68 4 1 404 31 4 370 0 66 0 0 1 99
957 9244 889 856 67 4 1 404 31 4 371 0 65 0 0 1 99
958 9245 890 856 65 4 1 404 31 4 370 0 66 0 0 1 99
959 9246 890 855 65 4 1 404 31 4 369 0 67 0 0 1 99
960 9253 886 852 65 4 1 404 31 4 370 0 66 0 0 1 99
961 9258 883 849 66 4 1 405 30 4 371 0 65 0 0 1 99
962 9262 881 848 65 4 1 404 31 4 371 0 65 0 0 1 99
963 9260 883 850 63 4 1 404 31 4 371 0 65 0 0 1 99
964 9273 876 844 63 4 1 404 31 4 372 0 64 0 0 1 99
965 9284 870 840 62 4 1 404 31 4 374 0 62 0 0 1 99
966 9287 867 838 64 4 1 403 32 4 374 0 62 0 0 1 99
967 9295 864 834 63 4 1 404 31 4 374 0 62 0 0 1 99
968 9303 860 829 64 4 1 405 30 4 374 0 62 0 0 1 99
969 9306 862 829 59 4 1 406 29 4 373 0 63 0 0 1 99
970 9307 862 827 59 4 1 407 28 4 372 0 64 0 0 1 100
971 9307 861 827 59 4 1 407 28 4 373 0 63 0 0 1 101
972 9303 864 830 57 4 1 407 28 4 373 0 63 0 0 1 101
973 9300 865 832 57 4 1 407 28 4 374 0 62 0 0 1 101
974 9297 867 833 57 4 1 407 28 4 373 0 63 0 0 1 101
975 9299 866 832 57 4 1 407 28 4 373 0 63 0 0 1 101
976 9307 863 829 55 4 1 407 28 4 373 0 63 0 0 1 101
977 9311 861 827 55 4 1 407 28 4 373 0 63 0 0 1 101
978 9320 856 823 55 4 1 407 28 4 374 0 62 0 0 1 101
979 9321 856 822 55 4 1 407 28 4 373 0 63 0 0 1 101
980 9321 855 821 57 4 1 407 28 4 373 0 63 0 0 1 101
981 9330 851 817 56 4 1 407 28 4 373 0 63 0 0 1 101
982 9338 847 813 56 4 1 407 28 4 373 0 63 0 0 1 101
983 9353 840 805 56 4 1 408 27 4 373 0 63 0 0 1 101
984 9364 833 800 57 4 1 407 28 4 374 0 62 0 0 1 101
985 9361 835 802 56 4 1 407 28 4 374 0 62 0 0 1 101
986 9369 831 799 55 4 1 407 28 4 375 0 61 0 0 1 101
987 9366 833 801 54 4 1 407 28 4 375 0 61 0 0 1 101
988 9372 830 798 54 4 1 407 28 4 375 0 61 0 0 1 101
989 9372 829 798 55 4 1 407 28 4 376 0 60 0 0 1 101
990 9381 824 795 54 4 1 407 28 4 378 0 58 0 0 1 101
991 9389 820 792 53 4 1 407 28 4 379 0 57 0 0 1 101
992 9391 819 791 53 4 1 407 28 4 379 0 57 0 0 1 101
993 9393 818 790 53 4 1 407 28 4 379 0 57 0 0 1 101
994 9398 816 788 52 4 1 407 28 4 379 0 57 0 0 1 101
995 9394 818 790 52 4 1 407 28 4 379 0 57 0 0 1 101
996 9393 819 790 52 4 1 408 27 4 379 0 57 0 0 1 101
997 9388 823 793 50 4 1 408 27 4 378 0 58 0 0 1 101
998 9385 824 795 50 4 1 408 27 4 379 0 57 0 0 1 101
999 9388 822 793 51 4 1 408 27 4 379 0 57 0 0 1 101
1000 9393 820 791 50 4 1 408 27 4 379 0 57 0 0 1 101
1001 9391 821 793 49 4 1 408 27 4 380 0 56 0 0 1 101
1002 9395 819 792 48 4 1 408 27 4 381 0 55 0 0 1 101
1003 9401 816 789 48 4 1 408 27 4 381 0 55 0 0 1 101
1004 9409 812 785 48 4 1 408 27 4 381 0 55 0 0 1 101
1005 9418 807 781 48 4 1 408 27 4 382 0 54 0 0 1 101
1006 9423 804 778 49 4 1 409 26 4 383 0 53 0 0 1 101
1007 9434 799 773 48 4 1 409 26 4 383 0 53 0 0 1 101
1008 9428 802 775 49 4 1 409 26 4 382 0 54 0 0 1 101
1009 9428 801 774 51 4 1 409 26 4 382 0 54 0 0 1 101
1010 9434 799 772 49 4 1 410 25 4 383 0 53 0 0 1 101
1011 9437 797 770 50 4 1 410 25 4 383 0 53 0 0 1 101
1012 9440 795 768 51 4 1 410 25 4 383 0 53 0 0 1 101
1013 9451 791 762 50 4 1 412 23 4 383 0 53 0 0 1 101
1014 9450 792 763 49 4 1 412 23 4 383 0 53 0 0 1 101
1015 9449 793 764 48 4 1 412 23 4 383 0 53 0 0 1 101
1016 9461 787 758 48 5 1 411 23 5 382 0 53 0 0 1 101
1017 9462 787 758 47 5 1 411 23 5 382 0 53 0 0 1 101
1018 9464 786 757 47 5 1 411 23 5 382 0 53 0 0 1 101
1019 9466 784 756 48 5 1 411 23 5 383 0 52 0 0 1 101
1020 9471 782 753 48 5 1 412 22 5 383 0 52 0 0 1 101
1021 9483 777 747 47 5 1 413 21 5 383 0 52 0 0 1 101
1022 9495 771 741 47 5 1 413 21 5 383 0 52 0 0 1 101
1023 9488 773 746 47 5 1 413 21 5 386 0 49 0 0 1 101
1024 9486 775 748 45 5 1 413 21 5 386 0 49 0 0 1 101
1025 9486 775 748 45 5 1 413 21 5 386 0 49 0 0 1 101
1026 9495 770 744 45 5 1 413 21 5 387 0 48 0 0 1 101
1027 9491 772 746 45 5 1 413 21 5 387 0 48 0 0 1 101
1028 9496 770 744 44 5 1 413 21 5 387 0 48 0 0 1 101
1029 9501 767 742 44 5 1 413 21 5 388 0 47 0 0 1 101
1030 9505 765 740 44 5 1 412 22 5 387 0 48 0 0 1 101
1031 9519 759 733 43 5 2 413 20 5 387 1 47 0 0 1 101
1032 9520 758 733 43 5 2 413 20 5 388 1 46 0 0 1 101
1033 9523 756 731 44 5 2 413 20 5 388 1 46 0 0 1 101
1034 9522 756 731 45 5 2 413 20 5 388 1 46 0 0 1 101
1035 9525 754 730 45 5 2 412 21 5 388 1 46 0 0 1 101
1036 9528 753 728 45 5 2 413 20 5 388 1 46 0 0 1 101
1037 9523 754 729 48 5 2 413 20 5 388 1 46 0 0 1 101
1038 9528 752 727 47 5 2 413 20 5 388 1 46 0 0 1 101
1039 9532 751 727 44 5 2 413 20 5 389 1 45 0 0 1 101
1040 9539 748 724 43 5 2 413 20 5 389 1 45 0 0 1 101
1041 9536 749 724 45 5 2 414 19 5 389 1 45 0 0 1 101
1042 9541 747 722 44 5 2 414 19 5 389 1 45 0 0 1 101
1043 9547 744 719 44 5 2 414 19 5 389 1 45 0 0 1 101
1044 9549 743 718 44 5 2 414 19 5 389 1 45 0 0 1 101
1045 9562 736 712 44 5 2 413 20 5 389 1 45 0 0 1 101
1046 9574 731 707 42 5 2 413 20 5 389 1 45 0 0 1 101
1047 9578 729 705 42 5 2 413 20 5 389 1 45 0 0 1 101
1048 9577 729 706 42 5 2 413 20 5 390 1 44 0 0 1 101
1049 9575 729 707 43 5 2 412 21 5 390 1 44 0 0 1 101
1050 9570 731 708 43 5 2 413 21 5 390 1 45 0 0 1 101
1051 9574 728 706 44 5 2 413 21 5 391 1 44 0 0 1 101
1052 9579 725 704 44 5 2 413 21 5 392 1 43 0 0 1 101
1053 9582 724 703 43 5 2 413 21 5 392 1 43 0 0 1 101
1054 9582 724 703 43 5 2 413 21 5 392 1 43 0 0 1 101
1055 9579 726 705 42 5 2 413 21 5 392 1 43 0 0 1 101
1056 9580 726 704 41 5 2 414 20 5 392 1 43 0 0 1 102
1057 9583 726 703 39 5 2 415 19 5 392 1 43 0 0 1 102
1058 9598 719 696 38 6 1 415 19 5 393 1 42 0 0 1 102
1059 9602 716 694 39 6 1 414 20 5 393 1 42 0 0 1 102
1060 9613 711 689 38 6 1 414 20 5 393 1 42 0 0 1 102
1061 9621 707 685 38 6 1 414 20 5 393 1 42 0 0 1 102
1062 9617 709 687 38 6 1 414 20 5 393 1 42 0 0 1 102
1063 9627 704 682 38 6 1 414 20 5 393 1 42 0 0 1 102
1064 9624 705 683 39 6 1 414 20 5 393 1 42 0 0 1 102
1065 9628 703 681 39 6 1 414 20 5 393 1 42 0 0 1 102
1066 9634 700 678 39 6 1 414 20 5 393 1 42 0 0 1 102
1067 9640 698 675 38 6 1 415 19 5 393 1 42 0 0 1 102
1068 9635 700 677 39 6 1 415 19 5 393 1 42 0 0 1 102
1069 9635 700 677 39 6 1 415 19 5 393 1 42 0 0 1 102
1070 9634 700 678 39 6 1 415 19 5 394 1 41 0 0 1 102
1071 9636 699 677 38 7 1 414 19 5 394 2 40 0 0 1 103
1072 9642 697 674 37 8 1 414 18 6 393 2 40 0 0 1 103
1073 9643 696 671 40 8 1 415 17 6 392 2 41 0 0 1 103
1074 9643 696 670 39 8 1 416 17 6 392 2 42 0 0 1 103
1075 9645 695 669 39 8 1 416 17 6 392 2 42 0 0 1 103
1076 9653 691 665 39 8 1 416 17 6 392 2 42 0 0 1 103
1077 9663 686 660 39 8 1 416 17 6 392 2 42 0 0 1 103
1078 9662 686 660 40 8 1 416 17 6 392 2 42 0 0 1 103
1079 9666 685 658 39 8 1 416 17 6 391 2 43 0 0 1 103
1080 9659 688 662 39 8 1 416 17 6 392 2 42 0 0 1 103
1081 9665 687 661 35 8 1 416 17 6 392 2 42 0 0 1 103
1082 9668 685 660 35 8 1 415 18 6 392 2 42 0 0 1 103
1083 9667 685 660 36 8 1 415 18 6 392 2 42 0 0 1 103
1084 9670 684 657 35 8 1 417 17 6 392 2 43 0 0 1 103
1085 9664 685 661 36 8 1 416 18 6 394 2 41 0 0 1 103
1086 9672 681 658 35 8 1 416 18 6 395 2 40 0 0 1 103
1087 9678 678 654 35 8 1 417 17 6 395 2 40 0 0 1 104
1088 9681 676 652 35 8 1 417 17 6 395 2 40 0 0 1 105
1089 9681 676 652 35 8 1 417 17 6 395 2 40 0 0 1 105
1090 9683 675 651 35 8 1 417 17 6 395 2 40 0 0 1 105
1091 9680 676 652 36 8 1 417 17 6 395 2 40 0 0 1 105
1092 9685 674 649 36 8 1 418 16 6 395 2 40 0 0 1 105
1093 9685 674 649 36 8 1 418 16 6 395 2 40 0 0 1 105
1094 9686 674 649 35 8 1 418 16 6 395 2 40 0 0 1 105
1095 9694 669 645 36 8 1 418 16 6 396 2 39 0 0 1 105
1096 9691 671 647 35 8 1 418 16 6 396 2 39 0 0 1 105
1097 9702 665 642 35 8 1 418 16 6 397 2 38 0 0 1 105
1098 9705 664 641 34 8 1 418 16 6 397 2 38 0 0 1 105
1099 9705 664 641 34 8 1 418 16 6 397 2 38 0 0 1 105
1100 9701 666 643 34 8 1 418 16 6 397 2 38 0 0 1 105
1101 9699 667 644 34 8 1 418 16 6 397 2 38 0 0 1 105
1102 9703 665 642 34 8 1 419 15 6 398 2 37 0 0 1 105
1103 9708 663 639 34 8 1 420 14 6 398 2 37 0 0 1 105
1104 9715 659 635 35 8 1 420 14 6 398 2 37 0 0 1 105
1105 9721 656 632 35 8 1 420 14 6 398 2 37 0 0 1 105
1106 9737 648 624 35 8 1 420 14 6 398 2 37 0 0 1 105
1107 9744 644 621 35 8 1 420 14 6 399 2 36 0 0 1 105
1108 9743 644 621 36 8 1 420 14 6 399 2 36 0 0 1 105
1109 9745 643 621 35 8 1 419 15 6 399 2 36 0 0 1 105
1110 9746 642 621 35 8 1 418 16 6 399 2 36 0 0 1 105
1111 9745 642 622 35 8 1 418 16 6 400 2 35 0 0 1 105
1112 9756 636 616 36 8 1 418 16 6 400 2 35 0 0 1 105
1113 9756 636 616 36 8 1 418 16 6 400 2 35 0 0 1 105
1114 9756 636 616 36 8 1 418 16 6 400 2 35 0 0 1 105
1115 9762 633 613 36 8 1 418 16 6 400 2 35 0 0 1 105
1116 9761 634 614 35 8 1 418 16 6 400 2 35 0 0 1 105
1117 9762 634 614 34 8 1 418 16 6 400 2 35 0 0 1 105
1118 9761 635 614 34 8 1 419 15 6 400 2 35 0 0 1 105
1119 9763 634 613 34 8 1 419 15 6 400 2 35 0 0 1 105
1120 9773 629 608 34 8 1 419 15 6 400 2 35 0 0 1 105
1121 9782 625 604 33 8 1 419 15 6 400 2 35 0 0 1 105
1122 9785 624 603 32 8 1 419 15 6 400 2 35 0 0 1 105
1123 9785 624 603 32 8 1 419 15 6 400 2 35 0 0 1 105
1124 9791 621 600 32 8 1 419 15 6 400 2 35 0 0 1 105
1125 9799 617 596 32 8 1 419 15 6 400 2 35 0 0 1 105
1126 9797 618 598 31 8 1 419 15 6 401 2 34 0 0 1 105
1127 9802 616 596 30 8 1 419 15 6 401 2 34 0 0 1 105
1128 9805 615 595 29 9 0 419 15 6 402 2 33 0 0 1 105
1129 9812 613 593 26 9 0 419 15 7 401 1 34 0 0 1 105
1130 9813 612 593 26 9 0 418 16 7 401 1 34 0 0 1 105
1131 9824 606 588 26 9 0 418 16 7 402 1 33 0 0 1 105
1132 9829 604 585 26 9 0 419 15 7 402 1 33 0 0 1 105
1133 9833 603 584 24 9 0 419 15 7 402 1 33 0 0 1 105
1134 9833 602 584 25 9 0 418 16 7 402 1 33 0 0 1 105
1135 9834 601 584 25 9 0 418 16 7 403 1 32 0 0 1 105
1136 9838 600 583 23 9 0 418 16 7 403 1 32 0 0 1 105
1137 9836 600 584 24 9 0 418 16 7 404 1 31 0 0 1 105
1138 9841 598 581 24 8 0 420 15 7 404 1 31 0 1 1 104
1139 9848 594 577 25 8 0 420 15 7 404 1 31 0 1 1 104
1140 9850 593 576 25 8 0 420 15 7 404 1 31 0 1 1 104
1141 9862 587 570 25 8 0 420 15 7 404 1 31 0 1 1 104
1142 9861 587 570 26 8 0 420 15 7 404 1 31 0 1 1 104
1143 9861 586 570 27 8 0 420 15 7 405 1 30 0 1 1 104
1144 9866 583 568 27 8 0 420 15 7 406 1 29 0 1 1 104
1145 9867 583 568 26 8 0 420 15 7 406 1 29 0 1 1 104
1146 9869 582 567 26 8 0 420 15 7 406 1 29 0 1 1 104
1147 9872 581 566 25 8 0 420 15 7 406 1 29 0 1 1 104
1148 9880 577 562 25 8 0 420 15 7 406 1 29 0 1 1 104
1149 9874 579 566 25 8 0 420 15 8 407 0 28 0 1 1 104
1150 9872 580 567 25 8 0 420 15 8 407 0 28 0 1 1 104
1151 9876 578 565 25 8 0 420 15 8 407 0 28 0 1 1 104
1152 9878 577 564 25 8 0 420 15 8 407 0 28 0 1 1 104
1153 9883 574 561 26 8 0 420 15 8 407 0 28 0 1 1 104
1154 9884 574 561 25 8 0 420 15 8 407 0 28 0 1 1 104
1155 9882 575 562 25 8 0 420 15 8 407 0 28 0 1 1 104
1156 9879 576 563 26 8 0 420 15 8 407 0 28 0 1 1 104
1157 9879 576 562 27 8 0 420 15 8 406 0 29 0 1 1 104
1158 9882 575 561 26 8 0 420 15 8 406 0 29 0 1 1 104
1159 9883 575 561 25 8 0 420 15 8 406 0 29 0 1 1 104
1160 9881 576 562 25 8 0 420 15 8 406 0 29 0 1 1 104
1161 9887 573 559 25 9 0 419 15 9 405 0 29 0 1 1 104
1162 9888 573 559 24 9 0 419 15 9 405 0 29 0 1 1 104
1163 9894 570 556 24 9 0 419 15 9 405 0 29 0 1 1 104
1164 9897 568 555 24 9 0 419 15 9 406 0 28 0 1 1 104
1165 9905 565 551 23 9 0 420 14 9 406 0 28 0 1 1 104
1166 9905 566 552 21 9 0 420 14 9 406 0 28 0 1 1 104
1167 9911 563 549 21 10 0 419 14 10 405 0 28 0 1 1 104
1168 9911 563 549 21 10 0 419 14 10 405 0 28 0 1 1 104
1169 9916 561 547 20 10 0 419 14 10 405 0 28 0 1 1 104
1170 9914 561 547 22 10 0 419 14 10 405 0 28 0 1 1 104
1171 9914 561 547 22 10 0 419 14 10 405 0 28 0 1 1 104
1172 9912 562 548 22 10 0 419 14 10 405 0 28 0 1 1 104
1173 9916 559 546 23 10 0 418 15 10 405 0 28 0 1 1 104
1174 9928 554 540 22 10 0 419 14 10 405 0 28 0 1 1 104
1175 9932 552 538 22 10 0 419 14 10 405 0 28 0 1 1 104
1176 9932 552 538 22 10 0 419 14 10 405 0 28 0 1 1 104
1177 9935 551 536 22 10 0 419 14 10 404 0 29 0 1 1 104
1178 9940 549 533 22 10 0 419 14 10 403 0 30 0 1 1 104
1179 9935 551 536 22 10 0 418 15 10 403 0 30 0 1 1 104
1180 9943 547 532 22 10 0 418 15 10 403 0 30 0 1 1 104
1181 9954 541 526 23 10 0 418 15 10 403 0 30 0 1 1 104
1182 9948 544 529 23 10 0 418 15 10 403 0 30 0 1 1 104
1183 9955 540 526 23 10 0 418 15 10 404 0 29 0 1 1 104
1184 9961 537 523 23 10 0 418 15 10 404 0 29 0 1 1 104
1185 9963 536 522 23 10 0 418 15 10 404 0 29 0 1 1 104
1186 9969 533 519 23 10 0 418 15 10 404 0 29 0 1 1 104
1187 9975 530 516 23 10 0 419 14 10 405 0 28 0 1 1 104
1188 9978 528 515 23 10 0 420 13 10 407 0 26 0 1 1 104
1189 9986 524 510 24 10 0 421 12 10 407 0 26 0 1 1 104
1190 9984 526 511 23 10 0 421 12 10 406 0 27 0 1 1 104
1191 9994 521 506 23 10 0 421 12 10 406 0 27 0 1 1 104
1192 9996 520 505 23 10 0 421 12 10 406 0 27 0 1 1 104
1193 9995 521 505 23 10 0 421 12 10 405 0 28 0 1 1 104
1194 10001 519 502 22 10 0 421 12 10 404 0 29 0 1 1 104
1195 10002 518 501 23 10 0 421 12 10 404 0 29 0 1 1 104
1196 10000 518 503 23 10 0 420 13 10 405 0 28 0 1 1 104
1197 10006 515 500 23 10 0 420 13 10 405 0 28 0 1 1 104
1198 10008 514 499 23 10 0 420 13 10 405 0 28 0 1 1 104
1199 10010 513 498 23 10 0 420 13 10 405 0 28 0 1 1 104
1200 10012 512 497 23 10 0 420 13 10 405 0 28 0 1 1 104
1201 10012 513 496 23 10 0 421 12 10 404 0 29 0 1 1 104
1202 10019 510 493 22 10 0 421 12 10 404 0 29 0 1 1 104
1203 10020 510 492 20 11 0 421 12 11 403 0 30 0 1 1 104
1204 10022 509 491 20 11 0 421 12 11 403 0 30 0 1 1 104
1205 10016 512 494 20 11 0 421 12 11 403 0 30 0 1 1 104
1206 10022 509 491 20 11 0 421 12 11 403 0 30 0 1 1 104
1207 10020 510 492 20 11 0 421 12 11 403 0 30 0 1 1 104
1208 10024 508 490 20 11 0 421 12 11 403 0 30 0 1 1 104
1209 10026 506 489 21 11 0 421 12 11 404 0 29 0 1 1 104
1210 10030 504 487 21 11 0 421 12 11 404 0 29 0 1 1 104
1211 10033 504 485 20 11 0 422 11 11 403 0 30 0 1 1 104
1212 10035 503 484 20 11 0 422 11 11 403 0 30 0 1 1 104
1213 10044 498 480 20 11 0 422 11 11 404 0 29 0 1 1 104
1214 10043 499 480 20 11 0 422 11 11 403 0 30 0 1 1 104
1215 10046 498 478 20 11 0 423 10 11 403 0 30 0 1 1 104
1216 10052 495 475 20 11 0 423 10 11 403 0 30 0 1 1 104
1217 10049 497 477 19 11 0 423 10 11 403 0 30 0 1 1 104
1218 10058 493 473 18 11 0 423 10 11 403 0 30 0 1 1 104
1219 10064 490 470 18 11 0 423 10 11 403 0 30 0 1 1 104
1220 10068 488 468 18 11 0 423 10 11 403 0 30 0 1 1 104
1221 10065 490 470 17 11 0 423 10 11 403 0 30 0 1 1 104
1222 10070 488 467 17 11 0 424 9 11 403 0 30 0 1 1 104
1223 10069 488 467 18 11 0 424 9 11 403 0 30 0 1 1 104
1224 10072 486 466 18 11 0 423 10 11 403 0 30 0 1 1 104
1225 10084 480 460 18 11 0 423 10 11 403 0 30 0 1 1 104
1226 10086 479 459 18 11 0 423 10 11 403 0 30 0 1 1 104
1227 10090 477 457 18 11 0 423 10 11 403 0 30 0 1 1 104
1228 10088 478 458 18 11 0 423 10 11 403 0 30 0 1 1 104
1229 10096 474 454 18 11 0 423 10 11 403 0 30 0 1 1 104
1230 10103 470 451 18 11 0 423 10 11 404 0 29 0 1 1 104
1231 10102 470 452 18 11 0 423 10 11 405 0 28 0 1 1 104
1232 10104 470 451 17 11 0 424 9 11 405 0 28 0 1 1 104
1233 10106 469 450 17 11 0 424 9 11 405 0 28 0 1 1 104
1234 10104 470 451 17 11 0 424 9 11 405 0 28 0 1 1 104
1235 10106 469 450 17 11 0 424 9 11 405 0 28 0 1 1 104
1236 10106 469 450 17 11 0 424 9 11 405 0 28 0 1 1 104
1237 10102 471 452 17 11 0 424 9 11 405 0 28 0 1 1 104
1238 10107 469 450 16 11 0 424 9 11 405 0 28 0 1 1 104
1239 10112 466 448 16 11 0 423 10 11 405 0 28 0 1 1 104
1240 10116 464 447 15 11 0 423 10 11 406 0 27 0 1 1 104
1241 10120 462 445 15 11 0 423 10 12 405 0 27 0 2 1 103
1242 10123 460 444 15 11 0 423 10 12 406 0 26 0 2 1 103
1243 10121 460 445 16 11 0 423 10 12 407 0 25 0 2 1 103
1244 10122 460 444 16 11 0 424 9 12 407 0 25 0 2 1 103
1245 10126 458 442 16 11 0 424 9 12 407 0 25 0 2 1 103
1246 10124 459 443 16 11 0 424 9 12 407 0 25 0 2 1 103
1247 10124 459 443 16 11 0 424 9 12 407 0 25 0 2 1 103
1248 10122 460 443 17 11 0 424 9 12 406 0 26 0 2 1 103
1249 10124 459 442 17 11 0 424 9 12 406 0 26 0 2 1 103
1250 10120 461 444 17 11 0 424 9 12 406 0 26 0 2 1 103
1251 10124 459 442 17 11 0 424 9 12 406 0 26 0 2 1 103
1252 10130 456 439 17 11 0 424 9 12 406 0 26 0 2 1 103
1253 10136 453 436 17 11 0 424 9 12 406 0 26 0 2 1 103
1254 10131 456 439 16 11 0 424 9 12 406 0 26 0 2 1 103
1255 10139 452 435 16 11 0 424 9 12 406 0 26 0 2 1 103
1256 10141 451 434 16 11 0 424 9 12 406 0 26 0 2 1 103
1257 10142 451 434 15 11 0 424 9 12 406 0 26 0 2 1 103
1258 10141 452 434 15 11 0 424 9 12 405 0 27 0 2 1 103
1259 10140 452 435 15 11 0 424 9 12 406 0 26 0 2 1 103
1260 10138 453 436 15 11 0 424 9 12 406 0 26 0 2 1 103
1261 10143 450 434 15 11 0 424 9 12 407 0 25 0 2 1 103
1262 10146 448 433 15 11 0 424 9 12 408 0 24 0 2 1 103
1263 10155 444 429 14 11 0 424 9 12 408 0 24 0 2 1 103
1264 10159 442 427 14 11 0 424 9 12 408 0 24 0 2 1 103
1265 10159 442 427 14 11 0 424 9 12 408 0 24 0 2 1 103
1266 10158 442 428 14 11 0 423 10 12 408 0 24 0 2 1 103
1267 10160 442 426 14 11 0 423 10 12 406 0 26 0 2 1 103
1268 10161 442 425 14 11 0 424 9 12 406 0 26 0 2 1 103
1269 10165 440 423 14 11 0 424 9 12 406 0 26 0 2 1 103
1270 10167 439 422 14 11 0 424 9 12 406 0 26 0 2 1 103
1271 10168 438 422 14 11 0 423 10 12 406 0 26 0 2 1 103
1272 10170 437 421 14 11 0 423 10 12 406 0 26 0 2 1 103
1273 10171 437 420 14 11 0 423 10 12 405 0 27 0 2 1 103
1274 10170 437 420 15 11 0 423 10 12 405 0 27 0 2 1 103
1275 10167 438 421 16 11 0 423 10 12 405 0 27 0 2 1 103
1276 10173 435 418 16 11 0 423 10 12 405 0 27 0 2 1 103
1277 10171 436 419 16 11 0 423 10 12 405 0 27 0 2 1 103
1278 10173 435 418 16 11 0 423 10 12 405 0 27 0 2 1 103
1279 10174 435 417 16 11 0 423 10 12 404 0 28 0 2 1 103
1280 10175 435 417 15 11 0 423 10 12 404 0 28 0 2 1 103
1281 10174 435 418 15 11 0 423 10 12 405 0 27 0 2 1 103
1282 10178 433 416 15 11 0 423 10 12 405 0 27 0 2 1 103
1283 10182 431 414 15 11 0 423 10 12 405 0 27 0 2 1 103
1284 10195 425 408 14 11 0 423 10 12 405 0 27 0 2 1 103
1285 10199 423 406 14 11 0 423 10 12 405 0 27 0 2 1 103
1286 10205 420 404 13 11 0 422 11 12 405 0 27 0 2 1 103
1287 10203 421 405 13 11 0 422 11 12 405 0 27 0 2 1 103
1288 10201 422 406 13 12 0 421 11 13 404 0 27 0 2 1 103
1289 10199 423 407 13 12 0 421 11 13 404 0 27 0 2 1 103
1290 10198 423 408 13 12 0 421 11 13 405 0 26 0 2 1 103
1291 10206 419 404 13 12 0 421 11 13 405 0 26 0 2 1 103
1292 10206 419 404 13 12 0 421 11 13 405 0 26 0 3 2 101
1293 10201 421 407 13 12 0 421 11 13 406 0 25 0 3 2 101
1294 10203 420 406 13 12 0 421 11 13 406 0 25 0 3 2 101
1295 10200 421 408 13 12 0 420 12 13 406 0 25 0 3 2 101
1296 10197 423 410 12 12 0 420 12 13 406 0 25 0 3 2 101
1297 10199 422 409 12 12 0 420 12 13 406 0 25 0 3 2 101
1298 10202 421 407 12 12 0 421 11 13 406 0 25 0 3 2 101
1299 10204 420 406 12 12 0 421 11 13 406 0 25 0 3 2 101
1300 10203 421 407 11 12 0 421 11 13 406 0 25 0 3 2 101
1301 10197 424 410 11 12 0 421 11 13 406 0 25 0 3 2 101
1302 10201 422 408 11 12 0 421 11 13 406 0 25 0 3 2 101
1303 10204 420 407 11 12 0 420 12 13 406 0 25 0 3 2 101
1304 10204 420 407 11 12 0 420 12 13 406 0 25 0 3 2 101
1305 10199 422 409 12 12 0 420 12 13 406 0 25 0 3 2 101
1306 10199 422 409 12 12 0 420 12 13 406 0 25 0 3 2 101
1307 10201 421 408 12 12 0 420 12 13 406 0 25 0 3 2 101
1308 10200 421 409 12 12 0 420 12 13 407 0 24 0 3 2 101
1309 10199 421 410 12 12 0 419 13 13 407 0 24 0 3 2 101
1310 10193 424 413 12 12 0 419 13 13 407 0 24 0 3 2 101
1311 10194 424 413 11 12 0 419 13 13 407 0 24 0 3 2 101
1312 10194 424 414 10 12 0 419 13 13 408 0 23 0 3 2 101
1313 10193 425 414 10 12 0 419 13 13 407 0 24 0 3 2 101
1314 10195 424 413 10 12 0 419 13 13 407 0 24 0 3 2 101
1315 10199 422 411 10 12 0 419 13 13 407 0 24 0 3 2 101
1316 10194 425 413 10 12 0 420 12 13 407 0 24 0 3 2 101
1317 10201 421 410 10 12 0 419 13 13 407 0 24 0 3 2 101
1318 10201 421 410 10 12 0 419 13 13 407 0 24 0 3 2 101
1319 10202 421 409 10 12 0 420 12 13 407 0 24 0 3 2 101
1320 10204 420 408 10 12 0 420 12 13 407 0 24 0 3 2 101
1321 10208 418 406 10 12 0 420 12 13 407 0 24 0 3 2 101
1322 10208 418 407 9 12 0 420 12 13 408 0 23 0 3 2 101
1323 10212 416 405 9 12 0 420 12 13 408 0 23 0 3 2 101
1324 10211 417 405 9 12 0 421 11 13 408 0 23 0 3 2 101
1325 10213 416 404 9 12 0 421 11 13 408 0 23 0 3 2 101
1326 10217 414 402 9 12 0 421 11 13 408 0 23 0 3 2 101
1327 10217 414 402 9 12 0 421 11 13 408 0 23 0 3 2 101
1328 10219 412 401 10 12 0 421 11 13 409 0 22 0 3 2 101
1329 10221 411 400 10 12 0 421 11 13 409 0 22 0 3 2 101
1330 10225 409 398 10 12 0 421 11 13 409 0 22 0 3 2 101
1331 10237 403 392 10 12 0 421 11 13 409 0 22 0 3 2 101
1332 10237 403 392 10 12 0 421 11 13 409 0 22 0 3 2 101
1333 10235 404 393 10 12 0 421 11 13 409 0 22 0 3 2 101
1334 10229 407 396 10 12 0 421 11 13 409 0 22 0 3 2 101
1335 10233 405 394 10 12 0 421 11 13 409 0 22 0 3 2 101
1336 10238 402 392 10 13 0 420 11 14 409 0 21 0 3 2 101
1337 10234 404 394 10 13 0 420 11 14 409 0 21 0 3 2 101
1338 10234 404 394 10 13 0 420 11 14 409 0 21 0 3 2 101
1339 10235 403 394 10 13 0 420 11 14 410 0 20 0 3 2 101
1340 10240 400 391 11 13 0 420 11 14 410 0 20 0 3 2 101
1341 10246 397 388 11 13 0 420 11 14 410 0 20 0 3 2 101
1342 10250 395 386 11 13 0 420 11 14 410 0 20 0 3 2 101
1343 10258 391 382 11 13 0 420 11 14 410 0 20 0 3 2 101
1344 10258 390 382 12 13 0 420 11 14 411 0 19 0 3 2 101
1345 10261 388 380 13 13 0 420 11 14 411 0 19 0 3 2 101
1346 10260 389 381 12 13 0 420 11 14 411 0 19 0 3 2 101
1347 10262 388 380 12 13 0 420 11 14 411 0 19 0 3 2 101
1348 10262 388 380 12 13 0 420 11 14 411 0 19 0 3 2 101
1349 10266 386 378 12 13 0 420 11 14 411 0 19 0 3 2 101
1350 10273 383 375 11 13 0 420 11 14 411 0 19 0 3 2 101
1351 10270 385 377 10 13 0 420 11 14 411 0 19 0 3 2 101
1352 10271 385 376 10 13 0 420 11 14 410 0 20 0 3 2 101
1353 10271 385 376 10 13 0 420 11 14 410 0 20 0 3 2 101
1354 10266 387 379 10 13 0 420 11 14 411 0 19 0 3 2 101
1355 10272 384 376 10 13 0 420 11 14 411 0 19 0 3 2 101
1356 10274 383 375 10 13 0 420 11 14 411 0 19 0 3 2 101
1357 10272 384 376 10 13 0 420 11 14 411 0 19 0 3 2 101
1358 10276 382 374 10 13 0 421 10 14 412 0 18 0 3 2 101
1359 10275 382 375 10 13 0 421 10 14 413 0 17 0 3 2 101
1360 10277 381 375 9 13 0 421 10 14 414 0 16 0 3 2 101
1361 10274 383 376 9 13 0 421 10 14 413 0 17 0 3 2 101
1362 10276 382 375 9 13 0 421 10 14 413 0 17 0 3 2 101
1363 10278 381 374 9 13 0 421 10 14 413 0 17 0 3 2 101
1364 10281 380 371 9 13 0 423 8 14 413 0 17 0 3 2 102
1365 10277 382 373 9 13 0 423 8 14 413 0 17 0 3 2 102
1366 10273 384 375 9 13 0 423 8 14 413 0 17 0 3 2 102
1367 10275 383 374 9 13 0 423 8 14 413 0 17 0 3 2 102
1368 10275 383 374 9 13 0 423 8 14 413 0 17 0 3 2 102
1369 10273 383 374 11 13 0 423 8 14 413 0 17 0 3 2 102
1370 10281 379 370 11 13 0 423 8 14 413 0 17 0 3 2 102
1371 10289 375 366 11 13 0 423 8 14 413 0 17 0 3 2 102
1372 10298 371 362 10 13 0 423 8 14 413 0 17 0 3 2 102
1373 10291 374 366 10 13 0 423 8 14 414 0 16 0 3 2 102
1374 10292 374 365 10 13 0 423 8 14 413 0 17 0 3 2 102
1375 10290 375 366 10 13 0 423 8 14 413 0 17 0 3 2 102
1376 10290 375 366 10 13 0 423 8 14 413 0 17 0 3 2 102
1377 10288 376 367 10 13 0 423 8 14 413 0 17 0 3 2 102
1378 10288 376 367 10 13 0 423 8 14 413 0 17 0 3 2 102
1379 10291 374 365 11 13 0 423 8 14 413 0 17 0 3 2 102
1380 10292 374 365 10 13 0 423 8 14 413 0 17 0 3 2 102
1381 10294 373 364 10 13 0 423 8 14 413 0 17 0 3 2 102
1382 10292 374 365 10 13 0 423 8 14 413 0 17 0 3 2 102
1383 10290 375 366 10 13 0 423 8 14 413 0 17 0 3 2 102
1384 10291 374 365 11 13 0 423 8 14 413 0 17 0 3 2 102
1385 10295 372 363 11 13 0 423 8 14 413 0 17 0 3 2 102
1386 10295 372 363 11 13 0 423 8 14 413 0 17 0 3 2 102
1387 10295 372 363 11 13 0 423 8 14 413 0 17 0 3 2 102
1388 10294 373 364 10 13 0 423 8 14 413 0 17 0 3 2 102
1389 10293 374 364 10 13 0 424 7 14 413 0 17 0 3 2 102
1390 10301 370 360 10 13 0 424 7 14 413 0 17 0 3 2 102
1391 10309 366 356 10 13 0 424 7 14 413 0 17 0 3 2 102
1392 10310 365 356 10 13 0 423 8 14 413 0 17 0 3 2 102
1393 10314 362 353 12 14 0 422 8 15 412 0 17 0 3 2 102
1394 10315 362 352 12 14 0 423 7 15 412 0 17 0 3 2 102
1395 10315 362 352 12 14 0 423 7 15 412 0 17 0 3 2 102
1396 10318 360 351 12 14 0 422 8 15 412 0 17 0 3 2 102
1397 10324 357 348 12 14 0 422 8 15 412 0 17 0 3 2 102
1398 10330 354 345 12 14 0 422 8 15 412 0 17 0 3 2 102
1399 10332 353 344 12 14 0 422 8 15 412 0 17 0 3 2 102
1400 10332 353 344 12 14 0 422 8 15 412 0 17 0 3 2 102
1401 10336 351 342 12 14 0 422 8 15 412 0 17 0 3 2 102
1402 10338 350 341 12 14 0 422 8 15 412 0 17 0 3 2 102
1403 10339 349 341 12 14 0 421 9 15 412 0 17 0 3 2 102
1404 10341 348 340 12 14 0 421 9 15 412 0 17 0 3 2 102
1405 10343 348 340 10 14 0 421 9 15 412 0 17 0 3 2 102
1406 10337 351 343 10 14 0 421 9 15 412 0 17 0 3 2 102
1407 10338 351 343 9 14 0 421 9 15 412 0 17 0 3 2 102
1408 10332 354 346 9 14 0 421 9 15 412 0 17 0 3 2 102
1409 10336 352 344 9 14 0 421 9 15 412 0 17 0 3 2 102
1410 10338 351 343 9 14 0 421 9 15 412 0 17 0 3 2 102
1411 10337 351 344 9 14 0 421 9 15 413 0 16 0 3 2 102
1412 10344 349 340 8 14 0 421 9 15 411 0 18 0 3 2 102
1413 10345 348 340 8 14 0 421 9 15 412 0 17 0 3 2 102
1414 10355 343 335 8 14 0 421 9 15 412 0 17 0 3 2 102
1415 10354 344 336 7 14 0 421 9 15 412 0 17 0 3 2 102
1416 10353 345 336 7 14 0 421 9 15 411 0 18 0 3 2 102
1417 10356 344 335 6 15 0 420 9 16 410 0 18 0 3 2 102
1418 10356 344 335 6 15 0 420 9 16 410 0 18 0 3 2 102
1419 10356 344 335 6 15 0 420 9 16 410 0 18 0 3 2 102
1420 10354 345 336 6 15 0 420 9 16 410 0 18 0 3 2 102
1421 10354 345 336 6 15 0 420 9 16 410 0 18 0 3 2 102
1422 10353 345 337 6 15 0 420 9 16 411 0 17 0 3 2 102
1423 10352 346 338 5 15 0 420 9 16 411 0 17 0 3 2 102
1424 10353 346 338 4 16 0 419 9 17 410 0 17 0 3 2 102
1425 10356 345 337 3 16 0 419 9 17 410 0 17 0 3 2 102
1426 10354 346 338 3 16 0 419 9 17 410 0 17 0 3 2 102
1427 10352 347 339 3 16 0 419 9 17 410 0 17 0 3 2 102
1428 10352 347 339 3 16 0 419 9 17 410 0 17 0 3 2 102
1429 10352 347 339 3 16 0 419 9 17 410 0 17 0 3 2 102
1430 10352 347 339 3 16 0 419 9 17 410 0 17 0 3 2 102
1431 10353 347 338 3 16 0 420 8 17 410 0 17 0 3 2 102
1432 10355 346 337 3 16 0 420 8 17 410 0 17 0 3 2 102
1433 10358 345 335 3 16 0 421 7 17 410 0 17 0 3 2 102
1434 10366 341 331 3 16 0 421 7 17 410 0 17 0 3 2 102
1435 10368 340 330 3 16 0 421 7 17 410 0 17 0 3 2 102
1436 10372 338 328 3 16 0 421 7 17 410 0 17 0 3 2 102
1437 10368 340 330 3 16 0 421 7 17 410 0 17 0 3 2 102
1438 10364 342 332 3 16 0 421 7 17 410 0 17 0 3 2 102
1439 10362 343 333 3 16 0 421 7 17 410 0 17 0 3 2 102
1440 10362 343 333 3 16 0 421 7 17 410 0 17 0 3 2 102
1441 10364 342 332 3 17 0 420 7 18 409 0 17 0 3 2 102
1442 10366 341 331 3 17 0 420 7 18 409 0 17 0 3 2 102
1443 10364 342 332 3 17 0 420 7 18 409 0 17 0 3 2 102
1444 10367 341 330 3 17 0 420 7 18 408 0 18 0 3 2 102
1445 10369 340 329 3 17 0 420 7 18 408 0 18 0 3 2 102
1446 10371 339 328 3 17 0 420 7 18 408 0 18 0 3 2 102
1447 10369 339 330 3 17 0 418 9 18 408 0 18 0 3 2 102
1448 10367 340 331 3 17 0 418 9 18 408 0 18 0 3 2 102
1449 10368 339 331 3 17 0 418 9 18 409 0 17 0 3 2 102
1450 10370 338 330 3 18 0 417 9 19 408 0 17 0 3 2 102
1451 10375 336 327 3 18 0 418 8 19 408 0 17 0 3 2 102
1452 10376 336 327 2 18 0 418 8 19 408 0 17 0 3 2 102
1453 10370 339 330 2 18 0 418 8 19 408 0 17 0 3 2 102
1454 10367 340 332 2 18 0 417 9 19 408 0 17 0 3 2 102
1455 10371 338 330 2 18 0 417 9 19 408 0 17 0 3 2 102
1456 10374 337 328 2 19 0 416 9 20 406 0 18 0 3 2 102
1457 10375 337 328 1 19 0 416 9 20 406 0 18 0 3 2 102
1458 10381 335 324 1 19 0 417 8 20 405 0 19 0 3 2 102
1459 10388 332 320 1 19 0 418 7 20 405 0 19 0 3 2 102
1460 10396 328 316 1 19 0 418 7 20 405 0 19 0 3 2 102
1461 10403 324 313 1 19 0 418 7 20 406 0 18 0 3 2 102
1462 10407 322 311 1 19 0 418 7 20 406 0 18 0 3 2 102
1463 10408 321 310 2 19 0 418 7 20 406 0 18 0 3 2 102
1464 10408 321 310 2 19 0 418 7 20 406 0 18 0 3 2 102
1465 10414 318 307 2 19 0 418 7 20 406 0 18 0 3 2 102
1466 10412 319 308 2 19 0 418 7 20 406 0 18 0 3 2 102
1467 10410 320 309 2 19 0 418 7 20 406 0 18 0 3 2 102
1468 10404 323 312 2 19 0 418 7 20 406 0 18 0 3 2 102
1469 10414 318 307 2 19 0 418 7 20 406 0 18 0 3 2 102
1470 10414 318 307 2 19 0 418 7 20 406 0 18 0 3 2 102
1471 10416 317 306 2 19 0 418 7 20 406 0 18 0 3 2 102
1472 10418 316 305 2 19 0 418 7 20 406 0 18 0 3 2 102
1473 10417 316 304 4 19 0 419 6 20 406 0 18 0 3 2 102
1474 10417 316 304 4 19 0 419 6 20 406 0 18 0 3 2 102
1475 10421 315 302 3 20 0 419 5 21 405 0 18 0 3 2 102
1476 10418 316 304 3 20 0 418 6 21 405 0 18 0 3 2 102
1477 10414 318 306 3 20 0 418 6 21 405 0 18 0 3 2 102
1478 10422 314 302 3 20 0 418 6 21 405 0 18 0 3 2 102
1479 10422 314 302 3 20 0 418 6 21 405 0 18 0 3 2 102
1480 10418 316 304 3 20 0 418 6 21 405 0 18 0 3 2 102
1481 10426 312 300 3 20 0 418 6 21 405 0 18 0 3 2 102
1482 10426 312 300 3 20 0 418 6 21 405 0 18 0 3 2 102
1483 10424 313 301 3 20 0 418 6 21 405 0 18 0 3 2 102
1484 10423 313 302 3 20 0 418 6 21 406 0 17 0 3 2 102
1485 10422 314 302 3 20 0 419 5 21 406 0 17 0 3 2 102
1486 10420 315 303 3 20 0 419 5 21 406 0 17 0 3 2 102
1487 10418 316 304 3 20 0 419 5 21 406 0 17 0 3 2 102
1488 10414 318 306 3 20 0 419 5 21 406 0 17 0 3 2 102
1489 10416 317 305 3 20 0 419 5 21 406 0 17 0 3 2 102
1490 10418 316 304 3 20 0 419 5 21 406 0 17 0 3 2 102
1491 10417 316 304 4 20 0 419 5 21 406 0 17 0 3 2 102
1492 10421 314 302 4 20 0 419 5 21 406 0 17 0 3 2 102
1493 10423 313 301 4 20 0 419 5 21 406 0 17 0 3 2 102
1494 10423 313 301 4 20 0 419 5 21 406 0 17 0 3 2 102
1495 10421 314 302 4 20 0 419 5 21 406 0 17 0 3 2 102
1496 10424 313 301 3 20 0 419 5 21 406 0 17 0 3 2 102
1497 10424 313 301 3 20 0 419 5 21 406 0 17 0 3 2 102
1498 10427 311 300 3 21 0 417 6 21 406 0 17 1 2 2 102
1499 10427 311 300 3 21 0 417 6 21 406 0 17 1 2 2 102
1500 10429 310 299 3 21 0 417 6 21 406 0 17 1 2 2 102
