0 4012 0 0 0 0 0 0 0 0 0 0 0 0 0 0 0
1 12036 0 0 0 0 0 0 0 0 0 0 0 0 0 0 0
2 12034 1 1 0 0 0 0 0 0 0 0 0 0 0 0 0
3 12030 3 3 0 0 0 0 0 0 0 0 0 0 0 0 0
4 12026 5 5 0 0 0 0 0 0 0 0 0 0 0 0 0
5 12022 7 7 0 0 0 0 0 0 0 0 0 0 0 0 0
6 12016 10 10 0 0 0 0 0 0 0 0 0 0 0 0 0
7 12014 11 11 0 0 0 0 0 0 0 0 0 0 0 0 0
8 12008 14 14 0 0 0 0 0 0 0 0 0 0 0 0 0
9 12004 16 16 0 0 0 0 0 0 0 0 0 0 0 0 0
10 12002 17 17 0 0 0 0 0 0 0 0 0 0 0 0 0
11 12000 18 18 0 0 0 0 0 0 0 0 0 0 0 0 0
12 11994 21 21 0 0 0 0 0 0 0 0 0 0 0 0 0
13 11992 22 22 0 0 0 0 0 0 0 0 0 0 0 0 0
14 11984 26 26 0 0 0 0 0 0 0 0 0 0 0 0 0
15 11982 27 27 0 0 0 0 0 0 0 0 0 0 0 0 0
16 11974 31 31 0 0 0 0 0 0 0 0 0 0 0 0 0
17 11972 32 32 0 0 0 0 0 0 0 0 0 0 0 0 0
18 11968 34 34 0 0 0 0 0 0 0 0 0 0 0 0 0
19 11966 35 35 0 0 0 0 0 0 0 0 0 0 0 0 0
20 11956 40 40 0 0 0 0 0 0 0 0 0 0 0 0 0
21 11956 40 40 0 0 0 0 0 0 0 0 0 0 0 0 0
22 11956 40 40 0 0 0 0 0 0 0 0 0 0 0 0 0
23 11952 42 42 0 0 0 0 0 0 0 0 0 0 0 0 0
24 11944 46 46 0 0 0 0 0 0 0 0 0 0 0 0 0
25 11946 45 45 0 0 0 0 0 0 0 0 0 0 0 0 0
26 11942 47 47 0 0 0 0 0 0 0 0 0 0 0 0 0
27 11942 47 47 0 0 0 0 0 0 0 0 0 0 0 0 0
28 11938 49 49 0 0 0 0 0 0 0 0 0 0 0 0 0
29 11938 49 49 0 0 0 0 0 0 0 0 0 0 0 0 0
30 11934 51 51 0 0 0 0 0 0 0 0 0 0 0 0 0
31 11926 55 55 0 0 0 0 0 0 0 0 0 0 0 0 0
32 11922 57 57 0 0 0 0 0 0 0 0 0 0 0 0 0
33 11922 57 57 0 0 0 0 0 0 0 0 0 0 0 0 0
34 11918 59 59 0 0 0 0 0 0 0 0 0 0 0 0 0
35 11910 63 63 0 0 0 0 0 0 0 0 0 0 0 0 0
36 11904 66 66 0 0 0 0 0 0 0 0 0 0 0 0 0
37 11894 71 71 0 0 0 0 0 0 0 0 0 0 0 0 0
38 11890 73 73 0 0 0 0 0 0 0 0 0 0 0 0 0
39 11882 77 77 0 0 0 0 0 0 0 0 0 0 0 0 0
40 11878 79 79 0 0 0 0 0 0 0 0 0 0 0 0 0
41 11878 79 79 0 0 0 0 0 0 0 0 0 0 0 0 0
42 11872 82 82 0 0 0 0 0 0 0 0 0 0 0 0 0
43 11860 88 88 0 0 0 0 0 0 0 0 0 0 0 0 0
44 11848 94 94 0 0 0 0 0 0 0 0 0 0 0 0 0
45 11842 97 97 0 0 0 0 0 0 0 0 0 0 0 0 0
46 11838 99 99 0 0 0 0 0 0 0 0 0 0 0 0 0
47 11834 101 101 0 0 0 0 0 0 0 0 0 0 0 0 0
48 11828 104 104 0 0 0 0 0 0 0 0 0 0 0 0 0
49 11826 105 105 0 0 0 0 0 0 0 0 0 0 0 0 0
50 11824 106 106 0 0 0 0 0 0 0 0 0 0 0 0 0
51 11816 110 110 0 0 0 0 0 0 0 0 0 0 0 0 0
52 11818 109 109 0 0 0 0 0 0 0 0 0 0 0 0 0
53 11812 112 112 0 0 0 0 0 0 0 0 0 0 0 0 0
54 11810 113 113 0 0 0 0 0 0 0 0 0 0 0 0 0
55 11804 116 116 0 0 0 0 0 0 0 0 0 0 0 0 0
56 11796 120 120 0 0 0 0 0 0 0 0 0 0 0 0 0
57 11787 124 124 1 0 0 0 0 0 0 0 0 0 0 0 0
58 11785 125 125 1 0 0 0 0 0 0 0 0 0 0 0 0
59 11781 127 127 1 0 0 0 0 0 0 0 0 0 0 0 0
60 11777 129 129 1 0 0 0 0 0 0 0 0 0 0 0 0
61 11773 131 131 1 0 0 0 0 0 0 0 0 0 0 0 0
62 11769 133 133 1 0 0 0 0 0 0 0 0 0 0 0 0
63 11765 135 135 1 0 0 0 0 0 0 0 0 0 0 0 0
64 11761 137 137 1 0 0 0 0 0 0 0 0 0 0 0 0
65 11757 139 139 1 0 0 0 0 0 0 0 0 0 0 0 0
66 11755 140 140 1 0 0 0 0 0 0 0 0 0 0 0 0
67 11751 142 142 1 0 0 0 0 0 0 0 0 0 0 0 0
68 11737 149 149 1 0 0 0 0 0 0 0 0 0 0 0 0
69 11733 151 151 1 0 0 0 0 0 0 0 0 0 0 0 0
70 11729 153 153 1 0 0 0 0 0 0 0 0 0 0 0 0
71 11724 155 155 2 0 0 0 0 0 0 0 0 0 0 0 0
72 11720 157 157 2 0 0 0 0 0 0 0 0 0 0 0 0
73 11709 163 163 1 0 0 0 0 0 0 0 0 0 0 0 0
74 11705 165 165 1 0 0 0 0 0 0 0 0 0 0 0 0
75 11697 169 169 1 0 0 0 0 0 0 0 0 0 0 0 0
76 11693 171 171 1 0 0 0 0 0 0 0 0 0 0 0 0
77 11693 171 171 1 0 0 0 0 0 0 0 0 0 0 0 0
78 11687 174 174 1 0 0 0 0 0 0 0 0 0 0 0 0
79 11677 179 179 1 0 0 0 0 0 0 0 0 0 0 0 0
80 11673 181 181 1 0 0 0 0 0 0 0 0 0 0 0 0
81 11669 183 183 1 0 0 0 0 0 0 0 0 0 0 0 0
82 11669 183 183 1 0 0 0 0 0 0 0 0 0 0 0 0
83 11669 183 183 1 0 0 0 0 0 0 0 0 0 0 0 0
84 11661 187 187 1 0 0 0 0 0 0 0 0 0 0 0 0
85 11655 190 190 1 0 0 0 0 0 0 0 0 0 0 0 0
86 11645 195 195 1 0 0 0 0 0 0 0 0 0 0 0 0
87 11641 197 197 1 0 0 0 0 0 0 0 0 0 0 0 0
88 11637 199 199 1 0 0 0 0 0 0 0 0 0 0 0 0
89 11631 202 202 1 0 0 0 0 0 0 0 0 0 0 0 0
90 11617 209 209 1 0 0 0 0 0 0 0 0 0 0 0 0
91 11605 215 215 1 0 0 0 0 0 0 0 0 0 0 0 0
92 11603 216 216 1 0 0 0 0 0 0 0 0 0 0 0 0
93 11599 218 218 1 0 0 0 0 0 0 0 0 0 0 0 0
94 11593 221 221 1 0 0 0 0 0 0 0 0 0 0 0 0
95 11584 225 225 2 0 0 0 0 0 0 0 0 0 0 0 0
96 11572 231 231 2 0 0 0 0 0 0 0 0 0 0 0 0
97 11564 235 235 2 0 0 0 0 0 0 0 0 0 0 0 0
98 11564 235 235 2 0 0 0 0 0 0 0 0 0 0 0 0
99 11554 240 240 2 0 0 0 0 0 0 0 0 0 0 0 0
100 11550 242 242 2 0 0 0 0 0 0 0 0 0 0 0 0
101 11550 242 242 2 0 0 0 0 0 0 0 0 0 0 0 0
102 11538 248 248 2 0 0 0 0 0 0 0 0 0 0 0 0
103 11530 252 252 2 0 0 0 0 0 0 0 0 0 0 0 0
104 11524 255 255 2 0 0 0 0 0 0 0 0 0 0 0 0
105 11522 256 256 2 0 0 0 0 0 0 0 0 0 0 0 0
106 11517 258 258 3 0 0 0 0 0 0 0 0 0 0 0 0
107 11513 260 260 3 0 0 0 0 0 0 0 0 0 0 0 0
108 11514 259 259 4 0 0 0 0 0 0 0 0 0 0 0 0
109 11516 258 257 3 0 0 1 0 0 0 0 1 0 0 0 0
110 11509 261 260 4 0 0 1 0 0 0 0 1 0 0 0 0
111 11507 262 261 4 0 0 1 0 0 0 0 1 0 0 0 0
112 11507 262 261 4 0 0 1 0 0 0 0 1 0 0 0 0
113 11509 261 260 4 0 0 1 0 0 0 0 1 0 0 0 0
114 11505 263 262 4 0 0 1 0 0 0 0 1 0 0 0 0
115 11498 266 265 5 0 0 1 0 0 0 0 1 0 0 0 0
116 11496 267 266 5 0 0 1 0 0 0 0 1 0 0 0 0
117 11494 268 267 5 0 0 1 0 0 0 0 1 0 0 0 0
118 11494 268 267 5 0 0 1 0 0 0 0 1 0 0 0 0
119 11489 270 269 6 0 0 1 0 0 0 0 1 0 0 0 0
120 11482 273 272 7 0 0 1 0 0 0 0 1 0 0 0 0
121 11480 274 273 7 0 0 1 0 0 0 0 1 0 0 0 0
122 11476 276 275 7 0 0 1 0 0 0 0 1 0 0 0 0
123 11472 278 277 7 0 0 1 0 0 0 0 1 0 0 0 0
124 11464 282 281 7 0 0 1 0 0 0 0 1 0 0 0 0
125 11457 285 284 8 0 0 1 0 0 0 0 1 0 0 0 0
126 11455 286 284 7 0 0 2 0 0 0 0 2 0 0 0 0
127 11449 289 287 7 0 0 2 0 0 0 0 2 0 0 0 0
128 11446 290 288 8 0 0 2 0 0 0 0 2 0 0 0 0
129 11448 289 287 8 0 0 2 0 0 0 0 2 0 0 0 0
130 11451 287 285 9 0 0 2 0 0 0 0 2 0 0 0 0
131 11447 289 287 9 0 0 2 0 0 0 0 2 0 0 0 0
132 11446 290 288 8 0 0 2 0 0 0 0 2 0 0 0 0
133 11446 290 288 8 0 0 2 0 0 0 0 2 0 0 0 0
134 11444 291 289 8 0 0 2 0 0 0 0 2 0 0 0 0
135 11448 289 287 8 0 0 2 0 0 0 0 2 0 0 0 0
136 11452 287 285 8 0 0 2 0 0 0 0 2 0 0 0 0
137 11454 286 284 8 0 0 2 0 0 0 0 2 0 0 0 0
138 11454 286 284 8 0 0 2 0 0 0 0 2 0 0 0 0
139 11448 289 287 8 0 0 2 0 0 0 0 2 0 0 0 0
140 11450 288 286 8 0 0 2 0 0 0 0 2 0 0 0 0
141 11446 290 288 8 0 0 2 0 0 0 0 2 0 0 0 0
142 11448 289 287 8 0 0 2 0 0 0 0 2 0 0 0 0
143 11444 291 289 8 0 0 2 0 0 0 0 2 0 0 0 0
144 11430 298 296 8 0 0 2 0 0 0 0 2 0 0 0 0
145 11422 301 300 9 0 0 2 0 0 1 0 1 0 0 0 0
146 11426 298 297 11 0 0 2 0 0 1 0 1 0 0 0 0
147 11428 297 296 11 0 0 2 0 0 1 0 1 0 0 0 0
148 11430 296 295 11 0 0 2 0 0 1 0 1 0 0 0 0
149 11435 293 292 12 0 0 2 0 0 1 0 1 0 0 0 0
150 11429 296 295 12 0 0 2 0 0 1 0 1 0 0 0 0
151 11431 295 294 12 0 0 2 0 0 1 0 1 0 0 0 0
152 11425 298 297 12 0 0 2 0 0 1 0 1 0 0 0 0
153 11423 299 298 12 0 0 2 0 0 1 0 1 0 0 0 0
154 11419 301 300 12 0 0 2 0 0 1 0 1 0 0 0 0
155 11417 302 301 12 0 0 2 0 0 1 0 1 0 0 0 0
156 11417 302 301 12 0 0 2 0 0 1 0 1 0 0 0 0
157 11414 304 303 11 0 0 2 0 0 1 0 1 0 0 0 0
158 11414 304 303 11 0 0 2 0 0 1 0 1 0 0 0 0
159 11414 304 302 10 0 0 3 0 0 1 0 2 0 0 0 0
160 11410 306 304 10 0 0 3 0 0 1 0 2 0 0 0 0
161 11408 307 305 10 0 0 3 0 0 1 0 2 0 0 0 0
162 11407 308 306 9 0 0 3 0 0 1 0 2 0 0 0 0
163 11407 308 306 9 0 0 3 0 0 1 0 2 0 0 0 0
164 11409 307 305 9 0 0 3 0 0 1 0 2 0 0 0 0
165 11410 306 304 10 0 0 3 0 0 1 0 2 0 0 0 0
166 11404 309 307 10 0 0 3 0 0 1 0 2 0 0 0 0
167 11402 310 308 10 0 0 3 0 0 1 0 2 0 0 0 0
168 11393 314 312 11 0 0 3 0 0 1 0 2 0 0 0 0
169 11395 313 311 11 0 0 3 0 0 1 0 2 0 0 0 0
170 11389 316 314 11 0 0 3 0 0 1 0 2 0 0 0 0
171 11381 320 318 11 0 0 3 0 0 1 0 2 0 0 0 0
172 11377 322 320 11 0 0 3 0 0 1 0 2 0 0 0 0
173 11374 324 322 10 0 0 3 0 0 1 0 2 0 0 0 0
174 11372 325 323 10 0 0 3 0 0 1 0 2 0 0 0 0
175 11368 327 325 10 0 0 3 0 0 1 0 2 0 0 0 0
176 11368 327 325 10 0 0 3 0 0 1 0 2 0 0 0 0
177 11364 329 327 10 0 0 3 0 0 1 0 2 0 0 0 0
178 11360 331 329 10 0 0 3 0 0 1 0 2 0 0 0 0
179 11354 334 332 10 0 0 3 0 0 1 0 2 0 0 0 0
180 11355 333 332 10 0 0 3 0 0 2 0 1 0 0 0 0
181 11358 332 331 9 0 0 3 0 0 2 0 1 0 0 0 0
182 11350 336 335 9 0 0 3 0 0 2 0 1 0 0 0 0
183 11342 340 339 9 0 0 3 0 0 2 0 1 0 0 0 0
184 11338 342 341 9 0 0 3 0 0 2 0 1 0 0 0 0
185 11337 343 342 8 0 0 3 0 0 2 0 1 0 0 0 0
186 11336 343 342 9 0 0 3 0 0 2 0 1 0 0 0 0
187 11333 344 343 10 0 0 3 0 0 2 0 1 0 0 0 0
188 11333 344 343 10 0 0 3 0 0 2 0 1 0 0 0 0
189 11331 345 344 10 0 0 3 0 0 2 0 1 0 0 0 0
190 11323 349 348 10 0 0 3 0 0 2 0 1 0 0 0 0
191 11313 354 353 10 0 0 3 0 0 2 0 1 0 0 0 0
192 11307 357 356 10 0 0 3 0 0 2 0 1 0 0 0 0
193 11307 357 356 10 0 0 3 0 0 2 0 1 0 0 0 0
194 11301 360 359 10 0 0 3 0 0 2 0 1 0 0 0 0
195 11297 362 361 10 0 0 3 0 0 2 0 1 0 0 0 0
196 11297 362 361 10 0 0 3 0 0 2 0 1 0 0 0 0
197 11289 366 365 10 0 0 3 0 0 2 0 1 0 0 0 0
198 11290 366 365 9 0 0 3 0 0 2 0 1 0 0 0 0
199 11282 370 369 9 0 0 3 0 0 2 0 1 0 0 0 0
200 11274 374 373 9 0 0 3 0 0 2 0 1 0 0 0 0
201 11276 373 372 9 0 0 3 0 0 2 0 1 0 0 0 0
202 11276 373 372 9 0 0 3 0 0 2 0 1 0 0 0 0
203 11274 374 373 9 0 0 3 0 0 2 0 1 0 0 0 0
204 11272 375 374 9 0 0 3 0 0 2 0 1 0 0 0 0
205 11272 375 374 9 0 0 3 0 0 2 0 1 0 0 0 0
206 11272 375 374 9 0 0 3 0 0 2 0 1 0 0 0 0
207 11266 378 377 9 0 0 3 0 0 2 0 1 0 0 0 0
208 11261 380 379 10 0 0 3 0 0 2 0 1 0 0 0 0
209 11255 383 382 10 0 0 3 0 0 2 0 1 0 0 0 0
210 11261 380 379 10 0 0 3 0 0 2 0 1 0 0 0 0
211 11264 378 377 11 0 0 3 0 0 2 0 1 0 0 0 0
212 11262 379 378 11 0 0 3 0 0 2 0 1 0 0 0 0
213 11261 379 378 12 0 0 3 0 0 2 0 1 0 0 0 0
214 11265 377 376 12 0 0 3 0 0 2 0 1 0 0 0 0
215 11259 380 379 12 0 0 3 0 0 2 0 1 0 0 0 0
216 11257 381 380 12 0 0 3 0 0 2 0 1 0 0 0 0
217 11253 383 382 12 0 0 3 0 0 2 0 1 0 0 0 0
218 11247 386 385 12 0 0 3 0 0 2 0 1 0 0 0 0
219 11245 387 386 12 0 0 3 0 0 2 0 1 0 0 0 0
220 11243 388 387 12 0 0 3 0 0 2 0 1 0 0 0 0
221 11243 388 387 12 0 0 3 0 0 2 0 1 0 0 0 0
222 11243 388 387 12 0 0 3 0 0 2 0 1 0 0 0 0
223 11246 386 385 13 0 0 3 0 0 2 0 1 0 0 0 0
224 11246 386 385 13 0 0 3 0 0 2 0 1 0 0 0 0
225 11250 384 383 13 0 0 3 0 0 2 0 1 0 0 0 0
226 11250 384 383 13 0 0 3 0 0 2 0 1 0 0 0 0
227 11246 386 385 13 0 0 3 0 0 2 0 1 0 0 0 0
228 11242 388 387 13 0 0 3 0 0 2 0 1 0 0 0 0
229 11244 387 386 13 0 0 3 0 0 2 0 1 0 0 0 0
230 11242 388 387 13 0 0 3 0 0 2 0 1 0 0 0 0
231 11240 389 388 13 0 0 3 0 0 2 0 1 0 0 0 0
232 11234 392 391 13 0 0 3 0 0 2 0 1 0 0 0 0
233 11233 392 391 14 0 0 3 0 0 2 0 1 0 0 0 0
234 11247 385 384 14 0 0 3 0 0 2 0 1 0 0 0 0
235 11239 389 388 14 0 0 3 0 0 2 0 1 0 0 0 0
236 11235 391 390 14 0 0 3 0 0 2 0 1 0 0 0 0
237 11237 390 389 14 0 0 3 0 0 2 0 1 0 0 0 0
238 11235 391 390 14 0 0 3 0 0 2 0 1 0 0 0 0
239 11235 391 390 14 0 0 3 0 0 2 0 1 0 0 0 0
240 11235 391 390 14 0 0 3 0 0 2 0 1 0 0 0 0
241 11233 392 391 14 0 0 3 0 0 2 0 1 0 0 0 0
242 11229 394 393 14 0 0 3 0 0 2 0 1 0 0 0 0
243 11228 395 394 13 0 0 3 0 0 2 0 1 0 0 0 0
244 11219 399 398 14 0 0 3 0 0 2 0 1 0 0 0 0
245 11213 402 401 14 0 0 3 0 0 2 0 1 0 0 0 0
246 11208 404 403 15 0 0 3 0 0 2 0 1 0 0 0 0
247 11209 404 403 14 0 0 3 0 0 2 0 1 0 0 0 0
248 11209 404 403 14 0 0 3 0 0 2 0 1 0 0 0 0
249 11205 406 405 14 0 0 3 0 0 2 0 1 0 0 0 0
250 11191 413 412 14 0 0 3 0 0 2 0 1 0 0 0 0
251 11194 411 410 15 0 0 3 0 0 2 0 1 0 0 0 0
252 11196 410 409 15 0 0 3 0 0 2 0 1 0 0 0 0
253 11197 409 408 16 0 0 3 0 0 2 0 1 0 0 0 0
254 11206 405 404 15 0 0 3 0 0 2 0 1 0 0 0 0
255 11207 404 403 16 0 0 3 0 0 2 0 1 0 0 0 0
256 11207 404 403 16 0 0 3 0 0 2 0 1 0 0 0 0
257 11204 406 405 15 0 0 3 0 0 2 0 1 0 0 0 0
258 11194 411 410 15 0 0 3 0 0 2 0 1 0 0 0 0
259 11193 411 410 16 0 0 3 0 0 2 0 1 0 0 0 0
260 11195 410 409 16 0 0 3 0 0 2 0 1 0 0 0 0
261 11202 406 405 17 0 0 3 0 0 2 0 1 0 0 0 0
262 11192 411 410 17 0 0 3 0 0 2 0 1 0 0 0 0
263 11188 413 412 17 0 0 3 0 0 2 0 1 0 0 0 0
264 11187 413 410 16 0 0 5 0 0 2 0 3 0 0 0 0
265 11191 411 408 16 0 0 5 0 0 2 0 3 0 0 0 0
266 11193 410 407 16 0 0 5 0 0 2 0 3 0 0 0 0
267 11191 411 408 16 0 0 5 0 0 2 0 3 0 0 0 0
268 11176 419 416 15 0 0 5 0 0 2 0 3 0 0 0 0
269 11170 422 419 15 0 0 5 0 0 2 0 3 0 0 0 0
270 11174 420 417 15 0 0 5 0 0 2 0 3 0 0 0 0
271 11183 416 413 14 0 0 5 0 0 2 0 3 0 0 0 0
272 11185 415 412 14 0 0 5 0 0 2 0 3 0 0 0 0
273 11179 418 415 14 0 0 5 0 0 2 0 3 0 0 0 0
274 11171 422 419 14 0 0 5 0 0 2 0 3 0 0 0 0
275 11180 418 415 13 0 0 5 0 0 2 0 3 0 0 0 0
276 11172 422 419 13 0 0 5 0 0 2 0 3 0 0 0 0
277 11165 425 422 14 0 0 5 0 0 2 0 3 0 0 0 0
278 11161 427 424 14 0 0 5 0 0 2 0 3 0 0 0 0
279 11163 426 423 14 0 0 5 0 0 2 0 3 0 0 0 0
280 11166 424 421 15 0 0 5 0 0 2 0 3 0 0 0 0
281 11171 422 419 14 0 0 5 0 0 2 0 3 0 0 0 0
282 11173 421 417 13 0 0 6 0 0 2 0 4 0 0 0 0
283 11164 425 421 14 0 0 6 0 0 2 0 4 0 0 0 0
284 11164 425 421 14 0 0 6 0 0 2 0 4 0 0 0 0
285 11172 421 417 14 0 0 6 0 0 2 0 4 0 0 0 0
286 11174 420 416 14 0 0 6 0 0 2 0 4 0 0 0 0
287 11170 422 418 14 0 0 6 0 0 2 0 4 0 0 0 0
288 11167 423 419 15 0 0 6 0 0 2 0 4 0 0 0 0
289 11164 424 420 16 0 0 6 0 0 2 0 4 0 0 0 0
290 11152 430 426 16 0 0 6 0 0 2 0 4 0 0 0 0
291 11156 428 424 16 0 0 6 0 0 2 0 4 0 0 0 0
292 11152 430 426 16 0 0 6 0 0 2 0 4 0 0 0 0
293 11147 432 428 17 0 0 6 0 0 2 0 4 0 0 0 0
294 11148 431 427 18 0 0 6 0 0 2 0 4 0 0 0 0
295 11146 432 428 18 0 0 6 0 0 2 0 4 0 0 0 0
296 11152 428 424 20 0 0 6 0 0 2 0 4 0 0 0 0
297 11146 431 427 20 0 0 6 0 0 2 0 4 0 0 0 0
298 11142 433 429 20 0 0 6 0 0 2 0 4 0 0 0 0
299 11145 432 428 19 0 0 6 0 0 2 0 4 0 0 0 0
300 11143 433 429 19 0 0 6 0 0 2 0 4 0 0 0 0
301 11137 436 432 19 0 0 6 0 0 2 0 4 0 0 0 0
302 11137 436 432 19 0 0 6 0 0 2 0 4 0 0 0 0
303 11136 437 433 18 0 0 6 0 0 2 0 4 0 0 0 0
304 11132 439 435 18 0 0 6 0 0 2 0 4 0 0 0 0
305 11130 440 436 18 0 0 6 0 0 2 0 4 0 0 0 0
306 11134 438 434 18 0 0 6 0 0 2 0 4 0 0 0 0
307 11123 444 440 17 0 0 6 0 0 2 0 4 0 0 0 0
308 11119 446 442 17 0 0 6 0 0 2 0 4 0 0 0 0
309 11123 445 441 15 0 0 6 0 0 2 0 4 0 0 0 0
310 11124 445 441 14 0 0 6 0 0 2 0 4 0 0 0 0
311 11128 443 439 14 0 0 6 0 0 2 0 4 0 0 0 0
312 11122 446 442 14 0 0 6 0 0 2 0 4 0 0 0 0
313 11120 447 443 14 0 0 6 0 0 2 0 4 0 0 0 0
314 11118 448 444 14 0 0 6 0 0 2 0 4 0 0 0 0
315 11118 448 444 14 0 0 6 0 0 2 0 4 0 0 0 0
316 11123 446 442 13 0 0 6 0 0 2 0 4 0 0 0 0
317 11123 446 442 13 0 0 6 0 0 2 0 4 0 0 0 0
318 11123 446 442 13 0 0 6 0 0 2 0 4 0 0 0 0
319 11118 448 444 14 0 0 6 0 0 2 0 4 0 0 0 0
320 11112 451 447 14 0 0 6 0 0 2 0 4 0 0 0 0
321 11118 448 444 14 0 0 6 0 0 2 0 4 0 0 0 0
322 11117 449 445 13 0 0 6 0 0 2 0 4 0 0 0 0
323 11116 449 445 14 0 0 6 0 0 2 0 4 0 0 0 0
324 11118 448 444 14 0 0 6 0 0 2 0 4 0 0 0 0
325 11122 446 441 13 0 0 7 0 0 2 0 5 0 0 0 0
326 11123 445 440 14 0 0 7 0 0 2 0 5 0 0 0 0
327 11129 442 437 14 0 0 7 0 0 2 0 5 0 0 0 0
328 11127 443 438 14 0 0 7 0 0 2 0 5 0 0 0 0
329 11125 444 439 14 0 0 7 0 0 2 0 5 0 0 0 0
330 11121 446 441 14 0 0 7 0 0 2 0 5 0 0 0 0
331 11129 442 437 14 0 0 7 0 0 2 0 5 0 0 0 0
332 11131 441 436 14 0 0 7 0 0 2 0 5 0 0 0 0
333 11133 440 435 14 0 0 7 0 0 2 0 5 0 0 0 0
334 11121 446 441 14 0 0 7 0 0 2 0 5 0 0 0 0
335 11117 448 443 14 0 0 7 0 0 2 0 5 0 0 0 0
336 11117 449 444 12 0 0 7 0 0 2 0 5 0 0 0 0
337 11121 447 442 12 0 0 7 0 0 2 0 5 0 0 0 0
338 11117 449 444 12 0 0 7 0 0 2 0 5 0 0 0 0
339 11109 453 448 12 0 0 7 0 0 2 0 5 0 0 0 0
340 11103 456 451 12 0 0 7 0 0 2 0 5 0 0 0 0
341 11099 458 453 12 0 0 7 0 0 2 0 5 0 0 0 0
342 11104 455 450 13 0 0 7 0 0 2 0 5 0 0 0 0
343 11100 457 452 13 0 0 7 0 0 2 0 5 0 0 0 0
344 11092 461 456 13 0 0 7 0 0 2 0 5 0 0 0 0
345 11092 461 456 13 0 0 7 0 0 2 0 5 0 0 0 0
346 11090 462 457 13 0 0 7 0 0 2 0 5 0 0 0 0
347 11088 463 458 13 0 0 7 0 0 2 0 5 0 0 0 0
348 11085 464 459 14 0 0 7 0 0 2 0 5 0 0 0 0
349 11081 467 462 12 0 0 7 0 0 2 0 5 0 0 0 0
350 11079 468 463 12 0 0 7 0 0 2 0 5 0 0 0 0
351 11076 469 464 13 0 0 7 0 0 2 0 5 0 0 0 0
352 11072 471 466 13 0 0 7 0 0 2 0 5 0 0 0 0
353 11076 469 463 12 0 0 8 0 0 2 0 6 0 0 0 0
354 11074 469 463 14 0 0 8 0 0 2 0 6 0 0 0 0
355 11072 470 464 14 0 0 8 0 0 2 0 6 0 0 0 0
356 11076 468 462 14 0 0 8 0 0 2 0 6 0 0 0 0
357 11069 471 465 15 0 0 8 0 0 2 0 6 0 0 0 0
358 11071 470 464 15 0 0 8 0 0 2 0 6 0 0 0 0
359 11069 471 465 15 0 0 8 0 0 2 0 6 0 0 0 0
360 11067 472 466 15 0 0 8 0 0 2 0 6 0 0 0 0
361 11062 475 469 14 0 0 8 0 0 2 0 6 0 0 0 0
362 11064 474 468 14 0 0 8 0 0 2 0 6 0 0 0 0
363 11069 471 465 15 0 0 8 0 0 2 0 6 0 0 0 0
364 11069 471 465 15 0 0 8 0 0 2 0 6 0 0 0 0
365 11078 467 461 14 0 0 8 0 0 2 0 6 0 0 0 0
366 11080 466 460 14 0 0 8 0 0 2 0 6 0 0 0 0
367 11082 465 459 14 0 0 8 0 0 2 0 6 0 0 0 0
368 11086 463 457 14 0 0 8 0 0 2 0 6 0 0 0 0
369 11089 462 456 13 0 0 8 0 0 2 0 6 0 0 0 0
370 11093 460 454 13 0 0 8 0 0 2 0 6 0 0 0 0
371 11091 461 455 13 0 0 8 0 0 2 0 6 0 0 0 0
372 11089 462 456 13 0 0 8 0 0 2 0 6 0 0 0 0
373 11093 460 454 13 0 0 8 0 0 2 0 6 0 0 0 0
374 11087 462 456 15 0 0 8 0 0 2 0 6 0 0 0 0
375 11087 462 456 15 0 0 8 0 0 2 0 6 0 0 0 0
376 11082 464 458 16 0 0 8 0 0 2 0 6 0 0 0 0
377 11081 464 458 17 0 0 8 0 0 2 0 6 0 0 0 0
378 11074 467 461 18 0 0 8 0 0 2 0 6 0 0 0 0
379 11064 472 466 18 0 0 8 0 0 2 0 6 0 0 0 0
380 11062 473 467 18 0 0 8 0 0 2 0 6 0 0 0 0
381 11058 475 469 18 0 0 8 0 0 2 0 6 0 0 0 0
382 11068 470 464 18 0 0 8 0 0 2 0 6 0 0 0 0
383 11061 473 467 19 0 0 8 0 0 2 0 6 0 0 0 0
384 11066 471 465 18 0 0 8 0 0 2 0 6 0 0 0 0
385 11068 470 464 18 0 0 8 0 0 2 0 6 0 0 0 0
386 11078 465 459 18 0 0 8 0 0 2 0 6 0 0 0 0
387 11082 463 457 18 0 0 8 0 0 2 0 6 0 0 0 0
388 11080 464 458 18 0 0 8 0 0 2 0 6 0 0 0 0
389 11082 463 457 18 0 0 8 0 0 2 0 6 0 0 0 0
390 11080 464 458 18 0 0 8 0 0 2 0 6 0 0 0 0
391 11076 466 460 18 0 0 8 0 0 2 0 6 0 0 0 0
392 11081 463 458 18 0 0 8 0 0 3 0 5 0 0 0 0
393 11079 464 459 18 0 0 8 0 0 3 0 5 0 0 0 0
394 11077 465 460 18 0 0 8 0 0 3 0 5 0 0 0 0
395 11083 462 457 18 0 0 8 0 0 3 0 5 0 0 0 0
396 11082 463 458 17 0 0 8 0 0 3 0 5 0 0 0 0
397 11078 465 460 17 0 0 8 0 0 3 0 5 0 0 0 0
398 11078 466 461 15 0 0 8 0 0 3 0 5 0 0 0 0
399 11074 468 463 15 0 0 8 0 0 3 0 5 0 0 0 0
400 11076 467 462 15 0 0 8 0 0 3 0 5 0 0 0 0
401 11070 470 465 15 0 0 8 0 0 3 0 5 0 0 0 0
402 11068 471 466 15 0 0 8 0 0 3 0 5 0 0 0 0
403 11066 472 467 15 0 0 8 0 0 3 0 5 0 0 0 0
404 11074 468 463 15 0 0 8 0 0 3 0 5 0 0 0 0
405 11075 468 463 14 0 0 8 0 0 3 0 5 0 0 0 0
406 11079 466 461 14 0 0 8 0 0 3 0 5 0 0 0 0
407 11073 469 464 14 0 0 8 0 0 3 0 5 0 0 0 0
408 11078 466 461 15 0 0 8 0 0 3 0 5 0 0 0 0
409 11076 467 462 15 0 0 8 0 0 3 0 5 0 0 0 0
410 11081 465 460 14 0 0 8 0 0 3 0 5 0 0 0 0
411 11087 462 457 14 0 0 8 0 0 3 0 5 0 0 0 0
412 11087 462 457 14 0 0 8 0 0 3 0 5 0 0 0 0
413 11085 463 458 14 0 0 8 0 0 3 0 5 0 0 0 0
414 11086 462 457 15 0 0 8 0 0 3 0 5 0 0 0 0
415 11086 462 457 15 0 0 8 0 0 3 0 5 0 0 0 0
416 11084 463 458 15 0 0 8 0 0 3 0 5 0 0 0 0
417 11087 461 456 16 0 0 8 0 0 3 0 5 0 0 0 0
418 11081 464 459 16 0 0 8 0 0 3 0 5 0 0 0 0
419 11083 463 458 16 0 0 8 0 0 3 0 5 0 0 0 0
420 11082 464 459 15 0 0 8 0 0 3 0 5 0 0 0 0
421 11088 461 456 15 0 0 8 0 0 3 0 5 0 0 0 0
422 11092 459 454 15 0 0 8 0 0 3 0 5 0 0 0 0
423 11086 462 457 15 0 0 8 0 0 3 0 5 0 0 0 0
424 11091 459 454 16 0 0 8 0 0 3 0 5 0 0 0 0
425 11085 462 457 16 0 0 8 0 0 3 0 5 0 0 0 0
426 11085 462 457 16 0 0 8 0 0 3 0 5 0 0 0 0
427 11074 467 462 17 0 0 8 0 0 3 0 5 0 0 0 0
428 11074 467 462 17 0 0 8 0 0 3 0 5 0 0 0 0
429 11076 466 461 17 0 0 8 0 0 3 0 5 0 0 0 0
430 11077 465 460 18 0 0 8 0 0 3 0 5 0 0 0 0
431 11075 466 461 18 0 0 8 0 0 3 0 5 0 0 0 0
432 11075 466 461 18 0 0 8 0 0 3 0 5 0 0 0 0
433 11069 469 464 18 0 0 8 0 0 3 0 5 0 0 0 0
434 11073 467 462 18 0 0 8 0 0 3 0 5 0 0 0 0
435 11080 464 459 17 0 0 8 0 0 3 0 5 0 0 0 0
436 11079 465 460 16 0 0 8 0 0 3 0 5 0 0 0 0
437 11072 468 463 17 0 0 8 0 0 3 0 5 0 0 0 0
438 11068 470 465 17 0 0 8 0 0 3 0 5 0 0 0 0
439 11071 468 463 18 0 0 8 0 0 3 0 5 0 0 0 0
440 11067 470 465 18 0 0 8 0 0 3 0 5 0 0 0 0
441 11072 467 462 19 0 0 8 0 0 3 0 5 0 0 0 0
442 11074 466 461 19 0 0 8 0 0 3 0 5 0 0 0 0
443 11070 468 463 19 0 0 8 0 0 3 0 5 0 0 0 0
444 11072 467 462 19 0 0 8 0 0 3 0 5 0 0 0 0
445 11068 469 464 19 0 0 8 0 0 3 0 5 0 0 0 0
446 11066 470 465 19 0 0 8 0 0 3 0 5 0 0 0 0
447 11064 471 466 19 0 0 8 0 0 3 0 5 0 0 0 0
448 11065 470 465 20 0 0 8 0 0 3 0 5 0 0 0 0
449 11062 471 466 21 0 0 8 0 0 3 0 5 0 0 0 0
450 11061 472 467 20 0 0 8 0 0 3 0 5 0 0 0 0
451 11055 475 470 20 0 0 8 0 0 3 0 5 0 0 0 0
452 11057 474 469 20 0 0 8 0 0 3 0 5 0 0 0 0
453 11061 472 466 19 0 0 9 0 0 3 0 6 0 0 0 0
454 11060 473 467 18 0 0 9 0 0 3 0 6 0 0 0 0
455 11056 475 469 18 0 0 9 0 0 3 0 6 0 0 0 0
456 11062 472 466 18 0 0 9 0 0 3 0 6 0 0 0 0
457 11059 474 468 17 0 0 9 0 0 3 0 6 0 0 0 0
458 11057 475 469 17 0 0 9 0 0 3 0 6 0 0 0 0
459 11046 480 474 18 0 0 9 0 0 3 0 6 0 0 0 0
460 11052 477 471 18 0 0 9 0 0 3 0 6 0 0 0 0
461 11046 480 474 18 0 0 9 0 0 3 0 6 0 0 0 0
462 11046 480 474 18 0 0 9 0 0 3 0 6 0 0 0 0
463 11044 481 475 18 0 0 9 0 0 3 0 6 0 0 0 0
464 11048 478 472 20 0 0 9 0 0 3 0 6 0 0 0 0
465 11050 477 471 20 0 0 9 0 0 3 0 6 0 0 0 0
466 11046 479 473 20 0 0 9 0 0 3 0 6 0 0 0 0
467 11044 481 475 18 0 0 9 0 0 3 0 6 0 0 0 0
468 11038 484 478 18 0 0 9 0 0 3 0 6 0 0 0 0
469 11038 484 478 18 0 0 9 0 0 3 0 6 0 0 0 0
470 11030 488 482 18 0 0 9 0 0 3 0 6 0 0 0 0
471 11030 488 482 18 0 0 9 0 0 3 0 6 0 0 0 0
472 11029 489 483 17 0 0 9 0 0 3 0 6 0 0 0 0
473 11025 491 485 17 0 0 9 0 0 3 0 6 0 0 0 0
474 11026 491 485 16 0 0 9 0 0 3 0 6 0 0 0 0
475 11030 489 483 16 0 0 9 0 0 3 0 6 0 0 0 0
476 11032 488 482 16 0 0 9 0 0 3 0 6 0 0 0 0
477 11032 488 482 16 0 0 9 0 0 3 0 6 0 0 0 0
478 11030 489 483 16 0 0 9 0 0 3 0 6 0 0 0 0
479 11029 489 483 17 0 0 9 0 0 3 0 6 0 0 0 0
480 11028 489 483 18 0 0 9 0 0 3 0 6 0 0 0 0
481 11023 491 485 19 0 0 9 0 0 3 0 6 0 0 0 0
482 11027 489 483 19 0 0 9 0 0 3 0 6 0 0 0 0
483 11036 484 479 19 0 0 9 0 0 4 0 5 0 0 0 0
484 11042 481 476 19 0 0 9 0 0 4 0 5 0 0 0 0
485 11038 483 478 19 0 0 9 0 0 4 0 5 0 0 0 0
486 11028 488 483 19 0 0 9 0 0 4 0 5 0 0 0 0
487 11024 490 485 19 0 0 9 0 0 4 0 5 0 0 0 0
488 11024 490 485 19 0 0 9 0 0 4 0 5 0 0 0 0
489 11030 487 482 19 0 0 9 0 0 4 0 5 0 0 0 0
490 11027 489 484 18 0 0 9 0 0 4 0 5 0 0 0 0
491 11027 489 484 18 0 0 9 0 0 4 0 5 0 0 0 0
492 11027 489 484 18 0 0 9 0 0 4 0 5 0 0 0 0
493 11029 488 483 18 0 0 9 0 0 4 0 5 0 0 0 0
494 11031 487 482 18 0 0 9 0 0 4 0 5 0 0 0 0
495 11029 488 483 18 0 0 9 0 0 4 0 5 0 0 0 0
496 11029 488 483 18 0 0 9 0 0 4 0 5 0 0 0 0
497 11027 489 484 18 0 0 9 0 0 4 0 5 0 0 0 0
498 11029 488 483 18 0 0 9 0 0 4 0 5 0 0 0 0
499 11033 486 481 18 0 0 9 0 0 4 0 5 0 0 0 0
500 11042 481 476 19 0 0 9 0 0 4 0 5 0 0 0 0
501 11043 481 476 18 0 0 9 0 0 4 0 5 0 0 0 0
502 11049 478 473 18 0 0 9 0 0 4 0 5 0 0 0 0
503 11047 479 474 18 0 0 9 0 0 4 0 5 0 0 0 0
504 11053 476 471 18 0 0 9 0 0 4 0 5 0 0 0 0
505 11045 480 475 18 0 0 9 0 0 4 0 5 0 0 0 0
506 11043 481 476 18 0 0 9 0 0 4 0 5 0 0 0 0
507 11046 479 474 19 0 0 9 0 0 4 0 5 0 0 0 0
508 11044 480 475 19 0 0 9 0 0 4 0 5 0 0 0 0
509 11039 482 478 19 0 0 9 0 0 5 0 4 0 0 0 0
510 11037 483 479 19 0 0 9 0 0 5 0 4 0 0 0 0
511 11037 483 479 19 0 0 9 0 0 5 0 4 0 0 0 0
512 11035 484 480 19 0 0 9 0 0 5 0 4 0 0 0 0
513 11035 483 479 21 0 0 9 0 0 5 0 4 0 0 0 0
514 11035 483 479 21 0 0 9 0 0 5 0 4 0 0 0 0
515 11030 486 482 20 0 0 9 0 0 5 0 4 0 0 0 0
516 11022 490 486 20 0 0 9 0 0 5 0 4 0 0 0 0
517 11030 486 482 20 0 0 9 0 0 5 0 4 0 0 0 0
518 11030 486 482 20 0 0 9 0 0 5 0 4 0 0 0 0
519 11036 483 479 20 0 0 9 0 0 5 0 4 0 0 0 0
520 11034 484 480 20 0 0 9 0 0 5 0 4 0 0 0 0
521 11034 484 480 20 0 0 9 0 0 5 0 4 0 0 0 0
522 11030 486 482 20 0 0 9 0 0 5 0 4 0 0 0 0
523 11039 482 478 19 0 0 9 0 0 5 0 4 0 0 0 0
524 11039 482 478 19 0 0 9 0 0 5 0 4 0 0 0 0
525 11038 482 477 19 0 0 10 0 0 5 0 5 0 0 0 0
526 11034 482 477 23 0 0 10 0 0 5 0 5 0 0 0 0
527 11034 482 477 23 0 0 10 0 0 5 0 5 0 0 0 0
528 11040 479 474 23 0 0 10 0 0 5 0 5 0 0 0 0
529 11038 480 475 23 0 0 10 0 0 5 0 5 0 0 0 0
530 11034 482 477 23 0 0 10 0 0 5 0 5 0 0 0 0
531 11034 482 477 23 0 0 10 0 0 5 0 5 0 0 0 0
532 11028 485 480 23 0 0 10 0 0 5 0 5 0 0 0 0
533 11024 487 482 23 0 0 10 0 0 5 0 5 0 0 0 0
534 11032 484 479 21 0 0 10 0 0 5 0 5 0 0 0 0
535 11032 484 479 21 0 0 10 0 0 5 0 5 0 0 0 0
536 11033 484 479 20 0 0 10 0 0 5 0 5 0 0 0 0
537 11028 487 482 19 0 0 10 0 0 5 0 5 0 0 0 0
538 11029 487 482 18 0 0 10 0 0 5 0 5 0 0 0 0
539 11035 484 479 18 0 0 10 0 0 5 0 5 0 0 0 0
540 11044 479 475 18 0 0 10 0 0 6 0 4 0 0 0 0
541 11040 481 477 18 0 0 10 0 0 6 0 4 0 0 0 0
542 11040 481 477 18 0 0 10 0 0 6 0 4 0 0 0 0
543 11044 479 475 18 0 0 10 0 0 6 0 4 0 0 0 0
544 11048 477 473 18 0 0 10 0 0 6 0 4 0 0 0 0
545 11047 477 473 19 0 0 10 0 0 6 0 4 0 0 0 0
546 11049 476 472 19 0 0 10 0 0 6 0 4 0 0 0 0
547 11047 477 473 19 0 0 10 0 0 6 0 4 0 0 0 0
548 11050 477 473 16 0 0 10 0 0 6 0 4 0 0 0 0
549 11047 478 474 17 0 0 10 0 0 6 0 4 0 0 0 0
550 11055 474 470 17 0 0 10 0 0 6 0 4 0 0 0 0
551 11048 477 473 18 0 0 10 0 0 6 0 4 0 0 0 0
552 11050 476 472 18 0 0 10 0 0 6 0 4 0 0 0 0
553 11040 481 477 18 0 0 10 0 0 6 0 4 0 0 0 0
554 11038 482 478 18 0 0 10 0 0 6 0 4 0 0 0 0
555 11043 479 475 19 0 0 10 0 0 6 0 4 0 0 0 0
556 11045 478 474 19 0 0 10 0 0 6 0 4 0 0 0 0
557 11049 476 472 19 0 0 10 0 0 6 0 4 0 0 0 0
558 11051 475 471 19 0 0 10 0 0 6 0 4 0 0 0 0
559 11042 479 475 20 0 0 10 0 0 6 0 4 0 0 0 0
560 11044 478 474 20 0 0 10 0 0 6 0 4 0 0 0 0
561 11045 478 474 19 0 0 10 0 0 6 0 4 0 0 0 0
562 11043 479 475 19 0 0 10 0 0 6 0 4 0 0 0 0
563 11037 482 478 19 0 0 10 0 0 6 0 4 0 0 0 0
564 11039 481 477 19 0 0 10 0 0 6 0 4 0 0 0 0
565 11043 480 476 17 0 0 10 0 0 6 0 4 0 0 0 0
566 11045 478 475 18 0 0 10 0 0 7 0 3 0 0 0 0
567 11041 480 477 18 0 0 10 0 0 7 0 3 0 0 0 0
568 11031 485 482 18 0 0 10 0 0 7 0 3 0 0 0 0
569 11039 481 478 18 0 0 10 0 0 7 0 3 0 0 0 0
570 11039 481 478 18 0 0 10 0 0 7 0 3 0 0 0 0
571 11045 478 475 18 0 0 10 0 0 7 0 3 0 0 0 0
572 11048 476 473 19 0 0 10 0 0 7 0 3 0 0 0 0
573 11047 477 474 18 0 0 10 0 0 7 0 3 0 0 0 0
574 11051 475 472 18 0 0 10 0 0 7 0 3 0 0 0 0
575 11049 476 473 18 0 0 10 0 0 7 0 3 0 0 0 0
576 11041 479 476 20 0 0 10 0 0 7 0 3 0 0 0 0
577 11037 481 478 20 0 0 10 0 0 7 0 3 0 0 0 0
578 11039 480 477 20 0 0 10 0 0 7 0 3 0 0 0 0
579 11044 477 474 21 0 0 10 0 0 7 0 3 0 0 0 0
580 11043 477 474 22 0 0 10 0 0 7 0 3 0 0 0 0
581 11040 478 475 23 0 0 10 0 0 7 0 3 0 0 0 0
582 11038 479 476 23 0 0 10 0 0 7 0 3 0 0 0 0
583 11030 484 481 21 0 0 10 0 0 7 0 3 0 0 0 0
584 11026 486 483 21 0 0 10 0 0 7 0 3 0 0 0 0
585 11020 489 486 21 0 0 10 0 0 7 0 3 0 0 0 0
586 11023 487 484 22 0 0 10 0 0 7 0 3 0 0 0 0
587 11024 487 483 20 0 0 11 0 0 7 0 4 0 0 0 0
588 11022 488 484 20 0 0 11 0 0 7 0 4 0 0 0 0
589 11017 490 487 20 0 0 10 1 0 7 0 4 0 0 0 0
590 11017 490 487 20 0 0 10 1 0 7 0 4 0 0 0 0
591 11011 493 490 20 0 0 10 1 0 7 0 4 0 0 0 0
592 11011 493 490 20 0 0 10 1 0 7 0 4 0 0 0 0
593 11011 493 490 20 0 0 10 1 0 7 0 4 0 0 0 0
594 11013 492 490 19 0 0 10 1 0 8 0 3 0 0 0 0
595 11011 493 491 19 0 0 10 1 0 8 0 3 0 0 0 0
596 11015 491 489 19 0 0 10 1 0 8 0 3 0 0 0 0
597 11019 489 488 18 0 0 10 1 0 9 0 2 0 0 0 0
598 11017 490 489 18 0 0 10 1 0 9 0 2 0 0 0 0
599 11007 494 493 20 0 0 10 1 0 9 0 2 0 0 0 0
600 11010 492 492 20 0 0 10 1 0 10 0 1 0 0 0 0
601 11012 491 491 20 0 0 10 1 0 10 0 1 0 0 0 0
602 11008 493 493 20 0 0 10 1 0 10 0 1 0 0 0 0
603 11004 495 495 20 0 0 10 1 0 10 0 1 0 0 0 0
604 11005 495 495 19 0 0 10 1 0 10 0 1 0 0 0 0
605 11005 495 495 19 0 0 10 1 0 10 0 1 0 0 0 0
606 11003 496 496 19 0 0 10 1 0 10 0 1 0 0 0 0
607 11003 496 496 19 0 0 10 1 0 10 0 1 0 0 0 0
608 10999 498 498 19 0 0 10 1 0 10 0 1 0 0 0 0
609 11001 496 496 21 0 0 10 1 0 10 0 1 0 0 0 0
610 11002 496 496 20 0 0 10 1 0 10 0 1 0 0 0 0
611 10998 498 498 20 0 0 10 1 0 10 0 1 0 0 0 0
612 10998 498 498 20 0 0 10 1 0 10 0 1 0 0 0 0
613 11004 495 495 20 0 0 10 1 0 10 0 1 0 0 0 0
614 11002 496 496 20 0 0 10 1 0 10 0 1 0 0 0 0
615 11007 494 494 19 0 0 10 1 0 10 0 1 0 0 0 0
616 11008 493 492 19 0 0 11 1 0 10 0 2 0 0 0 0
617 11008 493 492 19 0 0 11 1 0 10 0 2 0 0 0 0
618 11012 491 490 19 0 0 11 1 0 10 0 2 0 0 0 0
619 11006 494 493 19 0 0 11 1 0 10 0 2 0 0 0 0
620 11014 490 489 19 0 0 11 1 0 10 0 2 0 0 0 0
621 11014 490 489 19 0 0 11 1 0 10 0 2 0 0 0 0
622 11022 486 485 19 0 0 11 1 0 10 0 2 0 0 0 0
623 11023 485 484 20 0 0 11 1 0 10 0 2 0 0 0 0
624 11015 489 488 20 0 0 11 1 0 10 0 2 0 0 0 0
625 11016 489 488 19 0 0 11 1 0 10 0 2 0 0 0 0
626 11015 489 488 20 0 0 11 1 0 10 0 2 0 0 0 0
627 11013 490 489 20 0 0 11 1 0 10 0 2 0 0 0 0
628 11011 491 490 20 0 0 11 1 0 10 0 2 0 0 0 0
629 11009 492 491 20 0 0 11 1 0 10 0 2 0 0 0 0
630 11001 496 495 20 0 0 11 1 0 10 0 2 0 0 0 0
631 11007 493 492 20 0 0 11 1 0 10 0 2 0 0 0 0
632 11017 488 487 20 0 0 11 1 0 10 0 2 0 0 0 0
633 11018 488 487 19 0 0 11 1 0 10 0 2 0 0 0 0
634 11022 486 485 19 0 0 11 1 0 10 0 2 0 0 0 0
635 11022 486 485 19 0 0 11 1 0 10 0 2 0 0 0 0
636 11024 485 483 18 0 0 12 1 0 10 0 3 0 0 0 0
637 11018 488 486 18 0 0 12 1 0 10 0 3 0 0 0 0
638 11014 490 488 18 0 0 12 1 0 10 0 3 0 0 0 0
639 11010 492 490 18 0 0 12 1 0 10 0 3 0 0 0 0
640 11008 493 491 18 0 0 12 1 0 10 0 3 0 0 0 0
641 11013 490 488 19 0 0 12 1 0 10 0 3 0 0 0 0
642 11013 490 488 19 0 0 12 1 0 10 0 3 0 0 0 0
643 11011 491 489 19 0 0 12 1 0 10 0 3 0 0 0 0
644 11016 489 487 18 0 0 12 1 0 10 0 3 0 0 0 0
645 11004 495 493 18 0 0 12 1 0 10 0 3 0 0 0 0
646 11001 496 494 19 0 0 12 1 0 10 0 3 0 0 0 0
647 11001 496 494 19 0 0 12 1 0 10 0 3 0 0 0 0
648 11005 494 492 19 0 0 12 1 0 10 0 3 0 0 0 0
649 11002 496 494 18 0 0 12 1 0 10 0 3 0 0 0 0
650 11004 495 493 18 0 0 12 1 0 10 0 3 0 0 0 0
651 10998 498 496 18 0 0 12 1 0 10 0 3 0 0 0 0
652 10998 498 496 18 0 0 12 1 0 10 0 3 0 0 0 0
653 11000 497 495 18 0 0 12 1 0 10 0 3 0 0 0 0
654 11007 494 492 17 0 0 12 1 0 10 0 3 0 0 0 0
655 11008 493 491 18 0 0 12 1 0 10 0 3 0 0 0 0
656 11004 495 493 18 0 0 12 1 0 10 0 3 0 0 0 0
657 11000 497 495 18 0 0 12 1 0 10 0 3 0 0 0 0
658 11002 496 494 18 0 0 12 1 0 10 0 3 0 0 0 0
659 10997 498 496 19 0 0 12 1 0 10 0 3 0 0 0 0
660 11001 496 494 19 0 0 12 1 0 10 0 3 0 0 0 0
661 11008 493 491 18 0 0 12 1 0 10 0 3 0 0 0 0
662 11002 497 495 16 0 0 12 1 0 10 0 3 0 0 0 0
663 10995 501 499 15 0 0 12 1 0 10 0 3 0 0 0 0
664 10979 509 507 15 0 0 12 1 0 10 0 3 0 0 0 0
665 10981 508 506 15 0 0 12 1 0 10 0 3 0 0 0 0
666 10985 506 504 15 0 0 12 1 0 10 0 3 0 0 0 0
667 10985 506 504 15 0 0 12 1 0 10 0 3 0 0 0 0
668 10987 505 503 15 0 0 12 1 0 10 0 3 0 0 0 0
669 10994 501 499 16 0 0 12 1 0 10 0 3 0 0 0 0
670 10995 500 498 17 0 0 12 1 0 10 0 3 0 0 0 0
671 10999 498 496 17 0 0 12 1 0 10 0 3 0 0 0 0
672 11009 493 491 17 0 0 12 1 0 10 0 3 0 0 0 0
673 11003 496 494 17 0 0 12 1 0 10 0 3 0 0 0 0
674 10998 498 496 18 0 0 12 1 0 10 0 3 0 0 0 0
675 10998 498 496 18 0 0 12 1 0 10 0 3 0 0 0 0
676 10998 498 496 18 0 0 12 1 0 10 0 3 0 0 0 0
677 11004 495 493 18 0 0 12 1 0 10 0 3 0 0 0 0
678 11004 495 493 18 0 0 12 1 0 10 0 3 0 0 0 0
679 10996 499 497 18 0 0 12 1 0 10 0 3 0 0 0 0
680 11000 497 495 18 0 0 12 1 0 10 0 3 0 0 0 0
681 11006 493 491 20 0 0 12 1 0 10 0 3 0 0 0 0
682 11004 494 492 20 0 0 12 1 0 10 0 3 0 0 0 0
683 11004 494 492 20 0 0 12 1 0 10 0 3 0 0 0 0
684 11006 493 491 20 0 0 12 1 0 10 0 3 0 0 0 0
685 11007 492 490 21 0 0 12 1 0 10 0 3 0 0 0 0
686 11009 491 489 21 0 0 12 1 0 10 0 3 0 0 0 0
687 11011 490 488 21 0 0 12 1 0 10 0 3 0 0 0 0
688 11019 486 484 21 0 0 12 1 0 10 0 3 0 0 0 0
689 11021 485 483 21 0 0 12 1 0 10 0 3 0 0 0 0
690 11023 483 482 22 0 0 11 2 0 10 0 3 0 0 0 0
691 11024 483 482 21 0 0 11 2 0 10 0 3 0 0 0 0
692 11020 485 484 21 0 0 11 2 0 10 0 3 0 0 0 0
693 11022 484 483 21 0 0 11 2 0 10 0 3 0 0 0 0
694 11024 483 482 21 0 0 11 2 0 10 0 3 0 0 0 0
695 11024 483 482 21 0 0 11 2 0 10 0 3 0 0 0 0
696 11023 483 482 22 0 0 11 2 0 10 0 3 0 0 0 0
697 11031 479 478 22 0 0 11 2 0 10 0 3 0 0 0 0
698 11029 480 479 22 0 0 11 2 0 10 0 3 0 0 0 0
699 11031 479 478 22 0 0 11 2 0 10 0 3 0 0 0 0
700 11037 476 475 22 0 0 11 2 0 10 0 3 0 0 0 0
701 11039 475 474 22 0 0 11 2 0 10 0 3 0 0 0 0
702 11037 476 475 22 0 0 11 2 0 10 0 3 0 0 0 0
703 11030 479 478 23 0 0 11 2 0 10 0 3 0 0 0 0
704 11039 475 474 22 0 0 11 2 0 10 0 3 0 0 0 0
705 11043 473 472 22 0 0 11 2 0 10 0 3 0 0 0 0
706 11037 475 474 24 0 0 11 2 0 10 0 3 0 0 0 0
707 11035 476 475 24 0 0 11 2 0 10 0 3 0 0 0 0
708 11025 481 480 24 0 0 11 2 0 10 0 3 0 0 0 0
709 11021 483 481 24 0 0 12 1 0 10 0 3 0 0 0 1
710 11013 487 485 24 0 0 12 1 0 10 0 3 0 0 0 1
711 11013 487 485 24 0 0 12 1 0 10 0 3 0 0 0 1
712 11013 487 485 24 0 0 12 1 0 10 0 3 0 0 0 1
713 11007 490 488 24 0 0 12 1 0 10 0 3 0 0 0 1
714 11005 491 489 24 0 0 12 1 0 10 0 3 0 0 0 1
715 11010 489 487 23 0 0 12 1 0 10 0 3 0 0 0 1
716 11018 485 483 23 0 0 12 1 0 10 0 3 0 0 0 1
717 11020 484 482 23 0 0 12 1 0 10 0 3 0 0 0 1
718 11020 484 482 23 0 0 12 1 0 10 0 3 0 0 0 1
719 11024 482 480 23 0 0 12 1 0 10 0 3 0 0 0 1
720 11025 482 480 22 0 0 12 1 0 10 0 3 0 0 0 1
721 11026 482 480 21 0 0 12 1 0 10 0 3 0 0 0 1
722 11024 483 481 21 0 0 12 1 0 10 0 3 0 0 0 1
723 11029 480 478 22 0 0 12 1 0 10 0 3 0 0 0 1
724 11027 482 480 20 0 0 12 1 0 10 0 3 0 0 0 1
725 11027 482 480 20 0 0 12 1 0 10 0 3 0 0 0 1
726 11025 483 481 20 0 0 12 1 0 10 0 3 0 0 0 1
727 11033 479 477 20 0 0 12 1 0 10 0 3 0 0 0 1
728 11033 479 477 20 0 0 12 1 0 10 0 3 0 0 0 1
729 11042 475 472 18 0 0 13 1 0 10 0 4 0 0 0 1
730 11044 474 471 17 0 0 13 1 0 10 0 4 0 0 0 2
731 11048 472 469 17 0 0 13 1 0 10 0 4 0 0 0 2
732 11044 474 471 17 0 0 13 1 0 10 0 4 0 0 0 2
733 11035 479 476 16 0 0 13 1 0 10 0 4 0 0 0 2
734 11030 481 478 17 0 0 13 1 0 10 0 4 0 0 0 2
735 11030 481 478 17 0 0 13 1 0 10 0 4 0 0 0 2
736 11024 484 481 17 0 0 13 1 0 10 0 4 0 0 0 2
737 11026 483 480 17 0 0 13 1 0 10 0 4 0 0 0 2
738 11026 483 480 17 0 0 13 1 0 10 0 4 0 0 0 2
739 11030 481 478 17 0 0 13 1 0 10 0 4 0 0 0 2
740 11032 480 477 17 0 0 13 1 0 10 0 4 0 0 0 2
741 11022 485 482 17 0 0 13 1 0 10 0 4 0 0 0 2
742 11039 477 474 16 0 0 13 1 0 10 0 4 0 0 0 2
743 11043 475 472 16 0 0 13 1 0 10 0 4 0 0 0 2
744 11047 473 470 14 0 0 13 2 0 10 0 5 0 0 0 2
745 11049 472 469 14 0 0 13 2 0 10 0 5 0 0 0 2
746 11044 474 471 15 0 0 13 2 0 10 0 5 0 0 0 2
747 11046 473 470 15 0 0 13 2 0 10 0 5 0 0 0 2
748 11048 471 468 17 0 0 13 2 0 10 0 5 0 0 0 2
749 11048 471 468 17 0 0 13 2 0 10 0 5 0 0 0 2
750 11052 469 466 17 0 0 13 2 0 10 0 5 0 0 0 2
751 11052 469 466 17 0 0 13 2 0 10 0 5 0 0 0 2
752 11052 469 466 17 0 0 13 2 0 10 0 5 0 0 0 2
753 11056 467 464 17 0 0 13 2 0 10 0 5 0 0 0 2
754 11056 467 464 17 0 0 13 2 0 10 0 5 0 0 0 2
755 11050 470 467 17 0 0 13 2 0 10 0 5 0 0 0 2
756 11045 473 470 16 0 0 13 2 0 10 0 5 0 0 0 2
757 11050 471 468 15 0 0 13 2 0 10 0 5 0 0 0 2
758 11056 468 465 15 0 0 13 2 0 10 0 5 0 0 0 2
759 11054 469 466 15 0 0 13 2 0 10 0 5 0 0 0 2
760 11051 470 467 16 0 0 13 2 0 10 0 5 0 0 0 2
761 11054 469 466 15 0 0 13 2 0 10 0 5 0 0 0 2
762 11052 470 467 15 0 0 13 2 0 10 0 5 0 0 0 2
763 11047 472 470 15 0 0 13 2 0 11 0 4 0 0 0 2
764 11043 474 472 15 0 0 13 2 0 11 0 4 0 0 0 2
765 11044 474 472 14 0 0 13 2 0 11 0 4 0 0 0 2
766 11043 474 472 15 0 0 13 2 0 11 0 4 0 0 0 2
767 11040 476 474 14 0 0 13 2 0 11 0 4 0 0 0 2
768 11046 473 471 14 0 0 13 2 0 11 0 4 0 0 0 2
769 11050 471 469 14 0 0 13 2 0 11 0 4 0 0 0 2
770 11048 472 470 14 0 0 13 2 0 11 0 4 0 0 0 2
771 11050 471 469 14 0 0 13 2 0 11 0 4 0 0 0 2
772 11044 474 472 14 0 0 13 2 0 11 0 4 0 0 0 2
773 11038 477 475 14 1 0 12 2 1 10 0 4 0 0 0 2
774 11026 483 481 14 1 0 12 2 1 10 0 4 0 0 0 2
775 11029 481 479 15 1 0 12 2 1 10 0 4 0 0 0 2
776 11037 477 475 15 1 0 12 2 1 10 0 4 0 0 0 2
777 11042 475 473 14 1 0 12 2 1 10 0 4 0 0 0 2
778 11040 476 473 13 1 0 13 2 1 10 0 5 0 0 0 2
779 11040 476 472 12 1 0 14 2 1 10 0 6 0 0 0 2
780 11044 474 470 12 1 0 14 2 1 10 0 6 0 0 0 2
781 11044 474 470 12 1 0 14 2 1 10 0 6 0 0 0 2
782 11040 476 472 12 1 0 14 2 1 10 0 6 0 0 0 2
783 11044 474 470 12 1 0 14 2 1 10 0 6 0 0 0 2
784 11036 478 474 12 1 0 14 2 1 10 0 6 0 0 0 2
785 11030 481 477 12 1 0 14 2 1 10 0 6 0 0 0 2
786 11032 480 476 12 1 0 14 2 1 10 0 6 0 0 0 2
787 11022 485 481 12 1 0 14 2 1 10 0 6 0 0 0 2
788 11028 482 478 12 1 0 14 2 1 10 0 6 0 0 0 2
789 11030 481 477 12 1 0 14 2 1 10 0 6 0 0 0 2
790 11028 482 478 12 1 0 14 2 1 10 0 6 0 0 0 2
791 11026 483 479 12 1 0 14 2 1 10 0 6 0 0 0 2
792 11018 487 483 12 1 0 14 2 1 10 0 6 0 0 0 2
793 11018 487 483 12 1 0 14 2 1 10 0 6 0 0 0 2
794 11012 490 486 12 1 0 14 2 1 10 0 6 0 0 0 2
795 11011 491 487 11 1 0 14 2 1 10 0 6 0 0 0 2
796 11009 492 488 11 1 0 14 2 1 10 0 6 0 0 0 2
797 11011 491 487 11 1 0 14 2 1 10 0 6 0 0 0 2
798 11007 493 489 11 1 0 14 2 1 10 0 6 0 0 0 2
799 11000 496 492 12 1 0 14 2 1 10 0 6 0 0 0 2
800 10994 499 495 12 1 0 14 2 1 10 0 6 0 0 0 2
801 10985 503 499 13 1 0 14 2 1 10 0 6 0 0 0 2
802 10995 498 494 13 1 0 14 2 1 10 0 6 0 0 0 2
803 10989 501 497 13 1 0 14 2 1 10 0 6 0 0 0 2
804 10981 505 501 13 1 0 14 2 1 10 0 6 0 0 0 2
805 10979 506 502 13 1 0 14 2 1 10 0 6 0 0 0 2
806 10979 506 502 13 1 0 14 2 1 10 0 6 0 0 0 2
807 10983 504 500 13 1 0 14 2 1 10 0 6 0 0 0 2
808 10994 498 495 13 1 0 14 2 1 11 0 5 0 0 0 2
809 10994 498 495 13 1 0 14 2 1 11 0 5 0 0 0 2
810 10988 501 498 13 1 0 14 2 1 11 0 5 0 0 0 2
811 10985 502 499 14 1 0 14 2 1 11 0 5 0 0 0 2
812 10977 506 503 14 1 0 14 2 1 11 0 5 0 0 0 2
813 10983 503 500 14 1 0 14 2 1 11 0 5 0 0 0 2
814 10986 502 499 13 1 0 14 2 1 11 0 5 0 0 0 2
815 10985 503 500 12 1 0 14 2 1 11 0 5 0 0 0 2
816 10982 504 501 13 1 0 14 2 1 11 0 5 0 0 0 2
817 10980 505 503 12 1 0 14 2 1 12 0 4 0 0 0 2
818 10976 507 505 12 1 0 14 2 1 12 0 4 0 0 0 2
819 10976 507 505 12 1 0 14 2 1 12 0 4 0 0 0 2
820 10982 504 501 11 1 0 15 2 1 12 0 5 0 0 0 2
821 10986 502 499 11 1 0 15 2 1 12 0 5 0 0 0 2
822 10979 505 502 12 1 0 15 2 1 12 0 5 0 0 0 2
823 10981 504 501 12 1 0 15 2 1 12 0 5 0 0 0 2
824 10986 501 498 13 1 0 15 2 1 12 0 5 0 0 0 2
825 10984 502 499 13 1 0 15 2 1 12 0 5 0 0 0 2
826 10982 503 500 13 1 0 15 2 1 12 0 5 0 0 0 2
827 10981 504 501 12 1 0 15 2 1 12 0 5 0 0 0 2
828 10977 506 503 12 1 0 15 2 1 12 0 5 0 0 0 2
829 10973 508 505 12 1 0 15 2 1 12 0 5 0 0 0 2
830 10964 513 510 11 1 0 15 2 1 12 0 5 0 0 0 2
831 10958 516 513 11 1 0 15 2 1 12 0 5 0 0 0 2
832 10958 516 513 11 1 0 15 2 1 12 0 5 0 0 0 2
833 10961 515 511 11 1 0 16 1 1 12 0 5 0 0 0 2
834 10961 515 511 11 1 0 16 1 1 12 0 5 0 0 0 2
835 10960 515 511 12 1 0 16 1 1 12 0 5 0 0 0 2
836 10958 516 512 12 1 0 16 1 1 12 0 5 0 0 0 2
837 10962 515 511 10 1 0 16 1 1 12 0 5 0 0 0 2
838 10956 518 514 10 1 0 16 1 1 12 0 5 0 0 0 2
839 10956 518 514 10 1 0 16 1 1 12 0 5 0 0 0 2
840 10958 517 513 10 1 0 16 1 1 12 0 5 0 0 0 2
841 10963 514 510 11 1 0 16 1 1 12 0 5 0 0 0 2
842 10965 513 509 11 1 0 16 1 1 12 0 5 0 0 0 2
843 10963 514 510 11 1 0 16 1 1 12 0 5 0 0 0 2
844 10965 513 508 10 1 0 17 1 1 12 0 6 0 0 0 2
845 10965 513 508 10 1 0 17 1 1 12 0 6 0 0 0 2
846 10958 517 512 9 1 0 17 1 1 12 0 6 0 0 0 2
847 10960 516 511 9 1 0 17 1 1 12 0 6 0 0 0 2
848 10958 517 512 9 1 0 17 1 1 12 0 6 0 0 0 2
849 10954 519 514 9 1 0 17 1 1 12 0 6 0 0 0 2
850 10956 518 513 9 1 0 17 1 1 12 0 6 0 0 0 2
851 10953 519 514 10 1 0 17 1 1 12 0 6 0 0 0 2
852 10955 518 513 10 1 0 17 1 1 12 0 6 0 0 0 2
853 10959 516 511 10 1 0 17 1 1 12 0 6 0 0 0 2
854 10964 514 509 9 1 0 17 1 1 12 0 6 0 0 0 2
855 10962 515 510 9 1 0 17 1 1 12 0 6 0 0 0 2
856 10958 517 512 9 1 0 17 1 1 12 0 6 0 0 0 2
857 10956 518 513 9 1 0 17 1 1 12 0 6 0 0 0 2
858 10963 515 510 8 1 0 17 1 1 12 0 6 0 0 0 2
859 10969 512 507 8 1 0 17 1 1 12 0 6 0 0 0 2
860 10967 513 508 8 1 0 17 1 1 12 0 6 0 0 0 2
861 10970 511 506 9 1 0 17 1 1 12 0 6 0 0 0 2
862 10974 509 504 9 1 0 17 1 1 12 0 6 0 0 0 2
863 10974 509 504 9 1 0 17 1 1 12 0 6 0 0 0 2
864 10978 507 502 9 1 0 17 1 1 12 0 6 0 0 0 2
865 10976 508 503 9 1 0 17 1 1 12 0 6 0 0 0 2
866 10972 510 505 9 1 0 17 1 1 12 0 6 0 0 0 2
867 10976 508 503 9 1 0 17 1 1 12 0 6 0 0 0 2
868 10976 508 503 9 1 0 17 1 1 12 0 6 0 0 0 2
869 10982 505 500 9 1 0 17 1 1 12 0 6 0 0 0 2
870 10978 507 502 9 1 0 17 1 1 12 0 6 0 0 0 2
871 10982 504 499 11 1 0 17 1 1 12 0 6 0 0 0 2
872 10984 503 498 11 1 0 17 1 1 12 0 6 0 0 0 2
873 10982 504 499 11 1 0 17 1 1 12 0 6 0 0 0 2
874 10984 503 498 11 1 0 17 1 1 12 0 6 0 0 0 2
875 10977 506 502 11 1 0 17 1 1 13 0 5 0 0 0 2
876 10971 509 505 11 1 0 17 1 1 13 0 5 0 0 0 2
877 10965 512 508 11 1 0 17 1 1 13 0 5 0 0 0 2
878 10967 511 507 11 1 0 17 1 1 13 0 5 0 0 0 2
879 10965 512 508 11 1 0 17 1 1 13 0 5 0 0 0 2
880 10963 513 509 11 1 0 17 1 1 13 0 5 0 0 0 2
881 10960 514 510 12 1 0 17 1 1 13 0 5 0 0 0 2
882 10954 517 513 12 1 0 17 1 1 13 0 5 0 0 0 2
883 10954 517 513 12 1 0 17 1 1 13 0 5 0 0 0 2
884 10960 514 510 12 1 0 17 1 1 13 0 5 0 0 0 2
885 10962 513 509 12 1 0 17 1 1 13 0 5 0 0 0 2
886 10962 513 509 12 1 0 17 1 1 13 0 5 0 0 0 2
887 10962 513 509 12 1 0 17 1 1 13 0 5 0 0 0 2
888 10970 509 505 12 1 0 17 1 1 13 0 5 0 0 0 2
889 10970 509 505 12 1 0 17 1 1 13 0 5 0 0 0 2
890 10973 508 504 11 1 0 17 1 1 13 0 5 0 0 0 2
891 10973 508 504 11 1 0 17 1 1 13 0 5 0 0 0 2
892 10968 510 506 12 1 0 17 1 1 13 0 5 0 0 0 2
893 10964 512 508 12 1 0 17 1 1 13 0 5 0 0 0 2
894 10972 508 504 12 1 0 17 1 1 13 0 5 0 0 0 2
895 10974 507 503 12 1 0 17 1 1 13 0 5 0 0 0 2
896 10979 504 500 13 1 0 17 1 1 13 0 5 0 0 0 2
897 10988 500 496 12 1 0 17 1 1 13 0 5 0 0 0 2
898 10986 501 497 12 1 0 17 1 1 13 0 5 0 0 0 2
899 10994 497 493 12 1 0 17 1 1 13 0 5 0 0 0 2
900 11001 493 489 13 1 0 17 1 1 13 0 5 0 0 0 2
901 11009 489 485 13 1 0 17 1 1 13 0 5 0 0 0 2
902 11003 492 488 13 1 0 17 1 1 13 0 5 0 0 0 2
903 11005 491 487 13 1 0 17 1 1 13 0 5 0 0 0 2
904 11007 490 486 13 1 0 17 1 1 13 0 5 0 0 0 2
905 11007 490 486 13 1 0 17 1 1 13 0 5 0 0 0 2
906 10993 496 492 15 1 0 17 1 1 13 0 5 0 0 0 2
907 10990 498 494 14 1 0 17 1 1 13 0 5 0 0 0 2
908 10989 498 494 15 1 0 17 1 1 13 0 5 0 0 0 2
909 10984 500 496 16 1 0 17 1 1 13 0 5 0 0 0 2
910 10982 501 497 16 1 0 17 1 1 13 0 5 0 0 0 2
911 10987 499 495 15 1 0 17 1 1 13 0 5 0 0 0 2
912 10995 495 491 15 1 0 17 1 1 13 0 5 0 0 0 2
913 10996 494 490 16 1 0 17 1 1 13 0 5 0 0 0 2
914 10992 496 492 16 1 0 17 1 1 13 0 5 0 0 0 2
915 10992 496 492 16 1 0 17 1 1 13 0 5 0 0 0 2
916 10996 494 490 16 1 0 17 1 1 13 0 5 0 0 0 2
917 10999 492 488 17 1 0 17 1 1 13 0 5 0 0 0 2
918 11005 488 485 18 1 0 17 1 1 14 0 4 0 0 0 2
919 10997 492 489 18 1 0 17 1 1 14 0 4 0 0 0 2
920 10993 494 491 18 1 0 17 1 1 14 0 4 0 0 0 2
921 10998 492 489 17 1 0 17 1 1 14 0 4 0 0 0 2
922 11000 491 488 17 1 0 17 1 1 14 0 4 0 0 0 2
923 11000 491 488 17 1 0 17 1 1 14 0 4 0 0 0 2
924 11006 488 485 17 1 0 17 1 1 14 0 4 0 0 0 2
925 11010 486 483 17 1 0 17 1 1 14 0 4 0 0 0 2
926 11006 488 485 17 1 0 17 1 1 14 0 4 0 0 0 2
927 11012 485 482 17 1 0 17 1 1 14 0 4 0 0 0 2
928 11012 485 482 17 1 0 17 1 1 14 0 4 0 0 0 2
929 11014 484 481 17 1 0 17 1 1 14 0 4 0 0 0 2
930 11018 482 479 17 1 0 17 1 1 14 0 4 0 0 0 2
931 11024 479 476 17 1 0 17 1 1 14 0 4 0 0 0 2
932 11015 483 480 18 1 0 17 1 1 14 0 4 0 0 0 2
933 11019 481 478 18 1 0 17 1 1 14 0 4 0 0 0 2
934 11019 481 478 18 1 0 17 1 1 14 0 4 0 0 0 2
935 11025 478 475 18 1 0 17 1 1 14 0 4 0 0 0 2
936 11026 477 474 19 1 0 17 1 1 14 0 4 0 0 0 2
937 11020 480 477 19 1 0 17 1 1 14 0 4 0 0 0 2
938 11022 479 476 19 1 0 17 1 1 14 0 4 0 0 0 2
939 11019 480 477 20 1 0 17 1 1 14 0 4 0 0 0 2
940 11009 485 482 20 1 0 17 1 1 14 0 4 0 0 0 2
941 11015 482 479 20 1 0 17 1 1 14 0 4 0 0 0 2
942 11016 482 479 19 1 0 17 1 1 14 0 4 0 0 0 2
943 11023 478 475 20 1 0 17 1 1 14 0 4 0 0 0 2
944 11018 480 477 21 1 0 17 1 1 14 0 4 0 0 0 2
945 11022 478 475 21 1 0 17 1 1 14 0 4 0 0 0 2
946 11024 477 474 21 1 0 17 1 1 14 0 4 0 0 0 2
947 11030 474 471 21 1 0 17 1 1 14 0 4 0 0 0 2
948 11031 474 471 20 1 0 17 1 1 14 0 4 0 0 0 2
949 11033 473 470 20 1 0 17 1 1 14 0 4 0 0 0 2
950 11021 478 475 22 1 0 17 1 1 14 0 4 0 0 0 2
951 11018 479 476 23 1 0 17 1 1 14 0 4 0 0 0 2
952 11016 480 477 23 1 0 17 1 1 14 0 4 0 0 0 2
953 11016 480 477 23 1 0 17 1 1 14 0 4 0 0 0 2
954 11015 481 478 22 1 0 17 1 1 14 0 4 0 0 0 2
955 11016 481 478 21 1 0 17 1 1 14 0 4 0 0 0 2
956 11010 484 481 21 1 0 17 1 1 14 0 4 0 0 0 2
957 11008 485 482 21 1 0 17 1 1 14 0 4 0 0 0 2
958 11006 486 483 21 1 0 17 1 1 14 0 4 0 0 0 2
959 11003 487 484 22 1 0 17 1 1 14 0 4 0 0 0 2
960 10997 490 487 22 1 0 17 1 1 14 0 4 0 0 0 2
961 10996 491 488 21 1 0 17 1 1 14 0 4 0 0 0 2
962 11000 489 486 21 1 0 17 1 1 14 0 4 0 0 0 2
963 11003 487 484 22 1 0 17 1 1 14 0 4 0 0 0 2
964 11003 487 484 22 1 0 17 1 1 14 0 4 0 0 0 2
965 11001 488 485 22 1 0 17 1 1 14 0 4 0 0 0 2
966 11004 486 483 23 1 0 17 1 1 14 0 4 0 0 0 2
967 11007 484 481 24 1 0 17 1 1 14 0 4 0 0 0 2
968 11007 485 482 22 1 0 17 1 1 14 0 4 0 0 0 2
969 11001 488 485 22 1 0 17 1 1 14 0 4 0 0 0 2
970 11001 488 485 22 1 0 17 1 1 14 0 4 0 0 0 2
971 11009 484 481 22 1 0 17 1 1 14 0 4 0 0 0 2
972 11005 486 483 22 1 0 17 1 1 14 0 4 0 0 0 2
973 11008 484 481 23 1 0 17 1 1 14 0 4 0 0 0 2
974 11004 486 483 23 1 0 17 1 1 14 0 4 0 0 0 2
975 11004 486 483 23 1 0 17 1 1 14 0 4 0 0 0 2
976 11014 481 478 23 1 0 17 1 1 14 0 4 0 0 0 2
977 11012 482 479 23 1 0 17 1 1 14 0 4 0 0 0 2
978 11012 482 479 23 1 0 17 1 1 14 0 4 0 0 0 2
979 11010 483 480 23 1 0 17 1 1 14 0 4 0 0 0 2
980 11012 482 479 23 1 0 17 1 1 14 0 4 0 0 0 2
981 11006 485 482 23 1 0 17 1 1 14 0 4 0 0 0 2
982 11013 482 479 22 1 0 17 1 1 14 0 4 0 0 0 2
983 11015 481 478 22 1 0 17 1 1 14 0 4 0 0 0 2
984 11014 482 479 21 1 0 17 1 1 14 0 4 0 0 0 2
985 11022 478 476 20 1 0 17 1 1 15 0 3 0 0 0 2
986 11031 473 471 21 1 0 17 1 1 15 0 3 0 0 0 2
987 11028 474 472 22 1 0 17 1 1 15 0 3 0 0 0 2
988 11033 472 470 21 1 0 17 1 1 15 0 3 0 0 0 2
989 11027 475 473 21 1 0 17 1 1 15 0 3 0 0 0 2
990 11012 482 480 22 1 0 17 1 1 15 0 3 0 0 0 2
991 11018 479 477 22 1 0 17 1 1 15 0 3 0 0 0 2
992 11017 479 477 23 1 0 17 1 1 15 0 3 0 0 0 2
993 11019 478 476 23 1 0 17 1 1 15 0 3 0 0 0 2
994 11022 477 475 22 1 0 17 1 1 15 0 3 0 0 0 2
995 11028 474 472 22 1 0 17 1 1 15 0 3 0 0 0 2
996 11032 472 470 22 1 0 17 1 1 15 0 3 0 0 0 2
997 11035 471 469 21 1 0 17 1 1 15 0 3 0 0 0 2
998 11032 473 471 20 1 0 17 1 1 15 0 3 0 0 0 2
999 11031 474 472 19 1 0 17 1 1 15 0 3 0 0 0 2
1000 11025 477 475 19 1 0 17 1 1 15 0 3 0 0 0 2
1001 11023 478 476 19 1 0 17 1 1 15 0 3 0 0 0 2
1002 11027 476 474 19 1 0 17 1 1 15 0 3 0 0 0 2
1003 11022 478 476 20 1 0 17 1 1 15 0 3 0 0 0 2
1004 11020 479 477 20 1 0 17 1 1 15 0 3 0 0 0 2
1005 11019 479 477 21 1 0 17 1 1 15 0 3 0 0 0 2
1006 11022 477 476 21 0 1 17 1 1 15 0 3 0 0 0 2
1007 11021 478 477 20 0 1 17 1 1 15 0 3 0 0 0 2
1008 11023 477 476 20 0 1 17 1 1 15 0 3 0 0 0 2
1009 11023 477 476 20 0 1 17 1 1 15 0 3 0 0 0 2
1010 11023 477 476 20 0 1 17 1 1 15 0 3 0 0 0 2
1011 11023 477 476 20 0 1 17 1 1 15 0 3 0 0 0 2
1012 11027 475 474 20 0 1 17 1 1 15 0 3 0 0 0 2
1013 11029 474 473 20 0 1 17 1 1 15 0 3 0 0 0 2
1014 11028 475 473 20 1 0 17 1 1 15 0 3 0 0 0 2
1015 11028 475 473 20 1 0 17 1 1 15 0 3 0 0 0 2
1016 11024 477 475 20 1 0 17 1 1 15 0 3 0 0 0 2
1017 11023 478 476 19 1 0 17 1 1 15 0 3 0 0 0 2
1018 11025 477 475 19 1 0 17 1 1 15 0 3 0 0 0 2
1019 11027 476 474 19 1 0 17 1 1 15 0 3 0 0 0 2
1020 11024 477 475 20 1 0 17 1 1 15 0 3 0 0 0 2
1021 11031 474 472 19 1 0 17 1 1 15 0 3 0 0 0 2
1022 11025 477 475 19 1 0 17 1 1 15 0 3 0 0 0 2
1023 11031 474 472 19 1 0 17 1 1 15 0 3 0 0 0 2
1024 11029 475 473 19 1 0 17 1 1 15 0 3 0 0 0 2
1025 11024 477 475 20 1 0 17 1 1 15 0 3 0 0 0 2
1026 11020 479 477 20 1 0 17 1 1 15 0 3 0 0 0 2
1027 11027 475 473 21 1 0 17 1 1 15 0 3 0 0 0 2
1028 11028 475 473 20 1 0 17 1 1 15 0 3 0 0 0 2
1029 11027 475 473 21 1 0 17 1 1 15 0 3 0 0 0 2
1030 11025 476 474 21 1 0 17 1 1 15 0 3 0 0 0 2
1031 11017 480 478 21 1 0 17 1 1 15 0 3 0 0 0 2
1032 11013 482 480 21 1 0 17 1 1 15 0 3 0 0 0 2
1033 11011 483 481 21 1 0 17 1 1 15 0 3 0 0 0 2
1034 11012 482 480 22 1 0 17 1 1 15 0 3 0 0 0 2
1035 11018 479 477 22 1 0 17 1 1 15 0 3 0 0 0 2
1036 11012 482 480 22 1 0 17 1 1 15 0 3 0 0 0 2
1037 11006 485 483 22 1 0 17 1 1 15 0 3 0 0 0 2
1038 11006 485 483 22 1 0 17 1 1 15 0 3 0 0 0 2
1039 11002 487 485 22 1 0 17 1 1 15 0 3 0 0 0 2
1040 10994 491 489 22 1 0 17 1 1 15 0 3 0 0 0 2
1041 10989 493 491 23 1 0 17 1 1 15 0 3 0 0 0 2
1042 11000 488 486 22 1 0 17 1 1 15 0 3 0 0 0 2
1043 11003 487 485 21 1 0 17 1 1 15 0 3 0 0 0 2
1044 10999 489 487 21 1 0 17 1 1 15 0 3 0 0 0 2
1045 10993 492 490 21 1 0 17 1 1 15 0 3 0 0 0 2
1046 10995 491 489 21 1 0 17 1 1 15 0 3 0 0 0 2
1047 10991 493 490 20 1 0 18 1 1 15 0 4 0 0 0 2
1048 10998 490 487 19 1 0 18 1 1 15 0 4 0 0 0 2
1049 11000 489 486 19 1 0 18 1 1 15 0 4 0 0 0 2
1050 11006 486 483 19 1 0 18 1 1 15 0 4 0 0 0 2
1051 11004 487 484 19 1 0 18 1 1 15 0 4 0 0 0 2
1052 11002 488 485 19 1 0 18 1 1 15 0 4 0 0 0 2
1053 11000 489 486 19 1 0 18 1 1 15 0 4 0 0 0 2
1054 11000 489 486 19 1 0 18 1 1 15 0 4 0 0 0 2
1055 11012 483 480 19 1 0 18 1 1 15 0 4 0 0 0 2
1056 11011 484 481 18 1 0 18 1 1 15 0 4 0 0 0 2
1057 11009 485 482 18 1 0 18 1 1 15 0 4 0 0 0 2
1058 11001 489 486 18 1 0 18 1 1 15 0 4 0 0 0 2
1059 11005 487 484 18 1 0 18 1 1 15 0 4 0 0 0 2
1060 11007 486 483 18 1 0 18 1 1 15 0 4 0 0 0 2
1061 11004 488 485 17 1 0 18 1 1 15 0 4 0 0 0 2
1062 10999 490 487 18 1 0 18 1 1 15 0 4 0 0 0 2
1063 10997 491 488 18 1 0 18 1 1 15 0 4 0 0 0 2
1064 10997 491 488 18 1 0 18 1 1 15 0 4 0 0 0 2
1065 10997 491 488 18 1 0 18 1 1 15 0 4 0 0 0 2
1066 10999 490 487 18 1 0 18 1 1 15 0 4 0 0 0 2
1067 10995 491 488 20 1 0 18 1 1 15 0 4 0 0 0 2
1068 10994 491 488 21 1 0 18 1 1 15 0 4 0 0 0 2
1069 10994 492 488 18 1 0 19 1 1 15 0 5 0 0 0 2
1070 10997 490 486 19 1 0 19 1 1 15 0 5 0 0 0 2
1071 11001 488 484 19 1 0 19 1 1 15 0 5 0 0 0 2
1072 10997 490 486 19 1 0 19 1 1 15 0 5 0 0 0 2
1073 10995 491 487 19 1 0 19 1 1 15 0 5 0 0 0 2
1074 11001 488 484 19 1 0 19 1 1 15 0 5 0 0 0 2
1075 11004 487 483 18 1 0 19 1 1 15 0 5 0 0 0 2
1076 10996 491 487 18 1 0 19 1 1 15 0 5 0 0 0 2
1077 10985 496 492 19 1 0 19 1 1 15 0 5 0 0 0 2
1078 10991 493 489 19 1 0 19 1 1 15 0 5 0 0 0 2
1079 10993 492 488 19 1 0 19 1 1 15 0 5 0 0 0 2
1080 10996 491 487 18 1 0 19 1 1 15 0 5 0 0 0 2
1081 10996 491 487 18 1 0 19 1 1 15 0 5 0 0 0 2
1082 10998 491 487 16 1 0 19 1 1 15 0 5 0 0 0 2
1083 10998 491 487 16 1 0 19 1 1 15 0 5 0 0 0 2
1084 10996 492 488 16 1 0 19 1 1 15 0 5 0 0 0 2
1085 10997 491 487 17 1 0 19 1 1 15 0 5 0 0 0 2
1086 10986 496 492 18 1 0 19 1 1 15 0 5 0 0 0 2
1087 10982 498 494 18 1 0 19 1 1 15 0 5 0 0 0 2
1088 10976 501 497 18 1 0 19 1 1 15 0 5 0 0 0 2
1089 10974 502 498 18 1 0 19 1 1 15 0 5 0 0 0 2
1090 10982 498 494 18 1 0 19 1 1 15 0 5 0 0 0 2
1091 10980 499 495 18 1 0 19 1 1 15 0 5 0 0 0 2
1092 10966 506 502 18 1 0 19 1 1 15 0 5 0 0 0 2
1093 10965 506 502 19 1 0 19 1 1 15 0 5 0 0 0 2
1094 10955 510 507 20 1 0 19 1 1 16 0 4 0 0 0 2
1095 10951 512 509 20 1 0 19 1 1 16 0 4 0 0 0 2
1096 10955 510 507 20 1 0 19 1 1 16 0 4 0 0 0 2
1097 10953 511 508 20 1 0 19 1 1 16 0 4 0 0 0 2
1098 10957 509 506 20 1 0 19 1 1 16 0 4 0 0 0 2
1099 10961 508 505 18 1 0 19 1 1 16 0 4 0 0 0 2
1100 10959 509 506 18 1 0 19 1 1 16 0 4 0 0 0 2
1101 10961 508 505 18 1 0 19 1 1 16 0 4 0 0 0 2
1102 10963 507 504 18 1 0 19 1 1 16 0 4 0 0 0 2
1103 10958 510 506 16 1 0 20 1 1 16 0 5 0 0 0 2
1104 10959 509 505 17 1 0 20 1 1 16 0 5 0 0 0 2
1105 10964 507 503 16 1 0 20 1 1 16 0 5 0 0 0 2
1106 10961 509 505 15 1 0 20 1 1 16 0 5 0 0 0 2
1107 10953 513 509 15 1 0 20 1 1 16 0 5 0 0 0 2
1108 10953 513 509 15 1 0 20 1 1 16 0 5 0 0 0 2
1109 10953 513 509 15 1 0 20 1 1 16 0 5 0 0 0 2
1110 10955 512 508 15 1 0 20 1 1 16 0 5 0 0 0 2
1111 10966 506 502 16 1 0 20 1 1 16 0 5 0 0 0 2
1112 10973 503 498 14 1 0 21 1 1 16 0 6 0 0 0 2
1113 10979 500 495 14 1 0 21 1 1 16 0 6 0 0 0 2
1114 10983 498 493 14 1 0 21 1 1 16 0 6 0 0 0 2
1115 10981 499 494 14 1 0 21 1 1 16 0 6 0 0 0 2
1116 10981 499 494 14 1 0 21 1 1 16 0 6 0 0 0 2
1117 10985 498 493 12 1 0 21 1 1 16 0 6 0 0 0 2
1118 10992 495 490 11 1 0 21 1 1 16 0 6 0 0 0 2
1119 10985 498 493 12 1 0 21 1 1 16 0 6 0 0 0 2
1120 10985 498 493 12 1 0 21 1 1 16 0 6 0 0 0 2
1121 10985 498 493 12 1 0 21 1 1 16 0 6 0 0 0 2
1122 10981 500 495 12 1 0 21 1 1 16 0 6 0 0 0 2
1123 10978 501 497 12 1 0 21 1 1 17 0 5 0 0 0 2
1124 10976 502 498 12 1 0 21 1 1 17 0 5 0 0 0 2
1125 10972 504 500 12 1 0 21 1 1 17 0 5 0 0 0 2
1126 10968 506 502 12 1 0 21 1 1 17 0 5 0 0 0 2
1127 10963 508 504 13 1 0 21 1 1 17 0 5 0 0 0 2
1128 10959 510 506 13 1 0 21 1 1 17 0 5 0 0 0 2
1129 10958 510 506 14 1 0 21 1 1 17 0 5 0 0 0 2
1130 10960 509 506 13 1 0 20 2 1 17 0 5 0 0 0 2
1131 10956 511 508 13 1 0 20 2 1 17 0 5 0 0 0 2
1132 10964 507 504 13 1 0 20 2 1 17 0 5 0 0 0 2
1133 10968 505 502 13 1 0 20 2 1 17 0 5 0 0 0 2
1134 10970 504 501 13 1 0 20 2 1 17 0 5 0 0 0 2
1135 10962 508 505 13 1 0 20 2 1 17 0 5 0 0 0 2
1136 10964 507 504 13 1 0 20 2 1 17 0 5 0 0 0 2
1137 10961 509 506 12 1 0 20 2 1 17 0 5 0 0 0 2
1138 10952 514 511 11 1 0 20 2 1 17 0 5 0 0 0 2
1139 10958 511 508 11 1 0 20 2 1 17 0 5 0 0 0 2
1140 10956 512 509 11 1 0 20 2 1 17 0 5 0 0 0 2
1141 10958 511 508 11 1 0 20 2 1 17 0 5 0 0 0 2
1142 10952 514 511 11 1 0 20 2 1 17 0 5 0 0 0 2
1143 10953 513 510 12 1 0 20 2 1 17 0 5 0 0 0 2
1144 10957 511 508 12 1 0 20 2 1 17 0 5 0 0 0 2
1145 10960 510 507 11 1 0 20 2 1 17 0 5 0 0 0 2
1146 10961 510 507 10 1 0 20 2 1 17 0 5 0 0 0 2
1147 10957 512 509 10 1 0 20 2 1 17 0 5 0 0 0 2
1148 10953 514 511 10 1 0 21 1 1 18 0 4 0 0 0 2
1149 10952 514 511 11 1 0 21 1 1 18 0 4 0 0 0 2
1150 10948 516 513 11 1 0 21 1 1 18 0 4 0 0 0 2
1151 10950 515 512 11 1 0 21 1 1 18 0 4 0 0 0 2
1152 10952 514 511 11 1 0 21 1 1 18 0 4 0 0 0 2
1153 10955 513 510 10 1 0 21 1 1 18 0 4 0 0 0 2
1154 10957 512 509 10 1 0 21 1 1 18 0 4 0 0 0 2
1155 10951 515 512 10 1 0 21 1 1 18 0 4 0 0 0 2
1156 10945 518 515 10 1 0 21 1 1 18 0 4 0 0 0 2
1157 10941 520 517 10 1 0 21 1 1 18 0 4 0 0 0 2
1158 10945 518 515 10 1 0 21 1 1 18 0 4 0 0 0 2
1159 10949 516 513 10 1 0 21 1 1 18 0 4 0 0 0 2
1160 10952 513 511 12 1 0 21 1 1 19 0 3 0 0 0 2
1161 10952 513 511 12 1 0 21 1 1 19 0 3 0 0 0 2
1162 10952 513 511 12 1 0 21 1 1 19 0 3 0 0 0 2
1163 10946 515 513 14 1 0 21 1 1 19 0 3 0 0 0 2
1164 10945 516 514 13 1 0 21 1 1 19 0 3 0 0 0 2
1165 10941 518 516 13 1 0 21 1 1 19 0 3 0 0 0 2
1166 10933 522 520 13 1 0 21 1 1 19 0 3 0 0 0 2
1167 10929 524 522 13 1 0 21 1 1 19 0 3 0 0 0 2
1168 10943 517 515 13 1 0 21 1 1 19 0 3 0 0 0 2
1169 10939 519 517 13 1 0 21 1 1 19 0 3 0 0 0 2
1170 10939 519 517 13 1 0 21 1 1 19 0 3 0 0 0 2
1171 10931 523 521 13 1 0 21 1 1 19 0 3 0 0 0 2
1172 10939 519 517 13 1 0 21 1 1 19 0 3 0 0 0 2
1173 10932 522 520 14 1 0 21 1 1 19 0 3 0 0 0 2
1174 10936 520 518 14 1 0 21 1 1 19 0 3 0 0 0 2
1175 10940 518 516 14 1 0 21 1 1 19 0 3 0 0 0 2
1176 10946 515 513 14 1 0 21 1 1 19 0 3 0 0 0 2
1177 10940 518 516 14 1 0 21 1 1 19 0 3 0 0 0 2
1178 10942 517 515 14 1 0 21 1 1 19 0 3 0 0 0 2
1179 10944 516 514 14 1 0 21 1 1 19 0 3 0 0 0 2
1180 10943 516 514 15 1 0 21 1 1 19 0 3 0 0 0 2
1181 10943 516 514 15 1 0 21 1 1 19 0 3 0 0 0 2
1182 10937 519 517 15 1 0 21 1 1 19 0 3 0 0 0 2
1183 10933 521 519 15 1 0 21 1 1 19 0 3 0 0 0 2
1184 10933 521 519 15 1 0 21 1 1 19 0 3 0 0 0 2
1185 10929 523 521 15 1 0 21 1 1 19 0 3 0 0 0 2
1186 10932 521 519 16 1 0 21 1 1 19 0 3 0 0 0 2
1187 10925 524 522 17 1 0 21 1 1 19 0 3 0 0 0 2
1188 10921 526 524 17 1 0 21 1 1 19 0 3 0 0 0 2
1189 10926 524 522 16 1 0 21 1 1 19 0 3 0 0 0 2
1190 10926 523 522 17 1 0 21 1 1 20 0 2 0 0 0 2
1191 10925 523 522 18 1 0 21 1 1 20 0 2 0 0 0 2
1192 10929 521 520 18 1 0 21 1 1 20 0 2 0 0 0 2
1193 10935 518 517 18 1 0 21 1 1 20 0 2 0 0 0 2
1194 10931 520 519 18 1 0 21 1 1 20 0 2 0 0 0 2
1195 10931 520 519 18 1 0 21 1 1 20 0 2 0 0 0 2
1196 10927 521 520 20 1 0 21 1 1 20 0 2 0 0 0 2
1197 10930 520 518 18 1 0 22 1 1 20 0 3 0 0 0 2
1198 10929 520 519 18 1 0 21 2 1 20 0 3 0 0 0 2
1199 10931 519 518 18 1 0 21 2 1 20 0 3 0 0 0 2
1200 10934 518 517 17 1 0 21 2 1 20 0 3 0 0 0 2
1201 10934 518 517 17 1 0 21 2 1 20 0 3 0 0 0 2
1202 10930 520 519 17 1 0 21 2 1 20 0 3 0 0 0 2
1203 10929 521 520 16 1 0 21 2 1 20 0 3 0 0 0 2
1204 10931 520 519 16 1 0 21 2 1 20 0 3 0 0 0 2
1205 10936 518 517 15 1 0 21 2 1 20 0 3 0 0 0 2
1206 10944 514 513 15 1 0 21 2 1 20 0 3 0 0 0 2
1207 10948 512 511 15 1 0 21 2 1 20 0 3 0 0 0 2
1208 10946 513 512 15 1 0 21 2 1 20 0 3 0 0 0 2
1209 10940 516 515 15 1 0 21 2 1 20 0 3 0 0 0 2
1210 10938 517 516 15 1 0 21 2 1 20 0 3 0 0 0 2
1211 10941 515 514 16 1 0 21 2 1 20 0 3 0 0 0 2
1212 10943 513 512 18 1 0 21 2 1 20 0 3 0 0 0 2
1213 10940 514 513 19 1 0 21 2 1 20 0 3 0 0 0 2
1214 10939 514 513 20 1 0 21 2 1 20 0 3 0 0 0 2
1215 10929 518 517 22 1 0 21 2 1 20 0 3 0 0 0 2
1216 10927 519 518 22 1 0 21 2 1 20 0 3 0 0 0 2
1217 10927 519 518 22 1 0 21 2 1 20 0 3 0 0 0 2
1218 10932 517 516 21 1 0 21 2 1 20 0 3 0 0 0 2
1219 10937 514 513 22 1 0 21 2 1 20 0 3 0 0 0 2
1220 10935 515 514 22 1 0 21 2 1 20 0 3 0 0 0 2
1221 10938 514 513 21 1 0 21 2 1 20 0 3 0 0 0 2
1222 10933 517 516 20 1 0 21 2 1 20 0 3 0 0 0 2
1223 10933 517 516 20 1 0 21 2 1 20 0 3 0 0 0 2
1224 10941 513 512 20 1 0 21 2 1 20 0 3 0 0 0 2
1225 10946 510 509 21 1 0 21 2 1 20 0 3 0 0 0 2
1226 10954 506 505 21 1 0 21 2 1 20 0 3 0 0 0 2
1227 10950 508 507 21 1 0 21 2 1 20 0 3 0 0 0 2
1228 10949 509 507 21 1 0 21 2 1 19 0 4 0 0 0 2
1229 10946 511 509 20 1 0 21 2 1 19 0 4 0 0 0 2
1230 10952 508 506 20 1 0 21 2 1 19 0 4 0 0 0 2
1231 10949 510 508 19 1 0 21 2 1 19 0 4 0 0 0 2
1232 10945 512 510 19 1 0 21 2 1 19 0 4 0 0 0 2
1233 10944 513 511 18 1 0 21 2 1 19 0 4 0 0 0 2
1234 10943 513 511 19 1 0 21 2 1 19 0 4 0 0 0 2
1235 10946 511 508 19 1 0 22 2 1 19 0 5 0 0 0 2
1236 10944 512 508 18 1 0 23 2 1 19 0 6 0 0 0 2
1237 10946 511 507 18 1 0 23 2 1 19 0 6 0 0 0 2
1238 10947 511 507 17 1 0 23 2 1 19 0 6 0 0 0 2
1239 10951 510 506 15 1 0 23 2 1 19 0 6 0 0 0 2
1240 10946 512 508 16 1 0 23 2 1 19 0 6 0 0 0 2
1241 10946 512 508 16 1 0 23 2 1 19 0 6 0 0 0 2
1242 10946 512 508 16 1 0 23 2 1 19 0 6 0 0 0 2
1243 10946 512 508 16 1 0 23 2 1 19 0 6 0 0 0 2
1244 10942 514 510 16 1 0 23 2 1 19 0 6 0 0 0 2
1245 10941 514 510 17 1 0 23 2 1 19 0 6 0 0 0 2
1246 10939 515 511 17 1 0 23 2 1 19 0 6 0 0 0 2
1247 10940 514 510 18 1 0 23 2 1 19 0 6 0 0 0 2
1248 10936 516 512 18 1 0 23 2 1 19 0 6 0 0 0 2
1249 10940 514 510 18 1 0 23 2 1 19 0 6 0 0 0 2
1250 10942 512 508 20 1 0 23 2 1 19 0 6 0 0 0 2
1251 10940 513 509 20 1 0 23 2 1 19 0 6 0 0 0 2
1252 10932 517 513 20 1 0 23 2 1 19 0 6 0 0 0 2
1253 10925 520 516 21 1 0 23 2 1 19 0 6 0 0 0 2
1254 10923 521 517 21 1 0 23 2 1 19 0 6 0 0 0 2
1255 10918 523 519 22 1 0 23 2 1 19 0 6 0 0 0 2
1256 10925 519 515 23 1 0 23 2 1 19 0 6 0 0 0 2
1257 10924 519 516 23 1 0 23 2 1 20 0 5 0 0 0 2
1258 10930 516 513 23 1 0 23 2 1 20 0 5 0 0 0 2
1259 10932 515 512 23 1 0 23 2 1 20 0 5 0 0 0 2
1260 10932 515 512 23 1 0 23 2 1 20 0 5 0 0 0 2
1261 10938 512 509 23 1 0 23 2 1 20 0 5 0 0 0 2
1262 10937 513 510 22 1 0 23 2 1 20 0 5 0 0 0 2
1263 10941 511 508 22 1 0 23 2 1 20 0 5 0 0 0 2
1264 10937 513 510 22 1 0 23 2 1 20 0 5 0 0 0 2
1265 10937 513 510 22 1 0 23 2 1 20 0 5 0 0 0 2
1266 10935 514 511 22 1 0 23 2 1 20 0 5 0 0 0 2
1267 10936 513 510 23 1 0 23 2 1 20 0 5 0 0 0 2
1268 10930 516 513 23 1 0 23 2 1 20 0 5 0 0 0 2
1269 10925 518 515 24 1 0 23 2 1 20 0 5 0 0 0 2
1270 10932 515 512 23 1 0 23 2 1 20 0 5 0 0 0 2
1271 10934 514 511 23 1 0 23 2 1 20 0 5 0 0 0 2
1272 10928 517 514 23 1 0 23 2 1 20 0 5 0 0 0 2
1273 10930 516 513 23 1 0 23 2 1 20 0 5 0 0 0 2
1274 10931 515 512 24 1 0 23 2 1 20 0 5 0 0 0 2
1275 10927 517 514 24 1 0 23 2 1 20 0 5 0 0 0 2
1276 10930 515 512 25 1 0 23 2 1 20 0 5 0 0 0 2
1277 10926 517 514 25 1 0 23 2 1 20 0 5 0 0 0 2
1278 10925 518 515 24 1 0 23 2 1 20 0 5 0 0 0 2
1279 10931 515 512 24 1 0 23 2 1 20 0 5 0 0 0 2
1280 10935 513 510 24 1 0 23 2 1 20 0 5 0 0 0 2
1281 10934 513 510 25 1 0 23 2 1 20 0 5 0 0 0 2
1282 10934 513 510 25 1 0 23 2 1 20 0 5 0 0 0 2
1283 10930 515 512 25 1 0 23 2 1 20 0 5 0 0 0 2
1284 10934 513 510 25 1 0 23 2 1 20 0 5 0 0 0 2
1285 10935 513 510 24 1 0 23 2 1 20 0 5 0 0 0 2
1286 10928 516 513 25 1 0 23 2 1 20 0 5 0 0 0 2
1287 10929 515 513 25 1 0 22 3 1 20 0 5 0 0 0 2
1288 10942 509 507 24 1 0 22 3 1 20 0 5 0 0 0 2
1289 10943 508 506 25 1 0 22 3 1 20 0 5 0 0 0 2
1290 10941 509 507 25 1 0 22 3 1 20 0 5 0 0 0 2
1291 10937 511 509 25 1 0 22 3 1 20 0 5 0 0 0 2
1292 10941 510 508 23 1 0 22 3 1 20 0 5 0 0 0 2
1293 10937 512 510 23 1 0 22 3 1 20 0 5 0 0 0 2
1294 10935 513 511 23 1 0 22 3 1 20 0 5 0 0 0 2
1295 10947 507 505 23 1 0 22 3 1 20 0 5 0 0 0 2
1296 10941 510 508 23 1 0 22 3 1 20 0 5 0 0 0 2
1297 10937 512 511 22 1 0 22 3 1 21 0 4 0 0 0 2
1298 10935 513 512 22 1 0 22 3 1 21 0 4 0 0 0 2
1299 10934 514 513 21 1 0 22 3 1 21 0 4 0 0 0 2
1300 10936 513 512 21 1 0 22 3 1 21 0 4 0 0 0 2
1301 10939 512 511 20 1 0 22 3 1 21 0 4 0 0 0 2
1302 10943 510 509 20 1 0 22 3 1 21 0 4 0 0 0 2
1303 10949 507 506 20 1 0 22 3 1 21 0 4 0 0 0 2
1304 10956 504 503 19 1 0 22 3 1 21 0 4 0 0 0 2
1305 10953 505 504 20 1 0 22 3 1 21 0 4 0 0 0 2
1306 10943 510 509 20 1 0 22 3 1 21 0 4 0 0 0 2
1307 10937 513 512 20 1 0 22 3 1 21 0 4 0 0 0 2
1308 10940 511 510 21 1 0 22 3 1 21 0 4 0 0 0 2
1309 10940 511 510 21 1 0 22 3 1 21 0 4 0 0 0 2
1310 10944 509 508 21 1 0 22 3 1 21 0 4 0 0 0 2
1311 10934 514 513 21 1 0 22 3 1 21 0 4 0 0 0 2
1312 10927 518 517 20 1 0 22 3 1 21 0 4 0 0 0 2
1313 10929 517 516 20 1 0 22 3 1 21 0 4 0 0 0 2
1314 10923 520 519 20 1 0 22 3 1 21 0 4 0 0 0 2
1315 10926 519 518 19 1 0 22 3 1 21 0 4 0 0 0 2
1316 10928 518 517 19 1 0 22 3 1 21 0 4 0 0 0 2
1317 10927 519 518 18 1 0 22 3 1 21 0 4 0 0 0 2
1318 10928 518 517 19 1 0 22 3 1 21 0 4 0 0 0 2
1319 10932 516 515 19 1 0 22 3 1 21 0 4 0 0 0 2
1320 10931 516 515 20 1 0 22 3 1 21 0 4 0 0 0 2
1321 10929 517 516 20 1 0 22 3 1 21 0 4 0 0 0 2
1322 10928 518 517 19 1 0 22 3 1 21 0 4 0 0 0 2
1323 10924 520 519 19 1 0 22 3 1 21 0 4 0 0 0 2
1324 10925 519 518 20 1 0 22 3 1 21 0 4 0 0 0 2
1325 10929 517 516 20 1 0 22 3 1 21 0 4 0 0 0 2
1326 10932 515 514 21 1 0 22 3 1 21 0 4 0 0 0 2
1327 10932 515 514 21 1 0 22 3 1 21 0 4 0 0 0 2
1328 10936 513 512 21 1 0 22 3 1 21 0 4 0 0 0 2
1329 10934 514 513 21 1 0 22 3 1 21 0 4 0 0 0 2
1330 10930 516 515 21 1 0 22 3 1 21 0 4 0 0 0 2
1331 10936 513 512 21 1 0 22 3 1 21 0 4 0 0 0 2
1332 10936 513 512 21 1 0 22 3 1 21 0 4 0 0 0 2
1333 10941 511 510 20 1 0 22 3 1 21 0 4 0 0 0 2
1334 10943 510 509 20 1 0 22 3 1 21 0 4 0 0 0 2
1335 10939 512 511 20 1 0 22 3 1 21 0 4 0 0 0 2
1336 10939 512 511 20 1 0 22 3 1 21 0 4 0 0 0 2
1337 10938 512 511 21 1 0 22 3 1 21 0 4 0 0 0 2
1338 10946 508 507 21 1 0 22 3 1 21 0 4 0 0 0 2
1339 10944 509 508 21 1 0 22 3 1 21 0 4 0 0 0 2
1340 10942 510 509 21 1 0 22 3 1 21 0 4 0 0 0 2
1341 10946 508 507 21 1 0 22 3 1 21 0 4 0 0 0 2
1342 10942 510 509 21 1 0 22 3 1 21 0 4 0 0 0 2
1343 10934 514 513 21 1 0 22 3 1 21 0 4 0 0 0 2
1344 10936 513 512 21 1 0 22 3 1 21 0 4 0 0 0 2
1345 10942 510 509 21 1 0 22 3 1 21 0 4 0 0 0 2
1346 10940 511 510 21 1 0 22 3 1 21 0 4 0 0 0 2
1347 10939 511 511 21 1 0 22 3 1 22 0 3 0 0 0 2
