0 8940 14900
1 8840 15000
2 8838 15002
3 8854 14986
4 8829 15011
5 8813 15027
6 8831 15009
7 8836 15004
8 8874 14966
9 8890 14950
10 8948 14892
11 8953 14887
12 8972 14868
13 8959 14881
14 8962 14878
15 8932 14908
16 8953 14887
17 8951 14889
18 8990 14850
19 9006 14834
20 9018 14822
21 9045 14795
22 9032 14808
23 9053 14787
24 9068 14772
25 9098 14742
26 9112 14728
27 9105 14735
28 9117 14723
29 9093 14747
30 9073 14767
31 9108 14732
32 9092 14748
33 9134 14706
34 9134 14706
35 9118 14722
36 9131 14709
37 9111 14729
38 9140 14700
39 9100 14740
40 9122 14718
41 9120 14720
42 9098 14742
43 9136 14704
44 9143 14697
45 9124 14716
46 9127 14713
47 9112 14728
48 9101 14739
49 9125 14715
50 9130 14710
51 9119 14721
52 9120 14720
53 9177 14663
54 9132 14708
55 9115 14725
56 9149 14691
57 9144 14696
58 9154 14686
59 9160 14680
60 9163 14677
61 9138 14702
62 9135 14705
63 9155 14685
64 9160 14680
65 9175 14665
66 9192 14648
67 9175 14665
68 9173 14667
69 9174 14666
70 9178 14662
71 9206 14634
72 9243 14597
73 9231 14609
74 9224 14616
75 9240 14600
76 9218 14622
77 9204 14636
78 9254 14586
79 9250 14590
80 9258 14582
81 9280 14560
82 9253 14587
83 9253 14587
84 9214 14626
85 9243 14597
86 9230 14610
87 9267 14573
88 9240 14600
89 9215 14625
90 9234 14606
91 9269 14571
92 9258 14582
93 9263 14577
94 9249 14591
95 9236 14604
96 9244 14596
97 9250 14590
98 9231 14609
99 9245 14595
100 9249 14591
101 9234 14606
102 9223 14617
103 9199 14641
104 9219 14621
105 9219 14621
106 9243 14597
107 9236 14604
108 9207 14633
109 9198 14642
110 9199 14641
111 9188 14652
112 9180 14660
113 9215 14625
114 9217 14623
115 9229 14611
116 9217 14623
117 9233 14607
118 9233 14607
119 9247 14593
120 9222 14618
121 9253 14587
122 9246 14594
123 9270 14570
124 9305 14535
125 9319 14521
126 9328 14512
127 9291 14549
128 9340 14500
129 9325 14515
130 9374 14466
131 9358 14482
132 9359 14481
133 9314 14526
134 9305 14535
135 9283 14557
136 9301 14539
137 9289 14551
138 9264 14576
139 9284 14556
140 9312 14528
141 9308 14532
142 9288 14552
143 9308 14532
144 9317 14523
145 9335 14505
146 9341 14499
147 9334 14506
148 9342 14498
149 9339 14501
150 9323 14517
151 9281 14559
152 9295 14545
153 9292 14548
154 9318 14522
155 9340 14500
156 9373 14467
157 9381 14459
158 9360 14480
159 9373 14467
160 9385 14455
161 9385 14455
162 9394 14446
163 9408 14432
164 9399 14441
165 9375 14465
166 9381 14459
167 9394 14446
168 9388 14452
169 9416 14424
170 9449 14391
171 9443 14397
172 9457 14383
173 9476 14364
174 9469 14371
175 9447 14393
176 9447 14393
177 9464 14376
178 9491 14349
179 9507 14333
180 9517 14323
181 9511 14329
182 9543 14297
183 9561 14279
184 9553 14287
185 9554 14286
186 9534 14306
187 9538 14302
188 9554 14286
189 9572 14268
190 9551 14289
191 9559 14281
192 9572 14268
193 9605 14235
194 9601 14239
195 9610 14230
196 9580 14260
197 9574 14266
198 9565 14275
199 9587 14253
200 9574 14266
201 9585 14255
202 9593 14247
203 9601 14239
204 9621 14219
205 9650 14190
206 9676 14164
207 9658 14182
208 9637 14203
209 9639 14201
210 9641 14199
211 9613 14227
212 9672 14168
213 9637 14203
214 9653 14187
215 9638 14202
216 9647 14193
217 9598 14242
218 9648 14192
219 9623 14217
220 9590 14250
221 9585 14255
222 9581 14259
223 9592 14248
224 9581 14259
225 9602 14238
226 9621 14219
227 9634 14206
228 9617 14223
229 9591 14249
230 9605 14235
231 9625 14215
232 9605 14235
233 9631 14209
234 9606 14234
235 9593 14247
236 9573 14267
237 9585 14255
238 9580 14260
239 9575 14265
240 9585 14255
241 9601 14239
242 9597 14243
243 9622 14218
244 9576 14264
245 9579 14261
246 9550 14290
247 9583 14257
248 9585 14255
249 9573 14267
250 9551 14289
251 9546 14294
252 9529 14311
253 9502 14338
254 9507 14333
255 9511 14329
256 9518 14322
257 9526 14314
258 9488 14352
259 9523 14317
260 9524 14316
261 9552 14288
262 9543 14297
263 9548 14292
264 9566 14274
265 9540 14300
266 9543 14297
267 9554 14286
268 9562 14278
269 9587 14253
270 9558 14282
271 9570 14270
272 9562 14278
273 9579 14261
274 9558 14282
275 9530 14310
276 9534 14306
277 9537 14303
278 9555 14285
279 9553 14287
280 9562 14278
281 9570 14270
282 9597 14243
283 9615 14225
284 9605 14235
285 9609 14231
286 9649 14191
287 9645 14195
288 9626 14214
289 9604 14236
290 9609 14231
291 9616 14224
292 9626 14214
293 9616 14224
294 9609 14231
295 9638 14202
296 9619 14221
297 9634 14206
298 9621 14219
299 9657 14183
300 9679 14161
301 9673 14167
302 9664 14176
303 9659 14181
304 9650 14190
305 9667 14173
306 9713 14127
307 9672 14168
308 9685 14155
309 9662 14178
310 9658 14182
311 9662 14178
312 9653 14187
313 9688 14152
314 9674 14166
315 9684 14156
316 9670 14170
317 9646 14194
318 9669 14171
319 9691 14149
320 9698 14142
321 9674 14166
322 9676 14164
323 9652 14188
324 9615 14225
325 9628 14212
326 9624 14216
327 9620 14220
328 9612 14228
329 9627 14213
330 9637 14203
331 9643 14197
332 9625 14215
333 9645 14195
334 9685 14155
335 9657 14183
336 9682 14158
337 9641 14199
338 9646 14194
339 9641 14199
340 9655 14185
341 9630 14210
342 9595 14245
343 9580 14260
344 9565 14275
345 9600 14240
346 9616 14224
347 9609 14231
348 9622 14218
349 9639 14201
350 9655 14185
351 9716 14124
352 9739 14101
353 9733 14107
354 9784 14056
355 9784 14056
356 9787 14053
357 9801 14039
358 9825 14015
359 9825 14015
360 9831 14009
361 9857 13983
362 9860 13980
363 9844 13996
364 9838 14002
365 9822 14018
366 9808 14032
367 9839 14001
368 9816 14024
369 9867 13973
370 9897 13943
371 9879 13961
372 9879 13961
373 9884 13956
374 9878 13962
375 9871 13969
376 9861 13979
377 9846 13994
378 9822 14018
379 9850 13990
380 9827 14013
381 9845 13995
382 9864 13976
383 9856 13984
384 9871 13969
385 9899 13941
386 9890 13950
387 9860 13980
388 9890 13950
389 9913 13927
390 9899 13941
391 9898 13942
392 9874 13966
393 9896 13944
394 9912 13928
395 9899 13941
396 9905 13935
397 9898 13942
398 9905 13935
399 9929 13911
400 9955 13885
401 9975 13865
402 9942 13898
403 9912 13928
404 9911 13929
405 9919 13921
406 9904 13936
407 9898 13942
408 9890 13950
409 9872 13968
410 9875 13965
411 9878 13962
412 9877 13963
413 9875 13965
414 9899 13941
415 9887 13953
416 9860 13980
417 9877 13963
418 9885 13955
419 9849 13991
420 9829 14011
421 9797 14043
422 9842 13998
423 9823 14017
424 9832 14008
425 9837 14003
426 9859 13981
427 9840 14000
428 9825 14015
429 9832 14008
430 9831 14009
431 9815 14025
432 9840 14000
433 9847 13993
434 9840 14000
435 9845 13995
436 9887 13953
437 9882 13958
438 9905 13935
439 9885 13955
440 9871 13969
441 9856 13984
442 9858 13982
443 9849 13991
444 9861 13979
445 9810 14030
446 9812 14028
447 9813 14027
448 9817 14023
449 9850 13990
450 9833 14007
451 9812 14028
452 9790 14050
453 9795 14045
454 9773 14067
455 9787 14053
456 9762 14078
457 9747 14093
458 9797 14043
459 9831 14009
460 9867 13973
461 9859 13981
462 9857 13983
463 9853 13987
464 9831 14009
465 9852 13988
466 9849 13991
467 9852 13988
468 9855 13985
469 9869 13971
470 9871 13969
471 9890 13950
472 9877 13963
473 9868 13972
474 9900 13940
475 9885 13955
476 9856 13984
477 9854 13986
478 9897 13943
479 9892 13948
480 9899 13941
481 9910 13930
482 9907 13933
483 9886 13954
484 9889 13951
485 9922 13918
486 9920 13920
487 9919 13921
488 9918 13922
489 9901 13939
490 9912 13928
491 9942 13898
492 9973 13867
493 9974 13866
494 9941 13899
495 9908 13932
496 9946 13894
497 9917 13923
498 9895 13945
499 9894 13946
500 9906 13934
501 9894 13946
502 9912 13928
503 9937 13903
504 9968 13872
505 9955 13885
506 9959 13881
507 9942 13898
508 9939 13901
509 9933 13907
510 9923 13917
511 9900 13940
512 9925 13915
513 9924 13916
514 9939 13901
515 9914 13926
516 9904 13936
517 9900 13940
518 9891 13949
519 9867 13973
520 9843 13997
521 9864 13976
522 9866 13974
523 9837 14003
524 9846 13994
525 9852 13988
526 9860 13980
527 9864 13976
528 9865 13975
529 9850 13990
530 9825 14015
531 9833 14007
532 9840 14000
533 9802 14038
534 9832 14008
535 9827 14013
536 9869 13971
537 9829 14011
538 9845 13995
539 9820 14020
540 9816 14024
541 9827 14013
542 9847 13993
543 9838 14002
544 9865 13975
545 9845 13995
546 9868 13972
547 9859 13981
548 9897 13943
549 9908 13932
550 9923 13917
551 9940 13900
552 9971 13869
553 9949 13891
554 9938 13902
555 9947 13893
556 9901 13939
557 9910 13930
558 9933 13907
559 9934 13906
560 9923 13917
561 9891 13949
562 9895 13945
563 9891 13949
564 9910 13930
565 9901 13939
566 9911 13929
567 9915 13925
568 9912 13928
569 9898 13942
570 9884 13956
571 9915 13925
572 9920 13920
573 9933 13907
574 9945 13895
575 9966 13874
576 9969 13871
577 9948 13892
578 9928 13912
579 9935 13905
580 9932 13908
581 9959 13881
582 9987 13853
583 9961 13879
584 10010 13830
585 10014 13826
586 10040 13800
587 10060 13780
588 10034 13806
589 10061 13779
590 10050 13790
591 10073 13767
592 10035 13805
593 10059 13781
594 10082 13758
595 10044 13796
596 10064 13776
597 10092 13748
598 10089 13751
599 10069 13771
600 10085 13755
601 10096 13744
602 10088 13752
603 10082 13758
604 10050 13790
605 10031 13809
606 10044 13796
607 10078 13762
608 10066 13774
609 10074 13766
610 10088 13752
611 10077 13763
612 10091 13749
613 10115 13725
614 10113 13727
615 10105 13735
616 10109 13731
617 10077 13763
618 10102 13738
619 10080 13760
620 10054 13786
621 10057 13783
622 10078 13762
623 10070 13770
624 10058 13782
625 10045 13795
626 10065 13775
627 10099 13741
628 10090 13750
629 10083 13757
630 10088 13752
631 10063 13777
632 10056 13784
633 10088 13752
634 10109 13731
635 10164 13676
636 10116 13724
637 10107 13733
638 10122 13718
639 10110 13730
640 10093 13747
641 10109 13731
642 10075 13765
643 10085 13755
644 10075 13765
645 10069 13771
646 10040 13800
647 10060 13780
648 10075 13765
649 10065 13775
650 10039 13801
651 10004 13836
652 10045 13795
653 10062 13778
654 10067 13773
655 10073 13767
656 10049 13791
657 10079 13761
658 10074 13766
659 10097 13743
660 10116 13724
661 10067 13773
662 10066 13774
663 10064 13776
664 10076 13764
665 10057 13783
666 10079 13761
667 10065 13775
668 10058 13782
669 10062 13778
670 10087 13753
671 10084 13756
672 10092 13748
673 10084 13756
674 10092 13748
675 10122 13718
676 10106 13734
677 10079 13761
678 10077 13763
679 10070 13770
680 10050 13790
681 10065 13775
682 10064 13776
683 10071 13769
684 10061 13779
685 10103 13737
686 10076 13764
687 10048 13792
688 10045 13795
689 10022 13818
690 10012 13828
691 9987 13853
692 10001 13839
693 9994 13846
694 9998 13842
695 10011 13829
696 10015 13825
697 9987 13853
698 10004 13836
699 9998 13842
700 10043 13797
701 10058 13782
702 10027 13813
703 9989 13851
704 9967 13873
705 10013 13827
706 10023 13817
707 10013 13827
708 10032 13808
709 10062 13778
710 10067 13773
711 10029 13811
712 10031 13809
713 10033 13807
714 9985 13855
715 10008 13832
716 10027 13813
717 10034 13806
718 10041 13799
719 10058 13782
720 10055 13785
721 10046 13794
722 10080 13760
723 10085 13755
724 10023 13817
725 10040 13800
726 10036 13804
727 10023 13817
728 10025 13815
729 10051 13789
730 10063 13777
731 10045 13795
732 10038 13802
733 10069 13771
734 10048 13792
735 10031 13809
736 10001 13839
737 10011 13829
738 10005 13835
739 10033 13807
740 10084 13756
741 10074 13766
742 10072 13768
743 10091 13749
744 10070 13770
745 10088 13752
746 10094 13746
747 10101 13739
748 10093 13747
749 10104 13736
750 10084 13756
751 10048 13792
752 10064 13776
753 10046 13794
754 10054 13786
755 10053 13787
756 10050 13790
757 10030 13810
758 10077 13763
759 10033 13807
760 10052 13788
761 10076 13764
762 10076 13764
763 10088 13752
764 10116 13724
765 10094 13746
766 10104 13736
767 10106 13734
768 10104 13736
769 10103 13737
770 10144 13696
771 10144 13696
772 10136 13704
773 10134 13706
774 10134 13706
775 10132 13708
776 10117 13723
777 10129 13711
778 10145 13695
779 10168 13672
780 10200 13640
781 10196 13644
782 10176 13664
783 10183 13657
784 10171 13669
785 10160 13680
786 10163 13677
787 10179 13661
788 10175 13665
789 10173 13667
790 10140 13700
791 10186 13654
792 10159 13681
793 10158 13682
794 10140 13700
795 10131 13709
796 10147 13693
797 10132 13708
798 10105 13735
799 10127 13713
800 10114 13726
801 10141 13699
802 10131 13709
803 10102 13738
804 10135 13705
805 10157 13683
806 10165 13675
807 10129 13711
808 10138 13702
809 10136 13704
810 10146 13694
811 10146 13694
812 10096 13744
813 10109 13731
814 10118 13722
815 10137 13703
816 10143 13697
817 10175 13665
818 10182 13658
819 10150 13690
820 10184 13656
821 10147 13693
822 10121 13719
823 10127 13713
824 10129 13711
825 10149 13691
826 10154 13686
827 10175 13665
828 10173 13667
829 10168 13672
830 10153 13687
831 10169 13671
832 10169 13671
833 10129 13711
834 10137 13703
835 10136 13704
836 10155 13685
837 10110 13730
838 10096 13744
839 10103 13737
840 10126 13714
841 10136 13704
842 10122 13718
843 10158 13682
844 10153 13687
845 10145 13695
846 10154 13686
847 10135 13705
848 10130 13710
849 10136 13704
850 10156 13684
851 10110 13730
852 10071 13769
853 10054 13786
854 10071 13769
855 10081 13759
856 10075 13765
857 10069 13771
858 10086 13754
859 10087 13753
860 10084 13756
861 10095 13745
862 10105 13735
863 10110 13730
864 10122 13718
865 10133 13707
866 10138 13702
867 10150 13690
868 10117 13723
869 10080 13760
870 10066 13774
871 10060 13780
872 10050 13790
873 10049 13791
874 10047 13793
875 10031 13809
876 10072 13768
877 10056 13784
878 10090 13750
879 10091 13749
880 10086 13754
881 10081 13759
882 10065 13775
883 10062 13778
884 10064 13776
885 10072 13768
886 10051 13789
887 10062 13778
888 10064 13776
889 10058 13782
890 10053 13787
891 10073 13767
892 10064 13776
893 10106 13734
894 10082 13758
895 10113 13727
896 10061 13779
897 10073 13767
898 10084 13756
899 10077 13763
900 10067 13773
901 10063 13777
902 10095 13745
903 10118 13722
904 10129 13711
905 10131 13709
906 10097 13743
907 10098 13742
908 10072 13768
909 10085 13755
910 10067 13773
911 10067 13773
912 10061 13779
913 10058 13782
914 10044 13796
915 10059 13781
916 10068 13772
917 10050 13790
918 10079 13761
919 10047 13793
920 10022 13818
921 10014 13826
922 10031 13809
923 10040 13800
924 10003 13837
925 9995 13845
926 10008 13832
927 9997 13843
928 10025 13815
929 10020 13820
930 10025 13815
931 10019 13821
932 10006 13834
933 10001 13839
934 9968 13872
935 9979 13861
936 9972 13868
937 9972 13868
938 9961 13879
939 9956 13884
940 9934 13906
941 9976 13864
942 9960 13880
943 9977 13863
944 10007 13833
945 10009 13831
946 9998 13842
947 9965 13875
948 10030 13810
949 10025 13815
950 10051 13789
951 10052 13788
952 10081 13759
953 10058 13782
954 10074 13766
955 10085 13755
956 10094 13746
957 10091 13749
958 10098 13742
959 10127 13713
960 10109 13731
961 10101 13739
962 10084 13756
963 10099 13741
964 10094 13746
965 10107 13733
966 10124 13716
967 10119 13721
968 10119 13721
969 10115 13725
970 10126 13714
971 10169 13671
972 10157 13683
973 10182 13658
974 10181 13659
975 10208 13632
976 10219 13621
977 10236 13604
978 10249 13591
979 10283 13557
980 10261 13579
981 10236 13604
982 10254 13586
983 10261 13579
984 10270 13570
985 10225 13615
986 10222 13618
987 10250 13590
988 10260 13580
989 10285 13555
990 10297 13543
991 10305 13535
992 10302 13538
993 10295 13545
994 10292 13548
995 10325 13515
996 10342 13498
997 10317 13523
998 10302 13538
999 10270 13570
1000 10252 13588
1001 10273 13567
1002 10296 13544
1003 10298 13542
1004 10315 13525
1005 10260 13580
1006 10270 13570
1007 10276 13564
1008 10303 13537
1009 10309 13531
1010 10334 13506
1011 10352 13488
1012 10376 13464
1013 10347 13493
1014 10355 13485
1015 10359 13481
1016 10364 13476
1017 10390 13450
1018 10385 13455
1019 10427 13413
1020 10408 13432
1021 10380 13460
1022 10406 13434
1023 10415 13425
1024 10401 13439
1025 10386 13454
1026 10391 13449
1027 10369 13471
1028 10384 13456
1029 10347 13493
1030 10357 13483
1031 10335 13505
1032 10300 13540
1033 10301 13539
1034 10319 13521
1035 10310 13530
1036 10321 13519
1037 10299 13541
1038 10331 13509
1039 10293 13547
1040 10290 13550
1041 10252 13588
1042 10222 13618
1043 10237 13603
1044 10226 13614
1045 10221 13619
1046 10262 13578
1047 10261 13579
1048 10247 13593
1049 10216 13624
1050 10254 13586
1051 10243 13597
1052 10292 13548
1053 10263 13577
1054 10248 13592
1055 10252 13588
1056 10260 13580
1057 10261 13579
1058 10287 13553
1059 10291 13549
1060 10296 13544
1061 10276 13564
1062 10265 13575
1063 10266 13574
1064 10248 13592
1065 10289 13551
1066 10297 13543
1067 10297 13543
1068 10282 13558
1069 10275 13565
1070 10301 13539
1071 10323 13517
1072 10335 13505
1073 10330 13510
1074 10298 13542
1075 10314 13526
1076 10323 13517
1077 10302 13538
1078 10260 13580
1079 10262 13578
1080 10288 13552
1081 10298 13542
1082 10297 13543
1083 10300 13540
1084 10316 13524
1085 10298 13542
1086 10285 13555
1087 10333 13507
1088 10321 13519
1089 10349 13491
1090 10364 13476
1091 10393 13447
1092 10376 13464
1093 10368 13472
1094 10330 13510
1095 10326 13514
1096 10345 13495
1097 10324 13516
1098 10329 13511
1099 10347 13493
1100 10307 13533
1101 10308 13532
1102 10287 13553
1103 10277 13563
1104 10259 13581
1105 10222 13618
1106 10215 13625
1107 10208 13632
1108 10211 13629
1109 10184 13656
1110 10192 13648
1111 10177 13663
1112 10200 13640
1113 10184 13656
1114 10172 13668
1115 10208 13632
1116 10199 13641
1117 10196 13644
1118 10173 13667
1119 10194 13646
1120 10169 13671
1121 10139 13701
1122 10116 13724
1123 10129 13711
1124 10123 13717
1125 10143 13697
1126 10148 13692
1127 10137 13703
1128 10130 13710
1129 10137 13703
1130 10125 13715
1131 10155 13685
1132 10143 13697
1133 10163 13677
1134 10160 13680
1135 10176 13664
1136 10178 13662
1137 10194 13646
1138 10177 13663
1139 10175 13665
1140 10209 13631
1141 10218 13622
1142 10225 13615
1143 10221 13619
1144 10248 13592
1145 10223 13617
1146 10206 13634
1147 10227 13613
1148 10192 13648
1149 10232 13608
1150 10263 13577
1151 10270 13570
1152 10268 13572
1153 10224 13616
1154 10208 13632
1155 10241 13599
1156 10237 13603
1157 10216 13624
1158 10249 13591
1159 10265 13575
1160 10284 13556
1161 10257 13583
1162 10221 13619
1163 10254 13586
1164 10226 13614
1165 10231 13609
1166 10242 13598
1167 10229 13611
1168 10196 13644
1169 10200 13640
1170 10242 13598
1171 10230 13610
1172 10218 13622
1173 10226 13614
1174 10221 13619
1175 10212 13628
1176 10195 13645
1177 10188 13652
1178 10194 13646
1179 10217 13623
1180 10231 13609
1181 10211 13629
1182 10190 13650
1183 10199 13641
1184 10199 13641
1185 10196 13644
1186 10221 13619
1187 10211 13629
1188 10159 13681
1189 10120 13720
1190 10134 13706
1191 10149 13691
1192 10141 13699
1193 10130 13710
1194 10160 13680
1195 10163 13677
1196 10139 13701
1197 10128 13712
1198 10132 13708
1199 10155 13685
1200 10185 13655
1201 10197 13643
1202 10191 13649
1203 10213 13627
1204 10159 13681
1205 10193 13647
1206 10175 13665
1207 10136 13704
1208 10153 13687
1209 10162 13678
1210 10179 13661
1211 10198 13642
1212 10219 13621
1213 10226 13614
1214 10250 13590
1215 10234 13606
1216 10208 13632
1217 10210 13630
1218 10167 13673
1219 10179 13661
1220 10192 13648
1221 10165 13675
1222 10168 13672
1223 10181 13659
1224 10185 13655
1225 10179 13661
1226 10184 13656
1227 10183 13657
1228 10177 13663
1229 10123 13717
1230 10106 13734
1231 10127 13713
1232 10113 13727
1233 10122 13718
1234 10120 13720
1235 10103 13737
1236 10099 13741
1237 10072 13768
1238 10064 13776
1239 10054 13786
1240 10111 13729
1241 10091 13749
1242 10089 13751
1243 10091 13749
1244 10090 13750
1245 10067 13773
1246 10032 13808
1247 9999 13841
1248 10003 13837
1249 10033 13807
1250 10050 13790
1251 10037 13803
1252 10029 13811
1253 10017 13823
1254 10027 13813
1255 10037 13803
1256 10029 13811
1257 10014 13826
1258 10044 13796
1259 10040 13800
1260 10034 13806
1261 10021 13819
1262 10054 13786
1263 10026 13814
1264 10005 13835
1265 9986 13854
1266 9993 13847
1267 9994 13846
1268 9992 13848
1269 9977 13863
1270 9963 13877
1271 9973 13867
1272 9951 13889
1273 9987 13853
1274 10010 13830
1275 9990 13850
1276 9983 13857
1277 9995 13845
1278 9991 13849
1279 9956 13884
1280 9963 13877
1281 9958 13882
1282 9962 13878
1283 9978 13862
1284 9967 13873
1285 9951 13889
1286 9940 13900
1287 9965 13875
1288 9951 13889
1289 9977 13863
1290 9918 13922
1291 9923 13917
1292 9922 13918
1293 9894 13946
1294 9908 13932
1295 9930 13910
1296 9970 13870
1297 9978 13862
1298 9955 13885
1299 9972 13868
1300 9949 13891
1301 9937 13903
1302 9951 13889
1303 9959 13881
1304 9951 13889
1305 9957 13883
1306 9926 13914
1307 9917 13923
1308 9922 13918
1309 9948 13892
1310 9928 13912
1311 9978 13862
1312 9962 13878
1313 9967 13873
1314 9966 13874
1315 9965 13875
1316 9988 13852
1317 9953 13887
1318 9946 13894
1319 9965 13875
1320 9982 13858
1321 10008 13832
1322 10000 13840
1323 9985 13855
1324 9982 13858
1325 9980 13860
1326 9974 13866
1327 9979 13861
1328 10013 13827
1329 9993 13847
1330 9988 13852
1331 9982 13858
1332 9991 13849
1333 10015 13825
1334 9986 13854
1335 9985 13855
1336 10036 13804
1337 10044 13796
1338 10050 13790
1339 10026 13814
1340 10037 13803
1341 9978 13862
1342 10010 13830
1343 9965 13875
1344 9928 13912
1345 9905 13935
1346 9893 13947
1347 9928 13912
1348 9953 13887
1349 9926 13914
1350 9899 13941
1351 9884 13956
1352 9884 13956
1353 9875 13965
1354 9848 13992
1355 9832 14008
1356 9821 14019
1357 9817 14023
1358 9802 14038
1359 9820 14020
1360 9826 14014
1361 9816 14024
1362 9823 14017
1363 9810 14030
1364 9794 14046
1365 9804 14036
1366 9804 14036
1367 9822 14018
1368 9815 14025
1369 9833 14007
1370 9814 14026
1371 9823 14017
1372 9826 14014
1373 9840 14000
1374 9849 13991
1375 9795 14045
1376 9806 14034
1377 9793 14047
1378 9809 14031
1379 9804 14036
1380 9788 14052
1381 9778 14062
1382 9782 14058
1383 9758 14082
1384 9746 14094
1385 9779 14061
1386 9795 14045
1387 9825 14015
1388 9837 14003
1389 9830 14010
1390 9837 14003
1391 9865 13975
1392 9871 13969
1393 9854 13986
1394 9829 14011
1395 9789 14051
1396 9823 14017
1397 9814 14026
1398 9813 14027
1399 9815 14025
1400 9823 14017
1401 9820 14020
1402 9798 14042
1403 9761 14079
1404 9750 14090
1405 9765 14075
1406 9788 14052
1407 9812 14028
1408 9815 14025
1409 9777 14063
1410 9807 14033
1411 9800 14040
1412 9779 14061
1413 9777 14063
1414 9776 14064
1415 9775 14065
1416 9774 14066
1417 9768 14072
1418 9794 14046
1419 9798 14042
1420 9767 14073
1421 9764 14076
1422 9766 14074
1423 9779 14061
1424 9750 14090
1425 9790 14050
1426 9815 14025
1427 9796 14044
1428 9786 14054
1429 9794 14046
1430 9777 14063
1431 9816 14024
1432 9813 14027
1433 9822 14018
1434 9803 14037
1435 9797 14043
1436 9788 14052
1437 9773 14067
1438 9749 14091
1439 9783 14057
1440 9781 14059
1441 9803 14037
1442 9791 14049
1443 9790 14050
1444 9783 14057
1445 9787 14053
1446 9788 14052
1447 9797 14043
1448 9777 14063
1449 9790 14050
1450 9791 14049
1451 9768 14072
1452 9813 14027
1453 9779 14061
1454 9805 14035
1455 9774 14066
1456 9764 14076
1457 9774 14066
1458 9764 14076
1459 9740 14100
1460 9745 14095
1461 9739 14101
1462 9730 14110
1463 9742 14098
1464 9750 14090
1465 9749 14091
1466 9784 14056
1467 9774 14066
1468 9751 14089
1469 9748 14092
1470 9764 14076
1471 9774 14066
1472 9802 14038
1473 9737 14103
1474 9719 14121
1475 9704 14136
1476 9727 14113
1477 9685 14155
1478 9652 14188
1479 9687 14153
1480 9672 14168
1481 9665 14175
1482 9646 14194
1483 9663 14177
1484 9662 14178
1485 9662 14178
1486 9686 14154
1487 9707 14133
1488 9731 14109
1489 9728 14112
1490 9694 14146
1491 9713 14127
1492 9749 14091
1493 9745 14095
1494 9741 14099
1495 9740 14100
1496 9745 14095
1497 9714 14126
1498 9718 14122
1499 9751 14089
1500 9745 14095
1501 9702 14138
1502 9731 14109
1503 9735 14105
1504 9732 14108
1505 9719 14121
1506 9703 14137
1507 9710 14130
1508 9693 14147
1509 9682 14158
1510 9662 14178
1511 9665 14175
1512 9657 14183
1513 9656 14184
1514 9623 14217
1515 9597 14243
1516 9617 14223
1517 9606 14234
1518 9622 14218
1519 9599 14241
1520 9619 14221
1521 9659 14181
1522 9651 14189
1523 9663 14177
1524 9661 14179
1525 9656 14184
1526 9660 14180
1527 9645 14195
1528 9617 14223
1529 9621 14219
1530 9634 14206
1531 9651 14189
1532 9665 14175
1533 9652 14188
1534 9651 14189
1535 9643 14197
1536 9661 14179
1537 9634 14206
1538 9642 14198
1539 9611 14229
1540 9639 14201
1541 9627 14213
1542 9651 14189
1543 9686 14154
1544 9675 14165
1545 9674 14166
1546 9661 14179
1547 9691 14149
1548 9673 14167
1549 9651 14189
1550 9624 14216
1551 9648 14192
1552 9664 14176
1553 9691 14149
1554 9677 14163
1555 9687 14153
1556 9671 14169
1557 9698 14142
1558 9718 14122
1559 9709 14131
1560 9689 14151
1561 9703 14137
1562 9688 14152
1563 9702 14138
1564 9695 14145
1565 9700 14140
1566 9662 14178
1567 9673 14167
1568 9719 14121
1569 9690 14150
1570 9698 14142
1571 9696 14144
1572 9665 14175
1573 9697 14143
1574 9660 14180
1575 9662 14178
1576 9688 14152
1577 9688 14152
1578 9643 14197
1579 9644 14196
1580 9700 14140
1581 9693 14147
1582 9711 14129
1583 9660 14180
1584 9640 14200
1585 9642 14198
1586 9647 14193
1587 9617 14223
1588 9632 14208
1589 9646 14194
1590 9676 14164
1591 9679 14161
1592 9686 14154
1593 9707 14133
1594 9701 14139
1595 9668 14172
1596 9687 14153
1597 9677 14163
1598 9677 14163
1599 9657 14183
1600 9663 14177
1601 9632 14208
1602 9616 14224
1603 9623 14217
1604 9602 14238
1605 9611 14229
1606 9614 14226
1607 9631 14209
1608 9630 14210
1609 9619 14221
1610 9670 14170
1611 9657 14183
1612 9669 14171
1613 9635 14205
1614 9636 14204
1615 9625 14215
1616 9659 14181
1617 9620 14220
1618 9661 14179
1619 9654 14186
1620 9639 14201
1621 9629 14211
1622 9663 14177
1623 9638 14202
1624 9641 14199
1625 9653 14187
1626 9633 14207
1627 9642 14198
1628 9630 14210
1629 9605 14235
1630 9605 14235
1631 9573 14267
1632 9594 14246
1633 9595 14245
1634 9586 14254
1635 9563 14277
1636 9584 14256
1637 9597 14243
1638 9640 14200
1639 9619 14221
1640 9607 14233
1641 9593 14247
1642 9578 14262
1643 9595 14245
1644 9632 14208
1645 9658 14182
1646 9630 14210
1647 9634 14206
1648 9641 14199
1649 9606 14234
1650 9624 14216
1651 9637 14203
1652 9618 14222
1653 9604 14236
1654 9597 14243
1655 9578 14262
1656 9574 14266
1657 9596 14244
1658 9598 14242
1659 9615 14225
1660 9610 14230
1661 9603 14237
1662 9568 14272
1663 9580 14260
1664 9578 14262
1665 9598 14242
1666 9608 14232
1667 9616 14224
1668 9611 14229
1669 9632 14208
1670 9600 14240
1671 9595 14245
1672 9584 14256
1673 9573 14267
1674 9582 14258
1675 9571 14269
1676 9593 14247
1677 9591 14249
1678 9606 14234
1679 9580 14260
1680 9588 14252
1681 9609 14231
1682 9662 14178
1683 9637 14203
1684 9623 14217
1685 9595 14245
1686 9612 14228
1687 9601 14239
1688 9574 14266
1689 9560 14280
1690 9534 14306
1691 9560 14280
1692 9579 14261
1693 9550 14290
1694 9523 14317
1695 9574 14266
1696 9566 14274
1697 9558 14282
1698 9560 14280
1699 9549 14291
1700 9565 14275
1701 9580 14260
1702 9580 14260
1703 9613 14227
1704 9621 14219
1705 9625 14215
1706 9597 14243
1707 9584 14256
1708 9586 14254
1709 9600 14240
1710 9582 14258
1711 9576 14264
1712 9547 14293
1713 9568 14272
1714 9549 14291
1715 9571 14269
1716 9518 14322
1717 9508 14332
1718 9524 14316
1719 9544 14296
1720 9555 14285
1721 9548 14292
1722 9529 14311
1723 9526 14314
1724 9499 14341
1725 9498 14342
1726 9500 14340
1727 9503 14337
1728 9589 14251
1729 9612 14228
1730 9569 14271
1731 9565 14275
1732 9623 14217
1733 9594 14246
1734 9590 14250
1735 9582 14258
1736 9596 14244
1737 9588 14252
1738 9615 14225
1739 9608 14232
1740 9659 14181
1741 9604 14236
1742 9598 14242
1743 9569 14271
1744 9538 14302
1745 9561 14279
1746 9552 14288
1747 9538 14302
1748 9556 14284
1749 9583 14257
1750 9542 14298
1751 9540 14300
1752 9521 14319
1753 9533 14307
1754 9558 14282
1755 9528 14312
1756 9505 14335
1757 9507 14333
1758 9485 14355
1759 9511 14329
1760 9497 14343
1761 9475 14365
1762 9509 14331
1763 9542 14298
1764 9525 14315
1765 9523 14317
1766 9528 14312
1767 9484 14356
1768 9458 14382
1769 9454 14386
1770 9482 14358
1771 9524 14316
1772 9523 14317
1773 9562 14278
1774 9570 14270
1775 9529 14311
1776 9494 14346
1777 9484 14356
1778 9473 14367
1779 9447 14393
1780 9491 14349
1781 9506 14334
1782 9526 14314
1783 9500 14340
1784 9539 14301
1785 9551 14289
1786 9534 14306
1787 9525 14315
1788 9531 14309
1789 9551 14289
1790 9543 14297
1791 9515 14325
1792 9479 14361
1793 9479 14361
1794 9521 14319
1795 9500 14340
1796 9501 14339
1797 9503 14337
1798 9524 14316
1799 9518 14322
1800 9539 14301
1801 9488 14352
1802 9501 14339
1803 9513 14327
1804 9519 14321
1805 9522 14318
1806 9520 14320
1807 9527 14313
1808 9460 14380
1809 9456 14384
1810 9464 14376
1811 9452 14388
1812 9507 14333
1813 9522 14318
1814 9544 14296
1815 9558 14282
1816 9554 14286
1817 9549 14291
1818 9534 14306
1819 9524 14316
1820 9517 14323
1821 9496 14344
1822 9512 14328
1823 9514 14326
1824 9519 14321
1825 9518 14322
1826 9483 14357
1827 9462 14378
1828 9479 14361
1829 9479 14361
1830 9511 14329
1831 9505 14335
1832 9498 14342
1833 9499 14341
1834 9481 14359
1835 9504 14336
1836 9533 14307
1837 9543 14297
1838 9542 14298
1839 9553 14287
1840 9570 14270
1841 9558 14282
1842 9561 14279
1843 9533 14307
1844 9535 14305
1845 9476 14364
1846 9496 14344
1847 9529 14311
1848 9538 14302
1849 9483 14357
1850 9517 14323
1851 9505 14335
1852 9482 14358
1853 9484 14356
1854 9478 14362
1855 9515 14325
1856 9499 14341
1857 9519 14321
1858 9563 14277
1859 9546 14294
1860 9520 14320
1861 9489 14351
1862 9483 14357
1863 9465 14375
1864 9484 14356
1865 9501 14339
1866 9499 14341
1867 9514 14326
1868 9490 14350
1869 9525 14315
1870 9506 14334
1871 9496 14344
1872 9500 14340
1873 9496 14344
1874 9528 14312
1875 9555 14285
1876 9543 14297
1877 9532 14308
1878 9496 14344
1879 9463 14377
1880 9412 14428
1881 9406 14434
1882 9416 14424
1883 9456 14384
1884 9437 14403
1885 9430 14410
1886 9464 14376
1887 9448 14392
1888 9410 14430
1889 9419 14421
1890 9442 14398
1891 9453 14387
1892 9485 14355
1893 9491 14349
1894 9474 14366
1895 9490 14350
1896 9477 14363
1897 9494 14346
1898 9493 14347
1899 9517 14323
1900 9511 14329
1901 9514 14326
1902 9517 14323
1903 9508 14332
1904 9509 14331
1905 9483 14357
1906 9471 14369
1907 9475 14365
1908 9444 14396
1909 9459 14381
1910 9443 14397
1911 9422 14418
1912 9442 14398
1913 9452 14388
1914 9501 14339
1915 9548 14292
1916 9523 14317
1917 9524 14316
1918 9487 14353
1919 9524 14316
1920 9540 14300
1921 9503 14337
1922 9546 14294
1923 9551 14289
1924 9573 14267
1925 9564 14276
1926 9545 14295
1927 9537 14303
1928 9556 14284
1929 9544 14296
1930 9509 14331
1931 9499 14341
1932 9502 14338
1933 9503 14337
1934 9505 14335
1935 9521 14319
1936 9543 14297
1937 9523 14317
1938 9528 14312
1939 9549 14291
1940 9491 14349
1941 9520 14320
1942 9513 14327
1943 9516 14324
1944 9492 14348
1945 9508 14332
1946 9486 14354
1947 9471 14369
1948 9484 14356
1949 9481 14359
1950 9454 14386
1951 9462 14378
1952 9486 14354
1953 9484 14356
1954 9502 14338
1955 9479 14361
1956 9495 14345
1957 9504 14336
1958 9554 14286
1959 9514 14326
1960 9510 14330
1961 9507 14333
1962 9461 14379
1963 9482 14358
1964 9462 14378
1965 9450 14390
1966 9450 14390
1967 9457 14383
1968 9498 14342
1969 9481 14359
1970 9501 14339
1971 9494 14346
1972 9537 14303
1973 9522 14318
1974 9509 14331
1975 9495 14345
1976 9459 14381
1977 9473 14367
1978 9489 14351
1979 9474 14366
1980 9476 14364
1981 9451 14389
1982 9459 14381
1983 9461 14379
1984 9451 14389
1985 9471 14369
1986 9480 14360
1987 9480 14360
1988 9450 14390
1989 9465 14375
1990 9424 14416
1991 9446 14394
1992 9454 14386
1993 9477 14363
1994 9457 14383
1995 9449 14391
1996 9467 14373
1997 9462 14378
1998 9496 14344
1999 9484 14356
2000 9484 14356
2001 9511 14329
2002 9498 14342
2003 9539 14301
2004 9518 14322
2005 9488 14352
2006 9480 14360
2007 9438 14402
2008 9443 14397
2009 9436 14404
2010 9451 14389
2011 9450 14390
2012 9442 14398
2013 9443 14397
2014 9463 14377
2015 9413 14427
2016 9431 14409
2017 9433 14407
2018 9448 14392
2019 9434 14406
2020 9465 14375
2021 9461 14379
2022 9455 14385
2023 9461 14379
2024 9444 14396
2025 9435 14405
2026 9430 14410
2027 9420 14420
2028 9433 14407
2029 9455 14385
2030 9455 14385
2031 9434 14406
2032 9416 14424
2033 9442 14398
2034 9435 14405
2035 9437 14403
2036 9432 14408
2037 9436 14404
2038 9401 14439
2039 9380 14460
2040 9384 14456
2041 9426 14414
2042 9398 14442
2043 9407 14433
2044 9395 14445
2045 9414 14426
2046 9432 14408
2047 9438 14402
2048 9434 14406
2049 9412 14428
2050 9414 14426
2051 9393 14447
2052 9404 14436
2053 9399 14441
2054 9407 14433
2055 9377 14463
2056 9364 14476
2057 9399 14441
2058 9443 14397
2059 9456 14384
2060 9454 14386
2061 9455 14385
2062 9444 14396
2063 9427 14413
2064 9441 14399
2065 9442 14398
2066 9438 14402
2067 9435 14405
2068 9441 14399
2069 9445 14395
2070 9453 14387
2071 9489 14351
2072 9507 14333
2073 9505 14335
2074 9521 14319
2075 9529 14311
2076 9535 14305
2077 9528 14312
2078 9550 14290
2079 9517 14323
2080 9535 14305
2081 9512 14328
2082 9487 14353
2083 9520 14320
2084 9523 14317
2085 9502 14338
2086 9457 14383
2087 9508 14332
2088 9509 14331
2089 9508 14332
2090 9490 14350
2091 9489 14351
2092 9435 14405
2093 9411 14429
2094 9404 14436
2095 9431 14409
2096 9459 14381
2097 9474 14366
2098 9442 14398
2099 9442 14398
2100 9446 14394
2101 9456 14384
2102 9448 14392
2103 9440 14400
2104 9457 14383
2105 9444 14396
2106 9439 14401
2107 9445 14395
2108 9468 14372
2109 9452 14388
2110 9419 14421
2111 9473 14367
2112 9440 14400
2113 9453 14387
2114 9487 14353
2115 9515 14325
2116 9492 14348
2117 9470 14370
2118 9470 14370
2119 9459 14381
2120 9506 14334
2121 9458 14382
2122 9469 14371
2123 9441 14399
2124 9457 14383
2125 9469 14371
2126 9470 14370
2127 9466 14374
2128 9470 14370
2129 9452 14388
2130 9463 14377
2131 9512 14328
2132 9520 14320
2133 9512 14328
2134 9478 14362
2135 9505 14335
2136 9505 14335
2137 9476 14364
2138 9526 14314
2139 9457 14383
2140 9422 14418
2141 9440 14400
2142 9441 14399
2143 9432 14408
2144 9435 14405
2145 9415 14425
2146 9428 14412
2147 9430 14410
2148 9424 14416
2149 9418 14422
2150 9434 14406
2151 9429 14411
2152 9459 14381
2153 9473 14367
2154 9449 14391
2155 9456 14384
2156 9448 14392
2157 9444 14396
2158 9466 14374
2159 9448 14392
2160 9452 14388
2161 9482 14358
2162 9504 14336
2163 9536 14304
2164 9549 14291
2165 9515 14325
2166 9516 14324
2167 9513 14327
2168 9497 14343
2169 9472 14368
2170 9489 14351
2171 9489 14351
2172 9445 14395
2173 9474 14366
2174 9445 14395
2175 9448 14392
2176 9421 14419
2177 9428 14412
2178 9408 14432
2179 9422 14418
2180 9411 14429
2181 9403 14437
2182 9439 14401
2183 9377 14463
2184 9393 14447
2185 9364 14476
2186 9363 14477
2187 9401 14439
2188 9459 14381
2189 9428 14412
2190 9411 14429
2191 9374 14466
2192 9399 14441
2193 9357 14483
2194 9353 14487
2195 9337 14503
2196 9339 14501
2197 9348 14492
2198 9339 14501
2199 9319 14521
2200 9378 14462
2201 9406 14434
2202 9380 14460
2203 9371 14469
2204 9315 14525
2205 9343 14497
2206 9333 14507
2207 9350 14490
2208 9345 14495
2209 9313 14527
2210 9328 14512
2211 9345 14495
2212 9333 14507
2213 9303 14537
2214 9324 14516
2215 9367 14473
2216 9341 14499
2217 9350 14490
2218 9362 14478
2219 9344 14496
2220 9330 14510
2221 9370 14470
2222 9403 14437
2223 9417 14423
2224 9409 14431
2225 9392 14448
2226 9397 14443
2227 9394 14446
2228 9402 14438
2229 9378 14462
2230 9354 14486
2231 9360 14480
2232 9366 14474
2233 9350 14490
2234 9357 14483
2235 9334 14506
2236 9329 14511
2237 9329 14511
2238 9329 14511
2239 9351 14489
2240 9361 14479
2241 9363 14477
2242 9379 14461
2243 9442 14398
2244 9430 14410
2245 9428 14412
2246 9401 14439
2247 9414 14426
2248 9413 14427
2249 9429 14411
2250 9408 14432
2251 9414 14426
2252 9422 14418
2253 9453 14387
2254 9449 14391
2255 9444 14396
2256 9481 14359
2257 9514 14326
2258 9466 14374
2259 9468 14372
2260 9446 14394
2261 9472 14368
2262 9449 14391
2263 9422 14418
2264 9455 14385
2265 9462 14378
2266 9423 14417
2267 9392 14448
2268 9435 14405
2269 9450 14390
2270 9450 14390
2271 9456 14384
2272 9460 14380
2273 9430 14410
2274 9427 14413
2275 9432 14408
2276 9412 14428
2277 9391 14449
2278 9425 14415
2279 9385 14455
2280 9408 14432
2281 9439 14401
2282 9433 14407
2283 9421 14419
2284 9384 14456
2285 9372 14468
2286 9402 14438
2287 9361 14479
2288 9337 14503
2289 9294 14546
2290 9320 14520
2291 9355 14485
2292 9362 14478
2293 9361 14479
2294 9382 14458
2295 9403 14437
2296 9390 14450
2297 9400 14440
2298 9355 14485
2299 9358 14482
2300 9368 14472
2301 9379 14461
2302 9415 14425
2303 9427 14413
2304 9413 14427
2305 9402 14438
2306 9405 14435
2307 9411 14429
2308 9419 14421
2309 9431 14409
2310 9435 14405
2311 9452 14388
2312 9465 14375
2313 9450 14390
2314 9431 14409
2315 9400 14440
2316 9403 14437
2317 9406 14434
2318 9434 14406
2319 9397 14443
2320 9410 14430
2321 9428 14412
2322 9449 14391
2323 9454 14386
2324 9430 14410
2325 9402 14438
2326 9395 14445
2327 9423 14417
2328 9391 14449
2329 9391 14449
2330 9407 14433
2331 9415 14425
2332 9393 14447
2333 9387 14453
2334 9395 14445
2335 9406 14434
2336 9420 14420
2337 9459 14381
2338 9445 14395
2339 9436 14404
2340 9445 14395
2341 9466 14374
2342 9445 14395
2343 9451 14389
2344 9463 14377
2345 9440 14400
2346 9474 14366
2347 9465 14375
2348 9431 14409
2349 9427 14413
2350 9413 14427
2351 9422 14418
2352 9367 14473
2353 9378 14462
2354 9362 14478
2355 9370 14470
2356 9375 14465
2357 9389 14451
2358 9404 14436
2359 9426 14414
2360 9398 14442
2361 9399 14441
2362 9394 14446
2363 9387 14453
2364 9420 14420
2365 9398 14442
2366 9415 14425
2367 9387 14453
2368 9433 14407
2369 9422 14418
2370 9437 14403
2371 9445 14395
2372 9418 14422
2373 9432 14408
2374 9452 14388
2375 9418 14422
2376 9427 14413
2377 9407 14433
2378 9408 14432
2379 9373 14467
2380 9362 14478
2381 9375 14465
2382 9409 14431
2383 9367 14473
2384 9365 14475
2385 9370 14470
2386 9410 14430
2387 9395 14445
2388 9383 14457
2389 9418 14422
2390 9414 14426
2391 9428 14412
2392 9394 14446
2393 9411 14429
2394 9436 14404
2395 9407 14433
2396 9454 14386
2397 9425 14415
2398 9407 14433
2399 9424 14416
2400 9432 14408
2401 9460 14380
2402 9423 14417
2403 9433 14407
2404 9410 14430
2405 9434 14406
2406 9440 14400
2407 9416 14424
2408 9419 14421
2409 9429 14411
2410 9427 14413
2411 9442 14398
2412 9392 14448
2413 9368 14472
2414 9344 14496
2415 9388 14452
2416 9372 14468
2417 9455 14385
2418 9454 14386
2419 9465 14375
2420 9489 14351
2421 9490 14350
2422 9488 14352
2423 9499 14341
2424 9515 14325
2425 9480 14360
2426 9501 14339
2427 9483 14357
2428 9464 14376
2429 9476 14364
2430 9482 14358
2431 9482 14358
2432 9499 14341
2433 9485 14355
2434 9473 14367
2435 9443 14397
2436 9413 14427
2437 9400 14440
2438 9424 14416
2439 9422 14418
2440 9436 14404
2441 9454 14386
2442 9477 14363
2443 9460 14380
2444 9477 14363
2445 9480 14360
2446 9515 14325
2447 9501 14339
2448 9514 14326
2449 9507 14333
2450 9480 14360
2451 9487 14353
2452 9471 14369
2453 9499 14341
2454 9456 14384
2455 9467 14373
2456 9497 14343
2457 9480 14360
2458 9478 14362
2459 9455 14385
2460 9450 14390
2461 9399 14441
2462 9392 14448
2463 9404 14436
2464 9428 14412
2465 9453 14387
2466 9439 14401
2467 9436 14404
2468 9464 14376
2469 9470 14370
2470 9478 14362
2471 9473 14367
2472 9472 14368
2473 9438 14402
2474 9427 14413
2475 9435 14405
2476 9457 14383
2477 9482 14358
2478 9476 14364
2479 9426 14414
2480 9412 14428
2481 9421 14419
2482 9456 14384
2483 9455 14385
2484 9490 14350
2485 9505 14335
2486 9488 14352
2487 9450 14390
2488 9492 14348
2489 9487 14353
2490 9489 14351
2491 9456 14384
2492 9483 14357
2493 9479 14361
2494 9449 14391
2495 9452 14388
2496 9474 14366
2497 9503 14337
2498 9547 14293
2499 9570 14270
2500 9507 14333
2501 9499 14341
2502 9467 14373
2503 9422 14418
2504 9452 14388
2505 9461 14379
2506 9461 14379
2507 9442 14398
2508 9439 14401
2509 9464 14376
2510 9494 14346
2511 9483 14357
2512 9492 14348
2513 9531 14309
2514 9501 14339
2515 9497 14343
2516 9456 14384
2517 9457 14383
2518 9472 14368
2519 9422 14418
2520 9413 14427
2521 9444 14396
2522 9431 14409
2523 9438 14402
2524 9462 14378
2525 9440 14400
2526 9449 14391
2527 9468 14372
2528 9464 14376
2529 9454 14386
2530 9487 14353
2531 9505 14335
2532 9509 14331
2533 9544 14296
2534 9519 14321
2535 9489 14351
2536 9532 14308
2537 9519 14321
2538 9535 14305
2539 9492 14348
2540 9484 14356
2541 9480 14360
2542 9485 14355
2543 9500 14340
2544 9462 14378
2545 9458 14382
2546 9433 14407
2547 9434 14406
2548 9444 14396
2549 9448 14392
2550 9435 14405
2551 9421 14419
2552 9414 14426
2553 9414 14426
2554 9450 14390
2555 9444 14396
2556 9476 14364
2557 9471 14369
2558 9478 14362
2559 9479 14361
2560 9464 14376
2561 9481 14359
2562 9437 14403
2563 9463 14377
2564 9470 14370
2565 9472 14368
2566 9531 14309
2567 9527 14313
2568 9510 14330
2569 9500 14340
2570 9461 14379
2571 9503 14337
2572 9492 14348
2573 9495 14345
2574 9495 14345
2575 9480 14360
2576 9454 14386
2577 9460 14380
2578 9447 14393
2579 9494 14346
2580 9483 14357
2581 9444 14396
2582 9443 14397
2583 9423 14417
2584 9443 14397
2585 9417 14423
2586 9420 14420
2587 9469 14371
2588 9472 14368
2589 9481 14359
2590 9457 14383
2591 9417 14423
2592 9404 14436
2593 9448 14392
2594 9443 14397
2595 9446 14394
2596 9451 14389
2597 9469 14371
2598 9474 14366
2599 9469 14371
2600 9480 14360
2601 9467 14373
2602 9485 14355
2603 9471 14369
2604 9457 14383
2605 9470 14370
2606 9480 14360
2607 9462 14378
2608 9461 14379
2609 9472 14368
2610 9472 14368
2611 9457 14383
2612 9447 14393
2613 9417 14423
2614 9457 14383
2615 9458 14382
2616 9403 14437
2617 9443 14397
2618 9472 14368
2619 9443 14397
2620 9453 14387
2621 9474 14366
2622 9487 14353
2623 9458 14382
2624 9447 14393
2625 9458 14382
2626 9474 14366
2627 9475 14365
2628 9464 14376
2629 9468 14372
2630 9470 14370
2631 9471 14369
2632 9454 14386
2633 9452 14388
2634 9445 14395
2635 9446 14394
2636 9406 14434
2637 9482 14358
2638 9446 14394
2639 9491 14349
2640 9494 14346
2641 9499 14341
2642 9487 14353
2643 9497 14343
2644 9511 14329
2645 9461 14379
2646 9466 14374
2647 9486 14354
2648 9474 14366
2649 9480 14360
2650 9470 14370
2651 9477 14363
2652 9450 14390
2653 9429 14411
2654 9431 14409
2655 9458 14382
2656 9437 14403
2657 9408 14432
2658 9374 14466
2659 9396 14444
2660 9429 14411
2661 9435 14405
2662 9412 14428
2663 9426 14414
2664 9431 14409
2665 9421 14419
2666 9409 14431
2667 9415 14425
2668 9440 14400
2669 9397 14443
2670 9402 14438
2671 9422 14418
2672 9411 14429
2673 9439 14401
2674 9425 14415
2675 9437 14403
2676 9417 14423
2677 9426 14414
2678 9400 14440
2679 9451 14389
2680 9409 14431
2681 9418 14422
2682 9464 14376
2683 9450 14390
2684 9458 14382
2685 9445 14395
2686 9436 14404
2687 9447 14393
2688 9436 14404
2689 9457 14383
2690 9472 14368
2691 9443 14397
2692 9421 14419
2693 9413 14427
2694 9350 14490
2695 9350 14490
2696 9342 14498
2697 9360 14480
2698 9356 14484
2699 9339 14501
2700 9337 14503
2701 9334 14506
2702 9333 14507
2703 9327 14513
2704 9327 14513
2705 9343 14497
2706 9355 14485
2707 9391 14449
2708 9406 14434
2709 9388 14452
2710 9386 14454
2711 9368 14472
2712 9406 14434
2713 9420 14420
2714 9419 14421
2715 9446 14394
2716 9428 14412
2717 9415 14425
2718 9410 14430
2719 9420 14420
2720 9402 14438
2721 9392 14448
2722 9401 14439
2723 9383 14457
2724 9399 14441
2725 9414 14426
2726 9420 14420
2727 9405 14435
2728 9435 14405
2729 9405 14435
2730 9409 14431
2731 9411 14429
2732 9408 14432
2733 9422 14418
2734 9441 14399
2735 9452 14388
2736 9416 14424
2737 9413 14427
2738 9392 14448
2739 9395 14445
2740 9433 14407
2741 9443 14397
2742 9431 14409
2743 9432 14408
2744 9416 14424
2745 9436 14404
2746 9399 14441
2747 9363 14477
2748 9364 14476
2749 9365 14475
2750 9403 14437
2751 9405 14435
2752 9431 14409
2753 9457 14383
2754 9428 14412
2755 9431 14409
2756 9417 14423
2757 9412 14428
2758 9395 14445
2759 9385 14455
2760 9355 14485
2761 9372 14468
2762 9381 14459
2763 9378 14462
2764 9401 14439
2765 9427 14413
2766 9456 14384
2767 9429 14411
2768 9433 14407
2769 9437 14403
2770 9471 14369
2771 9495 14345
2772 9472 14368
2773 9444 14396
2774 9440 14400
2775 9444 14396
2776 9429 14411
2777 9447 14393
2778 9458 14382
2779 9459 14381
2780 9487 14353
2781 9495 14345
2782 9487 14353
2783 9507 14333
2784 9456 14384
2785 9447 14393
2786 9449 14391
2787 9447 14393
2788 9455 14385
2789 9404 14436
2790 9372 14468
2791 9404 14436
2792 9438 14402
2793 9417 14423
2794 9431 14409
2795 9453 14387
2796 9469 14371
2797 9481 14359
2798 9436 14404
2799 9416 14424
2800 9396 14444
2801 9404 14436
2802 9424 14416
2803 9424 14416
2804 9474 14366
2805 9451 14389
2806 9439 14401
2807 9471 14369
2808 9457 14383
2809 9464 14376
2810 9503 14337
2811 9505 14335
2812 9474 14366
2813 9499 14341
2814 9498 14342
2815 9513 14327
2816 9515 14325
2817 9508 14332
2818 9486 14354
2819 9516 14324
2820 9494 14346
2821 9465 14375
2822 9461 14379
2823 9457 14383
2824 9447 14393
2825 9468 14372
2826 9461 14379
2827 9458 14382
2828 9461 14379
2829 9418 14422
2830 9430 14410
2831 9451 14389
2832 9468 14372
2833 9492 14348
2834 9464 14376
2835 9467 14373
2836 9418 14422
2837 9430 14410
2838 9409 14431
2839 9421 14419
2840 9401 14439
2841 9436 14404
2842 9438 14402
2843 9452 14388
2844 9465 14375
2845 9480 14360
2846 9511 14329
2847 9520 14320
2848 9521 14319
2849 9522 14318
2850 9508 14332
2851 9493 14347
2852 9501 14339
2853 9449 14391
2854 9453 14387
2855 9500 14340
2856 9488 14352
2857 9474 14366
2858 9520 14320
2859 9473 14367
2860 9473 14367
2861 9466 14374
2862 9480 14360
2863 9445 14395
2864 9452 14388
2865 9429 14411
2866 9404 14436
2867 9371 14469
2868 9379 14461
2869 9372 14468
2870 9362 14478
2871 9393 14447
2872 9405 14435
2873 9408 14432
2874 9398 14442
2875 9432 14408
2876 9423 14417
2877 9408 14432
2878 9389 14451
2879 9415 14425
2880 9386 14454
2881 9400 14440
2882 9408 14432
2883 9408 14432
2884 9407 14433
2885 9389 14451
2886 9390 14450
2887 9413 14427
2888 9406 14434
2889 9362 14478
2890 9368 14472
2891 9399 14441
2892 9363 14477
2893 9381 14459
2894 9374 14466
2895 9373 14467
2896 9367 14473
2897 9349 14491
2898 9354 14486
2899 9365 14475
2900 9356 14484
2901 9359 14481
2902 9354 14486
2903 9338 14502
2904 9359 14481
2905 9369 14471
2906 9401 14439
2907 9390 14450
2908 9414 14426
2909 9418 14422
2910 9416 14424
2911 9419 14421
2912 9407 14433
2913 9429 14411
2914 9432 14408
2915 9453 14387
2916 9488 14352
2917 9454 14386
2918 9482 14358
2919 9507 14333
2920 9496 14344
2921 9472 14368
2922 9526 14314
2923 9517 14323
2924 9524 14316
2925 9546 14294
2926 9568 14272
2927 9569 14271
2928 9578 14262
2929 9556 14284
2930 9554 14286
2931 9558 14282
2932 9521 14319
2933 9546 14294
2934 9567 14273
2935 9558 14282
2936 9581 14259
2937 9571 14269
2938 9527 14313
2939 9544 14296
2940 9547 14293
2941 9534 14306
2942 9583 14257
2943 9566 14274
2944 9547 14293
2945 9509 14331
2946 9492 14348
2947 9481 14359
2948 9501 14339
2949 9502 14338
2950 9485 14355
2951 9492 14348
2952 9503 14337
2953 9468 14372
2954 9490 14350
2955 9463 14377
2956 9407 14433
2957 9414 14426
2958 9450 14390
2959 9446 14394
2960 9441 14399
2961 9408 14432
2962 9408 14432
2963 9404 14436
2964 9398 14442
2965 9385 14455
2966 9398 14442
2967 9425 14415
2968 9410 14430
2969 9388 14452
2970 9351 14489
2971 9380 14460
2972 9375 14465
2973 9364 14476
2974 9377 14463
2975 9369 14471
2976 9353 14487
2977 9342 14498
2978 9356 14484
2979 9358 14482
2980 9399 14441
2981 9359 14481
2982 9350 14490
2983 9345 14495
2984 9320 14520
2985 9335 14505
2986 9331 14509
2987 9365 14475
2988 9385 14455
2989 9372 14468
2990 9399 14441
2991 9409 14431
2992 9399 14441
2993 9380 14460
2994 9372 14468
2995 9395 14445
2996 9365 14475
2997 9334 14506
2998 9347 14493
2999 9341 14499
3000 9363 14477
