0 1979 195 0 0 0 0 0 0 0 0 0 0 0 0 0 0
1 11646 195 195 0 0 0 0 0 0 0 0 0 0 0 0 0
2 11644 196 196 0 0 0 0 0 0 0 0 0 0 0 0 0
3 11644 196 196 0 0 0 0 0 0 0 0 0 0 0 0 0
4 11642 197 197 0 0 0 0 0 0 0 0 0 0 0 0 0
5 11640 198 198 0 0 0 0 0 0 0 0 0 0 0 0 0
6 11642 197 197 0 0 0 0 0 0 0 0 0 0 0 0 0
7 11640 198 198 0 0 0 0 0 0 0 0 0 0 0 0 0
8 11642 197 197 0 0 0 0 0 0 0 0 0 0 0 0 0
9 11644 196 196 0 0 0 0 0 0 0 0 0 0 0 0 0
10 11644 196 196 0 0 0 0 0 0 0 0 0 0 0 0 0
11 11644 196 196 0 0 0 0 0 0 0 0 0 0 0 0 0
12 11650 193 193 0 0 0 0 0 0 0 0 0 0 0 0 0
13 11646 195 195 0 0 0 0 0 0 0 0 0 0 0 0 0
14 11646 195 195 0 0 0 0 0 0 0 0 0 0 0 0 0
15 11648 194 194 0 0 0 0 0 0 0 0 0 0 0 0 0
16 11654 191 191 0 0 0 0 0 0 0 0 0 0 0 0 0
17 11652 192 192 0 0 0 0 0 0 0 0 0 0 0 0 0
18 11654 191 191 0 0 0 0 0 0 0 0 0 0 0 0 0
19 11652 192 192 0 0 0 0 0 0 0 0 0 0 0 0 0
20 11650 193 193 0 0 0 0 0 0 0 0 0 0 0 0 0
21 11650 193 193 0 0 0 0 0 0 0 0 0 0 0 0 0
22 11647 194 194 1 0 0 0 0 0 0 0 0 0 0 0 0
23 11651 192 192 1 0 0 0 0 0 0 0 0 0 0 0 0
24 11649 193 193 1 0 0 0 0 0 0 0 0 0 0 0 0
25 11643 196 196 1 0 0 0 0 0 0 0 0 0 0 0 0
26 11637 199 199 1 0 0 0 0 0 0 0 0 0 0 0 0
27 11631 202 202 1 0 0 0 0 0 0 0 0 0 0 0 0
28 11625 205 205 1 0 0 0 0 0 0 0 0 0 0 0 0
29 11619 208 208 1 0 0 0 0 0 0 0 0 0 0 0 0
30 11619 208 208 1 0 0 0 0 0 0 0 0 0 0 0 0
31 11611 212 212 1 0 0 0 0 0 0 0 0 0 0 0 0
32 11613 211 211 1 0 0 0 0 0 0 0 0 0 0 0 0
33 11607 214 214 1 0 0 0 0 0 0 0 0 0 0 0 0
34 11609 213 213 1 0 0 0 0 0 0 0 0 0 0 0 0
35 11601 217 217 1 0 0 0 0 0 0 0 0 0 0 0 0
36 11597 219 219 1 0 0 0 0 0 0 0 0 0 0 0 0
37 11592 222 222 0 0 0 0 0 0 0 0 0 0 0 0 0
38 11588 224 224 0 0 0 0 0 0 0 0 0 0 0 0 0
39 11576 230 230 0 0 0 0 0 0 0 0 0 0 0 0 0
40 11576 230 230 0 0 0 0 0 0 0 0 0 0 0 0 0
41 11566 235 235 0 0 0 0 0 0 0 0 0 0 0 0 0
42 11556 240 240 0 0 0 0 0 0 0 0 0 0 0 0 0
43 11556 240 240 0 0 0 0 0 0 0 0 0 0 0 0 0
44 11550 243 243 0 0 0 0 0 0 0 0 0 0 0 0 0
45 11544 246 246 0 0 0 0 0 0 0 0 0 0 0 0 0
46 11533 251 251 1 0 0 0 0 0 0 0 0 0 0 0 0
47 11513 261 261 1 0 0 0 0 0 0 0 0 0 0 0 0
48 11502 266 266 2 0 0 0 0 0 0 0 0 0 0 0 0
49 11495 270 270 1 0 0 0 0 0 0 0 0 0 0 0 0
50 11483 276 276 1 0 0 0 0 0 0 0 0 0 0 0 0
51 11480 277 277 2 0 0 0 0 0 0 0 0 0 0 0 0
52 11472 281 281 2 0 0 0 0 0 0 0 0 0 0 0 0
53 11452 291 291 2 0 0 0 0 0 0 0 0 0 0 0 0
54 11433 300 300 3 0 0 0 0 0 0 0 0 0 0 0 0
55 11421 306 306 3 0 0 0 0 0 0 0 0 0 0 0 0
56 11417 307 307 5 0 0 0 0 0 0 0 0 0 0 0 0
57 11405 313 313 5 0 0 0 0 0 0 0 0 0 0 0 0
58 11390 320 320 6 0 0 0 0 0 0 0 0 0 0 0 0
59 11378 326 326 6 0 0 0 0 0 0 0 0 0 0 0 0
60 11358 336 336 6 0 0 0 0 0 0 0 0 0 0 0 0
61 11354 338 338 6 0 0 0 0 0 0 0 0 0 0 0 0
62 11338 345 345 8 0 0 0 0 0 0 0 0 0 0 0 0
63 11329 349 349 9 0 0 0 0 0 0 0 0 0 0 0 0
64 11329 349 349 9 0 0 0 0 0 0 0 0 0 0 0 0
65 11318 354 354 10 0 0 0 0 0 0 0 0 0 0 0 0
66 11306 360 360 10 0 0 0 0 0 0 0 0 0 0 0 0
67 11298 364 364 10 0 0 0 0 0 0 0 0 0 0 0 0
68 11287 370 370 9 0 0 0 0 0 0 0 0 0 0 0 0
69 11276 375 375 10 0 0 0 0 0 0 0 0 0 0 0 0
70 11261 382 382 11 0 0 0 0 0 0 0 0 0 0 0 0
71 11245 389 389 13 0 0 0 0 0 0 0 0 0 0 0 0
72 11226 398 398 14 0 0 0 0 0 0 0 0 0 0 0 0
73 11212 405 405 14 0 0 0 0 0 0 0 0 0 0 0 0
74 11209 407 407 13 0 0 0 0 0 0 0 0 0 0 0 0
75 11193 415 415 13 0 0 0 0 0 0 0 0 0 0 0 0
76 11169 427 427 13 0 0 0 0 0 0 0 0 0 0 0 0
77 11155 434 434 13 0 0 0 0 0 0 0 0 0 0 0 0
78 11139 441 441 15 0 0 0 0 0 0 0 0 0 0 0 0
79 11128 445 445 18 0 0 0 0 0 0 0 0 0 0 0 0
80 11110 452 452 22 0 0 0 0 0 0 0 0 0 0 0 0
81 11108 453 453 22 0 0 0 0 0 0 0 0 0 0 0 0
82 11100 457 457 22 0 0 0 0 0 0 0 0 0 0 0 0
83 11083 465 465 23 0 0 0 0 0 0 0 0 0 0 0 0
84 11077 468 468 23 0 0 0 0 0 0 0 0 0 0 0 0
85 11071 471 471 23 0 0 0 0 0 0 0 0 0 0 0 0
86 11064 475 475 22 0 0 0 0 0 0 0 0 0 0 0 0
87 11053 480 480 23 0 0 0 0 0 0 0 0 0 0 0 0
88 11041 486 486 23 0 0 0 0 0 0 0 0 0 0 0 0
89 11033 490 490 23 0 0 0 0 0 0 0 0 0 0 0 0
90 11027 493 493 23 0 0 0 0 0 0 0 0 0 0 0 0
91 11020 496 496 24 0 0 0 0 0 0 0 0 0 0 0 0
92 11012 500 500 24 0 0 0 0 0 0 0 0 0 0 0 0
93 11005 503 503 25 0 0 0 0 0 0 0 0 0 0 0 0
94 11007 502 502 25 0 0 0 0 0 0 0 0 0 0 0 0
95 11005 503 503 25 0 0 0 0 0 0 0 0 0 0 0 0
96 10993 509 509 25 0 0 0 0 0 0 0 0 0 0 0 0
97 10992 509 509 24 0 0 0 1 0 0 0 1 0 0 0 0
98 10988 511 511 24 0 0 0 1 0 0 0 1 0 0 0 0
99 10982 514 514 24 0 0 0 1 0 0 0 1 0 0 0 0
100 10976 517 517 24 0 0 0 1 0 0 0 1 0 0 0 0
101 10973 518 518 25 0 0 0 1 0 0 0 1 0 0 0 0
102 10972 519 518 23 0 0 1 1 0 0 0 2 0 0 0 0
103 10956 527 526 23 0 0 1 1 0 0 0 2 0 0 0 0
104 10948 531 529 22 0 0 2 1 0 0 0 3 0 0 0 0
105 10942 534 532 22 0 0 2 1 0 0 0 3 0 0 0 0
106 10932 539 537 22 0 0 2 1 0 0 0 3 0 0 0 0
107 10925 543 541 21 0 0 2 1 0 0 0 3 0 0 0 0
108 10924 543 541 22 0 0 2 1 0 0 0 3 0 0 0 0
109 10921 544 542 23 0 0 2 1 0 0 0 3 0 0 0 0
110 10919 545 543 23 0 0 2 1 0 0 0 3 0 0 0 0
111 10919 545 543 23 0 0 2 1 0 0 0 3 0 0 0 0
112 10917 546 544 23 0 0 2 1 0 0 0 3 0 0 0 0
113 10909 550 548 23 0 0 2 1 0 0 0 3 0 0 0 0
114 10906 551 550 23 0 0 2 1 0 1 0 2 0 0 0 0
115 10893 558 557 22 0 0 2 1 0 1 0 2 0 0 0 0
116 10887 561 560 22 0 0 2 1 0 1 0 2 0 0 0 0
117 10883 563 562 22 0 0 2 1 0 1 0 2 0 0 0 0
118 10872 568 567 23 0 0 2 1 0 1 0 2 0 0 0 0
119 10868 570 569 23 0 0 2 1 0 1 0 2 0 0 0 0
120 10865 572 571 22 0 0 2 1 0 1 0 2 0 0 0 0
121 10859 575 573 21 0 0 3 1 0 1 0 3 0 0 0 0
122 10858 574 572 24 0 0 3 1 0 1 0 3 0 0 0 0
123 10855 576 574 23 0 0 3 1 0 1 0 3 0 0 0 0
124 10852 578 576 22 0 0 3 1 0 1 0 3 0 0 0 0
125 10850 579 577 22 0 0 3 1 0 1 0 3 0 0 0 0
126 10843 582 580 23 0 0 3 1 0 1 0 3 0 0 0 0
127 10832 588 586 22 0 0 3 1 0 1 0 3 0 0 0 0
128 10834 587 585 22 0 0 3 1 0 1 0 3 0 0 0 0
129 10834 587 585 22 0 0 3 1 0 1 0 3 0 0 0 0
130 10844 582 580 22 0 0 3 1 0 1 0 3 0 0 0 0
131 10842 583 581 22 0 0 3 1 0 1 0 3 0 0 0 0
132 10830 588 586 24 0 0 3 1 0 1 0 3 0 0 0 0
133 10822 592 590 24 0 0 3 1 0 1 0 3 0 0 0 0
134 10829 589 587 23 0 0 3 1 0 1 0 3 0 0 0 0
135 10823 592 590 23 0 0 3 1 0 1 0 3 0 0 0 0
136 10817 596 594 21 0 0 3 1 0 1 0 3 0 0 0 0
137 10809 600 598 21 0 0 3 1 0 1 0 3 0 0 0 0
138 10805 602 600 21 0 0 3 1 0 1 0 3 0 0 0 0
139 10803 603 601 21 0 0 3 1 0 1 0 3 0 0 0 0
140 10803 602 600 23 0 0 3 1 0 1 0 3 0 0 0 0
141 10794 606 604 24 0 0 3 1 0 1 0 3 0 0 0 0
142 10803 602 600 23 0 0 3 1 0 1 0 3 0 0 0 0
143 10802 603 601 22 0 0 3 1 0 1 0 3 0 0 0 0
144 10806 601 599 22 0 0 3 1 0 1 0 3 0 0 0 0
145 10808 600 597 21 0 0 4 1 0 1 0 4 0 0 0 0
146 10802 603 600 21 0 0 4 1 0 1 0 4 0 0 0 0
147 10797 605 602 22 0 0 4 1 0 1 0 4 0 0 0 0
148 10795 606 603 22 0 0 4 1 0 1 0 4 0 0 0 0
149 10793 607 604 22 0 0 4 1 0 1 0 4 0 0 0 0
150 10787 609 606 24 0 0 4 1 0 1 0 4 0 0 0 0
151 10779 613 610 24 0 0 4 1 0 1 0 4 0 0 0 0
152 10772 616 613 25 0 0 4 1 0 1 0 4 0 0 0 0
153 10767 618 615 26 0 0 4 1 0 1 0 4 0 0 0 0
154 10769 616 614 27 0 0 4 1 0 2 0 3 0 0 0 0
155 10771 614 612 29 0 0 4 1 0 2 0 3 0 0 0 0
156 10775 612 610 29 0 0 4 1 0 2 0 3 0 0 0 0
157 10768 616 614 28 0 0 4 1 0 2 0 3 0 0 0 0
158 10766 617 615 28 0 0 4 1 0 2 0 3 0 0 0 0
159 10767 616 614 29 0 0 4 1 0 2 0 3 0 0 0 0
160 10766 616 614 30 0 0 4 1 0 2 0 3 0 0 0 0
161 10766 616 614 30 0 0 4 1 0 2 0 3 0 0 0 0
162 10770 614 612 30 0 0 4 1 0 2 0 3 0 0 0 0
163 10766 616 614 30 0 0 4 1 0 2 0 3 0 0 0 0
164 10755 621 619 31 0 0 4 1 0 2 0 3 0 0 0 0
165 10750 624 622 30 0 0 4 1 0 2 0 3 0 0 0 0
166 10740 628 626 32 0 0 4 1 0 2 0 3 0 0 0 0
167 10735 631 629 31 0 0 4 1 0 2 0 3 0 0 0 0
168 10739 629 627 31 0 0 4 1 0 2 0 3 0 0 0 0
169 10732 632 630 32 0 0 4 1 0 2 0 3 0 0 0 0
170 10726 635 633 32 0 0 4 1 0 2 0 3 0 0 0 0
171 10727 635 633 31 0 0 4 1 0 2 0 3 0 0 0 0
172 10721 638 636 31 0 0 4 1 0 2 0 3 0 0 0 0
173 10722 637 635 32 0 0 4 1 0 2 0 3 0 0 0 0
174 10725 635 633 33 0 0 4 1 0 2 0 3 0 0 0 0
175 10727 634 632 33 0 0 4 1 0 2 0 3 0 0 0 0
176 10739 629 627 31 0 0 4 1 0 2 0 3 0 0 0 0
177 10737 630 627 32 0 0 5 0 0 2 0 3 0 0 0 0
178 10739 629 626 32 0 0 5 0 0 2 0 3 0 0 0 0
179 10740 628 625 33 0 0 5 0 0 2 0 3 0 0 0 0
180 10728 634 631 33 0 0 5 0 0 2 0 3 0 0 0 0
181 10727 634 631 34 0 0 5 0 0 2 0 3 0 0 0 0
182 10737 629 626 34 0 0 5 0 0 2 0 3 0 0 0 0
183 10744 626 623 33 0 0 5 0 0 2 0 3 0 0 0 0
184 10740 628 625 33 0 0 5 0 0 2 0 3 0 0 0 0
185 10729 634 631 32 0 0 5 0 0 2 0 3 0 0 0 0
186 10728 634 631 33 0 0 5 0 0 2 0 3 0 0 0 0
187 10722 637 634 33 0 0 5 0 0 2 0 3 0 0 0 0
188 10731 633 630 32 0 0 5 0 0 2 0 3 0 0 0 0
189 10726 636 633 31 0 0 5 0 0 2 0 3 0 0 0 0
190 10724 637 634 31 0 0 5 0 0 2 0 3 0 0 0 0
191 10714 642 639 31 0 0 5 0 0 2 0 3 0 0 0 0
192 10703 647 644 32 0 0 5 0 0 2 0 3 0 0 0 0
193 10699 649 646 32 0 0 5 0 0 2 0 3 0 0 0 0
194 10697 650 647 32 0 0 5 0 0 2 0 3 0 0 0 0
195 10699 649 646 32 0 0 5 0 0 2 0 3 0 0 0 0
196 10691 653 650 32 0 0 5 0 0 2 0 3 0 0 0 0
197 10693 652 649 32 0 0 5 0 0 2 0 3 0 0 0 0
198 10696 650 647 33 0 0 5 0 0 2 0 3 0 0 0 0
199 10691 653 650 32 0 0 5 0 0 2 0 3 0 0 0 0
200 10693 652 649 32 0 0 5 0 0 2 0 3 0 0 0 0
201 10695 651 648 32 0 0 5 0 0 2 0 3 0 0 0 0
202 10690 653 649 32 0 0 6 0 0 2 0 4 0 0 0 0
203 10696 650 646 32 0 0 6 0 0 2 0 4 0 0 0 0
204 10696 650 646 32 0 0 6 0 0 2 0 4 0 0 0 0
205 10696 650 646 32 0 0 6 0 0 2 0 4 0 0 0 0
206 10695 650 646 33 0 0 6 0 0 2 0 4 0 0 0 0
207 10691 652 648 33 0 0 6 0 0 2 0 4 0 0 0 0
208 10686 654 650 34 0 0 6 0 0 2 0 4 0 0 0 0
209 10691 652 648 33 0 0 6 0 0 2 0 4 0 0 0 0
210 10696 649 645 34 0 0 6 0 0 2 0 4 0 0 0 0
211 10701 646 642 35 0 0 6 0 0 2 0 4 0 0 0 0
212 10699 647 643 35 0 0 6 0 0 2 0 4 0 0 0 0
213 10696 647 643 38 0 0 6 0 0 2 0 4 0 0 0 0
214 10681 655 651 37 0 0 6 0 0 2 0 4 0 0 0 0
215 10675 658 654 37 0 0 6 0 0 2 0 4 0 0 0 0
216 10675 657 653 39 0 0 6 0 0 2 0 4 0 0 0 0
217 10673 657 653 41 0 0 6 0 0 2 0 4 0 0 0 0
218 10680 653 649 42 0 0 6 0 0 2 0 4 0 0 0 0
219 10677 654 650 43 0 0 6 0 0 2 0 4 0 0 0 0
220 10676 655 650 41 0 0 7 0 0 2 0 5 0 0 0 0
221 10676 656 651 39 0 0 7 0 0 2 0 5 0 0 0 0
222 10677 655 650 40 0 0 7 0 0 2 0 5 0 0 0 0
223 10671 658 653 40 0 0 7 0 0 2 0 5 0 0 0 0
224 10665 661 656 40 0 0 7 0 0 2 0 5 0 0 0 0
225 10657 665 660 40 0 0 7 0 0 2 0 5 0 0 0 0
226 10649 669 664 40 0 0 7 0 0 2 0 5 0 0 0 0
227 10633 676 671 42 0 0 7 0 0 2 0 5 0 0 0 0
228 10634 675 670 43 0 0 7 0 0 2 0 5 0 0 0 0
229 10638 673 668 43 0 0 7 0 0 2 0 5 0 0 0 0
230 10637 674 669 42 0 0 7 0 0 2 0 5 0 0 0 0
231 10636 674 669 43 0 0 7 0 0 2 0 5 0 0 0 0
232 10631 677 672 42 0 0 7 0 0 2 0 5 0 0 0 0
233 10609 687 682 44 0 0 7 0 0 2 0 5 0 0 0 0
234 10607 687 681 45 0 0 8 0 0 2 0 6 0 0 0 0
235 10584 698 692 46 0 0 8 0 0 2 0 6 0 0 0 0
236 10576 702 696 46 0 0 8 0 0 2 0 6 0 0 0 0
237 10569 705 699 47 0 0 8 0 0 2 0 6 0 0 0 0
238 10567 706 700 47 0 0 8 0 0 2 0 6 0 0 0 0
239 10559 710 704 45 0 0 8 1 0 2 0 7 0 0 0 0
240 10558 710 704 46 0 0 8 1 0 2 0 7 0 0 0 0
241 10547 715 710 46 0 0 8 1 0 3 0 6 0 0 0 0
242 10542 718 713 45 0 0 8 1 0 3 0 6 0 0 0 0
243 10541 718 713 46 0 0 8 1 0 3 0 6 0 0 0 0
244 10533 722 717 46 0 0 8 1 0 3 0 6 0 0 0 0
245 10529 724 719 46 0 0 8 1 0 3 0 6 0 0 0 0
246 10523 727 722 46 0 0 8 1 0 3 0 6 0 0 0 0
247 10510 734 728 44 0 0 9 1 0 3 0 7 0 0 0 0
248 10504 737 731 44 0 0 9 1 0 3 0 7 0 0 0 0
249 10499 740 734 43 0 0 9 1 0 3 0 7 0 0 0 0
250 10489 744 738 45 0 0 9 1 0 3 0 7 0 0 0 0
251 10483 747 741 45 0 0 9 1 0 3 0 7 0 0 0 0
252 10480 748 742 46 0 0 9 1 0 3 0 7 0 0 0 0
253 10458 758 751 47 0 0 10 1 0 3 0 8 0 0 0 0
254 10446 763 756 49 0 0 10 1 0 3 0 8 0 0 0 0
255 10430 770 763 51 0 0 10 1 0 3 0 8 0 0 0 0
256 10422 774 767 51 0 0 10 1 0 3 0 8 0 0 0 0
257 10408 780 773 51 0 0 10 2 0 3 0 9 0 0 0 0
258 10404 782 775 51 0 0 10 2 0 3 0 9 0 0 0 0
259 10395 786 778 51 0 0 11 2 0 3 0 10 0 0 0 0
260 10382 792 783 51 0 0 12 2 0 3 0 11 0 0 0 0
261 10369 797 788 54 0 0 12 2 0 3 0 11 0 0 0 0
262 10355 802 793 58 0 0 12 2 0 3 0 11 0 0 0 0
263 10350 804 795 59 0 0 12 2 0 3 0 11 0 0 0 0
264 10347 805 796 60 0 0 12 2 0 3 0 11 0 0 0 0
265 10334 812 803 59 0 0 12 2 0 3 0 11 0 0 0 0
266 10316 819 810 63 0 0 12 2 0 3 0 11 0 0 0 0
267 10293 830 821 64 0 0 12 2 0 3 0 11 0 0 0 0
268 10280 836 827 65 0 0 12 2 0 3 0 11 0 0 0 0
269 10281 835 826 66 0 0 12 2 0 3 0 11 0 0 0 0
270 10262 844 835 65 0 0 13 2 0 4 0 11 0 0 0 0
271 10263 843 834 66 0 0 13 2 0 4 0 11 0 0 0 0
272 10258 846 837 65 0 0 13 2 0 4 0 11 0 0 0 0
273 10235 856 845 66 0 0 15 2 0 4 0 13 0 0 0 0
274 10217 865 854 66 0 0 15 2 0 4 0 13 0 0 0 0
275 10192 875 864 71 0 0 15 2 0 4 0 13 0 0 0 0
276 10172 885 874 71 0 0 15 2 0 4 0 13 0 0 0 0
277 10167 887 876 72 0 0 15 2 0 4 0 13 0 0 0 0
278 10168 887 876 71 0 0 15 2 0 4 0 13 0 0 0 0
279 10158 890 879 75 0 0 15 2 0 4 0 13 0 0 0 0
280 10145 897 886 74 0 0 15 2 0 4 0 13 0 0 0 0
281 10145 896 885 76 0 0 15 2 0 4 0 13 0 0 0 0
282 10132 902 890 76 0 0 16 2 0 4 0 14 0 0 0 0
283 10111 912 900 77 0 0 16 2 0 4 0 14 0 0 0 0
284 10105 915 902 76 0 0 17 2 0 4 0 15 0 0 0 0
285 10099 917 904 78 0 0 17 2 0 4 0 15 0 0 0 0
286 10094 919 906 79 0 0 17 2 0 4 0 15 0 0 0 0
287 10093 921 907 77 0 0 18 1 0 4 0 15 0 0 0 0
288 10098 917 903 80 0 0 18 1 0 4 0 15 0 0 0 0
289 10083 922 908 85 0 0 18 1 0 4 0 15 0 0 0 0
290 10086 921 907 84 0 0 18 1 0 4 0 15 0 0 0 0
291 10083 923 909 83 0 0 18 1 0 4 0 15 0 0 0 0
292 10079 923 909 87 0 0 18 1 0 4 0 15 0 0 0 0
293 10064 931 917 86 0 0 18 1 0 4 0 15 0 0 0 0
294 10054 935 921 88 0 0 18 1 0 4 0 15 0 0 0 0
295 10042 941 927 88 0 0 18 1 0 4 0 15 0 0 0 0
296 10048 938 924 88 0 0 18 1 0 4 0 15 0 0 0 0
297 10040 942 928 88 0 0 18 1 0 4 0 15 0 0 0 0
298 10034 945 931 88 0 0 18 1 0 4 0 15 0 0 0 0
299 10022 951 937 88 0 0 18 1 0 4 0 15 0 0 0 0
300 10017 954 940 87 0 0 18 1 0 4 0 15 0 0 0 0
301 10010 957 943 88 0 0 18 1 0 4 0 15 0 0 0 0
302 10008 957 943 90 0 0 18 1 0 4 0 15 0 0 0 0
303 9998 963 949 88 0 0 18 1 0 4 0 15 0 0 0 0
304 9996 964 950 88 0 0 18 1 0 4 0 15 0 0 0 0
305 10004 960 946 88 0 0 18 1 0 4 0 15 0 0 0 0
306 9998 963 949 88 0 0 18 1 0 4 0 15 0 0 0 0
307 9991 967 952 86 0 0 19 1 0 4 0 16 0 0 0 0
308 9995 965 949 85 0 0 20 1 0 4 0 17 0 0 0 0
309 9984 970 954 86 0 0 20 1 0 4 0 17 0 0 0 0
310 9975 974 958 87 0 0 20 1 0 4 0 17 0 0 0 0
311 9980 973 957 84 0 0 20 1 0 4 0 17 0 0 0 0
312 9981 971 956 86 0 0 20 1 0 5 0 16 0 0 0 0
313 9964 978 963 89 0 0 20 1 0 5 0 16 0 0 0 0
314 9961 979 964 90 0 0 20 1 0 5 0 16 0 0 0 0
315 9961 978 963 92 0 0 20 1 0 5 0 16 0 0 0 0
316 9947 983 967 95 0 0 21 1 0 5 0 17 0 0 0 0
317 9941 985 969 97 0 0 21 1 0 5 0 17 0 0 0 0
318 9932 989 973 98 0 0 21 1 0 5 0 17 0 0 0 0
319 9920 995 979 98 0 0 21 1 0 5 0 17 0 0 0 0
320 9915 996 980 101 0 0 21 1 0 5 0 17 0 0 0 0
321 9921 993 977 101 0 0 21 1 0 5 0 17 0 0 0 0
322 9931 987 971 103 0 0 21 1 0 5 0 17 0 0 0 0
323 9926 990 974 102 0 0 21 1 0 5 0 17 0 0 0 0
324 9915 996 980 101 0 0 21 1 0 5 0 17 0 0 0 0
325 9907 1000 984 101 0 0 21 1 0 5 0 17 0 0 0 0
326 9906 1002 986 98 0 0 21 1 0 5 0 17 0 0 0 0
327 9894 1008 992 98 0 0 21 1 0 5 0 17 0 0 0 0
328 9895 1006 990 101 0 0 21 1 0 5 0 17 0 0 0 0
329 9891 1007 991 103 0 0 21 1 0 5 0 17 0 0 0 0
330 9883 1011 995 103 0 0 21 1 0 5 0 17 0 0 0 0
331 9884 1010 994 104 0 0 21 1 0 5 0 17 0 0 0 0
332 9892 1007 991 102 0 0 21 1 0 5 0 17 0 0 0 0
333 9893 1005 989 105 0 0 21 1 0 5 0 17 0 0 0 0
334 9902 1002 986 102 0 0 21 1 0 5 0 17 0 0 0 0
335 9899 1005 989 99 0 0 21 1 0 5 0 17 0 0 0 0
336 9889 1009 993 101 0 0 21 1 0 5 0 17 0 0 0 0
337 9885 1011 995 101 0 0 21 1 0 5 0 17 0 0 0 0
338 9872 1017 1001 102 0 0 21 1 0 5 0 17 0 0 0 0
339 9869 1018 1002 103 0 0 21 1 0 5 0 17 0 0 0 0
340 9866 1020 1004 102 0 0 21 1 0 5 0 17 0 0 0 0
341 9868 1020 1004 100 0 0 21 1 0 5 0 17 0 0 0 0
342 9870 1020 1004 98 0 0 21 1 0 5 0 17 0 0 0 0
343 9873 1017 1001 101 0 0 21 1 0 5 0 17 0 0 0 0
344 9865 1021 1005 101 0 0 21 1 0 5 0 17 0 0 0 0
345 9864 1020 1003 103 0 0 22 1 0 5 0 18 0 0 0 0
346 9860 1022 1004 102 0 0 23 1 0 5 0 19 0 0 0 0
347 9863 1020 1001 103 0 0 24 0 0 5 0 19 0 0 0 1
348 9868 1018 999 102 0 0 24 0 0 5 0 19 0 0 0 1
349 9866 1018 999 104 0 0 24 0 0 5 0 19 0 0 0 1
350 9867 1016 997 107 0 0 24 0 0 5 0 19 0 0 0 1
351 9861 1019 1000 105 0 0 24 1 0 5 0 20 0 0 0 1
352 9857 1022 1003 103 0 0 24 1 0 5 0 20 0 0 0 1
353 9855 1025 1006 99 0 0 24 1 0 5 0 20 0 0 0 1
354 9858 1023 1004 100 0 0 24 1 0 5 0 20 0 0 0 1
355 9869 1018 999 99 0 0 24 1 0 5 0 20 0 0 0 1
356 9864 1020 1001 100 0 0 25 0 0 6 0 19 0 0 0 1
357 9879 1012 993 101 0 0 25 0 0 6 0 19 0 0 0 1
358 9883 1009 991 102 0 0 25 0 0 7 0 18 0 0 0 1
359 9888 1006 988 103 0 0 25 0 0 7 0 18 0 0 0 1
360 9887 1006 988 104 0 0 25 0 0 7 0 18 0 0 0 1
361 9884 1007 989 105 0 0 25 0 0 7 0 18 0 0 0 1
362 9875 1011 993 106 0 0 25 0 0 7 0 18 0 0 0 1
363 9881 1006 988 110 0 0 25 0 0 7 0 18 0 0 0 1
364 9887 1004 986 108 0 0 25 0 0 7 0 18 0 0 0 1
365 9895 1000 982 108 0 0 25 0 0 7 0 18 0 0 0 1
366 9895 1001 983 106 0 0 25 0 0 7 0 18 0 0 0 1
367 9890 1004 986 103 0 0 26 0 0 8 0 18 0 0 0 1
368 9892 1003 985 103 0 0 26 0 0 8 0 18 0 0 0 1
369 9900 1000 982 101 0 0 26 0 0 8 0 18 0 0 0 1
370 9892 1002 985 104 0 0 26 0 0 9 0 17 0 0 0 1
371 9899 998 981 105 0 0 26 0 0 9 0 17 0 0 0 1
372 9899 997 980 107 0 0 26 0 0 9 0 17 0 0 0 1
373 9904 994 977 108 0 0 26 0 0 9 0 17 0 0 0 1
374 9903 994 977 109 0 0 26 0 0 9 0 17 0 0 0 1
375 9896 999 982 106 0 0 26 0 0 9 0 17 0 0 0 1
376 9906 995 979 103 0 0 26 0 0 10 0 16 0 0 0 1
377 9901 997 981 104 0 0 26 0 0 10 0 16 0 0 0 1
378 9896 1001 986 100 0 0 25 1 0 10 0 16 0 0 0 1
379 9903 996 981 101 0 0 25 2 0 10 0 17 0 0 0 1
380 9907 993 979 102 0 0 25 2 0 11 0 16 0 0 0 1
381 9919 988 974 100 0 0 25 2 0 11 0 16 0 0 0 1
382 9923 985 971 100 0 0 26 2 0 12 0 16 0 0 0 1
383 9936 979 965 99 0 0 26 2 0 12 0 16 0 0 0 1
384 9931 981 967 100 0 0 26 2 0 12 0 16 0 0 0 1
385 9937 978 964 100 0 0 26 2 0 12 0 16 0 0 0 1
386 9938 978 964 99 0 0 26 2 0 12 0 16 0 0 0 1
387 9942 976 962 99 0 0 26 2 0 12 0 16 0 0 0 1
388 9943 976 962 98 0 0 26 2 0 12 0 16 0 0 0 1
389 9949 973 959 98 0 0 26 2 0 12 0 16 0 0 0 1
390 9949 973 959 98 0 0 26 2 0 12 0 16 0 0 0 1
391 9954 971 957 97 0 0 26 2 0 12 0 16 0 0 0 1
392 9960 968 954 97 0 0 26 2 0 12 0 16 0 0 0 1
393 9963 966 952 98 0 0 26 2 0 12 0 16 0 0 0 1
394 9968 963 951 97 0 0 26 2 0 14 0 14 0 0 0 1
395 9958 968 956 97 0 0 26 2 0 14 0 14 0 0 0 1
396 9960 967 954 96 0 0 27 2 0 14 0 15 0 0 0 1
397 9967 964 951 95 0 0 27 2 0 14 0 15 0 0 0 1
398 9969 962 950 96 0 0 27 2 0 15 0 14 0 0 0 1
399 9972 961 949 95 0 0 27 2 0 15 0 14 0 0 0 1
400 9976 959 946 94 0 0 28 2 0 15 0 15 0 0 0 1
401 9979 958 945 93 0 0 28 2 0 15 0 15 0 0 0 1
402 9963 965 951 94 0 0 29 2 0 15 0 16 0 0 0 1
403 9957 967 953 96 0 0 29 2 0 15 0 16 0 0 0 1
404 9953 968 954 96 0 0 30 2 0 16 0 16 0 0 0 1
405 9957 966 952 96 0 0 30 2 0 16 0 16 0 0 0 1
406 9947 969 955 100 0 0 30 2 0 16 0 16 0 0 0 1
407 9936 976 962 97 0 0 30 2 0 16 0 16 0 0 0 1
408 9948 970 956 97 0 0 30 2 0 16 0 16 0 0 0 1
409 9958 965 952 96 0 0 30 2 0 17 0 15 0 0 0 1
410 9951 969 956 95 0 0 30 2 0 17 0 15 0 0 0 1
411 9955 967 954 95 0 0 30 2 0 17 0 15 0 0 0 1
412 9948 970 957 96 0 0 30 2 0 17 0 15 0 0 0 1
413 9951 968 955 97 0 0 30 2 0 17 0 15 0 0 0 1
414 9952 968 955 96 0 0 30 2 0 17 0 15 0 0 0 1
415 9956 966 953 96 0 0 30 2 0 17 0 15 0 0 0 1
416 9949 968 955 99 0 0 30 2 0 17 0 15 0 0 0 1
417 9959 963 949 98 0 0 31 2 0 17 0 16 0 0 0 1
418 9962 962 948 97 0 0 31 2 0 17 0 16 0 0 0 1
419 9963 961 948 97 0 0 30 3 0 17 0 16 0 0 0 1
420 9974 954 942 99 0 0 30 3 0 18 0 15 0 0 0 1
421 9971 955 944 99 0 0 29 4 0 18 0 15 0 0 0 1
422 9976 952 940 99 0 0 30 4 0 18 0 16 0 0 0 1
423 9976 953 941 97 0 0 30 4 0 18 0 16 0 0 0 1
424 9977 952 940 98 0 0 30 4 0 18 0 16 0 0 0 1
425 9962 959 947 99 0 0 31 3 0 19 0 15 0 0 0 1
426 9968 956 944 99 0 0 31 3 0 19 0 15 0 0 0 1
427 9963 958 946 100 0 0 31 3 0 19 0 15 0 0 0 1
428 9969 954 941 101 0 0 32 3 0 19 0 16 0 0 0 1
429 9969 955 942 99 0 0 32 3 0 19 0 16 0 0 0 1
430 9974 953 940 98 0 0 32 3 0 19 0 16 0 0 0 1
431 9964 960 946 93 0 0 33 3 0 19 0 17 0 0 0 1
432 9968 957 942 94 0 0 34 3 0 19 0 18 0 0 0 1
433 9967 957 943 94 0 0 34 3 0 20 0 17 0 0 0 1
434 9967 958 944 92 0 0 34 3 0 20 0 17 0 0 0 1
435 9957 962 948 94 0 0 34 3 0 20 0 17 0 0 0 1
436 9956 962 948 95 0 0 34 3 0 20 0 17 0 0 0 1
437 9939 971 957 94 0 0 34 3 0 20 0 17 0 0 0 1
438 9924 977 961 93 0 0 37 3 0 21 0 19 0 0 0 1
439 9902 987 971 95 0 0 37 3 0 21 0 19 0 0 0 1
440 9907 985 969 94 0 0 37 3 0 21 0 19 0 0 0 1
441 9891 993 977 94 0 0 37 3 0 21 0 19 0 0 0 1
442 9878 998 982 97 0 0 37 3 0 21 0 19 0 0 0 1
443 9872 1000 985 98 0 0 36 4 0 21 0 19 0 0 0 1
444 9851 1009 994 101 0 0 36 4 0 21 0 19 0 0 0 1
445 9824 1022 1005 101 0 0 38 3 0 21 0 20 0 0 0 2
446 9812 1026 1009 105 0 0 38 3 0 21 0 20 0 0 0 2
447 9799 1032 1016 105 0 0 38 3 0 22 0 19 0 0 0 2
448 9783 1038 1020 107 0 0 40 3 0 22 0 21 0 0 0 2
449 9761 1048 1031 108 0 0 40 3 0 23 0 20 0 0 0 2
450 9742 1056 1037 111 0 0 41 3 0 22 0 22 0 0 0 2
451 9723 1064 1046 113 0 0 40 4 0 22 0 22 0 0 0 2
452 9720 1065 1047 114 0 0 40 4 0 22 0 22 0 0 0 2
453 9714 1068 1049 113 0 0 41 4 0 22 0 23 0 0 0 2
454 9704 1072 1053 115 0 0 41 4 0 22 0 23 0 0 0 2
455 9697 1074 1053 115 0 0 43 4 0 22 0 25 0 0 0 3
456 9692 1075 1053 115 0 0 44 5 0 22 0 27 0 0 0 3
457 9683 1077 1055 119 0 0 44 5 0 22 0 27 0 0 0 4
458 9669 1083 1061 121 0 0 44 5 0 22 0 27 0 0 0 4
459 9654 1092 1067 117 0 0 47 4 0 22 0 29 0 0 0 4
460 9642 1097 1071 118 0 0 48 4 0 22 0 30 0 0 0 4
461 9632 1101 1076 119 0 0 48 4 0 23 0 29 0 0 0 4
462 9628 1103 1077 118 0 0 49 4 0 23 0 30 0 0 0 4
463 9627 1104 1075 116 0 0 52 3 0 23 0 32 0 0 0 4
464 9618 1108 1079 117 0 0 52 3 0 23 0 32 0 0 0 4
465 9612 1111 1082 117 0 0 52 3 0 23 0 32 0 0 0 4
466 9596 1118 1087 117 0 0 54 3 0 23 0 34 0 0 0 4
467 9581 1125 1094 118 0 0 54 3 0 23 0 34 0 0 0 4
468 9572 1127 1095 122 0 0 55 3 0 23 0 35 0 0 0 4
469 9554 1135 1103 122 0 0 56 3 0 24 0 35 0 0 0 4
470 9524 1147 1115 128 0 0 56 3 0 24 0 35 0 0 0 4
471 9513 1151 1118 130 0 0 57 3 0 24 0 36 0 0 0 4
472 9494 1158 1123 133 0 0 59 3 0 24 0 38 0 0 0 4
473 9476 1166 1131 135 0 0 59 3 0 24 0 38 0 0 0 4
474 9465 1171 1137 135 0 0 59 3 0 25 0 37 0 0 0 4
475 9440 1183 1148 137 0 0 60 2 0 25 0 37 0 0 0 4
476 9421 1191 1154 138 0 0 62 2 0 25 0 39 0 0 0 4
477 9407 1195 1158 144 0 0 62 2 0 25 0 39 0 0 0 4
478 9403 1196 1159 146 0 0 62 2 0 25 0 39 0 0 0 4
479 9388 1203 1166 144 0 0 62 3 0 25 0 40 0 0 0 5
480 9382 1206 1169 144 0 0 62 3 0 25 0 40 0 0 0 5
481 9370 1212 1176 143 0 0 62 3 0 26 0 39 0 0 0 5
482 9358 1217 1182 144 0 0 62 3 0 27 0 38 0 0 0 5
483 9356 1217 1183 145 0 0 62 3 0 28 0 37 0 0 0 5
484 9351 1220 1186 144 0 0 62 3 0 28 0 37 0 0 0 5
485 9347 1222 1188 144 0 0 62 3 0 28 0 37 0 0 0 5
486 9326 1232 1198 143 0 0 62 4 0 28 0 38 0 0 0 5
487 9319 1236 1201 141 0 0 63 4 0 28 0 39 0 0 0 5
488 9315 1240 1204 136 0 0 64 4 0 28 0 40 0 0 0 5
489 9305 1244 1208 138 0 0 64 4 0 28 0 40 0 0 0 5
490 9292 1249 1212 140 0 0 65 4 0 28 0 41 0 0 0 5
491 9282 1254 1217 140 0 0 65 4 0 28 0 41 0 0 0 5
492 9273 1257 1220 143 0 0 65 4 0 28 0 41 0 0 0 5
493 9270 1256 1219 146 0 0 65 5 0 28 0 42 0 0 0 5
494 9258 1261 1224 148 0 0 65 5 0 28 0 42 0 0 0 5
495 9254 1262 1224 149 0 0 66 5 0 28 0 43 0 0 0 5
496 9244 1267 1229 149 0 0 66 5 0 28 0 43 0 0 0 5
497 9225 1276 1237 149 0 0 67 5 0 28 0 44 0 0 0 5
498 9222 1278 1239 148 0 0 67 5 0 28 0 44 0 0 0 5
499 9214 1282 1243 148 0 0 67 5 0 28 0 44 0 0 0 5
500 9202 1288 1249 148 0 0 67 5 0 28 0 44 0 0 0 5
501 9206 1285 1244 148 0 0 69 5 0 28 0 46 0 0 0 5
502 9186 1294 1253 150 0 0 69 5 0 28 0 46 0 0 0 5
503 9184 1294 1253 152 0 0 69 5 0 28 0 46 0 0 0 5
504 9183 1294 1253 153 0 0 69 5 0 28 0 46 0 0 0 5
505 9185 1294 1253 151 0 0 69 5 0 28 0 46 0 0 0 5
506 9189 1292 1252 150 0 0 69 5 0 29 0 45 0 0 0 5
507 9191 1291 1251 150 0 0 69 5 0 29 0 45 0 0 0 5
508 9189 1291 1251 152 0 0 69 5 0 29 0 45 0 0 0 5
509 9188 1291 1251 153 0 0 69 5 0 29 0 45 0 0 0 5
510 9177 1295 1256 155 0 0 68 6 0 29 0 45 0 0 0 5
511 9168 1300 1261 154 0 0 68 6 0 29 0 45 0 0 0 5
512 9163 1301 1261 154 0 0 69 7 0 29 0 47 0 0 0 5
513 9157 1304 1262 152 0 0 71 7 0 29 0 49 0 0 0 5
514 9144 1311 1267 151 0 0 73 6 0 29 0 50 0 0 0 5
515 9146 1310 1265 148 0 0 74 7 0 29 0 52 0 0 0 5
516 9137 1318 1272 141 0 0 75 6 0 29 0 52 0 0 0 6
517 9126 1325 1279 138 0 0 75 6 0 29 0 52 0 0 0 6
518 9124 1326 1280 136 0 0 75 7 0 29 0 53 0 0 0 6
519 9124 1326 1279 135 0 0 76 7 0 29 0 54 0 0 0 6
520 9118 1328 1281 135 0 0 77 7 0 30 0 54 0 0 0 6
521 9122 1326 1278 134 0 0 78 7 0 30 0 55 0 0 0 6
522 9120 1326 1278 136 0 0 78 7 0 30 0 55 0 0 0 6
523 9107 1330 1280 139 0 0 80 7 0 30 0 57 0 0 0 6
524 9108 1329 1279 138 0 0 81 7 0 31 0 57 0 0 0 6
525 9110 1326 1277 141 0 0 81 7 0 32 0 56 0 0 0 6
526 9120 1320 1273 141 0 0 81 7 0 34 0 54 0 0 0 6
527 9110 1325 1277 140 0 0 82 7 0 34 0 55 0 0 0 6
528 9102 1330 1281 139 0 0 83 6 0 34 0 55 0 0 0 6
529 9110 1325 1276 139 0 0 84 6 0 35 0 55 0 0 0 6
530 9107 1327 1278 138 0 0 84 6 0 35 0 55 0 0 0 6
531 9097 1331 1281 139 0 0 85 6 0 35 0 56 0 0 0 6
532 9093 1332 1282 141 0 0 85 6 0 35 0 56 0 0 0 6
533 9105 1325 1274 142 0 0 86 6 0 35 0 57 0 0 0 6
534 9101 1327 1276 142 0 0 86 6 0 35 0 57 0 0 0 6
535 9105 1325 1274 141 0 0 86 6 0 35 0 57 0 0 0 7
536 9108 1323 1272 142 0 0 86 6 0 35 0 57 0 0 0 7
537 9105 1325 1275 140 0 0 87 5 0 37 0 55 0 0 0 7
538 9091 1330 1281 143 0 0 87 5 0 38 0 54 0 0 0 7
539 9075 1336 1288 146 0 0 87 5 0 39 0 53 0 0 0 7
540 9069 1338 1290 148 0 0 87 5 0 39 0 53 0 0 0 7
541 9078 1334 1285 146 0 0 88 5 0 39 0 54 0 0 0 7
542 9085 1330 1281 147 0 0 88 5 0 39 0 54 0 0 0 7
543 9080 1333 1283 145 0 0 89 5 0 39 0 55 0 0 0 7
544 9076 1334 1285 146 0 0 89 5 0 40 0 54 0 0 0 7
545 9072 1334 1284 149 0 0 90 5 0 40 0 55 0 0 0 7
546 9078 1333 1284 144 0 0 89 6 0 40 0 55 0 0 0 7
547 9077 1334 1283 141 0 0 91 6 0 40 0 57 0 0 0 7
548 9063 1339 1289 144 0 0 91 6 0 41 0 56 0 0 0 7
549 9061 1339 1290 145 0 0 90 7 0 41 0 56 0 0 0 7
550 9063 1338 1288 144 0 0 91 7 0 41 0 57 0 0 0 7
551 9066 1336 1285 144 0 0 92 7 0 41 0 58 0 0 0 7
552 9071 1332 1281 147 0 0 92 7 0 41 0 58 0 0 0 7
553 9071 1333 1281 146 0 0 93 6 0 41 0 58 0 0 0 7
554 9069 1331 1280 151 0 0 93 6 0 42 0 57 0 0 0 7
555 9075 1327 1275 152 0 0 94 6 0 42 0 58 0 0 0 7
556 9075 1326 1276 152 0 0 94 6 0 44 0 56 0 0 0 7
557 9074 1326 1275 152 0 0 95 6 0 44 0 57 0 0 0 7
558 9079 1324 1273 151 0 0 95 6 0 44 0 57 0 0 0 7
559 9090 1319 1269 147 0 0 95 7 0 45 0 57 0 0 0 7
560 9097 1316 1265 145 0 0 96 7 0 45 0 58 0 0 0 7
561 9096 1317 1266 142 0 0 96 8 0 45 0 59 0 0 0 7
562 9102 1316 1266 137 0 0 96 8 0 46 0 58 0 0 0 7
563 9098 1318 1269 136 0 0 96 8 0 47 0 57 0 0 0 7
564 9099 1317 1269 136 0 0 96 8 0 48 0 56 0 0 0 7
565 9111 1311 1263 136 0 0 96 8 0 48 0 56 0 0 0 7
566 9118 1307 1259 137 0 0 96 8 0 48 0 56 0 0 0 7
567 9118 1306 1258 139 0 0 96 8 0 48 0 56 0 0 0 7
568 9114 1308 1261 138 0 0 96 8 0 49 0 55 0 0 0 7
569 9114 1306 1260 141 0 0 96 8 0 50 0 54 0 0 0 7
570 9116 1306 1260 139 0 0 96 8 0 50 0 54 0 0 0 7
571 9106 1310 1265 140 0 0 96 8 0 51 0 53 0 0 0 7
572 9110 1308 1263 140 0 0 97 7 0 52 0 52 0 0 0 7
573 9102 1311 1266 140 0 0 98 7 0 53 0 52 0 0 0 7
574 9096 1314 1269 140 0 0 98 7 0 53 0 52 0 0 0 7
575 9096 1314 1270 139 0 0 98 7 0 54 0 51 0 0 0 7
576 9094 1313 1270 142 0 0 98 7 0 55 0 50 0 0 0 7
577 9094 1313 1269 141 0 0 99 7 0 55 0 51 0 0 0 7
578 9092 1313 1269 143 0 0 99 7 0 55 0 51 0 0 0 7
579 9092 1311 1268 146 0 0 99 7 0 56 0 50 0 0 0 7
580 9098 1306 1263 150 0 0 99 7 0 56 0 50 0 0 0 7
581 9096 1307 1264 148 0 0 100 7 0 57 0 50 0 0 0 7
582 9087 1311 1268 149 0 0 100 7 0 57 0 50 0 0 0 7
583 9084 1312 1270 149 0 0 100 7 0 58 0 49 0 0 0 7
584 9086 1311 1269 149 0 0 100 7 0 58 0 49 0 0 0 7
585 9080 1316 1274 145 0 0 100 7 0 58 0 49 0 0 0 7
586 9080 1317 1275 143 0 0 100 7 0 58 0 49 0 0 0 7
587 9080 1316 1275 144 0 0 100 7 0 59 0 48 0 0 0 7
588 9080 1316 1275 144 0 0 100 7 0 59 0 48 0 0 0 7
589 9079 1316 1275 145 0 0 100 7 0 59 0 48 0 0 0 7
590 9083 1313 1271 146 0 0 101 7 0 59 0 49 0 0 0 7
591 9082 1313 1271 147 0 0 101 7 0 59 0 49 0 0 0 7
592 9081 1312 1272 148 0 0 101 7 0 61 0 47 0 0 0 7
593 9088 1308 1268 149 0 0 101 7 0 61 0 47 0 0 0 7
594 9088 1306 1267 152 0 0 101 7 0 62 0 46 0 0 0 7
595 9089 1305 1267 152 0 0 100 8 0 62 0 46 0 0 0 7
596 9093 1303 1265 152 0 0 100 8 0 62 0 46 0 0 0 7
597 9099 1299 1261 153 0 0 100 8 0 62 0 46 0 0 0 8
598 9111 1294 1256 151 0 0 100 8 0 62 0 46 0 0 0 8
599 9116 1292 1254 150 0 0 100 8 0 62 0 46 0 0 0 8
600 9115 1293 1254 148 0 0 101 8 0 62 0 47 0 0 0 8
601 9114 1292 1253 151 0 0 101 8 0 62 0 47 0 0 0 8
602 9113 1291 1252 154 0 0 101 8 0 62 0 47 0 0 0 8
603 9108 1293 1253 154 0 0 102 8 0 62 0 48 0 0 0 8
604 9105 1294 1254 155 0 0 102 8 0 62 0 48 0 0 0 8
605 9108 1291 1252 157 0 0 102 8 0 63 0 47 0 0 0 8
606 9112 1289 1250 157 0 0 102 8 0 63 0 47 0 0 0 8
607 9126 1282 1244 156 0 0 102 8 0 64 0 46 0 0 0 8
608 9126 1281 1245 156 0 0 102 8 0 66 0 44 0 0 0 8
609 9127 1281 1245 155 0 0 102 8 0 66 0 44 0 0 0 8
610 9126 1282 1246 154 0 0 102 8 0 66 0 44 0 0 0 8
611 9131 1280 1244 153 0 0 102 8 0 66 0 44 0 0 0 8
612 9140 1276 1241 151 0 0 102 8 0 67 0 43 0 0 0 8
613 9126 1282 1247 153 0 0 102 8 0 67 0 43 0 0 0 8
614 9128 1280 1244 152 0 0 104 8 0 68 0 44 0 0 0 8
615 9134 1276 1240 154 0 0 104 8 0 68 0 44 0 0 0 8
616 9145 1269 1235 155 0 0 104 8 0 70 0 42 0 0 0 8
617 9140 1272 1239 153 0 0 103 9 0 70 0 42 0 0 0 8
618 9140 1271 1237 154 0 0 104 9 0 70 0 43 0 0 0 8
619 9143 1269 1235 155 0 0 104 9 0 70 0 43 0 0 0 8
620 9148 1266 1233 155 0 0 104 9 0 71 0 42 0 0 0 8
621 9156 1260 1228 158 0 0 103 10 0 71 0 42 0 0 0 8
622 9163 1257 1226 156 0 0 103 10 0 72 0 41 0 0 0 8
623 9174 1251 1221 155 0 0 103 10 0 73 0 40 0 0 0 9
624 9170 1252 1222 157 0 0 103 10 0 73 0 40 0 0 0 9
625 9175 1249 1220 155 0 0 103 11 0 74 0 40 0 0 0 9
626 9186 1243 1216 154 0 0 102 12 0 75 0 39 0 0 0 9
627 9200 1236 1209 154 0 0 102 12 0 75 0 39 0 0 0 9
628 9202 1235 1208 154 0 0 102 12 0 75 0 39 0 0 0 9
629 9193 1239 1213 154 0 0 101 13 0 75 0 39 0 0 0 9
630 9185 1243 1217 154 0 0 101 13 0 75 0 39 0 0 0 9
631 9172 1250 1224 153 0 0 101 13 0 75 0 39 0 0 0 9
632 9159 1255 1229 156 0 0 101 13 0 75 0 39 0 0 0 9
633 9153 1257 1232 155 0 0 100 15 0 75 0 40 0 0 0 9
634 9141 1261 1236 159 0 0 100 15 0 75 0 40 0 0 0 9
635 9128 1268 1242 157 0 0 101 15 0 75 0 41 0 0 0 9
636 9123 1268 1241 159 0 0 103 15 0 76 0 42 0 0 0 9
637 9106 1275 1245 160 0 0 105 15 0 75 0 45 0 0 0 10
638 9094 1280 1248 160 0 0 107 15 0 75 0 47 0 0 0 10
639 9084 1284 1253 161 0 0 107 15 0 76 0 46 0 0 0 10
640 9074 1289 1258 159 0 0 107 16 0 76 0 47 0 0 0 10
641 9062 1291 1263 164 0 0 106 17 0 78 0 45 0 0 0 10
642 9054 1293 1265 168 0 0 106 17 0 78 0 45 0 0 0 10
643 9046 1295 1267 172 0 0 106 17 0 78 0 45 0 0 0 10
644 9040 1298 1268 170 0 0 108 17 0 78 0 47 0 0 0 10
645 9024 1304 1272 172 0 0 110 17 0 78 0 49 0 0 0 10
646 9018 1305 1273 176 0 0 110 17 0 78 0 49 0 0 0 10
647 8996 1316 1282 175 0 0 112 16 0 78 0 50 0 0 0 11
648 8995 1315 1280 177 0 0 113 16 0 78 0 51 0 0 0 11
649 8981 1322 1285 175 0 0 115 16 0 78 0 53 0 0 0 11
650 8972 1325 1288 178 0 0 115 16 0 78 0 53 0 0 0 11
651 8971 1326 1289 177 0 0 115 16 0 78 0 53 0 0 0 11
652 8977 1323 1286 177 0 0 115 16 0 78 0 53 0 0 0 11
653 8974 1324 1288 177 0 0 115 16 0 79 0 52 0 0 0 11
654 8973 1325 1289 176 0 0 115 16 0 79 0 52 0 0 0 11
655 8969 1325 1287 176 0 0 117 17 0 79 0 55 0 0 0 11
656 8954 1329 1290 182 0 0 118 17 0 79 0 56 0 0 0 11
657 8943 1335 1297 180 0 0 118 17 0 80 0 55 0 0 0 11
658 8933 1339 1301 182 0 0 118 17 0 80 0 55 0 0 0 11
659 8918 1344 1305 186 0 0 119 17 0 80 0 56 0 0 0 11
660 8900 1351 1313 189 0 0 119 17 0 81 0 55 0 0 0 11
661 8887 1356 1316 190 0 0 121 17 0 81 0 57 0 0 0 11
662 8889 1356 1315 185 0 0 122 18 0 81 0 59 0 0 0 11
663 8880 1360 1319 185 0 0 122 18 0 81 0 59 0 0 0 12
664 8869 1364 1324 185 0 0 123 18 0 83 0 58 0 0 0 12
665 8853 1371 1331 185 0 0 123 19 0 83 0 59 0 0 0 12
666 8828 1380 1340 190 0 0 123 20 0 83 0 60 0 0 0 12
667 8827 1380 1340 187 0 0 125 20 0 85 0 60 0 0 0 12
668 8809 1387 1346 190 0 0 126 20 0 85 0 61 0 0 0 12
669 8786 1396 1354 194 0 0 127 20 0 85 0 62 0 0 0 12
670 8768 1406 1364 191 0 0 127 20 0 85 0 62 0 0 0 13
671 8771 1405 1361 188 0 0 129 20 0 85 0 64 0 0 0 13
672 8753 1411 1366 189 0 0 130 22 0 85 0 67 0 0 0 13
673 8746 1414 1370 187 0 0 130 23 0 86 0 67 0 0 0 13
674 8736 1417 1372 190 0 0 131 23 0 86 0 68 0 0 0 13
675 8716 1424 1379 196 0 0 131 23 0 86 0 68 0 0 0 13
676 8689 1437 1391 196 0 0 132 23 0 86 0 69 0 0 0 13
677 8696 1432 1387 197 0 0 131 24 0 86 0 69 0 0 0 14
678 8685 1437 1391 199 0 0 131 24 0 85 0 70 0 0 0 14
679 8667 1443 1397 203 0 0 131 25 0 85 0 71 0 0 0 14
680 8658 1448 1402 202 0 0 131 25 0 85 0 71 0 0 0 14
681 8662 1445 1397 205 0 0 133 23 0 85 0 71 0 0 0 15
682 8653 1449 1400 207 0 0 134 22 0 85 0 71 0 0 0 15
683 8652 1450 1399 204 0 0 136 22 0 85 0 73 0 0 0 15
684 8658 1446 1395 206 0 0 136 22 0 85 0 73 0 0 0 15
685 8644 1453 1400 204 0 0 138 22 0 85 0 75 0 0 0 15
686 8634 1458 1404 205 0 0 138 22 0 84 0 76 0 0 0 15
687 8623 1462 1408 208 0 0 138 22 0 84 0 76 0 0 0 15
688 8621 1462 1408 210 0 0 138 22 0 84 0 76 0 0 0 15
689 8607 1469 1414 208 0 0 140 21 0 85 0 76 0 0 0 16
690 8606 1468 1411 207 0 0 143 20 0 86 0 77 0 0 0 18
691 8597 1472 1417 206 0 0 143 20 0 88 0 75 0 0 0 18
692 8583 1477 1423 209 0 0 143 20 0 89 0 74 0 0 0 18
693 8567 1483 1428 212 0 0 144 20 0 89 0 75 0 0 0 18
694 8534 1499 1442 211 0 0 146 20 0 89 0 77 0 0 0 18
695 8528 1501 1443 212 0 0 147 20 0 89 0 78 0 0 0 18
696 8529 1498 1440 217 0 0 147 20 0 89 0 78 0 0 0 18
697 8535 1495 1437 213 0 0 149 20 0 91 0 78 0 0 0 18
698 8523 1501 1441 211 0 0 151 20 0 91 0 80 0 0 0 18
699 8523 1500 1440 213 0 0 152 19 0 92 0 79 0 0 0 18
700 8518 1504 1444 210 0 0 152 19 0 92 0 79 0 0 0 18
701 8511 1506 1446 213 0 0 152 19 0 92 0 79 0 0 0 18
702 8502 1509 1448 215 0 0 153 19 0 92 0 80 0 0 0 18
703 8503 1506 1445 220 0 0 153 19 0 92 0 80 0 0 0 18
704 8509 1501 1441 221 0 0 153 20 0 93 0 80 0 0 0 18
705 8498 1506 1446 222 0 0 153 20 0 93 0 80 0 0 0 18
706 8488 1508 1448 226 0 0 154 20 0 94 0 80 0 0 0 18
707 8474 1511 1450 229 0 0 155 22 0 94 0 83 0 0 0 18
708 8477 1509 1447 231 0 0 156 21 0 94 0 83 0 0 0 18
709 8469 1512 1448 233 0 0 158 20 0 94 0 84 0 0 0 18
710 8476 1509 1447 230 0 0 158 20 0 96 0 82 0 0 0 18
711 8467 1514 1450 228 0 0 159 20 0 95 0 84 0 0 0 19
712 8482 1507 1443 227 0 0 159 20 0 95 0 84 0 0 0 19
713 8472 1510 1446 227 0 0 159 22 0 95 0 86 0 0 0 19
714 8467 1512 1447 229 0 0 160 21 0 95 0 86 0 0 0 19
715 8458 1515 1449 231 0 0 161 21 0 95 0 87 0 0 0 19
716 8452 1516 1450 233 0 0 162 21 0 96 0 87 0 0 0 19
717 8460 1514 1444 227 0 0 165 21 0 95 0 91 0 0 0 19
718 8456 1515 1443 225 0 0 167 22 0 95 0 94 0 0 0 19
719 8455 1516 1442 222 0 0 169 22 0 95 0 96 0 0 0 19
720 8459 1514 1440 222 0 0 169 22 0 95 0 96 0 0 0 19
721 8462 1513 1439 221 0 0 169 22 0 95 0 96 0 0 0 19
722 8459 1514 1440 220 0 0 169 23 0 95 0 97 0 0 0 19
723 8455 1516 1441 221 0 0 170 22 0 95 0 97 0 0 0 19
724 8458 1515 1440 216 0 0 171 23 0 96 0 98 0 0 0 19
725 8457 1517 1441 212 0 0 172 23 0 96 0 99 0 0 0 19
726 8457 1516 1438 214 0 0 174 22 0 96 0 100 0 0 0 19
727 8447 1520 1445 213 0 0 173 23 0 98 0 98 0 0 0 19
728 8454 1515 1438 214 0 0 175 23 0 98 0 100 0 0 0 19
729 8451 1516 1436 212 0 0 178 23 0 98 0 103 0 0 0 19
730 8459 1512 1432 208 0 0 180 23 0 100 0 103 0 0 0 19
731 8455 1512 1433 209 0 0 181 23 0 102 0 102 0 0 0 19
732 8451 1512 1434 212 0 0 181 23 0 103 0 101 0 0 0 19
733 8458 1510 1431 207 0 0 183 22 0 104 0 101 0 0 0 20
734 8461 1508 1429 208 0 0 183 22 0 104 0 101 0 0 0 20
735 8464 1508 1430 204 0 0 182 23 0 104 0 101 0 0 0 20
736 8462 1507 1431 206 0 0 182 23 0 106 0 99 0 0 0 20
737 8466 1506 1430 202 0 0 183 23 0 107 0 99 0 0 0 20
738 8470 1502 1426 204 0 0 183 24 0 107 0 100 0 0 0 20
739 8471 1501 1424 206 0 0 184 23 0 107 0 100 0 0 0 20
740 8459 1506 1430 207 0 0 183 24 0 107 0 100 0 0 0 20
741 8465 1504 1426 207 0 0 185 22 0 107 0 100 0 0 0 20
742 8464 1507 1428 203 0 0 185 22 0 106 0 101 0 0 0 20
743 8458 1509 1427 202 0 0 188 22 0 106 0 104 0 0 0 20
744 8465 1505 1422 204 0 0 189 21 0 106 0 104 0 0 0 20
745 8461 1506 1422 203 0 0 191 21 0 107 0 105 0 0 0 20
746 8460 1507 1425 200 0 0 191 21 0 109 0 103 0 0 0 20
747 8457 1505 1425 205 0 0 191 21 0 111 0 101 0 0 0 20
748 8446 1509 1430 207 0 0 191 21 0 112 0 100 0 0 0 20
749 8442 1510 1432 208 0 0 191 21 0 113 0 99 0 0 0 20
750 8454 1502 1424 210 0 0 191 22 0 113 0 100 0 0 0 20
751 8445 1507 1428 209 0 0 192 21 0 113 0 100 0 0 0 21
752 8447 1507 1427 208 0 0 192 21 0 112 0 101 0 0 0 21
753 8448 1507 1428 206 0 0 192 21 0 113 0 100 0 0 0 21
754 8464 1498 1419 208 0 0 192 21 0 113 0 100 0 0 0 21
755 8468 1496 1418 207 0 0 192 21 0 114 0 99 0 0 0 21
756 8478 1491 1412 206 0 0 193 21 0 114 0 100 0 0 0 21
757 8481 1489 1411 206 0 0 193 21 0 115 0 99 0 0 0 21
758 8483 1489 1410 201 0 0 194 22 0 115 0 101 0 0 0 21
759 8485 1487 1409 202 0 0 194 22 0 116 0 100 0 0 0 21
760 8481 1488 1412 202 0 0 193 23 0 117 0 99 0 0 0 21
761 8477 1488 1413 203 0 0 194 23 0 119 0 98 0 0 0 21
762 8484 1485 1413 199 0 0 193 24 0 121 0 96 0 0 0 21
763 8494 1480 1408 199 0 0 194 23 0 122 0 95 0 0 0 21
764 8492 1483 1411 195 0 0 194 23 0 122 0 95 0 0 0 21
765 8496 1480 1410 195 0 0 194 23 0 124 0 93 0 0 0 21
766 8497 1479 1408 195 0 0 195 23 0 124 0 94 0 0 0 21
767 8491 1480 1411 197 0 0 194 24 0 125 0 93 0 0 0 21
768 8493 1479 1410 197 0 0 194 24 0 125 0 93 0 0 0 21
769 8494 1477 1406 200 0 0 195 24 0 124 0 95 0 0 0 21
770 8487 1480 1409 201 0 0 196 23 0 125 0 94 0 0 0 21
771 8483 1480 1409 205 0 0 196 23 0 125 0 94 0 0 0 21
772 8486 1474 1401 212 0 0 198 23 0 125 0 96 0 0 0 21
773 8483 1475 1402 213 0 0 198 23 0 125 0 96 0 0 0 21
774 8494 1470 1396 211 0 0 199 23 0 125 0 97 0 0 0 21
775 8480 1476 1403 212 0 0 199 23 0 126 0 96 0 0 0 21
776 8487 1472 1398 212 0 0 200 23 0 126 0 97 0 0 0 21
777 8488 1471 1398 210 0 0 201 23 0 128 0 96 0 0 0 21
778 8496 1466 1393 212 0 0 201 23 0 128 0 96 0 0 0 21
779 8499 1463 1391 214 0 0 201 23 0 129 0 95 0 0 0 21
780 8493 1465 1394 215 0 0 201 23 0 130 0 94 0 0 0 21
781 8498 1464 1393 210 0 0 202 23 0 131 0 94 0 0 0 21
782 8498 1461 1390 212 0 0 203 24 0 132 0 95 0 0 0 21
783 8498 1462 1390 211 0 0 203 24 0 131 0 96 0 0 0 21
784 8493 1463 1391 212 0 0 204 24 0 132 0 96 0 0 0 21
785 8511 1455 1381 210 0 0 205 24 0 131 0 98 0 0 0 21
786 8507 1460 1385 205 0 0 206 23 0 131 0 98 0 0 0 21
787 8510 1458 1383 206 0 0 206 23 0 131 0 98 0 0 0 21
788 8517 1454 1379 207 0 0 206 23 0 131 0 98 0 0 0 21
789 8534 1445 1370 208 0 0 207 22 0 132 0 97 0 0 0 21
790 8533 1443 1371 209 0 0 205 24 0 133 0 96 0 0 0 22
791 8521 1449 1377 209 0 0 205 24 0 133 0 96 0 0 0 22
792 8530 1444 1373 209 0 0 204 25 0 133 0 96 0 0 0 22
793 8520 1449 1378 209 0 0 204 25 0 133 0 96 0 0 0 22
794 8520 1448 1376 211 0 0 205 24 0 133 0 96 0 0 0 23
795 8522 1446 1375 212 0 0 205 24 0 134 0 95 0 0 0 23
796 8517 1448 1380 210 0 0 204 25 0 136 0 93 0 0 0 23
797 8525 1444 1375 211 0 0 205 24 0 136 0 93 0 0 0 23
798 8537 1440 1371 207 0 0 204 25 0 135 0 94 0 0 0 23
799 8545 1435 1366 209 0 0 204 25 0 135 0 94 0 0 0 23
800 8545 1435 1367 208 0 0 204 25 0 136 0 93 0 0 0 23
801 8536 1436 1366 215 0 0 205 25 0 135 0 95 0 0 0 23
802 8537 1434 1366 216 0 0 205 25 0 137 0 93 0 0 0 23
803 8535 1435 1366 217 0 0 206 24 0 137 0 93 0 0 0 23
804 8539 1435 1368 211 0 0 206 24 0 139 0 91 0 0 0 23
805 8537 1436 1370 210 0 0 205 25 0 139 0 91 0 0 0 23
806 8539 1433 1366 213 0 0 206 25 0 139 0 92 0 0 0 23
807 8545 1430 1364 212 0 0 206 25 0 140 0 91 0 0 0 23
808 8554 1427 1361 207 0 0 206 26 0 140 0 92 0 0 0 23
809 8564 1423 1356 206 0 0 207 25 0 140 0 92 0 0 0 23
810 8560 1426 1359 204 0 0 207 25 0 140 0 92 0 0 0 23
811 8561 1424 1358 206 0 0 206 26 0 140 0 92 0 0 0 23
812 8564 1423 1357 205 0 0 205 27 0 139 0 93 0 0 0 23
813 8576 1415 1350 208 0 0 205 27 0 140 0 92 0 0 0 23
814 8587 1410 1344 206 0 0 206 27 0 140 0 93 0 0 0 23
815 8578 1415 1348 204 0 0 206 28 0 139 0 95 0 0 0 23
816 8588 1410 1344 203 0 0 206 28 0 140 0 94 0 0 0 23
817 8591 1408 1344 202 0 0 206 28 0 142 0 92 0 0 0 23
818 8598 1404 1340 203 0 0 206 28 0 142 0 92 0 0 0 23
819 8594 1408 1344 199 0 0 206 28 0 142 0 92 0 0 0 23
820 8606 1403 1337 199 0 0 207 27 0 141 0 93 0 0 0 23
821 8608 1402 1338 197 0 0 207 27 0 143 0 91 0 0 0 23
822 8610 1401 1338 196 0 0 207 27 0 144 0 90 0 0 0 23
823 8614 1398 1337 196 0 0 206 28 0 145 0 89 0 0 0 23
824 8604 1401 1342 196 0 0 206 29 0 147 0 88 0 0 0 23
825 8622 1391 1333 197 0 0 205 30 0 147 0 88 0 0 0 23
826 8633 1386 1328 196 0 0 205 30 0 147 0 88 0 0 0 23
827 8644 1382 1323 192 0 0 206 30 0 147 0 89 0 0 0 23
828 8646 1379 1321 193 0 0 207 30 0 149 0 88 0 0 0 23
829 8657 1372 1313 194 0 0 208 30 0 149 0 89 0 0 0 24
830 8662 1367 1309 198 0 0 208 30 0 150 0 88 0 0 0 24
831 8656 1370 1312 198 0 0 208 30 0 150 0 88 0 0 0 24
832 8658 1368 1310 200 0 0 208 30 0 150 0 88 0 0 0 24
833 8653 1370 1313 200 0 0 207 31 0 150 0 88 0 0 0 24
834 8649 1372 1316 199 0 0 207 31 0 151 0 87 0 0 0 24
835 8653 1370 1313 200 0 0 207 31 0 150 0 88 0 0 0 24
836 8651 1371 1314 198 0 0 207 32 0 150 0 89 0 0 0 24
837 8636 1378 1322 198 0 0 207 32 0 151 0 88 0 0 0 24
838 8631 1379 1322 200 0 0 208 32 0 151 0 89 0 0 0 24
839 8640 1374 1316 202 0 0 209 31 0 151 0 89 0 0 0 24
840 8655 1367 1308 200 0 0 210 31 0 151 0 90 0 0 0 24
841 8645 1371 1311 203 0 0 210 31 0 150 0 91 0 0 0 24
842 8626 1379 1320 205 0 0 210 31 0 151 0 90 0 0 0 24
843 8639 1371 1314 206 0 0 209 32 0 152 0 89 0 0 0 24
844 8643 1368 1313 206 0 0 209 32 0 154 0 87 0 0 0 24
845 8639 1368 1314 205 0 0 209 34 0 155 0 88 0 0 0 24
846 8632 1371 1316 205 0 0 210 34 0 155 0 89 0 0 0 24
847 8617 1379 1323 205 0 0 210 34 0 154 0 90 0 0 0 24
848 8606 1385 1324 199 0 0 214 35 0 153 0 96 0 0 0 24
849 8595 1391 1330 198 0 0 214 35 0 153 0 96 0 0 0 24
850 8591 1392 1331 200 0 0 214 35 0 153 0 96 0 0 0 24
851 8583 1396 1332 198 0 0 217 34 0 153 0 98 0 0 0 25
852 8552 1409 1346 202 0 0 216 35 0 153 0 98 0 0 0 25
853 8546 1412 1349 201 0 0 216 35 0 153 0 98 0 0 0 26
854 8523 1423 1357 200 0 0 219 34 0 153 0 100 0 0 0 27
855 8524 1422 1356 199 0 0 219 35 0 153 0 101 0 0 0 27
856 8519 1425 1359 196 0 0 219 36 0 153 0 102 0 0 0 27
857 8517 1425 1359 196 0 0 220 36 0 154 0 102 0 0 0 27
858 8512 1425 1358 202 0 0 221 35 0 154 0 102 0 0 0 27
859 8501 1429 1360 203 0 0 223 35 0 154 0 104 0 0 0 27
860 8484 1437 1368 204 0 0 223 35 0 154 0 104 0 0 0 27
861 8486 1436 1367 202 0 0 223 36 0 154 0 105 0 0 0 27
862 8476 1441 1371 201 0 0 224 36 0 154 0 106 0 0 0 27
863 8455 1451 1381 202 0 0 224 36 0 154 0 106 0 0 0 27
864 8454 1449 1376 206 0 0 226 34 0 153 0 107 0 0 0 31
865 8439 1455 1381 208 0 0 228 33 0 154 0 107 0 0 0 31
866 8436 1458 1382 204 0 0 230 32 0 154 0 108 0 0 0 32
867 8429 1460 1386 205 0 0 230 32 0 156 0 106 0 0 0 32
868 8420 1463 1389 206 0 0 230 33 0 156 0 107 0 0 0 32
869 8396 1475 1398 203 0 0 233 33 0 156 0 110 0 0 0 32
870 8384 1479 1401 206 0 0 234 33 0 156 0 111 0 0 0 32
871 8382 1479 1402 205 0 0 234 34 0 157 0 111 0 0 0 32
872 8369 1485 1409 203 0 0 233 36 0 157 0 112 0 0 0 32
873 8358 1489 1414 205 0 0 232 37 0 157 0 112 0 0 0 32
874 8347 1493 1416 206 0 0 234 37 0 157 0 114 0 0 0 32
875 8333 1498 1421 208 0 0 235 37 0 158 0 114 0 0 0 32
876 8332 1498 1421 207 0 0 236 37 0 159 0 114 0 0 0 32
877 8319 1504 1425 208 0 0 238 36 0 159 0 115 0 0 0 32
878 8316 1506 1427 207 0 0 238 36 0 159 0 115 0 0 0 32
879 8318 1504 1426 208 0 0 238 36 0 160 0 114 0 0 0 32
880 8308 1505 1427 216 0 0 238 36 0 160 0 114 0 0 0 32
881 8294 1511 1432 213 0 0 239 38 0 160 0 117 0 0 0 32
882 8280 1516 1436 215 0 0 240 38 0 160 0 118 0 0 0 33
883 8280 1512 1435 220 0 0 239 39 0 162 0 116 0 0 0 33
884 8261 1518 1441 226 0 0 239 39 0 162 0 116 0 0 0 34
885 8260 1517 1439 230 0 0 239 39 0 161 0 117 0 0 0 34
886 8252 1519 1439 235 0 0 241 37 0 161 0 117 0 0 0 35
887 8239 1524 1442 236 0 0 243 37 0 161 0 119 0 0 0 35
888 8240 1522 1439 238 0 0 244 37 0 161 0 120 0 0 0 35
889 8219 1529 1446 241 0 0 244 39 0 161 0 122 0 0 0 35
890 8212 1532 1449 240 0 0 244 40 0 161 0 123 0 0 0 35
891 8211 1534 1447 237 0 0 247 39 0 160 0 126 0 0 0 35
892 8205 1536 1449 237 0 0 247 40 0 160 0 127 0 0 0 35
893 8203 1536 1450 238 0 0 247 40 0 161 0 126 0 0 0 35
894 8196 1537 1450 242 0 0 248 40 0 161 0 127 0 0 0 35
895 8188 1541 1454 241 0 0 248 40 0 161 0 127 0 0 0 36
896 8181 1544 1456 241 0 0 249 40 0 161 0 128 0 0 0 36
897 8179 1545 1457 241 0 0 250 39 0 162 0 127 0 0 0 36
898 8166 1550 1463 243 0 0 250 39 0 163 0 126 0 0 0 36
899 8166 1548 1462 246 0 0 250 39 0 164 0 125 0 0 0 36
900 8160 1550 1466 246 0 0 249 40 0 165 0 124 0 0 0 36
901 8162 1547 1461 252 0 0 251 38 0 165 0 124 0 0 0 36
902 8167 1545 1458 250 0 0 252 38 0 165 0 125 0 0 0 36
903 8159 1545 1458 258 0 0 251 39 0 164 0 126 0 0 0 36
904 8167 1540 1450 257 0 0 254 39 0 164 0 129 0 0 0 36
905 8157 1544 1455 257 0 0 253 40 0 164 0 129 0 0 0 37
906 8139 1554 1462 254 0 0 256 39 0 164 0 131 0 0 0 37
907 8133 1557 1465 254 0 0 256 39 0 164 0 131 0 0 0 37
908 8132 1559 1462 254 0 0 260 36 0 163 0 133 0 0 0 37
909 8116 1568 1472 251 0 0 260 36 0 164 0 132 0 0 0 37
910 8116 1567 1470 252 0 0 261 36 0 164 0 133 0 0 0 37
911 8109 1570 1472 252 0 0 262 36 0 164 0 134 0 0 0 37
912 8091 1578 1481 252 0 0 261 37 0 164 0 134 0 0 0 38
913 8105 1572 1475 248 0 0 262 37 0 165 0 134 0 0 0 38
914 8098 1574 1478 246 0 0 264 37 0 168 0 133 0 0 0 38
915 8098 1574 1479 245 0 0 263 38 0 168 0 133 0 0 0 38
916 8091 1577 1481 245 0 0 264 38 0 168 0 134 0 0 0 38
917 8084 1580 1486 244 0 0 264 38 0 170 0 132 0 0 0 38
918 8078 1583 1487 238 0 0 266 40 0 170 0 136 0 0 0 38
919 8075 1584 1487 238 0 0 267 40 0 170 0 137 0 0 0 38
920 8066 1586 1490 240 0 0 269 39 0 173 0 135 0 0 0 38
921 8072 1581 1486 243 0 0 269 39 0 174 0 134 0 0 0 38
922 8063 1585 1489 241 0 0 271 39 0 175 0 135 0 0 0 38
923 8051 1590 1495 242 0 0 271 39 0 176 0 134 0 0 0 38
924 8048 1592 1497 239 0 0 272 39 0 177 0 134 0 0 0 38
925 8059 1585 1491 241 0 0 271 40 0 177 0 134 0 0 0 38
926 8065 1580 1487 242 0 0 271 41 0 178 0 134 0 0 0 38
927 8059 1583 1490 242 0 0 271 41 0 178 0 134 0 0 0 38
928 8060 1584 1491 237 0 0 271 42 0 178 0 135 0 0 0 38
929 8063 1584 1490 234 0 0 272 41 0 178 0 135 0 0 0 39
930 8063 1582 1486 236 0 0 275 39 0 179 0 135 0 0 0 41
931 8079 1573 1478 237 0 0 276 38 0 181 0 133 0 0 0 41
932 8096 1564 1470 237 0 0 276 38 0 182 0 132 0 0 0 41
933 8085 1570 1475 235 0 0 276 39 0 181 0 134 0 0 0 41
934 8090 1568 1472 231 0 0 278 39 0 182 0 135 0 0 0 41
935 8099 1564 1468 230 0 0 278 39 0 182 0 135 0 0 0 41
936 8085 1569 1475 232 0 0 277 40 0 183 0 134 0 0 0 41
937 8087 1570 1473 230 0 0 280 37 0 183 0 134 0 0 0 42
938 8098 1564 1469 227 0 0 280 38 0 185 0 133 0 0 0 42
939 8093 1567 1472 226 0 0 280 38 0 185 0 133 0 0 0 42
940 8096 1564 1470 228 0 0 280 38 0 186 0 132 0 0 0 42
941 8087 1566 1470 232 0 0 282 37 0 186 0 133 0 0 0 43
942 8081 1568 1472 234 0 0 282 37 0 186 0 133 0 0 0 43
943 8075 1569 1475 236 0 0 282 37 0 188 0 131 0 0 0 43
944 8080 1565 1471 239 0 0 282 37 0 188 0 131 0 0 0 43
945 8075 1566 1473 241 0 0 281 38 0 188 0 131 0 0 0 43
946 8085 1559 1465 246 0 0 281 38 0 187 0 132 0 0 0 43
947 8093 1556 1461 243 0 0 282 38 0 187 0 133 0 0 0 43
948 8088 1558 1464 243 0 0 282 38 0 188 0 132 0 0 0 43
949 8095 1553 1458 245 0 0 284 37 0 189 0 132 0 0 0 43
950 8088 1558 1463 240 0 0 285 37 0 190 0 132 0 0 0 43
951 8099 1553 1458 237 0 0 286 37 0 191 0 132 0 0 0 43
952 8092 1557 1462 236 0 0 286 37 0 191 0 132 0 0 0 43
953 8085 1560 1464 234 0 0 288 37 0 192 0 133 0 0 0 43
954 8083 1561 1464 233 0 0 288 38 0 191 0 135 0 0 0 43
955 8083 1560 1464 234 0 0 287 39 0 191 0 135 0 0 0 43
956 8065 1570 1475 231 0 0 287 39 0 192 0 134 0 0 0 43
957 8085 1559 1463 234 0 0 288 38 0 192 0 134 0 0 0 43
958 8077 1563 1467 234 0 0 288 38 0 192 0 134 0 0 0 43
959 8079 1562 1466 234 0 0 288 38 0 192 0 134 0 0 0 43
960 8073 1567 1470 231 0 0 287 39 0 190 0 136 0 0 0 43
961 8092 1556 1463 228 0 0 286 41 0 193 0 134 0 0 0 43
962 8113 1545 1452 229 0 0 286 41 0 193 0 134 0 0 0 43
963 8121 1540 1447 229 0 0 287 41 0 194 0 134 0 0 0 43
964 8109 1546 1453 229 0 0 287 41 0 194 0 134 0 0 0 43
965 8124 1535 1444 232 0 0 287 42 0 196 0 133 0 0 0 43
966 8130 1531 1439 230 0 0 289 42 0 197 0 134 0 0 0 44
967 8130 1533 1441 226 0 0 288 43 0 196 0 135 0 0 0 44
968 8128 1535 1443 224 0 0 288 43 0 196 0 135 0 0 0 44
969 8118 1539 1447 225 0 0 288 43 0 196 0 135 0 0 0 45
970 8135 1531 1438 223 0 0 289 43 0 196 0 136 0 0 0 45
971 8141 1528 1436 221 0 0 289 43 0 197 0 135 0 0 0 46
972 8139 1529 1437 220 0 0 290 42 0 198 0 134 0 0 0 47
973 8136 1530 1438 221 0 0 290 42 0 198 0 134 0 0 0 47
974 8143 1526 1434 222 0 0 290 42 0 198 0 134 0 0 0 47
975 8159 1518 1425 223 0 0 291 41 0 198 0 134 0 0 0 47
976 8158 1517 1426 224 0 0 289 43 0 198 0 134 0 0 0 47
977 8164 1513 1422 226 0 0 289 43 0 198 0 134 0 0 0 47
978 8156 1515 1425 229 0 0 289 43 0 199 0 133 0 0 0 47
979 8161 1513 1422 229 0 0 290 42 0 199 0 133 0 0 0 47
980 8177 1505 1414 229 0 0 291 41 0 200 0 132 0 0 0 47
981 8177 1503 1413 232 0 0 291 41 0 201 0 131 0 0 0 47
982 8169 1506 1417 233 0 0 290 42 0 201 0 131 0 0 0 47
983 8161 1508 1420 235 0 0 290 42 0 202 0 130 0 0 0 48
984 8171 1503 1414 234 0 0 291 42 0 202 0 131 0 0 0 48
985 8172 1503 1414 233 0 0 291 42 0 202 0 131 0 0 0 48
986 8166 1506 1416 232 0 0 292 42 0 202 0 132 0 0 0 48
987 8167 1506 1415 232 0 0 293 41 0 202 0 132 0 0 0 48
988 8175 1501 1411 233 0 0 293 41 0 203 0 131 0 0 0 48
989 8176 1501 1413 230 0 0 292 42 0 204 0 130 0 0 0 48
990 8185 1496 1409 230 0 0 292 42 0 205 0 129 0 0 0 48
991 8190 1494 1409 227 0 0 292 42 0 207 0 127 0 0 0 48
992 8199 1489 1404 227 0 0 292 42 0 207 0 127 0 0 0 49
993 8208 1484 1397 225 0 0 295 41 0 208 0 128 0 0 0 50
994 8218 1478 1392 224 0 0 295 42 0 209 0 128 0 0 0 50
995 8208 1485 1399 220 0 0 295 42 0 209 0 128 0 0 0 50
996 8219 1480 1395 218 0 0 295 42 0 210 0 127 0 0 0 50
997 8224 1479 1394 215 0 0 295 42 0 210 0 127 0 0 0 50
998 8219 1481 1398 214 0 0 295 42 0 212 0 125 0 0 0 50
999 8223 1478 1397 214 0 0 295 42 0 214 0 123 0 0 0 50
1000 8222 1478 1399 213 0 0 294 43 0 215 0 122 0 0 0 50
1001 8222 1474 1396 218 0 0 294 44 0 216 0 122 0 0 0 50
1002 8228 1475 1395 212 0 0 297 41 0 217 0 121 0 0 0 50
1003 8243 1466 1387 212 0 0 299 40 0 220 0 119 0 0 0 50
1004 8236 1465 1387 220 0 0 298 41 0 220 0 119 0 0 0 50
1005 8233 1465 1388 222 0 0 297 42 0 220 0 119 0 0 0 50
1006 8244 1460 1382 220 0 0 298 42 0 220 0 120 0 0 0 50
1007 8255 1455 1378 218 0 0 299 41 0 222 0 118 0 0 0 50
1008 8251 1454 1379 222 0 0 299 41 0 224 0 116 0 0 0 50
1009 8262 1448 1372 222 0 0 300 41 0 224 0 117 0 0 0 50
1010 8270 1443 1369 222 0 0 300 41 0 226 0 115 0 0 0 50
1011 8270 1442 1369 223 0 0 301 40 0 228 0 113 0 0 0 50
1012 8272 1440 1366 224 0 0 302 40 0 228 0 114 0 0 0 50
1013 8278 1438 1364 222 0 0 302 40 0 228 0 114 0 0 0 50
1014 8286 1433 1361 222 0 0 302 40 0 230 0 112 0 0 0 50
1015 8275 1437 1365 225 0 0 302 40 0 230 0 112 0 0 0 50
1016 8275 1436 1364 226 0 0 304 38 0 232 0 110 0 0 0 51
1017 8264 1442 1368 227 0 0 304 38 0 230 0 112 0 0 0 51
1018 8271 1438 1364 228 0 0 304 38 0 230 0 112 0 0 0 51
1019 8256 1448 1373 224 0 0 304 38 0 229 0 113 0 0 0 51
1020 8253 1450 1375 223 0 0 304 38 0 229 0 113 0 0 0 51
1021 8266 1444 1369 222 0 0 305 37 0 230 0 112 0 0 0 51
1022 8262 1444 1369 226 0 0 305 37 0 230 0 112 0 0 0 51
1023 8270 1440 1367 224 0 0 305 37 0 232 0 110 0 0 0 51
1024 8271 1439 1369 222 0 0 304 38 0 234 0 108 0 0 0 51
1025 8279 1434 1365 223 0 0 304 38 0 235 0 107 0 0 0 51
1026 8282 1433 1365 219 0 0 305 38 0 237 0 106 0 0 0 51
1027 8273 1438 1371 217 0 0 305 38 0 238 0 105 0 0 0 51
1028 8274 1436 1371 218 0 0 305 38 0 240 0 103 0 0 0 51
1029 8282 1431 1368 216 0 0 304 40 0 241 0 103 0 0 0 51
1030 8279 1432 1369 217 0 0 304 40 0 241 0 103 0 0 0 51
1031 8291 1428 1364 214 0 0 304 40 0 240 0 104 0 0 0 51
1032 8296 1427 1363 211 0 0 305 39 0 241 0 103 0 0 0 51
1033 8289 1430 1367 211 0 0 304 40 0 241 0 103 0 0 0 51
1034 8278 1437 1374 208 0 0 304 40 0 241 0 103 0 0 0 51
1035 8272 1439 1376 210 0 0 304 40 0 241 0 103 0 0 0 51
1036 8284 1435 1373 205 0 0 303 41 0 241 0 103 0 0 0 51
1037 8278 1439 1377 203 0 0 303 41 0 241 0 103 0 0 0 51
1038 8287 1435 1374 201 0 0 304 40 0 243 0 101 0 0 0 51
1039 8309 1426 1365 197 0 0 305 39 0 244 0 100 0 0 0 51
1040 8324 1418 1360 195 0 0 302 42 0 244 0 100 0 0 0 51
1041 8324 1417 1360 196 0 0 302 42 0 245 0 99 0 0 0 51
1042 8320 1418 1362 197 0 0 301 43 0 245 0 99 0 0 0 51
1043 8331 1412 1356 196 0 0 301 44 0 245 0 100 0 0 0 51
1044 8344 1408 1352 191 0 0 301 44 0 245 0 100 0 0 0 51
1045 8352 1406 1349 188 0 0 301 44 0 244 0 101 0 0 0 51
1046 8368 1400 1342 185 0 0 302 43 0 244 0 101 0 0 0 51
1047 8368 1400 1342 183 0 0 303 43 0 245 0 101 0 0 0 51
1048 8382 1392 1336 183 0 0 303 43 0 247 0 99 0 0 0 51
1049 8390 1387 1333 183 0 0 302 44 0 248 0 98 0 0 0 51
1050 8396 1386 1331 180 0 0 303 43 0 248 0 98 0 0 0 51
1051 8403 1384 1330 176 0 0 302 44 0 248 0 98 0 0 0 51
1052 8389 1393 1338 173 0 0 302 44 0 247 0 99 0 0 0 51
1053 8404 1387 1332 170 0 0 302 44 0 247 0 99 0 0 0 51
1054 8396 1392 1335 170 0 0 303 43 0 246 0 100 0 0 0 51
1055 8408 1384 1328 173 0 0 304 42 0 248 0 98 0 0 0 51
1056 8410 1383 1328 172 0 0 304 42 0 249 0 97 0 0 0 51
1057 8411 1383 1329 170 0 0 304 42 0 250 0 96 0 0 0 51
1058 8407 1383 1330 173 0 0 303 43 0 250 0 96 0 0 0 51
1059 8407 1384 1330 172 0 0 304 42 0 250 0 96 0 0 0 51
1060 8426 1375 1321 171 0 0 304 42 0 250 0 96 0 0 0 51
1061 8429 1373 1319 172 0 0 304 42 0 250 0 96 0 0 0 51
1062 8435 1371 1316 169 0 0 305 42 0 250 0 97 0 0 0 51
1063 8435 1371 1316 169 0 0 305 42 0 250 0 97 0 0 0 51
1064 8455 1361 1306 167 0 0 306 42 0 251 0 97 0 0 0 51
1065 8460 1358 1302 169 0 0 306 42 0 250 0 98 0 0 0 51
1066 8469 1354 1299 167 0 0 305 43 0 250 0 98 0 0 0 51
1067 8468 1355 1299 164 0 0 306 42 0 250 0 98 0 0 0 54
1068 8478 1349 1296 163 0 0 306 42 0 253 0 95 0 0 0 54
1069 8477 1349 1296 164 0 0 306 42 0 253 0 95 0 0 0 54
1070 8501 1339 1285 161 0 0 307 41 0 253 0 95 0 0 0 54
1071 8513 1332 1279 161 0 0 307 41 0 254 0 94 0 0 0 55
1072 8534 1321 1268 162 0 0 307 41 0 254 0 94 0 0 0 55
1073 8544 1317 1261 163 0 0 308 40 0 252 0 96 0 0 0 55
1074 8552 1311 1258 164 0 0 307 41 0 254 0 94 0 0 0 55
1075 8557 1309 1257 162 0 0 307 41 0 255 0 93 0 0 0 55
1076 8552 1311 1260 162 0 0 307 41 0 256 0 92 0 0 0 55
1077 8562 1305 1256 162 0 0 307 41 0 258 0 90 0 0 0 55
1078 8559 1308 1257 159 0 0 309 40 0 258 0 91 0 0 0 55
1079 8571 1301 1253 158 0 0 309 40 0 261 0 88 0 0 0 55
1080 8573 1299 1251 160 0 0 308 41 0 260 0 89 0 0 0 55
1081 8571 1299 1253 160 0 0 307 42 0 261 0 88 0 0 0 55
1082 8578 1295 1250 159 0 0 306 43 0 261 0 88 0 0 0 56
1083 8586 1292 1247 157 0 0 306 43 0 261 0 88 0 0 0 56
1084 8591 1289 1244 156 0 0 307 43 0 262 0 88 0 0 0 56
1085 8599 1284 1239 154 0 0 309 43 0 264 0 88 0 0 0 56
1086 8610 1277 1233 153 0 0 311 42 0 267 0 86 0 0 0 57
1087 8611 1277 1234 151 0 0 311 42 0 268 0 85 0 0 0 57
1088 8622 1271 1228 152 0 0 311 42 0 268 0 85 0 0 0 57
1089 8626 1270 1227 150 0 0 312 41 0 269 0 84 0 0 0 57
1090 8623 1272 1229 149 0 0 312 41 0 269 0 84 0 0 0 57
1091 8625 1272 1228 146 0 0 313 41 0 269 0 85 0 0 0 57
1092 8646 1262 1217 146 0 0 313 41 0 268 0 86 0 0 0 57
1093 8656 1257 1212 146 0 0 314 40 0 269 0 85 0 0 0 57
1094 8660 1255 1211 145 0 0 313 41 0 269 0 85 0 0 0 57
1095 8660 1255 1210 144 0 0 314 41 0 269 0 86 0 0 0 57
1096 8673 1248 1203 145 0 0 315 40 0 270 0 85 0 0 0 57
1097 8671 1249 1204 143 0 0 316 40 0 271 0 85 0 0 0 57
1098 8677 1247 1199 144 0 0 317 39 0 269 0 87 0 0 0 57
1099 8681 1243 1196 147 0 0 317 39 0 270 0 86 0 0 0 57
1100 8692 1237 1191 147 0 0 317 39 0 271 0 85 0 0 0 57
1101 8689 1238 1191 147 0 0 318 39 0 271 0 86 0 0 0 57
1102 8688 1240 1194 143 0 0 318 39 0 272 0 85 0 0 0 57
1103 8693 1237 1192 143 0 0 318 39 0 273 0 84 0 0 0 57
1104 8687 1240 1194 144 0 0 319 38 0 273 0 84 0 0 0 57
1105 8698 1235 1189 143 0 0 319 38 0 273 0 84 0 0 0 57
1106 8701 1233 1187 144 0 0 319 38 0 273 0 84 0 0 0 57
1107 8699 1232 1187 147 0 0 319 38 0 274 0 83 0 0 0 57
1108 8707 1229 1185 144 0 0 319 38 0 275 0 82 0 0 0 57
1109 8717 1223 1180 145 0 0 319 38 0 276 0 81 0 0 0 57
1110 8723 1220 1177 145 0 0 319 38 0 276 0 81 0 0 0 57
1111 8728 1218 1177 142 0 0 319 38 0 278 0 79 0 0 0 57
1112 8724 1220 1179 142 0 0 319 38 0 278 0 79 0 0 0 57
1113 8727 1217 1178 143 0 0 317 40 0 278 0 79 0 0 0 57
1114 8734 1215 1176 140 0 0 317 40 0 278 0 79 0 0 0 57
1115 8740 1213 1175 137 0 0 316 41 0 278 0 79 0 0 0 57
1116 8757 1204 1167 137 0 0 315 42 0 278 0 79 0 0 0 57
1117 8762 1201 1164 138 0 0 315 42 0 278 0 79 0 0 0 57
1118 8778 1193 1156 136 0 0 316 42 0 279 0 79 0 0 0 57
1119 8777 1193 1156 137 0 0 316 42 0 279 0 79 0 0 0 57
1120 8777 1193 1157 136 0 0 316 42 0 280 0 78 0 0 0 57
1121 8787 1187 1151 138 0 0 316 42 0 280 0 78 0 0 0 57
1122 8804 1178 1142 137 0 0 316 43 0 280 0 79 0 0 0 57
1123 8805 1177 1142 137 0 0 316 43 0 281 0 78 0 0 0 57
1124 8811 1175 1140 135 0 0 317 42 0 282 0 77 0 0 0 57
1125 8821 1169 1134 137 0 0 317 42 0 282 0 77 0 0 0 57
1126 8824 1167 1131 139 0 0 317 42 0 281 0 78 0 0 0 57
1127 8823 1165 1130 143 0 0 317 42 0 282 0 77 0 0 0 57
1128 8828 1163 1128 142 0 0 317 42 0 282 0 77 0 0 0 57
1129 8835 1159 1124 143 0 0 318 41 0 283 0 76 0 0 0 57
1130 8834 1159 1123 143 0 0 318 42 0 282 0 78 0 0 0 57
1131 8842 1156 1118 143 0 0 320 40 0 282 0 78 0 0 0 57
1132 8849 1154 1116 140 0 0 319 41 0 281 0 79 0 0 0 57
1133 8857 1150 1112 140 0 0 319 41 0 281 0 79 0 0 0 57
1134 8867 1145 1107 140 0 0 319 41 0 281 0 79 0 0 0 57
1135 8854 1150 1113 142 0 0 319 41 0 282 0 78 0 0 0 57
1136 8856 1150 1113 138 0 0 319 42 0 282 0 79 0 0 0 57
1137 8847 1156 1118 136 0 0 321 40 0 283 0 78 0 0 0 57
1138 8840 1159 1122 136 0 0 321 40 0 284 0 77 0 0 0 57
1139 8832 1163 1126 136 0 0 321 40 0 284 0 77 0 0 0 57
1140 8842 1158 1121 134 0 0 322 40 0 285 0 77 0 0 0 57
1141 8844 1158 1121 132 0 0 322 40 0 285 0 77 0 0 0 57
1142 8849 1156 1118 132 0 0 322 40 0 284 0 78 0 0 0 57
1143 8854 1154 1116 131 0 0 322 40 0 284 0 78 0 0 0 57
1144 8863 1151 1111 130 0 0 324 38 0 284 0 78 0 0 0 57
1145 8877 1144 1106 128 0 0 324 38 0 286 0 76 0 0 0 57
1146 8867 1150 1111 127 0 0 324 38 0 285 0 77 0 0 0 57
1147 8866 1151 1112 126 0 0 324 38 0 285 0 77 0 0 0 57
1148 8873 1147 1107 128 0 0 325 37 0 285 0 77 0 0 0 57
1149 8877 1145 1105 128 0 0 325 37 0 285 0 77 0 0 0 57
1150 8886 1142 1102 125 0 0 325 37 0 285 0 77 0 0 0 57
1151 8896 1138 1097 122 0 0 326 37 0 285 0 78 0 0 0 57
1152 8897 1140 1098 118 0 0 326 37 0 284 0 79 0 0 0 57
1153 8908 1135 1089 117 0 0 329 36 0 283 0 82 0 0 0 57
1154 8906 1136 1089 118 0 0 330 35 0 283 0 82 0 0 0 57
1155 8895 1142 1095 117 0 0 330 35 0 283 0 82 0 0 0 57
1156 8895 1141 1095 118 0 0 330 35 0 284 0 81 0 0 0 57
1157 8904 1136 1092 117 0 0 330 35 0 286 0 79 0 0 0 57
1158 8904 1137 1093 115 0 0 330 35 0 286 0 79 0 0 0 57
1159 8917 1130 1089 113 0 0 330 35 0 289 0 76 0 0 0 57
1160 8920 1128 1088 113 0 0 329 36 0 289 0 76 0 0 0 57
1161 8921 1128 1088 112 0 0 329 36 0 289 0 76 0 0 0 57
1162 8922 1127 1087 113 0 0 329 36 0 289 0 76 0 0 0 57
1163 8926 1126 1084 113 0 0 330 35 0 288 0 77 0 0 0 57
1164 8929 1125 1084 111 0 0 330 35 0 289 0 76 0 0 0 57
1165 8929 1126 1085 109 0 0 330 35 0 289 0 76 0 0 0 57
1166 8934 1123 1082 110 0 0 331 34 0 290 0 75 0 0 0 57
1167 8940 1120 1080 109 0 0 330 35 0 290 0 75 0 0 0 57
1168 8950 1115 1076 107 0 0 330 35 0 291 0 74 0 0 0 58
1169 8940 1121 1082 105 0 0 331 34 0 292 0 73 0 0 0 58
1170 8939 1124 1083 102 0 0 333 32 0 292 0 73 0 0 0 58
1171 8950 1120 1078 100 0 0 334 31 0 292 0 73 0 0 0 58
1172 8947 1122 1081 100 0 0 333 31 0 292 0 72 0 0 0 58
1173 8955 1118 1077 100 0 0 333 31 0 292 0 72 0 0 0 58
1174 8958 1118 1077 97 0 0 333 31 0 292 0 72 0 0 0 58
1175 8965 1115 1074 96 0 0 333 31 0 292 0 72 0 0 0 58
1176 8960 1118 1077 95 0 0 333 31 0 292 0 72 0 0 0 58
1177 8971 1112 1073 94 0 0 331 33 0 292 0 72 0 0 0 58
1178 8980 1108 1068 93 0 0 333 31 0 293 0 71 0 0 0 59
1179 8974 1110 1070 95 0 0 333 31 0 293 0 71 0 0 0 59
1180 8980 1107 1068 94 0 0 333 31 0 294 0 70 0 0 0 59
1181 8972 1109 1071 97 0 0 333 31 0 295 0 69 0 0 0 59
1182 8972 1110 1072 95 0 0 333 31 0 295 0 69 0 0 0 59
1183 8973 1110 1072 94 0 0 333 31 0 295 0 69 0 0 0 59
1184 8980 1107 1068 92 0 0 334 31 0 295 0 70 0 0 0 59
1185 8999 1099 1060 89 0 0 334 31 0 295 0 70 0 0 0 59
1186 9006 1095 1058 88 0 0 333 32 0 296 0 69 0 0 0 59
1187 8998 1099 1062 88 0 0 333 32 0 296 0 69 0 0 0 59
1188 9015 1091 1054 87 0 0 333 32 0 296 0 69 0 0 0 59
1189 9025 1087 1050 85 0 0 333 32 0 296 0 69 0 0 0 59
1190 9034 1083 1046 84 0 0 333 32 0 296 0 69 0 0 0 59
1191 9040 1079 1042 86 0 0 333 32 0 296 0 69 0 0 0 59
1192 9045 1076 1041 85 0 0 332 33 0 297 0 68 0 0 0 59
1193 9042 1078 1044 83 0 0 331 34 0 297 0 68 0 0 0 59
1194 9057 1070 1035 84 0 0 333 32 0 298 0 67 0 0 0 60
1195 9057 1071 1037 81 0 0 333 32 0 299 0 66 0 0 0 60
1196 9061 1068 1035 82 0 0 333 32 0 300 0 65 0 0 0 60
1197 9066 1066 1034 80 0 0 333 32 0 301 0 64 0 0 0 60
1198 9082 1058 1027 79 0 0 333 32 0 302 0 63 0 0 0 60
1199 9093 1052 1022 79 0 0 332 33 0 302 0 63 0 0 0 60
1200 9085 1055 1026 80 0 0 333 32 0 304 0 61 0 0 0 60
1201 9097 1049 1021 79 0 0 333 32 0 305 0 60 0 0 0 60
1202 9106 1044 1018 78 0 0 333 32 0 307 0 58 0 0 0 60
1203 9113 1042 1016 75 0 0 334 31 0 308 0 57 0 0 0 60
1204 9124 1036 1012 74 0 0 333 32 0 309 0 56 0 0 0 60
1205 9124 1035 1012 75 0 0 333 32 0 310 0 55 0 0 0 60
1206 9128 1033 1009 75 0 0 334 31 0 310 0 55 0 0 0 61
1207 9130 1031 1009 75 0 0 333 32 0 311 0 54 0 0 0 61
1208 9135 1028 1006 76 0 0 333 32 0 311 0 54 0 0 0 61
1209 9129 1030 1008 78 0 0 333 32 0 311 0 54 0 0 0 61
1210 9125 1032 1010 78 0 0 334 31 0 312 0 53 0 0 0 61
1211 9121 1034 1012 78 0 0 334 31 0 312 0 53 0 0 0 61
1212 9121 1034 1012 78 0 0 335 30 0 313 0 52 0 0 0 61
1213 9124 1032 1011 78 0 0 334 31 0 313 0 52 0 0 0 61
1214 9133 1029 1008 75 0 0 333 32 0 312 0 53 0 0 0 61
1215 9146 1022 1001 76 0 0 333 32 0 312 0 53 0 0 0 61
1216 9153 1020 999 73 0 0 333 32 0 312 0 53 0 0 0 61
1217 9159 1017 996 73 0 0 333 32 0 312 0 53 0 0 0 61
1218 9159 1017 995 74 0 0 334 31 0 312 0 53 0 0 0 61
1219 9160 1018 993 74 0 0 334 31 0 309 0 56 0 0 0 61
1220 9158 1018 993 76 0 0 334 31 0 309 0 56 0 0 0 61
1221 9170 1014 991 70 0 0 334 31 0 311 0 54 0 0 0 61
1222 9173 1013 991 68 0 0 334 31 0 312 0 53 0 0 0 61
1223 9178 1010 988 69 0 0 334 31 0 312 0 53 0 0 0 61
1224 9181 1010 987 67 0 0 335 30 0 312 0 53 0 0 0 61
1225 9180 1010 987 68 0 0 336 29 0 313 0 52 0 0 0 61
1226 9186 1007 985 67 0 0 336 29 0 314 0 51 0 0 0 61
1227 9193 1003 981 68 1 0 335 29 1 313 0 51 0 0 0 61
1228 9196 1002 980 67 1 0 334 30 1 312 0 52 0 0 0 61
1229 9200 1000 978 67 1 0 334 30 1 312 0 52 0 0 0 61
1230 9197 1002 980 66 1 0 334 30 1 312 0 52 0 0 0 61
1231 9199 1001 979 66 1 0 334 30 1 312 0 52 0 0 0 61
1232 9213 993 972 67 1 0 333 31 1 312 0 52 0 0 0 61
1233 9207 996 976 66 1 0 333 31 1 313 0 51 0 0 0 61
1234 9220 991 970 64 1 0 335 29 1 314 0 50 0 0 0 61
1235 9221 992 971 61 1 0 335 29 1 314 0 50 0 0 0 61
1236 9224 990 970 61 1 0 334 30 1 314 0 50 0 0 0 61
1237 9231 986 965 63 1 0 335 29 1 314 0 50 0 0 0 61
1238 9231 986 966 62 1 0 334 30 1 314 0 50 0 0 0 61
1239 9234 985 964 62 1 0 334 30 1 313 0 51 0 0 0 61
1240 9236 984 964 61 1 0 334 30 1 314 0 50 0 0 0 61
1241 9241 981 962 61 1 0 334 30 1 315 0 49 0 0 0 61
1242 9246 978 960 61 1 0 335 29 1 317 0 47 0 0 0 61
1243 9260 972 954 59 1 0 335 29 1 317 0 47 0 0 0 61
1244 9269 967 950 59 1 0 335 29 1 318 0 46 0 0 0 61
1245 9280 961 944 60 1 0 335 29 1 318 0 46 0 0 0 61
1246 9281 960 943 60 1 0 335 29 1 318 0 46 0 0 0 62
1247 9281 961 944 58 1 0 335 29 1 318 0 46 0 0 0 62
1248 9287 958 941 58 1 0 335 29 1 318 0 46 0 0 0 62
1249 9280 962 945 57 1 0 335 29 1 318 0 46 0 0 0 62
1250 9277 963 947 57 1 0 334 30 1 318 0 46 0 0 0 62
1251 9277 963 947 57 1 0 334 30 1 318 0 46 0 0 0 62
1252 9287 960 942 55 1 0 335 29 1 317 0 47 0 0 0 62
1253 9292 958 940 54 1 0 335 29 1 317 0 47 0 0 0 62
1254 9292 959 940 53 1 0 336 28 1 317 0 47 0 0 0 62
1255 9301 956 936 49 1 0 337 28 1 317 0 48 0 0 0 62
1256 9298 958 938 48 1 0 337 28 1 317 0 48 0 0 0 62
1257 9288 963 943 48 1 0 337 28 1 317 0 48 0 0 0 62
1258 9293 959 940 48 1 0 338 28 1 319 0 47 0 0 0 62
1259 9291 961 942 46 1 0 338 28 1 319 0 47 0 0 0 62
1260 9295 959 940 46 1 0 338 28 1 319 0 47 0 0 0 62
1261 9310 952 932 46 1 0 339 27 1 319 0 47 0 0 0 62
1262 9311 951 931 47 1 0 339 27 1 319 0 47 0 0 0 62
1263 9319 947 927 47 1 0 339 27 1 319 0 47 0 0 0 62
1264 9322 945 925 48 1 0 340 26 1 320 0 46 0 0 0 62
1265 9323 945 924 48 1 0 340 26 1 319 0 47 0 0 0 62
1266 9332 941 920 47 1 0 340 26 2 318 0 47 0 1 0 61
1267 9336 940 918 46 1 0 341 25 2 318 0 47 0 1 0 61
1268 9340 938 915 47 1 0 342 24 2 318 0 47 0 1 0 61
1269 9340 939 915 46 1 0 342 24 2 317 0 48 0 1 0 61
1270 9343 938 914 45 1 0 342 24 2 317 0 48 0 1 0 61
1271 9339 939 916 46 1 0 341 25 2 317 0 48 0 1 0 61
1272 9351 933 910 46 1 0 341 25 2 317 0 48 0 1 0 61
1273 9358 929 906 47 2 0 340 25 3 316 0 48 0 1 0 61
1274 9352 933 909 44 2 0 341 25 3 316 0 49 0 1 0 61
1275 9353 932 908 45 2 0 341 25 3 316 0 49 0 1 0 61
1276 9372 922 899 45 2 0 342 24 3 318 0 47 0 1 0 61
1277 9381 917 894 46 2 0 342 24 3 318 0 47 0 1 0 61
1278 9382 916 893 47 2 0 342 24 3 318 0 47 0 1 0 61
1279 9403 906 883 46 2 0 342 24 3 318 0 47 0 1 0 61
1280 9414 901 877 46 2 0 343 23 3 318 0 47 0 1 0 61
1281 9412 901 878 47 2 0 342 24 3 318 0 47 0 1 0 61
1282 9409 903 879 47 2 0 342 24 3 317 0 48 0 1 0 61
1283 9405 905 882 46 2 0 342 24 3 318 0 47 0 1 0 61
1284 9412 903 879 44 2 0 343 23 3 318 0 47 0 1 0 61
1285 9412 903 878 45 2 0 344 22 3 318 0 47 0 1 0 61
1286 9420 899 874 45 2 0 344 22 3 318 0 47 0 1 0 61
1287 9411 903 879 45 2 0 343 23 3 318 0 47 0 1 0 61
1288 9418 898 876 46 2 0 343 23 3 320 0 45 0 1 0 61
1289 9416 899 877 46 2 0 343 23 3 320 0 45 0 1 0 61
1290 9420 897 875 46 2 0 343 23 3 320 0 45 0 1 0 61
1291 9426 894 872 46 2 0 343 23 3 320 0 45 0 1 0 61
1292 9434 890 868 46 2 0 343 23 3 320 0 45 0 1 0 61
1293 9445 884 863 46 2 0 344 22 3 322 0 43 0 1 0 61
1294 9452 881 859 46 2 0 344 22 3 321 0 44 0 1 0 61
1295 9460 875 854 49 2 0 344 22 3 322 0 43 0 1 0 61
1296 9464 874 853 47 2 0 344 22 3 322 0 43 0 1 0 61
1297 9465 873 853 47 2 0 343 23 3 322 0 43 0 1 0 61
1298 9476 866 846 50 2 0 344 21 3 323 0 41 0 1 0 63
1299 9477 866 846 49 2 0 344 21 3 323 0 41 0 1 0 63
1300 9488 860 841 49 2 0 344 21 3 324 0 40 0 1 0 63
1301 9495 857 838 48 2 0 344 21 3 324 0 40 0 1 0 63
1302 9500 854 834 50 2 0 345 20 3 324 0 40 0 1 0 63
1303 9495 856 835 52 2 0 345 20 3 323 0 41 0 1 0 63
1304 9496 855 835 52 2 0 345 20 3 324 0 40 0 1 0 63
1305 9490 859 838 51 3 0 345 19 4 323 0 40 0 1 0 63
1306 9493 858 838 49 3 0 345 19 4 324 0 39 0 1 0 63
1307 9500 852 833 53 3 0 344 20 4 324 0 39 0 1 0 63
1308 9492 857 837 52 3 0 344 20 4 323 0 40 0 1 0 63
1309 9501 852 832 53 3 0 344 20 4 323 0 40 0 1 0 63
1310 9502 852 831 53 3 0 344 20 3 323 1 40 0 1 0 63
1311 9498 853 833 54 3 0 343 21 3 323 1 40 0 1 0 63
1312 9515 844 824 55 3 0 343 21 3 323 1 40 0 1 0 63
1313 9530 836 818 54 3 0 343 21 3 325 1 38 0 1 0 63
1314 9534 834 816 54 3 0 343 21 3 325 1 38 0 1 0 63
1315 9532 835 817 54 3 0 343 21 3 325 1 38 0 1 0 63
1316 9543 829 812 54 3 0 342 22 3 325 1 38 0 1 0 63
1317 9544 828 811 55 3 0 342 22 3 325 1 38 0 1 0 63
1318 9553 823 807 55 3 0 342 22 3 326 1 37 0 1 0 63
1319 9570 815 799 54 3 0 342 22 3 326 1 37 0 1 0 63
1320 9571 813 797 57 3 0 342 22 3 326 1 37 0 1 0 63
1321 9574 812 797 55 3 0 342 22 3 327 1 36 0 1 0 63
1322 9586 806 791 55 3 0 342 22 3 327 1 36 0 1 0 63
1323 9591 803 788 56 3 0 342 22 3 327 1 36 0 1 0 63
1324 9598 800 785 55 3 0 342 22 3 327 1 36 0 1 0 63
1325 9601 798 784 55 3 0 342 22 3 328 1 35 0 1 0 63
1326 9612 792 778 54 3 0 343 22 3 329 1 35 0 1 0 63
1327 9624 786 772 54 3 0 344 21 3 330 1 34 0 1 0 63
1328 9626 785 771 54 3 0 344 21 3 330 1 34 0 1 0 63
1329 9623 787 772 53 3 0 346 19 3 331 1 33 0 1 0 64
1330 9632 784 769 50 3 0 346 19 3 331 1 33 0 1 0 64
1331 9637 782 766 50 3 0 347 18 3 331 1 33 0 1 0 64
1332 9643 779 763 50 3 0 347 18 3 331 1 33 0 1 0 64
1333 9647 777 760 51 3 0 348 17 3 331 1 33 0 1 0 64
1334 9646 778 761 50 3 0 348 17 3 331 1 33 0 1 0 64
1335 9641 780 763 51 3 0 348 17 3 331 1 33 0 1 0 64
1336 9651 775 759 50 3 0 348 17 3 332 1 32 0 1 0 64
1337 9662 770 754 49 3 0 348 17 3 332 1 32 0 1 0 64
1338 9664 769 753 49 3 0 348 17 3 332 1 32 0 1 0 64
1339 9671 765 750 49 3 0 348 17 3 333 1 31 0 1 0 64
1340 9676 763 748 48 3 0 348 17 3 333 1 31 0 1 0 64
1341 9669 766 751 49 3 0 348 17 3 333 1 31 0 1 0 64
1342 9668 767 752 48 3 0 348 17 3 333 1 31 0 1 0 64
1343 9678 762 748 47 3 0 347 18 3 333 1 31 0 1 0 64
1344 9682 760 746 47 3 0 348 17 3 334 1 30 0 1 0 64
1345 9680 761 747 47 3 0 348 17 3 334 1 30 0 1 0 64
1346 9684 760 746 45 3 0 348 17 3 334 1 30 0 1 0 64
1347 9690 757 743 45 4 0 347 17 4 333 1 30 0 1 0 64
1348 9696 754 740 45 4 0 347 17 4 333 1 30 0 1 0 64
1349 9696 755 739 45 4 0 347 17 4 331 1 32 0 1 0 64
1350 9685 760 744 46 5 0 346 17 5 330 1 32 0 1 0 64
1351 9685 760 744 46 5 0 346 17 5 330 1 32 0 1 0 64
1352 9690 758 742 45 5 0 346 17 5 330 1 32 0 1 0 64
1353 9680 764 748 43 5 0 346 17 5 330 1 32 0 1 0 64
1354 9678 765 749 43 5 0 346 17 5 330 1 32 0 1 0 64
1355 9683 763 747 42 5 0 346 17 5 330 1 32 0 1 0 64
1356 9683 762 748 42 5 0 346 17 5 332 1 30 0 1 0 64
1357 9681 763 749 42 5 0 346 17 5 332 1 30 0 1 0 64
1358 9680 763 750 42 5 0 346 17 5 333 1 29 0 1 0 64
1359 9682 762 749 42 5 0 346 17 5 333 1 29 0 1 0 64
1360 9683 761 749 42 5 0 346 17 5 334 1 28 0 1 0 64
1361 9685 760 748 42 5 0 346 17 5 334 1 28 0 1 0 64
1362 9696 754 742 43 5 0 346 17 5 334 1 28 0 1 0 64
1363 9701 753 740 41 5 0 346 17 5 333 1 29 0 1 0 64
1364 9709 749 737 40 5 0 346 17 5 334 1 28 0 1 0 64
1365 9722 743 731 39 5 0 346 17 5 334 1 28 0 1 0 64
1366 9729 740 728 38 5 0 346 17 5 334 1 28 0 1 0 64
1367 9731 739 728 37 5 0 345 18 5 334 1 28 0 1 0 64
1368 9730 739 728 38 6 0 344 18 5 334 1 28 0 1 1 63
1369 9732 738 727 38 6 0 344 18 5 334 1 28 0 1 1 63
1370 9735 738 726 36 6 0 345 17 5 334 1 28 0 1 1 63
1371 9743 733 723 36 6 0 344 18 5 335 1 27 0 1 1 63
1372 9752 729 718 36 6 0 345 17 5 335 1 27 0 1 1 63
1373 9753 728 717 37 6 0 345 17 5 335 1 27 0 1 1 63
1374 9753 729 717 36 6 0 346 16 5 335 1 27 0 1 1 63
1375 9757 727 715 36 6 0 346 16 5 335 1 27 0 1 1 63
1376 9752 729 717 37 7 0 345 16 5 335 2 26 0 1 1 63
1377 9769 720 710 36 7 0 345 16 5 337 2 24 0 1 1 63
1378 9770 719 710 36 7 0 344 17 5 337 2 24 0 1 1 63
1379 9774 717 707 36 7 0 345 16 5 337 2 24 0 1 1 64
1380 9772 718 708 36 7 0 345 16 5 337 2 24 0 1 1 64
1381 9778 715 704 37 7 0 346 15 5 337 2 24 0 1 1 64
1382 9783 713 702 36 7 0 346 15 5 337 2 24 0 1 1 64
1383 9781 714 703 36 7 0 346 15 5 337 2 24 0 1 1 64
1384 9776 717 706 35 7 0 346 15 5 337 2 24 0 1 1 64
1385 9774 718 707 35 7 0 346 15 5 337 2 24 0 1 1 64
1386 9776 717 706 35 7 0 346 15 5 337 2 24 0 1 1 64
1387 9775 717 706 36 7 0 346 15 5 337 2 24 0 1 1 64
1388 9778 715 704 37 7 0 346 15 5 337 2 24 0 1 1 64
1389 9780 714 703 37 7 0 346 15 5 337 2 24 0 1 1 64
1390 9774 717 705 38 7 0 346 15 5 336 2 25 0 1 1 64
1391 9777 715 704 38 7 0 346 15 5 337 2 24 0 1 1 64
1392 9783 713 701 37 7 0 347 14 5 337 2 24 0 1 1 64
1393 9785 712 700 37 7 0 347 14 5 337 2 24 0 1 1 64
1394 9787 711 699 37 7 0 347 14 5 337 2 24 0 1 1 64
1395 9785 713 700 36 7 0 347 14 5 336 2 25 0 1 1 64
1396 9799 706 693 36 7 0 347 14 5 336 2 25 0 1 1 64
1397 9799 706 693 36 7 0 347 14 5 336 2 25 0 1 1 64
1398 9798 707 695 34 7 0 347 14 5 337 2 24 0 1 1 64
1399 9799 707 694 34 7 0 347 14 5 336 2 25 0 1 1 64
1400 9802 705 692 35 7 0 347 14 5 336 2 25 0 1 1 64
1401 9806 703 690 35 7 0 347 14 5 336 2 25 0 1 1 64
1402 9804 704 691 35 7 0 347 14 5 336 2 25 0 1 1 64
1403 9802 704 691 37 7 0 347 14 5 336 2 25 0 1 1 64
1404 9809 701 688 36 7 0 347 14 5 336 2 25 0 1 1 64
1405 9805 703 690 36 7 0 347 14 5 336 2 25 0 1 1 64
1406 9801 705 692 36 7 0 347 14 5 336 2 25 0 1 1 64
1407 9814 699 686 35 7 0 347 14 5 336 2 25 0 1 1 64
1408 9821 695 682 36 7 0 347 14 5 336 2 25 0 1 1 64
1409 9823 694 681 36 7 0 347 14 5 336 2 25 0 1 1 64
1410 9830 689 677 38 7 0 347 14 5 337 2 24 0 1 1 64
1411 9828 690 678 38 7 0 347 14 5 337 2 24 0 1 1 64
1412 9833 688 675 38 7 0 348 13 5 337 2 24 0 1 1 64
1413 9845 682 669 38 7 0 348 13 5 337 2 24 0 1 1 64
1414 9842 684 671 37 7 0 348 13 5 337 2 24 0 1 1 64
1415 9851 680 667 36 7 0 348 13 5 337 2 24 0 1 1 64
1416 9857 677 665 35 7 0 348 13 5 338 2 23 0 1 1 64
1417 9854 678 666 36 7 0 348 13 5 338 2 23 0 1 1 64
1418 9856 676 665 37 7 0 347 14 5 338 2 23 0 1 1 64
1419 9857 675 664 38 7 0 347 14 5 338 2 23 0 1 1 64
1420 9859 675 663 35 8 0 348 13 5 339 2 23 0 1 2 63
1421 9849 680 668 35 8 0 348 13 5 339 2 23 0 1 2 63
1422 9853 678 667 34 8 0 348 13 5 340 2 22 0 1 2 63
1423 9848 679 669 36 8 0 347 14 5 340 2 22 0 1 2 63
1424 9864 671 661 36 8 0 347 14 5 340 2 22 0 1 2 63
1425 9868 669 659 36 8 0 347 14 5 340 2 22 0 1 2 63
1426 9870 668 658 36 8 0 347 14 5 340 2 22 0 1 2 63
1427 9871 667 657 35 8 0 347 15 5 340 2 23 0 1 2 63
1428 9871 668 657 34 8 0 348 14 5 340 2 23 0 1 2 63
1429 9871 669 657 33 8 0 348 14 5 339 2 24 0 1 2 63
1430 9877 667 655 31 8 0 348 14 5 339 2 24 0 1 2 63
1431 9876 667 656 31 8 1 348 13 6 339 2 23 0 1 2 63
1432 9876 667 656 31 8 1 348 13 6 339 2 23 0 1 2 63
1433 9884 663 652 31 8 1 348 13 6 339 2 23 0 1 2 63
1434 9882 664 653 31 8 1 348 13 6 339 2 23 0 1 2 63
1435 9875 667 657 31 8 1 348 13 6 340 2 22 0 1 2 63
1436 9873 667 659 31 8 1 346 15 6 340 2 22 0 1 2 63
1437 9875 666 658 31 8 1 345 16 6 339 2 23 0 1 2 63
1438 9873 667 659 31 8 1 345 16 6 339 2 23 0 1 2 63
1439 9880 663 655 32 8 1 345 16 6 339 2 23 0 1 2 63
1440 9878 664 656 32 8 1 345 16 6 339 2 23 0 1 2 63
1441 9882 663 655 30 8 1 345 16 6 339 2 23 0 1 2 63
1442 9889 659 651 31 8 1 345 16 6 339 2 23 0 1 2 63
1443 9897 655 647 31 8 1 345 16 6 339 2 23 0 1 2 63
1444 9900 654 645 31 8 1 345 16 6 338 2 24 0 1 2 63
1445 9899 654 646 31 8 1 345 16 6 339 2 23 0 1 2 63
1446 9897 655 647 31 8 1 345 16 6 339 2 23 0 1 2 63
1447 9897 655 648 30 8 1 345 16 6 340 2 22 0 1 2 63
1448 9899 654 647 30 8 1 345 16 6 340 2 22 0 1 2 63
1449 9920 643 637 30 8 1 345 16 6 341 2 21 0 1 2 63
1450 9921 642 637 30 8 1 345 16 6 342 2 20 0 1 2 63
1451 9923 641 636 30 8 1 345 16 6 342 2 20 0 1 2 63
1452 9932 636 632 30 8 1 344 17 6 342 2 20 0 1 2 63
1453 9943 631 626 30 9 0 344 17 6 342 2 20 0 1 2 63
1454 9935 635 631 29 9 0 343 18 6 342 2 20 0 1 2 63
1455 9941 632 628 29 9 0 343 18 6 342 2 20 0 1 2 63
1456 9933 636 632 29 9 0 343 18 6 342 2 20 0 1 2 63
1457 9937 634 630 29 9 0 343 18 6 342 2 20 0 1 2 63
1458 9943 632 628 27 9 0 343 18 6 342 2 20 0 1 2 63
1459 9943 634 628 25 9 0 344 17 6 341 2 21 0 1 2 63
1460 9939 636 630 23 9 0 344 18 6 341 2 22 0 1 2 63
1461 9931 639 634 24 9 0 343 19 6 341 2 22 0 1 2 63
1462 9930 640 635 23 9 0 343 19 6 341 2 22 0 1 2 63
1463 9934 638 633 23 9 0 343 19 6 341 2 22 0 1 2 63
1464 9937 636 631 24 9 0 343 19 6 341 2 22 0 1 2 63
1465 9947 630 627 24 9 0 342 20 6 342 2 21 0 1 2 63
1466 9954 626 623 25 9 0 342 20 6 342 2 21 0 1 2 63
1467 9965 621 618 24 9 0 342 20 6 342 2 21 0 1 2 63
1468 9973 617 614 24 9 0 342 20 6 342 2 21 0 1 2 63
1469 9973 617 614 24 9 0 343 19 6 343 2 20 0 1 2 63
1470 9977 615 612 24 9 0 343 19 6 343 2 20 0 1 2 63
1471 9984 612 609 23 9 0 343 19 6 343 2 20 0 1 2 63
1472 9987 612 607 22 9 0 343 19 6 341 2 22 0 1 2 63
1473 9989 611 605 23 9 0 344 18 6 341 2 22 0 1 2 63
1474 10000 605 600 23 9 0 344 18 6 342 2 21 0 1 2 63
1475 10001 604 599 24 10 0 343 18 7 341 2 21 0 1 2 63
1476 9999 605 600 24 10 0 343 18 7 341 2 21 0 1 2 63
1477 10011 600 594 23 10 0 343 18 7 340 2 22 0 1 2 63
1478 10008 601 595 24 10 0 343 18 7 340 2 22 0 1 2 63
1479 10014 598 593 23 10 0 343 18 7 341 2 21 0 1 2 63
1480 10019 596 591 22 10 0 343 18 7 341 2 21 0 1 2 63
1481 10019 596 591 22 10 0 343 18 7 341 2 21 0 1 2 63
1482 10019 597 592 20 10 0 343 18 7 341 2 21 0 1 2 63
1483 10017 598 593 20 10 0 343 18 7 341 2 21 0 1 2 63
1484 10025 594 589 20 10 0 343 18 7 341 2 21 0 1 2 63
1485 10031 591 586 20 10 0 343 18 7 341 2 21 0 1 2 63
1486 10031 591 586 20 10 0 343 18 7 341 2 21 0 1 2 63
1487 10031 591 586 20 10 0 343 18 7 341 2 21 0 1 2 63
1488 10036 589 583 20 10 0 344 17 7 341 2 21 0 1 2 63
1489 10035 590 583 20 10 0 344 17 7 340 2 22 0 1 2 63
1490 10031 592 585 20 10 0 344 17 7 340 2 22 0 1 2 63
1491 10031 591 585 21 10 0 343 18 7 340 2 22 0 1 2 63
1492 10031 591 585 21 10 0 343 18 7 340 2 22 0 1 2 63
1493 10035 589 583 21 10 0 343 18 7 340 2 22 0 1 2 63
1494 10032 590 585 21 10 0 342 19 7 340 2 22 0 1 2 63
1495 10042 585 580 21 10 0 342 19 7 340 2 22 0 1 2 63
1496 10043 585 579 21 10 0 343 18 7 340 2 22 0 1 2 63
1497 10043 585 579 21 10 0 343 18 7 340 2 22 0 1 2 63
1498 10039 587 580 22 10 0 344 17 7 340 2 22 0 1 2 63
1499 10035 589 582 22 10 0 344 17 7 340 2 22 0 1 2 63
1500 10035 589 581 23 10 0 345 16 7 340 2 22 0 1 2 63
