110
115
120
125
130
135
140
145
150
155
160
165
170
175
180
185
190
195
200
205
210
215
220
225
230
235
240
245
250
255
260
265
270
275
280
285
290
295
300
305
310
315
320
516
521
526
531
536
541
546
551
556
592
597
602
607
612
657
662
667
672
677
682
687
692
697
702
734
739
744
749
754
759
764
799
837
861
866
871
876
881
886
891
896
901
906
911
916
921
926
931
1015
1020
1025
1030
1035
1040
1045
1050
1055
1060
1065
1070
1075
1080
1085
1090
1095
1100
1105
1110
1115
1120
1125
1130
1135
1140
1145
1150
1155
1160
1165
1170
1175
1180
1265
1270
1275
1280
1285
1290
1295
1395
1400
1405
1410
1415
1420
1425
1430
1470
1475
1480
1485
1490
1495
1546
