0 1979 195 0 0 0 0 0 0 0 0 0 0 0 0 0 0
1 11646 195 195 0 0 0 0 0 0 0 0 0 0 0 0 0
2 11642 197 197 0 0 0 0 0 0 0 0 0 0 0 0 0
3 11640 198 198 0 0 0 0 0 0 0 0 0 0 0 0 0
4 11640 198 198 0 0 0 0 0 0 0 0 0 0 0 0 0
5 11640 198 198 0 0 0 0 0 0 0 0 0 0 0 0 0
6 11640 198 198 0 0 0 0 0 0 0 0 0 0 0 0 0
7 11644 196 196 0 0 0 0 0 0 0 0 0 0 0 0 0
8 11644 196 196 0 0 0 0 0 0 0 0 0 0 0 0 0
9 11646 195 195 0 0 0 0 0 0 0 0 0 0 0 0 0
10 11644 196 196 0 0 0 0 0 0 0 0 0 0 0 0 0
11 11642 197 197 0 0 0 0 0 0 0 0 0 0 0 0 0
12 11640 198 198 0 0 0 0 0 0 0 0 0 0 0 0 0
13 11642 197 197 0 0 0 0 0 0 0 0 0 0 0 0 0
14 11642 197 197 0 0 0 0 0 0 0 0 0 0 0 0 0
15 11636 200 200 0 0 0 0 0 0 0 0 0 0 0 0 0
16 11628 204 204 0 0 0 0 0 0 0 0 0 0 0 0 0
17 11626 205 205 0 0 0 0 0 0 0 0 0 0 0 0 0
18 11626 205 205 0 0 0 0 0 0 0 0 0 0 0 0 0
19 11624 206 206 0 0 0 0 0 0 0 0 0 0 0 0 0
20 11626 205 205 0 0 0 0 0 0 0 0 0 0 0 0 0
21 11626 205 205 0 0 0 0 0 0 0 0 0 0 0 0 0
22 11624 206 206 0 0 0 0 0 0 0 0 0 0 0 0 0
23 11624 206 206 0 0 0 0 0 0 0 0 0 0 0 0 0
24 11620 208 208 0 0 0 0 0 0 0 0 0 0 0 0 0
25 11616 210 210 0 0 0 0 0 0 0 0 0 0 0 0 0
26 11620 208 208 0 0 0 0 0 0 0 0 0 0 0 0 0
27 11622 207 207 0 0 0 0 0 0 0 0 0 0 0 0 0
28 11618 209 209 0 0 0 0 0 0 0 0 0 0 0 0 0
29 11616 210 210 0 0 0 0 0 0 0 0 0 0 0 0 0
30 11610 213 213 0 0 0 0 0 0 0 0 0 0 0 0 0
31 11608 214 214 0 0 0 0 0 0 0 0 0 0 0 0 0
32 11610 213 213 0 0 0 0 0 0 0 0 0 0 0 0 0
33 11610 213 213 0 0 0 0 0 0 0 0 0 0 0 0 0
34 11604 216 216 0 0 0 0 0 0 0 0 0 0 0 0 0
35 11602 217 217 0 0 0 0 0 0 0 0 0 0 0 0 0
36 11604 216 216 0 0 0 0 0 0 0 0 0 0 0 0 0
37 11594 221 221 0 0 0 0 0 0 0 0 0 0 0 0 0
38 11588 224 224 0 0 0 0 0 0 0 0 0 0 0 0 0
39 11584 226 226 0 0 0 0 0 0 0 0 0 0 0 0 0
40 11579 228 228 1 0 0 0 0 0 0 0 0 0 0 0 0
41 11569 233 233 1 0 0 0 0 0 0 0 0 0 0 0 0
42 11563 236 236 1 0 0 0 0 0 0 0 0 0 0 0 0
43 11565 235 235 1 0 0 0 0 0 0 0 0 0 0 0 0
44 11557 239 239 1 0 0 0 0 0 0 0 0 0 0 0 0
45 11557 239 239 1 0 0 0 0 0 0 0 0 0 0 0 0
46 11545 244 244 3 0 0 0 0 0 0 0 0 0 0 0 0
47 11543 245 245 3 0 0 0 0 0 0 0 0 0 0 0 0
48 11534 249 249 4 0 0 0 0 0 0 0 0 0 0 0 0
49 11528 252 252 4 0 0 0 0 0 0 0 0 0 0 0 0
50 11522 255 255 4 0 0 0 0 0 0 0 0 0 0 0 0
51 11512 260 260 4 0 0 0 0 0 0 0 0 0 0 0 0
52 11496 268 268 4 0 0 0 0 0 0 0 0 0 0 0 0
53 11484 274 274 4 0 0 0 0 0 0 0 0 0 0 0 0
54 11480 276 276 4 0 0 0 0 0 0 0 0 0 0 0 0
55 11466 283 283 4 0 0 0 0 0 0 0 0 0 0 0 0
56 11460 286 286 4 0 0 0 0 0 0 0 0 0 0 0 0
57 11448 292 292 4 0 0 0 0 0 0 0 0 0 0 0 0
58 11424 304 304 4 0 0 0 0 0 0 0 0 0 0 0 0
59 11412 310 310 4 0 0 0 0 0 0 0 0 0 0 0 0
60 11395 317 317 7 0 0 0 0 0 0 0 0 0 0 0 0
61 11383 323 323 7 0 0 0 0 0 0 0 0 0 0 0 0
62 11381 324 324 7 0 0 0 0 0 0 0 0 0 0 0 0
63 11376 326 326 8 0 0 0 0 0 0 0 0 0 0 0 0
64 11367 330 330 9 0 0 0 0 0 0 0 0 0 0 0 0
65 11357 335 335 9 0 0 0 0 0 0 0 0 0 0 0 0
66 11349 339 339 9 0 0 0 0 0 0 0 0 0 0 0 0
67 11329 349 349 9 0 0 0 0 0 0 0 0 0 0 0 0
68 11322 353 353 8 0 0 0 0 0 0 0 0 0 0 0 0
69 11306 361 361 8 0 0 0 0 0 0 0 0 0 0 0 0
70 11296 366 366 8 0 0 0 0 0 0 0 0 0 0 0 0
71 11284 371 371 10 0 0 0 0 0 0 0 0 0 0 0 0
72 11274 376 376 10 0 0 0 0 0 0 0 0 0 0 0 0
73 11263 381 381 11 0 0 0 0 0 0 0 0 0 0 0 0
74 11243 390 390 13 0 0 0 0 0 0 0 0 0 0 0 0
75 11237 393 393 13 0 0 0 0 0 0 0 0 0 0 0 0
76 11233 395 395 13 0 0 0 0 0 0 0 0 0 0 0 0
77 11209 407 407 13 0 0 0 0 0 0 0 0 0 0 0 0
78 11200 411 411 14 0 0 0 0 0 0 0 0 0 0 0 0
79 11184 419 419 14 0 0 0 0 0 0 0 0 0 0 0 0
80 11169 427 427 13 0 0 0 0 0 0 0 0 0 0 0 0
81 11153 435 435 13 0 0 0 0 0 0 0 0 0 0 0 0
82 11135 444 444 13 0 0 0 0 0 0 0 0 0 0 0 0
83 11112 455 455 14 0 0 0 0 0 0 0 0 0 0 0 0
84 11097 462 462 15 0 0 0 0 0 0 0 0 0 0 0 0
85 11077 472 472 15 0 0 0 0 0 0 0 0 0 0 0 0
86 11064 478 478 16 0 0 0 0 0 0 0 0 0 0 0 0
87 11059 481 481 15 0 0 0 0 0 0 0 0 0 0 0 0
88 11056 482 482 16 0 0 0 0 0 0 0 0 0 0 0 0
89 11036 492 492 16 0 0 0 0 0 0 0 0 0 0 0 0
90 11019 500 500 17 0 0 0 0 0 0 0 0 0 0 0 0
91 11000 509 509 18 0 0 0 0 0 0 0 0 0 0 0 0
92 10990 514 514 18 0 0 0 0 0 0 0 0 0 0 0 0
93 10967 524 524 21 0 0 0 0 0 0 0 0 0 0 0 0
94 10959 528 528 21 0 0 0 0 0 0 0 0 0 0 0 0
95 10957 529 529 21 0 0 0 0 0 0 0 0 0 0 0 0
96 10945 535 534 20 0 0 1 0 0 0 0 1 0 0 0 0
97 10933 541 540 20 0 0 1 0 0 0 0 1 0 0 0 0
98 10931 542 541 20 0 0 1 0 0 0 0 1 0 0 0 0
99 10922 546 545 21 0 0 1 0 0 0 0 1 0 0 0 0
100 10914 550 549 21 0 0 1 0 0 0 0 1 0 0 0 0
101 10895 559 558 22 0 0 1 0 0 0 0 1 0 0 0 0
102 10880 566 565 23 0 0 1 0 0 0 0 1 0 0 0 0
103 10866 573 572 23 0 0 1 0 0 0 0 1 0 0 0 0
104 10857 577 576 24 0 0 1 0 0 0 0 1 0 0 0 0
105 10844 583 582 25 0 0 1 0 0 0 0 1 0 0 0 0
106 10835 587 586 26 0 0 1 0 0 0 0 1 0 0 0 0
107 10822 593 592 27 0 0 1 0 0 0 0 1 0 0 0 0
108 10815 596 595 28 0 0 1 0 0 0 0 1 0 0 0 0
109 10801 603 602 28 0 0 1 0 0 0 0 1 0 0 0 0
110 10796 605 604 29 0 0 1 0 0 0 0 1 0 0 0 0
111 10786 610 609 29 0 0 1 0 0 0 0 1 0 0 0 0
112 10780 613 612 29 0 0 1 0 0 0 0 1 0 0 0 0
113 10766 620 619 29 0 0 1 0 0 0 0 1 0 0 0 0
114 10763 621 620 30 0 0 1 0 0 0 0 1 0 0 0 0
115 10754 625 624 31 0 0 1 0 0 0 0 1 0 0 0 0
116 10755 624 623 32 0 0 1 0 0 0 0 1 0 0 0 0
117 10737 632 631 34 0 0 1 0 0 0 0 1 0 0 0 0
118 10727 637 636 34 0 0 1 0 0 0 0 1 0 0 0 0
119 10721 639 638 36 0 0 1 0 0 0 0 1 0 0 0 0
120 10722 639 638 35 0 0 1 0 0 0 0 1 0 0 0 0
121 10721 640 639 34 0 0 1 0 0 0 0 1 0 0 0 0
122 10715 642 641 36 0 0 1 0 0 0 0 1 0 0 0 0
123 10705 647 646 36 0 0 1 0 0 0 0 1 0 0 0 0
124 10704 648 647 35 0 0 1 0 0 0 0 1 0 0 0 0
125 10690 655 654 35 0 0 1 0 0 0 0 1 0 0 0 0
126 10679 660 659 36 0 0 1 0 0 0 0 1 0 0 0 0
127 10667 665 664 38 0 0 1 0 0 0 0 1 0 0 0 0
128 10658 669 668 39 0 0 1 0 0 0 0 1 0 0 0 0
129 10640 677 676 41 0 0 1 0 0 0 0 1 0 0 0 0
130 10638 678 677 41 0 0 1 0 0 0 0 1 0 0 0 0
131 10622 685 684 43 0 0 1 0 0 0 0 1 0 0 0 0
132 10605 694 693 42 0 0 1 0 0 0 0 1 0 0 0 0
133 10594 699 697 42 0 0 2 0 0 0 0 2 0 0 0 0
134 10575 708 706 43 0 0 2 0 0 0 0 2 0 0 0 0
135 10563 714 712 43 0 0 2 0 0 0 0 2 0 0 0 0
136 10536 727 725 44 0 0 2 0 0 0 0 2 0 0 0 0
137 10518 735 733 46 0 0 2 0 0 0 0 2 0 0 0 0
138 10502 743 741 46 0 0 2 0 0 0 0 2 0 0 0 0
139 10489 749 747 47 0 0 2 0 0 0 0 2 0 0 0 0
140 10471 758 756 47 0 0 2 0 0 0 0 2 0 0 0 0
141 10461 762 760 49 0 0 2 0 0 0 0 2 0 0 0 0
142 10441 772 770 49 0 0 2 0 0 0 0 2 0 0 0 0
143 10425 780 778 49 0 0 2 0 0 0 0 2 0 0 0 0
144 10420 783 781 48 0 0 2 0 0 0 0 2 0 0 0 0
145 10402 791 789 50 0 0 2 0 0 0 0 2 0 0 0 0
146 10388 797 795 52 0 0 2 0 0 0 0 2 0 0 0 0
147 10376 803 801 52 0 0 2 0 0 0 0 2 0 0 0 0
148 10367 806 804 55 0 0 2 0 0 0 0 2 0 0 0 0
149 10343 817 815 57 0 0 2 0 0 0 0 2 0 0 0 0
150 10333 822 820 57 0 0 2 0 0 0 0 2 0 0 0 0
151 10322 827 825 58 0 0 2 0 0 0 0 2 0 0 0 0
152 10302 835 832 61 0 0 3 0 0 0 0 3 0 0 0 0
153 10292 840 837 61 0 0 3 0 0 0 0 3 0 0 0 0
154 10287 842 838 61 0 0 4 0 0 0 0 4 0 0 0 0
155 10271 850 846 61 0 0 4 0 0 0 0 4 0 0 0 0
156 10248 860 856 64 0 0 4 0 0 0 0 4 0 0 0 0
157 10223 871 866 66 0 0 5 0 0 0 0 5 0 0 0 0
158 10198 884 879 65 0 0 5 0 0 0 0 5 0 0 0 0
159 10170 895 888 69 0 0 7 0 0 0 0 7 0 0 0 0
160 10155 900 893 74 0 0 7 0 0 0 0 7 0 0 0 0
161 10117 918 911 76 0 0 7 0 0 0 0 7 0 0 0 0
162 10095 928 921 78 0 0 7 0 0 0 0 7 0 0 0 0
163 10075 936 928 81 0 0 8 0 0 0 0 8 0 0 0 0
164 10048 947 940 85 0 0 8 0 0 1 0 7 0 0 0 0
165 10034 953 946 87 0 0 8 0 0 1 0 7 0 0 0 0
166 10010 964 957 89 0 0 8 0 0 1 0 7 0 0 0 0
167 9994 971 964 89 0 0 8 1 0 1 0 8 0 0 0 0
168 9957 988 981 92 0 0 8 1 0 1 0 8 0 0 0 0
169 9941 995 987 93 0 0 9 1 0 1 0 9 0 0 0 0
170 9933 998 990 95 0 0 9 1 0 1 0 9 0 0 0 0
171 9909 1010 1002 95 0 0 9 1 0 1 0 9 0 0 0 0
172 9883 1023 1012 92 0 0 12 1 0 1 0 12 0 0 0 0
173 9848 1035 1024 103 0 0 12 1 0 1 0 12 0 0 0 0
174 9834 1040 1028 106 0 0 13 1 0 1 0 13 0 0 0 0
175 9822 1045 1032 107 0 0 14 1 0 1 0 14 0 0 0 0
176 9797 1057 1044 108 0 0 14 1 0 1 0 14 0 0 0 0
177 9789 1060 1047 108 0 0 14 2 0 1 0 15 0 0 0 0
178 9763 1072 1058 107 0 0 15 3 0 1 0 17 0 0 0 0
179 9745 1079 1064 110 0 0 16 3 0 1 0 18 0 0 0 0
180 9716 1092 1077 113 0 0 16 3 0 1 0 18 0 0 0 0
181 9711 1095 1078 110 0 0 18 3 0 1 0 20 0 0 0 0
182 9684 1107 1089 112 0 0 19 3 0 1 0 21 0 0 0 0
183 9662 1116 1098 116 0 0 19 3 0 1 0 21 0 0 0 0
184 9646 1123 1105 118 0 0 19 3 0 1 0 21 0 0 0 0
185 9617 1138 1120 117 0 0 19 3 0 1 0 21 0 0 0 0
186 9609 1142 1124 116 0 0 19 3 0 1 0 21 0 0 0 1
187 9605 1145 1127 114 0 0 19 3 0 1 0 21 0 0 0 1
188 9594 1149 1131 117 0 0 19 3 0 1 0 21 0 0 0 1
189 9593 1149 1131 118 0 0 19 3 0 1 0 21 0 0 0 1
190 9589 1151 1133 118 0 0 19 3 0 1 0 21 0 0 0 1
191 9579 1155 1134 117 0 0 22 3 0 1 0 24 0 0 0 1
192 9567 1162 1140 114 0 0 23 3 0 1 0 25 0 0 0 1
193 9571 1161 1139 112 0 0 23 3 0 1 0 25 0 0 0 1
194 9551 1171 1148 111 0 0 24 3 0 1 0 26 0 0 0 1
195 9543 1174 1151 113 0 0 24 3 0 1 0 26 0 0 0 1
196 9536 1177 1154 114 0 0 24 3 0 1 0 26 0 0 0 1
197 9517 1186 1163 115 0 0 24 3 0 1 0 26 0 0 0 1
198 9507 1190 1166 116 0 0 25 3 0 1 0 27 0 0 0 1
199 9507 1191 1165 113 0 0 27 2 0 1 0 28 0 0 0 2
200 9501 1192 1165 116 0 0 28 2 0 1 0 29 0 0 0 2
201 9489 1198 1170 115 0 0 29 2 0 1 0 30 0 0 0 2
202 9466 1209 1181 116 0 0 29 2 0 1 0 30 0 0 0 2
203 9463 1209 1181 119 0 0 29 2 0 1 0 30 0 0 0 2
204 9464 1209 1180 117 0 0 30 2 0 1 0 31 0 0 0 2
205 9467 1206 1177 120 0 0 30 2 0 1 0 31 0 0 0 2
206 9474 1202 1172 120 0 0 31 2 0 1 0 32 0 0 0 2
207 9473 1201 1171 123 0 0 31 2 0 1 0 32 0 0 0 2
208 9454 1211 1181 120 0 0 31 3 0 1 0 33 0 0 0 2
209 9452 1213 1183 118 0 0 31 3 0 1 0 33 0 0 0 2
210 9450 1214 1184 118 0 0 31 3 0 1 0 33 0 0 0 2
211 9455 1210 1181 120 0 0 30 4 0 1 0 33 0 0 0 2
212 9448 1213 1183 120 0 0 31 4 0 1 0 34 0 0 0 2
213 9431 1220 1189 122 0 0 32 4 0 1 0 35 0 0 0 2
214 9415 1227 1195 123 0 0 33 4 0 1 0 36 0 0 0 2
215 9395 1237 1205 123 0 0 33 4 0 1 0 36 0 0 0 2
216 9386 1240 1207 125 0 0 34 4 0 1 0 37 0 0 0 2
217 9382 1241 1208 127 0 0 34 4 0 1 0 37 0 0 0 2
218 9383 1238 1205 132 0 0 34 4 0 1 0 37 0 0 0 2
219 9373 1244 1211 130 0 0 34 4 0 1 0 37 0 0 0 2
220 9376 1243 1210 129 0 0 34 4 0 1 0 37 0 0 0 2
221 9372 1244 1212 130 0 0 34 4 0 2 0 36 0 0 0 2
222 9369 1245 1212 130 0 0 35 4 0 2 0 37 0 0 0 2
223 9369 1244 1210 131 0 0 36 4 0 2 0 38 0 0 0 2
224 9361 1248 1215 130 0 0 36 4 0 3 0 37 0 0 0 2
225 9361 1248 1216 129 0 0 36 4 0 4 0 36 0 0 0 2
226 9342 1255 1223 134 0 0 36 4 0 4 0 36 0 0 0 2
227 9341 1254 1223 136 0 0 35 5 0 4 0 36 0 0 0 2
228 9323 1263 1232 136 0 0 35 5 0 4 0 36 0 0 0 2
229 9323 1264 1233 134 0 0 35 5 0 4 0 36 0 0 0 2
230 9311 1268 1237 136 0 0 36 5 0 5 0 36 0 0 0 2
231 9309 1269 1238 136 0 0 36 5 0 5 0 36 0 0 0 2
232 9308 1270 1238 134 0 0 37 5 0 5 0 37 0 0 0 2
233 9312 1269 1237 132 0 0 37 5 0 5 0 37 0 0 0 2
234 9309 1270 1238 133 0 0 37 5 0 5 0 37 0 0 0 2
235 9300 1274 1242 134 0 0 37 5 0 5 0 37 0 0 0 2
236 9303 1272 1240 135 0 0 37 5 0 5 0 37 0 0 0 2
237 9307 1270 1238 133 0 0 37 6 0 5 0 38 0 0 0 2
238 9297 1274 1242 135 0 0 37 6 0 5 0 38 0 0 0 2
239 9279 1282 1249 136 0 0 38 6 0 5 0 39 0 0 0 2
240 9280 1282 1249 135 0 0 38 6 0 5 0 39 0 0 0 2
241 9275 1284 1251 136 0 0 38 6 0 5 0 39 0 0 0 2
242 9273 1282 1248 141 0 0 39 6 0 5 0 40 0 0 0 2
243 9262 1286 1252 144 0 0 39 6 0 5 0 40 0 0 0 2
244 9251 1290 1254 144 0 0 41 6 0 5 0 42 0 0 0 3
245 9231 1299 1262 143 0 0 42 7 0 5 0 44 0 0 0 3
246 9251 1288 1251 145 0 0 42 7 0 5 0 44 0 0 0 3
247 9244 1291 1254 146 0 0 42 7 0 5 0 44 0 0 0 3
248 9225 1300 1262 147 0 0 43 6 0 5 0 44 0 0 0 4
249 9217 1304 1266 147 0 0 43 6 0 5 0 44 0 0 0 4
250 9208 1308 1271 147 0 0 43 6 0 6 0 43 0 0 0 4
251 9197 1312 1273 148 0 0 45 6 0 6 0 45 0 0 0 4
252 9175 1321 1282 152 0 0 45 6 0 6 0 45 0 0 0 4
253 9165 1327 1286 149 0 0 47 5 0 6 0 46 0 0 0 5
254 9161 1328 1286 150 0 0 48 5 0 6 0 47 0 0 0 5
255 9152 1331 1289 153 0 0 49 4 0 7 0 46 0 0 0 5
256 9150 1332 1288 151 0 0 51 4 0 7 0 48 0 0 0 5
257 9141 1335 1290 153 0 0 52 4 0 7 0 49 0 0 0 5
258 9127 1341 1294 153 0 0 54 4 0 7 0 51 0 0 0 5
259 9117 1347 1299 150 0 0 55 4 0 7 0 52 0 0 0 5
260 9104 1353 1304 150 0 0 56 4 0 7 0 53 0 0 0 5
261 9088 1360 1310 149 0 0 57 5 0 7 0 55 0 0 0 5
262 9079 1364 1315 149 0 0 57 5 0 8 0 54 0 0 0 5
263 9057 1374 1325 151 0 0 57 5 0 8 0 54 0 0 0 5
264 9040 1383 1334 150 0 0 57 5 0 8 0 54 0 0 0 5
265 9041 1382 1332 150 0 0 58 5 0 8 0 55 0 0 0 5
266 9012 1395 1344 148 0 0 60 6 0 9 0 57 0 0 0 5
267 9006 1396 1345 152 0 0 60 6 0 9 0 57 0 0 0 5
268 8994 1402 1350 151 0 0 61 6 0 9 0 58 0 0 0 5
269 8968 1413 1361 153 0 0 62 6 0 10 0 58 0 0 0 5
270 8961 1414 1361 157 0 0 63 6 0 10 0 59 0 0 0 5
271 8947 1418 1361 159 0 0 67 6 0 10 0 63 0 0 0 5
272 8930 1426 1369 160 0 0 67 6 0 10 0 63 0 0 0 5
273 8920 1432 1375 158 0 0 67 6 0 10 0 63 0 0 0 5
274 8897 1444 1383 156 0 0 70 5 0 9 0 66 0 0 0 6
275 8881 1450 1388 159 0 0 71 5 0 9 0 67 0 0 0 6
276 8860 1459 1396 157 0 0 74 5 0 11 0 68 0 0 0 6
277 8856 1462 1397 154 0 0 76 4 0 11 0 69 0 0 0 7
278 8853 1463 1398 155 0 0 76 4 0 11 0 69 0 0 0 7
279 8841 1467 1402 159 0 0 76 4 0 11 0 69 0 0 0 7
280 8833 1469 1402 161 0 0 78 4 0 11 0 71 0 0 0 7
281 8816 1477 1408 160 0 0 80 4 0 11 0 73 0 0 0 7
282 8801 1483 1414 161 0 0 81 4 0 12 0 73 0 0 0 7
283 8791 1487 1417 162 0 0 82 4 0 12 0 74 0 0 0 7
284 8779 1492 1422 162 0 0 82 5 0 12 0 75 0 0 0 7
285 8756 1500 1433 166 0 0 80 7 0 13 0 74 0 0 0 7
286 8753 1500 1432 166 0 0 82 7 0 14 0 75 0 0 0 7
287 8747 1500 1429 169 0 0 85 7 0 14 0 78 0 0 0 7
288 8743 1504 1431 163 0 0 87 7 0 14 0 80 0 0 0 7
289 8731 1507 1433 167 0 0 88 7 0 14 0 81 0 0 0 8
290 8722 1512 1438 166 0 0 88 7 0 14 0 81 0 0 0 8
291 8711 1517 1443 165 0 0 88 8 0 14 0 82 0 0 0 8
292 8703 1520 1444 165 0 0 90 8 0 14 0 84 0 0 0 8
293 8705 1518 1440 166 0 0 92 7 0 14 0 85 0 0 0 9
294 8702 1519 1441 167 0 0 92 7 0 14 0 85 0 0 0 9
295 8685 1525 1445 170 0 0 94 7 0 14 0 87 0 0 0 9
296 8680 1526 1446 173 0 0 94 7 0 14 0 87 0 0 0 9
297 8669 1530 1451 173 0 0 94 8 0 15 0 87 0 0 0 9
298 8665 1531 1451 174 0 0 95 8 0 15 0 88 0 0 0 9
299 8669 1528 1447 175 0 0 96 8 0 15 0 89 0 0 0 9
300 8678 1524 1443 174 0 0 96 8 0 15 0 89 0 0 0 9
301 8668 1526 1443 178 0 0 98 8 0 15 0 91 0 0 0 9
302 8663 1526 1443 183 0 0 99 7 0 16 0 90 0 0 0 9
303 8656 1527 1444 186 0 0 100 7 0 17 0 90 0 0 0 9
304 8648 1531 1449 184 0 0 99 8 0 17 0 90 0 0 0 10
305 8644 1533 1451 184 0 0 99 8 0 17 0 90 0 0 0 10
306 8630 1540 1457 183 0 0 100 8 0 17 0 91 0 0 0 10
307 8616 1545 1462 187 0 0 100 8 0 17 0 91 0 0 0 10
308 8608 1548 1465 187 0 0 102 7 0 19 0 90 0 0 0 10
309 8600 1551 1468 189 0 0 102 7 0 19 0 90 0 0 0 10
310 8594 1552 1469 193 0 0 102 7 0 19 0 90 0 0 0 10
311 8595 1551 1469 193 0 0 101 8 0 19 0 90 0 0 0 10
312 8599 1549 1467 193 0 0 101 8 0 19 0 90 0 0 0 10
313 8591 1552 1471 194 0 0 101 8 0 20 0 89 0 0 0 10
314 8581 1556 1475 196 0 0 101 8 0 20 0 89 0 0 0 10
315 8575 1557 1477 197 0 0 101 9 0 21 0 89 0 0 0 10
316 8573 1558 1478 197 0 0 101 9 0 21 0 89 0 0 0 10
317 8569 1559 1478 198 0 0 102 9 0 21 0 90 0 0 0 10
318 8550 1567 1487 200 0 0 101 10 0 21 0 90 0 0 0 10
319 8557 1560 1480 205 0 0 101 11 0 21 0 91 0 0 0 10
320 8547 1565 1484 204 0 0 102 11 0 21 0 92 0 0 0 10
321 8547 1565 1484 202 0 0 103 11 0 22 0 92 0 0 0 10
322 8531 1572 1490 203 0 0 104 11 0 22 0 93 0 0 0 10
323 8522 1573 1491 208 0 0 104 12 0 22 0 94 0 0 0 10
324 8524 1571 1489 206 0 0 105 13 0 23 0 95 0 0 0 10
325 8533 1565 1483 209 0 0 105 13 0 23 0 95 0 0 0 10
326 8534 1564 1483 209 0 0 104 14 0 23 0 95 0 0 0 10
327 8535 1561 1479 213 0 0 106 13 0 24 0 95 0 0 0 10
328 8544 1557 1472 209 0 0 109 13 0 24 0 98 0 0 0 10
329 8538 1560 1474 208 0 0 110 13 0 24 0 99 0 0 0 10
330 8544 1557 1472 205 0 0 110 14 0 25 0 99 0 0 0 10
331 8532 1562 1476 206 0 0 111 14 0 25 0 100 0 0 0 10
332 8534 1559 1473 208 0 0 112 14 0 26 0 100 0 0 0 10
333 8524 1562 1474 208 0 0 115 14 0 27 0 102 0 0 0 10
334 8509 1570 1483 202 0 0 115 16 0 28 0 103 0 0 0 10
335 8507 1571 1483 201 0 0 116 16 0 28 0 104 0 0 0 10
336 8500 1573 1485 204 0 0 116 16 0 28 0 104 0 0 0 10
337 8489 1578 1490 205 0 0 116 16 0 28 0 104 0 0 0 10
338 8482 1580 1492 206 0 0 117 16 0 29 0 104 0 0 0 10
339 8455 1592 1504 209 0 0 117 16 0 29 0 104 0 0 0 10
340 8452 1592 1505 211 0 0 117 16 0 30 0 103 0 0 0 10
341 8452 1593 1506 208 0 0 117 16 0 30 0 103 0 0 0 11
342 8449 1595 1507 206 0 0 118 16 0 30 0 104 0 0 0 11
343 8448 1592 1506 211 0 0 118 16 0 32 0 102 0 0 0 11
344 8449 1591 1506 211 0 0 119 15 0 34 0 100 0 0 0 11
345 8443 1591 1506 217 0 0 119 15 0 34 0 100 0 0 0 11
346 8445 1591 1505 216 0 0 119 15 0 33 0 101 0 0 0 11
347 8443 1588 1501 221 0 0 120 16 0 33 0 103 0 0 0 11
348 8428 1593 1506 226 0 0 120 16 0 33 0 103 0 0 0 11
349 8417 1597 1508 227 0 0 122 16 0 33 0 105 0 0 0 11
350 8408 1602 1512 225 0 0 123 16 0 33 0 106 0 0 0 11
351 8402 1604 1513 222 0 0 124 18 0 33 0 109 0 0 0 11
352 8400 1603 1513 225 0 0 124 18 0 34 0 108 0 0 0 11
353 8387 1607 1518 229 0 0 123 19 0 34 0 108 0 0 0 11
354 8372 1613 1521 227 0 0 127 19 0 35 0 111 0 0 0 11
355 8360 1619 1527 225 0 0 127 20 0 35 0 112 0 0 0 11
356 8350 1622 1530 227 0 0 128 20 0 36 0 112 0 0 0 11
357 8338 1628 1534 227 0 0 130 19 0 36 0 113 0 0 0 11
358 8328 1630 1535 230 0 0 131 20 0 36 0 115 0 0 0 11
359 8317 1634 1538 232 0 0 132 20 0 36 0 116 0 0 0 11
360 8309 1637 1537 232 0 0 136 19 0 36 0 119 0 0 0 11
361 8298 1642 1542 228 0 0 138 19 0 38 0 119 0 0 0 12
362 8294 1643 1543 230 0 0 138 19 0 38 0 119 0 0 0 12
363 8295 1640 1541 231 0 0 138 20 0 39 0 119 0 0 0 13
364 8276 1646 1547 236 0 0 139 20 0 40 0 119 0 0 0 13
365 8266 1650 1550 235 0 0 140 21 0 40 0 121 0 0 0 13
366 8258 1650 1549 242 0 0 141 21 0 40 0 122 0 0 0 13
367 8252 1650 1547 246 0 0 143 21 0 40 0 124 0 0 0 13
368 8250 1650 1546 247 0 0 144 21 0 40 0 125 0 0 0 13
369 8238 1653 1547 251 0 0 146 21 0 40 0 127 0 0 0 13
370 8225 1659 1551 252 0 0 148 20 0 40 0 128 0 0 0 13
371 8214 1663 1555 255 0 0 148 20 0 40 0 128 0 0 0 13
372 8211 1663 1553 254 0 0 150 21 0 40 0 131 0 0 0 13
373 8198 1668 1556 251 0 0 152 23 0 40 0 135 0 0 0 13
374 8187 1673 1562 251 0 0 152 23 0 41 0 134 0 0 0 13
375 8173 1677 1566 254 0 0 153 23 0 42 0 134 0 0 0 14
376 8159 1684 1571 252 0 0 155 23 0 42 0 136 0 0 0 14
377 8140 1693 1578 251 0 0 157 23 0 42 0 138 0 0 0 14
378 8122 1701 1584 252 0 0 159 22 0 42 0 139 0 0 0 15
379 8113 1703 1586 253 0 0 159 24 0 42 0 141 0 0 0 15
380 8114 1701 1582 252 0 0 161 25 0 42 0 144 0 0 0 15
381 8115 1701 1582 251 0 0 162 24 0 43 0 143 0 0 0 15
382 8102 1706 1588 253 0 0 162 24 0 44 0 142 0 0 0 15
383 8093 1708 1589 257 0 0 163 24 0 44 0 143 0 0 0 15
384 8097 1704 1583 259 0 0 165 24 0 44 0 145 0 0 0 15
385 8088 1707 1584 258 0 0 167 25 0 44 0 148 0 0 0 15
386 8085 1708 1584 258 0 0 168 25 0 44 0 149 0 0 0 15
387 8093 1705 1580 253 0 0 170 25 0 45 0 150 0 0 0 15
388 8100 1699 1574 256 0 0 171 25 0 46 0 150 0 0 0 15
389 8091 1702 1576 254 0 0 174 23 0 48 0 149 0 0 0 19
390 8100 1697 1570 252 0 0 175 24 0 48 0 151 0 0 0 19
391 8086 1703 1572 250 0 0 179 24 0 48 0 155 0 0 0 19
392 8081 1705 1574 249 0 0 180 24 0 49 0 155 0 0 0 19
393 8084 1701 1571 252 0 0 181 23 0 51 0 153 0 0 0 20
394 8076 1706 1578 248 0 0 181 23 0 53 0 151 0 0 0 20
395 8077 1704 1577 249 0 0 181 23 0 54 0 150 0 0 0 21
396 8086 1700 1573 247 0 0 181 23 0 54 0 150 0 0 0 22
397 8079 1702 1574 247 0 0 182 24 0 54 0 152 0 0 0 22
398 8076 1703 1574 244 0 0 183 25 0 54 0 154 0 0 0 23
399 8070 1708 1578 239 0 0 184 25 0 54 0 155 0 0 0 23
400 8063 1710 1580 242 0 0 184 25 0 54 0 155 0 0 0 23
401 8052 1712 1583 248 0 0 184 25 0 55 0 154 0 0 0 23
402 8056 1711 1583 243 0 0 185 25 0 57 0 153 0 0 0 23
403 8072 1701 1575 243 0 0 185 26 0 59 0 152 0 0 0 23
404 8084 1695 1567 241 0 0 187 26 0 59 0 154 0 0 0 23
405 8077 1698 1571 241 0 0 187 26 0 60 0 153 0 0 0 23
406 8071 1702 1577 237 0 0 187 26 0 62 0 151 0 0 0 23
407 8066 1703 1577 239 0 0 188 25 0 62 0 151 0 0 0 25
408 8066 1700 1576 240 0 0 187 27 0 63 0 151 0 0 0 26
409 8056 1703 1578 244 0 0 188 26 0 63 0 151 0 0 0 27
410 8041 1710 1584 243 0 0 189 26 0 63 0 152 0 0 0 28
411 8042 1709 1582 243 0 0 191 25 0 64 0 152 0 0 0 28
412 8039 1709 1584 242 0 0 191 26 0 66 0 151 0 0 0 28
413 8050 1701 1576 247 0 0 191 26 0 66 0 151 0 0 0 28
414 8052 1697 1572 251 0 0 192 26 0 67 0 151 0 0 0 28
415 8054 1696 1570 250 0 0 193 26 0 67 0 152 0 0 0 28
416 8051 1694 1568 255 0 0 194 26 0 68 0 152 0 0 0 28
417 8041 1700 1571 256 0 0 197 23 0 68 0 152 0 0 0 28
418 8042 1700 1570 255 0 0 198 22 0 68 0 152 0 0 0 29
419 8022 1708 1579 256 0 0 198 23 0 69 0 152 0 0 0 29
420 8026 1703 1576 258 0 0 198 24 0 71 0 151 0 0 0 29
421 8028 1702 1574 257 0 0 199 24 0 71 0 152 0 0 0 29
422 8036 1696 1571 258 0 0 199 24 0 74 0 149 0 0 0 29
423 8045 1690 1565 261 0 0 199 24 0 74 0 149 0 0 0 29
424 8047 1688 1562 264 0 0 200 23 0 74 0 149 0 0 0 29
425 8052 1686 1559 264 0 0 201 22 0 74 0 149 0 0 0 29
426 8058 1683 1557 261 0 0 201 23 0 75 0 149 0 0 0 29
427 8057 1682 1555 262 0 0 202 23 0 75 0 150 0 0 0 30
428 8068 1677 1550 259 0 0 203 23 0 76 0 150 0 0 0 30
429 8041 1689 1562 262 0 0 203 23 0 76 0 150 0 0 0 30
430 8041 1690 1561 258 0 0 205 23 0 76 0 152 0 0 0 30
431 8028 1694 1567 261 0 0 204 24 0 77 0 151 0 0 0 30
432 8021 1696 1569 262 0 0 205 24 0 78 0 151 0 0 0 30
433 8016 1698 1569 261 0 0 207 24 0 78 0 153 0 0 0 30
434 8001 1700 1572 271 0 0 207 24 0 79 0 152 0 0 0 30
435 7992 1704 1576 270 0 0 207 25 0 79 0 153 0 0 0 30
436 7989 1706 1576 267 0 0 209 25 0 79 0 155 0 0 0 30
437 7996 1702 1572 268 0 0 209 25 0 79 0 155 0 0 0 30
438 7975 1712 1583 267 0 0 209 25 0 80 0 154 0 0 0 31
439 7967 1713 1584 271 0 0 210 25 0 81 0 154 0 0 0 31
440 7964 1713 1582 270 0 0 213 25 0 82 0 156 0 0 0 31
441 7940 1723 1589 269 0 0 216 26 0 82 0 160 0 0 0 31
442 7941 1721 1586 271 0 0 216 26 0 81 0 161 0 0 0 33
443 7934 1723 1588 272 0 0 216 27 0 81 0 162 0 0 0 33
444 7918 1729 1594 272 0 0 216 28 0 81 0 163 0 0 0 35
445 7889 1738 1604 282 0 0 216 28 0 82 0 162 0 0 0 35
446 7881 1740 1608 283 0 0 216 28 0 84 0 160 0 0 0 36
447 7866 1746 1617 283 0 0 215 29 0 86 0 158 0 0 0 36
448 7860 1747 1617 288 0 0 215 29 0 85 0 159 0 0 0 36
449 7870 1740 1610 290 0 0 216 29 0 86 0 159 0 0 0 36
450 7867 1742 1612 289 0 0 216 29 0 86 0 159 0 0 0 36
451 7875 1736 1607 290 0 0 217 29 0 88 0 158 0 0 0 36
452 7865 1741 1611 289 0 0 217 30 0 87 0 160 0 0 0 36
453 7866 1739 1607 289 0 0 220 29 0 88 0 161 0 0 0 37
454 7856 1741 1609 291 0 0 220 31 0 88 0 163 0 0 0 37
455 7831 1750 1617 295 0 0 221 32 0 88 0 165 0 0 0 37
456 7818 1754 1621 298 0 0 221 33 0 88 0 166 0 0 0 37
457 7808 1759 1624 300 0 0 222 32 0 87 0 167 0 0 0 37
458 7787 1770 1633 293 0 0 225 33 0 88 0 170 0 0 0 37
459 7774 1775 1637 295 0 0 226 33 0 88 0 171 0 0 0 37
460 7764 1781 1641 290 0 0 228 33 0 88 0 173 0 0 0 38
461 7759 1783 1643 290 0 0 228 33 0 88 0 173 0 0 0 39
462 7752 1784 1641 292 0 0 231 33 0 88 0 176 0 0 0 39
463 7741 1787 1644 296 0 0 231 33 0 88 0 176 0 0 0 40
464 7748 1786 1642 290 0 0 233 32 0 89 0 176 0 0 0 40
465 7735 1788 1644 297 0 0 233 33 0 89 0 177 0 0 0 40
466 7720 1798 1653 289 0 0 234 34 0 89 0 179 0 0 0 40
467 7700 1805 1664 290 0 0 233 35 0 92 0 176 0 0 0 41
468 7692 1805 1663 293 0 0 236 35 0 94 0 177 0 0 0 41
469 7692 1802 1659 296 0 0 238 35 0 95 0 178 0 0 0 41
470 7681 1808 1663 292 0 0 240 35 0 95 0 180 0 0 0 42
471 7666 1808 1661 303 0 0 243 35 0 96 0 182 0 0 0 42
472 7657 1809 1661 305 0 0 244 37 0 96 0 185 0 0 0 42
473 7648 1813 1665 306 0 0 244 37 0 96 0 185 0 0 0 42
474 7633 1818 1670 311 0 0 244 37 0 96 0 185 0 0 0 42
475 7624 1822 1673 312 0 0 245 36 0 96 0 185 0 0 0 43
476 7619 1823 1675 312 0 0 245 37 0 97 0 185 0 0 0 43
477 7597 1833 1682 310 0 0 249 36 0 98 0 187 0 0 0 44
478 7593 1834 1683 312 0 0 249 36 0 98 0 187 0 0 0 44
479 7587 1834 1684 311 0 0 251 37 0 101 0 187 0 0 0 44
480 7579 1838 1686 309 0 0 253 36 0 101 0 188 0 0 0 46
481 7576 1837 1684 309 0 0 255 36 0 102 0 189 0 0 0 48
482 7572 1837 1682 310 0 0 257 36 0 102 0 191 0 0 0 49
483 7571 1836 1681 310 0 0 258 36 0 103 0 191 0 0 0 50
484 7552 1847 1689 305 0 0 262 34 0 104 0 192 0 0 0 51
485 7548 1848 1690 305 0 0 263 34 0 105 0 192 0 0 0 51
486 7542 1848 1690 307 0 0 265 34 0 107 0 192 0 0 0 51
487 7542 1845 1685 307 0 0 267 36 0 107 0 196 0 0 0 51
488 7539 1845 1685 308 0 0 267 37 0 107 0 197 0 0 0 51
489 7538 1845 1685 307 0 0 268 37 0 108 0 197 0 0 0 51
490 7540 1843 1680 308 0 0 271 36 0 108 0 199 0 0 0 51
491 7541 1842 1681 307 0 0 271 36 0 110 0 197 0 0 0 51
492 7529 1847 1683 307 0 0 274 35 0 110 0 199 0 0 0 52
493 7520 1851 1684 303 0 0 277 36 0 110 0 203 0 0 0 52
494 7503 1859 1689 300 0 0 282 34 0 112 0 204 0 0 0 53
495 7512 1852 1683 302 0 0 284 33 0 115 0 202 0 0 0 53
496 7500 1856 1690 303 0 0 282 35 0 116 0 201 0 0 0 53
497 7498 1853 1685 310 0 0 284 34 0 116 0 202 0 0 0 54
498 7501 1851 1684 310 0 0 284 34 0 117 0 201 0 0 0 54
499 7491 1852 1683 318 0 0 285 34 0 116 0 203 0 0 0 54
500 7491 1850 1680 320 0 0 285 35 0 115 0 205 0 0 0 55
501 7486 1851 1680 320 0 0 287 35 0 116 0 206 0 0 0 55
502 7490 1848 1678 321 0 0 287 35 0 117 0 205 0 0 0 55
503 7499 1845 1675 315 0 0 289 34 0 119 0 204 0 0 0 56
504 7486 1847 1679 320 0 0 289 35 0 121 0 203 0 0 0 56
505 7487 1844 1676 325 0 0 289 35 0 121 0 203 0 0 0 56
506 7487 1843 1676 326 0 0 288 36 0 121 0 203 0 0 0 56
507 7491 1837 1672 331 0 0 287 37 0 122 0 202 0 0 0 57
508 7487 1837 1674 331 0 0 287 38 0 124 0 201 0 0 0 57
509 7487 1834 1673 335 0 0 286 39 0 125 0 200 0 0 0 57
510 7484 1833 1672 335 0 0 288 39 0 127 0 200 0 0 0 58
511 7490 1830 1669 333 0 0 289 39 0 128 0 200 0 0 0 58
512 7477 1837 1677 331 0 0 289 39 0 129 0 199 0 0 0 58
513 7483 1834 1672 331 0 0 290 38 0 128 0 200 0 0 0 60
514 7487 1829 1667 335 0 0 290 39 0 128 0 201 0 0 0 60
515 7474 1837 1672 331 0 0 293 38 0 128 0 203 0 0 0 60
516 7475 1837 1674 326 0 0 294 38 0 131 0 201 0 0 0 60
517 7467 1836 1676 332 0 0 294 38 0 134 0 198 0 0 0 61
518 7453 1844 1683 331 0 0 294 38 0 133 0 199 0 0 0 61
519 7473 1832 1671 329 0 0 296 39 0 135 0 200 0 0 0 61
520 7460 1838 1676 327 0 0 298 39 0 136 0 201 0 0 0 61
521 7455 1840 1676 326 0 0 300 39 0 136 0 203 0 0 0 61
522 7462 1836 1673 326 0 0 300 39 0 137 0 202 0 0 0 61
523 7474 1828 1665 329 0 0 300 39 0 137 0 202 0 0 0 62
524 7471 1829 1662 327 0 0 304 38 0 137 0 205 0 0 0 63
525 7458 1832 1664 333 0 0 305 38 0 137 0 206 0 0 0 63
526 7459 1831 1662 332 0 0 306 38 0 137 0 207 0 0 0 64
527 7470 1824 1656 332 0 0 307 38 0 139 0 206 0 0 0 64
528 7470 1824 1654 330 0 0 309 38 0 139 0 208 0 0 0 64
529 7468 1825 1650 329 0 0 312 38 0 137 0 213 0 0 0 64
530 7470 1826 1651 324 0 0 313 37 0 138 0 212 0 0 0 65
531 7474 1820 1647 330 0 0 312 38 0 139 0 211 0 0 0 65
532 7472 1820 1648 329 0 0 311 40 0 139 0 212 0 0 0 65
533 7476 1816 1645 332 0 0 312 39 0 141 0 210 0 0 0 65
534 7466 1820 1650 329 0 0 313 40 0 143 0 210 0 0 0 65
535 7475 1816 1647 323 0 0 316 39 0 147 0 208 0 0 0 65
536 7465 1820 1649 325 0 0 317 39 0 146 0 210 0 0 0 65
537 7481 1814 1643 320 0 0 318 38 0 147 0 209 0 0 0 66
538 7483 1811 1639 319 0 0 320 39 0 148 0 211 0 0 0 66
539 7480 1809 1643 320 0 0 319 40 0 153 0 206 0 0 0 66
540 7477 1809 1642 322 0 0 320 40 0 153 0 207 0 0 0 66
541 7472 1813 1647 314 0 0 321 41 0 155 0 207 0 0 0 66
542 7475 1810 1645 314 0 0 322 41 0 157 0 206 0 0 0 66
543 7470 1814 1647 311 0 0 324 40 0 157 0 207 0 0 0 66
544 7468 1817 1651 304 0 0 325 40 0 159 0 206 0 0 0 66
545 7476 1811 1646 307 0 0 325 40 0 160 0 205 0 0 0 66
546 7472 1812 1645 309 0 0 326 40 0 159 0 207 0 0 0 66
547 7470 1812 1644 310 0 0 327 40 0 159 0 208 0 0 0 66
548 7451 1820 1651 310 0 0 328 41 0 159 0 210 0 0 0 66
549 7459 1816 1648 309 0 0 328 41 0 160 0 209 0 0 0 66
550 7458 1816 1648 310 0 0 329 40 0 161 0 208 0 0 0 66
551 7467 1812 1643 309 0 0 330 39 0 161 0 208 0 0 0 67
552 7484 1801 1634 312 0 0 328 41 0 161 0 208 0 0 0 67
553 7485 1800 1635 311 0 0 328 41 0 163 0 206 0 0 0 67
554 7495 1796 1632 308 0 0 327 42 0 163 0 206 0 0 0 67
555 7498 1794 1631 308 0 0 326 43 0 163 0 206 0 0 0 67
556 7486 1802 1639 304 0 0 326 43 0 163 0 206 0 0 0 67
557 7485 1801 1639 305 0 0 327 42 0 165 0 204 0 0 0 68
558 7494 1799 1639 298 0 0 326 43 0 166 0 203 0 0 0 68
559 7502 1794 1636 298 0 0 326 43 0 168 0 201 0 0 0 68
560 7502 1793 1636 297 0 0 326 44 0 169 0 201 0 0 0 68
561 7503 1791 1636 298 0 0 326 44 0 171 0 199 0 0 0 68
562 7506 1792 1634 292 0 0 329 43 0 171 0 201 0 0 0 68
563 7509 1788 1629 294 0 0 330 44 0 171 0 203 0 0 0 68
564 7515 1786 1628 291 0 0 329 45 0 171 0 203 0 0 0 68
565 7515 1785 1626 294 0 0 330 44 0 171 0 203 0 0 0 68
566 7512 1783 1623 298 0 0 332 44 0 172 0 204 0 0 0 68
567 7518 1781 1622 295 0 0 333 43 0 174 0 202 0 0 0 68
568 7534 1774 1616 291 0 0 333 43 0 175 0 201 0 0 0 69
569 7537 1772 1615 291 0 0 334 42 0 177 0 199 0 0 0 69
570 7549 1765 1609 292 0 0 334 42 0 178 0 198 0 0 0 69
571 7551 1765 1609 288 0 0 335 42 0 179 0 198 0 0 0 69
572 7555 1760 1607 289 0 0 335 43 0 182 0 196 0 0 0 69
573 7560 1758 1604 288 0 0 336 42 0 182 0 196 0 0 0 70
574 7564 1758 1603 285 0 0 337 41 0 182 0 196 0 0 0 70
575 7574 1754 1598 281 0 0 339 40 0 183 0 196 0 0 0 71
576 7582 1748 1592 282 0 0 340 40 0 184 0 196 0 0 0 72
577 7580 1745 1590 289 0 0 340 40 0 185 0 195 0 0 0 72
578 7581 1745 1589 289 0 0 339 41 0 183 0 197 0 0 0 72
579 7589 1740 1586 289 0 0 340 40 0 186 0 194 0 0 0 72
580 7581 1742 1591 288 0 0 341 40 0 190 0 191 0 0 0 72
581 7592 1734 1584 290 0 0 340 42 0 190 0 192 0 0 0 72
582 7592 1733 1582 291 0 0 341 42 0 190 0 193 0 0 0 72
583 7602 1723 1576 297 0 0 341 42 0 194 0 189 0 0 0 72
584 7596 1722 1575 301 0 0 343 42 0 196 0 189 0 0 0 72
585 7602 1720 1572 298 0 0 344 42 0 196 0 190 0 0 0 72
586 7609 1715 1567 301 0 0 344 42 0 196 0 190 0 0 0 72
587 7613 1714 1566 299 0 0 344 42 0 196 0 190 0 0 0 72
588 7614 1712 1564 302 0 0 344 42 0 196 0 190 0 0 0 72
589 7620 1708 1561 302 0 0 344 42 0 197 0 189 0 0 0 73
590 7636 1700 1553 302 0 0 344 42 0 197 0 189 0 0 0 73
591 7625 1706 1558 300 0 0 345 42 0 197 0 190 0 0 0 73
592 7614 1707 1563 305 0 0 342 45 0 198 0 189 0 0 0 73
593 7623 1701 1559 306 0 0 342 45 0 200 0 187 0 0 0 73
594 7644 1693 1550 294 0 0 343 48 0 200 0 191 0 0 0 73
595 7648 1691 1549 293 0 0 343 48 0 201 0 190 0 0 0 73
596 7655 1687 1546 291 0 0 343 49 0 202 0 190 0 0 0 73
597 7671 1678 1538 289 0 0 343 50 0 203 0 190 0 0 0 74
598 7667 1678 1539 292 0 0 343 50 0 204 0 189 0 0 0 74
599 7659 1680 1540 295 0 0 344 50 0 204 0 190 0 0 0 74
600 7675 1670 1534 295 0 0 343 51 0 207 0 187 0 0 0 74
601 7681 1666 1531 296 0 0 344 50 0 209 0 185 0 0 0 74
602 7683 1664 1530 296 0 0 345 49 0 211 0 183 0 0 0 75
603 7695 1655 1524 297 0 0 345 50 0 214 0 181 0 0 0 75
604 7704 1650 1519 298 0 0 345 50 0 214 0 181 0 0 0 75
605 7694 1656 1523 296 0 0 346 50 0 213 0 183 0 0 0 75
606 7702 1654 1519 294 0 0 348 48 0 213 0 183 0 0 0 75
607 7704 1652 1519 294 0 0 348 48 0 215 0 181 0 0 0 75
608 7705 1650 1519 295 0 0 349 47 0 218 0 178 0 0 0 75
609 7714 1647 1516 292 0 0 349 47 0 218 0 178 0 0 0 75
610 7716 1643 1515 295 0 0 348 48 0 220 0 176 0 0 0 75
611 7722 1642 1513 290 0 0 348 49 0 219 0 178 0 0 0 75
612 7718 1642 1516 291 0 0 347 50 0 221 0 176 0 0 0 75
613 7718 1643 1519 287 0 0 347 50 0 223 0 174 0 0 0 75
614 7736 1637 1513 281 0 0 347 50 0 223 0 174 0 0 0 75
615 7745 1632 1510 279 0 0 346 51 0 224 0 173 0 0 0 76
616 7758 1626 1505 277 0 0 346 51 0 225 0 172 0 0 0 76
617 7758 1626 1504 276 0 0 347 51 0 225 0 173 0 0 0 76
618 7764 1624 1503 271 0 0 348 51 0 227 0 172 0 0 0 76
619 7761 1626 1505 270 0 0 348 51 0 227 0 172 0 0 0 76
620 7750 1631 1513 267 0 0 348 51 0 230 0 169 0 0 0 77
621 7753 1630 1513 265 0 0 348 51 0 231 0 168 0 0 0 77
622 7748 1632 1514 264 0 0 349 51 0 231 0 169 0 0 0 78
623 7758 1628 1510 262 0 0 350 50 0 232 0 168 0 0 0 78
624 7777 1620 1501 258 0 0 351 50 0 232 0 169 0 0 0 78
625 7785 1614 1495 262 0 0 351 50 0 232 0 169 0 0 0 78
626 7790 1610 1490 264 0 0 352 50 0 232 0 170 0 0 0 78
627 7782 1611 1494 267 0 0 350 52 0 233 0 169 0 0 0 78
628 7791 1605 1490 268 0 0 349 53 0 234 0 168 0 0 0 78
629 7788 1604 1489 272 0 0 350 52 0 235 0 167 0 0 0 79
630 7778 1608 1494 273 0 0 349 53 0 235 0 167 0 0 0 79
631 7784 1603 1491 271 0 0 351 53 0 239 0 165 0 0 0 79
632 7785 1602 1491 270 0 0 350 54 0 239 0 165 0 0 0 80
633 7788 1602 1491 265 0 0 351 54 0 240 0 165 0 0 0 80
634 7789 1602 1488 263 0 0 354 53 0 240 0 167 0 0 0 80
635 7785 1604 1493 260 0 0 354 53 0 243 0 164 0 0 0 80
636 7795 1599 1488 258 0 0 355 53 0 244 0 164 0 0 0 80
637 7786 1601 1491 260 0 0 355 54 0 245 0 164 0 0 0 80
638 7792 1597 1488 261 0 0 356 53 0 247 0 162 0 0 0 80
639 7797 1592 1485 264 0 0 355 54 0 248 0 161 0 0 0 80
640 7805 1591 1483 259 0 0 356 53 0 248 0 161 0 0 0 80
641 7813 1587 1478 260 0 0 357 52 0 248 0 161 0 0 0 80
642 7821 1583 1475 259 0 0 357 52 0 249 0 160 0 0 0 80
643 7828 1581 1473 256 0 0 357 52 0 249 0 160 0 0 0 80
644 7828 1581 1473 255 1 0 357 51 0 250 1 158 0 0 0 81
645 7829 1579 1472 255 1 0 358 51 0 252 1 157 0 0 0 81
646 7828 1577 1471 259 1 0 357 52 0 252 1 157 0 0 0 81
647 7829 1575 1469 262 1 0 357 52 0 252 1 157 0 0 0 81
648 7822 1576 1472 265 1 0 357 52 0 254 1 155 0 0 0 81
649 7817 1578 1474 264 1 0 359 51 0 256 1 154 0 0 0 81
650 7806 1584 1478 261 1 0 360 52 0 255 1 157 0 0 0 81
651 7821 1576 1470 262 1 0 360 52 0 255 1 157 0 0 0 81
652 7832 1567 1465 265 1 0 360 52 0 259 1 153 0 0 0 81
653 7828 1571 1466 262 1 0 363 50 0 259 1 154 0 0 0 81
654 7833 1567 1461 264 1 0 364 50 0 259 1 155 0 0 0 81
655 7828 1570 1465 262 1 0 364 50 0 260 1 154 0 0 0 81
656 7833 1567 1461 264 1 0 364 50 0 259 1 155 0 0 0 81
657 7837 1566 1460 262 1 0 364 50 0 259 1 155 0 0 0 81
658 7837 1567 1462 259 1 0 363 51 0 259 1 155 0 0 0 81
659 7841 1565 1462 257 1 0 361 53 0 259 1 155 0 0 0 81
660 7856 1558 1455 256 1 0 361 53 0 259 1 155 0 0 0 81
661 7870 1550 1449 253 1 0 362 53 0 262 1 153 0 0 0 82
662 7886 1543 1443 248 1 0 363 53 0 264 1 152 0 0 0 82
663 7886 1542 1441 249 1 0 365 52 0 265 1 152 0 0 0 82
664 7878 1545 1447 248 1 0 365 52 0 268 1 149 0 0 0 82
665 7881 1543 1446 248 1 0 365 52 0 269 1 148 0 0 0 82
666 7888 1537 1441 252 1 0 364 53 0 269 1 148 0 0 0 82
667 7883 1540 1444 251 1 0 364 53 0 269 1 148 0 0 0 82
668 7884 1539 1444 251 1 0 364 53 0 270 1 147 0 0 0 82
669 7877 1542 1447 252 1 0 364 53 0 270 1 147 0 0 0 82
670 7885 1540 1447 244 1 0 364 54 0 272 1 146 0 0 0 82
671 7894 1537 1444 241 1 0 365 53 0 273 1 145 0 0 0 82
672 7916 1529 1437 234 1 0 365 53 0 274 1 144 0 0 0 82
673 7914 1530 1436 233 1 0 367 52 0 274 1 145 0 0 0 83
674 7907 1533 1441 232 1 0 367 52 0 276 1 143 0 0 0 83
675 7911 1529 1439 232 1 0 366 54 0 277 1 143 0 0 0 83
676 7922 1524 1434 231 1 0 365 55 0 276 1 144 0 0 0 83
677 7930 1520 1428 231 1 0 366 55 0 275 1 146 0 0 0 83
678 7934 1519 1427 229 1 0 366 55 0 275 1 146 0 0 0 83
679 7944 1516 1423 224 1 0 367 55 0 275 1 147 0 0 0 83
680 7953 1511 1420 223 1 0 366 56 0 276 1 146 0 0 0 83
681 7957 1513 1422 215 1 0 366 56 0 276 1 146 0 0 0 83
682 7960 1509 1420 218 1 0 365 57 0 277 1 145 0 0 0 83
683 7974 1502 1414 217 1 0 365 57 0 278 1 144 0 0 0 83
684 7977 1500 1413 217 1 0 365 57 0 279 1 143 0 0 0 83
685 7995 1490 1405 217 1 0 365 57 0 281 1 141 0 0 0 83
686 7994 1490 1406 217 1 0 365 57 0 282 1 140 0 0 0 83
687 7997 1488 1406 216 1 0 365 57 0 284 1 138 0 0 0 83
688 7995 1489 1407 214 1 0 365 58 0 284 1 139 0 0 0 83
689 8008 1482 1400 213 1 0 365 59 0 284 1 140 0 0 0 83
690 7996 1486 1406 215 1 0 363 61 0 284 1 140 0 0 0 83
691 7999 1485 1406 213 1 0 362 62 0 284 1 140 0 0 0 83
692 8007 1482 1403 211 1 0 363 61 0 285 1 139 0 0 0 83
693 8011 1481 1401 210 1 0 364 60 0 285 1 139 0 0 0 83
694 8002 1487 1406 206 1 0 364 61 0 284 1 141 0 0 0 83
695 8008 1483 1404 206 1 0 363 62 0 285 1 140 0 0 0 83
696 8021 1475 1399 206 1 0 363 62 0 288 1 137 0 0 0 83
697 8028 1471 1395 207 1 0 363 62 0 288 1 137 0 0 0 83
698 8028 1473 1396 204 1 0 363 62 0 287 1 138 0 0 0 83
699 8043 1465 1389 202 1 0 363 63 0 288 1 138 0 0 0 83
700 8049 1461 1385 204 1 0 362 64 0 287 1 139 0 0 0 83
701 8056 1459 1383 201 1 0 362 64 0 287 1 139 0 0 0 83
702 8069 1452 1378 200 1 0 361 65 0 288 1 138 0 0 0 83
703 8084 1446 1372 197 1 0 361 65 0 288 1 138 0 0 0 83
704 8091 1443 1371 194 1 0 361 65 0 290 1 136 0 0 0 83
705 8090 1443 1373 193 1 0 360 66 0 291 1 135 0 0 0 83
706 8089 1443 1374 193 1 0 359 67 0 291 1 135 0 0 0 83
707 8100 1436 1367 196 1 0 359 67 0 291 1 135 0 0 0 83
708 8103 1434 1366 196 1 0 359 67 0 292 1 134 0 0 0 83
709 8099 1436 1368 196 1 0 359 67 0 292 1 134 0 0 0 83
710 8097 1436 1369 197 1 0 358 68 0 292 1 134 0 0 0 83
711 8103 1435 1369 192 1 0 358 68 0 293 1 133 0 0 0 83
712 8104 1432 1368 195 1 0 358 68 0 295 1 131 0 0 0 83
713 8126 1420 1360 193 1 0 357 69 0 298 1 128 0 0 0 83
714 8153 1407 1348 191 1 0 357 69 0 299 1 127 0 0 0 83
715 8160 1403 1342 193 1 0 359 67 0 299 1 127 0 0 0 84
716 8167 1401 1340 190 1 0 360 66 0 300 1 126 0 0 0 84
717 8176 1398 1335 188 1 0 362 64 0 300 1 126 0 0 0 85
718 8176 1396 1336 189 1 0 361 65 0 302 1 124 0 0 0 85
719 8182 1394 1334 187 1 0 361 65 0 302 1 124 0 0 0 85
720 8172 1397 1336 192 1 0 361 65 0 301 1 125 0 0 0 85
721 8178 1395 1335 189 1 0 361 65 0 302 1 124 0 0 0 85
722 8182 1394 1332 187 1 0 362 65 0 301 1 126 0 0 0 85
723 8192 1388 1326 189 1 0 363 64 0 302 1 125 0 0 0 85
724 8206 1383 1319 185 1 0 365 63 0 302 1 126 0 0 0 85
725 8215 1379 1315 184 1 0 365 63 0 302 1 126 0 0 0 85
726 8223 1376 1312 182 1 0 365 62 0 302 1 125 0 0 0 87
727 8225 1375 1311 179 1 0 367 61 0 304 1 124 0 0 0 88
728 8221 1375 1311 183 1 0 367 61 0 304 1 124 0 0 0 88
729 8219 1375 1312 184 1 0 367 61 0 305 1 123 0 0 0 88
730 8224 1373 1311 182 1 0 367 61 0 306 1 122 0 0 0 88
731 8221 1373 1309 186 1 0 370 58 0 307 1 121 0 0 0 89
732 8234 1365 1303 187 1 0 370 58 0 309 1 119 0 0 0 89
733 8235 1364 1303 187 1 0 370 58 0 310 1 118 0 0 0 89
734 8239 1360 1299 191 1 0 370 58 0 310 1 118 0 0 0 89
735 8245 1356 1295 193 1 0 370 58 0 310 1 118 0 0 0 89
736 8243 1358 1296 192 1 0 371 57 0 310 1 118 0 0 0 89
737 8256 1355 1289 187 1 0 375 54 0 310 1 119 0 0 0 89
738 8262 1350 1287 188 1 0 376 53 0 314 1 115 0 0 0 89
739 8256 1352 1291 188 1 0 375 54 0 315 1 114 0 0 0 89
740 8273 1343 1282 189 1 0 375 54 0 315 1 114 0 0 0 89
741 8275 1341 1281 190 1 0 374 55 0 315 1 114 0 0 0 89
742 8299 1328 1269 191 1 0 374 55 0 316 1 113 0 0 0 89
743 8298 1329 1270 190 1 0 374 55 0 316 1 113 0 0 0 89
744 8311 1323 1265 188 1 0 374 55 0 317 1 112 0 0 0 89
745 8311 1324 1266 186 1 0 374 55 0 317 1 112 0 0 0 89
746 8311 1322 1266 188 1 0 374 55 0 319 1 110 0 0 0 89
747 8313 1320 1265 189 1 0 374 55 0 320 1 109 0 0 0 89
748 8322 1318 1263 184 1 0 374 55 0 320 1 109 0 0 0 89
749 8329 1316 1262 180 1 0 373 56 0 320 1 109 0 0 0 89
750 8335 1315 1262 175 1 0 373 56 0 321 1 108 0 0 0 89
751 8327 1318 1265 176 1 0 373 56 0 321 1 108 0 0 0 90
752 8320 1321 1268 177 1 0 373 56 0 321 1 108 0 0 0 90
753 8330 1318 1265 173 1 0 373 56 0 321 1 108 0 0 0 90
754 8339 1311 1260 176 1 0 372 57 0 322 1 107 0 0 0 90
755 8339 1311 1261 175 1 0 371 58 0 322 1 107 0 0 0 90
756 8346 1307 1259 174 1 0 370 59 0 323 1 106 0 0 0 90
757 8359 1302 1254 169 1 0 370 60 0 323 1 107 0 0 0 90
758 8360 1302 1253 167 1 0 372 59 0 324 1 107 0 0 0 90
759 8365 1300 1250 167 1 1 372 58 0 323 2 107 0 0 0 90
760 8376 1294 1242 170 1 1 373 57 0 322 2 108 0 0 0 90
761 8382 1290 1239 171 1 1 373 57 0 323 2 107 0 0 0 90
762 8382 1290 1241 169 0 2 373 57 0 324 2 106 0 0 0 90
763 8376 1293 1243 170 0 2 373 57 0 323 2 107 0 0 0 90
764 8373 1296 1244 169 0 2 374 56 0 322 3 107 0 1 0 89
765 8369 1298 1247 168 0 2 374 56 0 323 3 106 0 1 0 89
766 8368 1300 1248 166 0 2 375 55 0 323 3 106 0 1 0 89
767 8372 1296 1245 169 0 2 375 55 0 324 3 105 0 1 0 89
768 8385 1290 1240 167 0 2 375 55 0 325 3 104 0 1 0 89
769 8399 1285 1234 164 0 2 375 55 0 324 3 105 0 1 0 89
770 8404 1284 1233 159 0 2 375 56 0 324 3 106 0 1 0 89
771 8406 1284 1232 158 0 2 376 55 0 324 3 106 0 1 0 89
772 8419 1275 1225 161 0 2 376 55 0 326 3 104 0 1 0 89
773 8432 1269 1219 160 0 2 376 55 0 326 3 104 0 1 0 89
774 8432 1269 1219 160 0 2 376 55 0 326 3 104 0 1 0 89
775 8431 1271 1221 157 0 2 376 55 0 326 3 104 0 1 0 89
776 8425 1274 1225 156 0 2 375 56 0 326 3 104 0 1 0 89
777 8431 1271 1223 153 0 2 375 57 0 327 3 104 0 1 0 89
778 8439 1266 1220 153 0 2 375 57 0 329 3 102 0 1 0 89
779 8473 1248 1204 153 0 2 375 57 0 331 3 100 0 1 0 89
780 8482 1244 1200 152 0 2 375 57 0 331 3 100 0 1 0 89
781 8492 1241 1196 149 0 1 374 59 0 329 2 103 0 1 0 89
782 8501 1237 1193 147 0 1 373 60 0 329 2 103 0 1 0 89
783 8500 1238 1194 146 0 1 373 60 0 329 2 103 0 1 0 89
784 8506 1234 1190 148 0 1 373 60 0 329 2 103 0 1 0 89
785 8519 1228 1183 146 0 1 375 59 0 330 2 103 0 1 0 89
786 8519 1229 1183 145 0 1 375 59 0 329 2 104 0 1 0 89
787 8507 1233 1187 149 0 1 375 59 0 329 2 104 0 1 0 89
788 8509 1232 1186 147 0 1 375 60 0 329 2 105 0 1 0 89
789 8509 1232 1186 145 0 1 376 60 0 330 2 105 0 1 0 89
790 8513 1231 1185 143 0 1 376 60 0 330 2 105 0 1 0 89
791 8523 1226 1180 143 0 1 376 60 0 330 2 105 0 1 0 89
792 8531 1222 1179 140 0 1 376 60 1 332 1 103 0 1 0 89
793 8539 1219 1174 138 0 1 378 59 1 332 1 104 0 1 0 89
794 8552 1215 1170 133 0 1 378 59 1 332 1 104 0 1 0 89
795 8548 1217 1173 132 0 1 378 59 1 333 1 103 0 1 0 89
796 8556 1214 1171 129 0 1 378 59 1 334 1 102 0 1 0 89
797 8562 1211 1167 130 0 1 379 58 1 334 1 102 0 1 0 89
798 8562 1211 1167 130 0 1 380 57 2 334 0 102 0 1 0 89
799 8563 1210 1167 130 0 1 379 58 2 334 0 102 0 1 0 89
800 8563 1209 1166 132 0 1 379 58 2 334 0 102 0 1 0 89
801 8584 1198 1156 132 0 1 378 59 2 334 0 102 0 1 0 89
802 8594 1193 1151 132 0 1 378 59 2 334 0 102 0 1 0 89
803 8594 1192 1151 133 0 1 378 59 2 335 0 101 0 1 0 89
804 8595 1192 1150 133 0 1 379 58 2 335 0 101 0 1 0 89
805 8593 1192 1153 132 0 1 379 58 2 338 0 98 0 1 0 89
806 8603 1185 1149 133 0 1 378 59 2 340 0 96 0 1 0 89
807 8609 1183 1147 131 0 1 378 59 2 340 0 96 0 1 0 89
808 8611 1182 1146 131 0 1 378 59 2 340 0 96 0 1 0 89
809 8619 1177 1143 131 0 1 378 59 2 342 0 94 0 1 0 89
810 8624 1175 1141 130 0 1 378 59 2 342 0 94 0 1 0 89
811 8626 1173 1140 131 0 1 378 59 2 343 0 93 0 1 0 89
812 8639 1167 1134 130 0 1 378 59 2 343 0 93 0 1 0 89
813 8640 1167 1134 129 0 1 378 59 2 343 0 93 0 1 0 89
814 8650 1162 1130 128 0 1 378 59 2 344 0 92 0 1 0 89
815 8651 1160 1130 129 0 1 378 59 2 346 0 90 0 1 0 89
816 8650 1161 1131 128 0 1 377 60 2 345 0 91 0 1 0 89
817 8652 1160 1131 127 0 1 376 61 2 345 0 91 0 1 0 89
818 8663 1155 1128 124 0 1 376 61 2 347 0 89 0 1 0 89
819 8661 1154 1127 128 0 1 376 61 2 347 0 89 0 1 0 89
820 8666 1152 1124 128 0 1 377 60 2 347 0 89 0 1 0 89
821 8679 1145 1118 128 0 1 377 60 2 348 0 88 0 1 0 89
822 8682 1144 1117 127 0 1 377 60 2 348 0 88 0 1 0 89
823 8682 1145 1116 127 0 1 378 59 2 347 0 89 0 1 0 89
824 8682 1142 1117 129 0 1 377 60 2 350 0 86 0 1 0 89
825 8678 1144 1119 129 0 1 377 60 2 350 0 86 0 1 0 89
826 8676 1146 1122 126 0 1 377 60 2 351 0 85 0 1 0 89
827 8676 1146 1122 124 0 1 379 59 2 353 0 84 0 1 0 89
828 8681 1144 1120 123 0 1 378 60 2 352 0 85 0 1 0 89
829 8690 1138 1114 126 0 1 379 59 2 353 0 84 0 1 0 89
830 8703 1131 1106 127 0 1 380 58 2 353 0 84 0 1 0 90
831 8709 1127 1104 127 0 1 380 58 2 355 0 82 0 1 0 90
832 8713 1126 1103 125 0 1 380 58 2 355 0 82 0 1 0 90
833 8721 1122 1100 124 0 1 380 58 2 356 0 81 0 1 0 90
834 8724 1120 1098 125 0 1 380 58 2 356 0 81 0 1 0 90
835 8736 1115 1092 124 0 1 381 57 2 356 0 81 0 1 0 90
836 8734 1116 1092 125 0 1 382 56 2 356 0 81 0 1 0 90
837 8735 1115 1093 124 0 1 382 56 2 358 0 79 0 1 0 90
838 8745 1110 1088 124 0 1 382 56 2 358 0 79 0 1 0 90
839 8746 1110 1088 123 0 1 382 56 2 358 0 79 0 1 0 90
840 8752 1108 1084 123 0 1 383 55 2 357 0 80 0 1 0 90
841 8751 1109 1085 122 0 1 383 55 2 357 0 80 0 1 0 90
842 8756 1107 1083 121 0 1 382 56 2 356 0 81 0 1 0 90
843 8768 1101 1078 120 0 1 383 55 2 358 0 79 0 1 0 90
844 8758 1106 1083 120 0 1 383 55 2 358 0 79 0 1 0 90
845 8770 1101 1078 118 0 1 383 55 2 358 0 79 0 1 0 90
846 8779 1096 1074 117 0 1 385 53 2 361 0 76 0 1 0 91
847 8768 1102 1079 117 0 1 385 53 2 360 0 77 0 1 0 91
848 8767 1103 1080 116 0 1 385 53 2 360 0 77 0 1 0 91
849 8778 1097 1076 115 0 1 384 54 2 361 0 76 0 1 0 91
850 8782 1096 1075 113 0 1 384 54 2 361 0 76 0 1 0 91
851 8777 1098 1077 114 0 1 384 54 2 361 0 76 0 1 0 91
852 8781 1095 1074 116 0 1 384 54 2 361 0 76 0 1 0 91
853 8795 1089 1067 115 0 1 385 53 2 361 0 76 0 1 0 91
854 8803 1085 1062 114 0 1 386 53 2 361 0 77 0 1 0 91
855 8800 1086 1063 115 0 1 386 53 2 361 0 77 0 1 0 91
856 8808 1081 1058 117 0 1 386 53 2 361 0 77 0 1 0 91
857 8812 1078 1056 117 0 1 386 53 2 362 0 76 0 1 0 92
858 8810 1079 1058 116 0 1 386 53 2 363 0 75 0 1 0 92
859 8822 1073 1053 115 0 1 385 54 2 363 0 75 0 1 0 92
860 8816 1077 1058 112 0 1 383 56 2 362 0 76 0 1 0 92
861 8818 1077 1058 110 0 1 383 56 2 362 0 76 0 1 0 92
862 8820 1076 1057 110 0 1 383 56 2 362 0 76 0 1 0 92
863 8824 1074 1055 110 0 1 384 55 2 363 0 75 0 1 0 92
864 8836 1069 1050 108 0 1 384 55 2 363 0 75 0 1 0 92
865 8845 1063 1046 109 0 1 383 56 2 364 0 74 0 1 0 92
866 8852 1058 1041 112 0 1 384 55 2 365 0 73 0 1 0 92
867 8860 1053 1036 114 0 1 385 54 2 366 0 72 0 1 0 92
868 8858 1053 1036 116 0 1 386 53 2 367 0 71 0 1 0 92
869 8849 1057 1039 118 0 1 386 53 2 366 0 72 0 1 0 92
870 8846 1058 1041 118 0 1 385 54 2 366 0 72 0 1 0 92
871 8848 1057 1040 118 0 1 385 54 2 366 0 72 0 1 0 92
872 8847 1058 1041 117 0 1 385 54 2 366 0 72 0 1 0 92
873 8851 1056 1039 117 0 1 385 54 2 366 0 72 0 1 0 92
874 8851 1055 1038 119 0 1 385 54 2 366 0 72 0 1 0 92
875 8849 1057 1039 118 0 1 385 54 2 365 0 73 0 1 0 92
876 8856 1054 1035 118 0 1 386 53 2 365 0 73 0 1 0 92
877 8860 1052 1034 117 0 1 386 53 2 366 0 72 0 1 0 92
878 8866 1053 1033 111 0 1 386 53 2 364 0 74 0 1 0 92
879 8871 1051 1031 110 0 1 386 53 2 364 0 74 0 1 0 92
880 8882 1045 1025 111 0 1 386 53 2 364 0 74 0 1 0 92
881 8889 1042 1024 108 0 1 387 52 2 367 0 71 0 1 0 92
882 8885 1045 1026 107 0 1 386 53 2 365 0 73 0 1 0 92
883 8885 1045 1026 107 0 1 386 53 2 365 0 73 0 1 0 92
884 8893 1041 1023 106 0 1 385 54 2 365 0 73 0 1 0 92
885 8899 1040 1022 102 0 1 385 54 2 365 0 73 0 1 0 92
886 8902 1038 1020 103 0 1 385 54 2 365 0 73 0 1 0 92
887 8905 1036 1019 103 0 1 385 54 2 366 0 72 0 1 0 92
888 8905 1036 1017 105 1 0 385 54 2 365 0 73 0 1 0 92
889 8900 1038 1019 106 1 0 385 54 2 365 0 73 0 1 0 92
890 8903 1037 1019 104 1 0 385 54 2 366 0 72 0 1 0 92
891 8914 1031 1013 105 1 0 385 54 2 366 0 72 0 1 0 92
892 8917 1030 1012 104 1 0 385 54 2 366 0 72 0 1 0 92
893 8917 1031 1015 100 1 0 384 55 2 367 0 71 0 1 0 92
894 8927 1026 1010 100 1 0 384 55 2 367 0 71 0 1 0 92
895 8936 1022 1007 98 1 0 384 55 2 368 0 70 0 1 0 92
896 8949 1017 1001 96 1 0 384 55 2 367 0 71 0 1 0 92
897 8960 1013 996 94 1 0 385 54 2 367 0 71 0 1 0 92
898 8970 1009 991 93 1 0 386 53 2 367 0 71 0 1 0 92
899 8971 1010 991 91 1 0 387 52 2 367 0 71 0 1 0 92
900 8970 1010 993 90 1 0 387 52 2 369 0 69 0 1 0 92
901 8965 1010 995 93 1 0 387 52 2 371 0 67 0 1 0 92
902 8972 1005 992 94 1 0 388 51 2 374 0 64 0 1 0 92
903 8977 1002 989 95 1 0 388 51 2 374 0 64 0 1 0 92
904 8993 994 981 95 1 0 388 51 2 374 0 64 0 1 0 92
905 9005 988 974 96 1 0 388 51 1 374 0 65 0 0 0 93
906 9012 985 970 96 1 0 389 50 1 374 0 65 0 0 0 93
907 9030 976 960 95 1 0 390 50 1 374 0 66 0 0 0 93
908 9026 979 963 93 1 0 390 50 1 374 0 66 0 0 0 93
909 9027 979 963 92 1 0 390 50 1 374 0 66 0 0 0 93
910 9025 980 964 92 1 0 390 50 1 374 0 66 0 0 0 93
911 9029 979 964 89 1 0 390 50 1 375 0 65 0 0 0 93
912 9038 975 960 88 1 0 390 50 1 375 0 65 0 0 0 93
913 9035 977 962 87 1 0 390 50 1 375 0 65 0 0 0 93
914 9036 977 962 86 1 0 390 50 1 375 0 65 0 0 0 93
915 9043 974 960 84 1 1 390 49 2 375 0 64 0 0 0 93
916 9043 973 959 86 1 1 390 49 2 375 0 64 0 0 0 93
917 9043 974 960 83 1 1 391 48 2 376 0 63 0 0 0 94
918 9047 972 958 83 1 1 391 48 2 376 0 63 0 0 0 94
919 9044 976 959 79 1 1 392 48 2 374 0 66 0 0 0 94
920 9050 973 957 78 1 1 392 48 2 375 0 65 0 0 0 94
921 9052 971 955 80 1 1 392 48 2 375 0 65 0 0 0 94
922 9069 961 947 81 1 1 391 49 2 376 0 64 0 0 0 94
923 9063 964 950 81 1 1 390 50 2 375 0 65 0 0 0 94
924 9070 960 947 81 1 1 390 50 2 376 0 64 0 0 0 94
925 9081 955 942 80 1 1 390 50 2 376 0 64 0 0 0 94
926 9091 951 938 78 1 1 391 49 2 377 0 63 0 0 0 94
927 9098 947 933 80 1 1 391 49 2 376 0 64 0 0 0 94
928 9116 938 923 81 1 1 392 48 2 376 0 64 0 0 0 94
929 9124 932 917 85 1 1 392 48 2 376 0 64 0 0 0 94
930 9136 924 913 85 1 1 392 48 2 380 0 60 0 0 0 94
931 9133 925 915 85 1 1 392 48 2 381 0 59 0 0 0 94
932 9130 925 915 88 1 1 392 48 2 381 0 59 0 0 0 94
933 9127 928 918 85 1 1 392 48 2 381 0 59 0 0 0 94
934 9128 927 918 85 1 1 391 49 2 381 0 59 0 0 0 94
935 9124 929 920 85 1 1 391 49 2 381 0 59 0 0 0 94
936 9124 929 919 84 1 1 392 49 2 381 0 60 0 0 0 94
937 9130 924 915 87 1 1 392 49 2 382 0 59 0 0 0 94
938 9133 923 912 88 1 1 394 47 2 382 0 59 0 0 0 94
939 9147 917 904 88 1 1 396 45 2 382 0 59 0 0 0 94
940 9151 916 903 86 1 1 396 45 2 382 0 59 0 0 0 94
941 9153 915 902 86 1 1 396 45 2 382 0 59 0 0 0 94
942 9148 919 905 84 1 1 397 44 2 382 0 59 0 0 0 94
943 9151 918 904 83 1 1 397 44 2 382 0 59 0 0 0 94
944 9152 919 904 81 1 1 397 44 2 381 0 60 0 0 0 94
945 9155 918 905 78 1 1 396 45 2 382 0 59 0 0 0 94
946 9164 914 902 76 1 1 396 45 2 383 0 58 0 0 0 94
947 9166 913 900 74 1 1 397 45 2 383 0 59 0 0 0 95
948 9177 908 895 73 1 1 397 45 2 383 0 59 0 0 0 95
949 9182 905 893 73 1 1 397 45 2 384 0 58 0 0 0 95
950 9190 901 889 73 1 1 397 45 2 384 0 58 0 0 0 95
951 9189 901 890 73 1 1 397 45 2 385 0 57 0 0 0 95
952 9194 900 888 71 1 1 398 44 2 385 0 57 0 0 0 95
953 9203 895 884 71 1 1 398 44 2 386 0 56 0 0 0 95
954 9207 894 881 71 1 1 398 44 2 384 0 58 0 0 0 95
955 9208 894 882 69 1 1 398 44 2 385 0 57 0 0 0 95
956 9201 897 885 70 1 1 400 42 2 387 0 55 0 0 0 95
957 9204 895 884 70 1 1 400 42 2 388 0 54 0 0 0 95
958 9217 890 879 67 1 1 400 42 2 388 0 54 0 0 0 95
959 9223 887 877 66 1 1 400 42 2 389 0 53 0 0 0 95
960 9219 890 879 65 1 1 400 42 2 388 0 54 0 0 0 95
961 9228 885 877 63 1 1 399 43 2 390 0 52 0 0 0 95
962 9226 887 878 62 1 1 399 43 2 389 0 53 0 0 0 95
963 9228 886 877 61 1 1 400 42 2 390 0 52 0 0 0 96
964 9227 886 876 61 1 1 401 42 2 390 0 53 0 0 0 96
965 9229 885 875 61 1 1 401 42 2 390 0 53 0 0 0 96
966 9227 886 876 61 1 1 401 42 2 390 0 53 0 0 0 96
967 9234 883 873 60 1 1 401 42 2 390 0 53 0 0 0 96
968 9228 885 875 62 1 1 401 42 2 390 0 53 0 0 0 96
969 9229 884 873 64 1 1 402 41 2 390 0 53 0 0 0 96
970 9236 880 870 64 1 1 402 41 2 391 0 52 0 0 0 96
971 9243 876 867 64 1 1 402 41 2 392 0 51 0 0 0 96
972 9251 872 864 65 1 1 401 41 2 392 0 50 0 0 0 96
973 9277 859 850 63 1 1 403 40 2 393 0 50 0 0 0 97
974 9276 859 847 63 1 1 406 39 2 393 0 52 0 0 0 97
975 9279 857 846 63 1 1 406 39 2 394 0 51 0 0 0 97
976 9281 857 843 64 1 1 408 37 2 393 0 52 0 0 0 97
977 9291 853 838 63 1 1 409 36 2 393 0 52 0 0 0 97
978 9298 850 835 62 1 1 409 36 2 393 0 52 0 0 0 97
979 9300 849 833 62 1 1 410 35 2 393 0 52 0 0 0 98
980 9302 849 831 62 1 1 411 34 2 392 0 53 0 0 0 98
981 9309 846 828 61 1 1 411 34 2 392 0 53 0 0 0 98
982 9311 846 827 60 1 1 412 33 2 392 0 53 0 0 0 98
983 9314 845 825 60 1 1 413 32 2 392 0 53 0 0 0 98
984 9311 846 826 61 1 1 413 32 2 392 0 53 0 0 0 98
985 9312 846 826 60 1 1 413 32 2 392 0 53 0 0 0 98
986 9317 844 823 60 1 1 415 30 2 393 0 52 0 0 0 98
987 9320 843 823 58 1 1 414 31 2 393 0 52 0 0 0 98
988 9321 842 824 57 1 1 413 32 2 394 0 51 0 0 0 98
989 9324 840 822 58 1 1 413 32 2 394 0 51 0 0 0 98
990 9322 841 823 58 1 1 413 32 2 394 0 51 0 0 0 98
991 9333 836 818 57 1 1 413 32 2 394 0 51 0 0 0 98
992 9342 830 813 59 1 1 413 32 2 395 0 50 0 0 0 98
993 9351 824 810 59 1 1 412 33 2 397 0 48 0 0 0 98
994 9357 821 807 59 1 1 412 33 2 397 0 48 0 0 0 98
995 9364 818 803 59 1 1 413 32 2 397 0 48 0 0 0 98
996 9373 814 799 58 1 1 413 32 2 397 0 48 0 0 0 98
997 9379 811 797 57 1 1 413 32 2 398 0 47 0 0 0 98
998 9376 811 798 59 1 1 413 32 2 399 0 46 0 0 0 98
999 9377 810 796 59 1 1 414 32 2 399 0 47 0 0 0 98
1000 9379 810 795 58 1 1 414 32 2 398 0 48 0 0 0 98
1001 9393 803 787 59 1 1 414 32 2 397 0 49 0 0 0 98
1002 9399 800 784 58 1 1 414 32 2 397 0 49 0 0 0 99
1003 9406 796 781 58 1 1 413 33 2 397 0 49 0 0 0 99
1004 9407 795 781 58 1 1 413 33 2 398 0 48 0 0 0 99
1005 9411 792 779 59 1 1 413 33 2 399 0 47 0 0 0 99
1006 9416 790 778 57 1 1 412 34 2 399 0 47 0 0 0 99
1007 9426 786 774 55 1 1 412 34 2 399 0 47 0 0 0 99
1008 9424 787 774 56 1 1 412 34 2 398 0 48 0 0 0 99
1009 9433 784 770 54 1 1 413 33 2 398 0 48 0 0 0 99
1010 9444 778 764 55 1 1 413 33 2 398 0 48 0 0 0 99
1011 9455 773 759 54 1 1 413 33 2 398 0 48 0 0 0 99
1012 9456 772 758 55 1 1 413 33 2 398 0 48 0 0 0 99
1013 9470 764 751 56 1 1 413 33 2 399 0 47 0 0 0 99
1014 9471 764 750 56 1 1 415 31 2 400 0 46 0 0 0 99
1015 9474 763 749 55 1 1 415 31 2 400 0 46 0 0 0 99
1016 9480 760 746 55 1 1 415 31 2 400 0 46 0 0 0 99
1017 9484 758 744 55 1 1 415 31 2 400 0 46 0 0 0 99
1018 9485 757 744 55 1 1 415 31 2 401 0 45 0 0 0 99
1019 9488 756 742 54 1 1 416 30 2 401 0 45 0 0 0 100
1020 9495 753 740 52 1 1 415 31 2 401 0 45 0 0 0 100
1021 9493 754 741 52 1 1 415 31 2 401 0 45 0 0 0 100
1022 9495 753 741 51 1 1 415 31 2 402 0 44 0 0 0 100
1023 9503 749 738 50 1 1 415 31 2 403 0 43 0 0 0 100
1024 9501 750 739 50 1 1 415 31 2 403 0 43 0 0 0 100
1025 9498 752 740 50 1 1 416 30 2 403 0 43 0 0 0 100
1026 9498 752 740 50 2 1 416 29 3 403 0 42 0 0 0 100
1027 9496 752 741 51 2 1 416 29 3 404 0 41 0 0 0 100
1028 9506 747 737 50 2 1 416 29 3 405 0 40 0 0 0 100
1029 9514 742 734 50 2 1 415 30 3 406 0 39 0 0 0 100
1030 9525 736 728 51 2 1 415 30 3 406 0 39 0 0 0 100
1031 9526 733 727 54 2 1 414 31 3 407 0 38 0 0 0 100
1032 9534 729 723 54 2 1 415 30 3 408 0 37 0 0 0 100
1033 9533 730 722 55 2 1 416 29 2 408 1 37 0 0 0 100
1034 9533 729 722 56 2 1 415 30 2 408 1 37 0 0 0 100
1035 9538 727 719 56 2 1 416 29 2 408 1 37 0 0 0 100
1036 9540 726 718 56 2 1 416 29 2 408 1 37 0 0 0 100
1037 9534 729 721 56 2 1 416 29 2 408 1 37 0 0 0 100
1038 9537 727 721 55 2 1 416 29 2 410 1 35 0 0 0 100
1039 9542 725 718 55 2 1 417 28 2 410 1 35 0 0 0 100
1040 9548 722 714 56 2 1 418 27 2 410 1 35 0 0 0 100
1041 9541 725 717 57 2 1 418 27 2 410 1 35 0 0 0 100
1042 9549 722 713 56 2 1 419 26 2 410 1 35 0 0 0 100
1043 9560 718 708 54 2 1 420 25 2 410 1 35 0 0 0 100
1044 9557 720 709 54 2 1 420 25 2 409 1 36 0 0 0 100
1045 9556 721 710 53 2 1 420 25 2 409 1 36 0 0 0 100
1046 9558 720 709 53 3 1 419 25 3 408 1 36 0 0 0 100
1047 9558 718 708 54 3 1 419 26 3 409 1 36 0 0 0 100
1048 9564 715 705 54 3 1 419 26 3 409 1 36 0 0 0 100
1049 9567 714 703 54 3 1 419 26 3 408 1 37 0 0 0 100
1050 9575 711 700 52 3 1 419 26 3 408 1 37 0 0 0 100
1051 9585 705 695 53 3 1 418 27 3 408 1 37 0 0 0 100
1052 9577 709 699 53 3 1 418 27 3 408 1 37 0 0 0 100
1053 9580 707 698 53 3 1 418 27 3 409 1 36 0 0 0 100
1054 9578 708 698 54 3 1 418 27 3 408 1 37 0 0 0 100
1055 9577 709 698 52 3 1 419 27 3 408 1 38 0 0 0 100
1056 9578 709 697 52 3 1 420 26 3 408 1 38 0 0 0 100
1057 9587 704 692 53 3 1 420 26 3 408 1 38 0 0 0 100
1058 9590 703 691 52 3 1 420 25 3 408 1 37 0 0 0 102
1059 9591 702 691 52 3 1 420 25 3 409 1 36 0 0 0 102
1060 9593 702 690 51 3 1 420 25 3 408 1 37 0 0 0 102
1061 9610 694 682 50 3 1 420 25 3 408 1 37 0 0 0 102
1062 9621 690 678 47 3 1 419 26 3 407 1 38 0 0 0 102
1063 9637 682 670 47 3 1 419 26 3 407 1 38 0 0 0 102
1064 9641 681 669 47 3 1 418 26 3 406 1 38 0 0 0 102
1065 9645 680 666 47 3 1 419 25 3 405 1 39 0 0 0 102
1066 9652 676 662 48 3 1 419 25 3 405 1 39 0 0 0 102
1067 9657 673 660 48 3 1 419 25 3 406 1 38 0 0 0 102
1068 9660 671 658 49 3 1 419 25 3 406 1 38 0 0 0 102
1069 9669 667 654 48 3 1 419 25 3 406 1 38 0 0 0 102
1070 9670 666 654 48 3 1 419 25 3 407 1 37 0 0 0 102
1071 9670 666 654 48 3 1 419 25 3 407 1 37 0 0 0 102
1072 9671 666 654 47 3 1 419 25 3 407 1 37 0 0 0 102
1073 9675 663 653 47 3 1 418 26 3 408 1 36 0 0 0 102
1074 9686 658 648 46 3 1 418 26 3 408 1 36 0 0 0 102
1075 9695 654 644 45 3 1 418 26 3 408 1 36 0 0 0 102
1076 9690 657 647 44 3 1 418 26 3 408 1 36 0 0 0 102
1077 9690 657 647 44 3 1 418 26 3 408 1 36 0 0 0 102
1078 9694 655 645 44 3 1 418 26 3 408 1 36 0 0 0 102
1079 9691 655 645 47 3 1 418 26 3 408 1 36 0 0 0 102
1080 9701 651 640 46 3 1 419 25 3 408 1 36 0 0 0 102
1081 9697 653 642 46 3 1 419 25 3 408 1 36 0 0 0 102
1082 9695 654 643 46 3 1 419 25 3 408 1 36 0 0 0 102
1083 9692 656 643 47 3 1 421 23 3 408 1 36 0 0 0 102
1084 9700 652 639 47 4 1 420 23 4 407 1 36 0 0 0 102
1085 9707 648 635 48 4 1 420 23 4 407 1 36 0 0 0 102
1086 9712 646 633 47 4 1 420 23 4 407 1 36 0 0 0 102
1087 9713 646 633 46 4 1 420 23 4 407 1 36 0 0 0 102
1088 9729 638 625 46 4 1 420 23 4 407 1 36 0 0 0 102
1089 9722 641 629 46 4 1 419 24 4 407 1 36 0 0 0 102
1090 9725 639 628 46 4 1 419 24 4 408 1 35 0 0 0 102
1091 9733 635 624 46 4 1 419 24 4 408 1 35 0 0 0 102
1092 9732 636 624 46 4 1 420 23 4 408 1 35 0 0 0 102
1093 9740 632 621 45 4 1 420 23 4 409 1 34 0 0 0 102
1094 9745 629 619 45 4 1 420 23 4 410 1 33 0 0 0 102
1095 9744 630 619 45 4 1 422 21 4 411 1 32 0 0 0 102
1096 9746 629 618 45 4 1 422 21 4 411 1 32 0 0 0 102
1097 9742 631 620 45 4 1 422 21 4 411 1 32 0 0 0 102
1098 9748 628 616 45 4 1 423 20 4 411 1 32 0 0 0 103
1099 9759 622 611 45 4 1 423 20 4 412 1 31 0 0 0 103
1100 9770 617 606 44 4 1 423 20 4 412 1 31 0 0 0 103
1101 9772 616 605 44 4 1 423 20 4 412 1 31 0 0 0 103
1102 9772 617 605 43 4 1 424 19 4 412 1 31 0 0 0 103
1103 9776 615 603 43 4 1 424 19 4 412 1 31 0 0 0 103
1104 9774 616 604 43 4 1 424 19 4 412 1 31 0 0 0 103
1105 9771 617 606 43 4 1 424 19 4 413 1 30 0 0 0 103
1106 9773 615 605 44 4 1 424 19 4 414 1 29 0 0 0 103
1107 9774 615 605 43 4 1 424 19 4 414 1 29 0 0 0 103
1108 9780 612 602 43 4 1 424 19 4 414 1 29 0 0 0 103
1109 9778 614 602 43 4 1 424 19 4 412 1 31 0 0 0 103
1110 9777 614 603 43 4 1 423 20 4 412 1 31 0 0 0 103
1111 9783 610 600 44 4 1 423 20 4 413 1 30 0 0 0 103
1112 9786 609 599 43 4 1 423 20 4 413 1 30 0 0 0 103
1113 9789 608 598 42 4 1 423 20 4 413 1 30 0 0 0 103
1114 9791 608 597 41 4 1 423 20 4 412 1 31 0 0 0 103
1115 9799 603 592 43 4 1 423 20 4 412 1 31 0 0 0 103
1116 9799 603 591 43 4 1 424 19 4 412 1 31 0 0 0 104
1117 9799 603 591 43 4 1 424 19 4 412 1 31 0 0 0 104
1118 9810 599 586 41 4 1 425 18 4 412 1 31 0 0 0 104
1119 9812 598 585 41 4 1 425 18 4 412 1 31 0 0 0 104
1120 9823 593 580 40 4 1 425 18 4 412 1 31 0 0 0 104
1121 9829 589 577 41 4 1 425 18 4 413 1 30 0 0 0 104
1122 9835 586 574 41 4 1 425 18 4 413 1 30 0 0 0 104
1123 9830 589 576 39 4 1 426 18 4 413 1 31 0 0 0 104
1124 9828 590 577 39 4 1 426 18 4 413 1 31 0 0 0 104
1125 9831 588 575 40 4 1 426 18 4 413 1 31 0 0 0 104
1126 9826 590 578 40 4 1 425 19 4 413 1 31 0 0 0 104
1127 9837 585 572 40 4 1 426 18 4 413 1 31 0 0 0 104
1128 9841 583 570 40 4 1 427 17 4 414 1 30 0 0 0 104
1129 9849 579 566 40 4 1 427 17 4 414 1 30 0 0 0 104
1130 9856 576 563 39 4 1 428 16 4 415 1 29 0 0 0 104
1131 9858 575 562 39 3 1 429 16 3 416 1 29 0 0 0 104
1132 9862 573 560 39 3 1 429 16 3 416 1 29 0 0 0 104
1133 9862 573 560 39 3 1 429 16 3 416 1 29 0 0 0 104
1134 9856 576 563 39 3 1 428 17 3 415 1 30 0 0 0 104
1135 9857 576 562 39 3 1 429 16 3 415 1 30 0 0 0 104
1136 9868 571 557 38 3 1 429 16 3 415 1 30 0 0 0 104
1137 9863 574 559 38 4 1 429 15 4 414 1 30 0 0 0 104
1138 9869 571 556 38 4 1 429 15 4 414 1 30 0 0 0 104
1139 9876 568 553 37 4 1 429 15 4 414 1 30 0 0 0 104
1140 9873 569 554 38 4 1 429 15 4 414 1 30 0 0 0 104
1141 9870 570 555 39 4 1 429 15 4 414 1 30 0 0 0 104
1142 9870 570 555 39 4 1 429 15 4 414 1 30 0 0 0 104
1143 9877 567 552 38 4 1 429 15 4 414 1 30 0 0 0 104
1144 9873 569 554 38 4 1 429 15 4 414 1 30 0 0 0 104
1145 9879 566 552 37 4 1 429 15 4 415 1 29 0 0 0 104
1146 9877 567 553 37 4 1 429 15 4 415 1 29 0 0 0 104
1147 9873 569 555 37 4 1 429 15 4 415 1 29 0 0 0 104
1148 9874 570 555 35 4 1 429 15 4 414 1 30 0 0 0 104
1149 9874 570 555 35 4 1 429 15 4 414 1 30 0 0 0 104
1150 9881 566 551 36 4 1 429 15 4 414 1 30 0 0 0 104
1151 9887 562 548 37 4 1 429 15 4 415 1 29 0 0 0 104
1152 9895 558 544 37 4 1 430 14 4 416 1 28 0 0 0 104
1153 9899 556 542 37 4 1 430 14 4 416 1 28 0 0 0 104
1154 9889 561 547 37 4 1 430 14 4 416 1 28 0 0 0 104
1155 9887 562 548 37 4 1 430 14 4 416 1 28 0 0 0 104
1156 9887 562 548 37 5 1 429 14 5 415 1 28 0 0 0 104
1157 9891 560 546 37 5 1 429 14 5 415 1 28 0 0 0 104
1158 9889 561 547 37 5 1 428 15 4 415 2 28 0 0 0 104
1159 9899 556 542 37 5 1 428 15 5 414 1 29 0 0 0 104
1160 9902 555 540 37 5 1 429 14 5 414 1 29 0 0 0 104
1161 9907 553 538 36 5 1 429 14 5 414 1 29 0 0 0 104
1162 9911 551 536 36 5 1 429 14 5 414 1 29 0 0 0 104
1163 9913 551 535 35 5 1 429 14 5 413 1 30 0 0 0 104
1164 9915 550 534 35 5 1 429 14 5 413 1 30 0 0 0 104
1165 9914 551 535 34 5 1 429 14 5 413 1 30 0 0 0 104
1166 9925 546 530 33 5 1 429 14 5 413 1 30 0 0 0 104
1167 9932 543 526 33 5 1 429 14 5 412 1 31 0 0 0 104
1168 9935 541 525 33 5 1 429 14 5 413 1 30 0 0 0 104
1169 9938 540 523 33 5 1 429 14 5 412 1 31 0 0 0 104
1170 9939 540 522 33 5 1 430 13 5 412 1 31 0 0 0 104
1171 9934 542 525 33 5 1 429 14 5 412 1 31 0 0 0 104
1172 9932 543 525 34 5 1 430 13 5 412 1 31 0 0 0 104
1173 9936 541 523 34 5 1 430 13 5 412 1 31 0 0 0 104
1174 9944 537 520 33 5 1 430 13 5 413 1 30 0 0 0 104
1175 9947 536 519 32 5 1 430 13 5 413 1 30 0 0 0 104
1176 9949 535 518 32 5 1 430 13 5 413 1 30 0 0 0 104
1177 9957 531 514 32 5 1 430 13 5 413 1 30 0 0 0 104
1178 9963 528 511 32 5 1 430 13 5 413 1 30 0 0 0 104
1179 9975 522 505 32 5 1 430 13 5 413 1 30 0 0 0 104
1180 9980 519 502 33 5 1 430 13 5 413 1 30 0 0 0 104
1181 9978 520 503 33 5 1 430 13 5 413 1 30 0 0 0 104
1182 9979 520 502 33 5 1 431 12 5 413 1 30 0 0 0 104
1183 9983 518 500 33 5 1 431 12 5 413 1 30 0 0 0 104
1184 9995 512 494 33 5 1 431 12 5 413 1 30 0 0 0 104
1185 10000 509 491 34 5 1 431 12 5 413 1 30 0 0 0 104
1186 10003 507 490 34 5 1 431 12 5 414 1 29 0 0 0 104
1187 10006 506 488 34 5 1 432 11 5 414 1 29 0 0 0 104
1188 9999 510 492 33 6 1 431 11 6 413 1 29 0 0 0 104
1189 10003 507 490 34 6 1 431 11 6 414 1 28 0 0 0 104
1190 10007 505 488 34 6 1 431 11 6 414 1 28 0 0 0 104
1191 10010 503 487 34 6 1 430 12 6 414 1 28 0 0 0 104
1192 10012 502 486 34 6 1 430 12 6 414 1 28 0 0 0 104
1193 10008 504 488 34 6 1 430 12 6 414 1 28 0 0 0 104
1194 10011 503 487 33 6 1 430 12 6 414 1 28 0 0 0 104
1195 10011 503 487 33 6 1 430 12 6 414 1 28 0 0 0 104
1196 10009 504 487 34 6 1 431 11 6 414 1 28 0 0 0 104
1197 10014 501 485 34 6 1 430 12 6 414 1 28 0 0 0 104
1198 10007 504 488 35 6 1 430 12 6 414 1 28 0 0 0 104
1199 10008 504 487 35 6 1 430 12 6 413 1 29 0 0 0 104
1200 10002 507 490 35 6 1 430 12 6 413 1 29 0 0 0 104
1201 10004 506 489 35 6 1 430 12 6 413 1 29 0 0 0 104
1202 10006 505 488 35 6 1 430 12 6 413 1 29 0 0 0 104
1203 10005 506 489 34 6 1 430 12 7 412 1 29 0 1 0 103
1204 10002 507 491 34 6 1 430 12 7 413 1 28 0 1 0 103
1205 10002 507 491 34 6 1 430 12 7 413 1 28 0 1 0 103
1206 9999 508 492 35 6 1 430 12 7 413 1 28 0 1 0 103
1207 9997 509 493 35 6 1 430 12 7 413 1 28 0 1 0 103
1208 9999 508 492 35 6 1 430 12 7 413 1 28 0 1 0 103
1209 9997 509 493 35 6 1 430 12 7 413 1 28 0 1 0 103
1210 10003 507 491 33 7 1 429 12 8 412 1 28 0 1 0 103
1211 10006 506 490 32 7 1 429 12 8 412 1 28 0 1 0 103
1212 10012 504 488 30 7 1 429 12 8 412 1 28 0 1 0 103
1213 10018 501 485 30 7 1 429 12 8 412 1 28 0 1 0 103
1214 10012 504 488 30 7 1 429 12 8 412 1 28 0 1 0 103
1215 10011 505 489 29 7 1 429 12 8 412 1 28 0 1 0 103
1216 10006 507 492 29 7 1 429 12 8 413 1 27 0 1 0 103
1217 10008 506 491 29 7 1 429 12 8 413 1 27 0 1 0 103
1218 10011 505 489 29 7 1 429 12 8 412 1 28 0 1 0 103
1219 10011 505 489 29 7 1 429 12 8 412 1 28 0 1 0 103
1220 10017 502 486 29 7 1 429 12 8 412 1 28 0 1 0 103
1221 10016 503 486 29 7 1 429 12 8 411 1 29 0 1 0 103
1222 10017 503 485 29 7 1 429 12 8 410 1 30 0 1 0 103
1223 10019 502 484 29 7 1 429 12 8 410 1 30 0 1 0 103
1224 10019 502 484 29 7 1 429 12 8 410 1 30 0 1 0 103
1225 10024 500 482 28 7 1 429 12 8 410 1 30 0 1 0 103
1226 10024 500 482 28 7 1 429 12 8 410 1 30 0 1 0 103
1227 10024 500 482 28 7 1 429 12 8 410 1 30 0 1 0 103
1228 10024 500 482 28 7 1 429 12 8 410 1 30 0 1 0 103
1229 10026 499 481 28 7 1 429 12 8 410 1 30 0 1 0 103
1230 10026 499 481 28 7 1 429 12 8 410 1 30 0 1 0 103
1231 10030 497 479 28 7 1 429 12 8 410 1 30 0 1 0 103
1232 10040 493 474 27 7 1 430 11 8 410 1 30 0 1 0 103
1233 10042 492 473 27 7 1 430 11 8 410 1 30 0 1 0 103
1234 10047 490 471 26 7 1 430 11 8 410 1 30 0 1 0 103
1235 10041 492 474 27 7 1 430 11 8 411 1 29 0 1 0 103
1236 10045 490 472 27 7 1 430 11 8 411 1 29 0 1 0 103
1237 10048 489 471 26 7 1 430 11 8 411 1 29 0 1 0 103
1238 10052 487 469 26 7 1 430 11 8 411 1 29 0 1 0 103
1239 10045 490 473 26 7 1 429 12 8 411 1 29 0 1 0 103
1240 10053 486 469 26 7 1 429 12 8 411 1 29 0 1 0 103
1241 10058 484 467 25 7 1 429 12 8 411 1 29 0 1 0 103
1242 10067 480 462 25 7 1 430 11 8 411 1 29 0 1 0 103
1243 10067 481 463 23 7 1 430 11 8 411 1 29 0 1 0 103
1244 10073 478 460 23 7 1 431 10 8 412 1 28 0 1 0 103
1245 10069 480 462 23 7 1 431 10 8 412 1 28 0 1 0 103
1246 10069 479 463 23 7 1 430 11 8 413 1 27 0 1 0 103
1247 10075 476 460 23 7 1 430 11 8 413 1 27 0 1 0 103
1248 10087 470 454 23 7 1 430 11 8 413 1 27 0 1 0 103
1249 10093 467 451 23 7 1 430 11 8 413 1 27 0 1 0 103
1250 10091 468 452 23 7 1 430 11 8 413 1 27 0 1 0 103
1251 10093 467 451 23 7 1 430 11 8 413 1 27 0 1 0 103
1252 10091 468 452 23 7 1 430 11 8 413 1 27 0 1 0 103
1253 10095 466 450 23 7 1 430 11 8 413 1 27 0 1 0 103
1254 10093 467 451 23 7 1 430 11 8 413 1 27 0 1 0 103
1255 10095 466 450 23 7 1 430 11 8 413 1 27 0 1 0 103
1256 10100 463 447 24 7 1 430 11 8 413 1 27 0 1 0 103
1257 10103 461 445 25 7 1 430 11 8 413 1 27 0 1 0 103
1258 10105 460 444 25 7 1 430 11 8 413 1 27 0 1 0 103
1259 10113 457 441 23 7 1 430 11 8 413 1 27 0 1 0 103
1260 10115 456 440 23 7 1 430 11 8 413 1 27 0 1 0 103
1261 10123 453 436 22 7 1 431 10 8 413 1 27 0 1 0 103
1262 10135 447 430 22 7 1 431 10 8 413 1 27 0 1 0 103
1263 10138 446 429 21 7 1 431 10 8 413 1 27 0 1 0 103
1264 10132 449 432 21 7 1 431 10 8 413 1 27 0 1 0 103
1265 10144 443 426 21 7 1 431 10 8 413 1 27 0 1 0 103
1266 10146 441 426 21 7 1 431 10 8 415 1 25 0 1 0 103
1267 10156 436 421 21 7 1 431 10 8 415 1 25 0 1 0 103
1268 10158 435 420 21 7 1 431 10 8 415 1 25 0 1 0 103
1269 10150 439 424 21 7 1 431 10 8 415 1 25 0 1 0 103
1270 10152 438 423 21 7 1 431 10 8 415 1 25 0 1 0 103
1271 10154 437 422 21 7 1 431 10 8 415 1 25 0 1 0 103
1272 10146 440 426 22 7 1 431 10 8 416 1 24 0 1 0 103
1273 10146 440 426 22 7 1 431 10 8 416 1 24 0 1 0 103
1274 10149 438 424 23 7 1 431 10 8 416 1 24 0 1 0 103
1275 10149 438 425 22 7 1 431 10 8 417 1 23 0 1 0 103
1276 10150 438 425 21 7 1 431 10 8 417 1 23 0 1 0 103
1277 10149 438 425 22 7 1 431 10 8 417 1 23 0 1 0 103
1278 10154 436 423 21 7 1 431 10 8 417 1 23 0 1 0 103
1279 10162 432 419 21 7 1 431 10 8 417 1 23 0 1 0 103
1280 10162 432 419 21 7 1 431 10 8 417 1 23 0 1 0 103
1281 10157 434 422 21 7 1 430 11 8 417 1 23 0 1 0 103
1282 10159 433 421 21 7 1 430 11 8 417 1 23 0 1 0 103
1283 10155 435 423 21 7 1 430 11 8 417 1 23 0 1 0 103
1284 10153 436 424 21 7 1 430 11 8 417 1 23 0 1 0 103
1285 10152 436 424 22 7 1 430 11 8 417 1 23 0 1 0 103
1286 10156 434 422 22 7 1 430 11 8 417 1 23 0 1 0 103
1287 10156 435 421 22 7 1 431 10 8 416 1 24 0 1 0 103
1288 10152 437 423 22 7 1 431 10 8 416 1 24 0 1 0 103
1289 10155 436 422 21 7 1 431 10 8 416 1 24 0 1 0 103
1290 10160 434 420 20 7 1 431 10 8 416 1 24 0 1 0 103
1291 10162 433 419 20 7 1 431 10 8 416 1 24 0 1 0 103
1292 10166 431 417 20 7 1 431 10 8 416 1 24 0 1 0 103
1293 10170 429 415 20 7 1 431 10 8 416 1 24 0 1 0 103
1294 10176 426 412 20 7 1 431 10 8 416 1 24 0 1 0 103
1295 10184 422 408 20 7 1 431 10 8 416 1 24 0 1 0 103
1296 10188 420 406 20 7 1 431 10 8 416 1 24 0 1 0 103
1297 10194 417 404 19 7 1 431 10 8 417 1 23 0 1 0 103
1298 10197 416 403 18 7 1 431 10 8 417 1 23 0 1 0 103
1299 10198 416 403 17 7 1 431 10 8 417 1 23 0 1 0 103
1300 10196 417 404 17 7 1 431 10 8 417 1 23 0 1 0 103
1301 10201 415 401 17 7 1 431 10 8 416 1 24 0 1 0 103
1302 10200 415 401 18 7 1 431 10 8 416 1 24 0 1 0 103
1303 10209 410 396 19 7 1 431 10 8 416 1 24 0 1 0 103
1304 10213 408 394 19 7 1 431 10 8 416 1 24 0 1 0 103
1305 10216 406 394 18 7 1 431 10 9 417 0 23 0 1 0 103
1306 10216 406 394 18 7 1 431 10 9 417 0 23 0 1 0 103
1307 10218 405 393 18 7 1 431 10 9 417 0 23 0 1 0 103
1308 10226 400 390 18 7 1 430 11 9 418 0 22 0 1 0 103
1309 10233 397 387 17 7 1 430 11 9 418 0 22 0 1 0 103
1310 10237 395 385 17 7 1 430 11 9 418 0 22 0 1 0 103
1311 10239 394 384 17 7 1 430 11 9 418 0 22 0 1 0 103
1312 10241 393 383 17 7 1 430 11 9 418 0 22 0 1 0 103
1313 10248 390 380 16 7 1 430 11 9 418 0 22 0 1 0 103
1314 10251 388 379 16 7 1 430 11 9 419 0 21 0 1 0 103
1315 10252 387 379 16 7 1 429 12 9 419 0 21 0 1 0 103
1316 10259 383 376 16 7 1 428 13 9 419 0 21 0 1 0 103
1317 10257 384 377 16 7 1 428 13 9 419 0 21 0 1 0 103
1318 10263 381 374 16 7 1 428 13 9 419 0 21 0 1 0 103
1319 10267 379 372 16 7 1 428 13 9 419 0 21 0 1 0 103
1320 10269 378 371 16 7 1 428 13 9 419 0 21 0 1 0 103
1321 10277 374 367 16 7 1 428 13 9 419 0 21 0 1 0 103
1322 10279 373 366 16 7 1 428 13 9 419 0 21 0 1 0 103
1323 10283 371 364 16 7 1 428 13 9 419 0 21 0 1 0 103
1324 10287 369 362 16 7 1 428 13 9 419 0 21 0 1 0 103
1325 10291 367 360 16 7 1 428 13 9 419 0 21 0 1 0 103
1326 10292 366 359 17 7 1 428 13 9 419 0 21 0 1 0 103
1327 10294 365 358 17 7 1 428 13 9 419 0 21 0 1 0 103
1328 10284 370 363 17 8 1 427 13 10 418 0 21 0 1 0 103
1329 10294 366 358 16 8 1 428 12 10 418 0 21 0 1 0 103
1330 10294 366 358 16 8 1 428 12 10 418 0 21 0 1 0 103
1331 10292 367 359 16 8 1 428 12 10 418 0 21 0 1 0 103
1332 10296 365 357 16 8 1 428 12 10 418 0 21 0 1 0 103
1333 10302 362 354 16 8 1 428 12 10 418 0 21 0 1 0 103
1334 10307 360 351 16 9 0 428 12 10 418 0 21 0 1 0 103
1335 10307 360 351 16 9 0 428 12 10 418 0 21 0 1 0 103
1336 10307 360 351 16 9 0 428 12 10 418 0 21 0 1 0 103
1337 10311 359 349 15 9 0 429 11 10 418 0 21 0 1 0 103
1338 10315 357 347 15 9 0 429 11 10 418 0 21 0 1 0 103
1339 10315 357 347 15 9 0 429 11 10 418 0 21 0 1 0 103
1340 10317 357 346 14 9 0 430 10 10 418 0 21 0 1 0 103
1341 10317 357 346 14 9 0 430 10 10 418 0 21 0 1 0 103
1342 10315 358 347 14 9 0 430 10 10 418 0 21 0 1 0 103
1343 10316 358 347 13 9 0 430 10 10 418 0 21 0 1 0 103
1344 10316 358 347 13 9 0 430 10 10 418 0 21 0 1 0 103
1345 10314 359 348 13 9 0 430 10 10 418 0 21 0 1 0 103
1346 10317 357 347 13 9 0 430 10 10 419 0 20 0 1 0 103
1347 10317 356 347 14 9 0 429 11 10 419 0 20 0 1 0 103
1348 10315 357 348 14 9 0 429 11 10 419 0 20 0 1 0 103
1349 10319 355 346 14 9 0 429 11 10 419 0 20 0 1 0 103
1350 10326 352 343 13 9 0 429 11 10 419 0 20 0 1 0 103
1351 10324 353 344 13 9 0 429 11 10 419 0 20 0 1 0 103
1352 10322 354 345 13 9 0 429 11 10 419 0 20 0 1 0 103
1353 10324 353 344 13 9 0 429 11 10 419 0 20 0 1 0 103
1354 10330 350 341 13 9 0 429 11 10 419 0 20 0 1 0 103
1355 10338 346 337 13 9 0 429 11 10 419 0 20 0 1 0 103
1356 10332 349 340 13 9 0 429 11 10 419 0 20 0 1 0 103
1357 10327 351 342 14 9 0 429 11 10 419 0 20 0 1 0 103
1358 10323 353 344 14 9 0 429 11 10 419 0 20 0 1 0 103
1359 10326 351 343 14 9 0 429 11 10 420 0 19 0 1 0 103
1360 10332 348 340 14 9 0 429 11 10 420 0 19 0 1 0 103
1361 10331 349 340 14 9 0 429 11 10 419 0 20 0 1 0 103
1362 10334 347 339 14 9 0 429 11 10 420 0 19 0 1 0 103
1363 10334 347 339 14 9 0 429 11 10 420 0 19 0 1 0 103
1364 10331 349 340 14 9 0 429 11 10 419 0 20 0 1 0 103
1365 10338 346 337 13 9 0 429 11 10 419 0 20 0 1 0 103
1366 10333 349 340 12 9 0 429 11 10 419 0 20 0 1 0 103
1367 10332 350 341 11 9 0 429 11 10 419 0 20 0 1 0 103
1368 10339 346 338 11 9 0 429 11 10 420 0 19 0 1 0 103
1369 10343 344 336 11 9 0 429 11 10 420 0 19 0 1 0 103
1370 10343 344 336 11 9 0 429 11 10 420 0 19 0 1 0 103
1371 10343 344 336 11 9 0 429 11 10 420 0 19 0 1 0 103
1372 10347 342 334 11 9 0 429 11 10 420 0 19 0 1 0 103
1373 10356 337 330 11 9 0 428 12 10 420 0 19 0 1 0 103
1374 10360 335 328 11 9 0 428 12 10 420 0 19 0 1 0 103
1375 10366 331 326 11 9 0 428 12 10 422 0 17 0 1 0 103
1376 10364 332 327 11 9 0 428 12 10 422 0 17 0 1 0 103
1377 10366 331 326 11 9 0 428 12 10 422 0 17 0 1 0 103
1378 10364 332 327 11 9 0 428 12 10 422 0 17 0 1 0 103
1379 10366 331 326 11 9 0 428 12 10 422 0 17 0 1 0 103
1380 10362 333 328 11 9 0 428 12 10 422 0 17 0 1 0 103
1381 10364 332 327 11 9 0 428 12 10 422 0 17 0 1 0 103
1382 10366 331 326 11 9 0 428 12 10 422 0 17 0 1 0 103
1383 10364 332 327 11 9 0 428 12 10 422 0 17 0 1 0 103
1384 10363 332 329 10 9 0 426 14 10 422 0 17 0 1 0 103
1385 10365 331 328 10 9 0 426 14 10 422 0 17 0 1 0 103
1386 10365 331 328 10 9 0 426 14 10 422 0 17 0 1 0 103
1387 10364 331 328 11 9 0 426 14 10 422 0 17 0 1 0 103
1388 10369 329 325 11 9 0 427 13 10 422 0 17 0 1 0 103
1389 10374 327 323 10 9 0 427 13 10 422 0 17 0 1 0 103
1390 10378 325 321 10 9 0 427 13 10 422 0 17 0 1 0 103
1391 10381 323 321 9 9 0 427 13 10 424 0 15 0 1 0 103
1392 10376 326 324 8 10 0 426 13 10 424 0 15 0 1 1 102
1393 10373 327 325 9 10 0 426 13 10 424 0 15 0 1 1 102
1394 10376 325 323 10 10 0 426 13 10 424 0 15 0 1 1 102
1395 10376 325 323 10 10 0 426 13 10 424 0 15 0 1 1 102
1396 10376 325 323 10 10 0 426 13 10 424 0 15 0 1 1 102
1397 10374 326 324 10 10 0 426 13 10 424 0 15 0 1 1 102
1398 10375 326 325 8 10 0 426 13 10 425 0 14 0 1 1 102
1399 10381 323 322 8 10 0 426 13 10 425 0 14 0 1 1 102
1400 10377 325 324 8 10 0 426 13 10 425 0 14 0 1 1 102
1401 10376 325 324 9 10 0 426 13 10 425 0 14 0 1 1 102
1402 10377 325 323 9 10 0 426 13 10 424 0 15 0 1 1 102
1403 10383 322 320 9 10 0 426 13 10 424 0 15 0 1 1 102
1404 10381 323 321 9 10 0 426 13 10 424 0 15 0 1 1 102
1405 10378 325 322 9 10 0 426 13 10 423 0 16 0 1 1 102
1406 10377 325 322 10 10 0 426 13 10 423 0 16 0 1 1 102
1407 10379 324 321 10 10 0 426 13 10 423 0 16 0 1 1 102
1408 10379 324 321 10 10 0 426 13 10 423 0 16 0 1 1 102
1409 10383 322 319 10 10 0 426 13 10 423 0 16 0 1 1 102
1410 10383 322 319 10 10 0 426 13 10 423 0 16 0 1 1 102
1411 10386 320 317 11 10 0 426 13 10 423 0 16 0 1 1 102
1412 10386 320 317 11 10 0 426 13 10 423 0 16 0 1 1 102
1413 10391 318 315 10 10 0 426 13 10 423 0 16 0 1 1 102
1414 10396 315 312 11 10 0 426 13 10 423 0 16 0 1 1 102
1415 10390 318 315 11 10 0 426 13 10 423 0 16 0 1 1 102
1416 10390 318 315 11 10 0 426 13 10 423 0 16 0 1 1 102
1417 10392 317 314 11 10 0 426 13 10 423 0 16 0 1 1 102
1418 10394 316 313 11 10 0 426 13 10 423 0 16 0 1 1 102
1419 10394 316 313 11 10 0 426 13 10 423 0 16 0 1 1 102
1420 10392 317 314 11 10 0 426 13 10 423 0 16 0 1 1 102
1421 10396 315 312 11 10 0 426 13 10 423 0 16 0 1 1 102
1422 10403 313 309 9 10 0 427 12 10 423 0 16 0 1 1 102
1423 10402 313 309 10 10 0 427 12 10 423 0 16 0 1 1 102
1424 10403 312 308 11 10 0 427 12 10 423 0 16 0 1 1 102
1425 10407 310 306 11 10 0 427 12 10 423 0 16 0 1 1 102
1426 10407 310 306 11 10 0 427 12 10 423 0 16 0 1 1 102
1427 10405 311 307 11 10 0 427 12 10 423 0 16 0 1 1 102
1428 10408 310 305 11 10 0 428 11 10 423 0 16 0 1 1 102
1429 10405 311 307 11 10 0 427 12 10 423 0 16 0 1 1 102
1430 10407 310 306 11 10 0 427 12 10 423 0 16 0 1 1 102
1431 10405 311 307 11 10 0 427 12 10 423 0 16 0 1 1 102
1432 10404 311 307 12 10 0 427 12 10 423 0 16 0 1 1 102
1433 10407 309 306 12 10 0 427 12 10 424 0 15 0 1 1 102
1434 10409 308 305 12 10 0 427 12 10 424 0 15 0 1 1 102
1435 10407 309 306 12 10 0 427 12 10 424 0 15 0 1 1 102
1436 10411 307 304 12 10 0 427 12 10 424 0 15 0 1 1 102
1437 10418 304 301 11 10 0 427 12 10 424 0 15 0 1 1 102
1438 10419 303 301 11 10 0 427 12 10 425 0 14 0 1 1 102
1439 10421 302 300 11 10 0 427 12 10 425 0 14 0 1 1 102
1440 10427 299 297 11 10 0 427 12 11 424 0 14 0 2 1 101
1441 10431 297 295 11 10 0 427 12 11 424 0 14 0 2 1 101
1442 10437 294 292 11 10 0 427 12 11 424 0 14 0 2 1 101
1443 10437 294 292 11 10 0 427 12 11 424 0 14 0 2 1 101
1444 10433 296 294 11 10 0 427 12 11 424 0 14 0 2 1 101
1445 10434 295 294 11 10 0 426 13 11 424 0 14 0 2 1 101
1446 10434 295 294 11 10 0 426 13 11 424 0 14 0 2 1 101
1447 10438 293 292 11 10 0 426 13 11 424 0 14 0 2 1 101
1448 10436 294 293 11 10 0 426 13 11 424 0 14 0 2 1 101
1449 10436 294 293 11 10 0 427 12 11 425 0 13 0 2 1 101
1450 10439 293 291 11 10 0 427 12 11 424 0 14 0 2 1 101
1451 10441 292 290 11 10 0 427 12 11 424 0 14 0 2 1 101
1452 10443 291 289 11 10 0 427 12 11 424 0 14 0 2 1 101
1453 10453 286 284 11 10 0 427 12 11 424 0 14 0 2 1 101
1454 10458 284 281 11 10 0 428 11 11 424 0 14 0 2 1 101
1455 10457 285 281 11 10 0 428 11 11 423 0 15 0 2 1 101
1456 10453 287 283 11 10 0 428 11 11 423 0 15 0 2 1 101
1457 10462 283 279 10 10 0 428 11 11 423 0 15 0 2 1 101
1458 10460 284 280 10 10 0 428 11 11 423 0 15 0 2 1 101
1459 10465 282 278 9 10 0 428 11 11 423 0 15 0 2 1 101
1460 10464 282 279 9 10 0 428 11 11 424 0 14 0 2 1 101
1461 10467 280 278 9 10 0 428 11 11 425 0 13 0 2 1 101
1462 10466 281 278 9 10 0 428 11 11 424 0 14 0 2 1 101
1463 10470 279 276 9 10 0 428 11 11 424 0 14 0 2 1 101
1464 10468 280 277 9 10 0 428 11 11 424 0 14 0 2 1 101
1465 10475 277 274 8 10 0 428 11 11 424 0 14 0 2 1 101
1466 10475 277 274 8 10 0 428 11 11 424 0 14 0 2 1 101
1467 10479 275 272 8 10 0 428 11 11 424 0 14 0 2 1 101
1468 10475 277 274 8 10 0 428 11 11 424 0 14 0 2 1 101
1469 10481 274 271 8 11 0 427 11 12 423 0 14 0 2 1 101
1470 10482 273 271 8 11 0 426 12 12 423 0 14 0 2 1 101
1471 10484 272 270 8 11 0 426 12 12 423 0 14 0 2 1 101
1472 10484 272 270 8 11 0 426 12 12 423 0 14 0 2 1 101
1473 10480 274 272 8 11 0 426 12 12 423 0 14 0 2 1 101
1474 10478 275 273 8 11 0 426 12 12 423 0 14 0 2 1 101
1475 10478 275 273 8 11 0 426 12 12 423 0 14 0 2 1 101
1476 10478 275 273 8 11 0 426 12 12 423 0 14 0 2 1 101
1477 10482 273 271 8 11 0 426 12 12 423 0 14 0 2 1 101
1478 10482 273 271 8 11 0 426 12 13 422 0 14 1 2 0 101
1479 10482 273 271 8 11 0 426 12 13 422 0 14 1 2 0 101
1480 10483 272 271 8 11 0 425 13 13 422 0 14 1 2 0 101
1481 10483 272 271 8 11 0 425 13 13 422 0 14 1 2 0 101
1482 10484 271 270 9 11 0 425 13 13 422 0 14 1 2 0 101
1483 10488 269 268 9 11 0 424 14 13 421 0 15 1 2 0 101
1484 10486 270 269 9 11 0 424 14 13 421 0 15 1 2 0 101
1485 10486 270 269 9 11 0 424 14 13 421 0 15 1 2 0 101
1486 10485 270 269 10 12 0 423 14 14 420 0 15 1 2 0 101
1487 10489 268 267 10 12 0 423 14 14 420 0 15 1 2 0 101
1488 10487 269 268 10 12 0 423 14 14 420 0 15 1 2 0 101
1489 10489 268 267 10 12 0 423 14 14 420 0 15 1 2 0 101
1490 10488 268 268 10 12 0 422 15 14 420 0 15 1 2 0 101
1491 10490 267 267 10 12 0 422 15 14 420 0 15 1 2 0 101
1492 10490 267 267 10 12 0 422 15 14 420 0 15 1 2 0 101
1493 10490 267 268 9 12 0 422 15 14 421 0 14 1 2 0 101
1494 10486 269 269 9 12 0 423 14 14 421 0 14 1 2 0 102
1495 10485 270 269 9 12 0 423 14 14 420 0 15 1 2 0 102
1496 10487 269 268 9 12 0 423 14 13 421 0 15 0 2 1 102
1497 10491 267 266 9 12 0 423 14 13 421 0 15 0 2 1 102
1498 10491 268 267 7 12 0 423 14 13 421 0 15 0 2 1 102
1499 10489 269 268 7 12 0 423 14 13 421 0 15 0 2 1 102
1500 10489 270 268 6 12 0 424 13 13 421 0 15 0 2 1 102
