0 1979 195 0 0 0 0 0 0 0 0 0 0 0 0 0 0
1 11646 195 195 0 0 0 0 0 0 0 0 0 0 0 0 0
2 11646 195 195 0 0 0 0 0 0 0 0 0 0 0 0 0
3 11648 194 194 0 0 0 0 0 0 0 0 0 0 0 0 0
4 11650 193 193 0 0 0 0 0 0 0 0 0 0 0 0 0
5 11650 193 193 0 0 0 0 0 0 0 0 0 0 0 0 0
6 11650 193 193 0 0 0 0 0 0 0 0 0 0 0 0 0
7 11648 194 194 0 0 0 0 0 0 0 0 0 0 0 0 0
8 11654 191 191 0 0 0 0 0 0 0 0 0 0 0 0 0
9 11650 193 193 0 0 0 0 0 0 0 0 0 0 0 0 0
10 11652 192 192 0 0 0 0 0 0 0 0 0 0 0 0 0
11 11652 192 192 0 0 0 0 0 0 0 0 0 0 0 0 0
12 11651 192 192 1 0 0 0 0 0 0 0 0 0 0 0 0
13 11647 194 194 1 0 0 0 0 0 0 0 0 0 0 0 0
14 11651 192 192 1 0 0 0 0 0 0 0 0 0 0 0 0
15 11655 190 190 1 0 0 0 0 0 0 0 0 0 0 0 0
16 11655 190 190 1 0 0 0 0 0 0 0 0 0 0 0 0
17 11648 193 193 2 0 0 0 0 0 0 0 0 0 0 0 0
18 11646 194 194 2 0 0 0 0 0 0 0 0 0 0 0 0
19 11646 194 194 2 0 0 0 0 0 0 0 0 0 0 0 0
20 11644 195 195 2 0 0 0 0 0 0 0 0 0 0 0 0
21 11644 195 195 2 0 0 0 0 0 0 0 0 0 0 0 0
22 11644 195 195 2 0 0 0 0 0 0 0 0 0 0 0 0
23 11644 195 195 2 0 0 0 0 0 0 0 0 0 0 0 0
24 11642 196 196 2 0 0 0 0 0 0 0 0 0 0 0 0
25 11644 195 195 2 0 0 0 0 0 0 0 0 0 0 0 0
26 11646 194 194 2 0 0 0 0 0 0 0 0 0 0 0 0
27 11646 194 194 2 0 0 0 0 0 0 0 0 0 0 0 0
28 11644 195 195 2 0 0 0 0 0 0 0 0 0 0 0 0
29 11644 195 195 2 0 0 0 0 0 0 0 0 0 0 0 0
30 11642 196 196 2 0 0 0 0 0 0 0 0 0 0 0 0
31 11640 197 197 2 0 0 0 0 0 0 0 0 0 0 0 0
32 11636 199 199 2 0 0 0 0 0 0 0 0 0 0 0 0
33 11630 202 202 2 0 0 0 0 0 0 0 0 0 0 0 0
34 11626 204 204 2 0 0 0 0 0 0 0 0 0 0 0 0
35 11628 203 203 2 0 0 0 0 0 0 0 0 0 0 0 0
36 11624 205 205 2 0 0 0 0 0 0 0 0 0 0 0 0
37 11622 206 206 2 0 0 0 0 0 0 0 0 0 0 0 0
38 11620 207 207 2 0 0 0 0 0 0 0 0 0 0 0 0
39 11618 208 208 2 0 0 0 0 0 0 0 0 0 0 0 0
40 11606 214 214 2 0 0 0 0 0 0 0 0 0 0 0 0
41 11602 216 216 2 0 0 0 0 0 0 0 0 0 0 0 0
42 11597 218 218 3 0 0 0 0 0 0 0 0 0 0 0 0
43 11591 221 221 3 0 0 0 0 0 0 0 0 0 0 0 0
44 11587 223 223 3 0 0 0 0 0 0 0 0 0 0 0 0
45 11579 227 227 3 0 0 0 0 0 0 0 0 0 0 0 0
46 11577 228 228 3 0 0 0 0 0 0 0 0 0 0 0 0
47 11566 233 233 4 0 0 0 0 0 0 0 0 0 0 0 0
48 11558 237 237 4 0 0 0 0 0 0 0 0 0 0 0 0
49 11558 237 237 4 0 0 0 0 0 0 0 0 0 0 0 0
50 11542 245 245 4 0 0 0 0 0 0 0 0 0 0 0 0
51 11528 252 252 4 0 0 0 0 0 0 0 0 0 0 0 0
52 11520 256 256 4 0 0 0 0 0 0 0 0 0 0 0 0
53 11510 261 261 4 0 0 0 0 0 0 0 0 0 0 0 0
54 11505 263 263 5 0 0 0 0 0 0 0 0 0 0 0 0
55 11487 272 272 5 0 0 0 0 0 0 0 0 0 0 0 0
56 11464 283 283 6 0 0 0 0 0 0 0 0 0 0 0 0
57 11452 289 289 6 0 0 0 0 0 0 0 0 0 0 0 0
58 11446 292 292 6 0 0 0 0 0 0 0 0 0 0 0 0
59 11436 297 296 5 0 0 1 0 0 0 0 1 0 0 0 0
60 11430 300 299 5 0 0 1 0 0 0 0 1 0 0 0 0
61 11412 308 307 7 0 0 1 0 0 0 0 1 0 0 0 0
62 11392 318 317 7 0 0 1 0 0 0 0 1 0 0 0 0
63 11381 323 322 8 0 0 1 0 0 0 0 1 0 0 0 0
64 11372 327 326 9 0 0 1 0 0 0 0 1 0 0 0 0
65 11360 333 332 9 0 0 1 0 0 0 0 1 0 0 0 0
66 11355 335 334 10 0 0 1 0 0 0 0 1 0 0 0 0
67 11341 342 341 10 0 0 1 0 0 0 0 1 0 0 0 0
68 11329 347 346 12 0 0 1 0 0 0 0 1 0 0 0 0
69 11317 353 352 12 0 0 1 0 0 0 0 1 0 0 0 0
70 11299 362 361 12 0 0 1 0 0 0 0 1 0 0 0 0
71 11281 370 369 14 0 0 1 0 0 0 0 1 0 0 0 0
72 11263 379 378 14 0 0 1 0 0 0 0 1 0 0 0 0
73 11255 382 381 16 0 0 1 0 0 0 0 1 0 0 0 0
74 11235 392 391 16 0 0 1 0 0 0 0 1 0 0 0 0
75 11215 402 401 16 0 0 1 0 0 0 0 1 0 0 0 0
76 11194 412 411 17 0 0 1 0 0 0 0 1 0 0 0 0
77 11175 421 420 18 0 0 1 0 0 0 0 1 0 0 0 0
78 11155 431 430 18 0 0 1 0 0 0 0 1 0 0 0 0
79 11123 446 445 20 0 0 1 0 0 0 0 1 0 0 0 0
80 11109 452 451 22 0 0 1 0 0 0 0 1 0 0 0 0
81 11096 458 457 23 0 0 1 0 0 0 0 1 0 0 0 0
82 11075 468 467 24 0 0 1 0 0 0 0 1 0 0 0 0
83 11068 471 470 25 0 0 1 0 0 0 0 1 0 0 0 0
84 11062 474 473 25 0 0 1 0 0 0 0 1 0 0 0 0
85 11036 487 486 25 0 0 1 0 0 0 0 1 0 0 0 0
86 11026 492 491 25 0 0 1 0 0 0 0 1 0 0 0 0
87 11013 498 497 26 0 0 1 0 0 0 0 1 0 0 0 0
88 10997 506 505 26 0 0 1 0 0 0 0 1 0 0 0 0
89 10988 511 510 25 0 0 1 0 0 0 0 1 0 0 0 0
90 10969 520 519 26 0 0 1 0 0 0 0 1 0 0 0 0
91 10952 528 526 26 0 0 2 0 0 0 0 2 0 0 0 0
92 10936 535 532 27 0 0 3 0 0 0 0 3 0 0 0 0
93 10926 540 537 27 0 0 3 0 0 0 0 3 0 0 0 0
94 10908 549 545 26 0 0 4 0 0 0 0 4 0 0 0 0
95 10894 556 552 26 0 0 4 0 0 0 0 4 0 0 0 0
96 10877 564 560 27 0 0 4 0 0 0 0 4 0 0 0 0
97 10854 575 571 28 0 0 4 0 0 0 0 4 0 0 0 0
98 10838 582 578 30 0 0 4 0 0 0 0 4 0 0 0 0
99 10837 582 578 31 0 0 4 0 0 0 0 4 0 0 0 0
100 10820 590 586 32 0 0 4 0 0 0 0 4 0 0 0 0
101 10814 593 589 32 0 0 4 0 0 0 0 4 0 0 0 0
102 10803 598 594 33 0 0 4 0 0 0 0 4 0 0 0 0
103 10796 601 598 33 0 0 4 0 0 1 0 3 0 0 0 0
104 10777 610 607 34 0 0 4 0 0 1 0 3 0 0 0 0
105 10754 621 618 35 0 0 4 0 0 1 0 3 0 0 0 0
106 10749 623 619 35 0 0 5 0 0 1 0 4 0 0 0 0
107 10728 633 629 36 0 0 5 0 0 1 0 4 0 0 0 0
108 10721 637 633 35 0 0 5 0 0 1 0 4 0 0 0 0
109 10719 638 634 35 0 0 5 0 0 1 0 4 0 0 0 0
110 10717 638 634 37 0 0 5 0 0 1 0 4 0 0 0 0
111 10710 641 637 38 0 0 5 0 0 1 0 4 0 0 0 0
112 10700 647 642 35 0 0 6 0 0 1 0 5 0 0 0 0
113 10688 653 648 35 0 0 6 0 0 1 0 5 0 0 0 0
114 10688 653 648 35 0 0 6 0 0 1 0 5 0 0 0 0
115 10684 655 650 35 0 0 6 0 0 1 0 5 0 0 0 0
116 10670 662 657 35 0 0 6 0 0 1 0 5 0 0 0 0
117 10662 666 661 35 0 0 6 0 0 1 0 5 0 0 0 0
118 10643 675 669 35 0 0 7 0 0 1 0 6 0 0 0 0
119 10646 673 667 36 0 0 7 0 0 1 0 6 0 0 0 0
120 10649 671 665 37 0 0 7 0 0 1 0 6 0 0 0 0
121 10642 674 668 38 0 0 7 0 0 1 0 6 0 0 0 0
122 10634 678 672 38 0 0 7 0 0 1 0 6 0 0 0 0
123 10626 682 676 38 0 0 7 0 0 1 0 6 0 0 0 0
124 10622 684 678 38 0 0 7 0 0 1 0 6 0 0 0 0
125 10614 688 682 38 0 0 7 0 0 1 0 6 0 0 0 0
126 10592 699 693 38 0 0 7 0 0 1 0 6 0 0 0 0
127 10582 704 698 38 0 0 7 0 0 1 0 6 0 0 0 0
128 10566 710 704 42 0 0 7 0 0 1 0 6 0 0 0 0
129 10550 718 712 42 0 0 7 0 0 1 0 6 0 0 0 0
130 10550 718 711 41 0 0 8 0 0 1 0 7 0 0 0 0
131 10529 728 720 41 0 0 9 0 0 1 0 8 0 0 0 0
132 10504 740 732 42 0 0 9 0 0 1 0 8 0 0 0 0
133 10486 748 740 44 0 0 9 0 0 1 0 8 0 0 0 0
134 10461 760 751 44 0 0 10 0 0 1 0 9 0 0 0 0
135 10454 763 754 45 0 0 10 0 0 1 0 9 0 0 0 0
136 10451 764 754 45 0 0 11 0 0 1 0 10 0 0 0 0
137 10428 774 764 48 0 0 11 0 0 1 0 10 0 0 0 0
138 10418 778 765 47 0 0 14 0 0 1 0 13 0 0 0 0
139 10404 783 770 51 0 0 14 0 0 1 0 13 0 0 0 0
140 10388 790 778 52 0 0 14 0 0 2 0 12 0 0 0 0
141 10384 792 780 52 0 0 14 0 0 2 0 12 0 0 0 0
142 10360 804 792 52 0 0 14 0 0 2 0 12 0 0 0 0
143 10349 808 795 54 0 0 15 0 0 2 0 13 0 0 0 0
144 10329 818 805 54 0 0 15 0 0 2 0 13 0 0 0 0
145 10301 831 818 56 0 0 15 0 0 2 0 13 0 0 0 0
146 10281 839 826 60 0 0 15 0 0 2 0 13 0 0 0 0
147 10287 836 822 59 0 0 16 0 0 2 0 14 0 0 0 0
148 10272 843 829 60 0 0 16 0 0 2 0 14 0 0 0 0
149 10264 847 833 58 0 0 17 0 0 3 0 14 0 0 0 0
150 10249 854 840 59 0 0 17 0 0 3 0 14 0 0 0 0
151 10249 854 840 59 0 0 17 0 0 3 0 14 0 0 0 0
152 10236 861 847 58 0 0 17 0 0 3 0 14 0 0 0 0
153 10207 875 861 59 0 0 17 0 0 3 0 14 0 0 0 0
154 10183 886 873 60 0 0 17 0 0 4 0 13 0 0 0 0
155 10175 889 876 62 0 0 17 0 0 4 0 13 0 0 0 0
156 10145 902 889 66 0 0 17 0 0 4 0 13 0 0 0 0
157 10115 915 901 69 0 0 18 0 0 4 0 14 0 0 0 0
158 10086 929 915 70 0 0 18 0 0 4 0 14 0 0 0 0
159 10068 937 923 72 0 0 18 0 0 4 0 14 0 0 0 0
160 10042 949 935 74 0 0 18 0 0 4 0 14 0 0 0 0
161 10022 956 942 78 0 0 18 1 0 4 0 15 0 0 0 0
162 10001 964 950 83 0 0 18 1 0 4 0 15 0 0 0 0
163 9982 973 959 84 0 0 18 1 0 4 0 15 0 0 0 0
164 9962 982 968 86 0 0 18 1 0 4 0 15 0 0 0 0
165 9945 991 976 84 0 0 19 1 0 4 0 16 0 0 0 0
166 9925 1000 982 83 0 0 22 1 0 4 0 19 0 0 0 0
167 9890 1015 994 85 0 0 25 1 0 4 0 22 0 0 0 0
168 9860 1029 1008 87 0 0 25 1 0 4 0 22 0 0 0 0
169 9846 1035 1013 88 0 0 26 1 0 4 0 23 0 0 0 0
170 9826 1042 1020 94 0 0 26 1 0 4 0 23 0 0 0 0
171 9804 1051 1026 93 0 0 29 2 0 4 0 27 0 0 0 0
172 9793 1055 1030 96 0 0 29 2 0 4 0 27 0 0 0 0
173 9781 1060 1035 94 0 0 29 4 0 4 0 29 0 0 0 0
174 9763 1066 1041 100 0 0 29 4 0 4 0 29 0 0 0 0
175 9741 1076 1051 102 0 0 29 4 0 4 0 29 0 0 0 0
176 9722 1082 1057 109 0 0 29 4 0 4 0 29 0 0 0 0
177 9695 1094 1068 111 0 0 30 4 0 4 0 30 0 0 0 0
178 9695 1092 1066 115 0 0 30 4 0 4 0 30 0 0 0 0
179 9675 1102 1076 115 0 0 30 4 0 4 0 30 0 0 0 0
180 9672 1103 1076 115 0 0 31 4 0 4 0 31 0 0 0 0
181 9647 1114 1086 117 0 0 32 4 0 4 0 32 0 0 0 0
182 9645 1117 1089 113 0 0 32 4 0 4 0 32 0 0 0 0
183 9641 1117 1091 115 0 0 32 4 0 6 0 30 0 0 0 0
184 9621 1126 1101 116 0 0 32 4 0 7 0 29 0 0 0 0
185 9616 1128 1103 115 0 0 33 4 0 8 0 29 0 0 0 0
186 9608 1131 1103 115 0 0 36 3 0 8 0 31 0 0 0 1
187 9595 1137 1109 116 0 0 36 3 0 8 0 31 0 0 0 1
188 9579 1145 1118 115 0 0 36 3 0 9 0 30 0 0 0 1
189 9569 1148 1121 117 0 0 37 3 0 10 0 30 0 0 0 1
190 9560 1151 1124 120 0 0 37 3 0 10 0 30 0 0 0 1
191 9552 1155 1128 120 0 0 37 3 0 10 0 30 0 0 0 1
192 9550 1153 1126 125 0 0 37 3 0 10 0 30 0 0 0 2
193 9536 1160 1133 125 0 0 37 3 0 10 0 30 0 0 0 2
194 9517 1167 1140 130 0 0 37 3 0 10 0 30 0 0 0 2
195 9513 1168 1140 131 0 0 38 3 0 10 0 31 0 0 0 2
196 9507 1172 1144 129 0 0 38 3 0 10 0 31 0 0 0 2
197 9506 1172 1144 130 0 0 38 3 0 10 0 31 0 0 0 2
198 9502 1174 1146 130 0 0 38 3 0 10 0 31 0 0 0 2
199 9480 1185 1156 129 0 0 39 3 0 10 0 32 0 0 0 2
200 9476 1186 1155 129 0 0 41 3 0 10 0 34 0 0 0 2
201 9456 1195 1162 129 0 0 43 3 0 10 0 36 0 0 0 2
202 9450 1198 1164 129 0 0 44 2 0 10 0 36 0 0 0 3
203 9445 1200 1166 130 0 0 44 2 0 10 0 36 0 0 0 3
204 9444 1201 1166 128 0 0 45 2 0 10 0 37 0 0 0 3
205 9435 1205 1171 128 0 0 45 2 0 11 0 36 0 0 0 3
206 9427 1207 1173 132 0 0 45 2 0 11 0 36 0 0 0 3
207 9422 1209 1175 133 0 0 45 2 0 11 0 36 0 0 0 3
208 9415 1211 1178 135 0 0 45 2 0 12 0 35 0 0 0 3
209 9425 1206 1171 133 0 0 47 2 0 12 0 37 0 0 0 3
210 9415 1212 1177 131 0 0 47 2 0 12 0 37 0 0 0 3
211 9416 1210 1175 132 0 0 48 2 0 13 0 37 0 0 0 3
212 9406 1214 1180 131 0 0 48 3 0 14 0 37 0 0 0 3
213 9395 1217 1184 135 0 0 47 4 0 14 0 37 0 0 0 3
214 9387 1220 1187 137 0 0 47 4 0 14 0 37 0 0 0 3
215 9376 1222 1190 141 0 0 48 4 0 16 0 36 0 0 0 3
216 9361 1229 1197 142 0 0 48 4 0 16 0 36 0 0 0 3
217 9369 1225 1193 140 0 0 49 4 0 17 0 36 0 0 0 3
218 9356 1231 1197 139 0 0 51 4 0 17 0 38 0 0 0 3
219 9349 1234 1200 140 0 0 51 4 0 17 0 38 0 0 0 3
220 9343 1239 1205 136 0 0 51 4 0 17 0 38 0 0 0 3
221 9344 1238 1205 136 0 0 51 4 0 18 0 37 0 0 0 3
222 9346 1237 1204 136 0 0 51 4 0 18 0 37 0 0 0 3
223 9334 1241 1209 139 0 0 51 4 0 19 0 36 0 0 0 3
224 9339 1239 1205 136 0 0 53 4 0 19 0 38 0 0 0 3
225 9342 1237 1203 137 0 0 53 4 0 19 0 38 0 0 0 3
226 9333 1241 1208 137 0 0 53 4 0 20 0 37 0 0 0 3
227 9318 1248 1214 137 0 0 54 4 0 20 0 38 0 0 0 3
228 9296 1257 1224 140 0 0 53 5 0 20 0 38 0 0 0 3
229 9283 1263 1230 141 0 0 53 5 0 20 0 38 0 0 0 3
230 9267 1271 1237 140 0 0 54 5 0 20 0 39 0 0 0 3
231 9279 1266 1232 138 0 0 54 5 0 20 0 39 0 0 0 3
232 9281 1264 1229 139 0 0 55 5 0 20 0 40 0 0 0 3
233 9274 1268 1233 138 0 0 55 5 0 20 0 40 0 0 0 3
234 9272 1271 1236 134 0 0 55 5 0 20 0 40 0 0 0 3
235 9257 1278 1242 134 0 0 56 5 0 20 0 41 0 0 0 3
236 9257 1278 1241 134 0 0 57 4 0 20 0 41 0 0 0 4
237 9244 1284 1247 134 0 0 57 4 0 20 0 41 0 0 0 5
238 9236 1287 1250 136 0 0 57 4 0 20 0 41 0 0 0 5
239 9230 1290 1251 134 0 0 59 4 0 20 0 43 0 0 0 5
240 9218 1295 1257 133 0 0 60 4 0 22 0 42 0 0 0 5
241 9207 1299 1262 135 0 0 59 5 0 22 0 42 0 0 0 5
242 9191 1307 1270 133 0 0 59 6 0 22 0 43 0 0 0 5
243 9189 1310 1273 129 0 0 59 6 0 22 0 43 0 0 0 5
244 9171 1318 1279 127 0 0 61 7 0 22 0 46 0 0 0 5
245 9162 1323 1283 125 0 0 62 7 0 22 0 47 0 0 0 5
246 9148 1329 1286 124 0 0 66 6 0 23 0 49 0 0 0 5
247 9133 1335 1292 127 0 0 66 6 0 23 0 49 0 0 0 5
248 9130 1336 1293 126 0 0 66 7 0 23 0 50 0 0 0 5
249 9132 1333 1289 129 0 0 67 7 0 23 0 51 0 0 0 5
250 9124 1338 1294 127 0 0 67 7 0 23 0 51 0 0 0 5
251 9119 1339 1295 130 0 0 67 7 0 23 0 51 0 0 0 5
252 9104 1346 1301 130 0 0 68 7 0 23 0 52 0 0 0 5
253 9096 1349 1304 130 0 0 68 8 0 23 0 53 0 0 0 5
254 9086 1352 1306 133 0 0 69 8 0 23 0 54 0 0 0 5
255 9078 1354 1307 134 0 0 70 9 0 23 0 56 0 0 0 5
256 9054 1365 1318 136 0 0 70 9 0 23 0 56 0 0 0 5
257 9047 1366 1319 139 0 0 71 9 0 24 0 56 0 0 0 5
258 9038 1370 1323 139 0 0 71 9 0 24 0 56 0 0 0 6
259 9011 1380 1334 145 0 0 71 9 0 25 0 55 0 0 0 6
260 9010 1380 1333 145 0 0 72 9 0 25 0 56 0 0 0 6
261 9006 1381 1337 144 0 0 72 9 0 28 0 53 0 0 0 6
262 8989 1390 1346 141 0 0 73 9 0 29 0 53 0 0 0 6
263 8977 1397 1352 138 0 0 74 9 0 29 0 54 0 0 0 6
264 8953 1408 1362 139 0 0 75 9 0 29 0 55 0 0 0 6
265 8948 1409 1361 142 0 0 77 8 0 29 0 56 0 0 0 6
266 8937 1413 1362 142 0 0 80 8 0 29 0 59 0 0 0 6
267 8929 1417 1365 141 0 0 81 8 0 29 0 60 0 0 0 6
268 8920 1418 1366 148 0 0 81 8 0 29 0 60 0 0 0 6
269 8907 1423 1370 150 0 0 82 8 0 29 0 61 0 0 0 6
270 8892 1430 1377 151 0 0 82 8 0 29 0 61 0 0 0 6
271 8876 1437 1382 151 0 0 84 8 0 29 0 63 0 0 0 6
272 8852 1446 1391 157 0 0 84 8 0 29 0 63 0 0 0 6
273 8850 1446 1391 159 0 0 84 8 0 29 0 63 0 0 0 6
274 8836 1452 1397 161 0 0 85 7 0 30 0 62 0 0 0 6
275 8815 1463 1408 160 0 0 85 7 0 30 0 62 0 0 0 6
276 8802 1464 1409 171 0 0 85 7 0 30 0 62 0 0 0 6
277 8783 1473 1418 170 0 0 85 8 0 30 0 63 0 0 0 6
278 8783 1472 1417 172 0 0 85 8 0 30 0 63 0 0 0 6
279 8763 1482 1424 169 0 0 88 8 0 30 0 66 0 0 0 6
280 8749 1488 1430 171 0 0 88 8 0 30 0 66 0 0 0 6
281 8731 1495 1436 172 0 0 89 9 0 30 0 68 0 0 0 6
282 8718 1500 1441 175 0 0 89 9 0 30 0 68 0 0 0 6
283 8706 1506 1446 174 0 0 90 9 0 30 0 69 0 0 0 6
284 8690 1513 1451 174 0 0 92 9 0 30 0 71 0 0 0 6
285 8675 1519 1454 176 0 0 94 9 0 29 0 74 0 0 0 6
286 8674 1518 1454 178 0 0 94 9 0 30 0 73 0 0 0 6
287 8656 1526 1459 177 0 0 97 9 0 30 0 76 0 0 0 6
288 8637 1536 1467 176 0 0 98 9 0 29 0 78 0 0 0 6
289 8625 1539 1468 180 0 0 100 9 0 29 0 80 0 0 0 6
290 8608 1548 1476 178 0 0 101 9 0 29 0 81 0 0 0 6
291 8597 1552 1478 179 0 0 103 9 0 29 0 83 0 0 0 6
292 8581 1558 1484 183 0 0 103 9 0 29 0 83 0 0 0 6
293 8580 1559 1486 181 0 0 103 9 0 30 0 82 0 0 0 6
294 8567 1567 1493 175 0 0 104 10 0 30 0 84 0 0 0 6
295 8569 1566 1491 174 0 0 105 10 0 30 0 85 0 0 0 6
296 8578 1560 1484 176 0 0 106 10 0 30 0 86 0 0 0 6
297 8577 1561 1484 172 0 0 108 10 0 31 0 87 0 0 0 6
298 8559 1568 1492 175 0 0 108 10 0 32 0 86 0 0 0 6
299 8548 1573 1496 175 0 0 109 10 0 32 0 87 0 0 0 6
300 8537 1578 1499 174 0 0 111 10 0 32 0 89 0 0 0 6
301 8540 1576 1496 174 0 0 112 10 0 32 0 90 0 0 0 6
302 8539 1577 1495 171 0 0 114 10 0 32 0 92 0 0 0 6
303 8522 1584 1502 172 0 0 115 10 0 33 0 92 0 0 0 6
304 8524 1578 1497 181 0 0 115 10 0 34 0 91 0 0 0 6
305 8519 1580 1500 181 0 0 115 10 0 35 0 90 0 0 0 6
306 8514 1582 1502 182 0 0 115 10 0 35 0 90 0 0 0 6
307 8501 1589 1507 181 0 0 117 9 0 35 0 91 0 0 0 6
308 8495 1592 1512 177 0 0 118 9 0 38 0 89 0 0 0 6
309 8490 1593 1514 178 0 0 117 10 0 38 0 89 0 0 0 7
310 8488 1593 1515 179 0 0 116 11 0 38 0 89 0 0 0 7
311 8486 1595 1517 177 0 0 116 11 0 38 0 89 0 0 0 7
312 8478 1599 1522 176 0 0 116 11 0 39 0 88 0 0 0 7
313 8477 1600 1523 175 0 0 116 11 0 39 0 88 0 0 0 7
314 8482 1596 1518 177 0 0 117 11 0 39 0 89 0 0 0 7
315 8496 1587 1511 179 0 0 117 11 0 41 0 87 0 0 0 7
316 8507 1581 1506 179 0 0 117 11 0 42 0 86 0 0 0 7
317 8500 1583 1508 182 0 0 117 11 0 42 0 86 0 0 0 7
318 8495 1584 1509 185 0 0 117 11 0 42 0 86 0 0 0 7
319 8501 1581 1506 185 0 0 117 11 0 42 0 86 0 0 0 7
320 8497 1583 1507 186 0 0 117 11 0 41 0 87 0 0 0 7
321 8492 1585 1510 185 0 0 117 11 0 42 0 86 0 0 0 8
322 8480 1590 1515 187 0 0 117 11 0 42 0 86 0 0 0 8
323 8479 1591 1515 184 0 0 118 11 0 42 0 87 0 0 0 9
324 8468 1595 1518 186 0 0 120 10 0 43 0 87 0 0 0 9
325 8442 1604 1528 193 0 0 120 10 0 44 0 86 0 0 0 9
326 8442 1604 1528 193 0 0 120 10 0 44 0 86 0 0 0 9
327 8443 1603 1528 193 0 0 120 10 0 45 0 85 0 0 0 9
328 8446 1601 1526 194 0 0 120 10 0 45 0 85 0 0 0 9
329 8430 1607 1532 198 0 0 120 10 0 45 0 85 0 0 0 9
330 8442 1599 1525 201 0 0 120 10 0 46 0 84 0 0 0 9
331 8449 1595 1519 200 0 0 122 10 0 46 0 86 0 0 0 9
332 8466 1586 1510 201 0 0 122 10 0 46 0 86 0 0 0 9
333 8462 1588 1511 200 0 0 123 10 0 46 0 87 0 0 0 9
334 8461 1585 1509 206 0 0 122 11 0 46 0 87 0 0 0 9
335 8450 1590 1514 207 0 0 122 11 0 46 0 87 0 0 0 9
336 8462 1582 1507 210 0 0 121 12 0 46 0 87 0 0 0 9
337 8459 1582 1506 212 0 0 122 12 0 46 0 88 0 0 0 9
338 8454 1583 1504 213 0 0 125 11 0 46 0 90 0 0 0 10
339 8444 1587 1507 214 0 0 126 11 0 46 0 91 0 0 0 10
340 8439 1589 1506 212 0 0 129 11 0 46 0 94 0 0 0 10
341 8429 1593 1508 212 0 0 131 10 0 46 0 95 0 0 0 12
342 8409 1600 1514 217 0 0 132 10 0 46 0 96 0 0 0 12
343 8403 1601 1513 219 0 0 134 10 0 46 0 98 0 0 0 12
344 8379 1611 1524 222 0 0 133 11 0 46 0 98 0 0 0 12
345 8380 1609 1522 223 0 0 134 11 0 47 0 98 0 0 0 12
346 8378 1610 1521 221 0 0 136 11 0 47 0 100 0 0 0 12
347 8369 1614 1526 221 0 0 135 12 0 47 0 100 0 0 0 12
348 8356 1614 1527 231 0 0 136 12 0 49 0 99 0 0 0 12
349 8340 1621 1533 232 0 0 137 12 0 49 0 100 0 0 0 12
350 8329 1626 1537 232 0 0 138 12 0 49 0 101 0 0 0 12
351 8326 1626 1536 230 0 0 139 14 0 49 0 104 0 0 0 12
352 8323 1627 1536 230 0 0 140 14 0 49 0 105 0 0 0 12
353 8306 1635 1541 226 0 0 143 15 0 49 0 109 0 0 0 12
354 8294 1640 1546 228 0 0 143 15 0 49 0 109 0 0 0 12
355 8291 1639 1544 230 0 0 145 15 0 50 0 110 0 0 0 12
356 8264 1650 1552 232 0 0 148 15 0 50 0 113 0 0 0 12
357 8262 1650 1552 234 0 0 148 15 0 50 0 113 0 0 0 12
358 8248 1656 1556 234 0 0 150 15 0 50 0 115 0 0 0 12
359 8233 1663 1563 230 0 0 151 16 0 51 0 116 0 0 0 13
360 8222 1666 1566 233 0 0 152 16 0 52 0 116 0 0 0 13
361 8209 1669 1568 235 0 0 155 16 0 54 0 117 0 0 0 13
362 8207 1669 1568 237 0 0 155 16 0 54 0 117 0 0 0 13
363 8201 1671 1565 234 0 0 160 16 0 54 0 122 0 0 0 13
364 8201 1669 1562 237 0 0 161 16 0 54 0 123 0 0 0 13
365 8196 1670 1564 239 0 0 161 16 0 55 0 122 0 0 0 13
366 8193 1671 1566 239 0 0 160 17 0 55 0 122 0 0 0 13
367 8180 1677 1572 236 0 0 162 17 0 57 0 122 0 0 0 13
368 8178 1677 1573 237 0 0 162 17 0 58 0 121 0 0 0 13
369 8176 1676 1570 237 0 0 164 18 0 58 0 124 0 0 0 13
370 8153 1686 1581 237 0 0 165 18 0 60 0 123 0 0 0 13
371 8139 1691 1583 236 0 0 168 19 0 60 0 127 0 0 0 13
372 8129 1694 1586 240 0 0 168 19 0 60 0 127 0 0 0 13
373 8108 1699 1590 250 0 0 169 19 0 60 0 128 0 0 0 13
374 8102 1704 1594 245 0 0 170 19 0 60 0 129 0 0 0 13
375 8095 1706 1594 244 0 0 172 20 0 60 0 132 0 0 0 13
376 8093 1707 1596 243 0 0 173 19 0 62 0 130 0 0 0 13
377 8085 1711 1601 240 0 0 172 21 0 62 0 131 0 0 0 13
378 8080 1709 1599 245 0 0 173 22 0 63 0 132 0 0 0 13
379 8062 1719 1607 245 0 0 174 21 0 62 0 133 0 0 0 13
380 8060 1720 1607 244 0 0 175 21 0 62 0 134 0 0 0 13
381 8065 1715 1600 248 0 0 177 20 0 62 0 135 0 0 0 14
382 8054 1718 1602 252 0 0 178 20 0 62 0 136 0 0 0 14
383 8055 1716 1600 253 0 0 178 21 0 62 0 137 0 0 0 14
384 8057 1714 1597 252 0 0 179 22 0 62 0 139 0 0 0 14
385 8060 1712 1594 252 0 0 180 22 0 62 0 140 0 0 0 14
386 8054 1715 1596 251 0 0 181 22 0 62 0 141 0 0 0 14
387 8055 1716 1595 247 0 0 183 21 0 62 0 142 0 0 0 15
388 8055 1714 1593 249 0 0 184 21 0 63 0 142 0 0 0 15
389 8053 1716 1593 245 0 0 186 21 0 63 0 144 0 0 0 15
390 8038 1722 1600 247 0 0 186 21 0 64 0 143 0 0 0 15
391 8033 1723 1601 248 0 0 187 21 0 65 0 143 0 0 0 15
392 8033 1722 1602 248 0 0 186 22 0 66 0 142 0 0 0 15
393 8049 1715 1594 243 0 0 188 22 0 67 0 143 0 0 0 15
394 8046 1716 1595 242 0 0 188 23 0 67 0 144 0 0 0 15
395 8044 1717 1598 238 0 0 188 24 0 69 0 143 0 0 0 15
396 8039 1718 1596 238 0 0 191 24 0 69 0 146 0 0 0 15
397 8044 1715 1593 237 0 0 191 25 0 69 0 147 0 0 0 15
398 8038 1715 1593 240 0 0 192 25 0 70 0 147 0 0 0 16
399 8039 1716 1592 235 0 0 194 25 0 70 0 149 0 0 0 16
400 8033 1717 1591 237 0 0 196 25 0 70 0 151 0 0 0 16
401 8037 1715 1588 236 0 0 197 25 0 70 0 152 0 0 0 16
402 8029 1717 1590 238 0 0 197 26 0 70 0 153 0 0 0 16
403 8032 1712 1583 245 0 0 199 25 0 70 0 154 0 0 0 16
404 8042 1706 1574 246 0 0 201 25 0 69 0 157 0 0 0 16
405 8039 1707 1574 246 0 0 203 24 0 70 0 157 0 0 0 16
406 8028 1711 1580 245 0 0 204 24 0 73 0 155 0 0 0 16
407 8034 1708 1578 241 0 0 203 26 0 73 0 156 0 0 0 17
408 8032 1709 1580 238 0 0 203 27 0 74 0 156 0 0 0 17
409 8037 1706 1575 239 0 0 204 27 0 73 0 158 0 0 0 17
410 8020 1712 1583 242 0 0 203 28 0 74 0 157 0 0 0 17
411 8030 1706 1577 242 0 0 204 28 0 75 0 157 0 0 0 17
412 8036 1702 1572 243 0 0 205 28 0 75 0 158 0 0 0 17
413 8030 1702 1572 241 0 0 207 30 0 77 0 160 0 0 0 17
414 8035 1699 1568 241 0 0 207 31 0 76 0 162 0 0 0 17
415 8042 1694 1565 241 0 0 208 30 0 79 0 159 0 0 0 18
416 8046 1687 1559 250 0 0 208 30 0 80 0 158 0 0 0 18
417 8045 1688 1560 249 0 0 208 30 0 80 0 158 0 0 0 18
418 8030 1695 1564 247 0 0 211 30 0 80 0 161 0 0 0 18
419 8020 1702 1571 242 0 0 211 30 0 80 0 161 0 0 0 19
420 8016 1702 1573 242 0 0 209 33 0 80 0 162 0 0 0 19
421 8023 1699 1567 242 0 0 212 31 0 80 0 163 0 0 0 19
422 8037 1690 1559 244 0 0 212 31 0 81 0 162 0 0 0 20
423 8030 1694 1563 243 0 0 212 31 0 81 0 162 0 0 0 20
424 8040 1690 1558 242 0 0 212 31 0 80 0 163 0 0 0 20
425 8024 1696 1566 244 0 0 211 32 0 81 0 162 0 0 0 20
426 8024 1695 1566 243 0 0 211 33 0 82 0 162 0 0 0 20
427 8023 1695 1567 241 0 0 212 33 0 84 0 161 0 0 0 20
428 8016 1697 1572 241 0 0 212 33 0 87 0 158 0 0 0 20
429 8008 1701 1576 241 0 0 212 33 0 87 0 158 0 0 0 20
430 8009 1699 1572 244 0 0 213 33 0 86 0 160 0 0 0 20
431 8011 1698 1571 244 0 0 213 33 0 86 0 160 0 0 0 20
432 8004 1700 1572 244 0 0 215 33 0 87 0 161 0 0 0 20
433 7997 1703 1574 244 0 0 216 33 0 87 0 162 0 0 0 20
434 7980 1710 1582 245 0 0 216 33 0 88 0 161 0 0 0 21
435 7973 1714 1587 243 0 0 215 34 0 88 0 161 0 0 0 21
436 7963 1719 1591 239 0 0 217 34 0 89 0 162 0 0 0 22
437 7967 1715 1586 240 0 0 218 35 0 89 0 164 0 0 0 22
438 7966 1714 1588 240 0 0 217 36 0 91 0 162 0 0 0 22
439 7948 1719 1592 246 0 0 218 36 0 91 0 163 0 0 0 23
440 7944 1718 1592 251 0 0 218 36 0 92 0 162 0 0 0 23
441 7942 1717 1589 255 0 0 220 35 0 92 0 163 0 0 0 23
442 7940 1719 1591 253 0 0 220 35 0 92 0 163 0 0 0 23
443 7940 1719 1590 251 0 0 221 35 0 92 0 164 0 0 0 24
444 7927 1723 1593 255 0 0 222 35 0 92 0 165 0 0 0 24
445 7916 1725 1591 256 0 0 226 35 0 92 0 169 0 0 0 26
446 7914 1725 1591 256 0 0 227 35 0 93 0 169 0 0 0 26
447 7898 1733 1597 255 0 0 229 34 0 93 0 170 0 0 0 27
448 7892 1734 1599 258 0 0 228 35 0 93 0 170 0 0 0 27
449 7885 1737 1603 256 0 0 228 36 0 94 0 170 0 0 0 27
450 7881 1739 1605 256 0 0 228 36 0 94 0 170 0 0 0 27
451 7874 1743 1606 254 0 0 230 36 0 93 0 173 0 0 0 27
452 7875 1742 1607 253 0 0 230 36 0 95 0 171 0 0 0 27
453 7869 1744 1608 253 0 0 232 35 0 96 0 171 0 0 0 28
454 7864 1744 1609 252 0 0 233 36 0 98 0 171 0 0 0 29
455 7853 1748 1611 254 0 0 234 36 0 97 0 173 0 0 0 30
456 7838 1754 1613 250 0 0 239 36 0 98 0 177 0 0 0 31
457 7834 1755 1613 251 0 0 240 36 0 98 0 178 0 0 0 31
458 7798 1769 1629 255 0 0 240 37 0 100 0 177 0 0 0 31
459 7790 1772 1634 255 0 0 238 39 0 100 0 177 0 0 0 31
460 7785 1772 1631 255 0 0 242 39 0 101 0 180 0 0 0 31
461 7764 1782 1640 255 0 0 242 40 0 100 0 182 0 0 0 31
462 7749 1786 1642 261 0 0 244 39 0 100 0 183 0 0 0 32
463 7727 1794 1649 266 0 0 245 39 0 100 0 184 0 0 0 32
464 7716 1797 1651 267 0 0 247 39 0 101 0 185 0 0 0 33
465 7709 1799 1652 267 0 0 248 40 0 101 0 187 0 0 0 33
466 7708 1797 1651 269 0 0 249 40 0 103 0 186 0 0 0 33
467 7699 1803 1657 266 0 0 250 39 0 104 0 185 0 0 0 33
468 7684 1808 1662 266 0 0 251 40 0 105 0 186 0 0 0 34
469 7668 1814 1669 269 0 0 250 41 0 105 0 186 0 0 0 34
470 7665 1814 1668 271 0 0 251 41 0 105 0 187 0 0 0 34
471 7660 1815 1669 274 0 0 251 41 0 105 0 187 0 0 0 34
472 7650 1817 1673 276 0 0 251 42 0 107 0 186 0 0 0 34
473 7638 1820 1671 278 0 0 256 41 0 107 0 190 0 0 0 35
474 7635 1821 1673 276 0 0 256 42 0 108 0 190 0 0 0 35
475 7635 1820 1671 273 0 0 258 43 0 109 0 192 0 0 0 35
476 7628 1820 1671 278 0 0 258 44 0 109 0 193 0 0 0 35
477 7626 1819 1667 278 0 0 262 43 0 110 0 195 0 0 0 36
478 7622 1816 1664 288 0 0 262 43 0 110 0 195 0 0 0 36
479 7615 1819 1666 288 0 0 263 43 0 110 0 196 0 0 0 36
480 7606 1823 1671 288 0 0 263 43 0 111 0 195 0 0 0 36
481 7605 1824 1673 284 0 0 263 43 0 112 0 194 0 0 0 38
482 7598 1824 1673 286 0 0 264 44 0 113 0 195 0 0 0 39
483 7590 1824 1673 291 0 0 265 44 0 114 0 195 0 0 0 40
484 7578 1830 1678 290 0 0 267 43 0 115 0 195 0 0 0 40
485 7574 1830 1679 290 0 0 267 44 0 116 0 195 0 0 0 41
486 7579 1828 1676 288 0 0 268 44 0 116 0 196 0 0 0 41
487 7586 1823 1671 287 0 0 268 46 0 116 0 198 0 0 0 41
488 7587 1820 1669 290 0 0 268 46 0 117 0 197 0 0 0 42
489 7585 1821 1670 288 0 0 269 46 0 118 0 197 0 0 0 42
490 7575 1824 1672 291 0 0 271 45 0 119 0 197 0 0 0 42
491 7553 1834 1680 294 0 0 272 44 0 118 0 198 0 0 0 43
492 7550 1833 1676 298 0 0 274 43 0 117 0 200 0 0 0 45
493 7539 1835 1677 302 0 0 275 44 0 117 0 202 0 0 0 45
494 7535 1834 1678 303 0 0 275 45 0 119 0 201 0 0 0 46
495 7527 1836 1679 306 0 0 276 45 0 119 0 202 0 0 0 46
496 7547 1827 1669 298 0 0 280 44 0 122 0 202 0 0 0 47
497 7547 1827 1670 297 0 0 280 44 0 123 0 201 0 0 0 47
498 7545 1829 1669 295 0 0 283 42 0 123 0 202 0 0 0 48
499 7543 1829 1668 295 0 0 284 42 0 123 0 203 0 0 0 49
500 7553 1823 1661 294 0 0 286 42 0 124 0 204 0 0 0 49
501 7539 1827 1666 297 0 0 286 43 0 125 0 204 0 0 0 49
502 7526 1830 1667 302 0 0 288 42 0 125 0 205 0 0 0 51
503 7533 1824 1662 304 0 0 289 42 0 127 0 204 0 0 0 51
504 7524 1829 1666 304 0 0 289 42 0 126 0 205 0 0 0 51
505 7524 1830 1664 301 0 0 292 41 0 126 0 207 0 0 0 51
506 7521 1829 1664 304 0 0 292 41 0 127 0 206 0 0 0 52
507 7514 1832 1666 300 0 0 294 42 0 128 0 208 0 0 0 52
508 7511 1834 1667 298 0 0 295 42 0 128 0 209 0 0 0 52
509 7519 1829 1661 301 0 0 296 41 0 128 0 209 0 0 0 52
510 7512 1829 1661 302 0 0 297 43 0 129 0 211 0 0 0 52
511 7495 1836 1667 305 0 0 298 42 0 129 0 211 0 0 0 53
512 7494 1836 1670 303 0 0 297 43 0 131 0 209 0 0 0 53
513 7506 1829 1663 305 0 0 297 43 0 131 0 209 0 0 0 53
514 7511 1825 1659 307 0 0 298 42 0 132 0 208 0 0 0 54
515 7505 1826 1660 311 0 0 298 42 0 132 0 208 0 0 0 54
516 7508 1817 1653 322 0 0 297 44 0 133 0 208 0 0 0 54
517 7523 1810 1643 318 0 0 300 44 0 133 0 211 0 0 0 54
518 7527 1807 1640 318 0 0 301 43 0 134 0 210 0 0 0 56
519 7531 1805 1638 316 0 0 300 45 0 133 0 212 0 0 0 56
520 7519 1809 1641 318 0 0 301 45 0 133 0 213 0 0 0 57
521 7523 1809 1638 314 0 0 303 44 0 132 0 215 0 0 0 58
522 7520 1808 1639 317 0 0 302 45 0 133 0 214 0 0 0 58
523 7525 1805 1637 317 0 0 302 45 0 134 0 213 0 0 0 58
524 7539 1799 1633 311 0 0 302 46 0 136 0 212 0 0 0 58
525 7543 1797 1632 308 0 0 303 46 0 138 0 211 0 0 0 58
526 7541 1797 1631 309 0 0 304 46 0 138 0 212 0 0 0 58
527 7541 1795 1629 311 0 0 306 45 0 140 0 211 0 0 0 58
528 7538 1795 1630 311 0 0 307 45 0 142 0 210 0 0 0 58
529 7549 1791 1623 305 0 0 309 45 0 141 0 213 0 0 0 60
530 7547 1791 1625 303 0 0 310 45 0 144 0 211 0 0 0 60
531 7534 1795 1631 304 0 0 311 45 0 147 0 209 0 0 0 60
532 7539 1788 1629 308 0 0 310 46 0 151 0 205 0 0 0 60
533 7533 1790 1634 307 0 0 309 47 0 153 0 203 0 0 0 60
534 7530 1790 1635 309 0 0 309 47 0 154 0 202 0 0 0 60
535 7527 1790 1633 310 0 0 312 46 0 155 0 203 0 0 0 60
536 7517 1797 1640 306 0 0 313 45 0 156 0 202 0 0 0 60
537 7508 1798 1643 309 0 0 314 45 0 159 0 200 0 0 0 60
538 7506 1798 1645 307 0 0 313 47 0 160 0 200 0 0 0 60
539 7509 1797 1646 303 0 0 313 47 0 162 0 198 0 0 0 61
540 7501 1798 1648 308 0 0 312 48 0 162 0 198 0 0 0 61
541 7504 1798 1646 303 0 0 314 48 0 162 0 200 0 0 0 61
542 7493 1804 1651 301 0 0 315 48 0 162 0 201 0 0 0 61
543 7501 1801 1646 297 0 0 317 48 0 162 0 203 0 0 0 61
544 7508 1799 1643 291 0 0 318 48 0 162 0 204 0 0 0 63
545 7505 1799 1642 293 0 0 319 48 0 162 0 205 0 0 0 63
546 7520 1790 1634 295 0 0 318 49 0 162 0 205 0 0 0 63
547 7538 1782 1625 290 0 0 319 50 0 162 0 207 0 0 0 63
548 7552 1775 1618 288 0 0 321 49 0 164 0 206 0 0 0 63
549 7551 1775 1617 288 0 0 321 50 0 163 0 208 0 0 0 63
550 7549 1776 1618 288 0 0 321 50 0 163 0 208 0 0 0 63
551 7553 1774 1617 285 0 0 320 52 0 163 0 209 0 0 0 63
552 7559 1772 1614 282 0 0 321 52 0 163 0 210 0 0 0 63
553 7551 1773 1617 286 0 0 321 52 0 165 0 208 0 0 0 63
554 7554 1772 1614 285 0 0 323 51 0 165 0 209 0 0 0 63
555 7562 1768 1610 285 0 0 325 49 0 167 0 207 0 0 0 63
556 7560 1770 1612 283 0 0 325 49 0 167 0 207 0 0 0 63
557 7570 1763 1605 287 0 0 325 49 0 167 0 207 0 0 0 63
558 7565 1763 1606 291 0 0 324 50 0 167 0 207 0 0 0 63
559 7563 1761 1603 295 0 0 325 50 0 167 0 208 0 0 0 64
560 7557 1764 1607 290 0 0 327 50 0 170 0 207 0 0 0 64
561 7554 1762 1605 295 0 0 328 50 0 171 0 207 0 0 0 64
562 7544 1768 1610 292 0 0 329 50 0 171 0 208 0 0 0 64
563 7550 1764 1607 291 0 0 330 50 0 173 0 207 0 0 0 64
564 7564 1757 1602 289 0 0 330 50 0 175 0 205 0 0 0 64
565 7564 1755 1601 292 0 0 331 49 0 177 0 203 0 0 0 64
566 7558 1757 1601 294 0 0 333 48 0 177 0 204 0 0 0 64
567 7560 1753 1598 299 0 0 332 49 0 177 0 204 0 0 0 64
568 7559 1753 1599 298 0 0 333 48 0 179 0 202 0 0 0 65
569 7559 1755 1599 294 0 0 335 47 0 179 0 203 0 0 0 65
570 7578 1746 1590 292 0 0 337 45 0 181 0 201 0 0 0 66
571 7590 1742 1585 284 0 0 338 46 0 181 0 203 0 0 0 67
572 7591 1738 1583 289 0 0 336 48 0 181 0 203 0 0 0 67
573 7616 1725 1570 290 0 0 336 48 0 181 0 203 0 0 0 67
574 7615 1723 1567 294 0 0 338 47 0 182 0 203 0 0 0 67
575 7615 1723 1565 294 0 0 340 46 0 182 0 204 0 0 0 67
576 7622 1722 1562 289 0 0 342 45 0 182 0 205 0 0 0 67
577 7614 1725 1564 292 0 0 343 44 0 182 0 205 0 0 0 67
578 7625 1720 1559 289 0 0 344 43 0 183 0 204 0 0 0 69
579 7630 1719 1558 284 0 0 345 43 0 184 0 204 0 0 0 69
580 7623 1722 1562 284 0 0 345 43 0 185 0 203 0 0 0 69
581 7621 1724 1563 279 0 0 346 44 0 185 0 205 0 0 0 69
582 7624 1722 1561 279 0 0 347 43 0 186 0 204 0 0 0 70
583 7632 1718 1559 276 0 0 348 42 0 189 0 201 0 0 0 71
584 7637 1714 1553 278 0 0 350 41 0 189 0 202 0 0 0 72
585 7629 1718 1556 277 0 0 351 41 0 189 0 203 0 0 0 72
586 7630 1715 1555 280 0 0 351 41 0 191 0 201 0 0 0 72
587 7641 1707 1548 282 0 0 352 41 0 193 0 200 0 0 0 72
588 7664 1695 1537 282 0 0 352 41 0 194 0 199 0 0 0 72
589 7665 1694 1535 284 0 0 353 40 0 194 0 199 0 0 0 72
590 7667 1691 1533 287 0 0 353 40 0 195 0 198 0 0 0 72
591 7661 1693 1533 287 0 0 355 40 0 195 0 200 0 0 0 72
592 7658 1697 1538 281 0 0 355 40 0 196 0 199 0 0 0 72
593 7676 1688 1531 276 0 0 355 41 0 198 0 198 0 0 0 73
594 7688 1683 1526 274 0 0 355 41 0 198 0 198 0 0 0 73
595 7700 1678 1518 270 0 0 359 39 0 199 0 199 0 0 0 74
596 7709 1673 1515 269 0 0 359 39 0 201 0 197 0 0 0 74
597 7706 1674 1517 269 0 0 359 39 0 202 0 196 0 0 0 74
598 7697 1677 1521 271 0 0 359 39 0 203 0 195 0 0 0 74
599 7687 1681 1525 271 0 0 360 39 0 204 0 195 0 0 0 74
600 7699 1674 1519 272 0 0 359 39 0 204 0 194 0 0 0 76
601 7714 1665 1515 270 0 0 357 41 0 207 0 191 0 0 0 76
602 7716 1662 1515 269 0 0 356 43 0 209 0 190 0 0 0 76
603 7724 1659 1514 265 0 0 356 43 0 211 0 188 0 0 0 76
604 7736 1654 1510 260 0 0 356 44 0 212 0 188 0 0 0 76
605 7747 1647 1506 260 0 0 356 44 0 215 0 185 0 0 0 76
606 7753 1644 1503 260 0 0 356 44 0 215 0 185 0 0 0 76
607 7768 1636 1494 260 0 0 359 42 0 217 0 184 0 0 0 76
608 7771 1635 1492 258 0 0 361 41 0 218 0 184 0 0 0 76
609 7767 1638 1497 254 0 0 361 41 0 220 0 182 0 0 0 76
610 7768 1638 1500 250 0 0 360 42 0 222 0 180 0 0 0 76
611 7793 1626 1488 249 0 0 360 42 0 222 0 180 0 0 0 76
612 7796 1627 1490 243 0 0 360 42 0 223 0 179 0 0 0 76
613 7803 1622 1486 243 0 0 361 42 0 225 0 178 0 0 0 76
614 7811 1617 1483 243 0 0 360 43 0 226 0 177 0 0 0 76
615 7837 1604 1470 243 0 0 360 43 0 226 0 177 0 0 0 76
616 7846 1598 1466 242 0 0 360 43 0 228 0 175 0 0 0 78
617 7854 1593 1463 242 0 0 359 44 0 229 0 174 0 0 0 78
618 7852 1594 1465 241 0 0 359 44 0 230 0 173 0 0 0 78
619 7858 1590 1460 242 0 0 359 45 0 229 0 175 0 0 0 78
620 7863 1589 1458 240 0 0 361 43 0 230 0 174 0 0 0 78
621 7861 1589 1456 242 0 0 362 43 0 229 0 176 0 0 0 78
622 7858 1588 1456 244 0 0 363 43 0 231 0 175 0 0 0 78
623 7845 1595 1463 243 0 0 363 43 0 231 0 175 0 0 0 78
624 7857 1592 1459 236 0 0 364 43 0 231 0 176 0 0 0 78
625 7866 1590 1458 230 0 0 364 43 0 232 0 175 0 0 0 78
626 7871 1587 1456 230 0 0 363 44 0 232 0 175 0 0 0 78
627 7875 1583 1451 231 0 0 364 45 0 232 0 177 0 0 0 78
628 7868 1586 1454 232 0 0 364 45 0 232 0 177 0 0 0 78
629 7868 1585 1454 233 0 0 363 46 0 232 0 177 0 0 0 78
630 7856 1589 1460 235 0 0 363 46 0 234 0 175 0 0 0 78
631 7853 1591 1462 234 0 0 363 46 0 234 0 175 0 0 0 78
632 7850 1591 1463 234 0 0 364 46 0 236 0 174 0 0 0 78
633 7860 1584 1458 236 0 0 364 46 0 238 0 172 0 0 0 78
634 7858 1582 1457 241 0 0 363 47 0 238 0 172 0 0 0 78
635 7853 1586 1460 239 0 0 364 46 0 238 0 172 0 0 0 78
636 7861 1582 1456 239 0 0 365 45 0 239 0 171 0 0 0 78
637 7874 1576 1451 237 0 0 366 44 0 241 0 169 0 0 0 78
638 7881 1572 1448 237 0 0 366 44 0 242 0 168 0 0 0 78
639 7894 1567 1445 232 0 0 366 44 0 244 0 166 0 0 0 78
640 7898 1566 1442 232 0 0 368 42 0 244 0 166 0 0 0 78
641 7915 1558 1434 231 0 0 369 41 0 245 0 165 0 0 0 78
642 7927 1552 1430 229 0 0 368 42 0 246 0 164 0 0 0 78
643 7938 1546 1423 227 0 0 369 43 0 246 0 166 0 0 0 78
644 7948 1542 1417 225 0 0 371 42 0 246 0 167 0 0 0 78
645 7947 1541 1416 228 0 0 372 41 0 247 0 166 0 0 0 78
646 7956 1535 1413 228 0 0 371 42 0 249 0 164 0 0 0 78
647 7948 1539 1420 225 0 0 370 43 0 251 0 162 0 0 0 78
648 7945 1540 1420 227 0 0 370 43 0 250 0 163 0 0 0 78
649 7951 1539 1417 224 0 0 371 42 0 249 0 164 0 0 0 79
650 7943 1544 1422 222 0 0 371 42 0 249 0 164 0 0 0 79
651 7956 1536 1416 223 0 0 371 42 0 251 0 162 0 0 0 79
652 7966 1531 1412 220 0 0 371 43 0 252 0 162 0 0 0 79
653 7969 1529 1410 219 0 0 371 44 0 252 0 163 0 0 0 79
654 7956 1534 1415 222 0 0 371 44 0 252 0 163 0 0 0 79
655 7970 1528 1410 218 0 0 372 43 0 254 0 161 0 0 0 80
656 7966 1530 1412 218 0 0 372 43 0 254 0 161 0 0 0 80
657 7971 1525 1409 221 0 0 372 43 0 256 0 159 0 0 0 80
658 7985 1519 1402 220 0 0 373 42 0 256 0 159 0 0 0 80
659 7980 1520 1402 224 0 0 374 41 0 256 0 159 0 0 0 80
660 7971 1524 1406 225 0 0 374 41 0 256 0 159 0 0 0 80
661 7983 1517 1400 226 0 0 374 41 0 257 0 158 0 0 0 80
662 7990 1513 1395 226 0 0 375 41 0 257 0 159 0 0 0 80
663 7994 1512 1394 224 0 0 375 41 0 257 0 159 0 0 0 80
664 8002 1509 1391 220 0 0 375 42 0 257 0 160 0 0 0 80
665 8010 1505 1389 218 0 0 373 44 0 257 0 160 0 0 0 80
666 8009 1506 1390 217 0 0 373 44 0 257 0 160 0 0 0 80
667 8023 1498 1382 219 0 0 373 44 0 257 0 160 0 0 0 80
668 8033 1491 1379 217 0 0 372 46 0 260 0 158 0 0 0 80
669 8040 1487 1376 217 0 0 372 46 0 261 0 157 0 0 0 80
670 8045 1483 1373 219 0 0 372 46 0 262 0 156 0 0 0 80
671 8051 1479 1371 219 0 0 371 47 0 263 0 155 0 0 0 80
672 8061 1475 1367 217 0 0 372 46 0 264 0 154 0 0 0 80
673 8068 1471 1365 216 0 0 371 47 0 265 0 153 0 0 0 80
674 8073 1467 1363 217 0 0 370 48 0 266 0 152 0 0 0 80
675 8082 1464 1356 218 0 0 373 45 0 265 0 153 0 0 0 80
676 8094 1458 1351 217 0 0 373 45 0 266 0 152 0 0 0 80
677 8120 1447 1340 211 0 0 374 45 0 267 0 152 0 0 0 80
678 8127 1444 1335 211 0 0 375 44 0 266 0 153 0 0 0 81
679 8141 1437 1328 211 0 0 376 43 0 267 0 152 0 0 0 81
680 8149 1433 1325 210 0 0 376 43 0 268 0 151 0 0 0 81
681 8157 1430 1322 206 0 0 377 43 0 269 0 151 0 0 0 81
682 8165 1426 1318 206 0 0 377 43 0 269 0 151 0 0 0 81
683 8180 1419 1313 203 0 0 376 44 0 270 0 150 0 0 0 81
684 8179 1419 1315 202 0 0 376 44 0 272 0 148 0 0 0 81
685 8180 1419 1314 200 0 0 377 44 0 272 0 149 0 0 0 81
686 8190 1412 1309 200 0 0 376 46 0 273 0 149 0 0 0 81
687 8195 1408 1305 203 0 0 376 46 0 273 0 149 0 0 0 81
688 8187 1410 1309 205 0 0 377 45 0 276 0 146 0 0 0 81
689 8185 1410 1307 207 0 0 378 45 0 275 0 148 0 0 0 81
690 8186 1409 1307 207 0 0 379 44 0 277 0 146 0 0 0 81
691 8187 1409 1308 205 0 0 379 44 0 278 0 145 0 0 0 81
692 8201 1402 1300 202 0 0 381 43 0 279 0 145 0 0 0 83
693 8207 1398 1298 202 0 0 380 44 0 280 0 144 0 0 0 83
694 8211 1396 1293 203 0 0 382 43 0 279 0 146 0 0 0 83
695 8208 1396 1295 204 0 0 381 44 0 280 0 145 0 0 0 83
696 8216 1391 1290 206 0 0 381 44 0 280 0 145 0 0 0 83
697 8206 1397 1293 205 0 0 384 42 0 280 0 146 0 0 0 83
698 8212 1394 1291 204 0 0 384 42 0 281 0 145 0 0 0 83
699 8214 1393 1290 204 0 0 385 41 0 282 0 144 0 0 0 83
700 8203 1399 1295 202 0 0 386 41 0 282 0 145 0 0 0 83
701 8211 1393 1291 204 0 0 386 41 0 284 0 143 0 0 0 83
702 8196 1399 1298 206 0 0 386 41 0 285 0 142 0 0 0 83
703 8199 1398 1297 205 0 0 387 40 0 286 0 141 0 0 0 83
704 8210 1392 1290 205 0 0 388 40 0 286 0 142 0 0 0 83
705 8211 1393 1293 200 0 0 386 42 0 286 0 142 0 0 0 83
706 8216 1391 1291 199 0 0 386 42 0 286 0 142 0 0 0 83
707 8215 1388 1294 200 0 0 385 43 0 291 0 137 0 0 0 83
708 8225 1382 1288 202 0 0 385 42 0 291 0 136 0 0 0 85
709 8237 1376 1284 200 0 0 385 42 0 293 0 134 0 0 0 85
710 8243 1373 1282 199 0 0 384 43 0 293 0 134 0 0 0 85
711 8257 1368 1276 194 0 0 385 43 0 293 0 135 0 0 0 85
712 8261 1365 1275 194 0 0 384 44 0 294 0 134 0 0 0 85
713 8268 1362 1270 193 0 0 385 44 0 293 0 136 0 0 0 85
714 8264 1362 1270 197 0 0 385 44 0 293 0 136 0 0 0 85
715 8269 1359 1266 199 0 0 386 43 0 293 0 136 0 0 0 85
716 8289 1348 1258 198 0 0 386 43 0 296 0 133 0 0 0 85
717 8293 1348 1257 195 0 0 388 41 0 297 0 132 0 0 0 85
718 8309 1340 1250 194 0 0 388 41 0 298 0 131 0 0 0 85
719 8313 1338 1249 193 0 0 388 41 0 299 0 130 0 0 0 85
720 8304 1341 1252 196 0 0 388 41 0 299 0 130 0 0 0 85
721 8313 1336 1247 197 0 0 388 41 0 299 0 130 0 0 0 85
722 8314 1335 1246 198 0 0 388 41 0 299 0 130 0 0 0 85
723 8321 1329 1240 203 0 0 388 41 0 299 0 130 0 0 0 85
724 8321 1327 1239 206 0 0 388 41 0 300 0 129 0 0 0 85
725 8314 1331 1243 205 0 0 389 40 0 301 0 128 0 0 0 85
726 8308 1334 1246 205 0 0 389 40 0 301 0 128 0 0 0 85
727 8316 1330 1243 204 0 0 389 40 0 302 0 127 0 0 0 85
728 8316 1328 1242 205 0 0 390 40 0 304 0 126 0 0 0 85
729 8325 1324 1238 202 0 0 390 41 0 304 0 127 0 0 0 85
730 8319 1326 1241 203 0 0 390 41 0 305 0 126 0 0 0 85
731 8324 1323 1238 204 0 0 390 41 0 305 0 126 0 0 0 85
732 8319 1325 1241 204 0 0 390 41 0 306 0 125 0 0 0 85
733 8320 1325 1242 202 0 0 390 41 0 307 0 124 0 0 0 85
734 8334 1319 1237 199 0 0 389 42 0 307 0 124 0 0 0 85
735 8330 1323 1240 196 0 0 391 40 0 308 0 123 0 0 0 85
736 8339 1318 1235 197 0 0 391 40 0 308 0 123 0 0 0 85
737 8340 1319 1235 195 0 0 394 37 0 310 0 121 0 0 0 85
738 8342 1317 1234 194 0 0 395 37 0 312 0 120 0 0 0 85
739 8326 1322 1239 200 0 0 395 37 0 312 0 120 0 0 0 85
740 8332 1319 1236 200 0 0 395 37 0 312 0 120 0 0 0 85
741 8336 1317 1235 199 0 0 395 37 0 313 0 119 0 0 0 85
742 8345 1314 1231 197 0 0 395 37 0 312 0 120 0 0 0 85
743 8348 1312 1228 197 0 0 396 37 0 312 0 121 0 0 0 85
744 8359 1306 1222 198 0 0 397 36 0 313 0 120 0 0 0 85
745 8369 1302 1219 193 0 0 397 37 0 314 0 120 0 0 0 85
746 8381 1296 1216 190 0 0 397 37 0 317 0 117 0 0 0 85
747 8390 1291 1212 190 0 0 397 37 0 318 0 116 0 0 0 85
748 8390 1291 1212 190 0 0 397 37 0 318 0 116 0 0 0 85
749 8389 1293 1213 186 0 0 399 36 0 319 0 116 0 0 0 85
750 8393 1291 1210 187 0 0 400 35 0 319 0 116 0 0 0 85
751 8399 1287 1207 188 0 0 399 36 0 319 0 116 0 0 0 85
752 8409 1281 1202 189 0 0 398 37 0 319 0 116 0 0 0 85
753 8420 1277 1196 185 0 0 400 36 0 319 0 117 0 0 0 86
754 8407 1284 1203 184 0 0 399 37 0 318 0 118 0 0 0 86
755 8410 1281 1199 188 0 0 399 37 0 317 0 119 0 0 0 86
756 8410 1281 1199 188 0 0 399 37 0 317 0 119 0 0 0 86
757 8415 1279 1198 186 0 0 399 37 0 318 0 118 0 0 0 86
758 8423 1275 1195 185 0 0 399 37 0 319 0 117 0 0 0 86
759 8439 1269 1193 177 0 0 399 37 0 323 0 113 0 0 0 86
760 8442 1267 1191 176 0 0 400 37 0 324 0 113 0 0 0 86
761 8450 1261 1187 178 0 0 398 39 0 324 0 113 0 0 0 86
762 8463 1255 1181 177 0 0 399 38 0 325 0 112 0 0 0 86
763 8471 1252 1178 175 0 0 399 38 0 325 0 112 0 0 0 86
764 8475 1249 1175 177 0 0 398 39 0 324 0 113 0 0 0 86
765 8474 1248 1175 179 0 0 398 39 0 325 0 112 0 0 0 86
766 8484 1242 1171 179 0 0 397 40 0 326 0 111 0 0 0 86
767 8495 1238 1168 175 0 0 397 40 0 327 0 110 0 0 0 86
768 8497 1237 1169 173 0 0 397 40 0 329 0 108 0 0 0 86
769 8504 1235 1168 169 0 0 397 40 0 330 0 107 0 0 0 86
770 8498 1239 1171 168 0 0 397 40 0 329 0 108 0 0 0 86
771 8504 1236 1169 167 0 0 398 39 0 331 0 106 0 0 0 86
772 8511 1231 1165 167 0 0 399 39 0 333 0 105 0 0 0 86
773 8518 1228 1162 166 0 0 399 39 0 333 0 105 0 0 0 86
774 8522 1226 1161 165 0 0 399 39 0 334 0 104 0 0 0 86
775 8519 1229 1165 161 0 0 397 41 0 333 0 105 0 0 0 86
776 8514 1232 1165 163 0 0 398 40 0 331 0 107 0 0 0 86
777 8518 1228 1164 164 0 0 397 41 0 333 0 105 0 0 0 86
778 8524 1223 1161 166 0 0 397 41 0 335 0 103 0 0 0 86
779 8537 1219 1156 162 0 0 397 41 0 334 0 104 0 0 0 86
780 8547 1214 1153 160 0 0 397 41 0 336 0 102 0 0 0 86
781 8537 1218 1157 162 0 0 397 41 0 336 0 102 0 0 0 86
782 8543 1215 1156 160 0 0 396 42 0 337 0 101 0 0 0 86
783 8552 1212 1154 156 0 0 396 42 0 338 0 100 0 0 0 86
784 8555 1211 1153 155 0 0 396 42 0 338 0 100 0 0 0 86
785 8560 1209 1152 153 0 0 396 42 0 339 0 99 0 0 0 86
786 8555 1211 1154 154 0 0 396 42 0 339 0 99 0 0 0 86
787 8549 1212 1156 157 0 0 396 42 0 340 0 98 0 0 0 86
788 8557 1209 1154 154 0 0 395 43 0 340 0 98 0 0 0 86
789 8559 1209 1154 152 0 0 395 43 0 340 0 98 0 0 0 86
790 8573 1203 1145 149 0 0 399 41 0 341 0 99 0 0 0 86
791 8578 1200 1145 147 0 0 398 42 0 343 0 97 0 0 0 86
792 8573 1204 1148 145 0 0 399 41 0 343 0 97 0 0 0 86
793 8582 1200 1143 143 0 0 400 41 0 343 0 98 0 0 0 86
794 8593 1194 1139 142 0 0 400 41 0 345 0 96 0 0 0 86
795 8604 1188 1134 142 0 0 400 41 0 346 0 95 0 0 0 86
796 8602 1189 1135 142 0 0 400 41 0 346 0 95 0 0 0 86
797 8596 1192 1138 142 0 0 400 41 0 346 0 95 0 0 0 86
798 8615 1182 1126 143 0 0 403 39 0 347 0 95 0 0 0 86
799 8607 1185 1131 143 0 0 402 40 0 348 0 94 0 0 0 86
800 8607 1186 1131 142 0 0 403 39 0 348 0 94 0 0 0 86
801 8614 1183 1126 141 0 0 405 37 0 348 0 94 0 0 0 88
802 8619 1180 1123 142 0 0 406 36 0 349 0 93 0 0 0 88
803 8623 1177 1121 143 0 0 405 37 0 349 0 93 0 0 0 88
804 8631 1173 1117 143 0 0 406 36 0 350 0 92 0 0 0 88
805 8649 1164 1109 142 0 0 406 36 0 351 0 91 0 0 0 88
806 8649 1164 1111 140 0 0 405 37 0 352 0 90 0 0 0 88
807 8655 1162 1110 137 0 0 405 37 0 353 0 89 0 0 0 88
808 8659 1160 1108 137 0 0 405 37 0 353 0 89 0 0 0 88
809 8660 1159 1108 137 0 0 404 38 0 353 0 89 0 0 0 88
810 8670 1155 1105 134 0 0 404 38 0 354 0 88 0 0 0 88
811 8678 1152 1103 131 0 0 404 38 0 355 0 87 0 0 0 88
812 8687 1148 1100 129 0 0 404 38 0 356 0 86 0 0 0 88
813 8690 1147 1097 130 0 0 405 37 0 355 0 87 0 0 0 88
814 8693 1146 1095 128 0 0 406 37 0 355 0 88 0 0 0 88
815 8685 1151 1099 127 0 0 406 37 0 354 0 89 0 0 0 88
816 8694 1147 1095 126 0 0 406 37 0 354 0 89 0 0 0 88
817 8711 1138 1086 127 0 0 406 37 0 354 0 89 0 0 0 88
818 8707 1140 1088 127 0 0 406 37 0 354 0 89 0 0 0 88
819 8711 1139 1086 126 0 0 407 36 0 354 0 89 0 0 0 88
820 8720 1134 1082 126 0 0 407 36 0 355 0 88 0 0 0 88
821 8710 1138 1086 128 0 0 408 35 0 356 0 87 0 0 0 88
822 8708 1140 1087 125 0 0 409 35 0 356 0 88 0 0 0 88
823 8724 1132 1079 125 0 0 409 35 0 356 0 88 0 0 0 88
824 8722 1130 1077 130 0 0 409 35 0 356 0 88 0 0 0 89
825 8727 1129 1076 127 0 0 409 35 0 356 0 88 0 0 0 89
826 8717 1133 1081 128 0 0 409 35 0 357 0 87 0 0 0 89
827 8730 1126 1074 129 0 0 409 35 0 357 0 87 0 0 0 89
828 8742 1119 1071 127 0 0 408 36 0 360 0 84 0 0 0 89
829 8744 1117 1069 129 0 0 408 36 0 360 0 84 0 0 0 89
830 8750 1117 1068 125 0 0 408 35 0 359 0 84 0 0 0 90
831 8751 1118 1069 122 0 0 408 35 0 359 0 84 0 0 0 90
832 8748 1118 1071 123 0 0 408 35 0 361 0 82 0 0 0 90
833 8750 1119 1072 119 0 0 408 35 0 361 0 82 0 0 0 90
834 8750 1118 1073 119 0 0 408 35 0 363 0 80 0 0 0 90
835 8757 1115 1070 118 0 0 408 35 0 363 0 80 0 0 0 90
836 8752 1117 1072 119 0 0 409 34 0 364 0 79 0 0 0 90
837 8768 1109 1065 118 0 0 408 35 0 364 0 79 0 0 0 90
838 8764 1111 1067 118 0 0 408 35 0 364 0 79 0 0 0 90
839 8772 1106 1062 120 0 0 408 35 0 364 0 79 0 0 0 90
840 8769 1107 1062 120 0 0 409 35 0 364 0 80 0 0 0 90
841 8772 1104 1061 121 0 0 409 35 0 366 0 78 0 0 0 90
842 8775 1103 1059 121 0 0 410 34 0 366 0 78 0 0 0 90
843 8776 1104 1061 117 0 0 410 34 0 367 0 77 0 0 0 90
844 8788 1097 1054 119 0 0 410 34 0 367 0 77 0 0 0 90
845 8793 1095 1051 117 0 0 411 34 0 367 0 78 0 0 0 90
846 8787 1098 1054 117 0 0 411 34 0 367 0 78 0 0 0 90
847 8786 1098 1054 114 0 0 413 34 0 369 0 78 0 0 0 90
848 8791 1095 1052 112 0 0 414 34 0 371 0 77 0 0 0 90
849 8799 1091 1048 112 0 0 414 34 0 371 0 77 0 0 0 90
850 8802 1088 1047 110 0 0 414 35 0 373 0 76 0 0 0 91
851 8821 1081 1037 108 0 0 416 33 0 372 0 77 0 0 0 91
852 8828 1078 1033 108 0 0 417 32 0 372 0 77 0 0 0 91
853 8840 1072 1028 107 0 0 417 32 0 373 0 76 0 0 0 91
854 8855 1067 1023 102 0 0 417 32 0 373 0 76 0 0 0 91
855 8857 1065 1022 103 0 0 417 32 0 374 0 75 0 0 0 91
856 8864 1061 1019 103 0 0 416 33 0 374 0 75 0 0 0 91
857 8866 1062 1018 101 0 0 416 33 0 372 0 77 0 0 0 91
858 8872 1059 1015 101 0 0 416 33 0 372 0 77 0 0 0 91
859 8879 1055 1011 102 0 0 417 32 0 373 0 76 0 0 0 91
860 8884 1052 1008 103 0 0 417 32 0 373 0 76 0 0 0 91
861 8895 1046 1003 103 0 0 417 32 0 374 0 75 0 0 0 91
862 8892 1047 1004 103 0 0 418 31 0 375 0 74 0 0 0 92
863 8883 1050 1006 107 0 0 419 30 0 375 0 74 0 0 0 92
864 8890 1047 1003 106 0 0 419 30 0 375 0 74 0 0 0 92
865 8898 1043 1000 105 0 0 419 30 0 376 0 73 0 0 0 92
866 8905 1041 997 103 0 0 420 29 0 376 0 73 0 0 0 92
867 8910 1040 995 101 0 0 421 28 0 376 0 73 0 0 0 92
868 8922 1034 990 100 0 0 421 28 0 377 0 72 0 0 0 92
869 8931 1029 985 101 0 0 421 28 0 377 0 72 0 0 0 92
870 8932 1028 984 100 0 0 422 28 0 378 0 72 0 0 0 92
871 8930 1029 984 101 0 0 423 27 0 378 0 72 0 0 0 92
872 8933 1029 983 99 0 0 423 27 0 377 0 73 0 0 0 92
873 8944 1024 978 98 0 0 423 27 0 377 0 73 0 0 0 92
874 8952 1021 976 95 0 1 423 26 1 377 0 72 0 0 0 92
875 8960 1016 971 97 0 1 423 26 1 377 0 72 0 0 0 92
876 8962 1014 970 96 0 1 425 25 1 380 0 70 0 0 0 92
877 8966 1012 968 96 0 1 425 25 1 380 0 70 0 0 0 92
878 8957 1019 973 93 0 1 425 25 1 378 0 72 0 0 0 92
879 8971 1012 966 93 0 1 425 25 1 378 0 72 0 0 0 92
880 8970 1012 966 94 0 1 425 25 1 378 0 72 0 0 0 92
881 8983 1006 959 94 0 1 425 25 1 377 0 73 0 0 0 92
882 8993 1003 955 91 0 1 426 24 1 377 0 73 0 0 0 92
883 8992 1004 955 91 0 1 426 24 1 376 0 74 0 0 0 92
884 8988 1005 956 93 0 1 426 24 1 376 0 74 0 0 0 92
885 8987 1006 957 92 0 1 426 24 1 376 0 74 0 0 0 92
886 8992 1004 956 90 0 1 425 25 1 376 0 74 0 0 0 92
887 8993 1003 955 90 0 1 426 24 1 377 0 73 0 0 0 93
888 8989 1004 957 91 0 1 426 24 1 378 0 72 0 0 0 93
889 8990 1004 956 91 0 1 427 23 1 378 0 72 0 0 0 93
890 8993 1003 955 90 0 1 427 23 1 378 0 72 0 0 0 93
891 9002 1000 952 87 0 1 427 23 1 378 0 72 0 0 0 93
892 8998 1002 954 87 0 1 427 23 1 378 0 72 0 0 0 93
893 9001 1000 953 87 0 1 427 23 1 379 0 71 0 0 0 93
894 9009 997 949 86 0 1 427 23 1 378 0 72 0 0 0 93
895 9005 999 954 83 0 1 424 26 1 378 0 72 0 0 0 93
896 9011 997 952 81 0 1 424 26 1 378 0 72 0 0 0 93
897 9016 994 949 82 0 1 424 26 1 378 0 72 0 0 0 93
898 9018 993 950 80 0 1 423 27 1 379 0 71 0 0 0 93
899 9024 990 947 80 0 1 423 27 1 379 0 71 0 0 0 93
900 9029 988 945 79 0 1 423 27 1 379 0 71 0 0 0 93
901 9035 985 943 78 0 1 423 27 1 380 0 70 0 0 0 93
902 9038 983 942 78 0 1 423 27 1 381 0 69 0 0 0 93
903 9053 975 935 78 0 1 423 27 1 382 0 68 0 0 0 93
904 9051 977 937 76 0 1 423 27 1 382 0 68 0 0 0 93
905 9060 974 933 74 0 1 424 26 1 382 0 68 0 0 0 93
906 9071 969 928 73 0 1 424 26 1 382 0 68 0 0 0 93
907 9075 966 925 75 0 1 424 26 1 382 0 68 0 0 0 93
908 9085 961 920 75 0 1 424 26 1 382 0 68 0 0 0 93
909 9093 957 917 74 0 1 424 26 1 383 0 67 0 0 0 93
910 9088 959 918 76 0 1 425 25 1 383 0 67 0 0 0 93
911 9090 958 917 76 0 1 425 25 1 383 0 67 0 0 0 93
912 9092 956 917 76 0 1 424 26 1 384 0 66 0 0 0 93
913 9097 953 914 77 0 1 424 26 1 384 0 66 0 0 0 93
914 9098 953 914 76 0 1 424 26 1 384 0 66 0 0 0 93
915 9091 956 918 76 0 1 424 26 1 385 0 65 0 0 0 93
916 9086 959 920 75 0 1 425 25 1 385 0 65 0 0 0 94
917 9081 962 922 75 0 1 426 24 1 385 0 65 0 0 0 94
918 9090 959 918 73 0 1 426 24 1 384 0 66 0 0 0 94
919 9088 959 919 74 0 1 426 24 1 385 0 65 0 0 0 94
920 9093 956 917 74 0 1 426 24 1 386 0 64 0 0 0 94
921 9089 957 917 77 0 1 426 24 1 385 0 65 0 0 0 94
922 9096 953 913 78 0 1 427 23 1 386 0 64 0 0 0 94
923 9096 953 914 77 0 1 427 23 1 387 0 63 0 0 0 94
924 9114 945 905 76 0 1 428 22 1 387 0 63 0 0 0 94
925 9110 946 906 78 0 1 429 21 1 388 0 62 0 0 0 94
926 9119 941 902 78 0 1 429 21 1 389 0 61 0 0 0 94
927 9130 934 895 81 0 1 429 21 1 389 0 61 0 0 0 94
928 9136 932 893 79 0 1 429 21 1 389 0 61 0 0 0 94
929 9139 931 892 78 0 1 429 21 1 389 0 61 0 0 0 94
930 9148 927 887 78 0 1 430 20 1 389 0 61 0 0 0 94
931 9154 924 883 79 0 1 431 19 1 389 0 61 0 0 0 94
932 9147 927 885 80 0 1 432 18 1 389 0 61 0 0 0 95
933 9156 922 881 80 0 1 431 19 1 389 0 61 0 0 0 95
934 9172 914 873 80 0 1 431 19 1 389 0 61 0 0 0 95
935 9173 913 872 81 0 1 431 19 1 389 0 61 0 0 0 95
936 9184 908 867 80 0 1 431 19 1 389 0 61 0 0 0 95
937 9184 908 867 80 0 1 431 19 1 389 0 61 0 0 0 95
938 9182 909 869 79 0 1 430 20 1 389 0 61 0 0 0 95
939 9180 910 869 79 0 1 431 19 1 389 0 61 0 0 0 96
940 9185 907 866 80 0 1 431 19 1 389 0 61 0 0 0 96
941 9206 896 855 81 0 1 431 19 1 389 0 61 0 0 0 96
942 9214 891 852 81 0 1 430 20 1 390 0 60 0 0 0 96
943 9216 890 850 80 0 1 431 20 1 390 0 61 0 0 0 96
944 9217 888 850 81 0 1 431 20 1 392 0 59 0 0 0 96
945 9227 882 844 83 0 1 431 20 1 392 0 59 0 0 0 96
946 9219 885 848 84 0 1 430 21 1 392 0 59 0 0 0 96
947 9226 881 845 84 0 1 429 22 1 392 0 59 0 0 0 96
948 9222 882 847 85 0 1 428 23 1 392 0 59 0 0 0 96
949 9230 878 843 85 0 1 428 23 1 392 0 59 0 0 0 96
950 9235 875 841 85 0 1 428 23 1 393 0 58 0 0 0 96
951 9242 872 837 84 0 1 429 22 1 393 0 58 0 0 0 97
952 9239 873 839 84 0 1 428 23 1 393 0 58 0 0 0 97
953 9242 872 838 83 0 1 427 24 1 392 0 59 0 0 0 97
954 9242 872 839 82 0 1 427 24 1 393 0 58 0 0 0 97
955 9241 874 839 81 0 1 428 23 1 392 0 59 0 0 0 97
956 9243 873 838 81 0 1 428 23 1 392 0 59 0 0 0 97
957 9240 874 839 82 0 1 428 23 1 392 0 59 0 0 0 97
958 9247 871 837 80 0 1 427 24 1 392 0 59 0 0 0 97
959 9244 871 840 80 0 1 426 25 1 394 0 57 0 0 0 97
960 9242 872 841 80 0 1 426 25 1 394 0 57 0 0 0 97
961 9259 863 833 80 0 1 425 26 1 394 0 57 0 0 0 97
962 9264 860 831 80 0 1 424 27 1 394 0 57 0 0 0 97
963 9269 857 827 82 0 1 424 27 1 393 0 58 0 0 0 97
964 9267 857 828 83 0 1 424 27 1 394 0 57 0 0 0 97
965 9264 858 830 83 0 1 424 27 1 395 0 56 0 0 0 97
966 9267 856 828 84 0 1 424 27 1 395 0 56 0 0 0 97
967 9273 854 824 84 1 0 425 26 1 395 0 56 0 0 0 97
968 9281 850 820 84 1 0 425 26 1 395 0 56 0 0 0 97
969 9284 849 819 83 2 0 424 26 1 395 1 55 0 0 0 97
970 9288 847 817 83 3 0 423 26 2 394 1 55 0 0 0 97
971 9288 848 818 81 3 0 423 26 2 394 1 55 0 0 0 97
972 9302 841 813 79 3 0 423 26 2 396 1 53 0 0 0 97
973 9308 838 810 77 3 0 424 26 2 397 1 53 0 0 0 97
974 9310 838 810 75 3 0 424 26 3 396 1 53 0 1 0 96
975 9309 839 811 74 3 0 424 26 3 396 1 53 0 1 0 96
976 9316 837 806 74 3 0 425 25 3 394 1 55 0 1 0 96
977 9320 836 805 72 3 0 425 25 3 394 1 55 0 1 0 96
978 9326 833 802 72 3 0 425 25 3 394 1 55 0 1 0 96
979 9326 833 802 72 3 0 425 25 3 394 1 55 0 1 0 96
980 9325 834 802 72 3 0 426 24 3 394 1 55 0 1 0 96
981 9322 835 803 73 3 0 426 24 3 394 1 55 0 1 0 96
982 9328 832 800 73 3 0 426 24 3 394 1 55 0 1 0 96
983 9327 832 800 74 3 0 426 24 3 394 1 55 0 1 0 96
984 9332 830 798 73 3 0 426 24 3 394 1 55 0 1 0 96
985 9328 832 798 75 3 0 426 24 3 392 1 57 0 1 0 96
986 9340 825 793 75 3 0 426 24 3 394 1 55 0 1 0 96
987 9342 824 792 75 3 0 426 24 3 394 1 55 0 1 0 96
988 9356 817 787 73 3 0 426 24 3 396 1 53 0 1 0 96
989 9374 808 779 72 3 0 426 24 3 397 1 52 0 1 0 96
990 9371 809 781 72 3 0 426 24 3 398 1 51 0 1 0 96
991 9373 808 780 72 3 0 425 25 3 397 1 52 0 1 0 96
992 9373 808 780 72 3 0 425 25 3 397 1 52 0 1 0 96
993 9377 806 780 70 3 0 425 25 3 399 1 50 0 1 0 96
994 9377 806 780 70 3 0 426 24 3 400 1 49 0 1 0 96
995 9376 807 780 70 3 0 426 24 3 399 1 50 0 1 0 96
996 9376 806 780 71 3 0 425 25 3 399 1 50 0 1 0 96
997 9377 805 780 71 3 0 424 26 3 399 1 50 0 1 0 96
998 9384 802 777 70 3 0 424 26 3 399 1 50 0 1 0 96
999 9394 797 773 69 3 0 424 26 3 400 1 49 0 1 0 96
1000 9404 792 768 69 3 0 425 25 3 401 1 48 0 1 0 96
1001 9421 784 760 68 3 0 425 25 3 401 1 48 0 1 0 96
1002 9419 785 762 67 3 0 425 25 3 402 1 47 0 1 0 96
1003 9420 785 761 67 3 0 426 24 3 402 1 47 0 1 0 96
1004 9424 782 758 69 3 0 426 24 3 402 1 47 0 1 0 96
1005 9427 780 756 70 4 0 425 24 4 401 1 47 0 1 0 96
1006 9432 778 754 69 4 0 425 24 4 401 1 47 0 1 0 96
1007 9430 778 754 71 4 0 425 24 4 401 1 47 0 1 0 96
1008 9433 777 753 70 4 0 425 24 4 401 1 47 0 1 0 96
1009 9447 771 746 69 4 0 426 23 4 401 1 47 0 1 0 96
1010 9438 776 750 69 4 0 426 23 4 400 1 48 0 1 0 96
1011 9442 774 748 69 4 0 426 23 4 400 1 48 0 1 0 96
1012 9445 775 747 66 4 0 427 22 4 399 1 49 0 1 0 96
1013 9448 773 745 67 4 0 427 22 4 399 1 49 0 1 0 96
1014 9448 772 746 67 4 0 426 23 4 400 1 48 0 1 0 96
1015 9454 769 742 67 4 0 428 21 4 401 1 47 0 1 0 97
1016 9457 768 741 66 4 0 429 20 4 402 1 46 0 1 0 97
1017 9451 771 744 66 4 0 430 19 4 403 1 45 0 1 0 97
1018 9463 765 738 66 4 0 430 19 4 403 1 45 0 1 0 97
1019 9470 762 735 65 4 0 430 19 4 403 1 45 0 1 0 97
1020 9469 763 736 64 4 0 430 19 4 403 1 45 0 1 0 97
1021 9471 762 735 64 4 0 430 19 4 403 1 45 0 1 0 97
1022 9476 760 733 63 4 0 430 19 4 403 1 45 0 1 0 97
1023 9480 758 732 62 4 0 429 20 4 403 1 45 0 1 0 97
1024 9478 759 733 62 4 0 429 20 4 403 1 45 0 1 0 97
1025 9484 756 731 61 4 0 429 20 4 404 1 44 0 1 0 97
1026 9486 755 731 60 4 0 428 21 4 404 1 44 0 1 0 97
1027 9480 759 735 58 4 0 428 21 4 404 1 44 0 1 0 97
1028 9479 760 736 57 4 0 428 21 4 404 1 44 0 1 0 97
1029 9478 760 736 58 4 0 428 21 4 404 1 44 0 1 0 97
1030 9484 756 733 59 4 0 428 21 4 405 1 43 0 1 0 97
1031 9489 754 730 59 4 0 429 20 4 405 1 43 0 1 0 97
1032 9495 751 727 59 4 0 429 20 4 405 1 43 0 1 0 97
1033 9504 746 722 60 4 0 429 20 4 405 1 43 0 1 0 97
1034 9511 743 719 59 5 0 428 20 5 404 1 43 0 1 0 97
1035 9511 742 719 60 5 0 428 20 5 405 1 42 0 1 0 97
1036 9515 739 719 59 5 0 427 21 5 407 1 40 0 1 0 97
1037 9517 738 718 59 5 0 427 21 5 407 1 40 0 1 0 97
1038 9519 737 718 58 5 0 427 21 5 408 1 39 0 1 0 97
1039 9523 735 716 58 5 0 427 21 5 408 1 39 0 1 0 97
1040 9527 733 714 58 5 0 427 21 5 408 1 39 0 1 0 97
1041 9526 734 715 57 5 0 427 21 5 408 1 39 0 1 0 97
1042 9538 729 709 56 5 0 428 20 5 408 1 39 0 1 0 97
1043 9533 731 712 56 5 0 428 20 5 409 1 38 0 1 0 97
1044 9532 731 712 57 5 0 428 20 5 409 1 38 0 1 0 97
1045 9542 726 707 57 5 0 428 20 5 409 1 38 0 1 0 97
1046 9545 725 706 56 5 0 428 20 5 409 1 38 0 1 0 97
1047 9553 721 702 56 5 0 428 20 5 409 1 38 0 1 0 97
1048 9563 715 697 57 5 0 427 21 5 409 1 38 0 1 0 97
1049 9567 713 695 57 5 0 427 21 5 409 1 38 0 1 0 97
1050 9569 712 694 57 5 0 427 21 5 409 1 38 0 1 0 97
1051 9575 709 691 57 5 0 427 21 5 409 1 38 0 1 0 97
1052 9572 711 693 56 5 0 427 21 5 409 1 38 0 1 0 97
1053 9581 706 688 57 5 0 427 21 5 409 1 38 0 1 0 97
1054 9579 707 689 57 5 0 427 21 5 409 1 38 0 1 0 97
1055 9589 701 684 58 5 0 426 22 5 409 1 38 0 1 0 97
1056 9597 698 681 56 5 0 426 22 5 409 1 38 0 1 0 97
1057 9609 692 675 54 5 0 427 22 5 410 1 38 0 1 0 97
1058 9606 693 676 55 5 0 427 22 5 410 1 38 0 1 0 97
1059 9614 689 672 55 5 0 427 22 5 410 1 38 0 1 0 97
1060 9622 684 669 55 5 0 427 22 5 412 1 36 0 1 0 97
1061 9630 680 665 55 5 0 427 22 5 412 1 36 0 1 0 97
1062 9639 675 661 55 5 0 427 22 5 413 1 35 0 1 0 97
1063 9642 673 659 56 5 0 427 22 5 413 1 35 0 1 0 97
1064 9649 669 656 54 5 0 427 23 5 414 1 35 0 1 0 97
1065 9648 670 656 54 5 0 427 23 5 413 1 36 0 1 0 97
1066 9652 668 655 53 5 0 426 24 5 413 1 36 0 1 0 97
1067 9657 665 653 53 5 0 427 23 5 415 1 34 0 1 0 97
1068 9657 666 653 52 5 0 428 22 5 415 1 34 0 1 0 97
1069 9658 666 652 52 5 0 429 21 5 415 1 34 0 1 0 97
1070 9663 664 649 50 5 0 430 21 5 415 1 35 0 1 0 97
1071 9671 660 646 49 5 0 430 21 6 415 0 35 0 1 0 97
1072 9675 658 644 49 5 0 430 21 6 415 0 35 0 1 0 97
1073 9671 660 645 50 5 0 431 20 6 415 0 35 0 1 0 97
1074 9683 654 640 49 5 0 432 19 6 417 0 33 0 1 0 97
1075 9691 651 637 47 5 0 432 19 6 417 0 33 0 1 0 97
1076 9706 644 630 46 5 0 432 19 6 417 0 33 0 1 0 97
1077 9707 644 630 45 5 0 432 19 6 417 0 33 0 1 0 97
1078 9703 647 633 43 5 0 432 19 6 417 0 33 0 1 0 97
1079 9705 646 632 43 5 0 432 19 6 417 0 33 0 1 0 97
1080 9706 646 632 42 5 0 432 19 6 417 0 33 0 1 0 97
1081 9705 647 633 41 5 0 432 19 6 417 0 33 0 1 0 97
1082 9703 648 634 41 5 0 432 19 6 417 0 33 0 1 0 97
1083 9705 647 633 41 5 0 432 19 6 417 0 33 0 1 0 97
1084 9708 645 631 42 5 0 432 19 6 417 0 33 0 1 0 97
1085 9717 641 626 42 5 0 433 18 6 417 0 33 0 1 0 97
1086 9723 638 623 42 5 0 433 18 6 417 0 33 0 1 0 97
1087 9725 637 622 42 5 0 434 17 6 418 0 32 0 1 0 97
1088 9726 638 622 40 5 0 435 16 6 418 0 32 0 1 0 97
1089 9726 638 622 40 6 0 434 16 7 417 0 32 0 1 0 97
1090 9726 638 622 40 6 0 434 16 7 417 0 32 0 1 0 97
1091 9728 637 620 39 6 0 435 16 7 417 0 33 0 1 0 97
1092 9725 638 622 39 6 0 434 17 7 417 0 33 0 1 0 97
1093 9727 637 621 39 6 0 433 18 7 416 0 34 0 1 0 97
1094 9733 634 618 39 6 0 433 18 7 416 0 34 0 1 0 97
1095 9731 635 619 39 6 0 434 17 7 417 0 33 0 1 0 97
1096 9737 632 616 39 6 0 434 17 7 417 0 33 0 1 0 97
1097 9747 627 611 39 6 0 434 17 7 417 0 33 0 1 0 97
1098 9745 628 613 38 6 0 434 17 7 418 0 32 0 1 0 97
1099 9749 626 611 38 6 0 434 17 7 418 0 32 0 1 0 97
1100 9745 628 613 38 6 0 434 17 7 418 0 32 0 1 0 97
1101 9755 623 608 38 6 0 434 17 7 418 0 32 0 1 0 97
1102 9767 618 603 36 6 0 434 17 7 418 0 32 0 1 0 97
1103 9783 610 595 36 6 0 434 17 7 418 0 32 0 1 0 97
1104 9780 612 597 35 6 0 434 17 7 418 0 32 0 1 0 97
1105 9774 615 600 35 6 0 434 17 7 418 0 32 0 1 0 97
1106 9779 612 597 36 6 0 434 17 7 418 0 32 0 1 0 97
1107 9779 612 597 36 6 0 434 17 7 418 0 32 0 1 0 97
1108 9781 611 597 35 6 0 434 17 7 419 0 31 0 1 0 97
1109 9777 613 598 36 6 0 434 17 7 418 0 32 0 1 0 97
1110 9778 613 597 36 6 0 434 17 7 417 0 33 0 1 0 97
1111 9786 609 593 36 7 0 433 17 8 416 0 33 0 1 0 97
1112 9784 610 594 36 7 0 433 17 8 416 0 33 0 1 0 97
1113 9794 605 589 36 7 0 433 17 8 416 0 33 0 1 0 97
1114 9806 599 584 35 7 0 433 17 8 417 0 32 0 1 0 97
1115 9814 595 580 35 7 0 433 17 8 417 0 32 0 1 0 97
1116 9813 595 580 36 7 0 433 17 8 417 0 32 0 1 0 97
1117 9812 596 581 35 7 0 433 17 8 417 0 32 0 1 0 97
1118 9804 600 585 35 7 0 433 17 8 417 0 32 0 1 0 97
1119 9795 605 589 35 7 0 433 17 8 416 0 33 0 1 0 97
1120 9802 602 586 34 7 0 434 16 8 417 0 32 0 1 0 97
1121 9802 601 587 34 7 0 433 17 8 418 0 31 0 1 0 97
1122 9806 598 585 35 7 0 433 17 8 419 0 30 0 1 0 97
1123 9804 599 586 35 7 0 433 17 8 419 0 30 0 1 0 97
1124 9811 596 582 35 7 0 434 16 8 419 0 30 0 1 0 97
1125 9807 598 584 35 7 0 434 16 8 419 0 30 0 1 0 97
1126 9810 597 583 34 7 0 433 17 8 418 0 31 0 1 0 97
1127 9815 593 581 35 7 0 433 17 8 420 0 29 0 1 0 97
1128 9821 590 578 35 7 0 433 17 8 420 0 29 0 1 0 97
1129 9824 587 577 36 7 0 433 17 8 422 0 27 0 1 0 97
1130 9830 584 574 36 7 0 432 18 8 421 0 28 0 1 0 97
1131 9841 579 569 35 7 0 432 18 8 421 0 28 0 1 0 97
1132 9836 581 571 36 7 0 432 18 8 421 0 28 0 1 0 97
1133 9845 576 567 36 7 0 432 18 8 422 0 27 0 1 0 97
1134 9848 575 565 36 7 0 433 17 8 422 0 27 0 1 0 97
1135 9845 576 567 36 7 0 432 18 8 422 0 27 0 1 0 97
1136 9841 578 570 35 7 0 432 18 8 423 0 26 0 1 0 97
1137 9849 574 566 35 7 0 432 18 8 423 0 26 0 1 0 97
1138 9859 569 561 35 7 0 432 18 8 423 0 26 0 1 0 97
1139 9859 570 561 34 7 0 432 18 8 422 0 27 0 1 0 97
1140 9861 570 560 33 7 0 432 18 8 421 0 28 0 1 0 97
1141 9871 566 555 32 7 0 432 18 8 420 0 29 0 1 0 97
1142 9873 564 554 33 7 0 431 19 8 420 0 29 0 1 0 97
1143 9877 562 552 33 7 0 431 19 8 420 0 29 0 1 0 97
1144 9888 556 546 34 7 0 431 19 8 420 0 29 0 1 0 97
1145 9889 555 545 35 7 0 431 19 8 420 0 29 0 1 0 97
1146 9896 552 542 34 7 0 431 19 8 420 0 29 0 1 0 97
1147 9895 553 543 33 7 0 431 19 8 420 0 29 0 1 0 97
1148 9901 550 540 33 7 0 431 19 8 420 0 29 0 1 0 97
1149 9900 551 541 32 7 0 431 19 8 420 0 29 0 1 0 97
1150 9904 548 540 32 7 0 429 21 8 420 0 29 0 1 0 97
1151 9902 549 541 32 7 0 430 20 8 421 0 28 0 1 0 97
1152 9904 549 542 29 7 0 430 20 8 422 0 27 0 1 0 97
1153 9912 545 538 29 7 0 430 20 8 422 0 27 0 1 0 97
1154 9913 545 537 29 7 0 430 20 8 421 0 28 0 1 0 97
1155 9917 543 535 29 7 0 430 20 8 421 0 28 0 1 0 97
1156 9914 544 537 29 7 0 430 20 8 422 0 27 0 1 0 97
1157 9922 540 533 29 7 0 430 20 8 422 0 27 0 1 0 97
1158 9933 535 528 28 7 0 430 20 8 422 0 27 0 1 0 97
1159 9938 533 526 27 7 0 430 20 8 422 0 27 0 1 0 97
1160 9940 532 526 26 7 0 430 20 8 423 0 26 0 1 0 97
1161 9946 529 524 25 7 0 430 20 8 424 0 25 0 1 0 97
1162 9948 528 523 25 7 0 430 20 8 424 0 25 0 1 0 97
1163 9950 527 522 25 7 0 431 19 8 425 0 24 0 1 0 97
1164 9953 526 520 25 7 0 432 18 8 425 0 24 0 1 0 97
1165 9958 523 518 25 7 0 431 19 8 425 0 24 0 1 0 97
1166 9961 521 517 25 7 0 431 19 8 426 0 23 0 1 0 97
1167 9964 520 516 24 7 0 431 19 8 426 0 23 0 1 0 97
1168 9969 518 513 24 7 0 431 19 8 425 0 24 0 1 0 97
1169 9971 517 512 24 7 0 431 19 8 425 0 24 0 1 0 97
1170 9974 516 511 23 7 0 431 19 8 425 0 24 0 1 0 97
1171 9974 516 511 23 7 0 431 19 8 425 0 24 0 1 0 97
1172 9978 514 509 23 7 0 431 19 8 425 0 24 0 1 0 97
1173 9980 514 508 22 7 0 432 18 8 425 0 24 0 1 0 97
1174 9993 508 502 21 7 0 432 18 8 425 0 24 0 1 0 97
1175 9995 507 501 21 7 0 432 18 8 425 0 24 0 1 0 97
1176 9994 508 502 20 7 0 432 18 8 425 0 24 0 1 0 97
1177 9990 511 504 19 7 0 432 18 8 424 0 25 0 1 0 97
1178 9982 515 508 19 7 0 432 18 8 424 0 25 0 1 0 97
1179 9981 516 509 18 6 0 433 18 7 425 0 25 0 1 0 97
1180 9980 517 510 17 6 0 433 18 7 425 0 25 0 1 0 97
1181 9985 514 507 18 6 0 433 18 7 425 0 25 0 1 0 97
1182 9982 515 508 19 6 0 433 18 7 425 0 25 0 1 0 97
1183 9984 514 507 19 6 0 433 18 7 425 0 25 0 1 0 97
1184 9990 510 503 21 6 0 433 18 7 425 0 25 0 1 0 97
1185 9992 509 502 21 6 0 433 18 7 425 0 25 0 1 0 97
1186 9996 507 500 21 6 0 433 18 7 425 0 25 0 1 0 97
1187 9989 511 504 20 6 0 433 18 7 425 0 25 0 1 0 97
1188 10003 505 497 19 7 0 432 18 8 423 0 26 0 1 0 97
1189 10008 502 495 19 7 0 432 18 8 424 0 25 0 1 0 97
1190 10007 502 495 20 7 0 432 18 8 424 0 25 0 1 0 97
1191 10005 503 496 20 7 0 432 18 8 424 0 25 0 1 0 97
1192 10008 502 494 20 7 0 433 17 8 424 0 25 0 1 0 97
1193 10013 500 492 19 7 0 433 17 8 424 0 25 0 1 0 97
1194 10013 500 492 19 7 0 433 17 8 424 0 25 0 1 0 97
1195 10016 499 490 19 7 0 433 17 8 423 0 26 0 1 0 97
1196 10013 501 491 19 8 0 433 16 8 423 0 26 0 1 1 96
1197 10024 496 486 18 8 0 433 16 8 423 0 26 0 1 1 96
1198 10026 495 485 18 8 0 433 16 8 423 0 26 0 1 1 96
1199 10020 497 487 20 8 0 433 16 8 423 0 26 0 1 1 96
1200 10021 496 486 21 8 0 433 16 8 423 0 26 0 1 1 96
1201 10031 492 482 19 9 0 432 16 9 422 0 26 0 1 1 96
1202 10036 490 480 18 9 0 432 16 9 422 0 26 0 1 1 96
1203 10042 487 477 18 9 0 432 16 9 422 0 26 0 1 1 96
1204 10042 487 477 18 9 0 432 16 9 422 0 26 0 1 1 96
1205 10041 488 477 18 9 0 432 16 9 421 0 27 0 1 1 96
1206 10043 487 476 18 9 0 432 16 9 421 0 27 0 1 1 96
1207 10047 484 474 19 9 0 432 16 9 422 0 26 0 1 1 96
1208 10051 481 472 20 9 0 432 16 9 423 0 25 0 1 1 96
1209 10054 479 471 20 9 0 432 16 9 424 0 24 0 1 1 96
1210 10056 479 471 18 9 0 432 16 9 424 0 24 0 1 1 96
1211 10072 470 463 19 9 0 432 16 9 425 0 23 0 1 1 96
1212 10078 467 460 19 9 0 432 16 9 425 0 23 0 1 1 96
1213 10082 465 458 19 9 0 432 16 9 425 0 23 0 1 1 96
1214 10089 461 455 19 9 0 432 16 9 426 0 22 0 1 1 96
1215 10088 462 456 18 9 0 432 16 9 426 0 22 0 1 1 96
1216 10096 458 452 18 9 0 432 16 9 426 0 22 0 1 1 96
1217 10094 459 453 18 9 0 432 16 9 426 0 22 0 1 1 96
1218 10093 459 453 19 9 0 432 16 9 426 0 22 0 1 1 96
1219 10093 459 453 19 9 0 432 16 9 426 0 22 0 1 1 96
1220 10088 461 456 19 9 0 431 17 9 426 0 22 0 1 1 96
1221 10089 461 456 18 9 0 431 17 9 426 0 22 0 1 1 96
1222 10093 459 454 18 9 0 431 17 9 426 0 22 0 1 1 96
1223 10099 456 451 18 9 0 431 17 9 426 0 22 0 1 1 96
1224 10102 455 450 17 9 0 431 17 9 426 0 22 0 1 1 96
1225 10102 455 450 17 9 0 431 17 9 426 0 22 0 1 1 96
1226 10098 457 452 17 9 0 431 17 9 426 0 22 0 1 1 96
1227 10105 453 449 17 9 0 431 17 9 427 0 21 0 1 1 96
1228 10102 455 450 17 9 0 431 17 9 426 0 22 0 1 1 96
1229 10100 456 451 17 10 0 430 17 10 425 0 22 0 1 1 96
1230 10101 457 451 15 10 0 430 17 10 424 0 23 0 1 1 96
1231 10106 455 448 15 10 0 431 16 10 424 0 23 0 1 1 96
1232 10106 455 448 15 10 0 431 16 10 424 0 23 0 1 1 96
1233 10114 451 444 15 10 0 431 16 10 424 0 23 0 1 1 96
1234 10121 447 441 15 10 0 431 16 10 425 0 22 0 1 1 96
1235 10127 444 438 15 10 0 431 16 10 425 0 22 0 1 1 96
1236 10133 441 435 15 10 0 431 16 10 425 0 22 0 1 1 96
1237 10136 439 434 15 10 0 431 16 10 426 0 21 0 1 1 96
1238 10133 440 435 16 10 0 431 16 10 426 0 21 0 1 1 96
1239 10135 439 434 16 10 0 431 16 10 426 0 21 0 1 1 96
1240 10137 438 433 16 10 0 431 16 10 426 0 21 0 1 1 96
1241 10143 435 431 15 11 0 430 16 11 426 0 20 0 1 1 96
1242 10137 438 434 15 11 0 430 16 11 426 0 20 0 1 1 96
1243 10137 438 434 15 11 0 430 16 11 426 0 20 0 1 1 96
1244 10133 440 436 15 11 0 430 16 11 426 0 20 0 1 1 96
1245 10135 439 435 15 11 0 430 16 11 426 0 20 0 1 1 96
1246 10139 437 433 15 11 0 430 16 11 426 0 20 0 1 1 96
1247 10140 436 433 15 11 0 429 17 11 426 0 20 0 1 1 96
1248 10140 436 433 15 11 0 429 17 11 426 0 20 0 1 1 96
1249 10144 434 431 15 11 0 429 17 11 426 0 20 0 1 1 96
1250 10157 428 424 15 11 0 430 16 11 426 0 20 0 1 1 96
1251 10157 428 424 15 11 0 430 16 11 426 0 20 0 1 1 96
1252 10159 427 423 15 11 0 430 16 11 426 0 20 0 1 1 96
1253 10161 426 422 15 11 0 430 16 11 426 0 20 0 1 1 96
1254 10157 428 424 15 11 0 431 15 11 427 0 19 0 1 1 96
1255 10161 426 422 15 11 0 431 15 11 427 0 19 0 1 1 96
1256 10169 422 418 15 11 0 431 15 11 427 0 19 0 1 1 96
1257 10174 419 416 15 11 0 431 15 11 428 0 18 0 1 1 96
1258 10175 420 414 15 11 0 433 13 11 427 0 19 0 1 1 96
1259 10173 421 415 15 11 0 433 13 11 427 0 19 0 1 1 96
1260 10181 416 412 15 12 0 432 13 12 428 0 17 0 1 1 96
1261 10177 418 413 15 12 0 433 12 12 428 0 17 0 1 1 97
1262 10184 414 410 15 12 0 433 12 12 429 0 16 0 1 1 97
1263 10189 412 408 14 12 0 433 12 12 429 0 16 0 1 1 97
1264 10195 409 405 14 12 0 433 12 12 429 0 16 0 1 1 97
1265 10195 409 405 14 12 0 433 12 12 429 0 16 0 1 1 97
1266 10197 408 404 14 12 0 433 12 12 429 0 16 0 1 1 97
1267 10195 410 405 13 12 0 433 12 12 428 0 17 0 1 1 97
1268 10196 410 404 13 12 0 433 12 12 427 0 18 0 1 1 97
1269 10200 408 402 13 12 0 433 12 12 427 0 18 0 1 1 97
1270 10196 410 404 13 12 0 433 12 12 427 0 18 0 1 1 97
1271 10195 411 404 13 12 0 434 11 12 427 0 18 0 1 1 97
1272 10194 411 404 14 12 0 434 11 12 427 0 18 0 1 1 97
1273 10190 413 406 14 12 0 434 11 12 427 0 18 0 1 1 97
1274 10194 411 404 14 12 0 434 11 12 427 0 18 0 1 1 97
1275 10194 411 404 14 12 0 434 11 12 427 0 18 0 1 1 97
1276 10196 410 403 14 12 0 434 11 12 427 0 18 0 1 1 97
1277 10192 412 405 14 12 0 434 11 12 427 0 18 0 1 1 97
1278 10194 411 404 14 12 0 434 11 12 427 0 18 0 1 1 97
1279 10200 408 401 14 12 0 434 11 12 427 0 18 0 1 1 97
1280 10202 407 400 14 12 0 434 11 12 427 0 18 0 1 1 97
1281 10206 405 398 14 12 0 434 11 12 427 0 18 0 1 1 97
1282 10207 404 398 14 12 0 434 11 12 428 0 17 0 1 1 97
1283 10203 406 400 14 12 0 434 11 12 428 0 17 0 1 1 97
1284 10203 406 400 14 12 0 434 11 12 428 0 17 0 1 1 97
1285 10201 407 401 14 12 0 434 11 12 428 0 17 0 1 1 97
1286 10203 406 400 14 12 0 434 11 12 428 0 17 0 1 1 97
1287 10203 406 401 13 12 0 434 11 12 429 0 16 0 1 1 97
1288 10201 407 402 13 12 0 434 11 12 429 0 16 0 1 1 97
1289 10199 408 403 13 12 0 434 11 12 429 0 16 0 1 1 97
1290 10193 411 406 13 12 0 434 11 12 429 0 16 0 1 1 97
1291 10188 413 408 14 12 0 434 11 12 429 0 16 0 1 1 97
1292 10192 411 406 14 12 0 434 11 12 429 0 16 0 1 1 97
1293 10194 410 405 14 12 0 434 11 12 429 0 16 0 1 1 97
1294 10193 410 406 14 12 0 434 11 12 430 0 15 0 1 1 97
1295 10195 409 405 14 12 0 434 11 12 430 0 15 0 1 1 97
1296 10201 406 402 14 12 0 434 11 12 430 0 15 0 1 1 97
1297 10205 404 400 14 12 0 433 12 12 429 0 16 0 1 1 97
1298 10209 402 398 14 12 0 433 12 12 429 0 16 0 1 1 97
1299 10204 404 401 14 12 0 433 12 12 430 0 15 0 1 1 97
1300 10201 406 402 14 12 0 433 12 12 429 0 16 0 1 1 97
1301 10209 402 398 14 13 0 432 12 13 428 0 16 0 1 1 97
1302 10213 400 396 14 13 0 432 12 13 428 0 16 0 1 1 97
1303 10215 399 395 14 13 0 432 12 13 428 0 16 0 1 1 97
1304 10214 400 396 13 13 0 432 12 13 428 0 16 0 1 1 97
1305 10218 398 394 13 13 0 432 12 13 428 0 16 0 1 1 97
1306 10221 396 393 13 13 0 431 13 13 428 0 16 0 1 1 97
1307 10234 389 387 13 13 0 431 13 13 429 0 15 0 1 1 97
1308 10240 386 384 13 13 0 431 13 13 429 0 15 0 1 1 97
1309 10242 385 383 13 13 0 431 13 13 429 0 15 0 1 1 97
1310 10248 382 380 13 13 0 431 13 13 429 0 15 0 1 1 97
1311 10254 379 377 13 13 0 431 13 13 429 0 15 0 1 1 97
1312 10255 379 376 13 13 0 432 12 13 429 0 15 0 1 1 97
1313 10253 380 377 13 13 0 432 12 13 429 0 15 0 1 1 97
1314 10259 377 374 13 13 0 432 12 13 429 0 15 0 1 1 97
1315 10261 376 373 13 13 0 432 12 13 429 0 15 0 1 1 97
1316 10263 375 372 13 14 0 431 12 14 428 0 15 0 1 1 97
1317 10267 373 370 13 14 0 431 11 14 428 0 14 0 1 1 99
1318 10269 372 369 13 14 0 431 11 14 428 0 14 0 1 1 99
1319 10270 372 368 13 14 0 431 11 14 427 0 15 0 1 1 99
1320 10271 372 368 12 14 0 431 11 14 427 0 15 0 1 1 99
1321 10271 372 368 12 14 0 431 11 14 427 0 15 0 1 1 99
1322 10272 371 367 13 14 0 431 11 14 427 0 15 0 1 1 99
1323 10271 371 367 14 14 0 431 11 14 427 0 15 0 1 1 99
1324 10274 369 366 14 14 0 430 12 14 427 0 15 0 1 1 99
1325 10276 368 365 14 14 0 430 12 14 427 0 15 0 1 1 99
1326 10274 369 366 14 14 0 430 12 14 427 0 15 0 1 1 99
1327 10270 371 368 14 14 0 430 12 14 427 0 15 0 1 1 99
1328 10274 369 366 14 14 0 430 12 14 427 0 15 0 1 1 99
1329 10273 370 367 13 14 0 430 12 14 427 0 15 0 1 1 99
1330 10271 371 368 13 14 0 430 12 14 427 0 15 0 1 1 99
1331 10267 373 370 13 14 0 430 12 14 427 0 15 0 1 1 99
1332 10273 370 368 12 14 0 430 12 14 428 0 14 0 1 1 99
1333 10275 369 367 12 14 0 430 12 14 428 0 14 0 1 1 99
1334 10277 368 366 12 14 0 430 12 14 428 0 14 0 1 1 99
1335 10279 367 365 12 14 0 430 12 14 428 0 14 0 1 1 99
1336 10282 366 363 12 14 0 430 12 14 427 0 15 0 1 1 99
1337 10282 366 363 12 14 0 430 12 14 427 0 15 0 1 1 99
1338 10282 366 363 12 15 0 429 12 15 426 0 15 0 1 1 99
1339 10284 365 362 12 15 0 429 12 15 426 0 15 0 1 1 99
1340 10282 366 363 12 15 0 429 12 15 426 0 15 0 1 1 99
1341 10283 366 362 12 15 0 430 11 15 426 0 15 0 1 1 99
1342 10283 366 362 12 15 0 430 11 15 426 0 15 0 1 1 99
1343 10290 363 359 11 15 0 430 11 15 426 0 15 0 1 1 99
1344 10289 364 359 11 15 0 431 10 15 426 0 15 0 1 1 99
1345 10291 363 358 11 15 0 431 10 15 426 0 15 0 1 1 99
1346 10290 364 358 11 15 0 431 10 15 425 0 16 0 1 1 99
1347 10286 366 360 11 15 0 431 10 15 425 0 16 0 1 1 99
1348 10288 365 359 11 15 0 431 10 15 425 0 16 0 1 1 99
1349 10294 362 356 11 15 0 431 10 15 425 0 16 0 1 1 99
1350 10296 361 355 11 15 0 431 10 15 425 0 16 0 1 1 99
1351 10302 358 352 11 15 0 431 10 15 425 0 16 0 1 1 99
1352 10310 354 348 11 15 0 431 10 15 425 0 16 0 1 1 99
1353 10309 355 348 11 15 0 432 9 16 424 0 16 0 2 1 98
1354 10312 354 347 10 15 0 432 9 16 424 0 16 0 2 1 98
1355 10312 354 347 10 15 0 432 9 16 424 0 16 0 2 1 98
1356 10312 354 347 10 15 0 432 9 16 424 0 16 0 2 1 98
1357 10314 353 346 10 15 0 432 9 16 424 0 16 0 2 1 98
1358 10310 355 348 10 15 0 432 9 16 424 0 16 0 2 1 98
1359 10310 355 348 10 15 0 432 9 16 424 0 16 0 2 1 98
1360 10306 357 350 10 15 0 432 9 16 424 0 16 0 2 1 98
1361 10304 358 351 10 15 0 432 9 16 424 0 16 0 2 1 98
1362 10306 357 350 10 15 0 432 9 16 424 0 16 0 2 1 98
1363 10308 356 349 10 15 0 432 9 16 424 0 16 0 2 1 98
1364 10310 355 348 10 15 0 432 9 16 424 0 16 0 2 1 98
1365 10312 354 347 10 15 0 432 9 16 424 0 16 0 2 1 98
1366 10318 351 345 9 15 0 432 9 16 425 0 15 0 2 1 98
1367 10319 351 345 7 15 0 432 9 16 425 0 15 0 2 1 99
1368 10320 350 344 8 15 0 432 9 16 425 0 15 0 2 1 99
1369 10320 350 344 8 15 0 432 9 16 425 0 15 0 2 1 99
1370 10319 351 344 8 15 0 432 9 16 424 0 16 0 2 1 99
1371 10322 350 342 8 15 0 432 9 16 423 0 17 0 2 1 99
1372 10320 351 343 8 15 0 432 9 16 423 0 17 0 2 1 99
1373 10319 351 343 9 15 0 432 9 16 423 0 17 0 2 1 99
1374 10322 350 341 9 15 0 432 9 16 422 0 18 0 2 1 99
1375 10329 346 338 9 15 0 432 9 16 423 0 17 0 2 1 99
1376 10327 347 339 9 15 0 432 9 16 423 0 17 0 2 1 99
1377 10327 347 339 9 15 0 432 9 16 423 0 17 0 2 1 99
1378 10325 348 340 9 15 0 432 9 16 423 0 17 0 2 1 99
1379 10331 345 337 9 15 0 432 9 16 423 0 17 0 2 1 99
1380 10329 346 338 9 15 0 432 9 16 423 0 17 0 2 1 99
1381 10325 348 340 9 15 0 432 9 16 423 0 17 0 2 1 99
1382 10334 343 336 9 15 0 432 9 16 424 0 16 0 2 1 99
1383 10343 338 332 9 15 0 432 9 16 425 0 15 0 2 1 99
1384 10343 338 332 9 15 0 432 9 16 425 0 15 0 2 1 99
1385 10339 340 334 9 15 0 432 9 16 425 0 15 0 2 1 99
1386 10344 338 332 8 15 0 432 9 16 425 0 15 0 2 1 99
1387 10345 338 331 8 15 0 432 9 16 424 0 16 0 2 1 99
1388 10348 337 330 7 15 0 432 9 16 424 0 16 0 2 1 99
1389 10346 338 331 7 15 0 432 9 16 424 0 16 0 2 1 99
1390 10345 339 332 6 15 0 432 9 16 424 0 16 0 2 1 99
1391 10347 338 332 5 15 0 432 9 16 425 0 15 0 2 1 99
1392 10343 340 334 5 15 0 432 9 16 425 0 15 0 2 1 99
1393 10341 341 335 5 15 0 432 9 16 425 0 15 0 2 1 99
1394 10347 338 332 5 15 0 432 9 16 425 0 15 0 2 1 99
1395 10349 337 331 5 15 0 432 9 16 425 0 15 0 2 1 99
1396 10353 335 329 5 15 0 432 9 16 425 0 15 0 2 1 99
1397 10359 332 326 5 15 0 432 9 16 425 0 15 0 2 1 99
1398 10357 333 327 5 16 0 431 9 17 424 0 15 0 2 1 99
1399 10359 332 326 5 16 0 431 9 17 424 0 15 0 2 1 99
1400 10363 330 324 5 16 0 431 9 17 424 0 15 0 2 1 99
1401 10369 328 321 4 16 0 431 9 17 423 0 16 0 2 1 99
1402 10369 328 321 4 16 0 431 9 17 423 0 16 0 2 1 99
1403 10375 325 318 4 16 0 431 9 17 423 0 16 0 2 1 99
1404 10377 324 317 4 16 0 431 9 17 423 0 16 0 2 1 99
1405 10381 322 315 4 16 0 431 9 17 423 0 16 0 2 1 99
1406 10384 320 313 5 16 0 431 9 17 423 0 16 0 2 1 99
1407 10383 320 314 5 16 0 430 10 17 423 0 16 0 2 1 99
1408 10385 320 314 3 16 0 430 10 17 423 0 16 0 2 1 99
1409 10391 317 311 3 16 0 430 10 17 423 0 16 0 2 1 99
1410 10393 316 310 3 16 0 430 10 17 423 0 16 0 2 1 99
1411 10393 316 310 3 16 0 430 10 17 423 0 16 0 2 1 99
1412 10391 317 311 3 16 0 430 10 17 423 0 16 0 2 1 99
1413 10391 317 311 3 16 0 430 10 17 423 0 16 0 2 1 99
1414 10387 319 313 3 16 0 430 10 17 423 0 16 0 2 1 99
1415 10393 316 310 3 16 0 430 10 17 423 0 16 0 2 1 99
1416 10396 314 309 3 16 0 429 11 17 423 0 16 0 2 1 99
1417 10398 313 308 3 16 0 429 11 17 423 0 16 0 2 1 99
1418 10396 314 309 3 16 0 429 11 17 423 0 16 0 2 1 99
1419 10400 312 307 3 16 0 429 11 17 423 0 16 0 2 1 99
1420 10397 314 308 3 16 0 429 11 17 422 0 17 0 2 1 99
1421 10393 316 310 3 16 0 429 11 17 422 0 17 0 2 1 99
1422 10396 314 309 3 16 0 429 11 17 423 0 16 0 2 1 99
1423 10395 314 310 3 16 0 429 11 17 424 0 15 0 2 1 99
1424 10399 312 308 3 16 0 429 11 17 424 0 15 0 2 1 99
1425 10397 313 309 3 16 0 429 11 17 424 0 15 0 2 1 99
1426 10393 315 311 3 16 0 429 11 17 424 0 15 0 2 1 99
1427 10397 313 309 3 16 0 429 11 17 424 0 15 0 2 1 99
1428 10399 312 308 3 16 0 429 11 17 424 0 15 0 2 1 99
1429 10395 314 310 3 16 0 429 11 17 424 0 15 0 2 1 99
1430 10393 315 311 3 16 0 429 11 17 424 0 15 0 2 1 99
1431 10396 314 309 3 16 0 430 10 17 424 0 15 0 2 1 99
1432 10390 317 312 3 16 0 430 10 17 424 0 15 0 2 1 99
1433 10397 313 309 3 16 0 430 10 17 425 0 14 0 2 1 99
1434 10397 312 309 4 17 0 429 10 17 426 0 13 0 2 2 98
1435 10404 308 306 4 17 0 429 10 17 427 0 12 0 2 2 98
1436 10402 309 307 4 17 0 429 10 17 427 0 12 0 2 2 98
1437 10406 307 305 4 17 0 429 10 17 427 0 12 0 2 2 98
1438 10405 307 306 4 17 0 429 10 17 428 0 11 0 2 2 98
1439 10405 307 306 4 17 0 429 10 17 428 0 11 0 2 2 98
1440 10402 309 307 4 17 0 429 10 17 427 0 12 0 2 2 98
1441 10403 308 307 4 17 0 428 11 17 427 0 12 0 2 2 98
1442 10403 308 307 4 17 0 428 11 17 427 0 12 0 2 2 98
1443 10404 308 306 4 17 0 429 10 17 427 0 12 0 2 2 98
1444 10404 308 306 4 17 0 429 10 17 427 0 12 0 2 2 98
1445 10408 306 304 4 17 0 429 10 17 427 0 12 0 2 2 98
1446 10410 305 303 4 17 0 429 10 17 427 0 12 0 2 2 98
1447 10411 304 303 4 17 0 428 11 17 427 0 12 0 2 2 98
1448 10415 302 301 4 17 0 428 11 17 427 0 12 0 2 2 98
1449 10416 301 300 5 17 0 428 11 17 427 0 12 0 2 2 98
1450 10422 299 297 4 17 0 429 10 17 427 0 12 0 2 2 98
1451 10426 297 295 4 17 0 429 10 17 427 0 12 0 2 2 98
1452 10424 298 296 4 17 0 429 10 17 427 0 12 0 2 2 98
1453 10420 300 298 4 17 0 429 10 17 427 0 12 0 2 2 98
1454 10425 298 295 4 17 0 430 9 17 427 0 12 0 2 2 98
1455 10427 297 294 4 17 0 430 9 17 427 0 12 0 2 2 98
1456 10429 296 293 4 17 0 430 9 17 427 0 12 0 2 2 98
1457 10431 295 292 4 17 0 430 9 17 427 0 12 0 2 2 98
1458 10432 294 292 4 17 0 429 10 17 427 0 12 0 2 2 98
1459 10430 295 293 4 17 0 429 10 17 427 0 12 0 2 2 98
1460 10429 295 293 5 18 0 428 10 18 426 0 12 0 2 2 98
1461 10424 297 296 5 18 0 427 11 18 426 0 12 0 2 2 98
1462 10426 295 295 6 18 0 427 11 18 427 0 11 0 2 2 98
1463 10430 293 293 6 18 0 427 11 18 427 0 11 0 2 2 98
1464 10435 291 291 5 18 0 427 11 18 427 0 11 0 2 2 98
1465 10435 291 291 5 18 0 427 11 18 427 0 11 0 2 2 98
1466 10431 293 293 5 18 0 427 11 18 427 0 11 0 2 2 98
1467 10434 291 292 5 18 0 427 11 18 428 0 10 0 2 2 98
1468 10432 292 293 5 18 0 427 11 18 428 0 10 0 2 2 98
1469 10430 293 294 5 18 0 427 11 18 428 0 10 0 2 2 98
1470 10436 290 291 5 19 0 426 11 19 427 0 10 0 2 2 98
1471 10436 290 291 5 19 0 426 11 19 427 0 10 0 2 2 98
1472 10438 289 290 5 19 0 426 11 19 427 0 10 0 2 2 98
1473 10438 289 290 5 19 0 426 11 19 427 0 10 0 2 2 98
1474 10438 289 290 5 19 0 426 11 19 427 0 10 0 2 2 98
1475 10440 288 289 5 19 0 426 11 19 427 0 10 0 2 2 98
1476 10442 287 288 5 19 0 426 11 19 427 0 10 0 2 2 98
1477 10444 286 287 5 19 0 426 11 19 427 0 10 0 2 2 98
1478 10442 287 288 5 19 0 426 11 19 427 0 10 0 2 2 98
1479 10444 286 287 5 19 0 426 11 19 427 0 10 0 2 2 98
1480 10448 284 285 5 19 0 426 11 19 427 0 10 0 2 2 98
1481 10445 286 286 5 19 0 427 10 19 427 0 10 0 2 2 98
1482 10447 285 285 5 19 0 427 10 19 427 0 10 0 2 2 98
1483 10447 285 285 5 19 0 427 10 19 427 0 10 0 2 2 98
1484 10445 286 286 5 19 0 427 10 19 427 0 10 0 2 2 98
1485 10451 283 283 5 19 0 427 10 19 427 0 10 0 2 2 98
1486 10449 284 284 5 19 0 427 10 19 427 0 10 0 2 2 98
1487 10451 283 283 5 19 0 427 10 19 427 0 10 0 2 2 98
1488 10455 281 281 5 19 0 427 10 19 427 0 10 0 2 2 98
1489 10453 282 282 5 19 0 427 10 19 427 0 10 0 2 2 98
1490 10455 281 281 5 19 0 427 10 19 427 0 10 0 2 2 98
1491 10451 283 283 5 19 0 427 10 19 427 0 10 0 2 2 98
1492 10452 283 282 5 19 0 427 10 19 426 0 11 0 2 2 98
1493 10451 283 282 6 19 0 427 10 19 426 0 11 0 2 2 98
1494 10449 284 283 6 19 0 427 10 19 426 0 11 0 2 2 98
1495 10445 286 285 6 19 0 427 10 19 426 0 11 0 2 2 98
1496 10446 285 284 7 19 0 427 10 19 426 0 11 0 2 2 98
1497 10445 285 285 7 19 0 426 11 19 426 0 11 0 2 2 98
1498 10445 285 285 7 19 0 426 11 19 426 0 11 0 2 2 98
1499 10447 284 284 7 19 0 426 11 19 426 0 11 0 2 2 98
1500 10449 283 283 7 19 0 426 11 19 426 0 11 0 2 2 98
