0 4425 6150
1 4298 6277
2 4272 6303
3 4254 6321
4 4251 6324
5 4245 6330
6 4243 6332
7 4278 6297
8 4244 6331
9 4251 6324
10 4240 6335
11 4256 6319
12 4241 6334
13 4245 6330
14 4252 6323
15 4240 6335
16 4249 6326
17 4256 6319
18 4277 6298
19 4274 6301
20 4277 6298
21 4263 6312
22 4267 6308
23 4281 6294
24 4270 6305
25 4262 6313
26 4259 6316
27 4260 6315
28 4257 6318
29 4258 6317
30 4255 6320
31 4238 6337
32 4235 6340
33 4239 6336
34 4230 6345
35 4232 6343
36 4223 6352
37 4219 6356
38 4208 6367
39 4186 6389
40 4192 6383
41 4193 6382
42 4198 6377
43 4208 6367
44 4176 6399
45 4196 6379
46 4209 6366
47 4181 6394
48 4195 6380
49 4199 6376
50 4203 6372
51 4198 6377
52 4180 6395
53 4187 6388
54 4195 6380
55 4202 6373
56 4196 6379
57 4220 6355
58 4223 6352
59 4258 6317
60 4260 6315
61 4260 6315
62 4259 6316
63 4265 6310
64 4265 6310
65 4265 6310
66 4265 6310
67 4262 6313
68 4255 6320
69 4248 6327
70 4258 6317
71 4235 6340
72 4251 6324
73 4233 6342
74 4235 6340
75 4219 6356
76 4254 6321
77 4248 6327
78 4285 6290
79 4272 6303
80 4289 6286
81 4288 6287
82 4275 6300
83 4255 6320
84 4268 6307
85 4264 6311
86 4266 6309
87 4261 6314
88 4265 6310
89 4278 6297
90 4264 6311
91 4271 6304
92 4255 6320
93 4253 6322
94 4246 6329
95 4258 6317
96 4269 6306
97 4257 6318
98 4270 6305
99 4279 6296
100 4290 6285
101 4284 6291
102 4304 6271
103 4312 6263
104 4313 6262
105 4307 6268
106 4288 6287
107 4299 6276
108 4284 6291
109 4282 6293
110 4275 6300
111 4250 6325
112 4231 6344
113 4222 6353
114 4231 6344
115 4217 6358
116 4224 6351
117 4228 6347
118 4237 6338
119 4247 6328
120 4247 6328
121 4240 6335
122 4244 6331
123 4251 6324
124 4242 6333
125 4245 6330
126 4255 6320
127 4259 6316
128 4258 6317
129 4238 6337
130 4231 6344
131 4238 6337
132 4254 6321
133 4257 6318
134 4259 6316
135 4257 6318
136 4251 6324
137 4231 6344
138 4228 6347
139 4240 6335
140 4233 6342
141 4228 6347
142 4222 6353
143 4221 6354
144 4227 6348
145 4252 6323
146 4269 6306
147 4278 6297
148 4265 6310
149 4279 6296
150 4289 6286
151 4293 6282
152 4295 6280
153 4318 6257
154 4330 6245
155 4349 6226
156 4357 6218
157 4351 6224
158 4358 6217
159 4376 6199
160 4380 6195
161 4372 6203
162 4345 6230
163 4346 6229
164 4345 6230
165 4353 6222
166 4357 6218
167 4372 6203
168 4382 6193
169 4392 6183
170 4403 6172
171 4373 6202
172 4379 6196
173 4386 6189
174 4413 6162
175 4415 6160
176 4430 6145
177 4412 6163
178 4409 6166
179 4413 6162
180 4423 6152
181 4431 6144
182 4430 6145
183 4450 6125
184 4456 6119
185 4447 6128
186 4468 6107
187 4478 6097
188 4475 6100
189 4458 6117
190 4470 6105
191 4452 6123
192 4469 6106
193 4490 6085
194 4485 6090
195 4497 6078
196 4474 6101
197 4489 6086
198 4489 6086
199 4478 6097
200 4479 6096
201 4499 6076
202 4478 6097
203 4476 6099
204 4517 6058
205 4546 6029
206 4520 6055
207 4525 6050
208 4530 6045
209 4510 6065
210 4514 6061
211 4498 6077
212 4516 6059
213 4520 6055
214 4526 6049
215 4541 6034
216 4527 6048
217 4501 6074
218 4520 6055
219 4524 6051
220 4555 6020
221 4532 6043
222 4523 6052
223 4521 6054
224 4528 6047
225 4528 6047
226 4499 6076
227 4524 6051
228 4530 6045
229 4508 6067
230 4517 6058
231 4525 6050
232 4538 6037
233 4521 6054
234 4499 6076
235 4500 6075
236 4503 6072
237 4513 6062
238 4527 6048
239 4521 6054
240 4532 6043
241 4542 6033
242 4551 6024
243 4546 6029
244 4568 6007
245 4565 6010
246 4569 6006
247 4563 6012
248 4559 6016
249 4551 6024
250 4546 6029
251 4563 6012
252 4569 6006
253 4582 5993
254 4586 5989
255 4566 6009
256 4568 6007
257 4585 5990
258 4588 5987
259 4581 5994
260 4611 5964
261 4625 5950
262 4633 5942
263 4615 5960
264 4630 5945
265 4631 5944
266 4638 5937
267 4629 5946
268 4642 5933
269 4656 5919
270 4669 5906
271 4650 5925
272 4689 5886
273 4665 5910
274 4654 5921
275 4671 5904
276 4695 5880
277 4690 5885
278 4683 5892
279 4692 5883
280 4686 5889
281 4684 5891
282 4666 5909
283 4688 5887
284 4674 5901
285 4679 5896
286 4677 5898
287 4692 5883
288 4677 5898
289 4657 5918
290 4651 5924
291 4645 5930
292 4638 5937
293 4624 5951
294 4620 5955
295 4623 5952
296 4614 5961
297 4623 5952
298 4616 5959
299 4627 5948
300 4608 5967
301 4601 5974
302 4613 5962
303 4588 5987
304 4601 5974
305 4607 5968
306 4617 5958
307 4600 5975
308 4593 5982
309 4608 5967
310 4602 5973
311 4582 5993
312 4604 5971
313 4597 5978
314 4597 5978
315 4603 5972
316 4614 5961
317 4625 5950
318 4618 5957
319 4618 5957
320 4620 5955
321 4634 5941
322 4627 5948
323 4650 5925
324 4626 5949
325 4614 5961
326 4617 5958
327 4591 5984
328 4583 5992
329 4593 5982
330 4608 5967
331 4615 5960
332 4623 5952
333 4620 5955
334 4642 5933
335 4647 5928
336 4642 5933
337 4621 5954
338 4617 5958
339 4601 5974
340 4631 5944
341 4609 5966
342 4606 5969
343 4586 5989
344 4589 5986
345 4610 5965
346 4596 5979
347 4578 5997
348 4581 5994
349 4614 5961
350 4618 5957
351 4606 5969
352 4615 5960
353 4629 5946
354 4624 5951
355 4622 5953
356 4659 5916
357 4683 5892
358 4690 5885
359 4685 5890
360 4669 5906
361 4652 5923
362 4671 5904
363 4672 5903
364 4695 5880
365 4700 5875
366 4723 5852
367 4730 5845
368 4747 5828
369 4756 5819
370 4765 5810
371 4776 5799
372 4788 5787
373 4801 5774
374 4808 5767
375 4807 5768
376 4796 5779
377 4789 5786
378 4820 5755
379 4813 5762
380 4812 5763
381 4826 5749
382 4839 5736
383 4826 5749
384 4840 5735
385 4859 5716
386 4864 5711
387 4866 5709
388 4858 5717
389 4860 5715
390 4876 5699
391 4844 5731
392 4880 5695
393 4878 5697
394 4852 5723
395 4876 5699
396 4869 5706
397 4873 5702
398 4876 5699
399 4882 5693
400 4901 5674
401 4906 5669
402 4922 5653
403 4910 5665
404 4916 5659
405 4921 5654
406 4925 5650
407 4923 5652
408 4956 5619
409 4961 5614
410 4961 5614
411 4957 5618
412 4968 5607
413 4953 5622
414 4955 5620
415 4948 5627
416 4973 5602
417 4970 5605
418 4972 5603
419 4971 5604
420 4985 5590
421 4977 5598
422 4982 5593
423 4957 5618
424 4943 5632
425 4960 5615
426 4969 5606
427 4985 5590
428 4967 5608
429 4934 5641
430 4922 5653
431 4928 5647
432 4940 5635
433 4944 5631
434 4949 5626
435 4939 5636
436 4938 5637
437 4941 5634
438 4926 5649
439 4925 5650
440 4935 5640
441 4935 5640
442 4925 5650
443 4924 5651
444 4912 5663
445 4912 5663
446 4905 5670
447 4906 5669
448 4891 5684
449 4912 5663
450 4929 5646
451 4891 5684
452 4901 5674
453 4887 5688
454 4892 5683
455 4892 5683
456 4874 5701
457 4882 5693
458 4905 5670
459 4911 5664
460 4912 5663
461 4933 5642
462 4923 5652
463 4937 5638
464 4929 5646
465 4936 5639
466 4920 5655
467 4917 5658
468 4929 5646
469 4909 5666
470 4921 5654
471 4935 5640
472 4952 5623
473 4952 5623
474 4992 5583
475 4976 5599
476 4956 5619
477 4961 5614
478 4949 5626
479 4957 5618
480 4958 5617
481 4954 5621
482 4960 5615
483 4955 5620
484 4964 5611
485 4953 5622
486 4952 5623
487 4969 5606
488 4966 5609
489 4971 5604
490 4972 5603
491 4964 5611
492 4962 5613
493 4962 5613
494 4959 5616
495 4950 5625
496 4970 5605
497 4972 5603
498 4985 5590
499 5016 5559
500 5035 5540
501 5039 5536
502 5057 5518
503 5033 5542
504 5020 5555
505 5042 5533
506 5045 5530
507 5023 5552
508 5042 5533
509 5033 5542
510 5039 5536
511 5040 5535
512 5030 5545
513 5029 5546
514 5053 5522
515 5043 5532
516 5023 5552
517 5045 5530
518 5051 5524
519 5061 5514
520 5046 5529
521 5058 5517
522 5051 5524
523 5026 5549
524 5050 5525
525 5059 5516
526 5042 5533
527 5065 5510
528 5056 5519
529 5048 5527
530 5062 5513
531 5073 5502
532 5077 5498
533 5086 5489
534 5078 5497
535 5076 5499
536 5067 5508
537 5049 5526
538 5044 5531
539 5060 5515
540 5066 5509
541 5060 5515
542 5057 5518
543 5049 5526
544 5066 5509
545 5083 5492
546 5065 5510
547 5096 5479
548 5097 5478
549 5102 5473
550 5104 5471
551 5116 5459
552 5123 5452
553 5136 5439
554 5170 5405
555 5158 5417
556 5158 5417
557 5148 5427
558 5148 5427
559 5165 5410
560 5162 5413
561 5151 5424
562 5148 5427
563 5158 5417
564 5149 5426
565 5150 5425
566 5149 5426
567 5114 5461
568 5124 5451
569 5152 5423
570 5145 5430
571 5139 5436
572 5134 5441
573 5133 5442
574 5142 5433
575 5142 5433
576 5146 5429
577 5177 5398
578 5191 5384
579 5193 5382
580 5202 5373
581 5189 5386
582 5224 5351
583 5222 5353
584 5221 5354
585 5231 5344
586 5259 5316
587 5262 5313
588 5243 5332
589 5253 5322
590 5254 5321
591 5242 5333
592 5226 5349
593 5235 5340
594 5224 5351
595 5244 5331
596 5220 5355
597 5249 5326
598 5242 5333
599 5223 5352
600 5223 5352
601 5242 5333
602 5246 5329
603 5238 5337
604 5261 5314
605 5284 5291
606 5281 5294
607 5274 5301
608 5294 5281
609 5292 5283
610 5260 5315
611 5282 5293
612 5286 5289
613 5276 5299
614 5299 5276
615 5284 5291
616 5304 5271
617 5279 5296
618 5287 5288
619 5286 5289
620 5271 5304
621 5266 5309
622 5275 5300
623 5279 5296
624 5266 5309
625 5273 5302
626 5266 5309
627 5273 5302
628 5259 5316
629 5239 5336
630 5235 5340
631 5270 5305
632 5281 5294
633 5281 5294
634 5260 5315
635 5287 5288
636 5267 5308
637 5268 5307
638 5288 5287
639 5289 5286
640 5281 5294
641 5264 5311
642 5289 5286
643 5309 5266
644 5314 5261
645 5301 5274
646 5316 5259
647 5354 5221
648 5336 5239
649 5343 5232
650 5328 5247
651 5330 5245
652 5329 5246
653 5324 5251
654 5334 5241
655 5339 5236
656 5337 5238
657 5340 5235
658 5336 5239
659 5341 5234
660 5338 5237
661 5327 5248
662 5320 5255
663 5320 5255
664 5322 5253
665 5319 5256
666 5322 5253
667 5317 5258
668 5321 5254
669 5335 5240
670 5328 5247
671 5348 5227
672 5322 5253
673 5351 5224
674 5338 5237
675 5339 5236
676 5308 5267
677 5291 5284
678 5306 5269
679 5314 5261
680 5295 5280
681 5295 5280
682 5294 5281
683 5303 5272
684 5303 5272
685 5315 5260
686 5294 5281
687 5321 5254
688 5319 5256
689 5313 5262
690 5292 5283
691 5308 5267
692 5315 5260
693 5311 5264
694 5309 5266
695 5319 5256
696 5321 5254
697 5339 5236
698 5358 5217
699 5338 5237
700 5327 5248
701 5324 5251
702 5327 5248
703 5307 5268
704 5291 5284
705 5293 5282
706 5302 5273
707 5310 5265
708 5305 5270
709 5317 5258
710 5303 5272
711 5279 5296
712 5283 5292
713 5272 5303
714 5277 5298
715 5281 5294
716 5279 5296
717 5284 5291
718 5282 5293
719 5274 5301
720 5269 5306
721 5266 5309
722 5257 5318
723 5275 5300
724 5261 5314
725 5273 5302
726 5278 5297
727 5289 5286
728 5301 5274
729 5306 5269
730 5307 5268
731 5319 5256
732 5306 5269
733 5308 5267
734 5302 5273
735 5324 5251
736 5340 5235
737 5337 5238
738 5347 5228
739 5346 5229
740 5351 5224
741 5359 5216
742 5363 5212
743 5381 5194
744 5376 5199
745 5373 5202
746 5363 5212
747 5360 5215
748 5350 5225
749 5365 5210
750 5367 5208
751 5379 5196
752 5387 5188
753 5381 5194
754 5373 5202
755 5357 5218
756 5373 5202
757 5372 5203
758 5382 5193
759 5376 5199
760 5396 5179
761 5415 5160
762 5406 5169
763 5384 5191
764 5384 5191
765 5391 5184
766 5390 5185
767 5381 5194
768 5392 5183
769 5385 5190
770 5407 5168
771 5393 5182
772 5394 5181
773 5406 5169
774 5405 5170
775 5402 5173
776 5401 5174
777 5397 5178
778 5410 5165
779 5403 5172
780 5413 5162
781 5430 5145
782 5424 5151
783 5422 5153
784 5422 5153
785 5413 5162
786 5425 5150
787 5440 5135
788 5440 5135
789 5436 5139
790 5430 5145
791 5441 5134
792 5436 5139
793 5435 5140
794 5452 5123
795 5447 5128
796 5445 5130
797 5444 5131
798 5436 5139
799 5451 5124
800 5455 5120
801 5438 5137
802 5444 5131
803 5445 5130
804 5447 5128
805 5442 5133
806 5438 5137
807 5466 5109
808 5451 5124
809 5452 5123
810 5452 5123
811 5444 5131
812 5460 5115
813 5466 5109
814 5444 5131
815 5425 5150
816 5424 5151
817 5427 5148
818 5421 5154
819 5421 5154
820 5420 5155
821 5412 5163
822 5420 5155
823 5411 5164
824 5408 5167
825 5400 5175
826 5403 5172
827 5399 5176
828 5411 5164
829 5417 5158
830 5421 5154
831 5422 5153
832 5431 5144
833 5441 5134
834 5433 5142
835 5458 5117
836 5450 5125
837 5437 5138
838 5444 5131
839 5447 5128
840 5448 5127
841 5463 5112
842 5482 5093
843 5467 5108
844 5484 5091
845 5471 5104
846 5469 5106
847 5490 5085
848 5491 5084
849 5471 5104
850 5480 5095
851 5462 5113
852 5473 5102
853 5477 5098
854 5480 5095
855 5485 5090
856 5495 5080
857 5480 5095
858 5480 5095
859 5466 5109
860 5472 5103
861 5477 5098
862 5488 5087
863 5476 5099
864 5474 5101
865 5475 5100
866 5470 5105
867 5472 5103
868 5457 5118
869 5468 5107
870 5455 5120
871 5429 5146
872 5447 5128
873 5452 5123
874 5430 5145
875 5423 5152
876 5445 5130
877 5458 5117
878 5447 5128
879 5453 5122
880 5469 5106
881 5473 5102
882 5487 5088
883 5465 5110
884 5458 5117
885 5444 5131
886 5449 5126
887 5461 5114
888 5467 5108
889 5445 5130
890 5444 5131
891 5446 5129
892 5463 5112
893 5443 5132
894 5467 5108
895 5456 5119
896 5457 5118
897 5476 5099
898 5492 5083
899 5505 5070
900 5482 5093
901 5499 5076
902 5491 5084
903 5486 5089
904 5498 5077
905 5503 5072
906 5477 5098
907 5479 5096
908 5475 5100
909 5466 5109
910 5468 5107
911 5475 5100
912 5465 5110
913 5462 5113
914 5474 5101
915 5474 5101
916 5479 5096
917 5480 5095
918 5472 5103
919 5496 5079
920 5503 5072
921 5520 5055
922 5497 5078
923 5500 5075
924 5519 5056
925 5519 5056
926 5525 5050
927 5512 5063
928 5517 5058
929 5508 5067
930 5502 5073
931 5481 5094
932 5508 5067
933 5532 5043
934 5544 5031
935 5532 5043
936 5537 5038
937 5546 5029
938 5536 5039
939 5519 5056
940 5512 5063
941 5505 5070
942 5511 5064
943 5539 5036
944 5543 5032
945 5545 5030
946 5562 5013
947 5575 5000
948 5585 4990
949 5559 5016
950 5568 5007
951 5558 5017
952 5548 5027
953 5578 4997
954 5584 4991
955 5578 4997
956 5589 4986
957 5591 4984
958 5589 4986
959 5584 4991
960 5564 5011
961 5540 5035
962 5552 5023
963 5546 5029
964 5550 5025
965 5545 5030
966 5559 5016
967 5550 5025
968 5567 5008
969 5562 5013
970 5575 5000
971 5581 4994
972 5582 4993
973 5593 4982
974 5586 4989
975 5597 4978
976 5600 4975
977 5612 4963
978 5605 4970
979 5603 4972
980 5629 4946
981 5637 4938
982 5647 4928
983 5662 4913
984 5648 4927
985 5652 4923
986 5660 4915
987 5665 4910
988 5665 4910
989 5678 4897
990 5678 4897
991 5684 4891
992 5700 4875
993 5705 4870
994 5708 4867
995 5713 4862
996 5698 4877
997 5728 4847
998 5740 4835
999 5741 4834
1000 5744 4831
1001 5753 4822
1002 5723 4852
1003 5737 4838
1004 5741 4834
1005 5742 4833
1006 5739 4836
1007 5740 4835
1008 5752 4823
1009 5742 4833
1010 5738 4837
1011 5736 4839
1012 5721 4854
1013 5730 4845
1014 5720 4855
1015 5730 4845
1016 5733 4842
1017 5725 4850
1018 5740 4835
1019 5737 4838
1020 5728 4847
1021 5726 4849
1022 5711 4864
1023 5710 4865
1024 5720 4855
1025 5720 4855
1026 5740 4835
1027 5726 4849
1028 5728 4847
1029 5739 4836
1030 5741 4834
1031 5766 4809
1032 5753 4822
1033 5758 4817
1034 5755 4820
1035 5752 4823
1036 5756 4819
1037 5734 4841
1038 5731 4844
1039 5738 4837
1040 5731 4844
1041 5731 4844
1042 5737 4838
1043 5718 4857
1044 5728 4847
1045 5733 4842
1046 5762 4813
1047 5757 4818
1048 5773 4802
1049 5773 4802
1050 5782 4793
1051 5780 4795
1052 5788 4787
1053 5784 4791
1054 5798 4777
1055 5759 4816
1056 5769 4806
1057 5772 4803
1058 5778 4797
1059 5770 4805
1060 5782 4793
1061 5776 4799
1062 5756 4819
1063 5760 4815
1064 5787 4788
1065 5781 4794
1066 5776 4799
1067 5781 4794
1068 5785 4790
1069 5784 4791
1070 5790 4785
1071 5770 4805
1072 5769 4806
1073 5782 4793
1074 5784 4791
1075 5768 4807
1076 5765 4810
1077 5749 4826
1078 5759 4816
1079 5763 4812
1080 5771 4804
1081 5783 4792
1082 5775 4800
1083 5772 4803
1084 5764 4811
1085 5750 4825
1086 5765 4810
1087 5751 4824
1088 5751 4824
1089 5751 4824
1090 5770 4805
1091 5756 4819
1092 5765 4810
1093 5752 4823
1094 5748 4827
1095 5764 4811
1096 5750 4825
1097 5757 4818
1098 5766 4809
1099 5774 4801
1100 5784 4791
1101 5786 4789
1102 5789 4786
1103 5794 4781
1104 5804 4771
1105 5797 4778
1106 5794 4781
1107 5800 4775
1108 5807 4768
1109 5816 4759
1110 5807 4768
1111 5806 4769
1112 5818 4757
1113 5821 4754
1114 5823 4752
1115 5822 4753
1116 5808 4767
1117 5779 4796
1118 5781 4794
1119 5778 4797
1120 5789 4786
1121 5781 4794
1122 5773 4802
1123 5757 4818
1124 5755 4820
1125 5746 4829
1126 5755 4820
1127 5749 4826
1128 5763 4812
1129 5746 4829
1130 5741 4834
1131 5756 4819
1132 5776 4799
1133 5771 4804
1134 5746 4829
1135 5745 4830
1136 5756 4819
1137 5736 4839
1138 5739 4836
1139 5724 4851
1140 5753 4822
1141 5776 4799
1142 5758 4817
1143 5751 4824
1144 5748 4827
1145 5768 4807
1146 5766 4809
1147 5780 4795
1148 5777 4798
1149 5783 4792
1150 5786 4789
1151 5781 4794
1152 5772 4803
1153 5804 4771
1154 5785 4790
1155 5774 4801
1156 5772 4803
1157 5774 4801
1158 5768 4807
1159 5774 4801
1160 5745 4830
1161 5754 4821
1162 5738 4837
1163 5735 4840
1164 5743 4832
1165 5737 4838
1166 5735 4840
1167 5761 4814
1168 5745 4830
1169 5746 4829
1170 5761 4814
1171 5772 4803
1172 5770 4805
1173 5756 4819
1174 5769 4806
1175 5768 4807
1176 5766 4809
1177 5781 4794
1178 5781 4794
1179 5772 4803
1180 5763 4812
1181 5754 4821
1182 5740 4835
1183 5735 4840
1184 5739 4836
1185 5733 4842
1186 5726 4849
1187 5717 4858
1188 5723 4852
1189 5728 4847
1190 5733 4842
1191 5716 4859
1192 5715 4860
1193 5722 4853
1194 5729 4846
1195 5709 4866
1196 5717 4858
1197 5725 4850
1198 5724 4851
1199 5730 4845
1200 5734 4841
1201 5722 4853
1202 5734 4841
1203 5713 4862
1204 5710 4865
1205 5717 4858
1206 5736 4839
1207 5758 4817
1208 5733 4842
1209 5745 4830
1210 5732 4843
1211 5736 4839
1212 5726 4849
1213 5716 4859
1214 5727 4848
1215 5723 4852
1216 5734 4841
1217 5732 4843
1218 5729 4846
1219 5714 4861
1220 5724 4851
1221 5725 4850
1222 5697 4878
1223 5702 4873
1224 5702 4873
1225 5702 4873
1226 5721 4854
1227 5697 4878
1228 5699 4876
1229 5684 4891
1230 5690 4885
1231 5684 4891
1232 5707 4868
1233 5712 4863
1234 5704 4871
1235 5716 4859
1236 5713 4862
1237 5717 4858
1238 5710 4865
1239 5705 4870
1240 5715 4860
1241 5711 4864
1242 5702 4873
1243 5713 4862
1244 5705 4870
1245 5698 4877
1246 5692 4883
1247 5682 4893
1248 5692 4883
1249 5680 4895
1250 5694 4881
1251 5694 4881
1252 5674 4901
1253 5685 4890
1254 5673 4902
1255 5671 4904
1256 5678 4897
1257 5674 4901
1258 5671 4904
1259 5668 4907
1260 5660 4915
1261 5667 4908
1262 5679 4896
1263 5686 4889
1264 5684 4891
1265 5667 4908
1266 5656 4919
1267 5651 4924
1268 5657 4918
1269 5665 4910
1270 5664 4911
1271 5680 4895
1272 5671 4904
1273 5663 4912
1274 5682 4893
1275 5664 4911
1276 5669 4906
1277 5653 4922
1278 5660 4915
1279 5646 4929
1280 5659 4916
1281 5657 4918
1282 5682 4893
1283 5673 4902
1284 5663 4912
1285 5683 4892
1286 5668 4907
1287 5669 4906
1288 5670 4905
1289 5678 4897
1290 5660 4915
1291 5666 4909
1292 5668 4907
1293 5672 4903
1294 5654 4921
1295 5637 4938
1296 5659 4916
1297 5634 4941
1298 5631 4944
1299 5630 4945
1300 5635 4940
1301 5649 4926
1302 5640 4935
1303 5629 4946
1304 5633 4942
1305 5621 4954
1306 5612 4963
1307 5614 4961
1308 5625 4950
1309 5608 4967
1310 5598 4977
1311 5605 4970
1312 5590 4985
1313 5589 4986
1314 5590 4985
1315 5588 4987
1316 5593 4982
1317 5584 4991
1318 5596 4979
1319 5595 4980
1320 5609 4966
1321 5614 4961
1322 5615 4960
1323 5617 4958
1324 5614 4961
1325 5610 4965
1326 5618 4957
1327 5585 4990
1328 5598 4977
1329 5591 4984
1330 5604 4971
1331 5601 4974
1332 5583 4992
1333 5582 4993
1334 5574 5001
1335 5589 4986
1336 5592 4983
1337 5577 4998
1338 5592 4983
1339 5602 4973
1340 5591 4984
1341 5591 4984
1342 5590 4985
1343 5592 4983
1344 5587 4988
1345 5602 4973
1346 5607 4968
1347 5609 4966
1348 5624 4951
1349 5591 4984
1350 5584 4991
1351 5590 4985
1352 5579 4996
1353 5564 5011
1354 5561 5014
1355 5574 5001
1356 5577 4998
1357 5581 4994
1358 5579 4996
1359 5594 4981
1360 5579 4996
1361 5578 4997
1362 5571 5004
1363 5579 4996
1364 5592 4983
1365 5578 4997
1366 5576 4999
1367 5572 5003
1368 5576 4999
1369 5583 4992
1370 5610 4965
1371 5591 4984
1372 5596 4979
1373 5597 4978
1374 5594 4981
1375 5591 4984
1376 5608 4967
1377 5604 4971
1378 5598 4977
1379 5574 5001
1380 5574 5001
1381 5572 5003
1382 5584 4991
1383 5575 5000
1384 5570 5005
1385 5560 5015
1386 5553 5022
1387 5544 5031
1388 5553 5022
1389 5535 5040
1390 5534 5041
1391 5526 5049
1392 5526 5049
1393 5534 5041
1394 5553 5022
1395 5536 5039
1396 5516 5059
1397 5526 5049
1398 5512 5063
1399 5519 5056
1400 5512 5063
1401 5536 5039
1402 5541 5034
1403 5541 5034
1404 5544 5031
1405 5549 5026
1406 5538 5037
1407 5516 5059
1408 5513 5062
1409 5517 5058
1410 5492 5083
1411 5497 5078
1412 5497 5078
1413 5488 5087
1414 5498 5077
1415 5509 5066
1416 5498 5077
1417 5499 5076
1418 5497 5078
1419 5507 5068
1420 5523 5052
1421 5535 5040
1422 5529 5046
1423 5537 5038
1424 5529 5046
1425 5541 5034
1426 5517 5058
1427 5510 5065
1428 5512 5063
1429 5508 5067
1430 5517 5058
1431 5527 5048
1432 5512 5063
1433 5505 5070
1434 5506 5069
1435 5497 5078
1436 5503 5072
1437 5501 5074
1438 5496 5079
1439 5505 5070
1440 5498 5077
1441 5486 5089
1442 5486 5089
1443 5496 5079
1444 5491 5084
1445 5491 5084
1446 5510 5065
1447 5520 5055
1448 5493 5082
1449 5468 5107
1450 5470 5105
1451 5474 5101
1452 5449 5126
1453 5464 5111
1454 5473 5102
1455 5475 5100
1456 5451 5124
1457 5446 5129
1458 5453 5122
1459 5446 5129
1460 5419 5156
1461 5411 5164
1462 5417 5158
1463 5409 5166
1464 5417 5158
1465 5400 5175
1466 5403 5172
1467 5409 5166
1468 5413 5162
1469 5415 5160
1470 5444 5131
1471 5444 5131
1472 5470 5105
1473 5463 5112
1474 5474 5101
1475 5449 5126
1476 5471 5104
1477 5453 5122
1478 5451 5124
1479 5457 5118
1480 5443 5132
1481 5434 5141
1482 5440 5135
1483 5429 5146
1484 5428 5147
1485 5421 5154
1486 5428 5147
1487 5428 5147
1488 5431 5144
1489 5430 5145
1490 5438 5137
1491 5444 5131
1492 5443 5132
1493 5428 5147
1494 5444 5131
1495 5413 5162
1496 5450 5125
1497 5424 5151
1498 5421 5154
1499 5399 5176
1500 5414 5161
1501 5419 5156
1502 5425 5150
1503 5433 5142
1504 5444 5131
1505 5433 5142
1506 5431 5144
1507 5442 5133
1508 5416 5159
1509 5418 5157
1510 5406 5169
1511 5405 5170
1512 5405 5170
1513 5406 5169
1514 5395 5180
1515 5389 5186
1516 5382 5193
1517 5378 5197
1518 5374 5201
1519 5376 5199
1520 5367 5208
1521 5345 5230
1522 5367 5208
1523 5368 5207
1524 5359 5216
1525 5364 5211
1526 5356 5219
1527 5341 5234
1528 5333 5242
1529 5348 5227
1530 5358 5217
1531 5357 5218
1532 5357 5218
1533 5358 5217
1534 5379 5196
1535 5361 5214
1536 5362 5213
1537 5347 5228
1538 5332 5243
1539 5332 5243
1540 5338 5237
1541 5333 5242
1542 5345 5230
1543 5355 5220
1544 5343 5232
1545 5337 5238
1546 5329 5246
1547 5348 5227
1548 5339 5236
1549 5330 5245
1550 5318 5257
1551 5333 5242
1552 5330 5245
1553 5335 5240
1554 5317 5258
1555 5294 5281
1556 5309 5266
1557 5301 5274
1558 5318 5257
1559 5303 5272
1560 5304 5271
1561 5315 5260
1562 5289 5286
1563 5289 5286
1564 5301 5274
1565 5300 5275
1566 5306 5269
1567 5297 5278
1568 5311 5264
1569 5309 5266
1570 5305 5270
1571 5300 5275
1572 5295 5280
1573 5282 5293
1574 5280 5295
1575 5296 5279
1576 5298 5277
1577 5289 5286
1578 5301 5274
1579 5285 5290
1580 5301 5274
1581 5294 5281
1582 5298 5277
1583 5300 5275
1584 5306 5269
1585 5318 5257
1586 5299 5276
1587 5290 5285
1588 5296 5279
1589 5306 5269
1590 5286 5289
1591 5274 5301
1592 5268 5307
1593 5280 5295
1594 5270 5305
1595 5242 5333
1596 5243 5332
1597 5226 5349
1598 5242 5333
1599 5239 5336
1600 5249 5326
1601 5250 5325
1602 5254 5321
1603 5265 5310
1604 5258 5317
1605 5268 5307
1606 5240 5335
1607 5246 5329
1608 5260 5315
1609 5254 5321
1610 5246 5329
1611 5261 5314
1612 5246 5329
1613 5234 5341
1614 5227 5348
1615 5222 5353
1616 5240 5335
1617 5229 5346
1618 5216 5359
1619 5218 5357
1620 5220 5355
1621 5216 5359
1622 5231 5344
1623 5245 5330
1624 5226 5349
1625 5235 5340
1626 5224 5351
1627 5245 5330
1628 5247 5328
1629 5235 5340
1630 5232 5343
1631 5240 5335
1632 5215 5360
1633 5225 5350
1634 5221 5354
1635 5234 5341
1636 5219 5356
1637 5226 5349
1638 5219 5356
1639 5215 5360
1640 5217 5358
1641 5215 5360
1642 5220 5355
1643 5216 5359
1644 5207 5368
1645 5215 5360
1646 5188 5387
1647 5168 5407
1648 5160 5415
1649 5182 5393
1650 5195 5380
1651 5182 5393
1652 5172 5403
1653 5179 5396
1654 5185 5390
1655 5170 5405
1656 5175 5400
1657 5155 5420
1658 5156 5419
1659 5162 5413
1660 5169 5406
1661 5170 5405
1662 5161 5414
1663 5186 5389
1664 5179 5396
1665 5197 5378
1666 5197 5378
1667 5185 5390
1668 5167 5408
1669 5176 5399
1670 5180 5395
1671 5186 5389
1672 5196 5379
1673 5179 5396
1674 5179 5396
1675 5177 5398
1676 5169 5406
1677 5160 5415
1678 5150 5425
1679 5167 5408
1680 5172 5403
1681 5154 5421
1682 5139 5436
1683 5149 5426
1684 5157 5418
1685 5142 5433
1686 5134 5441
1687 5129 5446
1688 5140 5435
1689 5171 5404
1690 5151 5424
1691 5135 5440
1692 5138 5437
1693 5147 5428
1694 5143 5432
1695 5130 5445
1696 5129 5446
1697 5140 5435
1698 5148 5427
1699 5148 5427
1700 5138 5437
1701 5138 5437
1702 5142 5433
1703 5144 5431
1704 5138 5437
1705 5141 5434
1706 5145 5430
1707 5158 5417
1708 5142 5433
1709 5139 5436
1710 5152 5423
1711 5166 5409
1712 5149 5426
1713 5154 5421
1714 5160 5415
1715 5141 5434
1716 5140 5435
1717 5136 5439
1718 5137 5438
1719 5150 5425
1720 5170 5405
1721 5157 5418
1722 5142 5433
1723 5139 5436
1724 5164 5411
1725 5159 5416
1726 5172 5403
1727 5169 5406
1728 5166 5409
1729 5155 5420
1730 5156 5419
1731 5162 5413
1732 5167 5408
1733 5147 5428
1734 5179 5396
1735 5170 5405
1736 5180 5395
1737 5168 5407
1738 5155 5420
1739 5176 5399
1740 5166 5409
1741 5151 5424
1742 5142 5433
1743 5146 5429
1744 5113 5462
1745 5110 5465
1746 5119 5456
1747 5120 5455
1748 5116 5459
1749 5096 5479
1750 5126 5449
1751 5119 5456
1752 5110 5465
1753 5096 5479
1754 5110 5465
1755 5094 5481
1756 5104 5471
1757 5104 5471
1758 5102 5473
1759 5112 5463
1760 5110 5465
1761 5118 5457
1762 5134 5441
1763 5128 5447
1764 5123 5452
1765 5141 5434
1766 5160 5415
1767 5161 5414
1768 5170 5405
1769 5154 5421
1770 5157 5418
1771 5161 5414
1772 5154 5421
1773 5147 5428
1774 5144 5431
1775 5151 5424
1776 5155 5420
1777 5146 5429
1778 5156 5419
1779 5166 5409
1780 5146 5429
1781 5157 5418
1782 5135 5440
1783 5123 5452
1784 5121 5454
1785 5100 5475
1786 5103 5472
1787 5096 5479
1788 5101 5474
1789 5092 5483
1790 5091 5484
1791 5081 5494
1792 5082 5493
1793 5081 5494
1794 5069 5506
1795 5064 5511
1796 5073 5502
1797 5059 5516
1798 5058 5517
1799 5060 5515
1800 5032 5543
1801 5042 5533
1802 5033 5542
1803 5052 5523
1804 5047 5528
1805 5050 5525
1806 5043 5532
1807 5068 5507
1808 5065 5510
1809 5052 5523
1810 5065 5510
1811 5078 5497
1812 5068 5507
1813 5076 5499
1814 5075 5500
1815 5110 5465
1816 5108 5467
1817 5101 5474
1818 5099 5476
1819 5096 5479
1820 5094 5481
1821 5075 5500
1822 5093 5482
1823 5085 5490
1824 5074 5501
1825 5091 5484
1826 5090 5485
1827 5097 5478
1828 5086 5489
1829 5066 5509
1830 5050 5525
1831 5040 5535
1832 5021 5554
1833 5031 5544
1834 5028 5547
1835 5021 5554
1836 5016 5559
1837 5010 5565
1838 5006 5569
1839 5011 5564
1840 5022 5553
1841 5035 5540
1842 5044 5531
1843 5040 5535
1844 5037 5538
1845 5034 5541
1846 5035 5540
1847 5052 5523
1848 5038 5537
1849 5038 5537
1850 5000 5575
1851 4988 5587
1852 4998 5577
1853 5008 5567
1854 5005 5570
1855 5024 5551
1856 5009 5566
1857 5018 5557
1858 4999 5576
1859 4990 5585
1860 5007 5568
1861 5000 5575
1862 4996 5579
1863 4983 5592
1864 4992 5583
1865 4995 5580
1866 4994 5581
1867 4976 5599
1868 4982 5593
1869 5007 5568
1870 4997 5578
1871 4995 5580
1872 5012 5563
1873 5003 5572
1874 5001 5574
1875 5007 5568
1876 5001 5574
1877 4999 5576
1878 4990 5585
1879 4968 5607
1880 4964 5611
1881 4965 5610
1882 4962 5613
1883 4958 5617
1884 4965 5610
1885 4960 5615
1886 4947 5628
1887 4974 5601
1888 4969 5606
1889 4973 5602
1890 4989 5586
1891 4980 5595
1892 4985 5590
1893 4992 5583
1894 4990 5585
1895 4994 5581
1896 4984 5591
1897 5005 5570
1898 5011 5564
1899 5010 5565
1900 5013 5562
1901 4986 5589
1902 4995 5580
1903 5021 5554
1904 5006 5569
1905 4973 5602
1906 4998 5577
1907 4981 5594
1908 4955 5620
1909 4963 5612
1910 4986 5589
1911 4990 5585
1912 4982 5593
1913 4986 5589
1914 4991 5584
1915 4977 5598
1916 4959 5616
1917 4957 5618
1918 4958 5617
1919 4950 5625
1920 4959 5616
1921 4941 5634
1922 4952 5623
1923 4963 5612
1924 4962 5613
1925 4958 5617
1926 4950 5625
1927 4940 5635
1928 4960 5615
1929 4965 5610
1930 4978 5597
1931 4967 5608
1932 4985 5590
1933 4968 5607
1934 4972 5603
1935 4963 5612
1936 4965 5610
1937 4965 5610
1938 4956 5619
1939 4954 5621
1940 4956 5619
1941 4945 5630
1942 4948 5627
1943 4944 5631
1944 4931 5644
1945 4937 5638
1946 4943 5632
1947 4937 5638
1948 4946 5629
1949 4948 5627
1950 4937 5638
1951 4944 5631
1952 4947 5628
1953 4954 5621
1954 4946 5629
1955 4972 5603
1956 4974 5601
1957 4965 5610
1958 4966 5609
1959 4969 5606
1960 4968 5607
1961 4976 5599
1962 4966 5609
1963 4970 5605
1964 4948 5627
1965 4950 5625
1966 4951 5624
1967 4952 5623
1968 4962 5613
1969 4953 5622
1970 4950 5625
1971 4960 5615
1972 4951 5624
1973 4953 5622
1974 4954 5621
1975 4956 5619
1976 4946 5629
1977 4953 5622
1978 4954 5621
1979 4953 5622
1980 4928 5647
1981 4947 5628
1982 4938 5637
1983 4944 5631
1984 4938 5637
1985 4927 5648
1986 4928 5647
1987 4925 5650
1988 4925 5650
1989 4898 5677
1990 4892 5683
1991 4886 5689
1992 4876 5699
1993 4883 5692
1994 4901 5674
1995 4896 5679
1996 4870 5705
1997 4882 5693
1998 4882 5693
1999 4895 5680
2000 4911 5664
2001 4922 5653
2002 4926 5649
2003 4916 5659
2004 4929 5646
2005 4920 5655
2006 4918 5657
2007 4918 5657
2008 4912 5663
2009 4901 5674
2010 4905 5670
2011 4904 5671
2012 4920 5655
2013 4925 5650
2014 4945 5630
2015 4917 5658
2016 4908 5667
2017 4919 5656
2018 4924 5651
2019 4928 5647
2020 4928 5647
2021 4931 5644
2022 4944 5631
2023 4946 5629
2024 4952 5623
2025 4943 5632
2026 4927 5648
2027 4927 5648
2028 4939 5636
2029 4931 5644
2030 4956 5619
2031 4923 5652
2032 4897 5678
2033 4907 5668
2034 4916 5659
2035 4910 5665
2036 4895 5680
2037 4885 5690
2038 4927 5648
2039 4921 5654
2040 4924 5651
2041 4928 5647
2042 4935 5640
2043 4916 5659
2044 4925 5650
2045 4924 5651
2046 4923 5652
2047 4929 5646
2048 4917 5658
2049 4906 5669
2050 4908 5667
2051 4922 5653
2052 4925 5650
2053 4905 5670
2054 4897 5678
2055 4927 5648
2056 4931 5644
2057 4934 5641
2058 4938 5637
2059 4937 5638
2060 4933 5642
2061 4925 5650
2062 4919 5656
2063 4932 5643
2064 4936 5639
2065 4925 5650
2066 4912 5663
2067 4912 5663
2068 4921 5654
2069 4906 5669
2070 4912 5663
2071 4927 5648
2072 4922 5653
2073 4907 5668
2074 4899 5676
2075 4882 5693
2076 4885 5690
2077 4885 5690
2078 4895 5680
2079 4890 5685
2080 4899 5676
2081 4882 5693
2082 4898 5677
2083 4904 5671
2084 4913 5662
2085 4914 5661
2086 4902 5673
2087 4904 5671
2088 4902 5673
2089 4897 5678
2090 4889 5686
2091 4883 5692
2092 4864 5711
2093 4862 5713
2094 4856 5719
2095 4861 5714
2096 4873 5702
2097 4876 5699
2098 4857 5718
2099 4845 5730
2100 4853 5722
2101 4854 5721
2102 4853 5722
2103 4838 5737
2104 4838 5737
2105 4807 5768
2106 4821 5754
2107 4823 5752
2108 4810 5765
2109 4818 5757
2110 4852 5723
2111 4862 5713
2112 4846 5729
2113 4851 5724
2114 4879 5696
2115 4903 5672
2116 4893 5682
2117 4861 5714
2118 4896 5679
2119 4897 5678
2120 4897 5678
2121 4902 5673
2122 4903 5672
2123 4928 5647
2124 4922 5653
2125 4908 5667
2126 4885 5690
2127 4869 5706
2128 4874 5701
2129 4879 5696
2130 4839 5736
2131 4861 5714
2132 4838 5737
2133 4860 5715
2134 4837 5738
2135 4846 5729
2136 4849 5726
2137 4843 5732
2138 4830 5745
2139 4866 5709
2140 4883 5692
2141 4869 5706
2142 4863 5712
2143 4853 5722
2144 4863 5712
2145 4880 5695
2146 4883 5692
2147 4866 5709
2148 4889 5686
2149 4884 5691
2150 4909 5666
2151 4881 5694
2152 4885 5690
2153 4899 5676
2154 4894 5681
2155 4887 5688
2156 4904 5671
2157 4907 5668
2158 4887 5688
2159 4885 5690
2160 4869 5706
2161 4858 5717
2162 4861 5714
2163 4874 5701
2164 4875 5700
2165 4855 5720
2166 4891 5684
2167 4885 5690
2168 4856 5719
2169 4879 5696
2170 4851 5724
2171 4868 5707
2172 4869 5706
2173 4853 5722
2174 4840 5735
2175 4818 5757
2176 4825 5750
2177 4823 5752
2178 4806 5769
2179 4814 5761
2180 4837 5738
2181 4829 5746
2182 4838 5737
2183 4815 5760
2184 4833 5742
2185 4846 5729
2186 4851 5724
2187 4848 5727
2188 4842 5733
2189 4843 5732
2190 4837 5738
2191 4829 5746
2192 4810 5765
2193 4833 5742
2194 4835 5740
2195 4834 5741
2196 4828 5747
2197 4831 5744
2198 4838 5737
2199 4812 5763
2200 4820 5755
2201 4819 5756
2202 4817 5758
2203 4795 5780
2204 4795 5780
2205 4794 5781
2206 4817 5758
2207 4798 5777
2208 4809 5766
2209 4807 5768
2210 4813 5762
2211 4818 5757
2212 4817 5758
2213 4825 5750
2214 4817 5758
2215 4818 5757
2216 4814 5761
2217 4839 5736
2218 4849 5726
2219 4821 5754
2220 4834 5741
2221 4822 5753
2222 4844 5731
2223 4842 5733
2224 4848 5727
2225 4835 5740
2226 4838 5737
2227 4834 5741
2228 4848 5727
2229 4863 5712
2230 4867 5708
2231 4857 5718
2232 4862 5713
2233 4881 5694
2234 4881 5694
2235 4885 5690
2236 4881 5694
2237 4861 5714
2238 4848 5727
2239 4848 5727
2240 4843 5732
2241 4842 5733
2242 4829 5746
2243 4826 5749
2244 4835 5740
2245 4831 5744
2246 4823 5752
2247 4843 5732
2248 4848 5727
2249 4850 5725
2250 4833 5742
2251 4840 5735
2252 4834 5741
2253 4832 5743
2254 4824 5751
2255 4833 5742
2256 4821 5754
2257 4826 5749
2258 4839 5736
2259 4823 5752
2260 4822 5753
2261 4830 5745
2262 4820 5755
2263 4804 5771
2264 4790 5785
2265 4804 5771
2266 4798 5777
2267 4800 5775
2268 4812 5763
2269 4826 5749
2270 4816 5759
2271 4786 5789
2272 4792 5783
2273 4806 5769
2274 4798 5777
2275 4786 5789
2276 4789 5786
2277 4781 5794
2278 4779 5796
2279 4797 5778
2280 4803 5772
2281 4809 5766
2282 4822 5753
2283 4806 5769
2284 4818 5757
2285 4805 5770
2286 4803 5772
2287 4804 5771
2288 4809 5766
2289 4819 5756
2290 4805 5770
2291 4815 5760
2292 4811 5764
2293 4806 5769
2294 4805 5770
2295 4795 5780
2296 4772 5803
2297 4750 5825
2298 4750 5825
2299 4749 5826
2300 4764 5811
2301 4767 5808
2302 4773 5802
2303 4775 5800
2304 4778 5797
2305 4800 5775
2306 4790 5785
2307 4790 5785
2308 4789 5786
2309 4787 5788
2310 4791 5784
2311 4783 5792
2312 4777 5798
2313 4805 5770
2314 4812 5763
2315 4807 5768
2316 4802 5773
2317 4817 5758
2318 4808 5767
2319 4807 5768
2320 4818 5757
2321 4785 5790
2322 4786 5789
2323 4810 5765
2324 4801 5774
2325 4794 5781
2326 4789 5786
2327 4807 5768
2328 4789 5786
2329 4788 5787
2330 4794 5781
2331 4805 5770
2332 4815 5760
2333 4828 5747
2334 4851 5724
2335 4832 5743
2336 4826 5749
2337 4851 5724
2338 4845 5730
2339 4839 5736
2340 4857 5718
2341 4858 5717
2342 4852 5723
2343 4862 5713
2344 4872 5703
2345 4865 5710
2346 4866 5709
2347 4854 5721
2348 4867 5708
2349 4864 5711
2350 4862 5713
2351 4863 5712
2352 4868 5707
2353 4873 5702
2354 4875 5700
2355 4868 5707
2356 4876 5699
2357 4877 5698
2358 4887 5688
2359 4882 5693
2360 4851 5724
2361 4881 5694
2362 4870 5705
2363 4855 5720
2364 4839 5736
2365 4824 5751
2366 4840 5735
2367 4862 5713
2368 4866 5709
2369 4872 5703
2370 4866 5709
2371 4856 5719
2372 4847 5728
2373 4869 5706
2374 4888 5687
2375 4897 5678
2376 4892 5683
2377 4876 5699
2378 4888 5687
2379 4870 5705
2380 4866 5709
2381 4865 5710
2382 4855 5720
2383 4874 5701
2384 4871 5704
2385 4875 5700
2386 4877 5698
2387 4863 5712
2388 4889 5686
2389 4909 5666
2390 4910 5665
2391 4937 5638
2392 4916 5659
2393 4913 5662
2394 4928 5647
2395 4940 5635
2396 4928 5647
2397 4906 5669
2398 4904 5671
2399 4892 5683
2400 4893 5682
2401 4896 5679
2402 4892 5683
2403 4892 5683
2404 4930 5645
2405 4917 5658
2406 4915 5660
2407 4934 5641
2408 4922 5653
2409 4935 5640
2410 4934 5641
2411 4895 5680
2412 4890 5685
2413 4889 5686
2414 4881 5694
2415 4884 5691
2416 4883 5692
2417 4874 5701
2418 4872 5703
2419 4893 5682
2420 4896 5679
2421 4890 5685
2422 4894 5681
2423 4873 5702
2424 4887 5688
2425 4879 5696
2426 4868 5707
2427 4869 5706
2428 4874 5701
2429 4878 5697
2430 4897 5678
2431 4893 5682
2432 4886 5689
2433 4883 5692
2434 4878 5697
2435 4861 5714
2436 4875 5700
2437 4883 5692
2438 4878 5697
2439 4870 5705
2440 4874 5701
2441 4858 5717
2442 4868 5707
2443 4879 5696
2444 4895 5680
2445 4884 5691
2446 4888 5687
2447 4887 5688
2448 4902 5673
2449 4907 5668
2450 4923 5652
2451 4926 5649
2452 4931 5644
2453 4932 5643
2454 4927 5648
2455 4937 5638
2456 4954 5621
2457 4953 5622
2458 4933 5642
2459 4931 5644
2460 4913 5662
2461 4911 5664
2462 4944 5631
2463 4938 5637
2464 4942 5633
2465 4944 5631
2466 4938 5637
2467 4932 5643
2468 4943 5632
2469 4945 5630
2470 4961 5614
2471 4938 5637
2472 4923 5652
2473 4929 5646
2474 4948 5627
2475 4961 5614
2476 4944 5631
2477 4935 5640
2478 4925 5650
2479 4913 5662
2480 4911 5664
2481 4929 5646
2482 4941 5634
2483 4962 5613
2484 4962 5613
2485 4929 5646
2486 4896 5679
2487 4897 5678
2488 4905 5670
2489 4917 5658
2490 4921 5654
2491 4925 5650
2492 4909 5666
2493 4915 5660
2494 4916 5659
2495 4914 5661
2496 4925 5650
2497 4914 5661
2498 4909 5666
2499 4915 5660
2500 4906 5669
2501 4888 5687
2502 4899 5676
2503 4899 5676
2504 4880 5695
2505 4865 5710
2506 4846 5729
2507 4855 5720
2508 4855 5720
2509 4847 5728
2510 4845 5730
2511 4854 5721
2512 4865 5710
2513 4861 5714
2514 4849 5726
2515 4865 5710
2516 4857 5718
2517 4863 5712
2518 4847 5728
2519 4862 5713
2520 4856 5719
2521 4860 5715
2522 4865 5710
2523 4860 5715
2524 4859 5716
2525 4860 5715
2526 4840 5735
2527 4865 5710
2528 4870 5705
2529 4881 5694
2530 4881 5694
2531 4875 5700
2532 4891 5684
2533 4879 5696
2534 4873 5702
2535 4884 5691
2536 4876 5699
2537 4882 5693
2538 4903 5672
2539 4888 5687
2540 4899 5676
2541 4870 5705
2542 4871 5704
2543 4869 5706
2544 4885 5690
2545 4882 5693
2546 4893 5682
2547 4899 5676
2548 4884 5691
2549 4895 5680
2550 4880 5695
2551 4864 5711
2552 4854 5721
2553 4858 5717
2554 4839 5736
2555 4844 5731
2556 4851 5724
2557 4853 5722
2558 4847 5728
2559 4872 5703
2560 4874 5701
2561 4870 5705
2562 4892 5683
2563 4871 5704
2564 4877 5698
2565 4872 5703
2566 4880 5695
2567 4870 5705
2568 4873 5702
2569 4873 5702
2570 4869 5706
2571 4899 5676
2572 4884 5691
2573 4873 5702
2574 4882 5693
2575 4863 5712
2576 4860 5715
2577 4849 5726
2578 4837 5738
2579 4829 5746
2580 4826 5749
2581 4824 5751
2582 4819 5756
2583 4805 5770
2584 4816 5759
2585 4816 5759
2586 4814 5761
2587 4838 5737
2588 4845 5730
2589 4841 5734
2590 4842 5733
2591 4829 5746
2592 4824 5751
2593 4820 5755
2594 4824 5751
2595 4820 5755
2596 4819 5756
2597 4809 5766
2598 4806 5769
2599 4789 5786
2600 4789 5786
2601 4777 5798
2602 4770 5805
2603 4776 5799
2604 4782 5793
2605 4798 5777
2606 4809 5766
2607 4790 5785
2608 4781 5794
2609 4761 5814
2610 4775 5800
2611 4762 5813
2612 4785 5790
2613 4790 5785
2614 4774 5801
2615 4780 5795
2616 4792 5783
2617 4774 5801
2618 4758 5817
2619 4779 5796
2620 4773 5802
2621 4762 5813
2622 4761 5814
2623 4772 5803
2624 4797 5778
2625 4792 5783
2626 4774 5801
2627 4789 5786
2628 4761 5814
2629 4781 5794
2630 4781 5794
2631 4786 5789
2632 4768 5807
2633 4779 5796
2634 4799 5776
2635 4787 5788
2636 4805 5770
2637 4802 5773
2638 4779 5796
2639 4786 5789
2640 4791 5784
2641 4788 5787
2642 4792 5783
2643 4792 5783
2644 4792 5783
2645 4773 5802
2646 4782 5793
2647 4775 5800
2648 4775 5800
2649 4773 5802
2650 4772 5803
2651 4759 5816
2652 4758 5817
2653 4734 5841
2654 4733 5842
2655 4744 5831
2656 4738 5837
2657 4717 5858
2658 4711 5864
2659 4709 5866
2660 4709 5866
2661 4704 5871
2662 4720 5855
2663 4731 5844
2664 4727 5848
2665 4732 5843
2666 4722 5853
2667 4735 5840
2668 4711 5864
2669 4739 5836
2670 4736 5839
2671 4776 5799
2672 4748 5827
2673 4771 5804
2674 4777 5798
2675 4770 5805
2676 4787 5788
2677 4787 5788
2678 4786 5789
2679 4782 5793
2680 4781 5794
2681 4778 5797
2682 4764 5811
2683 4786 5789
2684 4790 5785
2685 4772 5803
2686 4759 5816
2687 4795 5780
2688 4792 5783
2689 4765 5810
2690 4779 5796
2691 4768 5807
2692 4786 5789
2693 4793 5782
2694 4813 5762
2695 4817 5758
2696 4822 5753
2697 4829 5746
2698 4832 5743
2699 4839 5736
2700 4841 5734
2701 4869 5706
2702 4861 5714
2703 4837 5738
2704 4833 5742
2705 4828 5747
2706 4836 5739
2707 4801 5774
2708 4792 5783
2709 4792 5783
2710 4771 5804
2711 4761 5814
2712 4767 5808
2713 4761 5814
2714 4768 5807
2715 4754 5821
2716 4760 5815
2717 4745 5830
2718 4738 5837
2719 4746 5829
2720 4750 5825
2721 4762 5813
2722 4767 5808
2723 4780 5795
2724 4793 5782
2725 4787 5788
2726 4800 5775
2727 4794 5781
2728 4762 5813
2729 4768 5807
2730 4771 5804
2731 4765 5810
2732 4782 5793
2733 4806 5769
2734 4796 5779
2735 4808 5767
2736 4811 5764
2737 4794 5781
2738 4793 5782
2739 4786 5789
2740 4797 5778
2741 4810 5765
2742 4819 5756
2743 4790 5785
2744 4783 5792
2745 4811 5764
2746 4804 5771
2747 4783 5792
2748 4790 5785
2749 4779 5796
2750 4802 5773
2751 4812 5763
2752 4805 5770
2753 4797 5778
2754 4810 5765
2755 4808 5767
2756 4800 5775
2757 4801 5774
2758 4794 5781
2759 4810 5765
2760 4817 5758
2761 4805 5770
2762 4814 5761
2763 4825 5750
2764 4831 5744
2765 4813 5762
2766 4811 5764
2767 4803 5772
2768 4814 5761
2769 4801 5774
2770 4807 5768
2771 4816 5759
2772 4822 5753
2773 4834 5741
2774 4823 5752
2775 4822 5753
2776 4817 5758
2777 4819 5756
2778 4808 5767
2779 4806 5769
2780 4787 5788
2781 4779 5796
2782 4794 5781
2783 4781 5794
2784 4784 5791
2785 4755 5820
2786 4774 5801
2787 4765 5810
2788 4775 5800
2789 4753 5822
2790 4732 5843
2791 4741 5834
2792 4755 5820
2793 4735 5840
2794 4736 5839
2795 4751 5824
2796 4738 5837
2797 4716 5859
2798 4725 5850
2799 4716 5859
2800 4754 5821
2801 4730 5845
2802 4745 5830
2803 4759 5816
2804 4769 5806
2805 4757 5818
2806 4780 5795
2807 4758 5817
2808 4758 5817
2809 4753 5822
2810 4753 5822
2811 4762 5813
2812 4771 5804
2813 4775 5800
2814 4772 5803
2815 4763 5812
2816 4748 5827
2817 4777 5798
2818 4750 5825
2819 4772 5803
2820 4780 5795
2821 4796 5779
2822 4800 5775
2823 4790 5785
2824 4786 5789
2825 4783 5792
2826 4759 5816
2827 4782 5793
2828 4773 5802
2829 4805 5770
2830 4791 5784
2831 4792 5783
2832 4791 5784
2833 4773 5802
2834 4771 5804
2835 4785 5790
2836 4784 5791
2837 4789 5786
2838 4773 5802
2839 4781 5794
2840 4762 5813
2841 4783 5792
2842 4778 5797
2843 4800 5775
2844 4806 5769
2845 4810 5765
2846 4793 5782
2847 4785 5790
2848 4803 5772
2849 4811 5764
2850 4807 5768
2851 4799 5776
2852 4819 5756
2853 4821 5754
2854 4810 5765
2855 4802 5773
2856 4782 5793
2857 4762 5813
2858 4771 5804
2859 4772 5803
2860 4775 5800
2861 4781 5794
2862 4788 5787
2863 4791 5784
2864 4778 5797
2865 4790 5785
2866 4807 5768
2867 4807 5768
2868 4820 5755
2869 4832 5743
2870 4806 5769
2871 4798 5777
2872 4788 5787
2873 4762 5813
2874 4771 5804
2875 4768 5807
2876 4772 5803
2877 4770 5805
2878 4769 5806
2879 4756 5819
2880 4749 5826
2881 4762 5813
2882 4760 5815
2883 4781 5794
2884 4779 5796
2885 4800 5775
2886 4779 5796
2887 4778 5797
2888 4779 5796
2889 4763 5812
2890 4784 5791
2891 4765 5810
2892 4770 5805
2893 4769 5806
2894 4759 5816
2895 4757 5818
2896 4760 5815
2897 4745 5830
2898 4738 5837
2899 4742 5833
2900 4737 5838
2901 4734 5841
2902 4743 5832
2903 4736 5839
2904 4744 5831
2905 4755 5820
2906 4764 5811
2907 4745 5830
2908 4747 5828
2909 4750 5825
2910 4770 5805
2911 4771 5804
2912 4761 5814
2913 4779 5796
2914 4755 5820
2915 4785 5790
2916 4773 5802
2917 4758 5817
2918 4766 5809
2919 4764 5811
2920 4765 5810
2921 4738 5837
2922 4756 5819
2923 4760 5815
2924 4734 5841
2925 4758 5817
2926 4753 5822
2927 4744 5831
2928 4754 5821
2929 4744 5831
2930 4758 5817
2931 4754 5821
2932 4742 5833
2933 4745 5830
2934 4761 5814
2935 4769 5806
2936 4755 5820
2937 4750 5825
2938 4762 5813
2939 4758 5817
2940 4757 5818
2941 4757 5818
2942 4754 5821
2943 4767 5808
2944 4749 5826
2945 4749 5826
2946 4751 5824
2947 4732 5843
2948 4735 5840
2949 4731 5844
2950 4745 5830
2951 4733 5842
2952 4734 5841
2953 4744 5831
2954 4731 5844
2955 4739 5836
2956 4733 5842
2957 4749 5826
2958 4771 5804
2959 4756 5819
2960 4743 5832
2961 4747 5828
2962 4765 5810
2963 4761 5814
2964 4756 5819
2965 4761 5814
2966 4742 5833
2967 4744 5831
2968 4730 5845
2969 4728 5847
2970 4739 5836
2971 4730 5845
2972 4729 5846
2973 4744 5831
2974 4752 5823
2975 4752 5823
2976 4748 5827
2977 4752 5823
2978 4750 5825
2979 4786 5789
2980 4747 5828
2981 4756 5819
2982 4761 5814
2983 4730 5845
2984 4727 5848
2985 4715 5860
2986 4705 5870
2987 4713 5862
2988 4705 5870
2989 4707 5868
2990 4723 5852
2991 4711 5864
2992 4707 5868
2993 4728 5847
2994 4726 5849
2995 4699 5876
2996 4702 5873
2997 4710 5865
2998 4735 5840
2999 4730 5845
3000 4743 5832
