0 1979 195 0 0 0 0 0 0 0 0 0 0 0 0 0 0
1 11641 197 197 1 0 0 0 0 0 0 0 0 0 0 0 0
2 11639 198 198 1 0 0 0 0 0 0 0 0 0 0 0 0
3 11643 196 196 1 0 0 0 0 0 0 0 0 0 0 0 0
4 11641 197 197 1 0 0 0 0 0 0 0 0 0 0 0 0
5 11645 195 195 1 0 0 0 0 0 0 0 0 0 0 0 0
6 11645 195 195 1 0 0 0 0 0 0 0 0 0 0 0 0
7 11645 195 195 1 0 0 0 0 0 0 0 0 0 0 0 0
8 11645 195 195 1 0 0 0 0 0 0 0 0 0 0 0 0
9 11647 194 194 1 0 0 0 0 0 0 0 0 0 0 0 0
10 11647 194 194 1 0 0 0 0 0 0 0 0 0 0 0 0
11 11649 193 193 1 0 0 0 0 0 0 0 0 0 0 0 0
12 11647 194 194 1 0 0 0 0 0 0 0 0 0 0 0 0
13 11655 190 190 1 0 0 0 0 0 0 0 0 0 0 0 0
14 11653 191 191 1 0 0 0 0 0 0 0 0 0 0 0 0
15 11655 190 190 1 0 0 0 0 0 0 0 0 0 0 0 0
16 11657 189 189 1 0 0 0 0 0 0 0 0 0 0 0 0
17 11649 193 193 1 0 0 0 0 0 0 0 0 0 0 0 0
18 11655 190 190 1 0 0 0 0 0 0 0 0 0 0 0 0
19 11651 192 192 1 0 0 0 0 0 0 0 0 0 0 0 0
20 11651 192 192 1 0 0 0 0 0 0 0 0 0 0 0 0
21 11651 192 192 1 0 0 0 0 0 0 0 0 0 0 0 0
22 11653 191 191 1 0 0 0 0 0 0 0 0 0 0 0 0
23 11651 192 192 1 0 0 0 0 0 0 0 0 0 0 0 0
24 11654 190 190 2 0 0 0 0 0 0 0 0 0 0 0 0
25 11652 191 191 2 0 0 0 0 0 0 0 0 0 0 0 0
26 11651 191 191 3 0 0 0 0 0 0 0 0 0 0 0 0
27 11651 191 191 3 0 0 0 0 0 0 0 0 0 0 0 0
28 11647 193 193 3 0 0 0 0 0 0 0 0 0 0 0 0
29 11649 192 192 3 0 0 0 0 0 0 0 0 0 0 0 0
30 11641 196 196 3 0 0 0 0 0 0 0 0 0 0 0 0
31 11635 199 199 3 0 0 0 0 0 0 0 0 0 0 0 0
32 11625 204 204 3 0 0 0 0 0 0 0 0 0 0 0 0
33 11625 204 204 3 0 0 0 0 0 0 0 0 0 0 0 0
34 11617 208 208 3 0 0 0 0 0 0 0 0 0 0 0 0
35 11611 211 211 3 0 0 0 0 0 0 0 0 0 0 0 0
36 11615 209 209 3 0 0 0 0 0 0 0 0 0 0 0 0
37 11617 208 208 3 0 0 0 0 0 0 0 0 0 0 0 0
38 11613 210 210 3 0 0 0 0 0 0 0 0 0 0 0 0
39 11611 210 210 5 0 0 0 0 0 0 0 0 0 0 0 0
40 11605 213 213 5 0 0 0 0 0 0 0 0 0 0 0 0
41 11603 214 214 5 0 0 0 0 0 0 0 0 0 0 0 0
42 11603 214 214 5 0 0 0 0 0 0 0 0 0 0 0 0
43 11601 215 215 5 0 0 0 0 0 0 0 0 0 0 0 0
44 11603 214 214 5 0 0 0 0 0 0 0 0 0 0 0 0
45 11590 220 220 6 0 0 0 0 0 0 0 0 0 0 0 0
46 11582 224 224 6 0 0 0 0 0 0 0 0 0 0 0 0
47 11570 230 230 6 0 0 0 0 0 0 0 0 0 0 0 0
48 11568 231 231 6 0 0 0 0 0 0 0 0 0 0 0 0
49 11557 236 236 7 0 0 0 0 0 0 0 0 0 0 0 0
50 11550 239 239 8 0 0 0 0 0 0 0 0 0 0 0 0
51 11538 244 244 10 0 0 0 0 0 0 0 0 0 0 0 0
52 11530 248 248 10 0 0 0 0 0 0 0 0 0 0 0 0
53 11512 257 257 10 0 0 0 0 0 0 0 0 0 0 0 0
54 11496 265 265 10 0 0 0 0 0 0 0 0 0 0 0 0
55 11488 269 269 10 0 0 0 0 0 0 0 0 0 0 0 0
56 11468 279 279 10 0 0 0 0 0 0 0 0 0 0 0 0
57 11453 286 286 11 0 0 0 0 0 0 0 0 0 0 0 0
58 11431 296 296 13 0 0 0 0 0 0 0 0 0 0 0 0
59 11430 296 296 14 0 0 0 0 0 0 0 0 0 0 0 0
60 11418 302 302 14 0 0 0 0 0 0 0 0 0 0 0 0
61 11405 309 309 13 0 0 0 0 0 0 0 0 0 0 0 0
62 11396 312 312 16 0 0 0 0 0 0 0 0 0 0 0 0
63 11380 320 319 15 0 0 1 0 0 0 0 1 0 0 0 0
64 11366 326 325 17 0 0 1 0 0 0 0 1 0 0 0 0
65 11343 337 336 18 0 0 1 0 0 0 0 1 0 0 0 0
66 11324 346 345 19 0 0 1 0 0 0 0 1 0 0 0 0
67 11302 357 356 19 0 0 1 0 0 0 0 1 0 0 0 0
68 11280 368 366 18 0 0 2 0 0 0 0 2 0 0 0 0
69 11278 369 367 18 0 0 2 0 0 0 0 2 0 0 0 0
70 11254 380 378 20 0 0 2 0 0 0 0 2 0 0 0 0
71 11233 390 388 21 0 0 2 0 0 0 0 2 0 0 0 0
72 11224 395 393 20 0 0 2 0 0 0 0 2 0 0 0 0
73 11203 405 403 21 0 0 2 0 0 0 0 2 0 0 0 0
74 11191 411 409 21 0 0 2 0 0 0 0 2 0 0 0 0
75 11164 424 422 22 0 0 2 0 0 0 0 2 0 0 0 0
76 11148 432 430 22 0 0 2 0 0 0 0 2 0 0 0 0
77 11132 439 437 24 0 0 2 0 0 0 0 2 0 0 0 0
78 11128 441 439 24 0 0 2 0 0 0 0 2 0 0 0 0
79 11109 450 448 25 0 0 2 0 0 0 0 2 0 0 0 0
80 11099 454 452 27 0 0 2 0 0 0 0 2 0 0 0 0
81 11090 457 455 30 0 0 2 0 0 0 0 2 0 0 0 0
82 11076 464 462 30 0 0 2 0 0 0 0 2 0 0 0 0
83 11061 472 470 29 0 0 2 0 0 0 0 2 0 0 0 0
84 11042 482 480 28 0 0 2 0 0 0 0 2 0 0 0 0
85 11014 494 492 32 0 0 2 0 0 0 0 2 0 0 0 0
86 11008 496 494 34 0 0 2 0 0 0 0 2 0 0 0 0
87 10998 501 499 34 0 0 2 0 0 0 0 2 0 0 0 0
88 10995 503 501 33 0 0 2 0 0 0 0 2 0 0 0 0
89 10986 507 505 34 0 0 2 0 0 0 0 2 0 0 0 0
90 10972 513 511 36 0 0 2 0 0 0 0 2 0 0 0 0
91 10971 514 511 34 0 0 3 0 0 0 0 3 0 0 0 0
92 10962 519 515 32 0 0 4 0 0 0 0 4 0 0 0 0
93 10952 524 520 32 0 0 4 0 0 0 0 4 0 0 0 0
94 10931 535 531 31 0 0 4 0 0 0 0 4 0 0 0 0
95 10922 539 535 32 0 0 4 0 0 0 0 4 0 0 0 0
96 10909 544 540 35 0 0 4 0 0 0 0 4 0 0 0 0
97 10898 548 543 37 0 0 5 0 0 0 0 5 0 0 0 0
98 10879 557 552 38 0 0 5 0 0 0 0 5 0 0 0 0
99 10871 560 554 39 0 0 6 0 0 0 0 6 0 0 0 0
100 10861 564 558 41 0 0 6 0 0 0 0 6 0 0 0 0
101 10854 567 561 42 0 0 6 0 0 0 0 6 0 0 0 0
102 10839 573 567 45 0 0 6 0 0 0 0 6 0 0 0 0
103 10835 574 567 46 0 0 7 0 0 0 0 7 0 0 0 0
104 10813 583 576 50 0 0 7 0 0 0 0 7 0 0 0 0
105 10804 588 581 49 0 0 7 0 0 0 0 7 0 0 0 0
106 10782 599 592 49 0 0 7 0 0 0 0 7 0 0 0 0
107 10776 601 594 51 0 0 7 0 0 0 0 7 0 0 0 0
108 10775 602 595 50 0 0 7 0 0 0 0 7 0 0 0 0
109 10756 611 604 51 0 0 7 0 0 0 0 7 0 0 0 0
110 10746 615 608 53 0 0 7 0 0 0 0 7 0 0 0 0
111 10734 621 614 53 0 0 7 0 0 0 0 7 0 0 0 0
112 10728 624 617 53 0 0 7 0 0 0 0 7 0 0 0 0
113 10728 624 617 53 0 0 7 0 0 0 0 7 0 0 0 0
114 10715 630 623 52 0 0 8 0 0 1 0 7 0 0 0 0
115 10701 636 628 53 0 0 9 0 0 1 0 8 0 0 0 0
116 10693 640 632 53 0 0 9 0 0 1 0 8 0 0 0 0
117 10676 649 641 52 0 0 9 0 0 1 0 8 0 0 0 0
118 10669 652 644 53 0 0 9 0 0 1 0 8 0 0 0 0
119 10656 658 650 54 0 0 9 0 0 1 0 8 0 0 0 0
120 10659 656 648 55 0 0 9 0 0 1 0 8 0 0 0 0
121 10665 653 645 55 0 0 9 0 0 1 0 8 0 0 0 0
122 10658 657 649 54 0 0 9 0 0 1 0 8 0 0 0 0
123 10654 659 651 54 0 0 9 0 0 1 0 8 0 0 0 0
124 10648 662 654 54 0 0 9 0 0 1 0 8 0 0 0 0
125 10634 668 660 56 0 0 9 0 0 1 0 8 0 0 0 0
126 10621 674 666 57 0 0 9 0 0 1 0 8 0 0 0 0
127 10592 687 678 59 0 0 10 0 0 1 0 9 0 0 0 0
128 10571 696 687 62 0 0 10 0 0 1 0 9 0 0 0 0
129 10564 698 689 65 0 0 10 0 0 1 0 9 0 0 0 0
130 10542 708 699 67 0 0 10 0 0 1 0 9 0 0 0 0
131 10533 713 704 66 0 0 10 0 0 1 0 9 0 0 0 0
132 10522 718 710 66 0 0 10 0 0 2 0 8 0 0 0 0
133 10508 724 716 68 0 0 10 0 0 2 0 8 0 0 0 0
134 10492 731 723 70 0 0 10 0 0 2 0 8 0 0 0 0
135 10484 735 727 70 0 0 10 0 0 2 0 8 0 0 0 0
136 10460 747 739 68 0 0 10 1 0 2 0 9 0 0 0 0
137 10438 756 748 72 0 0 10 1 0 2 0 9 0 0 0 0
138 10418 766 758 72 0 0 10 1 0 2 0 9 0 0 0 0
139 10398 776 768 72 0 0 10 1 0 2 0 9 0 0 0 0
140 10373 788 779 72 0 0 11 1 0 2 0 10 0 0 0 0
141 10355 797 787 71 0 0 12 1 0 2 0 11 0 0 0 0
142 10349 799 788 72 0 0 13 1 0 2 0 12 0 0 0 0
143 10355 796 785 72 0 0 13 1 0 2 0 12 0 0 0 0
144 10334 805 794 75 0 0 13 1 0 2 0 12 0 0 0 0
145 10314 814 804 76 0 0 13 1 0 3 0 11 0 0 0 0
146 10297 822 811 76 0 0 14 1 0 3 0 12 0 0 0 0
147 10297 822 810 75 0 0 15 1 0 3 0 13 0 0 0 0
148 10269 835 822 76 0 0 16 1 0 3 0 14 0 0 0 0
149 10254 843 830 75 0 0 16 1 0 3 0 14 0 0 0 0
150 10231 854 841 76 0 0 16 1 0 3 0 14 0 0 0 0
151 10220 860 847 75 0 0 16 1 0 3 0 14 0 0 0 0
152 10199 870 856 75 0 0 17 1 0 3 0 15 0 0 0 0
153 10187 874 859 78 0 0 18 1 0 3 0 16 0 0 0 0
154 10172 882 867 77 0 0 18 1 0 3 0 16 0 0 0 0
155 10154 888 871 82 0 0 20 0 0 3 0 17 0 0 0 1
156 10120 903 886 86 0 0 20 0 0 3 0 17 0 0 0 1
157 10097 914 897 87 0 0 20 0 0 3 0 17 0 0 0 1
158 10073 924 907 91 0 0 20 0 0 3 0 17 0 0 0 1
159 10036 941 924 94 0 0 20 0 0 3 0 17 0 0 0 1
160 10022 947 930 96 0 0 20 0 0 3 0 17 0 0 0 1
161 9995 960 941 95 0 0 22 0 0 3 0 19 0 0 0 1
162 9988 963 944 96 0 0 22 0 0 3 0 19 0 0 0 1
163 9964 974 954 97 0 0 23 0 0 3 0 20 0 0 0 1
164 9938 986 966 99 0 0 23 0 0 3 0 20 0 0 0 1
165 9907 999 979 104 0 0 23 0 0 3 0 20 0 0 0 1
166 9886 1007 988 108 0 0 23 0 0 4 0 19 0 0 0 1
167 9860 1016 997 116 0 0 23 0 0 4 0 19 0 0 0 1
168 9847 1022 1002 114 0 0 24 1 0 4 0 21 0 0 0 1
169 9817 1036 1014 114 0 0 26 1 0 4 0 23 0 0 0 1
170 9790 1047 1025 119 0 0 26 1 0 4 0 23 0 0 0 1
171 9763 1060 1037 120 0 0 27 0 0 4 0 23 0 0 0 2
172 9730 1075 1053 122 0 0 27 0 0 5 0 22 0 0 0 2
173 9711 1084 1062 123 0 0 27 0 0 5 0 22 0 0 0 2
174 9702 1087 1066 125 0 0 26 1 0 5 0 22 0 0 0 2
175 9668 1105 1084 123 0 0 26 1 0 5 0 22 0 0 0 2
176 9662 1108 1085 121 0 0 28 1 0 5 0 24 0 0 0 2
177 9626 1125 1102 123 0 0 28 1 0 5 0 24 0 0 0 2
178 9614 1131 1108 123 0 0 28 1 0 5 0 24 0 0 0 2
179 9583 1143 1120 130 0 0 28 1 0 5 0 24 0 0 0 2
180 9569 1148 1125 134 0 0 28 1 0 5 0 24 0 0 0 2
181 9560 1152 1129 135 0 0 28 1 0 5 0 24 0 0 0 2
182 9529 1165 1142 140 0 0 28 1 0 5 0 24 0 0 0 2
183 9518 1169 1145 142 0 0 29 1 0 5 0 25 0 0 0 2
184 9494 1180 1156 144 0 0 29 1 0 5 0 25 0 0 0 2
185 9470 1190 1166 148 0 0 29 1 0 5 0 25 0 0 0 2
186 9471 1190 1165 146 0 0 30 1 0 5 0 26 0 0 0 2
187 9468 1192 1167 145 0 0 30 1 0 5 0 26 0 0 0 2
188 9462 1196 1170 142 0 0 31 1 0 5 0 27 0 0 0 2
189 9452 1201 1175 142 0 0 31 1 0 5 0 27 0 0 0 2
190 9440 1207 1180 141 0 0 32 1 0 5 0 28 0 0 0 2
191 9428 1213 1185 140 0 0 33 1 0 5 0 29 0 0 0 2
192 9404 1224 1196 142 0 0 33 1 0 5 0 29 0 0 0 2
193 9390 1230 1202 142 0 0 33 2 0 5 0 30 0 0 0 2
194 9371 1237 1209 147 0 0 33 2 0 5 0 30 0 0 0 2
195 9368 1237 1209 150 0 0 33 2 0 5 0 30 0 0 0 2
196 9369 1238 1209 144 0 0 35 2 0 6 0 31 0 0 0 2
197 9348 1248 1220 144 0 0 35 2 0 7 0 30 0 0 0 2
198 9345 1248 1220 147 0 0 35 2 0 7 0 30 0 0 0 2
199 9342 1250 1222 146 0 0 35 2 0 7 0 30 0 0 0 2
200 9313 1262 1233 150 0 0 36 2 0 7 0 31 0 0 0 2
201 9302 1269 1240 147 0 0 36 2 0 7 0 31 0 0 0 2
202 9287 1274 1245 150 0 0 36 3 0 7 0 32 0 0 0 2
203 9273 1279 1250 154 0 0 36 3 0 7 0 32 0 0 0 2
204 9263 1283 1253 155 0 0 37 3 0 7 0 33 0 0 0 2
205 9252 1286 1255 159 0 0 38 3 0 7 0 34 0 0 0 2
206 9253 1284 1252 161 0 0 39 3 0 7 0 35 0 0 0 2
207 9244 1288 1255 159 0 0 40 4 0 7 0 37 0 0 0 2
208 9234 1291 1258 163 0 0 40 4 0 7 0 37 0 0 0 2
209 9231 1289 1256 166 0 0 40 6 0 7 0 39 0 0 0 2
210 9237 1286 1253 166 0 0 40 6 0 7 0 39 0 0 0 2
211 9230 1288 1255 169 0 0 40 6 0 7 0 39 0 0 0 2
212 9227 1288 1254 169 0 0 41 7 0 7 0 41 0 0 0 2
213 9219 1292 1257 168 0 0 42 7 0 7 0 42 0 0 0 2
214 9208 1297 1261 168 0 0 43 7 0 7 0 43 0 0 0 2
215 9212 1295 1258 167 0 0 44 7 0 7 0 44 0 0 0 2
216 9212 1295 1258 167 0 0 44 7 0 7 0 44 0 0 0 2
217 9207 1296 1260 169 0 0 44 7 0 8 0 43 0 0 0 2
218 9204 1296 1260 172 0 0 44 7 0 8 0 43 0 0 0 2
219 9195 1300 1264 173 0 0 44 7 0 8 0 43 0 0 0 2
220 9193 1300 1264 173 0 0 45 7 0 9 0 43 0 0 0 2
221 9196 1299 1263 172 0 0 45 7 0 9 0 43 0 0 0 2
222 9189 1303 1267 171 0 0 45 7 0 9 0 43 0 0 0 2
223 9186 1303 1268 173 0 0 45 7 0 10 0 42 0 0 0 2
224 9177 1307 1271 173 0 0 46 7 0 10 0 43 0 0 0 2
225 9192 1300 1264 172 0 0 46 7 0 10 0 43 0 0 0 2
226 9190 1301 1265 172 0 0 46 7 0 10 0 43 0 0 0 2
227 9171 1307 1271 179 0 0 46 7 0 10 0 43 0 0 0 2
228 9166 1309 1272 179 0 0 47 7 0 10 0 44 0 0 0 2
229 9168 1307 1270 181 0 0 47 7 0 10 0 44 0 0 0 2
230 9149 1316 1277 180 0 0 49 7 0 10 0 46 0 0 0 2
231 9156 1311 1272 183 0 0 49 7 0 10 0 46 0 0 0 2
232 9150 1313 1274 185 0 0 49 7 0 10 0 46 0 0 0 2
233 9134 1319 1280 189 0 0 49 7 0 10 0 46 0 0 0 2
234 9123 1325 1286 186 0 0 49 8 0 10 0 47 0 0 0 2
235 9118 1324 1285 191 0 0 50 8 0 11 0 47 0 0 0 2
236 9107 1326 1288 197 0 0 49 9 0 11 0 47 0 0 0 2
237 9103 1327 1289 197 0 0 50 9 0 12 0 47 0 0 0 2
238 9099 1329 1289 197 0 0 51 9 0 11 0 49 0 0 0 2
239 9111 1322 1281 198 0 0 52 9 0 11 0 50 0 0 0 2
240 9100 1325 1285 202 0 0 52 9 0 12 0 49 0 0 0 2
241 9093 1328 1287 203 0 0 53 8 0 12 0 49 0 0 0 3
242 9071 1339 1299 202 0 0 52 9 0 12 0 49 0 0 0 3
243 9062 1342 1302 203 0 0 52 10 0 12 0 50 0 0 0 3
244 9039 1353 1314 203 0 0 52 10 0 13 0 49 0 0 0 3
245 9040 1351 1311 205 0 0 53 10 0 13 0 50 0 0 0 3
246 9039 1352 1312 202 0 0 53 11 0 13 0 51 0 0 0 3
247 9029 1355 1316 205 0 0 53 11 0 14 0 50 0 0 0 3
248 9025 1355 1316 209 0 0 53 11 0 14 0 50 0 0 0 3
249 9019 1358 1319 209 0 0 53 11 0 14 0 50 0 0 0 3
250 9005 1366 1326 206 0 0 54 11 0 14 0 51 0 0 0 3
251 9004 1366 1325 206 0 0 55 11 0 14 0 52 0 0 0 3
252 8983 1376 1336 206 0 0 54 12 0 14 0 52 0 0 0 3
253 8971 1381 1341 208 0 0 55 11 0 15 0 51 0 0 0 3
254 8965 1385 1344 205 0 0 56 11 0 15 0 52 0 0 0 3
255 8963 1386 1344 203 0 0 57 11 0 15 0 53 0 0 0 4
256 8958 1387 1344 205 0 0 58 11 0 15 0 54 0 0 0 4
257 8941 1394 1350 205 0 0 59 12 0 15 0 56 0 0 0 4
258 8920 1403 1359 208 0 0 59 12 0 15 0 56 0 0 0 4
259 8906 1408 1363 213 0 0 60 11 0 15 0 56 0 0 0 4
260 8903 1411 1365 209 0 0 61 11 0 15 0 57 0 0 0 4
261 8901 1411 1364 210 0 0 63 10 0 16 0 57 0 0 0 4
262 8891 1416 1366 207 0 0 66 10 0 16 0 60 0 0 0 4
263 8872 1423 1373 212 0 0 66 10 0 16 0 60 0 0 0 4
264 8855 1431 1380 212 0 0 67 10 0 16 0 61 0 0 0 4
265 8832 1441 1388 213 0 0 69 10 0 16 0 63 0 0 0 4
266 8806 1452 1399 217 0 0 69 10 0 16 0 63 0 0 0 4
267 8783 1462 1407 218 0 0 71 10 0 16 0 65 0 0 0 4
268 8779 1463 1407 219 0 0 72 10 0 16 0 66 0 0 0 4
269 8762 1469 1413 224 0 0 72 10 0 16 0 66 0 0 0 4
270 8744 1476 1422 226 0 0 71 11 0 17 0 65 0 0 0 4
271 8733 1481 1427 227 0 0 71 11 0 17 0 65 0 0 0 4
272 8708 1492 1436 226 0 0 73 12 0 17 0 68 0 0 0 4
273 8703 1493 1435 227 0 0 75 12 0 17 0 70 0 0 0 4
274 8690 1498 1439 227 0 0 76 13 0 17 0 72 0 0 0 4
275 8672 1507 1446 224 0 0 78 13 0 17 0 74 0 0 0 5
276 8663 1512 1451 221 0 0 78 14 0 17 0 75 0 0 0 5
277 8655 1515 1453 222 0 0 79 14 0 17 0 76 0 0 0 5
278 8657 1517 1454 215 0 0 80 14 0 17 0 77 0 0 0 5
279 8643 1525 1461 212 0 0 80 15 0 16 0 79 0 0 0 5
280 8627 1534 1470 208 0 0 80 16 0 16 0 80 0 0 0 5
281 8614 1539 1475 211 0 0 80 16 0 16 0 80 0 0 0 5
282 8591 1547 1484 217 0 0 80 16 0 17 0 79 0 0 0 5
283 8573 1556 1493 217 0 0 80 16 0 17 0 79 0 0 0 5
284 8574 1555 1489 214 0 0 83 16 0 17 0 82 0 0 0 6
285 8559 1560 1493 216 0 0 85 16 0 18 0 83 0 0 0 6
286 8548 1564 1495 218 0 0 87 15 0 18 0 84 0 0 0 7
287 8538 1569 1498 216 0 0 89 15 0 18 0 86 0 0 0 7
288 8533 1569 1497 215 0 0 91 16 0 19 0 88 0 0 0 8
289 8521 1574 1501 215 0 0 92 16 0 19 0 89 0 0 0 9
290 8521 1572 1497 218 0 0 94 15 0 19 0 90 0 0 0 10
291 8513 1574 1498 221 0 0 95 15 0 19 0 91 0 0 0 10
292 8510 1575 1497 218 0 0 97 16 0 19 0 94 0 0 0 10
293 8503 1578 1500 219 0 0 97 16 0 19 0 94 0 0 0 10
294 8497 1579 1501 221 0 0 98 16 0 20 0 94 0 0 0 10
295 8487 1582 1504 223 0 0 99 16 0 21 0 94 0 0 0 10
296 8477 1584 1506 229 0 0 99 16 0 21 0 94 0 0 0 10
297 8471 1587 1506 228 0 0 102 15 0 21 0 96 0 0 0 10
298 8475 1584 1503 228 0 0 102 16 0 21 0 97 0 0 0 10
299 8465 1586 1506 233 0 0 102 16 0 22 0 96 0 0 0 10
300 8472 1582 1500 233 0 0 104 15 0 22 0 97 0 0 0 11
301 8464 1585 1500 232 0 0 107 15 0 22 0 100 0 0 0 11
302 8464 1584 1500 233 0 0 107 15 0 23 0 99 0 0 0 11
303 8470 1582 1498 231 0 0 107 15 0 23 0 99 0 0 0 11
304 8465 1584 1499 228 0 0 109 15 0 24 0 100 0 0 0 12
305 8452 1588 1503 231 0 0 110 15 0 25 0 100 0 0 0 12
306 8445 1588 1503 238 0 0 110 15 0 25 0 100 0 0 0 12
307 8447 1585 1500 240 0 0 111 15 0 26 0 100 0 0 0 12
308 8452 1581 1497 242 0 0 111 15 0 27 0 99 0 0 0 12
309 8425 1596 1512 238 0 0 112 14 0 28 0 98 0 0 0 13
310 8407 1604 1521 239 0 0 111 15 0 28 0 98 0 0 0 13
311 8403 1606 1522 240 0 0 111 15 0 27 0 99 0 0 0 13
312 8394 1611 1525 237 0 0 113 15 0 27 0 101 0 0 0 13
313 8390 1612 1524 237 0 0 115 15 0 27 0 103 0 0 0 13
314 8380 1613 1525 245 0 0 115 15 0 27 0 103 0 0 0 13
315 8372 1613 1526 252 0 0 115 15 0 28 0 102 0 0 0 13
316 8360 1618 1530 253 0 0 116 15 0 28 0 103 0 0 0 13
317 8360 1617 1529 251 0 0 118 15 0 30 0 103 0 0 0 13
318 8363 1613 1525 255 0 0 119 14 0 31 0 102 0 0 0 14
319 8347 1621 1534 250 0 0 120 15 0 33 0 102 0 0 0 14
320 8360 1616 1528 246 0 0 121 15 0 33 0 103 0 0 0 14
321 8356 1615 1528 251 0 0 121 15 0 34 0 102 0 0 0 14
322 8360 1611 1525 254 0 0 121 15 0 35 0 101 0 0 0 14
323 8347 1616 1531 254 0 0 122 15 0 37 0 100 0 0 0 14
324 8345 1617 1532 254 0 0 122 15 0 37 0 100 0 0 0 14
325 8347 1615 1529 257 0 0 123 14 0 37 0 100 0 0 0 14
326 8335 1619 1533 261 0 0 123 14 0 37 0 100 0 0 0 14
327 8323 1624 1536 261 0 0 125 14 0 37 0 102 0 0 0 14
328 8318 1627 1540 257 0 0 125 15 0 38 0 102 0 0 0 14
329 8312 1629 1542 257 0 0 126 15 0 39 0 102 0 0 0 14
330 8313 1630 1543 254 0 0 127 14 0 40 0 101 0 0 0 14
331 8304 1633 1546 257 0 0 128 13 0 41 0 100 0 0 0 14
332 8290 1638 1552 258 0 0 128 14 0 42 0 100 0 0 0 14
333 8295 1634 1549 258 0 0 129 14 0 44 0 99 0 0 0 14
334 8280 1640 1555 261 0 0 129 14 0 44 0 99 0 0 0 14
335 8276 1640 1556 263 0 0 128 15 0 44 0 99 0 0 0 15
336 8260 1650 1566 259 0 0 128 15 0 44 0 99 0 0 0 15
337 8257 1650 1564 260 0 0 130 15 0 44 0 101 0 0 0 15
338 8247 1654 1570 260 0 0 129 16 0 45 0 100 0 0 0 15
339 8235 1660 1575 257 0 0 131 16 0 46 0 101 0 0 0 15
340 8228 1662 1577 260 0 0 131 16 0 46 0 101 0 0 0 15
341 8222 1663 1578 264 0 0 131 16 0 46 0 101 0 0 0 15
342 8220 1664 1578 265 0 0 131 16 0 45 0 102 0 0 0 15
343 8211 1666 1581 269 0 0 131 16 0 46 0 101 0 0 0 15
344 8209 1666 1579 265 0 0 133 18 0 46 0 105 0 0 0 15
345 8196 1672 1583 264 0 0 135 18 0 46 0 107 0 0 0 15
346 8192 1671 1582 268 0 0 136 18 0 47 0 107 0 0 0 15
347 8176 1676 1585 273 0 0 138 17 0 47 0 108 0 0 0 16
348 8174 1677 1586 273 0 0 138 17 0 47 0 108 0 0 0 16
349 8161 1683 1590 272 0 0 140 17 0 47 0 110 0 0 0 16
350 8145 1690 1597 270 0 0 141 18 0 48 0 111 0 0 0 16
351 8126 1698 1606 270 0 0 142 18 0 50 0 110 0 0 0 16
352 8083 1716 1625 276 0 0 141 19 0 50 0 110 0 0 0 16
353 8072 1721 1628 275 0 0 143 19 0 50 0 112 0 0 0 16
354 8065 1724 1631 276 0 0 143 19 0 50 0 112 0 0 0 16
355 8056 1728 1634 276 0 0 144 19 0 50 0 113 0 0 0 16
356 8033 1738 1644 279 0 0 144 19 0 50 0 113 0 0 0 16
357 8031 1739 1645 279 0 0 144 19 0 50 0 113 0 0 0 16
358 8011 1748 1654 279 0 0 144 20 0 50 0 114 0 0 0 16
359 7994 1754 1658 282 0 0 146 20 0 50 0 116 0 0 0 16
360 7993 1753 1656 284 0 0 146 21 0 49 0 118 0 0 0 16
361 7977 1760 1663 282 0 0 147 22 0 50 0 119 0 0 0 16
362 7962 1765 1665 286 0 0 150 21 0 50 0 121 0 0 0 16
363 7963 1763 1658 287 0 0 155 19 0 50 0 124 0 0 0 17
364 7947 1769 1662 290 0 0 157 18 0 50 0 125 0 0 0 18
365 7947 1767 1657 291 0 0 160 18 0 50 0 128 0 0 0 18
366 7939 1769 1659 289 0 0 163 18 0 53 0 128 0 0 0 18
367 7938 1768 1657 291 0 0 164 18 0 53 0 129 0 0 0 18
368 7936 1767 1657 292 0 0 164 19 0 54 0 129 0 0 0 18
369 7923 1773 1662 292 0 0 165 19 0 54 0 130 0 0 0 18
370 7925 1772 1660 291 0 0 166 19 0 54 0 131 0 0 0 18
371 7911 1777 1665 295 0 0 166 19 0 54 0 131 0 0 0 18
372 7917 1774 1661 294 0 0 167 19 0 54 0 132 0 0 0 18
373 7905 1778 1664 297 0 0 168 19 0 54 0 133 0 0 0 18
374 7912 1775 1661 294 0 0 169 18 0 55 0 132 0 0 0 20
375 7915 1772 1658 297 0 0 169 18 0 55 0 132 0 0 0 20
376 7908 1771 1657 304 0 0 169 19 0 55 0 133 0 0 0 20
377 7888 1779 1665 304 0 0 170 20 0 56 0 134 0 0 0 20
378 7881 1781 1666 306 0 0 171 20 0 56 0 135 0 0 0 20
379 7885 1779 1663 303 0 0 173 20 0 57 0 136 0 0 0 20
380 7872 1784 1667 304 0 0 174 20 0 57 0 137 0 0 0 21
381 7858 1789 1668 304 0 0 178 20 0 57 0 141 0 0 0 21
382 7851 1790 1670 306 0 0 178 21 0 58 0 141 0 0 0 21
383 7849 1790 1669 307 0 0 179 21 0 58 0 142 0 0 0 21
384 7845 1791 1670 307 0 0 180 21 0 59 0 142 0 0 0 21
385 7851 1789 1669 304 0 0 179 22 0 59 0 142 0 0 0 21
386 7854 1786 1667 306 0 0 179 22 0 60 0 141 0 0 0 21
387 7868 1780 1657 298 0 0 183 23 0 60 0 146 0 0 0 21
388 7862 1782 1658 301 0 0 184 22 0 60 0 146 0 0 0 21
389 7862 1782 1658 301 0 0 184 22 0 60 0 146 0 0 0 21
390 7856 1781 1657 307 0 0 185 22 0 61 0 146 0 0 0 21
391 7850 1781 1658 310 0 0 186 22 0 63 0 145 0 0 0 21
392 7835 1786 1662 313 0 0 188 21 0 64 0 145 0 0 0 22
393 7829 1785 1661 318 0 0 189 21 0 65 0 145 0 0 0 23
394 7826 1787 1663 317 0 0 189 21 0 65 0 145 0 0 0 23
395 7821 1788 1665 315 0 0 188 24 0 65 0 147 0 0 0 23
396 7832 1783 1662 312 0 0 187 25 0 66 0 146 0 0 0 23
397 7839 1776 1656 316 0 0 188 25 0 68 0 145 0 0 0 23
398 7836 1773 1658 316 0 0 186 29 0 71 0 144 0 0 0 23
399 7824 1777 1662 320 0 0 186 29 0 71 0 144 0 0 0 23
400 7844 1770 1655 312 0 0 186 30 0 71 0 145 0 0 0 23
401 7838 1769 1652 316 0 0 188 31 0 71 0 148 0 0 0 23
402 7826 1772 1656 321 0 0 188 31 0 72 0 147 0 0 0 23
403 7827 1769 1651 323 0 0 190 31 0 72 0 149 0 0 0 24
404 7826 1770 1652 322 0 0 190 31 0 72 0 149 0 0 0 24
405 7822 1770 1653 323 0 0 190 32 0 73 0 149 0 0 0 24
406 7818 1771 1651 322 0 0 193 32 0 73 0 152 0 0 0 24
407 7820 1775 1654 309 0 0 194 33 0 73 0 154 0 0 0 24
408 7820 1774 1652 308 0 0 196 33 0 74 0 155 0 0 0 24
409 7804 1781 1658 309 0 0 197 33 0 74 0 156 0 0 0 24
410 7804 1778 1654 312 0 0 199 33 0 75 0 157 0 0 0 24
411 7813 1774 1649 308 0 0 200 34 0 75 0 159 0 0 0 24
412 7825 1768 1643 306 0 0 200 35 0 75 0 160 0 0 0 24
413 7824 1767 1644 304 0 0 201 35 0 78 0 158 0 0 0 25
414 7819 1765 1643 310 0 0 201 36 0 79 0 158 0 0 0 25
415 7824 1761 1638 310 0 0 202 37 0 79 0 160 0 0 0 25
416 7829 1755 1634 314 0 0 202 37 0 81 0 158 0 0 0 26
417 7827 1755 1635 315 0 0 202 37 0 82 0 157 0 0 0 26
418 7837 1751 1632 312 0 0 202 37 0 83 0 156 0 0 0 26
419 7849 1747 1631 305 0 0 202 37 0 86 0 153 0 0 0 26
420 7851 1742 1627 310 0 0 202 38 0 87 0 153 0 0 0 26
421 7862 1736 1619 310 0 0 203 37 0 86 0 154 0 0 0 29
422 7859 1736 1620 310 0 0 202 39 0 86 0 155 0 0 0 29
423 7864 1732 1616 311 0 0 204 38 0 88 0 154 0 0 0 29
424 7863 1730 1616 313 0 0 203 39 0 89 0 153 0 0 0 30
425 7850 1735 1624 313 0 0 202 40 0 91 0 151 0 0 0 30
426 7856 1728 1615 316 0 0 205 40 0 92 0 153 0 0 0 31
427 7840 1734 1621 318 0 0 205 41 0 92 0 154 0 0 0 31
428 7840 1734 1621 318 0 0 205 41 0 92 0 154 0 0 0 31
429 7850 1730 1617 312 0 0 207 41 0 94 0 154 0 0 0 31
430 7836 1735 1622 310 0 0 209 42 0 96 0 155 0 0 0 31
431 7835 1736 1624 308 0 0 209 42 0 97 0 154 0 0 0 31
432 7823 1742 1629 307 0 0 210 42 0 97 0 155 0 0 0 31
433 7815 1746 1634 303 0 0 210 43 0 98 0 155 0 0 0 32
434 7806 1750 1636 305 0 0 212 41 0 98 0 155 0 0 0 33
435 7797 1750 1639 307 0 0 211 44 0 100 0 155 0 0 0 33
436 7775 1756 1647 315 0 0 209 46 0 100 0 155 0 0 0 33
437 7761 1762 1652 317 0 0 210 45 0 100 0 155 0 0 0 34
438 7760 1762 1650 316 0 0 212 44 0 100 0 156 0 0 0 36
439 7751 1765 1653 319 0 0 212 44 0 100 0 156 0 0 0 36
440 7743 1766 1655 322 0 0 211 46 0 100 0 157 0 0 0 36
441 7749 1763 1651 319 0 0 212 47 0 100 0 159 0 0 0 36
442 7749 1759 1646 324 0 0 214 47 0 101 0 160 0 0 0 36
443 7729 1765 1651 332 0 0 215 46 0 101 0 160 0 0 0 37
444 7720 1768 1653 336 0 0 215 46 0 100 0 161 0 0 0 37
445 7716 1769 1652 335 0 0 217 46 0 100 0 163 0 0 0 38
446 7712 1772 1654 332 0 0 218 46 0 100 0 164 0 0 0 38
447 7710 1777 1659 324 0 0 218 46 0 100 0 164 0 0 0 38
448 7701 1780 1661 326 0 0 219 46 0 100 0 165 0 0 0 38
449 7685 1786 1669 328 0 0 219 46 0 102 0 163 0 0 0 38
450 7674 1793 1673 324 0 0 222 45 0 102 0 165 0 0 0 38
451 7661 1798 1678 325 0 0 222 46 0 102 0 166 0 0 0 38
452 7649 1800 1678 329 0 0 225 46 0 103 0 168 0 0 0 38
453 7647 1800 1674 330 0 0 229 43 0 103 0 169 0 0 0 41
454 7640 1802 1677 332 0 0 228 44 0 103 0 169 0 0 0 41
455 7627 1806 1683 331 0 0 227 47 0 104 0 170 0 0 0 41
456 7606 1814 1689 332 0 0 229 48 0 104 0 173 0 0 0 41
457 7580 1824 1697 338 0 0 230 48 0 103 0 175 0 0 0 41
458 7559 1832 1701 337 0 0 235 47 0 104 0 178 0 0 0 43
459 7530 1840 1709 345 0 0 236 47 0 105 0 178 0 0 0 46
460 7521 1842 1712 349 0 0 236 47 0 106 0 177 0 0 0 46
461 7514 1843 1714 350 0 0 236 48 0 107 0 177 0 0 0 47
462 7500 1850 1720 349 0 0 237 48 0 107 0 178 0 0 0 47
463 7497 1846 1718 354 0 0 237 50 0 109 0 178 0 0 0 47
464 7483 1853 1724 351 0 0 238 51 0 109 0 180 0 0 0 47
465 7462 1860 1730 353 0 0 240 52 0 110 0 182 0 0 0 47
466 7451 1864 1734 353 0 0 241 52 0 111 0 182 0 0 0 48
467 7451 1863 1731 351 0 0 244 52 0 112 0 184 0 0 0 48
468 7440 1869 1735 349 0 0 246 51 0 112 0 185 0 0 0 49
469 7441 1868 1732 349 0 0 248 50 0 112 0 186 0 0 0 50
470 7424 1874 1735 349 0 0 252 49 0 113 0 188 0 0 0 52
471 7409 1877 1740 352 0 0 253 50 0 116 0 187 0 0 0 52
472 7403 1877 1740 358 0 0 255 48 0 118 0 185 0 0 0 52
473 7377 1885 1749 365 0 0 255 49 0 119 0 185 0 0 0 52
474 7369 1887 1752 366 0 0 255 50 0 120 0 185 0 0 0 52
475 7346 1895 1761 372 0 0 255 50 0 121 0 184 0 0 0 52
476 7337 1898 1762 371 0 0 258 50 0 122 0 186 0 0 0 52
477 7320 1906 1770 370 0 0 258 51 0 122 0 187 0 0 0 52
478 7317 1910 1772 360 0 0 260 52 0 122 0 190 0 0 0 53
479 7310 1912 1777 360 0 0 260 52 0 125 0 187 0 0 0 53
480 7295 1915 1781 366 0 0 260 53 0 126 0 187 0 0 0 53
481 7304 1910 1776 367 0 0 260 53 0 126 0 187 0 0 0 53
482 7295 1914 1777 366 0 0 263 52 0 126 0 189 0 0 0 54
483 7292 1916 1778 362 0 0 265 52 0 127 0 190 0 0 0 54
484 7289 1917 1780 358 0 0 265 54 0 128 0 191 0 0 0 54
485 7288 1915 1776 361 0 0 267 54 0 128 0 193 0 0 0 54
486 7271 1922 1783 362 0 0 267 55 0 128 0 194 0 0 0 54
487 7274 1919 1778 363 0 0 269 55 0 128 0 196 0 0 0 54
488 7262 1923 1782 365 0 0 270 55 0 129 0 196 0 0 0 54
489 7256 1923 1781 368 0 0 271 55 0 129 0 197 0 0 0 56
490 7259 1922 1777 362 0 0 274 56 0 129 0 201 0 0 0 56
491 7265 1915 1770 364 0 0 275 58 0 130 0 203 0 0 0 56
492 7257 1918 1769 362 0 0 279 58 0 130 0 207 0 0 0 56
493 7230 1930 1777 360 0 0 283 58 0 130 0 211 0 0 0 57
494 7235 1925 1773 363 0 0 283 58 0 131 0 210 0 0 0 58
495 7222 1929 1779 366 0 0 282 59 0 132 0 209 0 0 0 58
496 7219 1929 1778 368 0 0 283 59 0 132 0 210 0 0 0 58
497 7216 1929 1778 371 0 0 283 59 0 132 0 210 0 0 0 58
498 7219 1928 1773 369 0 0 287 57 0 132 0 212 0 0 0 59
499 7207 1932 1778 370 0 0 288 57 0 134 0 211 0 0 0 59
500 7212 1929 1776 366 0 0 289 58 0 136 0 211 0 0 0 59
501 7202 1931 1775 370 0 0 292 57 0 136 0 213 0 0 0 60
502 7198 1931 1776 371 0 0 292 58 0 137 0 213 0 0 0 60
503 7217 1920 1768 371 0 0 292 58 0 140 0 210 0 0 0 60
504 7216 1918 1765 371 0 0 295 58 0 142 0 211 0 0 0 60
505 7207 1923 1772 368 0 0 295 58 0 144 0 209 0 0 0 60
506 7216 1914 1762 372 0 0 297 59 0 145 0 211 0 0 0 60
507 7206 1921 1769 366 0 0 297 60 0 145 0 212 0 0 0 60
508 7210 1921 1769 362 0 0 297 60 0 145 0 212 0 0 0 60
509 7210 1921 1767 363 0 0 300 57 0 146 0 211 0 0 0 61
510 7218 1914 1762 363 0 0 300 59 0 148 0 211 0 0 0 61
511 7209 1919 1765 362 0 0 302 58 0 148 0 212 0 0 0 61
512 7210 1917 1759 363 0 0 306 57 0 148 0 215 0 0 0 61
513 7209 1915 1757 364 0 0 307 58 0 149 0 216 0 0 0 61
514 7196 1923 1766 358 0 0 307 59 0 150 0 216 0 0 0 61
515 7197 1918 1765 361 0 0 307 59 0 154 0 212 0 0 0 63
516 7191 1917 1765 366 0 0 307 60 0 155 0 212 0 0 0 63
517 7192 1918 1766 363 0 0 307 60 0 155 0 212 0 0 0 63
518 7194 1916 1764 365 0 0 306 61 0 154 0 213 0 0 0 63
519 7205 1909 1755 362 0 0 308 63 0 154 0 217 0 0 0 63
520 7206 1906 1751 363 0 0 309 64 0 154 0 219 0 0 0 64
521 7225 1896 1741 359 0 0 313 62 0 158 0 217 0 0 0 65
522 7221 1896 1741 359 0 0 315 62 0 160 0 217 0 0 0 65
523 7227 1891 1739 360 0 0 312 65 0 160 0 217 0 0 0 65
524 7221 1891 1739 361 0 0 313 66 0 161 0 218 0 0 0 66
525 7212 1896 1743 361 0 0 313 66 0 160 0 219 0 0 0 66
526 7204 1902 1748 358 0 0 314 65 0 160 0 219 0 0 0 66
527 7210 1900 1745 355 0 0 316 64 0 161 0 219 0 0 0 66
528 7206 1902 1749 353 0 0 316 64 0 163 0 217 0 0 0 66
529 7205 1903 1749 351 0 0 317 64 0 163 0 218 0 0 0 66
530 7207 1901 1748 352 0 0 316 65 0 163 0 218 0 0 0 66
531 7208 1899 1747 354 0 0 315 66 0 163 0 218 0 0 0 66
532 7215 1895 1743 353 0 0 316 66 0 164 0 218 0 0 0 66
533 7212 1894 1742 356 0 0 317 66 0 165 0 218 0 0 0 66
534 7217 1892 1744 349 0 0 318 66 0 170 0 214 0 0 0 66
535 7222 1889 1740 349 0 0 320 65 0 171 0 214 0 0 0 66
536 7224 1885 1737 350 0 0 319 68 0 171 0 216 0 0 0 66
537 7239 1876 1729 352 0 0 319 68 0 172 0 215 0 0 0 66
538 7234 1876 1728 356 0 0 320 68 0 172 0 216 0 0 0 66
539 7237 1872 1727 354 0 0 319 71 0 174 0 216 0 0 0 66
540 7243 1868 1721 357 0 0 321 69 0 174 0 216 0 0 0 67
541 7242 1865 1720 360 0 0 322 69 0 177 0 214 0 0 0 67
542 7246 1864 1717 356 0 0 323 70 0 176 0 217 0 0 0 67
543 7250 1863 1716 352 0 0 324 70 0 177 0 217 0 0 0 67
544 7265 1857 1711 346 0 0 324 71 0 178 0 217 0 0 0 67
545 7273 1851 1704 349 0 0 325 71 0 178 0 218 0 0 0 67
546 7274 1851 1702 348 0 0 324 73 0 175 0 222 0 0 0 67
547 7268 1853 1705 347 0 0 323 75 0 175 0 223 0 0 0 67
548 7268 1854 1704 345 0 0 325 74 0 175 0 224 0 0 0 67
549 7270 1854 1705 342 0 0 325 74 0 176 0 223 0 0 0 67
550 7277 1850 1703 341 0 0 325 74 0 178 0 221 0 0 0 67
551 7273 1851 1704 339 0 0 326 75 0 179 0 222 0 0 0 67
552 7273 1848 1704 341 0 0 327 74 0 183 0 218 0 0 0 68
553 7278 1844 1702 342 0 0 327 74 0 185 0 216 0 0 0 68
554 7290 1837 1698 340 0 0 327 74 0 188 0 213 0 0 0 69
555 7295 1835 1695 338 0 0 329 73 0 189 0 213 0 0 0 69
556 7297 1833 1696 337 0 0 329 73 0 192 0 210 0 0 0 69
557 7303 1831 1695 334 0 0 328 74 0 192 0 210 0 0 0 69
558 7318 1825 1689 331 0 0 328 74 0 192 0 210 0 0 0 69
559 7310 1830 1696 327 0 0 328 74 0 194 0 208 0 0 0 69
560 7303 1831 1697 332 0 0 328 74 0 194 0 208 0 0 0 69
561 7311 1828 1694 330 0 0 328 74 0 194 0 208 0 0 0 69
562 7320 1825 1689 327 0 0 329 74 0 193 0 210 0 0 0 69
563 7317 1823 1687 330 0 0 331 74 0 195 0 210 0 0 0 69
564 7318 1822 1686 330 0 0 330 75 0 194 0 211 0 0 0 70
565 7324 1818 1681 333 0 0 332 73 0 195 0 210 0 0 0 70
566 7326 1818 1682 328 0 0 331 75 0 195 0 211 0 0 0 70
567 7329 1814 1680 331 0 0 331 75 0 197 0 209 0 0 0 70
568 7328 1814 1680 330 0 0 331 76 0 197 0 210 0 0 0 70
569 7334 1809 1677 330 0 0 330 78 0 198 0 210 0 0 0 70
570 7343 1801 1673 333 0 0 329 79 0 201 0 207 0 0 0 70
571 7350 1798 1669 330 0 0 331 78 0 202 0 207 0 0 0 71
572 7354 1797 1668 327 0 0 333 76 0 204 0 205 0 0 0 72
573 7358 1794 1664 330 0 0 334 75 0 204 0 205 0 0 0 72
574 7358 1794 1661 329 0 0 338 73 0 205 0 206 0 0 0 72
575 7358 1794 1662 328 0 0 338 73 0 206 0 205 0 0 0 72
576 7362 1790 1661 329 0 0 337 74 0 208 0 203 0 0 0 72
577 7364 1788 1658 331 0 0 338 73 0 208 0 203 0 0 0 73
578 7366 1786 1656 333 0 0 338 73 0 208 0 203 0 0 0 73
579 7356 1790 1662 331 0 0 337 74 0 209 0 202 0 0 0 75
580 7370 1785 1655 328 0 0 339 72 0 209 0 202 0 0 0 76
581 7382 1777 1647 328 0 0 340 73 0 210 0 203 0 0 0 76
582 7402 1766 1636 330 0 0 340 73 0 210 0 203 0 0 0 76
583 7406 1763 1635 330 0 0 339 74 0 211 0 202 0 0 0 76
584 7409 1759 1632 334 0 0 340 73 0 213 0 200 0 0 0 76
585 7411 1760 1635 328 0 0 338 75 0 213 0 200 0 0 0 76
586 7414 1757 1632 331 0 0 338 75 0 213 0 200 0 0 0 76
587 7400 1761 1640 333 0 0 339 74 0 218 0 195 0 0 0 76
588 7401 1759 1637 335 0 0 341 73 0 219 0 195 0 0 0 76
589 7408 1756 1634 332 0 0 342 73 0 220 0 195 0 0 0 76
590 7413 1754 1629 330 0 0 345 72 0 220 0 197 0 0 0 76
591 7413 1754 1627 328 0 0 348 71 0 221 0 198 0 0 0 76
592 7415 1754 1627 326 0 0 348 71 0 221 0 198 0 0 0 76
593 7428 1744 1616 332 0 0 350 70 0 222 0 198 0 0 0 76
594 7431 1743 1615 327 0 0 352 70 0 224 0 198 0 0 0 76
595 7445 1734 1608 329 0 0 352 70 0 226 0 196 0 0 0 76
596 7446 1734 1607 327 0 0 354 69 0 227 0 196 0 0 0 76
597 7455 1731 1605 321 0 0 354 70 0 228 0 196 0 0 0 76
598 7464 1728 1603 317 0 0 354 69 0 229 0 194 0 0 0 78
599 7471 1721 1595 321 0 0 355 70 0 229 0 196 0 0 0 78
600 7478 1714 1591 325 0 0 355 70 0 232 0 193 0 0 0 78
601 7478 1711 1591 328 0 0 354 71 0 234 0 191 0 0 0 78
602 7468 1716 1597 327 0 0 354 71 0 235 0 190 0 0 0 78
603 7468 1713 1596 331 0 0 353 72 0 236 0 189 0 0 0 78
604 7488 1703 1587 330 0 0 353 72 0 237 0 188 0 0 0 78
605 7498 1696 1581 333 0 0 353 72 0 238 0 187 0 0 0 78
606 7510 1689 1578 331 0 0 352 73 0 241 0 184 0 0 0 78
607 7528 1679 1568 333 0 0 352 73 0 241 0 184 0 0 0 78
608 7516 1684 1571 334 0 0 353 73 0 240 0 186 0 0 0 79
609 7515 1683 1571 334 0 0 352 75 0 240 0 187 0 0 0 79
610 7531 1677 1564 331 0 0 354 73 0 241 0 186 0 0 0 79
611 7534 1675 1562 331 0 0 355 72 0 242 0 185 0 0 0 80
612 7542 1671 1560 329 0 0 354 73 0 243 0 184 0 0 0 80
613 7541 1671 1560 330 0 0 354 73 0 243 0 184 0 0 0 80
614 7536 1674 1561 329 0 0 356 72 0 243 0 185 0 0 0 80
615 7552 1667 1554 327 0 0 356 72 0 243 0 185 0 0 0 80
616 7552 1667 1556 323 0 0 357 72 0 246 0 183 0 0 0 80
617 7552 1665 1555 326 0 0 357 72 0 247 0 182 0 0 0 80
618 7541 1671 1560 322 0 0 359 72 0 248 0 183 0 0 0 80
619 7545 1669 1559 321 0 0 359 72 0 249 0 182 0 0 0 80
620 7548 1670 1559 315 0 0 360 72 0 249 0 183 0 0 0 80
621 7550 1671 1557 314 0 0 361 71 0 247 0 185 0 0 0 80
622 7558 1666 1552 316 0 0 359 73 0 245 0 187 0 0 0 80
623 7565 1663 1551 313 0 0 360 72 0 248 0 184 0 0 0 80
624 7569 1661 1550 311 0 0 359 73 0 248 0 184 0 0 0 81
625 7572 1658 1549 312 0 0 359 73 0 250 0 182 0 0 0 81
626 7573 1654 1547 317 0 0 359 73 0 252 0 180 0 0 0 81
627 7579 1649 1542 321 0 0 359 73 0 252 0 180 0 0 0 81
628 7581 1647 1543 318 0 0 360 73 0 256 0 177 0 0 0 81
629 7587 1643 1540 319 0 0 360 73 0 257 0 176 0 0 0 81
630 7591 1640 1537 320 0 0 360 73 0 257 0 176 0 0 0 82
631 7590 1640 1535 323 0 0 362 71 0 257 0 176 0 0 0 82
632 7603 1634 1529 321 0 0 363 70 0 258 0 175 0 0 0 83
633 7606 1633 1528 320 0 0 363 70 0 258 0 175 0 0 0 83
634 7605 1634 1527 321 0 0 365 68 0 258 0 175 0 0 0 83
635 7606 1633 1527 321 0 0 365 68 0 259 0 174 0 0 0 83
636 7611 1633 1527 314 0 0 366 68 0 260 0 174 0 0 0 83
637 7613 1631 1525 311 0 0 368 68 0 262 0 174 0 0 0 84
638 7608 1632 1528 312 0 0 368 68 0 264 0 172 0 0 0 84
639 7620 1625 1520 311 0 0 370 68 0 265 0 173 0 0 0 84
640 7615 1627 1524 310 0 0 369 69 0 266 0 172 0 0 0 84
641 7625 1623 1519 309 0 0 369 69 0 265 0 173 0 0 0 84
642 7643 1615 1508 307 0 0 373 66 0 266 0 173 0 0 0 85
643 7626 1622 1513 311 0 0 376 63 0 267 0 172 0 0 0 86
644 7619 1625 1515 313 0 0 376 63 0 266 0 173 0 0 0 86
645 7629 1622 1511 306 0 0 378 63 0 267 0 174 0 0 0 86
646 7625 1626 1516 301 0 0 377 64 0 267 0 174 0 0 0 86
647 7636 1620 1512 300 0 0 378 63 0 270 0 171 0 0 0 86
648 7657 1611 1502 298 0 0 379 62 0 270 0 171 0 0 0 86
649 7650 1614 1506 296 0 0 380 62 0 272 0 170 0 0 0 86
650 7672 1605 1496 291 0 0 380 63 0 271 0 172 0 0 0 86
651 7679 1600 1493 292 0 0 379 64 0 272 0 171 0 0 0 86
652 7681 1599 1492 292 0 0 379 64 0 272 0 171 0 0 0 86
653 7679 1598 1491 296 0 0 379 64 0 272 0 171 0 0 0 86
654 7696 1591 1484 293 0 0 380 63 0 273 0 170 0 0 0 86
655 7695 1592 1484 293 0 0 381 62 0 273 0 170 0 0 0 86
656 7698 1589 1482 295 0 0 381 62 0 274 0 169 0 0 0 86
657 7696 1589 1482 297 0 0 381 62 0 274 0 169 0 0 0 86
658 7702 1589 1483 288 0 0 381 63 0 275 0 169 0 0 0 86
659 7723 1577 1472 289 0 0 382 62 0 277 0 167 0 0 0 87
660 7716 1579 1475 291 0 0 381 63 0 277 0 167 0 0 0 87
661 7723 1575 1470 291 0 0 382 63 0 277 0 168 0 0 0 87
662 7745 1563 1462 289 0 1 382 62 0 281 1 163 0 0 0 87
663 7738 1565 1466 290 0 1 381 63 0 282 1 162 0 0 0 87
664 7747 1560 1462 290 0 1 380 64 0 282 1 162 0 0 0 87
665 7753 1557 1462 287 0 1 380 64 0 285 1 159 0 0 0 87
666 7762 1552 1457 287 0 1 380 64 0 285 1 159 0 0 0 88
667 7773 1546 1451 286 0 1 382 63 0 287 1 158 0 0 0 88
668 7771 1546 1450 289 0 1 383 62 0 287 1 158 0 0 0 88
669 7785 1540 1445 286 0 1 382 63 0 287 1 158 0 0 0 88
670 7782 1542 1445 287 0 1 383 62 0 286 1 159 0 0 0 88
671 7781 1543 1447 283 0 1 383 63 0 287 1 159 0 0 0 88
672 7786 1541 1445 282 0 1 383 63 0 287 1 159 0 0 0 88
673 7796 1538 1442 278 0 1 384 62 0 288 1 158 0 0 0 88
674 7807 1530 1436 281 0 1 384 62 0 290 1 156 0 0 0 88
675 7798 1533 1440 283 0 1 383 63 0 290 1 156 0 0 0 88
676 7783 1543 1449 279 0 1 382 64 0 288 1 158 0 0 0 88
677 7788 1540 1447 279 0 1 381 65 0 288 1 158 0 0 0 88
678 7793 1540 1447 273 0 1 382 64 0 289 1 157 0 0 0 89
679 7795 1539 1445 274 0 1 383 63 0 289 1 157 0 0 0 89
680 7799 1539 1445 270 0 1 383 63 0 289 1 157 0 0 0 89
681 7799 1539 1444 268 0 1 384 63 0 289 1 158 0 0 0 90
682 7807 1536 1442 265 0 1 384 63 0 290 1 157 0 0 0 90
683 7813 1532 1438 267 0 1 384 63 0 290 1 157 0 0 0 90
684 7816 1530 1436 268 0 1 384 63 0 290 1 157 0 0 0 90
685 7825 1526 1430 269 0 1 386 61 0 290 1 157 0 0 0 90
686 7821 1527 1432 266 0 1 386 63 0 291 1 158 0 0 0 90
687 7821 1528 1432 263 0 1 387 63 0 291 1 159 0 0 0 90
688 7833 1522 1427 262 0 1 387 63 0 292 1 158 0 0 0 90
689 7843 1518 1424 259 0 1 386 64 0 292 1 158 0 0 0 90
690 7840 1521 1427 256 0 1 386 64 0 292 1 158 0 0 0 90
691 7848 1521 1425 246 0 1 388 64 0 292 1 160 0 0 0 90
692 7850 1520 1425 245 0 1 388 64 0 293 1 159 0 0 0 90
693 7854 1519 1423 244 0 1 389 63 0 293 1 159 0 0 0 90
694 7870 1511 1417 242 0 1 389 63 0 295 1 157 0 0 0 90
695 7872 1509 1416 242 0 1 390 62 0 297 1 155 0 0 0 91
696 7864 1513 1421 241 0 1 390 62 0 298 1 154 0 0 0 91
697 7875 1507 1415 242 0 1 390 62 0 298 1 154 0 0 0 91
698 7878 1505 1414 242 0 1 391 61 0 300 1 152 0 0 0 91
699 7889 1498 1409 243 0 1 391 61 0 302 1 150 0 0 0 91
700 7908 1491 1401 237 0 1 393 60 0 303 1 150 0 0 0 91
701 7914 1488 1398 234 0 1 394 60 0 304 1 150 0 0 0 92
702 7931 1481 1390 232 0 1 396 58 0 305 1 149 0 0 0 92
703 7945 1476 1384 229 0 1 397 57 0 305 1 149 0 0 0 92
704 7947 1477 1383 221 0 1 400 57 0 306 1 151 0 0 0 92
705 7963 1468 1376 221 0 1 400 57 0 308 1 149 0 0 0 92
706 7961 1469 1376 221 0 1 400 57 0 307 1 150 0 0 0 93
707 7976 1461 1371 219 0 1 400 57 0 310 1 147 0 0 0 93
708 7979 1460 1368 218 0 1 403 55 0 311 1 147 0 0 0 93
709 7981 1459 1368 217 0 1 403 55 0 312 1 146 0 0 0 93
710 7982 1459 1366 215 0 1 405 54 0 312 1 147 0 0 0 94
711 7998 1450 1357 217 0 1 405 54 0 312 1 147 0 0 0 94
712 7996 1452 1355 219 0 1 406 53 0 309 1 150 0 0 0 94
713 8007 1446 1350 219 0 1 406 53 0 310 1 149 0 0 0 94
714 8018 1439 1345 220 0 1 405 54 0 311 1 148 0 0 0 94
715 8031 1434 1340 215 0 1 406 54 0 312 1 148 0 0 0 94
716 8031 1437 1342 210 0 1 406 54 0 311 1 149 0 0 0 94
717 8034 1436 1339 211 0 1 407 53 0 310 1 150 0 0 0 94
718 8034 1440 1341 204 0 1 406 54 0 307 1 153 0 0 0 95
719 8024 1443 1346 206 0 1 406 54 0 309 1 151 0 0 0 95
720 8042 1435 1339 203 0 1 405 55 0 309 1 151 0 0 0 95
721 8054 1428 1332 203 0 1 406 55 0 310 1 151 0 0 0 95
722 8061 1425 1329 202 0 1 406 55 0 310 1 151 0 0 0 95
723 8050 1431 1336 200 0 1 406 55 0 311 1 150 0 0 0 95
724 8059 1426 1332 200 0 1 406 55 0 312 1 149 0 0 0 95
725 8065 1423 1330 199 0 1 406 55 0 313 1 148 0 0 0 95
726 8074 1420 1326 197 0 1 406 55 0 312 1 149 0 0 0 95
727 8072 1421 1327 197 0 1 406 55 0 312 1 149 0 0 0 95
728 8072 1422 1328 195 0 1 406 55 0 312 1 149 0 0 0 95
729 8091 1413 1320 193 0 1 406 55 0 313 1 148 0 0 0 95
730 8107 1407 1313 190 0 1 409 52 0 315 1 146 0 0 0 95
731 8104 1409 1314 189 0 1 412 49 0 317 1 144 0 0 0 96
732 8101 1409 1313 190 0 1 414 48 0 318 1 144 0 0 0 97
733 8103 1408 1314 188 0 1 414 48 0 320 1 142 0 0 0 97
734 8113 1402 1309 189 0 1 413 49 0 320 1 142 0 0 0 97
735 8125 1395 1304 189 0 1 413 49 0 322 1 140 0 0 0 97
736 8137 1386 1298 192 0 1 412 50 0 324 1 138 0 0 0 97
737 8139 1384 1299 191 0 1 412 50 0 327 1 135 0 0 0 97
738 8129 1388 1305 191 0 1 411 51 0 328 1 134 0 0 0 97
739 8135 1382 1300 196 0 1 411 51 0 329 1 133 0 0 0 97
740 8134 1379 1298 202 0 1 410 52 0 329 1 133 0 0 0 97
741 8132 1379 1298 202 0 1 410 53 0 329 1 134 0 0 0 97
742 8120 1384 1301 206 0 1 411 52 0 328 1 135 0 0 0 97
743 8136 1375 1294 206 0 1 411 52 0 330 1 133 0 0 0 97
744 8138 1373 1293 207 0 1 411 52 0 331 1 132 0 0 0 97
745 8146 1368 1287 208 0 1 412 52 0 331 1 133 0 0 0 97
746 8164 1360 1279 206 0 1 412 52 0 331 1 133 0 0 0 97
747 8179 1352 1271 207 0 1 412 52 0 331 1 133 0 0 0 97
748 8195 1347 1265 202 0 1 412 52 0 330 1 134 0 0 0 97
749 8211 1340 1257 201 0 1 415 49 0 332 1 132 0 0 0 97
750 8228 1332 1249 200 0 1 415 49 0 332 1 132 0 0 0 97
751 8237 1329 1245 198 0 1 415 49 0 331 1 133 0 0 0 97
752 8249 1323 1240 197 0 1 415 49 0 332 1 132 0 0 0 97
753 8240 1329 1243 195 0 1 416 49 0 330 1 135 0 0 0 97
754 8241 1329 1242 195 0 1 417 48 0 330 1 135 0 0 0 97
755 8250 1325 1236 194 0 1 418 48 0 329 1 137 0 0 0 97
756 8267 1317 1229 192 0 1 418 48 0 330 1 136 0 0 0 97
757 8270 1315 1229 191 0 1 418 48 0 332 1 134 0 0 0 97
758 8281 1311 1225 188 0 1 418 48 0 332 1 134 0 0 0 97
759 8279 1310 1226 190 0 1 419 47 0 335 1 131 0 0 0 97
760 8288 1307 1223 187 0 1 419 47 0 335 1 131 0 0 0 97
761 8282 1310 1228 185 0 1 417 49 0 335 1 131 0 0 0 97
762 8290 1305 1226 184 0 1 416 50 0 337 1 129 0 0 0 97
763 8300 1300 1221 184 0 1 416 50 0 337 1 129 0 0 0 97
764 8312 1296 1217 180 0 1 415 51 0 336 1 130 0 0 0 97
765 8316 1296 1215 178 0 1 416 50 0 335 1 131 0 0 0 97
766 8322 1295 1212 176 0 1 417 49 0 334 1 132 0 0 0 97
767 8326 1293 1210 176 0 1 417 49 0 334 1 132 0 0 0 97
768 8339 1286 1206 174 0 1 416 50 0 336 1 130 0 0 0 97
769 8338 1286 1207 174 0 1 416 50 0 337 1 129 0 0 0 97
770 8340 1284 1205 174 0 1 417 50 0 338 1 129 0 0 0 97
771 8347 1281 1203 172 0 1 417 50 0 339 1 128 0 0 0 97
772 8361 1274 1197 170 0 1 416 51 0 339 1 128 0 0 0 98
773 8366 1272 1195 169 0 1 418 49 0 341 1 126 0 0 0 98
774 8357 1275 1198 172 0 1 418 49 0 341 1 126 0 0 0 98
775 8361 1272 1196 173 0 1 418 49 0 342 1 125 0 0 0 98
776 8365 1269 1194 174 0 1 417 50 0 342 1 125 0 0 0 98
777 8367 1268 1193 174 0 1 417 50 0 342 1 125 0 0 0 98
778 8368 1269 1194 171 1 1 416 50 1 341 1 125 0 0 0 98
779 8372 1266 1192 172 1 1 416 50 1 342 1 124 0 0 0 98
780 8361 1270 1194 175 1 1 417 50 1 341 1 126 0 0 0 98
781 8365 1266 1191 178 1 1 416 51 1 341 1 126 0 0 0 98
782 8360 1268 1192 180 1 1 416 51 1 340 1 127 0 0 0 98
783 8367 1264 1189 179 1 1 416 51 1 341 1 126 0 0 0 99
784 8364 1263 1187 185 1 1 416 51 1 340 1 127 0 0 0 99
785 8385 1255 1180 179 1 1 416 51 1 341 1 126 0 0 0 99
786 8390 1254 1179 174 1 1 416 52 1 341 1 127 0 0 0 99
787 8403 1247 1174 173 1 1 415 53 1 342 1 126 0 0 0 99
788 8403 1246 1175 173 1 1 415 53 1 344 1 124 0 0 0 99
789 8419 1237 1169 172 1 1 415 53 1 347 1 121 0 0 0 99
790 8424 1233 1165 175 1 1 415 53 1 347 1 121 0 0 0 99
791 8422 1234 1167 174 1 1 415 53 1 348 1 120 0 0 0 99
792 8417 1235 1168 177 1 1 416 52 1 349 1 119 0 0 0 99
793 8419 1233 1167 178 1 1 416 52 1 350 1 118 0 0 0 99
794 8425 1230 1164 178 1 1 416 52 1 350 1 118 0 0 0 99
795 8437 1224 1158 178 1 1 416 52 1 350 1 118 0 0 0 99
796 8446 1219 1151 179 1 1 418 51 1 350 1 119 0 0 0 99
797 8457 1213 1147 178 2 1 417 51 1 352 2 116 0 0 0 99
798 8457 1213 1147 178 2 1 417 51 1 352 2 116 0 0 0 99
799 8469 1207 1143 176 2 1 416 52 1 353 2 115 0 0 0 99
800 8466 1209 1146 174 2 1 416 52 1 354 2 114 0 0 0 99
801 8472 1204 1144 175 2 1 415 53 1 356 2 112 0 0 0 99
802 8473 1205 1145 172 2 1 415 53 1 356 2 112 0 0 0 99
803 8469 1206 1147 173 2 1 415 53 1 357 2 111 0 0 0 99
804 8478 1201 1143 173 2 1 415 53 2 357 1 111 0 0 0 99
805 8491 1195 1137 172 2 1 416 52 2 358 1 110 0 0 0 99
806 8491 1196 1138 170 2 1 416 52 2 358 1 110 0 0 0 99
807 8499 1193 1135 168 2 1 416 52 2 358 1 110 0 0 0 99
808 8500 1193 1133 169 2 1 418 50 2 358 1 110 0 0 0 99
809 8506 1190 1130 169 2 1 418 50 2 358 1 110 0 0 0 99
810 8513 1188 1128 166 2 1 418 50 2 358 1 110 0 0 0 99
811 8526 1182 1123 164 2 1 418 50 2 359 1 109 0 0 0 99
812 8531 1179 1120 165 2 1 418 50 2 359 1 109 0 0 0 99
813 8528 1181 1121 165 2 1 418 50 2 358 1 110 0 0 0 99
814 8519 1186 1125 165 2 1 418 50 2 357 1 111 0 0 0 99
815 8529 1182 1119 163 2 1 419 50 2 356 1 113 0 0 0 99
816 8541 1177 1114 161 2 1 419 50 2 356 1 113 0 0 0 99
817 8562 1167 1106 158 2 1 420 49 2 359 1 110 0 0 0 99
818 8560 1168 1109 156 2 1 419 50 2 360 1 109 0 0 0 99
819 8556 1171 1112 154 2 1 419 50 2 360 1 109 0 0 0 99
820 8551 1173 1115 154 2 1 419 50 2 361 1 108 0 0 0 99
821 8541 1180 1120 152 2 1 419 50 2 359 1 110 0 0 0 99
822 8545 1177 1120 151 2 1 419 50 2 362 1 107 0 0 0 99
823 8543 1178 1121 151 2 1 419 50 2 362 1 107 0 0 0 99
824 8547 1177 1121 148 2 1 419 50 2 363 1 106 0 0 0 99
825 8545 1177 1122 149 2 1 418 51 2 363 1 106 0 0 0 99
826 8545 1176 1122 150 2 1 417 52 2 363 1 106 0 0 0 99
827 8548 1175 1121 149 2 1 417 52 2 363 1 106 0 0 0 99
828 8554 1172 1117 150 2 1 419 50 2 364 1 105 0 0 0 99
829 8554 1170 1114 154 2 1 420 49 2 364 1 105 0 0 0 100
830 8557 1168 1110 153 2 1 422 49 2 364 1 107 0 0 0 100
831 8556 1169 1110 153 2 1 422 49 2 363 1 108 0 0 0 100
832 8549 1173 1114 150 2 1 422 50 2 363 1 109 0 0 0 100
833 8558 1169 1109 149 2 1 425 47 2 365 1 107 0 0 0 101
834 8564 1165 1107 149 2 1 424 48 2 366 1 106 0 0 0 101
835 8567 1167 1106 143 2 1 426 47 2 365 1 108 0 0 0 101
836 8569 1168 1106 140 2 1 427 46 2 365 1 108 0 0 0 101
837 8571 1166 1105 141 2 1 426 47 2 365 1 108 0 0 0 101
838 8578 1163 1102 140 2 1 426 47 2 365 1 108 0 0 0 101
839 8591 1157 1096 139 2 1 426 47 2 365 1 108 0 0 0 101
840 8601 1152 1092 138 2 1 426 47 2 366 1 107 0 0 0 101
841 8604 1150 1090 138 2 1 427 45 2 367 1 105 0 0 0 104
842 8611 1146 1088 137 2 1 427 45 2 369 1 103 0 0 0 104
843 8622 1141 1082 137 2 1 428 44 2 369 1 103 0 0 0 104
844 8620 1142 1084 136 2 1 428 44 2 370 1 102 0 0 0 104
845 8629 1139 1081 133 2 1 428 44 2 370 1 102 0 0 0 104
846 8640 1135 1076 131 2 1 429 43 2 370 1 102 0 0 0 104
847 8644 1133 1075 130 2 1 429 43 2 371 1 101 0 0 0 104
848 8650 1131 1074 127 2 1 429 43 2 372 1 100 0 0 0 104
849 8659 1130 1073 120 2 1 430 42 2 373 1 99 0 0 0 104
850 8655 1133 1076 118 2 1 430 42 2 373 1 99 0 0 0 104
851 8652 1135 1078 117 2 1 430 42 2 373 1 99 0 0 0 104
852 8644 1137 1081 120 2 1 430 42 2 374 1 98 0 0 0 104
853 8647 1135 1079 121 2 1 431 41 2 375 1 97 0 0 0 104
854 8656 1130 1075 121 2 1 431 41 2 376 1 96 0 0 0 104
855 8665 1124 1070 123 2 1 431 41 2 377 1 95 0 0 0 104
856 8670 1122 1069 121 2 1 430 42 2 377 1 95 0 0 0 104
857 8678 1117 1067 120 2 1 429 43 2 379 1 93 0 0 0 104
858 8690 1113 1062 117 2 1 430 42 2 379 1 93 0 0 0 104
859 8694 1113 1063 112 2 1 430 42 2 380 1 92 0 0 0 104
860 8696 1111 1062 113 2 1 429 43 2 380 1 92 0 0 0 104
861 8699 1110 1060 113 2 1 429 43 2 379 1 93 0 0 0 104
862 8718 1102 1052 110 2 1 429 43 2 379 1 93 0 0 0 104
863 8728 1096 1047 111 2 1 429 43 2 380 1 92 0 0 0 104
864 8727 1097 1047 111 2 1 429 43 2 379 1 93 0 0 0 104
865 8745 1087 1039 111 2 1 429 43 2 381 1 91 0 0 0 104
866 8758 1080 1032 112 2 1 429 43 2 381 1 91 0 0 0 104
867 8763 1076 1029 114 2 1 429 43 2 382 1 90 0 0 0 104
868 8777 1069 1022 114 2 1 429 43 2 382 1 90 0 0 0 104
869 8777 1069 1022 114 2 1 429 43 2 382 1 90 0 0 0 104
870 8775 1069 1022 116 2 1 429 43 2 382 1 90 0 0 0 104
871 8776 1068 1022 116 2 1 429 43 2 383 1 89 0 0 0 104
872 8782 1066 1021 113 2 1 429 43 2 384 1 88 0 0 0 104
873 8789 1062 1017 114 2 1 429 43 2 384 1 88 0 0 0 104
874 8793 1058 1014 117 2 1 428 44 2 384 1 88 0 0 0 104
875 8799 1055 1011 117 2 1 429 43 2 385 1 87 0 0 0 104
876 8810 1050 1006 116 2 1 429 43 2 385 1 87 0 0 0 104
877 8817 1046 1003 116 2 1 429 43 2 386 1 86 0 0 0 104
878 8818 1044 1004 116 3 1 428 43 3 388 1 83 0 0 0 104
879 8824 1040 1001 115 3 1 428 44 3 389 1 83 0 0 0 104
880 8823 1039 1000 118 3 1 429 43 3 390 1 82 0 0 0 104
881 8826 1037 998 119 3 1 429 43 3 390 1 82 0 0 0 104
882 8829 1035 996 120 3 1 429 43 3 390 1 82 0 0 0 104
883 8837 1032 996 115 3 1 428 44 3 392 1 80 0 0 0 104
884 8842 1029 994 115 3 1 428 44 4 392 0 80 0 0 0 104
885 8845 1027 992 114 3 1 428 45 4 392 0 81 0 0 0 104
886 8853 1024 989 112 3 1 428 45 4 392 0 81 0 0 0 104
887 8855 1024 989 110 3 1 428 45 4 392 0 81 0 0 0 104
888 8847 1028 993 110 3 1 428 45 4 392 0 81 0 0 0 104
889 8856 1025 989 108 3 1 428 45 4 391 0 82 0 0 0 104
890 8861 1021 986 110 3 1 427 46 4 391 0 82 0 0 0 104
891 8871 1016 980 110 3 1 427 46 4 390 0 83 0 0 0 105
892 8884 1010 973 110 3 1 427 46 4 389 0 84 0 0 0 105
893 8890 1008 971 108 4 1 426 46 5 388 0 84 0 0 0 105
894 8901 1001 966 109 4 1 426 46 5 390 0 82 0 0 0 105
895 8901 999 965 112 4 1 425 47 5 390 0 82 0 0 0 105
896 8908 995 962 112 4 1 425 47 5 391 0 81 0 0 0 105
897 8919 990 957 111 4 1 425 47 5 391 0 81 0 0 0 105
898 8929 985 954 109 4 1 424 48 5 392 0 80 0 0 0 105
899 8926 986 956 109 4 1 425 47 5 394 0 78 0 0 0 105
900 8940 978 947 112 4 1 426 46 5 394 0 78 0 0 0 105
901 8946 975 944 112 4 1 426 46 5 394 0 78 0 0 0 105
902 8953 971 939 113 4 1 427 45 5 394 0 78 0 0 0 106
903 8954 970 938 114 4 1 427 45 5 394 0 78 0 0 0 106
904 8953 969 937 117 4 1 427 45 5 394 0 78 0 0 0 106
905 8949 972 940 115 4 1 427 45 5 394 0 78 0 0 0 106
906 8951 972 939 112 4 1 428 45 5 394 0 79 0 0 0 106
907 8952 972 939 111 4 1 428 45 5 394 0 79 0 0 0 106
908 8965 967 933 109 4 1 429 44 5 394 0 79 0 0 0 106
909 8973 963 928 110 5 1 429 43 6 393 0 79 0 0 0 106
910 8977 961 927 109 5 1 429 43 6 394 0 78 0 0 0 106
911 8987 957 922 107 5 1 430 42 6 394 0 78 0 0 0 107
912 8996 951 919 107 5 1 430 42 6 397 0 75 0 0 0 107
913 8998 951 918 104 5 1 431 42 6 397 0 76 0 0 0 107
914 9000 950 917 104 5 1 431 42 6 397 0 76 0 0 0 107
915 9010 945 912 104 5 1 431 42 6 397 0 76 0 0 0 107
916 9010 945 910 102 5 1 433 42 6 397 0 78 0 0 0 107
917 9007 947 912 101 5 1 434 41 6 398 0 77 0 0 0 107
918 9013 943 909 102 5 1 434 41 6 399 0 76 0 0 0 107
919 9014 943 909 101 5 1 434 41 6 399 0 76 0 0 0 107
920 9019 941 907 100 5 1 434 41 6 399 0 76 0 0 0 107
921 9025 938 903 101 5 1 435 40 6 399 0 76 0 0 0 107
922 9013 944 909 101 5 1 436 39 6 400 0 75 0 0 0 107
923 9018 942 907 100 5 1 436 39 6 400 0 75 0 0 0 107
924 9019 941 905 102 5 1 437 38 6 400 0 75 0 0 0 107
925 9024 938 903 102 5 1 437 38 6 401 0 74 0 0 0 107
926 9028 936 901 102 5 1 437 38 6 401 0 74 0 0 0 107
927 9033 933 899 102 5 1 436 39 6 401 0 74 0 0 0 107
928 9036 932 897 102 5 1 437 38 6 401 0 74 0 0 0 107
929 9038 932 896 100 5 1 438 37 6 401 0 74 0 0 0 108
930 9036 934 899 97 5 1 437 38 6 401 0 74 0 0 0 108
931 9052 926 890 98 5 1 437 38 6 400 0 75 0 0 0 108
932 9054 926 890 96 5 1 437 38 6 400 0 75 0 0 0 108
933 9057 925 889 95 5 1 437 38 6 400 0 75 0 0 0 108
934 9052 928 890 94 6 1 437 38 7 398 0 77 0 0 0 108
935 9051 929 891 93 6 1 437 38 7 398 0 77 0 0 0 108
936 9061 925 887 91 6 1 438 37 7 399 0 76 0 0 0 108
937 9058 927 889 90 6 1 438 37 7 399 0 76 0 0 0 108
938 9070 921 884 89 6 1 438 37 7 400 0 75 0 0 0 108
939 9072 920 884 88 6 1 439 36 7 402 0 73 0 0 0 108
940 9067 922 886 89 6 1 439 36 7 402 0 73 0 0 0 108
941 9069 921 886 88 6 1 439 36 7 403 0 72 0 0 0 108
942 9079 918 883 84 6 1 440 35 7 404 0 71 0 0 0 108
943 9079 918 883 84 6 1 440 35 7 404 0 71 0 0 0 108
944 9086 914 879 85 7 1 440 34 8 404 0 70 0 0 0 108
945 9096 909 874 85 7 1 440 34 8 404 0 70 0 0 0 108
946 9093 911 876 84 7 1 440 34 8 404 0 70 0 0 0 108
947 9090 913 877 84 7 1 440 34 8 403 0 71 0 0 0 108
948 9103 906 870 85 7 1 440 34 8 403 0 71 0 0 0 108
949 9101 905 871 87 7 1 440 34 8 405 0 69 0 0 0 108
950 9116 900 865 78 7 1 441 35 8 405 0 71 0 0 0 109
951 9109 903 869 78 7 1 441 35 8 406 0 70 0 0 0 109
952 9118 898 865 78 7 1 441 35 8 407 0 69 0 0 0 109
953 9131 892 858 78 7 1 442 34 8 407 0 69 0 0 0 109
954 9140 888 854 77 7 1 443 33 8 408 0 68 0 0 0 109
955 9135 891 856 75 7 1 444 33 8 408 0 69 0 0 0 109
956 9134 892 857 74 7 1 444 33 8 408 0 69 0 0 0 109
957 9140 889 855 73 7 1 443 34 8 408 0 69 0 0 0 109
958 9142 888 854 73 7 1 443 34 8 408 0 69 0 0 0 109
959 9131 892 859 75 7 1 443 34 8 409 0 68 0 0 0 109
960 9128 893 862 74 7 1 443 34 8 411 0 66 0 0 0 109
961 9125 895 864 75 7 1 443 33 8 411 0 65 0 0 0 109
962 9133 891 860 75 7 1 443 33 8 411 0 65 0 0 0 109
963 9136 889 859 75 7 1 443 33 8 412 0 64 0 0 0 109
964 9143 886 856 74 7 1 443 33 8 412 0 64 0 0 0 109
965 9142 887 857 73 7 1 444 32 8 413 0 63 0 0 0 109
966 9146 884 854 75 7 1 445 31 8 414 0 62 0 0 0 109
967 9152 881 851 75 7 1 445 31 8 414 0 62 0 0 0 109
968 9147 883 854 75 7 1 444 32 8 414 0 62 0 0 0 109
969 9163 875 847 74 7 1 444 32 8 415 0 61 0 0 0 109
970 9158 876 849 76 7 1 443 33 8 415 0 61 0 0 0 109
971 9158 877 849 74 7 1 444 32 8 415 0 61 0 0 0 110
972 9163 874 847 74 7 1 444 32 8 416 0 60 0 0 0 110
973 9172 869 843 74 7 1 444 32 8 417 0 59 0 0 0 110
974 9187 862 836 73 7 1 444 32 8 417 0 59 0 0 0 110
975 9194 858 833 73 7 1 444 32 8 418 0 58 0 0 0 110
976 9204 852 828 74 7 1 443 33 8 418 0 58 0 0 0 110
977 9211 847 824 76 7 1 442 34 8 418 0 58 0 0 0 110
978 9211 848 825 74 7 1 442 34 8 418 0 58 0 0 0 110
979 9209 850 827 72 7 1 443 33 8 419 0 57 0 0 0 110
980 9213 849 825 71 7 1 444 32 8 419 0 57 0 0 0 110
981 9223 844 820 71 7 1 444 32 8 419 0 57 0 0 0 110
982 9224 844 820 70 7 1 444 32 8 419 0 57 0 0 0 110
983 9228 841 819 70 7 1 445 31 8 422 0 54 0 0 0 110
984 9233 838 816 71 7 1 446 30 8 423 0 53 0 0 0 110
985 9243 834 812 69 7 1 446 30 8 423 0 53 0 0 0 110
986 9250 830 808 70 7 1 446 30 8 423 0 53 0 0 0 110
987 9247 830 809 72 7 1 446 30 8 424 0 52 0 0 0 110
988 9253 828 806 71 7 1 446 30 8 423 0 53 0 0 0 110
989 9257 826 805 70 7 1 445 31 8 423 0 53 0 0 0 110
990 9250 829 809 70 7 1 444 32 8 423 0 53 0 0 0 110
991 9259 823 804 72 7 1 444 32 8 424 0 52 0 0 0 110
992 9258 823 805 72 7 1 444 32 8 425 0 51 0 0 0 110
993 9269 818 801 70 7 1 444 32 8 426 0 50 0 0 0 110
994 9275 815 798 70 7 1 444 32 8 426 0 50 0 0 0 110
995 9279 814 797 68 7 1 444 32 8 426 0 50 0 0 0 110
996 9284 812 795 67 7 1 444 32 8 426 0 50 0 0 0 110
997 9290 809 791 68 7 1 445 31 8 426 0 50 0 0 0 110
998 9287 811 793 67 7 1 445 31 8 426 0 50 0 0 0 110
999 9284 813 795 66 7 1 445 31 8 426 0 50 0 0 0 110
1000 9284 814 796 64 7 1 445 31 8 426 0 50 0 0 0 110
1001 9285 812 796 65 7 1 445 31 8 428 0 48 0 0 0 110
1002 9301 803 787 67 7 1 446 30 8 429 0 47 0 0 0 110
1003 9312 798 781 67 7 1 447 29 8 429 0 47 0 0 0 110
1004 9321 794 777 66 7 1 447 29 8 429 0 47 0 0 0 110
1005 9330 790 773 65 7 1 447 29 8 429 0 47 0 0 0 110
1006 9325 792 774 65 7 1 449 28 8 430 0 47 0 0 0 110
1007 9325 792 774 65 7 1 449 28 8 430 0 47 0 0 0 110
1008 9329 789 772 66 7 1 449 28 8 431 0 46 0 0 0 110
1009 9327 790 773 66 7 1 449 28 8 431 0 46 0 0 0 110
1010 9328 789 772 67 7 1 449 28 8 431 0 46 0 0 0 110
1011 9335 785 769 67 7 1 449 28 8 432 0 45 0 0 0 110
1012 9346 779 763 68 7 1 449 28 8 432 0 45 0 0 0 110
1013 9352 775 760 69 7 1 449 28 8 433 0 44 0 0 0 110
1014 9358 772 757 69 7 1 449 28 8 433 0 44 0 0 0 110
1015 9366 768 753 69 7 1 449 28 8 433 0 44 0 0 0 110
1016 9368 768 751 69 7 1 449 28 8 431 0 46 0 0 0 110
1017 9366 769 752 69 7 1 449 28 8 431 0 46 0 0 0 110
1018 9378 764 747 67 7 1 449 28 8 431 0 46 0 0 0 110
1019 9382 763 746 65 7 1 449 28 8 431 0 46 0 0 0 110
1020 9386 761 744 65 7 1 449 28 8 431 0 46 0 0 0 110
1021 9397 756 738 65 7 1 450 27 8 431 0 46 0 0 0 110
1022 9401 754 735 66 7 1 451 26 8 431 0 46 0 0 0 110
1023 9403 753 734 66 7 1 451 26 8 431 0 46 0 0 0 110
1024 9404 752 734 66 7 1 451 26 8 432 0 45 0 0 0 110
1025 9410 750 731 65 7 1 451 26 8 431 0 46 0 0 0 110
1026 9420 745 725 66 7 1 453 24 8 432 0 45 0 0 0 110
1027 9414 748 728 66 7 1 453 24 8 432 0 45 0 0 0 110
1028 9419 746 725 66 7 1 453 24 8 431 0 46 0 0 0 110
1029 9430 741 720 65 7 1 453 24 8 431 0 46 0 0 0 110
1030 9432 740 718 65 7 1 454 23 8 431 0 46 0 0 0 111
1031 9440 736 714 65 7 1 454 23 8 431 0 46 0 0 0 111
1032 9457 726 706 66 7 1 454 23 8 433 0 44 0 0 0 111
1033 9467 722 701 65 7 1 454 23 8 432 0 45 0 0 0 111
1034 9471 721 698 65 7 1 455 22 8 431 0 46 0 0 0 111
1035 9479 717 695 64 7 1 454 23 8 431 0 46 0 0 0 111
1036 9485 714 692 64 7 1 454 23 8 431 0 46 0 0 0 111
1037 9492 711 689 63 7 1 454 23 8 431 0 46 0 0 0 111
1038 9495 709 688 63 7 1 454 23 8 432 0 45 0 0 0 111
1039 9495 708 688 64 7 1 453 24 8 432 0 45 0 0 0 111
1040 9495 708 689 63 7 1 452 25 8 432 0 45 0 0 0 111
1041 9497 708 689 61 7 1 452 25 8 432 0 45 0 0 0 111
1042 9499 706 687 63 7 1 452 25 8 432 0 45 0 0 0 111
1043 9503 704 685 63 7 1 452 25 8 432 0 45 0 0 0 111
1044 9503 703 684 65 7 1 452 25 8 432 0 45 0 0 0 111
1045 9501 704 685 65 7 1 452 25 8 432 0 45 0 0 0 111
1046 9508 703 684 60 7 1 452 25 8 432 0 45 0 0 0 111
1047 9510 702 684 59 7 1 453 24 8 434 0 43 0 0 0 111
1048 9509 704 685 57 7 1 453 24 8 433 0 44 0 0 0 111
1049 9505 706 687 57 7 1 453 24 8 433 0 44 0 0 0 111
1050 9510 705 685 55 7 1 453 24 8 432 0 45 0 0 0 111
1051 9504 707 688 56 7 1 453 24 8 433 0 44 0 0 0 111
1052 9513 702 684 56 7 1 453 24 8 434 0 43 0 0 0 111
1053 9522 698 680 55 7 1 453 24 8 434 0 43 0 0 0 111
1054 9526 696 678 55 7 1 453 24 8 434 0 43 0 0 0 111
1055 9531 694 676 54 7 1 453 24 8 434 0 43 0 0 0 111
1056 9535 692 674 54 7 1 453 24 8 434 0 43 0 0 0 111
1057 9535 691 675 54 7 1 453 24 8 436 0 41 0 0 0 111
1058 9537 690 674 54 7 1 453 24 8 436 0 41 0 0 0 111
1059 9543 687 669 54 7 1 454 24 8 435 0 43 0 0 0 111
1060 9543 688 668 54 7 1 455 23 8 434 0 44 0 0 0 111
1061 9548 686 666 53 7 1 455 23 8 434 0 44 0 0 0 111
1062 9554 683 663 53 7 1 455 23 8 434 0 44 0 0 0 111
1063 9556 682 662 53 7 1 455 23 8 434 0 44 0 0 0 111
1064 9554 684 664 51 7 1 455 23 8 434 0 44 0 0 0 111
1065 9563 680 659 51 7 1 456 22 8 434 0 44 0 0 0 111
1066 9557 683 662 51 7 1 456 22 8 434 0 44 0 0 0 111
1067 9554 684 664 51 7 1 455 23 8 434 0 44 0 0 0 111
1068 9553 684 664 52 7 1 455 23 8 434 0 44 0 0 0 111
1069 9553 684 664 52 7 1 455 23 8 434 0 44 0 0 0 111
1070 9558 682 663 50 7 1 454 24 8 434 0 44 0 0 0 111
1071 9557 682 664 50 7 1 453 25 8 434 0 44 0 0 0 111
1072 9559 681 663 50 7 1 453 25 8 434 0 44 0 0 0 111
1073 9557 681 664 51 7 1 453 25 8 435 0 43 0 0 0 111
1074 9556 682 665 50 7 1 452 26 8 434 0 44 0 0 0 111
1075 9555 683 666 49 7 1 452 26 8 434 0 44 0 0 0 111
1076 9559 681 665 48 7 1 452 26 8 435 0 43 0 0 0 111
1077 9558 682 665 48 7 1 452 26 8 434 0 44 0 0 0 111
1078 9568 676 661 48 7 1 452 26 8 436 0 42 0 0 0 111
1079 9574 673 658 48 7 1 452 26 8 436 0 42 0 0 0 111
1080 9580 670 655 48 7 1 453 25 8 437 0 41 0 0 0 111
1081 9586 667 653 47 7 1 453 25 8 438 0 40 0 0 0 111
1082 9592 664 651 46 7 1 453 25 8 439 0 39 0 0 0 111
1083 9596 663 650 44 7 1 453 25 8 439 0 39 0 0 0 111
1084 9600 661 648 44 7 1 453 25 8 439 0 39 0 0 0 111
1085 9606 658 645 44 7 1 453 25 8 439 0 39 0 0 0 111
1086 9617 652 639 45 7 1 453 25 8 439 0 39 0 0 0 111
1087 9619 651 638 45 7 1 453 25 8 439 0 39 0 0 0 111
1088 9619 651 638 45 7 1 453 25 8 439 0 39 0 0 0 111
1089 9629 646 633 45 7 1 453 25 8 439 0 39 0 0 0 111
1090 9629 646 633 45 7 1 453 25 8 439 0 39 0 0 0 111
1091 9633 644 631 45 7 1 453 25 8 439 0 39 0 0 0 111
1092 9634 643 630 46 7 1 453 25 8 439 0 39 0 0 0 111
1093 9641 639 626 47 7 1 453 25 8 439 0 39 0 0 0 111
1094 9643 638 625 47 7 1 453 25 8 439 0 39 0 0 0 111
1095 9643 638 625 47 7 1 453 25 8 439 0 39 0 0 0 111
1096 9653 634 620 46 7 1 453 25 8 438 0 40 0 0 0 111
1097 9655 633 619 46 7 1 453 25 8 438 0 40 0 0 0 111
1098 9660 630 617 46 7 1 453 25 8 439 0 39 0 0 0 111
1099 9660 630 617 46 7 1 453 25 8 439 0 39 0 0 0 111
1100 9666 628 615 44 7 1 453 25 8 439 0 39 0 0 0 111
1101 9665 628 616 44 7 1 453 25 8 440 0 38 0 0 0 111
1102 9675 623 611 44 7 1 453 25 8 440 0 38 0 0 0 111
1103 9682 619 608 44 7 1 453 25 8 441 0 37 0 0 0 111
1104 9681 619 608 45 7 1 453 25 8 441 0 37 0 0 0 111
1105 9684 617 606 46 7 1 453 25 8 441 0 37 0 0 0 111
1106 9682 618 607 46 7 1 453 25 8 441 0 37 0 0 0 111
1107 9678 619 609 47 7 1 452 26 8 441 0 37 0 0 0 111
1108 9683 617 607 46 7 1 452 26 8 441 0 37 0 0 0 111
1109 9686 615 606 46 7 1 451 27 8 441 0 37 0 0 0 111
1110 9687 615 605 46 7 1 451 27 8 440 0 38 0 0 0 111
1111 9689 614 605 45 7 1 451 27 8 441 0 37 0 0 0 111
1112 9694 612 603 44 7 1 451 27 8 441 0 37 0 0 0 111
1113 9703 607 598 45 7 1 451 27 8 441 0 37 0 0 0 111
1114 9711 604 593 45 7 1 453 25 8 441 0 37 0 0 0 111
1115 9716 601 590 46 7 1 453 25 8 441 0 37 0 0 0 111
1116 9711 603 593 46 7 1 452 26 8 441 0 37 0 0 0 111
1117 9710 604 593 46 7 1 452 26 8 440 0 38 0 0 0 111
1118 9712 603 593 45 7 1 452 26 8 441 0 37 0 0 0 111
1119 9717 600 591 45 7 1 452 26 8 442 0 36 0 0 0 111
1120 9703 607 598 45 7 1 452 26 8 442 0 36 0 0 0 111
1121 9706 605 597 45 7 1 452 26 8 443 0 35 0 0 0 111
1122 9705 605 598 45 7 1 451 27 8 443 0 35 0 0 0 111
1123 9707 604 597 45 7 1 451 27 8 443 0 35 0 0 0 111
1124 9715 600 593 43 7 1 452 27 8 444 0 35 0 0 0 111
1125 9715 600 593 43 7 1 452 27 8 444 0 35 0 0 0 111
1126 9717 599 592 43 7 1 452 27 8 444 0 35 0 0 0 111
1127 9716 600 592 43 7 1 452 27 8 443 0 36 0 0 0 111
1128 9725 595 588 43 7 1 452 27 8 444 0 35 0 0 0 111
1129 9722 596 590 43 7 1 452 27 8 445 0 34 0 0 0 111
1130 9727 594 588 42 7 1 452 27 8 445 0 34 0 0 0 111
1131 9727 594 588 42 7 1 452 27 8 445 0 34 0 0 0 111
1132 9727 594 587 43 7 1 453 26 8 445 0 34 0 0 0 111
1133 9725 595 587 42 7 1 454 26 8 445 0 35 0 0 0 111
1134 9723 596 588 42 7 1 454 26 8 445 0 35 0 0 0 111
1135 9716 599 592 42 7 1 454 26 8 446 0 34 0 0 0 111
1136 9720 597 590 42 7 1 454 26 8 446 0 34 0 0 0 111
1137 9726 594 587 42 7 1 454 26 8 446 0 34 0 0 0 111
1138 9729 593 586 41 7 1 454 26 8 446 0 34 0 0 0 111
1139 9731 592 585 41 7 1 455 25 8 447 0 33 0 0 0 111
1140 9730 593 585 41 7 1 456 24 8 447 0 33 0 0 0 111
1141 9735 590 583 41 7 1 456 24 8 448 0 32 0 0 0 111
1142 9731 593 586 39 7 1 456 24 8 448 0 32 0 0 0 111
1143 9734 591 585 39 7 2 456 23 9 448 0 31 0 0 0 111
1144 9731 592 586 40 7 2 456 23 9 448 0 31 0 0 0 111
1145 9735 591 585 38 7 2 456 23 9 448 0 31 0 0 0 111
1146 9734 591 584 40 7 2 457 22 9 448 0 31 0 0 0 111
1147 9740 588 581 40 7 2 457 22 9 448 0 31 0 0 0 111
1148 9744 586 579 40 7 2 457 22 9 448 0 31 0 0 0 111
1149 9747 586 578 38 7 2 458 21 9 448 0 31 0 0 0 111
1150 9745 587 580 37 8 2 457 21 9 449 0 30 0 0 1 110
1151 9755 582 576 36 8 2 457 21 9 450 0 29 0 0 1 110
1152 9759 580 574 36 8 2 457 21 9 450 0 29 0 0 1 110
1153 9760 580 573 34 8 2 458 21 9 450 0 30 0 0 1 110
1154 9766 577 570 34 8 2 458 21 9 450 0 30 0 0 1 110
1155 9769 575 568 35 8 2 458 21 9 450 0 30 0 0 1 110
1156 9776 571 564 36 8 2 458 21 9 450 0 30 0 0 1 110
1157 9776 570 563 38 8 2 458 21 9 450 0 30 0 0 1 110
1158 9783 567 560 37 8 2 458 21 9 450 0 30 0 0 1 110
1159 9781 568 561 37 8 2 458 21 9 450 0 30 0 0 1 110
1160 9789 564 557 37 8 2 458 21 9 450 0 30 0 0 1 110
1161 9801 558 551 37 8 2 458 21 9 450 0 30 0 0 1 110
1162 9801 559 550 37 8 2 458 21 9 448 0 32 0 0 1 110
1163 9799 560 551 37 8 2 458 21 9 448 0 32 0 0 1 110
1164 9803 558 549 37 8 2 458 21 9 448 0 32 0 0 1 110
1165 9812 554 545 36 8 2 458 21 9 448 0 32 0 0 1 110
1166 9806 557 548 36 8 2 458 21 9 448 0 32 0 0 1 110
1167 9810 556 547 33 9 2 457 21 10 447 0 32 0 0 1 111
1168 9806 558 549 33 9 2 457 21 10 447 0 32 0 0 1 111
1169 9811 556 546 33 9 2 457 21 10 446 0 33 0 0 1 111
1170 9816 554 543 33 9 2 457 21 10 445 0 34 0 0 1 111
1171 9817 554 543 32 9 2 457 21 10 445 0 34 0 0 1 111
1172 9822 552 541 31 9 2 457 21 10 445 0 34 0 0 1 111
1173 9828 549 538 31 9 2 457 21 10 445 0 34 0 0 1 111
1174 9837 544 533 32 9 2 457 21 10 445 0 34 0 0 1 111
1175 9842 541 531 32 9 2 456 22 10 445 0 34 0 0 1 111
1176 9842 541 531 32 9 2 456 22 10 445 0 34 0 0 1 111
1177 9845 540 529 32 9 2 457 21 10 445 0 34 0 0 1 111
1178 9847 539 528 32 9 2 457 21 10 445 0 34 0 0 1 111
1179 9847 539 528 32 9 2 457 21 10 445 0 34 0 0 1 111
1180 9848 539 527 32 9 2 458 20 10 445 0 34 0 0 1 111
1181 9852 538 525 31 9 2 459 19 10 445 0 34 0 0 1 111
1182 9854 538 525 31 9 2 457 20 10 443 0 35 0 0 1 111
1183 9861 535 522 30 9 2 457 20 10 443 0 35 0 0 1 111
1184 9864 533 520 31 9 2 457 20 10 443 0 35 0 0 1 111
1185 9858 536 523 31 9 2 457 20 10 443 0 35 0 0 1 111
1186 9858 536 523 31 9 2 457 20 10 443 0 35 0 0 1 111
1187 9865 533 520 30 9 2 457 20 10 443 0 35 0 0 1 111
1188 9870 531 518 29 9 2 457 20 10 443 0 35 0 0 1 111
1189 9864 534 521 29 9 2 457 20 10 443 0 35 0 0 1 111
1190 9873 529 517 29 9 2 457 20 10 444 0 34 0 0 1 111
1191 9879 526 514 29 9 2 457 20 10 444 0 34 0 0 1 111
1192 9879 527 515 27 9 2 457 20 10 444 0 34 0 0 1 111
1193 9893 520 508 27 10 2 456 20 11 443 0 34 0 0 1 111
1194 9888 522 510 28 10 2 456 20 11 443 0 34 0 0 1 111
1195 9895 518 507 28 10 2 456 20 11 444 0 33 0 0 1 111
1196 9900 514 504 30 10 2 456 20 11 445 0 32 0 0 1 111
1197 9900 514 504 30 10 2 456 20 11 445 0 32 0 0 1 111
1198 9904 512 502 30 10 2 456 20 11 445 0 32 0 0 1 111
1199 9908 509 501 30 10 2 455 21 11 446 0 31 0 0 1 111
1200 9906 511 502 29 10 2 456 20 11 446 0 31 0 0 1 111
1201 9911 508 500 29 10 2 455 21 11 446 0 31 0 0 1 111
1202 9915 505 499 29 10 2 454 22 11 447 0 30 0 0 1 111
1203 9916 505 498 29 10 2 455 21 11 447 0 30 0 0 1 111
1204 9911 508 500 29 10 2 455 21 11 446 0 31 0 0 1 111
1205 9909 510 500 29 10 2 455 21 11 444 0 33 0 0 1 111
1206 9905 512 502 29 10 2 455 21 11 444 0 33 0 0 1 111
1207 9911 509 499 29 10 2 455 21 11 444 0 33 0 0 1 111
1208 9908 510 501 29 10 2 454 22 11 444 0 33 0 0 1 111
1209 9916 506 497 29 11 2 453 22 12 443 0 33 0 0 1 111
1210 9923 503 494 28 11 2 453 22 12 443 0 33 0 0 1 111
1211 9919 505 496 28 11 2 453 22 12 443 0 33 0 0 1 111
1212 9918 506 496 28 12 2 453 21 12 443 1 32 0 0 1 111
1213 9922 504 494 28 12 2 453 21 12 443 1 32 0 0 1 111
1214 9924 503 493 28 12 2 453 21 12 443 1 32 0 0 1 111
1215 9927 501 492 28 12 2 453 21 12 444 1 31 0 0 1 111
1216 9929 500 491 28 12 2 453 21 12 444 1 31 0 0 1 111
1217 9931 500 491 26 12 2 453 21 12 444 1 31 0 0 1 111
1218 9935 498 489 26 12 2 453 21 12 444 1 31 0 0 1 111
1219 9941 495 486 26 12 2 453 21 12 444 1 31 0 0 1 111
1220 9945 493 484 26 12 2 453 21 12 444 1 31 0 0 1 111
1221 9946 493 484 25 12 2 453 21 12 444 1 31 0 0 1 111
1222 9954 489 480 25 12 2 454 20 12 445 1 30 0 0 1 111
1223 9969 482 473 24 12 2 454 20 12 445 1 30 0 0 1 111
1224 9965 484 475 24 12 2 454 20 12 445 1 30 0 0 1 111
1225 9964 484 476 24 12 2 454 20 12 446 1 29 0 0 1 111
1226 9974 479 472 23 12 2 454 20 12 447 1 28 0 0 1 111
1227 9976 478 470 22 12 2 455 20 12 447 1 29 0 0 1 111
1228 9980 476 468 22 12 2 456 19 12 448 1 28 0 0 1 111
1229 9980 477 469 20 12 2 456 19 12 448 1 28 0 0 1 111
1230 9981 477 469 19 12 2 456 19 12 448 1 28 0 0 1 111
1231 9983 476 468 19 12 2 456 19 12 448 1 28 0 0 1 111
1232 9988 474 466 18 12 2 456 19 12 448 1 28 0 0 1 111
1233 9999 468 461 18 12 2 456 19 12 449 1 27 0 0 1 111
1234 10002 467 459 18 12 2 457 18 12 449 1 27 0 0 1 111
1235 10006 465 457 18 13 1 457 18 12 450 1 26 0 0 1 111
1236 10012 462 454 18 13 1 457 18 12 450 1 26 0 0 1 111
1237 10018 459 451 18 13 1 457 18 12 450 1 26 0 0 1 111
1238 10018 459 451 18 13 1 457 18 12 450 1 26 0 0 1 111
1239 10015 460 453 18 13 1 457 18 13 450 0 26 0 0 1 111
1240 10019 458 451 18 13 1 457 18 13 450 0 26 0 0 1 111
1241 10021 457 450 18 13 1 457 18 13 450 0 26 0 0 1 111
1242 10022 457 449 18 13 1 457 18 13 449 0 27 0 0 1 111
1243 10021 457 449 19 13 1 457 18 13 449 0 27 0 0 1 111
1244 10022 456 448 20 13 1 457 18 13 449 0 27 0 0 1 111
1245 10022 456 448 20 13 1 457 18 13 449 0 27 0 0 1 111
1246 10025 455 447 19 13 1 457 18 13 449 0 27 0 0 1 111
1247 10026 455 447 18 13 1 458 17 13 450 0 26 0 0 1 111
1248 10020 458 450 18 13 1 458 17 13 450 0 26 0 0 1 111
1249 10021 458 450 17 13 1 458 17 13 450 0 26 0 0 1 111
1250 10027 455 447 17 13 1 458 17 13 450 0 26 0 0 1 111
1251 10027 455 447 17 13 1 458 17 13 450 0 26 0 0 1 111
1252 10025 456 448 17 13 1 458 17 13 450 0 26 0 0 1 111
1253 10027 455 447 17 13 1 458 17 13 450 0 26 0 0 1 111
1254 10037 450 442 17 13 1 458 17 13 450 0 26 0 0 1 111
1255 10045 446 438 17 13 1 458 17 13 450 0 26 0 0 1 111
1256 10042 447 439 18 13 1 458 17 13 450 0 26 0 0 1 111
1257 10044 447 437 18 13 1 458 17 13 448 0 28 0 0 1 111
1258 10042 448 438 18 13 1 458 17 13 448 0 28 0 0 1 111
1259 10046 446 436 18 13 1 458 17 13 448 0 28 0 0 1 111
1260 10044 447 437 18 13 1 458 17 13 448 0 28 0 0 1 111
1261 10038 449 440 19 13 1 458 17 13 449 0 27 0 0 1 111
1262 10037 450 441 18 13 1 458 17 13 449 0 27 0 0 1 111
1263 10039 449 440 18 13 1 458 17 13 449 0 27 0 0 1 111
1264 10043 447 438 18 13 1 458 17 13 449 0 27 0 0 1 111
1265 10046 446 436 18 13 1 458 17 13 448 0 28 0 0 1 111
1266 10047 445 436 18 13 1 457 18 13 448 0 28 0 0 1 111
1267 10051 443 434 18 13 1 457 18 13 448 0 28 0 0 1 111
1268 10049 445 436 16 13 1 457 18 13 448 0 28 0 0 1 111
1269 10043 448 439 16 13 1 457 18 13 448 0 28 0 0 1 111
1270 10044 448 438 16 13 1 458 17 13 448 0 28 0 0 1 111
1271 10043 449 439 15 13 1 458 17 13 448 0 28 0 0 1 111
1272 10044 449 438 15 13 1 458 17 13 447 0 29 0 0 1 111
1273 10045 448 438 15 13 1 458 17 13 448 0 28 0 0 1 111
1274 10048 446 436 16 13 1 458 17 13 448 0 28 0 0 1 111
1275 10050 445 435 16 13 1 457 18 13 447 0 29 0 0 1 111
1276 10052 444 434 16 13 1 457 18 13 447 0 29 0 0 1 111
1277 10052 444 434 16 13 1 457 18 13 447 0 29 0 0 1 111
1278 10055 443 432 16 13 1 458 17 13 447 0 29 0 0 1 111
1279 10063 439 428 16 13 1 458 17 13 447 0 29 0 0 1 111
1280 10063 439 428 16 13 1 458 17 13 447 0 29 0 0 1 111
1281 10061 440 429 16 13 1 458 17 13 447 0 29 0 0 1 111
1282 10066 438 427 15 13 1 458 17 13 447 0 29 0 0 1 111
1283 10068 436 427 15 13 1 457 18 13 448 0 28 0 0 1 111
1284 10070 435 426 15 13 1 457 18 13 448 0 28 0 0 1 111
1285 10077 431 422 16 13 1 457 18 13 448 0 28 0 0 1 111
1286 10076 432 422 16 13 1 457 18 13 447 0 29 0 0 1 111
1287 10078 431 421 16 13 1 457 18 13 447 0 29 0 0 1 111
1288 10078 431 422 15 13 1 456 19 13 447 0 29 0 0 1 111
1289 10078 431 422 15 13 1 456 19 13 447 0 29 0 0 1 111
1290 10082 429 420 15 13 1 456 19 13 447 0 29 0 0 1 111
1291 10086 427 418 15 13 1 456 19 13 447 0 29 0 0 1 111
1292 10083 429 419 15 13 1 456 19 12 447 1 29 0 0 1 111
1293 10086 428 418 14 13 1 456 19 12 447 1 29 0 0 1 111
1294 10092 425 415 14 14 1 455 19 13 446 1 29 0 0 1 111
1295 10100 421 411 14 14 1 455 19 13 446 1 29 0 0 1 111
1296 10101 420 411 14 14 1 455 19 13 447 1 28 0 0 1 111
1297 10099 421 413 13 14 1 455 19 13 448 1 27 0 0 1 111
1298 10100 421 413 12 14 1 455 19 13 448 1 27 0 0 1 111
1299 10097 423 414 12 15 1 454 19 14 446 1 28 0 0 1 111
1300 10097 423 414 12 15 1 454 19 14 446 1 28 0 0 1 111
1301 10101 421 412 12 15 1 454 19 14 446 1 28 0 0 1 111
1302 10107 418 409 12 15 1 454 19 14 446 1 28 0 0 1 111
1303 10113 415 406 12 15 1 454 19 14 446 1 28 0 0 1 111
1304 10115 414 405 12 15 1 454 19 14 446 1 28 0 0 1 111
1305 10118 413 403 12 15 1 454 19 14 445 1 29 0 0 1 111
1306 10128 410 399 9 15 1 455 18 14 445 1 29 0 0 1 111
1307 10126 411 400 9 15 1 455 18 14 445 1 29 0 0 1 111
1308 10129 409 399 9 15 1 454 19 14 445 1 29 0 0 1 111
1309 10137 404 396 9 15 1 453 20 14 446 1 28 0 0 1 111
1310 10142 402 393 9 15 1 453 20 14 445 1 29 0 0 1 111
1311 10145 401 391 9 16 0 453 20 14 445 1 29 0 0 1 111
1312 10150 398 389 9 16 0 453 20 14 446 1 28 0 0 1 111
1313 10148 399 390 9 16 0 453 20 14 446 1 28 0 0 1 111
1314 10144 401 392 9 16 0 453 20 14 446 1 28 0 0 1 111
1315 10143 401 393 9 16 0 453 20 14 447 1 27 0 0 1 111
1316 10141 402 394 9 16 0 453 20 14 447 1 27 0 0 1 111
1317 10144 400 393 9 16 0 453 20 14 448 1 26 0 0 1 111
1318 10146 399 392 9 16 0 453 20 14 448 1 26 0 0 1 111
1319 10142 401 394 9 16 0 453 20 14 448 1 26 0 0 1 111
1320 10143 401 393 9 16 0 453 20 14 447 1 27 0 0 1 111
1321 10145 400 393 8 16 0 453 20 14 448 1 26 0 0 1 111
1322 10152 397 390 7 16 0 453 20 14 448 1 26 0 0 1 111
1323 10159 394 386 7 16 0 453 20 14 447 1 27 0 0 1 111
1324 10161 393 385 7 16 0 453 20 14 447 1 27 0 0 1 111
1325 10163 392 384 7 16 0 453 20 14 447 1 27 0 0 1 111
1326 10171 388 380 7 16 0 453 20 14 447 1 27 0 0 1 111
1327 10170 389 381 6 16 0 453 20 14 447 1 27 0 0 1 111
1328 10171 388 381 6 16 0 453 20 14 448 1 26 0 0 1 111
1329 10172 387 380 7 16 0 453 20 14 448 1 26 0 0 1 111
1330 10175 385 379 7 16 0 453 20 14 449 1 25 0 0 1 111
1331 10173 386 380 7 16 0 453 20 14 449 1 25 0 0 1 111
1332 10174 385 380 7 16 0 452 21 14 449 1 25 0 0 1 111
1333 10176 384 379 7 16 0 452 21 14 449 1 25 0 0 1 111
1334 10176 384 379 7 16 0 452 21 14 449 1 25 0 0 1 111
1335 10177 383 379 7 16 0 451 22 14 449 1 25 0 0 1 111
1336 10181 381 377 7 16 0 451 22 14 449 1 25 0 0 1 111
1337 10181 381 377 7 16 0 451 22 14 449 1 25 0 0 1 111
1338 10181 381 377 7 16 0 451 22 14 449 1 25 0 0 1 111
1339 10182 380 377 7 16 0 451 22 14 450 1 24 0 0 1 111
1340 10188 377 374 7 16 0 451 22 14 450 1 24 0 0 1 111
1341 10191 375 372 8 16 0 451 22 14 450 1 24 0 0 1 111
1342 10197 372 369 8 16 0 451 22 14 450 1 24 0 0 1 111
1343 10200 370 368 8 16 0 451 22 14 451 1 23 0 0 1 111
1344 10204 368 366 8 16 0 451 22 14 451 1 23 0 0 1 111
1345 10202 369 367 8 16 0 451 22 14 451 1 23 0 0 1 111
1346 10205 368 366 7 16 0 451 22 14 451 1 23 0 0 1 111
1347 10213 364 362 7 16 0 451 22 15 450 1 23 0 1 1 110
1348 10207 367 365 7 16 0 451 22 15 450 1 23 0 1 1 110
1349 10206 367 365 8 16 0 451 22 15 450 1 23 0 1 1 110
1350 10202 369 367 8 17 0 450 22 15 450 1 23 0 1 2 109
1351 10205 368 365 8 17 0 450 22 14 450 2 23 0 1 2 109
1352 10201 370 367 8 17 0 450 22 14 450 2 23 0 1 2 109
1353 10199 371 368 8 17 0 450 22 14 450 2 23 0 1 2 109
1354 10199 371 368 8 17 0 450 22 14 450 2 23 0 1 2 109
1355 10200 370 367 9 17 0 450 22 14 450 2 23 0 1 2 109
1356 10205 367 365 9 17 0 451 21 14 452 2 21 0 1 2 109
1357 10205 367 365 9 17 0 451 21 14 452 2 21 0 1 2 109
1358 10209 364 364 9 17 0 451 21 14 454 2 19 0 1 2 109
1359 10210 363 364 9 17 0 451 21 14 455 2 18 0 1 2 109
1360 10210 363 364 9 17 0 451 21 14 455 2 18 0 1 2 109
1361 10213 361 363 9 17 0 451 21 14 456 2 17 0 1 2 109
1362 10209 363 365 9 17 0 451 21 14 456 2 17 0 1 2 109
1363 10212 361 364 9 17 0 451 21 15 456 1 17 0 1 2 109
1364 10209 362 366 9 17 0 450 22 15 456 1 17 0 1 2 109
1365 10209 362 366 9 17 0 450 22 15 456 1 17 0 1 2 109
1366 10212 360 365 9 17 0 450 22 15 457 1 16 0 1 2 109
1367 10215 359 363 9 17 0 450 22 15 456 1 17 0 1 2 109
1368 10214 360 363 9 17 0 450 22 15 455 1 18 0 1 2 109
1369 10218 358 361 9 17 0 450 22 15 455 1 18 0 1 2 109
1370 10215 359 363 9 17 0 450 22 15 456 1 17 0 1 2 109
1371 10218 358 361 9 16 0 452 21 14 457 1 17 0 1 2 109
1372 10219 358 360 9 16 0 452 21 15 455 1 18 0 2 2 108
1373 10218 358 360 10 16 0 452 21 15 455 1 18 0 2 2 108
1374 10218 358 360 10 16 0 452 21 15 455 1 18 0 2 2 108
1375 10220 357 359 10 16 0 452 21 15 455 1 18 0 2 2 108
1376 10226 354 356 10 16 0 452 21 15 455 1 18 0 2 2 108
1377 10226 354 356 10 16 0 452 21 15 455 1 18 0 2 2 108
1378 10228 353 355 10 16 0 452 21 15 455 1 18 0 2 2 108
1379 10229 353 354 10 16 0 452 21 15 454 1 19 0 2 2 108
1380 10229 353 354 10 16 0 452 21 15 454 1 19 0 2 2 108
1381 10226 354 356 10 16 0 452 21 16 454 0 19 0 2 2 108
1382 10223 356 358 9 16 0 452 21 16 454 0 19 0 2 2 108
1383 10236 350 352 8 16 0 452 21 16 454 0 19 0 2 2 108
1384 10240 348 350 8 16 0 452 21 16 454 0 19 0 2 2 108
1385 10245 346 348 7 16 0 452 21 16 454 0 19 0 2 2 108
1386 10245 346 348 7 16 0 452 21 16 454 0 19 0 2 2 108
1387 10250 344 345 7 16 0 452 21 16 453 0 20 0 2 2 108
1388 10258 340 340 6 16 0 453 21 16 453 0 21 0 2 2 108
1389 10258 340 340 6 16 0 453 21 16 453 0 21 0 2 2 108
1390 10259 340 339 6 16 0 453 21 16 452 0 22 0 2 2 108
1391 10254 342 341 7 16 0 453 21 16 452 0 22 0 2 2 108
1392 10254 342 341 7 16 0 453 21 16 452 0 22 0 2 2 108
1393 10252 343 342 7 16 0 453 21 16 452 0 22 0 2 2 108
1394 10256 342 339 7 16 0 455 19 16 452 0 22 0 2 2 108
1395 10254 343 340 7 16 0 455 19 16 452 0 22 0 2 2 108
1396 10256 342 339 7 16 0 455 19 16 452 0 22 0 2 2 108
1397 10256 342 339 7 16 0 455 19 16 452 0 22 0 2 2 108
1398 10256 342 339 7 16 0 455 19 16 452 0 22 0 2 2 108
1399 10260 340 337 7 17 0 454 19 16 452 0 22 0 2 3 107
1400 10262 339 336 7 17 0 454 19 16 452 0 22 0 2 3 107
1401 10264 338 335 7 17 0 454 19 16 452 0 22 0 2 3 107
1402 10264 338 335 7 17 0 454 19 16 452 0 22 0 2 3 107
1403 10259 340 337 8 17 0 454 19 16 452 0 22 0 3 4 105
1404 10263 338 335 8 18 0 453 19 17 451 0 22 0 3 4 105
1405 10267 336 333 8 18 0 453 19 17 451 0 22 0 3 4 105
1406 10273 333 330 8 18 0 453 19 17 451 0 22 0 3 4 105
1407 10273 333 330 8 18 0 453 19 17 451 0 22 0 3 4 105
1408 10271 334 331 8 18 0 453 19 17 451 0 22 0 3 4 105
1409 10270 334 331 9 18 0 453 19 17 451 0 22 0 3 4 105
1410 10270 334 331 9 18 0 453 19 17 451 0 22 0 3 4 105
1411 10270 334 331 9 18 0 453 19 17 451 0 22 0 3 4 105
1412 10270 334 331 9 18 0 453 19 17 451 0 22 0 3 4 105
1413 10272 333 330 9 18 0 453 19 17 451 0 22 0 3 4 105
1414 10274 332 330 8 19 0 452 19 18 451 0 21 0 3 4 105
1415 10281 329 327 7 19 0 452 19 18 451 0 21 0 3 4 105
1416 10279 330 328 7 19 0 452 19 18 451 0 21 0 3 4 105
1417 10281 330 326 7 19 0 454 17 18 451 0 21 0 3 4 105
1418 10277 332 328 7 19 0 454 17 18 451 0 21 0 3 4 105
1419 10275 333 329 7 19 0 454 17 18 451 0 21 0 3 4 105
1420 10275 333 329 7 19 0 454 17 18 451 0 21 0 3 4 105
1421 10275 333 329 7 19 0 453 18 18 450 0 22 0 3 4 105
1422 10273 334 330 7 20 0 452 18 19 449 0 22 0 3 4 105
1423 10280 331 326 7 20 0 453 17 19 449 0 22 0 3 4 105
1424 10280 331 326 7 20 0 453 17 19 449 0 22 0 3 4 105
1425 10281 330 325 8 20 0 453 17 19 449 0 22 0 3 4 105
1426 10280 331 326 7 21 0 452 17 20 448 0 22 0 3 4 105
1427 10283 330 324 7 21 0 453 16 20 448 0 22 0 3 4 105
1428 10285 329 323 7 20 0 454 16 19 449 0 22 0 3 4 105
1429 10286 328 323 7 20 0 454 16 19 450 0 21 0 3 4 105
1430 10292 325 320 7 20 0 454 16 19 450 0 21 0 3 4 105
1431 10290 326 321 7 20 0 454 16 19 450 0 21 0 3 4 105
1432 10291 326 320 7 20 0 455 15 19 450 0 21 0 3 4 105
1433 10291 326 320 7 20 0 455 15 19 450 0 21 0 3 4 105
1434 10292 326 319 7 20 0 456 14 19 450 0 21 0 3 4 105
1435 10292 326 319 7 20 0 456 14 19 450 0 21 0 3 4 105
1436 10292 326 319 7 20 0 456 14 19 450 0 21 0 3 4 105
1437 10298 323 316 7 20 0 456 14 19 450 0 21 0 3 4 105
1438 10299 322 316 7 20 0 456 14 19 451 0 20 0 3 4 105
1439 10299 322 316 7 20 0 456 14 19 451 0 20 0 3 4 105
1440 10303 320 314 7 20 0 456 14 19 451 0 20 0 3 4 105
1441 10307 318 312 7 20 0 456 14 19 451 0 20 0 3 4 105
1442 10305 319 313 7 20 0 456 14 19 451 0 20 0 3 4 105
1443 10305 319 313 7 20 0 456 14 19 451 0 20 0 3 4 105
1444 10304 319 314 7 20 0 456 14 19 452 0 19 0 3 4 105
1445 10306 318 313 7 20 0 456 14 19 452 0 19 0 3 4 105
1446 10304 319 314 7 20 0 456 14 19 452 0 19 0 3 4 105
1447 10306 318 313 7 20 0 456 14 19 452 0 19 0 3 4 105
1448 10305 318 314 7 20 0 456 14 19 453 0 18 0 3 4 105
1449 10305 318 314 7 20 0 456 14 19 453 0 18 0 3 4 105
1450 10303 319 315 7 20 0 456 14 19 453 0 18 0 3 4 105
1451 10299 321 317 7 20 0 456 14 19 453 0 18 0 3 4 105
1452 10301 320 316 7 20 0 456 14 19 453 0 18 0 3 4 105
1453 10303 319 315 7 20 0 456 14 19 453 0 18 0 3 4 105
1454 10307 317 313 7 20 0 456 14 19 453 0 18 0 3 4 105
1455 10309 316 312 7 20 0 456 14 19 453 0 18 0 3 4 105
1456 10309 316 312 7 20 0 456 14 19 453 0 18 0 3 4 105
1457 10311 315 311 7 20 0 456 14 19 453 0 18 0 3 4 105
1458 10317 312 308 7 20 0 456 14 19 453 0 18 0 3 4 105
1459 10321 311 306 6 20 0 457 13 19 453 0 18 0 3 4 105
1460 10323 310 305 6 20 0 457 13 19 453 0 18 0 3 4 105
1461 10328 308 302 6 20 0 457 13 19 452 0 19 0 3 4 105
1462 10326 309 303 6 20 0 457 13 19 452 0 19 0 3 4 105
1463 10326 309 303 6 20 0 457 13 19 452 0 19 0 3 4 105
1464 10326 309 303 6 20 0 457 13 19 452 0 19 0 3 4 105
1465 10330 308 301 5 20 0 458 12 19 452 0 19 0 3 4 105
1466 10328 309 302 5 20 0 458 12 19 452 0 19 0 3 4 105
1467 10336 305 298 5 20 0 458 12 19 452 0 19 0 3 4 105
1468 10333 307 299 5 20 0 458 12 19 451 0 20 0 3 4 105
1469 10335 306 298 5 20 0 458 12 19 451 0 20 0 3 4 105
1470 10339 304 296 5 20 0 458 12 19 451 0 20 0 3 4 105
1471 10343 302 294 5 20 0 458 12 19 451 0 20 0 3 4 105
1472 10347 300 292 5 20 0 458 12 19 451 0 20 0 3 4 105
1473 10346 300 293 5 20 0 457 13 19 451 0 20 0 3 4 105
1474 10348 299 292 5 20 0 457 13 19 451 0 20 0 3 4 105
1475 10350 298 291 5 20 0 457 13 19 451 0 20 0 3 4 105
1476 10350 298 291 5 20 0 457 13 19 451 0 20 0 3 4 105
1477 10352 297 290 5 20 0 457 13 19 451 0 20 0 3 4 105
1478 10351 297 290 6 20 0 457 13 19 451 0 20 0 3 4 105
1479 10349 298 291 6 20 0 457 13 19 451 0 20 0 3 4 105
1480 10352 296 290 6 20 0 457 13 19 452 0 19 0 3 4 105
1481 10352 296 290 6 20 0 457 13 19 452 0 19 0 3 4 105
1482 10353 295 290 6 20 0 457 13 19 453 0 18 0 3 4 105
1483 10355 294 289 6 20 0 457 13 19 453 0 18 0 3 4 105
1484 10359 292 287 6 19 0 458 13 18 454 0 18 0 3 4 105
1485 10355 294 289 6 19 0 458 13 18 454 0 18 0 3 4 105
1486 10351 296 291 6 19 0 458 13 18 454 0 18 0 3 4 105
1487 10353 295 290 6 19 0 458 13 18 454 0 18 0 3 4 105
1488 10355 294 289 6 19 0 458 13 18 454 0 18 0 3 4 105
1489 10359 292 287 6 19 0 459 12 18 455 0 17 0 3 4 105
1490 10358 292 287 7 19 0 459 12 18 455 0 17 0 3 4 105
1491 10356 293 288 7 19 0 459 12 18 455 0 17 0 3 4 105
1492 10352 295 290 7 19 0 459 12 18 455 0 17 0 3 4 105
1493 10350 296 291 7 19 0 459 12 18 455 0 17 0 3 4 105
1494 10352 295 290 7 19 0 459 12 18 455 0 17 0 3 4 105
1495 10354 294 289 7 19 0 459 12 18 455 0 17 0 3 4 105
1496 10356 293 288 7 20 0 458 12 19 454 0 17 0 3 4 105
1497 10360 291 286 7 21 0 457 12 19 454 0 17 0 3 5 104
1498 10360 291 286 7 21 0 457 12 19 454 0 17 0 3 5 104
1499 10362 290 285 7 21 0 457 12 19 454 0 17 0 3 5 104
1500 10364 289 284 7 21 0 457 12 19 454 0 17 0 3 5 104
