0 1716 2860
1 1707 2869
2 1712 2864
3 1702 2874
4 1696 2880
5 1688 2888
6 1704 2872
7 1706 2870
8 1695 2881
9 1691 2885
10 1686 2890
11 1697 2879
12 1685 2891
13 1680 2896
14 1683 2893
15 1709 2867
16 1699 2877
17 1692 2884
18 1706 2870
19 1701 2875
20 1700 2876
21 1696 2880
22 1702 2874
23 1711 2865
24 1715 2861
25 1699 2877
26 1706 2870
27 1716 2860
28 1705 2871
29 1734 2842
30 1742 2834
31 1756 2820
32 1768 2808
33 1755 2821
34 1757 2819
35 1756 2820
36 1755 2821
37 1771 2805
38 1794 2782
39 1780 2796
40 1760 2816
41 1743 2833
42 1744 2832
43 1736 2840
44 1730 2846
45 1759 2817
46 1769 2807
47 1768 2808
48 1766 2810
49 1767 2809
50 1758 2818
51 1769 2807
52 1770 2806
53 1762 2814
54 1764 2812
55 1777 2799
56 1781 2795
57 1772 2804
58 1789 2787
59 1781 2795
60 1793 2783
61 1771 2805
62 1774 2802
63 1785 2791
64 1767 2809
65 1766 2810
66 1747 2829
67 1766 2810
68 1767 2809
69 1782 2794
70 1775 2801
71 1775 2801
72 1785 2791
73 1801 2775
74 1805 2771
75 1809 2767
76 1796 2780
77 1778 2798
78 1780 2796
79 1774 2802
80 1772 2804
81 1765 2811
82 1757 2819
83 1754 2822
84 1748 2828
85 1719 2857
86 1737 2839
87 1739 2837
88 1748 2828
89 1766 2810
90 1779 2797
91 1783 2793
92 1796 2780
93 1794 2782
94 1784 2792
95 1787 2789
96 1779 2797
97 1779 2797
98 1773 2803
99 1767 2809
100 1779 2797
101 1762 2814
102 1760 2816
103 1746 2830
104 1741 2835
105 1757 2819
106 1747 2829
107 1745 2831
108 1760 2816
109 1754 2822
110 1749 2827
111 1743 2833
112 1760 2816
113 1758 2818
114 1748 2828
115 1759 2817
116 1757 2819
117 1757 2819
118 1732 2844
119 1738 2838
120 1766 2810
121 1754 2822
122 1756 2820
123 1765 2811
124 1754 2822
125 1759 2817
126 1778 2798
127 1771 2805
128 1774 2802
129 1769 2807
130 1779 2797
131 1760 2816
132 1752 2824
133 1740 2836
134 1722 2854
135 1726 2850
136 1736 2840
137 1736 2840
138 1741 2835
139 1751 2825
140 1754 2822
141 1752 2824
142 1743 2833
143 1767 2809
144 1764 2812
145 1763 2813
146 1773 2803
147 1795 2781
148 1792 2784
149 1786 2790
150 1810 2766
151 1827 2749
152 1826 2750
153 1813 2763
154 1823 2753
155 1843 2733
156 1841 2735
157 1836 2740
158 1828 2748
159 1840 2736
160 1826 2750
161 1831 2745
162 1806 2770
163 1813 2763
164 1832 2744
165 1833 2743
166 1816 2760
167 1831 2745
168 1838 2738
169 1841 2735
170 1857 2719
171 1860 2716
172 1856 2720
173 1867 2709
174 1877 2699
175 1861 2715
176 1834 2742
177 1819 2757
178 1847 2729
179 1827 2749
180 1820 2756
181 1820 2756
182 1819 2757
183 1841 2735
184 1829 2747
185 1850 2726
186 1856 2720
187 1846 2730
188 1845 2731
189 1846 2730
190 1858 2718
191 1854 2722
192 1858 2718
193 1847 2729
194 1854 2722
195 1857 2719
196 1848 2728
197 1852 2724
198 1841 2735
199 1836 2740
200 1827 2749
201 1840 2736
202 1822 2754
203 1831 2745
204 1837 2739
205 1834 2742
206 1822 2754
207 1837 2739
208 1852 2724
209 1848 2728
210 1863 2713
211 1862 2714
212 1850 2726
213 1853 2723
214 1856 2720
215 1845 2731
216 1862 2714
217 1828 2748
218 1828 2748
219 1832 2744
220 1850 2726
221 1857 2719
222 1866 2710
223 1866 2710
224 1868 2708
225 1869 2707
226 1872 2704
227 1867 2709
228 1842 2734
229 1851 2725
230 1863 2713
231 1860 2716
232 1835 2741
233 1844 2732
234 1838 2738
235 1817 2759
236 1827 2749
237 1832 2744
238 1836 2740
239 1831 2745
240 1850 2726
241 1833 2743
242 1835 2741
243 1851 2725
244 1850 2726
245 1845 2731
246 1843 2733
247 1829 2747
248 1845 2731
249 1856 2720
250 1853 2723
251 1843 2733
252 1843 2733
253 1872 2704
254 1883 2693
255 1881 2695
256 1871 2705
257 1863 2713
258 1858 2718
259 1840 2736
260 1836 2740
261 1837 2739
262 1833 2743
263 1841 2735
264 1841 2735
265 1847 2729
266 1836 2740
267 1843 2733
268 1841 2735
269 1847 2729
270 1876 2700
271 1869 2707
272 1874 2702
273 1887 2689
274 1867 2709
275 1868 2708
276 1862 2714
277 1851 2725
278 1855 2721
279 1846 2730
280 1844 2732
281 1844 2732
282 1836 2740
283 1839 2737
284 1834 2742
285 1842 2734
286 1831 2745
287 1854 2722
288 1879 2697
289 1883 2693
290 1891 2685
291 1902 2674
292 1902 2674
293 1890 2686
294 1894 2682
295 1907 2669
296 1895 2681
297 1897 2679
298 1882 2694
299 1877 2699
300 1871 2705
301 1853 2723
302 1855 2721
303 1847 2729
304 1831 2745
305 1810 2766
306 1817 2759
307 1820 2756
308 1828 2748
309 1824 2752
310 1819 2757
311 1827 2749
312 1837 2739
313 1821 2755
314 1829 2747
315 1832 2744
316 1834 2742
317 1828 2748
318 1811 2765
319 1818 2758
320 1836 2740
321 1849 2727
322 1848 2728
323 1866 2710
324 1864 2712
325 1855 2721
326 1872 2704
327 1870 2706
328 1875 2701
329 1885 2691
330 1876 2700
331 1885 2691
332 1881 2695
333 1856 2720
334 1874 2702
335 1881 2695
336 1879 2697
337 1883 2693
338 1898 2678
339 1889 2687
340 1899 2677
341 1915 2661
342 1906 2670
343 1906 2670
344 1896 2680
345 1910 2666
346 1915 2661
347 1919 2657
348 1916 2660
349 1939 2637
350 1950 2626
351 1957 2619
352 1950 2626
353 1970 2606
354 1957 2619
355 1970 2606
356 1961 2615
357 1966 2610
358 1965 2611
359 1967 2609
360 1959 2617
361 1943 2633
362 1954 2622
363 1937 2639
364 1949 2627
365 1954 2622
366 1964 2612
367 1964 2612
368 1967 2609
369 1972 2604
370 1973 2603
371 2011 2565
372 1995 2581
373 1979 2597
374 1969 2607
375 1959 2617
376 1954 2622
377 1956 2620
378 1951 2625
379 1956 2620
380 1944 2632
381 1968 2608
382 1981 2595
383 1993 2583
384 1982 2594
385 2002 2574
386 1995 2581
387 1969 2607
388 1956 2620
389 1969 2607
390 1955 2621
391 1958 2618
392 1963 2613
393 1957 2619
394 1969 2607
395 1983 2593
396 1990 2586
397 1981 2595
398 1962 2614
399 1968 2608
400 1975 2601
401 1977 2599
402 1960 2616
403 1971 2605
404 1974 2602
405 1986 2590
406 1980 2596
407 1965 2611
408 1991 2585
409 1994 2582
410 1989 2587
411 1998 2578
412 1989 2587
413 1977 2599
414 1977 2599
415 1996 2580
416 2015 2561
417 2016 2560
418 2008 2568
419 1990 2586
420 2000 2576
421 1990 2586
422 1983 2593
423 1996 2580
424 2006 2570
425 2006 2570
426 2010 2566
427 2027 2549
428 2030 2546
429 2021 2555
430 2034 2542
431 2029 2547
432 2023 2553
433 2011 2565
434 2022 2554
435 2017 2559
436 2013 2563
437 2006 2570
438 2002 2574
439 1994 2582
440 1994 2582
441 1992 2584
442 1986 2590
443 1966 2610
444 1950 2626
445 1951 2625
446 1942 2634
447 1956 2620
448 1952 2624
449 1956 2620
450 1961 2615
451 1948 2628
452 1941 2635
453 1922 2654
454 1935 2641
455 1945 2631
456 1959 2617
457 1967 2609
458 1972 2604
459 1978 2598
460 1964 2612
461 1963 2613
462 1945 2631
463 1953 2623
464 1967 2609
465 1964 2612
466 1988 2588
467 1991 2585
468 1992 2584
469 1991 2585
470 1971 2605
471 1964 2612
472 1962 2614
473 1948 2628
474 1938 2638
475 1943 2633
476 1948 2628
477 1944 2632
478 1968 2608
479 1964 2612
480 1963 2613
481 1938 2638
482 1947 2629
483 1951 2625
484 1951 2625
485 1957 2619
486 1970 2606
487 1972 2604
488 1973 2603
489 1985 2591
490 2004 2572
491 1995 2581
492 2001 2575
493 1999 2577
494 1989 2587
495 1987 2589
496 1991 2585
497 1991 2585
498 1990 2586
499 1976 2600
500 1991 2585
501 1988 2588
502 1994 2582
503 1996 2580
504 1988 2588
505 1970 2606
506 1951 2625
507 1947 2629
508 1932 2644
509 1925 2651
510 1934 2642
511 1942 2634
512 1927 2649
513 1932 2644
514 1955 2621
515 1951 2625
516 1953 2623
517 1950 2626
518 1950 2626
519 1959 2617
520 1959 2617
521 1966 2610
522 1971 2605
523 1985 2591
524 1982 2594
525 1986 2590
526 2018 2558
527 2005 2571
528 2014 2562
529 2002 2574
530 2000 2576
531 1993 2583
532 2001 2575
533 2005 2571
534 2014 2562
535 2035 2541
536 2040 2536
537 2033 2543
538 2000 2576
539 1998 2578
540 1995 2581
541 2001 2575
542 2000 2576
543 2009 2567
544 2014 2562
545 2018 2558
546 2025 2551
547 2031 2545
548 2033 2543
549 2023 2553
550 2024 2552
551 2016 2560
552 2013 2563
553 2021 2555
554 2009 2567
555 2006 2570
556 2022 2554
557 2032 2544
558 2032 2544
559 2016 2560
560 2024 2552
561 1984 2592
562 1993 2583
563 1988 2588
564 1991 2585
565 1985 2591
566 2004 2572
567 2004 2572
568 2001 2575
569 2017 2559
570 2011 2565
571 1986 2590
572 1982 2594
573 1977 2599
574 1968 2608
575 1954 2622
576 1959 2617
577 1960 2616
578 1949 2627
579 1958 2618
580 1972 2604
581 1987 2589
582 2014 2562
583 2004 2572
584 2017 2559
585 2000 2576
586 2007 2569
587 2011 2565
588 2007 2569
589 2002 2574
590 2021 2555
591 2026 2550
592 2037 2539
593 2040 2536
594 2046 2530
595 2064 2512
596 2061 2515
597 2058 2518
598 2064 2512
599 2069 2507
600 2050 2526
601 2060 2516
602 2066 2510
603 2055 2521
604 2060 2516
605 2062 2514
606 2060 2516
607 2059 2517
608 2074 2502
609 2085 2491
610 2082 2494
611 2076 2500
612 2066 2510
613 2066 2510
614 2097 2479
615 2105 2471
616 2092 2484
617 2058 2518
618 2054 2522
619 2044 2532
620 2055 2521
621 2064 2512
622 2075 2501
623 2091 2485
624 2085 2491
625 2070 2506
626 2069 2507
627 2053 2523
628 2061 2515
629 2053 2523
630 2064 2512
631 2072 2504
632 2070 2506
633 2071 2505
634 2091 2485
635 2094 2482
636 2100 2476
637 2103 2473
638 2107 2469
639 2101 2475
640 2112 2464
641 2106 2470
642 2110 2466
643 2091 2485
644 2104 2472
645 2120 2456
646 2106 2470
647 2095 2481
648 2100 2476
649 2088 2488
650 2092 2484
651 2082 2494
652 2071 2505
653 2064 2512
654 2070 2506
655 2071 2505
656 2068 2508
657 2054 2522
658 2062 2514
659 2050 2526
660 2052 2524
661 2036 2540
662 2025 2551
663 2022 2554
664 2031 2545
665 2026 2550
666 2030 2546
667 2013 2563
668 2031 2545
669 2033 2543
670 2021 2555
671 2011 2565
672 2013 2563
673 2033 2543
674 2033 2543
675 2022 2554
676 2009 2567
677 1995 2581
678 2018 2558
679 2021 2555
680 2031 2545
681 2039 2537
682 2043 2533
683 2031 2545
684 2040 2536
685 2047 2529
686 2043 2533
687 2035 2541
688 2021 2555
689 2031 2545
690 2017 2559
691 2030 2546
692 2028 2548
693 2014 2562
694 2026 2550
695 2030 2546
696 2043 2533
697 2026 2550
698 2015 2561
699 2013 2563
700 2004 2572
701 2015 2561
702 2020 2556
703 2016 2560
704 2022 2554
705 2007 2569
706 2019 2557
707 2009 2567
708 2021 2555
709 2023 2553
710 2041 2535
711 2037 2539
712 2021 2555
713 2023 2553
714 2017 2559
715 2016 2560
716 2010 2566
717 2011 2565
718 1995 2581
719 1992 2584
720 2015 2561
721 2011 2565
722 2005 2571
723 2008 2568
724 2027 2549
725 2016 2560
726 2028 2548
727 2048 2528
728 2052 2524
729 2052 2524
730 2045 2531
731 2027 2549
732 2036 2540
733 2047 2529
734 2041 2535
735 2012 2564
736 1999 2577
737 1995 2581
738 2005 2571
739 2016 2560
740 2023 2553
741 2024 2552
742 2029 2547
743 2009 2567
744 2019 2557
745 2021 2555
746 2017 2559
747 2020 2556
748 2029 2547
749 2029 2547
750 2037 2539
751 2031 2545
752 2037 2539
753 2029 2547
754 2024 2552
755 2017 2559
756 2023 2553
757 2022 2554
758 2037 2539
759 2044 2532
760 2031 2545
761 2037 2539
762 2044 2532
763 2050 2526
764 2067 2509
765 2070 2506
766 2070 2506
767 2070 2506
768 2073 2503
769 2075 2501
770 2081 2495
771 2072 2504
772 2058 2518
773 2065 2511
774 2094 2482
775 2106 2470
776 2107 2469
777 2112 2464
778 2129 2447
779 2127 2449
780 2114 2462
781 2102 2474
782 2114 2462
783 2118 2458
784 2121 2455
785 2131 2445
786 2122 2454
787 2117 2459
788 2126 2450
789 2089 2487
790 2102 2474
791 2108 2468
792 2101 2475
793 2102 2474
794 2097 2479
795 2100 2476
796 2098 2478
797 2102 2474
798 2107 2469
799 2112 2464
800 2100 2476
801 2104 2472
802 2092 2484
803 2093 2483
804 2091 2485
805 2087 2489
806 2089 2487
807 2087 2489
808 2094 2482
809 2080 2496
810 2088 2488
811 2101 2475
812 2088 2488
813 2097 2479
814 2093 2483
815 2103 2473
816 2110 2466
817 2114 2462
818 2094 2482
819 2079 2497
820 2074 2502
821 2084 2492
822 2082 2494
823 2107 2469
824 2110 2466
825 2115 2461
826 2131 2445
827 2133 2443
828 2129 2447
829 2103 2473
830 2090 2486
831 2101 2475
832 2091 2485
833 2094 2482
834 2118 2458
835 2096 2480
836 2078 2498
837 2086 2490
838 2078 2498
839 2068 2508
840 2068 2508
841 2081 2495
842 2085 2491
843 2066 2510
844 2067 2509
845 2063 2513
846 2059 2517
847 2062 2514
848 2079 2497
849 2061 2515
850 2064 2512
851 2077 2499
852 2068 2508
853 2083 2493
854 2074 2502
855 2067 2509
856 2071 2505
857 2094 2482
858 2092 2484
859 2096 2480
860 2092 2484
861 2099 2477
862 2114 2462
863 2080 2496
864 2078 2498
865 2081 2495
866 2083 2493
867 2080 2496
868 2070 2506
869 2073 2503
870 2086 2490
871 2074 2502
872 2094 2482
873 2085 2491
874 2091 2485
875 2067 2509
876 2054 2522
877 2038 2538
878 2050 2526
879 2051 2525
880 2052 2524
881 2056 2520
882 2056 2520
883 2063 2513
884 2046 2530
885 2032 2544
886 2029 2547
887 2027 2549
888 2024 2552
889 2023 2553
890 2016 2560
891 2010 2566
892 2013 2563
893 2018 2558
894 2012 2564
895 2009 2567
896 2016 2560
897 2025 2551
898 2013 2563
899 2014 2562
900 2012 2564
901 1992 2584
902 2008 2568
903 1998 2578
904 2024 2552
905 2038 2538
906 2027 2549
907 2022 2554
908 2033 2543
909 2041 2535
910 2051 2525
911 2043 2533
912 2041 2535
913 2046 2530
914 2044 2532
915 2047 2529
916 2061 2515
917 2069 2507
918 2084 2492
919 2094 2482
920 2088 2488
921 2093 2483
922 2106 2470
923 2109 2467
924 2101 2475
925 2096 2480
926 2094 2482
927 2082 2494
928 2097 2479
929 2087 2489
930 2099 2477
931 2078 2498
932 2084 2492
933 2064 2512
934 2087 2489
935 2088 2488
936 2077 2499
937 2082 2494
938 2076 2500
939 2059 2517
940 2053 2523
941 2052 2524
942 2059 2517
943 2047 2529
944 2047 2529
945 2070 2506
946 2062 2514
947 2051 2525
948 2052 2524
949 2055 2521
950 2067 2509
951 2055 2521
952 2061 2515
953 2058 2518
954 2048 2528
955 2037 2539
956 2023 2553
957 2018 2558
958 2043 2533
959 2043 2533
960 2041 2535
961 2021 2555
962 2023 2553
963 2059 2517
964 2067 2509
965 2062 2514
966 2069 2507
967 2066 2510
968 2078 2498
969 2082 2494
970 2088 2488
971 2079 2497
972 2092 2484
973 2097 2479
974 2102 2474
975 2103 2473
976 2114 2462
977 2119 2457
978 2128 2448
979 2143 2433
980 2138 2438
981 2133 2443
982 2130 2446
983 2137 2439
984 2138 2438
985 2117 2459
986 2126 2450
987 2134 2442
988 2135 2441
989 2134 2442
990 2142 2434
991 2132 2444
992 2134 2442
993 2132 2444
994 2133 2443
995 2142 2434
996 2136 2440
997 2136 2440
998 2142 2434
999 2131 2445
1000 2128 2448
1001 2134 2442
1002 2152 2424
1003 2158 2418
1004 2163 2413
1005 2158 2418
1006 2162 2414
1007 2154 2422
1008 2162 2414
1009 2147 2429
1010 2162 2414
1011 2162 2414
1012 2175 2401
1013 2175 2401
1014 2169 2407
1015 2168 2408
1016 2152 2424
1017 2142 2434
1018 2136 2440
1019 2129 2447
1020 2130 2446
1021 2130 2446
1022 2118 2458
1023 2119 2457
1024 2133 2443
1025 2145 2431
1026 2143 2433
1027 2137 2439
1028 2140 2436
1029 2133 2443
1030 2135 2441
1031 2133 2443
1032 2130 2446
1033 2132 2444
1034 2135 2441
1035 2136 2440
1036 2128 2448
1037 2119 2457
1038 2128 2448
1039 2137 2439
1040 2129 2447
1041 2115 2461
1042 2123 2453
1043 2110 2466
1044 2099 2477
1045 2102 2474
1046 2112 2464
1047 2128 2448
1048 2122 2454
1049 2135 2441
1050 2134 2442
1051 2153 2423
1052 2146 2430
1053 2143 2433
1054 2139 2437
1055 2141 2435
1056 2151 2425
1057 2148 2428
1058 2143 2433
1059 2142 2434
1060 2167 2409
1061 2143 2433
1062 2143 2433
1063 2135 2441
1064 2139 2437
1065 2124 2452
1066 2114 2462
1067 2094 2482
1068 2089 2487
1069 2094 2482
1070 2070 2506
1071 2084 2492
1072 2075 2501
1073 2065 2511
1074 2074 2502
1075 2082 2494
1076 2072 2504
1077 2066 2510
1078 2047 2529
1079 2065 2511
1080 2069 2507
1081 2060 2516
1082 2061 2515
1083 2067 2509
1084 2065 2511
1085 2067 2509
1086 2072 2504
1087 2053 2523
1088 2068 2508
1089 2078 2498
1090 2078 2498
1091 2065 2511
1092 2059 2517
1093 2052 2524
1094 2057 2519
1095 2056 2520
1096 2057 2519
1097 2053 2523
1098 2064 2512
1099 2074 2502
1100 2076 2500
1101 2085 2491
1102 2071 2505
1103 2071 2505
1104 2048 2528
1105 2049 2527
1106 2046 2530
1107 2053 2523
1108 2057 2519
1109 2070 2506
1110 2081 2495
1111 2068 2508
1112 2085 2491
1113 2081 2495
1114 2086 2490
1115 2092 2484
1116 2075 2501
1117 2076 2500
1118 2056 2520
1119 2052 2524
1120 2061 2515
1121 2045 2531
1122 2057 2519
1123 2050 2526
1124 2050 2526
1125 2074 2502
1126 2077 2499
1127 2047 2529
1128 2052 2524
1129 2046 2530
1130 2058 2518
1131 2052 2524
1132 2056 2520
1133 2055 2521
1134 2044 2532
1135 2058 2518
1136 2053 2523
1137 2055 2521
1138 2037 2539
1139 2025 2551
1140 2020 2556
1141 2024 2552
1142 2036 2540
1143 2039 2537
1144 2028 2548
1145 2043 2533
1146 2058 2518
1147 2052 2524
1148 2053 2523
1149 2045 2531
1150 2051 2525
1151 2079 2497
1152 2075 2501
1153 2085 2491
1154 2078 2498
1155 2061 2515
1156 2075 2501
1157 2086 2490
1158 2072 2504
1159 2085 2491
1160 2072 2504
1161 2095 2481
1162 2098 2478
1163 2097 2479
1164 2090 2486
1165 2107 2469
1166 2114 2462
1167 2120 2456
1168 2120 2456
1169 2094 2482
1170 2085 2491
1171 2089 2487
1172 2073 2503
1173 2061 2515
1174 2047 2529
1175 2044 2532
1176 2056 2520
1177 2056 2520
1178 2069 2507
1179 2051 2525
1180 2059 2517
1181 2076 2500
1182 2044 2532
1183 2041 2535
1184 2041 2535
1185 2051 2525
1186 2052 2524
1187 2056 2520
1188 2046 2530
1189 2044 2532
1190 2044 2532
1191 2036 2540
1192 2042 2534
1193 2029 2547
1194 2018 2558
1195 2024 2552
1196 2028 2548
1197 2014 2562
1198 2018 2558
1199 2021 2555
1200 2024 2552
1201 2010 2566
1202 1997 2579
1203 1995 2581
1204 1992 2584
1205 1998 2578
1206 2010 2566
1207 2010 2566
1208 2009 2567
1209 1993 2583
1210 2009 2567
1211 2005 2571
1212 1998 2578
1213 2009 2567
1214 2020 2556
1215 2053 2523
1216 2057 2519
1217 2049 2527
1218 2058 2518
1219 2044 2532
1220 2050 2526
1221 2040 2536
1222 2044 2532
1223 2051 2525
1224 2042 2534
1225 2043 2533
1226 2038 2538
1227 2046 2530
1228 2056 2520
1229 2054 2522
1230 2036 2540
1231 2028 2548
1232 2026 2550
1233 2037 2539
1234 2030 2546
1235 2044 2532
1236 2060 2516
1237 2049 2527
1238 2056 2520
1239 2037 2539
1240 2048 2528
1241 2050 2526
1242 2063 2513
1243 2076 2500
1244 2069 2507
1245 2065 2511
1246 2067 2509
1247 2059 2517
1248 2076 2500
1249 2059 2517
1250 2055 2521
1251 2042 2534
1252 2033 2543
1253 2028 2548
1254 2029 2547
1255 2017 2559
1256 2012 2564
1257 2019 2557
1258 2012 2564
1259 2002 2574
1260 1993 2583
1261 1979 2597
1262 1970 2606
1263 1968 2608
1264 1963 2613
1265 1955 2621
1266 1958 2618
1267 1954 2622
1268 1976 2600
1269 1995 2581
1270 1997 2579
1271 1988 2588
1272 1998 2578
1273 1976 2600
1274 1979 2597
1275 1960 2616
1276 1970 2606
1277 1971 2605
1278 1978 2598
1279 1960 2616
1280 1975 2601
1281 1972 2604
1282 1955 2621
1283 1964 2612
1284 1952 2624
1285 1957 2619
1286 1977 2599
1287 1977 2599
1288 1969 2607
1289 1976 2600
1290 1966 2610
1291 1983 2593
1292 1997 2579
1293 1989 2587
1294 1965 2611
1295 1964 2612
1296 1964 2612
1297 1992 2584
1298 2001 2575
1299 1981 2595
1300 1973 2603
1301 1971 2605
1302 1978 2598
1303 1959 2617
1304 1960 2616
1305 1978 2598
1306 1971 2605
1307 1977 2599
1308 1985 2591
1309 1974 2602
1310 1971 2605
1311 1987 2589
1312 1991 2585
1313 1993 2583
1314 1981 2595
1315 1972 2604
1316 1970 2606
1317 1957 2619
1318 1963 2613
1319 1959 2617
1320 1947 2629
1321 1955 2621
1322 1938 2638
1323 1925 2651
1324 1920 2656
1325 1943 2633
1326 1944 2632
1327 1936 2640
1328 1933 2643
1329 1913 2663
1330 1930 2646
1331 1947 2629
1332 1962 2614
1333 1961 2615
1334 1955 2621
1335 1947 2629
1336 1976 2600
1337 1965 2611
1338 1965 2611
1339 1962 2614
1340 1952 2624
1341 1957 2619
1342 1962 2614
1343 1963 2613
1344 1954 2622
1345 1963 2613
1346 1977 2599
1347 1961 2615
1348 1959 2617
1349 1959 2617
1350 1963 2613
1351 1951 2625
1352 1975 2601
1353 1952 2624
1354 1955 2621
1355 1957 2619
1356 1970 2606
1357 1973 2603
1358 1957 2619
1359 1954 2622
1360 1954 2622
1361 1947 2629
1362 1952 2624
1363 1957 2619
1364 1956 2620
1365 1950 2626
1366 1938 2638
1367 1952 2624
1368 1950 2626
1369 1952 2624
1370 1958 2618
1371 1958 2618
1372 1932 2644
1373 1927 2649
1374 1931 2645
1375 1952 2624
1376 1939 2637
1377 1939 2637
1378 1929 2647
1379 1924 2652
1380 1938 2638
1381 1942 2634
1382 1949 2627
1383 1949 2627
1384 1955 2621
1385 1948 2628
1386 1947 2629
1387 1934 2642
1388 1950 2626
1389 1941 2635
1390 1939 2637
1391 1934 2642
1392 1916 2660
1393 1911 2665
1394 1897 2679
1395 1926 2650
1396 1936 2640
1397 1928 2648
1398 1932 2644
1399 1939 2637
1400 1933 2643
1401 1921 2655
1402 1934 2642
1403 1919 2657
1404 1911 2665
1405 1900 2676
1406 1908 2668
1407 1906 2670
1408 1916 2660
1409 1930 2646
1410 1931 2645
1411 1920 2656
1412 1906 2670
1413 1914 2662
1414 1922 2654
1415 1905 2671
1416 1903 2673
1417 1893 2683
1418 1913 2663
1419 1895 2681
1420 1902 2674
1421 1911 2665
1422 1926 2650
1423 1928 2648
1424 1931 2645
1425 1932 2644
1426 1952 2624
1427 1939 2637
1428 1954 2622
1429 1946 2630
1430 1951 2625
1431 1942 2634
1432 1941 2635
1433 1957 2619
1434 1935 2641
1435 1932 2644
1436 1937 2639
1437 1956 2620
1438 1938 2638
1439 1946 2630
1440 1947 2629
1441 1952 2624
1442 1931 2645
1443 1938 2638
1444 1934 2642
1445 1935 2641
1446 1928 2648
1447 1923 2653
1448 1926 2650
1449 1909 2667
1450 1905 2671
1451 1899 2677
1452 1872 2704
1453 1879 2697
1454 1874 2702
1455 1886 2690
1456 1901 2675
1457 1887 2689
1458 1899 2677
1459 1884 2692
1460 1901 2675
1461 1900 2676
1462 1889 2687
1463 1891 2685
1464 1891 2685
1465 1875 2701
1466 1878 2698
1467 1881 2695
1468 1894 2682
1469 1898 2678
1470 1873 2703
1471 1871 2705
1472 1865 2711
1473 1865 2711
1474 1874 2702
1475 1852 2724
1476 1864 2712
1477 1890 2686
1478 1880 2696
1479 1891 2685
1480 1899 2677
1481 1898 2678
1482 1902 2674
1483 1862 2714
1484 1857 2719
1485 1868 2708
1486 1869 2707
1487 1873 2703
1488 1884 2692
1489 1885 2691
1490 1873 2703
1491 1877 2699
1492 1908 2668
1493 1927 2649
1494 1924 2652
1495 1925 2651
1496 1931 2645
1497 1934 2642
1498 1938 2638
1499 1907 2669
1500 1913 2663
1501 1903 2673
1502 1895 2681
1503 1898 2678
1504 1912 2664
1505 1913 2663
1506 1922 2654
1507 1924 2652
1508 1929 2647
1509 1919 2657
1510 1926 2650
1511 1927 2649
1512 1919 2657
1513 1936 2640
1514 1954 2622
1515 1947 2629
1516 1956 2620
1517 1931 2645
1518 1938 2638
1519 1937 2639
1520 1944 2632
1521 1945 2631
1522 1952 2624
1523 1949 2627
1524 1937 2639
1525 1910 2666
1526 1902 2674
1527 1925 2651
1528 1936 2640
1529 1931 2645
1530 1909 2667
1531 1919 2657
1532 1915 2661
1533 1915 2661
1534 1928 2648
1535 1914 2662
1536 1896 2680
1537 1891 2685
1538 1890 2686
1539 1902 2674
1540 1905 2671
1541 1918 2658
1542 1907 2669
1543 1904 2672
1544 1906 2670
1545 1920 2656
1546 1898 2678
1547 1875 2701
1548 1893 2683
1549 1891 2685
1550 1904 2672
1551 1897 2679
1552 1891 2685
1553 1900 2676
1554 1909 2667
1555 1892 2684
1556 1891 2685
1557 1900 2676
1558 1903 2673
1559 1889 2687
1560 1883 2693
1561 1866 2710
1562 1871 2705
1563 1874 2702
1564 1867 2709
1565 1845 2731
1566 1855 2721
1567 1857 2719
1568 1872 2704
1569 1873 2703
1570 1855 2721
1571 1875 2701
1572 1889 2687
1573 1883 2693
1574 1874 2702
1575 1860 2716
1576 1863 2713
1577 1871 2705
1578 1870 2706
1579 1874 2702
1580 1874 2702
1581 1860 2716
1582 1858 2718
1583 1867 2709
1584 1868 2708
1585 1822 2754
1586 1819 2757
1587 1836 2740
1588 1833 2743
1589 1826 2750
1590 1833 2743
1591 1835 2741
1592 1832 2744
1593 1828 2748
1594 1820 2756
1595 1825 2751
1596 1840 2736
1597 1857 2719
1598 1854 2722
1599 1841 2735
1600 1845 2731
1601 1827 2749
1602 1845 2731
1603 1848 2728
1604 1840 2736
1605 1839 2737
1606 1832 2744
1607 1855 2721
1608 1862 2714
1609 1860 2716
1610 1865 2711
1611 1866 2710
1612 1856 2720
1613 1856 2720
1614 1862 2714
1615 1857 2719
1616 1853 2723
1617 1844 2732
1618 1842 2734
1619 1840 2736
1620 1822 2754
1621 1811 2765
1622 1799 2777
1623 1818 2758
1624 1817 2759
1625 1824 2752
1626 1821 2755
1627 1825 2751
1628 1827 2749
1629 1817 2759
1630 1831 2745
1631 1834 2742
1632 1843 2733
1633 1867 2709
1634 1873 2703
1635 1869 2707
1636 1842 2734
1637 1846 2730
1638 1853 2723
1639 1853 2723
1640 1860 2716
1641 1860 2716
1642 1873 2703
1643 1870 2706
1644 1863 2713
1645 1870 2706
1646 1852 2724
1647 1850 2726
1648 1836 2740
1649 1842 2734
1650 1857 2719
1651 1852 2724
1652 1843 2733
1653 1839 2737
1654 1851 2725
1655 1863 2713
1656 1866 2710
1657 1884 2692
1658 1869 2707
1659 1847 2729
1660 1857 2719
1661 1855 2721
1662 1860 2716
1663 1859 2717
1664 1857 2719
1665 1856 2720
1666 1878 2698
1667 1866 2710
1668 1873 2703
1669 1873 2703
1670 1881 2695
1671 1866 2710
1672 1865 2711
1673 1869 2707
1674 1861 2715
1675 1845 2731
1676 1834 2742
1677 1838 2738
1678 1854 2722
1679 1834 2742
1680 1819 2757
1681 1819 2757
1682 1820 2756
1683 1821 2755
1684 1836 2740
1685 1840 2736
1686 1823 2753
1687 1842 2734
1688 1850 2726
1689 1861 2715
1690 1847 2729
1691 1860 2716
1692 1866 2710
1693 1860 2716
1694 1860 2716
1695 1882 2694
1696 1861 2715
1697 1853 2723
1698 1837 2739
1699 1837 2739
1700 1817 2759
1701 1809 2767
1702 1809 2767
1703 1810 2766
1704 1801 2775
1705 1801 2775
1706 1804 2772
1707 1814 2762
1708 1816 2760
1709 1788 2788
1710 1785 2791
1711 1787 2789
1712 1798 2778
1713 1806 2770
1714 1813 2763
1715 1811 2765
1716 1816 2760
1717 1811 2765
1718 1827 2749
1719 1838 2738
1720 1847 2729
1721 1844 2732
1722 1844 2732
1723 1830 2746
1724 1813 2763
1725 1844 2732
1726 1859 2717
1727 1859 2717
1728 1862 2714
1729 1874 2702
1730 1877 2699
1731 1871 2705
1732 1880 2696
1733 1874 2702
1734 1895 2681
1735 1916 2660
1736 1919 2657
1737 1921 2655
1738 1925 2651
1739 1908 2668
1740 1897 2679
1741 1887 2689
1742 1867 2709
1743 1870 2706
1744 1879 2697
1745 1866 2710
1746 1887 2689
1747 1893 2683
1748 1892 2684
1749 1881 2695
1750 1862 2714
1751 1864 2712
1752 1857 2719
1753 1856 2720
1754 1859 2717
1755 1867 2709
1756 1861 2715
1757 1873 2703
1758 1882 2694
1759 1863 2713
1760 1875 2701
1761 1876 2700
1762 1886 2690
1763 1885 2691
1764 1879 2697
1765 1890 2686
1766 1889 2687
1767 1890 2686
1768 1866 2710
1769 1871 2705
1770 1885 2691
1771 1872 2704
1772 1879 2697
1773 1892 2684
1774 1895 2681
1775 1896 2680
1776 1905 2671
1777 1902 2674
1778 1875 2701
1779 1857 2719
1780 1868 2708
1781 1869 2707
1782 1886 2690
1783 1881 2695
1784 1883 2693
1785 1893 2683
1786 1882 2694
1787 1902 2674
1788 1891 2685
1789 1884 2692
1790 1885 2691
1791 1884 2692
1792 1879 2697
1793 1882 2694
1794 1862 2714
1795 1857 2719
1796 1850 2726
1797 1858 2718
1798 1882 2694
1799 1869 2707
1800 1858 2718
1801 1873 2703
1802 1879 2697
1803 1882 2694
1804 1879 2697
1805 1870 2706
1806 1871 2705
1807 1866 2710
1808 1858 2718
1809 1868 2708
1810 1846 2730
1811 1853 2723
1812 1846 2730
1813 1837 2739
1814 1835 2741
1815 1827 2749
1816 1825 2751
1817 1800 2776
1818 1794 2782
1819 1788 2788
1820 1787 2789
1821 1799 2777
1822 1787 2789
1823 1793 2783
1824 1795 2781
1825 1796 2780
1826 1790 2786
1827 1783 2793
1828 1780 2796
1829 1791 2785
1830 1796 2780
1831 1813 2763
1832 1807 2769
1833 1817 2759
1834 1817 2759
1835 1809 2767
1836 1827 2749
1837 1819 2757
1838 1794 2782
1839 1810 2766
1840 1823 2753
1841 1833 2743
1842 1835 2741
1843 1831 2745
1844 1838 2738
1845 1848 2728
1846 1840 2736
1847 1862 2714
1848 1865 2711
1849 1857 2719
1850 1873 2703
1851 1865 2711
1852 1864 2712
1853 1858 2718
1854 1857 2719
1855 1860 2716
1856 1865 2711
1857 1863 2713
1858 1848 2728
1859 1845 2731
1860 1858 2718
1861 1877 2699
1862 1861 2715
1863 1863 2713
1864 1848 2728
1865 1823 2753
1866 1832 2744
1867 1828 2748
1868 1834 2742
1869 1818 2758
1870 1817 2759
1871 1842 2734
1872 1814 2762
1873 1828 2748
1874 1839 2737
1875 1836 2740
1876 1828 2748
1877 1836 2740
1878 1844 2732
1879 1857 2719
1880 1850 2726
1881 1862 2714
1882 1872 2704
1883 1879 2697
1884 1892 2684
1885 1895 2681
1886 1891 2685
1887 1895 2681
1888 1875 2701
1889 1855 2721
1890 1869 2707
1891 1852 2724
1892 1863 2713
1893 1874 2702
1894 1858 2718
1895 1858 2718
1896 1849 2727
1897 1851 2725
1898 1866 2710
1899 1866 2710
1900 1859 2717
1901 1878 2698
1902 1869 2707
1903 1870 2706
1904 1866 2710
1905 1852 2724
1906 1852 2724
1907 1849 2727
1908 1858 2718
1909 1858 2718
1910 1864 2712
1911 1862 2714
1912 1875 2701
1913 1886 2690
1914 1885 2691
1915 1879 2697
1916 1876 2700
1917 1882 2694
1918 1890 2686
1919 1887 2689
1920 1882 2694
1921 1881 2695
1922 1891 2685
1923 1891 2685
1924 1896 2680
1925 1868 2708
1926 1848 2728
1927 1846 2730
1928 1833 2743
1929 1822 2754
1930 1833 2743
1931 1852 2724
1932 1847 2729
1933 1827 2749
1934 1805 2771
1935 1798 2778
1936 1789 2787
1937 1803 2773
1938 1791 2785
1939 1818 2758
1940 1827 2749
1941 1840 2736
1942 1823 2753
1943 1813 2763
1944 1821 2755
1945 1823 2753
1946 1835 2741
1947 1824 2752
1948 1814 2762
1949 1816 2760
1950 1812 2764
1951 1809 2767
1952 1785 2791
1953 1785 2791
1954 1789 2787
1955 1773 2803
1956 1786 2790
1957 1783 2793
1958 1798 2778
1959 1810 2766
1960 1790 2786
1961 1783 2793
1962 1778 2798
1963 1777 2799
1964 1772 2804
1965 1783 2793
1966 1758 2818
1967 1772 2804
1968 1791 2785
1969 1790 2786
1970 1825 2751
1971 1807 2769
1972 1814 2762
1973 1797 2779
1974 1817 2759
1975 1799 2777
1976 1802 2774
1977 1823 2753
1978 1812 2764
1979 1809 2767
1980 1812 2764
1981 1814 2762
1982 1801 2775
1983 1797 2779
1984 1795 2781
1985 1792 2784
1986 1804 2772
1987 1786 2790
1988 1795 2781
1989 1791 2785
1990 1799 2777
1991 1797 2779
1992 1811 2765
1993 1805 2771
1994 1800 2776
1995 1803 2773
1996 1797 2779
1997 1812 2764
1998 1809 2767
1999 1801 2775
2000 1804 2772
2001 1811 2765
2002 1814 2762
2003 1840 2736
2004 1826 2750
2005 1816 2760
2006 1825 2751
2007 1841 2735
2008 1856 2720
2009 1849 2727
2010 1839 2737
2011 1848 2728
2012 1857 2719
2013 1843 2733
2014 1851 2725
2015 1853 2723
2016 1860 2716
2017 1861 2715
2018 1841 2735
2019 1862 2714
2020 1875 2701
2021 1851 2725
2022 1851 2725
2023 1848 2728
2024 1865 2711
2025 1854 2722
2026 1873 2703
2027 1903 2673
2028 1900 2676
2029 1887 2689
2030 1870 2706
2031 1871 2705
2032 1884 2692
2033 1889 2687
2034 1890 2686
2035 1886 2690
2036 1888 2688
2037 1902 2674
2038 1889 2687
2039 1873 2703
2040 1873 2703
2041 1874 2702
2042 1855 2721
2043 1854 2722
2044 1865 2711
2045 1878 2698
2046 1891 2685
2047 1881 2695
2048 1873 2703
2049 1870 2706
2050 1862 2714
2051 1874 2702
2052 1879 2697
2053 1877 2699
2054 1860 2716
2055 1858 2718
2056 1875 2701
2057 1872 2704
2058 1858 2718
2059 1866 2710
2060 1872 2704
2061 1904 2672
2062 1884 2692
2063 1874 2702
2064 1869 2707
2065 1867 2709
2066 1854 2722
2067 1855 2721
2068 1858 2718
2069 1853 2723
2070 1848 2728
2071 1848 2728
2072 1857 2719
2073 1867 2709
2074 1851 2725
2075 1843 2733
2076 1854 2722
2077 1846 2730
2078 1828 2748
2079 1837 2739
2080 1834 2742
2081 1831 2745
2082 1819 2757
2083 1814 2762
2084 1829 2747
2085 1811 2765
2086 1807 2769
2087 1788 2788
2088 1793 2783
2089 1787 2789
2090 1812 2764
2091 1817 2759
2092 1809 2767
2093 1821 2755
2094 1839 2737
2095 1834 2742
2096 1815 2761
2097 1812 2764
2098 1814 2762
2099 1815 2761
2100 1809 2767
2101 1798 2778
2102 1789 2787
2103 1791 2785
2104 1792 2784
2105 1772 2804
2106 1779 2797
2107 1772 2804
2108 1790 2786
2109 1800 2776
2110 1796 2780
2111 1807 2769
2112 1802 2774
2113 1829 2747
2114 1798 2778
2115 1792 2784
2116 1817 2759
2117 1807 2769
2118 1817 2759
2119 1825 2751
2120 1814 2762
2121 1812 2764
2122 1797 2779
2123 1788 2788
2124 1777 2799
2125 1769 2807
2126 1766 2810
2127 1761 2815
2128 1779 2797
2129 1795 2781
2130 1812 2764
2131 1810 2766
2132 1813 2763
2133 1803 2773
2134 1799 2777
2135 1799 2777
2136 1795 2781
2137 1793 2783
2138 1795 2781
2139 1783 2793
2140 1778 2798
2141 1789 2787
2142 1780 2796
2143 1779 2797
2144 1804 2772
2145 1816 2760
2146 1811 2765
2147 1811 2765
2148 1800 2776
2149 1786 2790
2150 1781 2795
2151 1784 2792
2152 1783 2793
2153 1801 2775
2154 1786 2790
2155 1789 2787
2156 1789 2787
2157 1783 2793
2158 1793 2783
2159 1810 2766
2160 1811 2765
2161 1828 2748
2162 1833 2743
2163 1846 2730
2164 1835 2741
2165 1840 2736
2166 1829 2747
2167 1836 2740
2168 1823 2753
2169 1836 2740
2170 1818 2758
2171 1805 2771
2172 1806 2770
2173 1824 2752
2174 1818 2758
2175 1833 2743
2176 1853 2723
2177 1844 2732
2178 1829 2747
2179 1826 2750
2180 1822 2754
2181 1817 2759
2182 1815 2761
2183 1821 2755
2184 1848 2728
2185 1836 2740
2186 1835 2741
2187 1844 2732
2188 1838 2738
2189 1828 2748
2190 1823 2753
2191 1814 2762
2192 1812 2764
2193 1820 2756
2194 1844 2732
2195 1845 2731
2196 1829 2747
2197 1828 2748
2198 1832 2744
2199 1822 2754
2200 1833 2743
2201 1830 2746
2202 1835 2741
2203 1822 2754
2204 1833 2743
2205 1823 2753
2206 1820 2756
2207 1800 2776
2208 1794 2782
2209 1814 2762
2210 1822 2754
2211 1816 2760
2212 1804 2772
2213 1804 2772
2214 1800 2776
2215 1785 2791
2216 1787 2789
2217 1782 2794
2218 1782 2794
2219 1792 2784
2220 1799 2777
2221 1803 2773
2222 1806 2770
2223 1802 2774
2224 1792 2784
2225 1792 2784
2226 1789 2787
2227 1790 2786
2228 1793 2783
2229 1796 2780
2230 1813 2763
2231 1839 2737
2232 1839 2737
2233 1840 2736
2234 1837 2739
2235 1838 2738
2236 1816 2760
2237 1820 2756
2238 1816 2760
2239 1823 2753
2240 1832 2744
2241 1830 2746
2242 1819 2757
2243 1812 2764
2244 1785 2791
2245 1789 2787
2246 1783 2793
2247 1764 2812
2248 1768 2808
2249 1788 2788
2250 1783 2793
2251 1797 2779
2252 1804 2772
2253 1813 2763
2254 1803 2773
2255 1818 2758
2256 1800 2776
2257 1814 2762
2258 1816 2760
2259 1811 2765
2260 1800 2776
2261 1795 2781
2262 1806 2770
2263 1821 2755
2264 1812 2764
2265 1841 2735
2266 1812 2764
2267 1811 2765
2268 1821 2755
2269 1840 2736
2270 1844 2732
2271 1843 2733
2272 1835 2741
2273 1825 2751
2274 1825 2751
2275 1816 2760
2276 1825 2751
2277 1820 2756
2278 1831 2745
2279 1830 2746
2280 1833 2743
2281 1841 2735
2282 1854 2722
2283 1860 2716
2284 1850 2726
2285 1861 2715
2286 1849 2727
2287 1846 2730
2288 1849 2727
2289 1845 2731
2290 1851 2725
2291 1836 2740
2292 1864 2712
2293 1857 2719
2294 1833 2743
2295 1814 2762
2296 1826 2750
2297 1826 2750
2298 1787 2789
2299 1798 2778
2300 1812 2764
2301 1803 2773
2302 1801 2775
2303 1795 2781
2304 1786 2790
2305 1790 2786
2306 1781 2795
2307 1774 2802
2308 1772 2804
2309 1757 2819
2310 1768 2808
2311 1767 2809
2312 1763 2813
2313 1756 2820
2314 1750 2826
2315 1747 2829
2316 1773 2803
2317 1787 2789
2318 1787 2789
2319 1786 2790
2320 1787 2789
2321 1771 2805
2322 1765 2811
2323 1777 2799
2324 1777 2799
2325 1765 2811
2326 1781 2795
2327 1772 2804
2328 1779 2797
2329 1780 2796
2330 1783 2793
2331 1799 2777
2332 1791 2785
2333 1805 2771
2334 1823 2753
2335 1833 2743
2336 1853 2723
2337 1845 2731
2338 1840 2736
2339 1826 2750
2340 1819 2757
2341 1812 2764
2342 1801 2775
2343 1794 2782
2344 1783 2793
2345 1774 2802
2346 1777 2799
2347 1774 2802
2348 1790 2786
2349 1794 2782
2350 1802 2774
2351 1815 2761
2352 1839 2737
2353 1846 2730
2354 1842 2734
2355 1837 2739
2356 1829 2747
2357 1834 2742
2358 1833 2743
2359 1848 2728
2360 1836 2740
2361 1825 2751
2362 1821 2755
2363 1815 2761
2364 1837 2739
2365 1841 2735
2366 1845 2731
2367 1832 2744
2368 1817 2759
2369 1811 2765
2370 1819 2757
2371 1806 2770
2372 1823 2753
2373 1829 2747
2374 1838 2738
2375 1834 2742
2376 1823 2753
2377 1844 2732
2378 1832 2744
2379 1834 2742
2380 1857 2719
2381 1843 2733
2382 1816 2760
2383 1816 2760
2384 1821 2755
2385 1811 2765
2386 1781 2795
2387 1793 2783
2388 1789 2787
2389 1793 2783
2390 1793 2783
2391 1794 2782
2392 1802 2774
2393 1783 2793
2394 1790 2786
2395 1798 2778
2396 1793 2783
2397 1788 2788
2398 1802 2774
2399 1823 2753
2400 1810 2766
2401 1808 2768
2402 1815 2761
2403 1801 2775
2404 1808 2768
2405 1800 2776
2406 1817 2759
2407 1802 2774
2408 1795 2781
2409 1799 2777
2410 1812 2764
2411 1799 2777
2412 1808 2768
2413 1805 2771
2414 1807 2769
2415 1814 2762
2416 1825 2751
2417 1825 2751
2418 1819 2757
2419 1819 2757
2420 1822 2754
2421 1809 2767
2422 1785 2791
2423 1788 2788
2424 1781 2795
2425 1787 2789
2426 1796 2780
2427 1797 2779
2428 1797 2779
2429 1809 2767
2430 1823 2753
2431 1817 2759
2432 1830 2746
2433 1816 2760
2434 1821 2755
2435 1823 2753
2436 1839 2737
2437 1846 2730
2438 1837 2739
2439 1856 2720
2440 1851 2725
2441 1851 2725
2442 1836 2740
2443 1822 2754
2444 1810 2766
2445 1793 2783
2446 1786 2790
2447 1799 2777
2448 1773 2803
2449 1765 2811
2450 1782 2794
2451 1794 2782
2452 1808 2768
2453 1810 2766
2454 1814 2762
2455 1807 2769
2456 1816 2760
2457 1808 2768
2458 1822 2754
2459 1813 2763
2460 1813 2763
2461 1824 2752
2462 1831 2745
2463 1843 2733
2464 1843 2733
2465 1839 2737
2466 1876 2700
2467 1861 2715
2468 1837 2739
2469 1813 2763
2470 1833 2743
2471 1832 2744
2472 1829 2747
2473 1822 2754
2474 1826 2750
2475 1828 2748
2476 1823 2753
2477 1830 2746
2478 1828 2748
2479 1814 2762
2480 1816 2760
2481 1816 2760
2482 1836 2740
2483 1826 2750
2484 1835 2741
2485 1829 2747
2486 1841 2735
2487 1829 2747
2488 1827 2749
2489 1831 2745
2490 1852 2724
2491 1841 2735
2492 1860 2716
2493 1854 2722
2494 1863 2713
2495 1859 2717
2496 1854 2722
2497 1863 2713
2498 1873 2703
2499 1882 2694
2500 1889 2687
2501 1882 2694
2502 1883 2693
2503 1876 2700
2504 1878 2698
2505 1883 2693
2506 1894 2682
2507 1908 2668
2508 1878 2698
2509 1863 2713
2510 1852 2724
2511 1872 2704
2512 1872 2704
2513 1861 2715
2514 1866 2710
2515 1848 2728
2516 1826 2750
2517 1810 2766
2518 1802 2774
2519 1795 2781
2520 1808 2768
2521 1805 2771
2522 1832 2744
2523 1825 2751
2524 1825 2751
2525 1831 2745
2526 1840 2736
2527 1829 2747
2528 1845 2731
2529 1815 2761
2530 1799 2777
2531 1786 2790
2532 1778 2798
2533 1777 2799
2534 1778 2798
2535 1774 2802
2536 1790 2786
2537 1797 2779
2538 1782 2794
2539 1773 2803
2540 1755 2821
2541 1762 2814
2542 1760 2816
2543 1775 2801
2544 1783 2793
2545 1760 2816
2546 1761 2815
2547 1767 2809
2548 1770 2806
2549 1763 2813
2550 1767 2809
2551 1774 2802
2552 1788 2788
2553 1798 2778
2554 1790 2786
2555 1773 2803
2556 1773 2803
2557 1770 2806
2558 1746 2830
2559 1733 2843
2560 1757 2819
2561 1752 2824
2562 1771 2805
2563 1789 2787
2564 1789 2787
2565 1783 2793
2566 1781 2795
2567 1773 2803
2568 1767 2809
2569 1741 2835
2570 1763 2813
2571 1768 2808
2572 1761 2815
2573 1757 2819
2574 1767 2809
2575 1761 2815
2576 1776 2800
2577 1778 2798
2578 1793 2783
2579 1794 2782
2580 1803 2773
2581 1792 2784
2582 1815 2761
2583 1812 2764
2584 1823 2753
2585 1801 2775
2586 1807 2769
2587 1814 2762
2588 1799 2777
2589 1805 2771
2590 1790 2786
2591 1810 2766
2592 1797 2779
2593 1798 2778
2594 1801 2775
2595 1818 2758
2596 1812 2764
2597 1823 2753
2598 1833 2743
2599 1838 2738
2600 1824 2752
2601 1828 2748
2602 1825 2751
2603 1798 2778
2604 1814 2762
2605 1799 2777
2606 1783 2793
2607 1790 2786
2608 1782 2794
2609 1808 2768
2610 1825 2751
2611 1864 2712
2612 1855 2721
2613 1861 2715
2614 1834 2742
2615 1829 2747
2616 1834 2742
2617 1847 2729
2618 1853 2723
2619 1857 2719
2620 1861 2715
2621 1857 2719
2622 1858 2718
2623 1865 2711
2624 1869 2707
2625 1856 2720
2626 1827 2749
2627 1815 2761
2628 1833 2743
2629 1834 2742
2630 1842 2734
2631 1836 2740
2632 1826 2750
2633 1827 2749
2634 1819 2757
2635 1812 2764
2636 1812 2764
2637 1804 2772
2638 1804 2772
2639 1809 2767
2640 1816 2760
2641 1810 2766
2642 1809 2767
2643 1802 2774
2644 1798 2778
2645 1808 2768
2646 1813 2763
2647 1811 2765
2648 1818 2758
2649 1826 2750
2650 1850 2726
2651 1836 2740
2652 1833 2743
2653 1826 2750
2654 1823 2753
2655 1824 2752
2656 1806 2770
2657 1802 2774
2658 1820 2756
2659 1830 2746
2660 1834 2742
2661 1817 2759
2662 1813 2763
2663 1809 2767
2664 1812 2764
2665 1795 2781
2666 1794 2782
2667 1791 2785
2668 1804 2772
2669 1810 2766
2670 1813 2763
2671 1824 2752
2672 1812 2764
2673 1807 2769
2674 1796 2780
2675 1808 2768
2676 1786 2790
2677 1798 2778
2678 1813 2763
2679 1811 2765
2680 1807 2769
2681 1790 2786
2682 1805 2771
2683 1810 2766
2684 1801 2775
2685 1812 2764
2686 1835 2741
2687 1824 2752
2688 1818 2758
2689 1817 2759
2690 1782 2794
2691 1799 2777
2692 1785 2791
2693 1780 2796
2694 1797 2779
2695 1820 2756
2696 1833 2743
2697 1826 2750
2698 1825 2751
2699 1829 2747
2700 1817 2759
2701 1816 2760
2702 1814 2762
2703 1803 2773
2704 1809 2767
2705 1791 2785
2706 1803 2773
2707 1817 2759
2708 1808 2768
2709 1806 2770
2710 1797 2779
2711 1777 2799
2712 1779 2797
2713 1777 2799
2714 1757 2819
2715 1780 2796
2716 1775 2801
2717 1779 2797
2718 1771 2805
2719 1769 2807
2720 1797 2779
2721 1784 2792
2722 1788 2788
2723 1783 2793
2724 1780 2796
2725 1786 2790
2726 1795 2781
2727 1795 2781
2728 1792 2784
2729 1778 2798
2730 1783 2793
2731 1778 2798
2732 1789 2787
2733 1783 2793
2734 1797 2779
2735 1795 2781
2736 1793 2783
2737 1802 2774
2738 1800 2776
2739 1806 2770
2740 1799 2777
2741 1772 2804
2742 1780 2796
2743 1779 2797
2744 1796 2780
2745 1793 2783
2746 1792 2784
2747 1791 2785
2748 1794 2782
2749 1796 2780
2750 1814 2762
2751 1821 2755
2752 1817 2759
2753 1815 2761
2754 1797 2779
2755 1792 2784
2756 1796 2780
2757 1786 2790
2758 1790 2786
2759 1803 2773
2760 1837 2739
2761 1837 2739
2762 1830 2746
2763 1819 2757
2764 1813 2763
2765 1806 2770
2766 1796 2780
2767 1811 2765
2768 1839 2737
2769 1826 2750
2770 1848 2728
2771 1856 2720
2772 1865 2711
2773 1857 2719
2774 1835 2741
2775 1829 2747
2776 1837 2739
2777 1838 2738
2778 1833 2743
2779 1840 2736
2780 1810 2766
2781 1800 2776
2782 1801 2775
2783 1793 2783
2784 1798 2778
2785 1814 2762
2786 1797 2779
2787 1800 2776
2788 1795 2781
2789 1779 2797
2790 1786 2790
2791 1780 2796
2792 1791 2785
2793 1788 2788
2794 1795 2781
2795 1788 2788
2796 1804 2772
2797 1826 2750
2798 1826 2750
2799 1833 2743
2800 1830 2746
2801 1846 2730
2802 1835 2741
2803 1829 2747
2804 1840 2736
2805 1824 2752
2806 1842 2734
2807 1833 2743
2808 1817 2759
2809 1815 2761
2810 1791 2785
2811 1795 2781
2812 1810 2766
2813 1795 2781
2814 1796 2780
2815 1794 2782
2816 1816 2760
2817 1807 2769
2818 1817 2759
2819 1816 2760
2820 1812 2764
2821 1805 2771
2822 1797 2779
2823 1809 2767
2824 1818 2758
2825 1821 2755
2826 1829 2747
2827 1832 2744
2828 1835 2741
2829 1836 2740
2830 1874 2702
2831 1850 2726
2832 1870 2706
2833 1848 2728
2834 1867 2709
2835 1878 2698
2836 1876 2700
2837 1866 2710
2838 1857 2719
2839 1833 2743
2840 1822 2754
2841 1819 2757
2842 1817 2759
2843 1816 2760
2844 1822 2754
2845 1803 2773
2846 1809 2767
2847 1812 2764
2848 1825 2751
2849 1822 2754
2850 1829 2747
2851 1809 2767
2852 1807 2769
2853 1821 2755
2854 1825 2751
2855 1809 2767
2856 1805 2771
2857 1812 2764
2858 1814 2762
2859 1805 2771
2860 1816 2760
2861 1811 2765
2862 1805 2771
2863 1807 2769
2864 1797 2779
2865 1823 2753
2866 1822 2754
2867 1826 2750
2868 1827 2749
2869 1826 2750
2870 1824 2752
2871 1819 2757
2872 1812 2764
2873 1843 2733
2874 1819 2757
2875 1822 2754
2876 1837 2739
2877 1833 2743
2878 1831 2745
2879 1842 2734
2880 1859 2717
2881 1876 2700
2882 1864 2712
2883 1868 2708
2884 1883 2693
2885 1871 2705
2886 1864 2712
2887 1857 2719
2888 1852 2724
2889 1856 2720
2890 1858 2718
2891 1846 2730
2892 1847 2729
2893 1846 2730
2894 1828 2748
2895 1819 2757
2896 1825 2751
2897 1826 2750
2898 1834 2742
2899 1827 2749
2900 1802 2774
2901 1802 2774
2902 1795 2781
2903 1783 2793
2904 1781 2795
2905 1789 2787
2906 1781 2795
2907 1809 2767
2908 1804 2772
2909 1809 2767
2910 1820 2756
2911 1815 2761
2912 1826 2750
2913 1825 2751
2914 1822 2754
2915 1812 2764
2916 1813 2763
2917 1826 2750
2918 1813 2763
2919 1803 2773
2920 1799 2777
2921 1795 2781
2922 1774 2802
2923 1807 2769
2924 1827 2749
2925 1825 2751
2926 1840 2736
2927 1841 2735
2928 1848 2728
2929 1842 2734
2930 1839 2737
2931 1846 2730
2932 1823 2753
2933 1837 2739
2934 1844 2732
2935 1841 2735
2936 1835 2741
2937 1827 2749
2938 1816 2760
2939 1819 2757
2940 1804 2772
2941 1802 2774
2942 1806 2770
2943 1801 2775
2944 1803 2773
2945 1805 2771
2946 1807 2769
2947 1804 2772
2948 1816 2760
2949 1828 2748
2950 1857 2719
2951 1855 2721
2952 1847 2729
2953 1832 2744
2954 1819 2757
2955 1832 2744
2956 1833 2743
2957 1837 2739
2958 1829 2747
2959 1835 2741
2960 1834 2742
2961 1829 2747
2962 1853 2723
2963 1864 2712
2964 1865 2711
2965 1878 2698
2966 1882 2694
2967 1897 2679
2968 1884 2692
2969 1875 2701
2970 1861 2715
2971 1862 2714
2972 1880 2696
2973 1872 2704
2974 1865 2711
2975 1877 2699
2976 1864 2712
2977 1857 2719
2978 1843 2733
2979 1853 2723
2980 1830 2746
2981 1823 2753
2982 1811 2765
2983 1809 2767
2984 1822 2754
2985 1812 2764
2986 1812 2764
2987 1812 2764
2988 1821 2755
2989 1804 2772
2990 1814 2762
2991 1790 2786
2992 1779 2797
2993 1776 2800
2994 1789 2787
2995 1778 2798
2996 1796 2780
2997 1800 2776
2998 1793 2783
2999 1810 2766
3000 1802 2774
