0 1979 195 0 0 0 0 0 0 0 0 0 0 0 0 0 0
1 11643 196 196 1 0 0 0 0 0 0 0 0 0 0 0 0
2 11645 195 195 1 0 0 0 0 0 0 0 0 0 0 0 0
3 11645 195 195 1 0 0 0 0 0 0 0 0 0 0 0 0
4 11645 195 195 1 0 0 0 0 0 0 0 0 0 0 0 0
5 11653 191 191 1 0 0 0 0 0 0 0 0 0 0 0 0
6 11653 191 191 1 0 0 0 0 0 0 0 0 0 0 0 0
7 11657 189 189 1 0 0 0 0 0 0 0 0 0 0 0 0
8 11655 190 190 1 0 0 0 0 0 0 0 0 0 0 0 0
9 11655 190 190 1 0 0 0 0 0 0 0 0 0 0 0 0
10 11655 190 190 1 0 0 0 0 0 0 0 0 0 0 0 0
11 11659 188 188 1 0 0 0 0 0 0 0 0 0 0 0 0
12 11661 187 187 1 0 0 0 0 0 0 0 0 0 0 0 0
13 11659 188 188 1 0 0 0 0 0 0 0 0 0 0 0 0
14 11655 190 190 1 0 0 0 0 0 0 0 0 0 0 0 0
15 11657 189 189 1 0 0 0 0 0 0 0 0 0 0 0 0
16 11659 188 188 1 0 0 0 0 0 0 0 0 0 0 0 0
17 11659 188 188 1 0 0 0 0 0 0 0 0 0 0 0 0
18 11661 187 187 1 0 0 0 0 0 0 0 0 0 0 0 0
19 11653 191 191 1 0 0 0 0 0 0 0 0 0 0 0 0
20 11649 193 193 1 0 0 0 0 0 0 0 0 0 0 0 0
21 11651 192 192 1 0 0 0 0 0 0 0 0 0 0 0 0
22 11659 188 188 1 0 0 0 0 0 0 0 0 0 0 0 0
23 11655 190 190 1 0 0 0 0 0 0 0 0 0 0 0 0
24 11655 190 190 1 0 0 0 0 0 0 0 0 0 0 0 0
25 11657 189 189 1 0 0 0 0 0 0 0 0 0 0 0 0
26 11653 191 191 1 0 0 0 0 0 0 0 0 0 0 0 0
27 11647 194 194 1 0 0 0 0 0 0 0 0 0 0 0 0
28 11635 200 200 1 0 0 0 0 0 0 0 0 0 0 0 0
29 11635 200 200 1 0 0 0 0 0 0 0 0 0 0 0 0
30 11633 201 201 1 0 0 0 0 0 0 0 0 0 0 0 0
31 11625 205 205 1 0 0 0 0 0 0 0 0 0 0 0 0
32 11624 206 206 0 0 0 0 0 0 0 0 0 0 0 0 0
33 11620 208 208 0 0 0 0 0 0 0 0 0 0 0 0 0
34 11618 209 209 0 0 0 0 0 0 0 0 0 0 0 0 0
35 11616 210 210 0 0 0 0 0 0 0 0 0 0 0 0 0
36 11614 211 211 0 0 0 0 0 0 0 0 0 0 0 0 0
37 11608 214 214 0 0 0 0 0 0 0 0 0 0 0 0 0
38 11604 216 216 0 0 0 0 0 0 0 0 0 0 0 0 0
39 11600 218 218 0 0 0 0 0 0 0 0 0 0 0 0 0
40 11598 219 219 0 0 0 0 0 0 0 0 0 0 0 0 0
41 11590 223 223 0 0 0 0 0 0 0 0 0 0 0 0 0
42 11596 220 220 0 0 0 0 0 0 0 0 0 0 0 0 0
43 11592 222 222 0 0 0 0 0 0 0 0 0 0 0 0 0
44 11582 227 227 0 0 0 0 0 0 0 0 0 0 0 0 0
45 11583 226 226 1 0 0 0 0 0 0 0 0 0 0 0 0
46 11577 229 229 1 0 0 0 0 0 0 0 0 0 0 0 0
47 11573 231 231 1 0 0 0 0 0 0 0 0 0 0 0 0
48 11569 233 233 1 0 0 0 0 0 0 0 0 0 0 0 0
49 11559 238 238 1 0 0 0 0 0 0 0 0 0 0 0 0
50 11548 243 243 2 0 0 0 0 0 0 0 0 0 0 0 0
51 11544 245 245 2 0 0 0 0 0 0 0 0 0 0 0 0
52 11530 252 252 2 0 0 0 0 0 0 0 0 0 0 0 0
53 11520 257 257 2 0 0 0 0 0 0 0 0 0 0 0 0
54 11505 264 264 3 0 0 0 0 0 0 0 0 0 0 0 0
55 11492 270 270 4 0 0 0 0 0 0 0 0 0 0 0 0
56 11474 278 278 6 0 0 0 0 0 0 0 0 0 0 0 0
57 11450 290 290 6 0 0 0 0 0 0 0 0 0 0 0 0
58 11442 294 294 6 0 0 0 0 0 0 0 0 0 0 0 0
59 11430 300 300 6 0 0 0 0 0 0 0 0 0 0 0 0
60 11424 303 303 6 0 0 0 0 0 0 0 0 0 0 0 0
61 11411 309 309 7 0 0 0 0 0 0 0 0 0 0 0 0
62 11396 316 316 8 0 0 0 0 0 0 0 0 0 0 0 0
63 11387 320 320 9 0 0 0 0 0 0 0 0 0 0 0 0
64 11373 327 327 9 0 0 0 0 0 0 0 0 0 0 0 0
65 11366 330 330 10 0 0 0 0 0 0 0 0 0 0 0 0
66 11338 344 344 10 0 0 0 0 0 0 0 0 0 0 0 0
67 11331 348 348 9 0 0 0 0 0 0 0 0 0 0 0 0
68 11308 359 359 10 0 0 0 0 0 0 0 0 0 0 0 0
69 11296 364 364 12 0 0 0 0 0 0 0 0 0 0 0 0
70 11269 377 377 13 0 0 0 0 0 0 0 0 0 0 0 0
71 11253 385 385 13 0 0 0 0 0 0 0 0 0 0 0 0
72 11238 392 392 14 0 0 0 0 0 0 0 0 0 0 0 0
73 11236 393 393 14 0 0 0 0 0 0 0 0 0 0 0 0
74 11221 400 400 15 0 0 0 0 0 0 0 0 0 0 0 0
75 11199 411 411 15 0 0 0 0 0 0 0 0 0 0 0 0
76 11185 418 418 13 0 0 0 1 0 0 0 1 0 0 0 0
77 11179 420 420 15 0 0 0 1 0 0 0 1 0 0 0 0
78 11159 430 430 15 0 0 0 1 0 0 0 1 0 0 0 0
79 11141 439 439 15 0 0 0 1 0 0 0 1 0 0 0 0
80 11134 443 443 14 0 0 0 1 0 0 0 1 0 0 0 0
81 11126 447 447 14 0 0 0 1 0 0 0 1 0 0 0 0
82 11113 453 453 15 0 0 0 1 0 0 0 1 0 0 0 0
83 11096 462 462 14 0 0 0 1 0 0 0 1 0 0 0 0
84 11082 469 469 14 0 0 0 1 0 0 0 1 0 0 0 0
85 11070 475 475 14 0 0 0 1 0 0 0 1 0 0 0 0
86 11058 481 481 14 0 0 0 1 0 0 0 1 0 0 0 0
87 11043 488 488 15 0 0 0 1 0 0 0 1 0 0 0 0
88 11030 493 493 18 0 0 0 1 0 0 0 1 0 0 0 0
89 11020 498 498 18 0 0 0 1 0 0 0 1 0 0 0 0
90 11001 507 507 19 0 0 0 1 0 0 0 1 0 0 0 0
91 10981 517 517 19 0 0 0 1 0 0 0 1 0 0 0 0
92 10972 522 522 18 0 0 0 1 0 0 0 1 0 0 0 0
93 10963 526 526 19 0 0 0 1 0 0 0 1 0 0 0 0
94 10960 527 527 20 0 0 0 1 0 0 0 1 0 0 0 0
95 10943 535 535 21 0 0 0 1 0 0 0 1 0 0 0 0
96 10937 538 538 21 0 0 0 1 0 0 0 1 0 0 0 0
97 10914 548 548 24 0 0 0 1 0 0 0 1 0 0 0 0
98 10894 557 557 26 0 0 0 1 0 0 0 1 0 0 0 0
99 10886 561 561 26 0 0 0 1 0 0 0 1 0 0 0 0
100 10880 564 564 26 0 0 0 1 0 0 0 1 0 0 0 0
101 10876 566 566 26 0 0 0 1 0 0 0 1 0 0 0 0
102 10862 573 573 26 0 0 0 1 0 0 0 1 0 0 0 0
103 10857 575 575 27 0 0 0 1 0 0 0 1 0 0 0 0
104 10839 584 584 27 0 0 0 1 0 0 0 1 0 0 0 0
105 10827 590 590 27 0 0 0 1 0 0 0 1 0 0 0 0
106 10824 591 591 28 0 0 0 1 0 0 0 1 0 0 0 0
107 10823 592 592 27 0 0 0 1 0 0 0 1 0 0 0 0
108 10815 596 596 27 0 0 0 1 0 0 0 1 0 0 0 0
109 10808 599 598 27 0 0 1 1 0 0 0 2 0 0 0 0
110 10796 605 604 27 0 0 1 1 0 0 0 2 0 0 0 0
111 10793 606 605 28 0 0 1 1 0 0 0 2 0 0 0 0
112 10785 611 609 27 0 0 2 0 0 0 0 2 0 0 0 0
113 10786 611 609 26 0 0 2 0 0 0 0 2 0 0 0 0
114 10775 616 614 27 0 0 2 0 0 0 0 2 0 0 0 0
115 10767 620 618 27 0 0 2 0 0 0 0 2 0 0 0 0
116 10751 627 625 29 0 0 2 0 0 0 0 2 0 0 0 0
117 10743 631 629 29 0 0 2 0 0 0 0 2 0 0 0 0
118 10728 638 636 30 0 0 2 0 0 0 0 2 0 0 0 0
119 10720 642 640 30 0 0 2 0 0 0 0 2 0 0 0 0
120 10714 645 643 30 0 0 2 0 0 0 0 2 0 0 0 0
121 10706 649 647 30 0 0 2 0 0 0 0 2 0 0 0 0
122 10699 652 650 31 0 0 2 0 0 0 0 2 0 0 0 0
123 10692 655 653 32 0 0 2 0 0 0 0 2 0 0 0 0
124 10691 655 653 33 0 0 2 0 0 0 0 2 0 0 0 0
125 10685 658 656 33 0 0 2 0 0 0 0 2 0 0 0 0
126 10667 667 665 33 0 0 2 0 0 0 0 2 0 0 0 0
127 10652 674 671 33 0 0 3 0 0 0 0 3 0 0 0 0
128 10638 680 676 34 0 0 4 0 0 0 0 4 0 0 0 0
129 10635 682 678 33 0 0 4 0 0 0 0 4 0 0 0 0
130 10629 685 680 32 0 0 5 0 0 0 0 5 0 0 0 0
131 10617 690 684 33 0 0 6 0 0 0 0 6 0 0 0 0
132 10611 693 686 32 0 0 7 0 0 0 0 7 0 0 0 0
133 10607 694 687 34 0 0 7 0 0 0 0 7 0 0 0 0
134 10585 704 697 36 0 0 7 0 0 0 0 7 0 0 0 0
135 10567 713 706 36 0 0 7 0 0 0 0 7 0 0 0 0
136 10551 721 713 35 0 0 8 0 0 0 0 8 0 0 0 0
137 10541 726 718 35 0 0 8 0 0 0 0 8 0 0 0 0
138 10523 735 727 35 0 0 8 0 0 0 0 8 0 0 0 0
139 10501 746 737 34 0 0 9 0 0 0 0 9 0 0 0 0
140 10492 748 740 38 0 0 8 1 0 0 0 9 0 0 0 0
141 10478 754 747 39 0 0 7 2 0 0 0 9 0 0 0 0
142 10473 756 747 38 0 0 9 2 0 0 0 11 0 0 0 0
143 10458 764 755 37 0 0 9 2 0 0 0 11 0 0 0 0
144 10436 774 765 39 0 0 9 2 0 0 0 11 0 0 0 0
145 10416 783 774 41 0 0 9 2 0 0 0 11 0 0 0 0
146 10387 796 787 44 0 0 9 2 0 0 0 11 0 0 0 0
147 10374 803 794 43 0 0 9 2 0 0 0 11 0 0 0 0
148 10352 814 805 43 0 0 9 2 0 0 0 11 0 0 0 0
149 10332 823 814 45 0 0 9 2 0 0 0 11 0 0 0 0
150 10313 831 822 48 0 0 9 2 0 0 0 11 0 0 0 0
151 10294 840 831 49 0 0 9 2 0 0 0 11 0 0 0 0
152 10298 837 828 51 0 0 9 2 0 0 0 11 0 0 0 0
153 10280 846 837 51 0 0 9 2 0 0 0 11 0 0 0 0
154 10269 851 842 52 0 0 9 2 0 0 0 11 0 0 0 0
155 10254 857 849 54 0 0 8 3 0 0 0 11 0 0 0 0
156 10217 875 867 55 0 0 8 3 0 0 0 11 0 0 0 0
157 10185 892 884 53 0 0 8 3 0 0 0 11 0 0 0 0
158 10153 906 898 57 0 0 8 3 0 0 0 11 0 0 0 0
159 10130 917 908 57 0 0 9 3 0 0 0 12 0 0 0 0
160 10115 923 914 60 0 0 9 3 0 0 0 12 0 0 0 0
161 10083 937 927 63 0 0 10 3 0 0 0 13 0 0 0 0
162 10059 949 938 62 0 0 11 3 0 0 0 14 0 0 0 0
163 10051 952 942 63 0 0 11 3 0 1 0 13 0 0 0 0
164 10035 958 948 65 0 0 12 3 0 2 0 13 0 0 0 0
165 10005 971 961 69 0 0 12 3 0 2 0 13 0 0 0 0
166 9992 976 966 72 0 0 12 3 0 2 0 13 0 0 0 0
167 9964 990 979 71 0 0 13 3 0 2 0 14 0 0 0 0
168 9938 1002 991 73 0 0 13 3 0 2 0 14 0 0 0 0
169 9905 1017 1006 76 0 0 13 3 0 2 0 14 0 0 0 0
170 9871 1031 1020 82 0 0 13 3 0 2 0 14 0 0 0 0
171 9851 1040 1029 84 0 0 13 3 0 2 0 14 0 0 0 0
172 9827 1052 1041 84 0 0 13 3 0 2 0 14 0 0 0 0
173 9809 1061 1050 84 0 0 13 3 0 2 0 14 0 0 0 0
174 9796 1067 1055 84 0 0 14 3 0 2 0 15 0 0 0 0
175 9780 1073 1061 88 0 0 14 3 0 2 0 15 0 0 0 0
176 9770 1077 1064 89 0 0 15 3 0 2 0 16 0 0 0 0
177 9748 1086 1073 93 0 0 15 3 0 2 0 16 0 0 0 0
178 9728 1095 1082 95 0 0 15 3 0 2 0 16 0 0 0 0
179 9701 1108 1094 95 0 0 16 3 0 2 0 17 0 0 0 0
180 9678 1119 1105 94 0 0 16 4 0 2 0 18 0 0 0 0
181 9659 1128 1114 95 0 0 16 4 0 2 0 18 0 0 0 0
182 9632 1142 1128 94 0 0 16 4 0 2 0 18 0 0 0 0
183 9614 1151 1137 94 0 0 16 4 0 2 0 18 0 0 0 0
184 9603 1156 1142 95 0 0 16 4 0 2 0 18 0 0 0 0
185 9604 1155 1141 96 0 0 16 4 0 2 0 18 0 0 0 0
186 9592 1160 1145 97 0 0 17 4 0 2 0 19 0 0 0 0
187 9579 1165 1150 100 0 0 17 4 0 2 0 19 0 0 0 0
188 9561 1173 1158 102 0 0 17 4 0 2 0 19 0 0 0 0
189 9531 1189 1174 100 0 0 17 4 0 2 0 19 0 0 0 0
190 9511 1198 1181 100 0 0 19 4 0 2 0 21 0 0 0 0
191 9497 1204 1187 102 0 0 19 4 0 2 0 21 0 0 0 0
192 9488 1206 1187 105 0 0 21 4 0 2 0 23 0 0 0 0
193 9484 1208 1189 105 0 0 21 4 0 2 0 23 0 0 0 0
194 9478 1210 1190 106 0 0 22 4 0 2 0 24 0 0 0 0
195 9463 1217 1197 107 0 0 22 4 0 2 0 24 0 0 0 0
196 9455 1218 1198 113 0 0 22 4 0 2 0 24 0 0 0 0
197 9450 1220 1200 114 0 0 22 4 0 2 0 24 0 0 0 0
198 9446 1222 1202 114 0 0 22 4 0 2 0 24 0 0 0 0
199 9431 1228 1207 116 0 0 23 4 0 2 0 25 0 0 0 0
200 9422 1232 1211 117 0 0 23 4 0 2 0 25 0 0 0 0
201 9410 1239 1217 114 0 0 24 4 0 2 0 26 0 0 0 0
202 9400 1244 1222 114 0 0 24 4 0 2 0 26 0 0 0 0
203 9395 1248 1226 111 0 0 24 4 0 2 0 26 0 0 0 0
204 9403 1245 1223 109 0 0 24 4 0 2 0 26 0 0 0 0
205 9394 1249 1227 110 0 0 24 4 0 2 0 26 0 0 0 0
206 9381 1255 1233 111 0 0 24 4 0 2 0 26 0 0 0 0
207 9370 1260 1239 110 0 0 24 4 0 3 0 25 0 0 0 1
208 9356 1266 1245 112 0 0 24 4 0 3 0 25 0 0 0 1
209 9365 1260 1238 114 0 0 25 4 0 3 0 26 0 0 0 1
210 9364 1260 1239 112 0 0 25 5 0 4 0 26 0 0 0 1
211 9367 1258 1236 112 0 0 26 5 0 4 0 27 0 0 0 1
212 9360 1262 1240 111 0 0 26 5 0 4 0 27 0 0 0 1
213 9358 1263 1241 111 0 0 26 5 0 4 0 27 0 0 0 1
214 9359 1260 1238 116 0 0 26 5 0 4 0 27 0 0 0 1
215 9358 1259 1237 117 0 0 27 5 0 5 0 27 0 0 0 1
216 9361 1258 1236 116 0 0 27 5 0 5 0 27 0 0 0 1
217 9356 1260 1238 117 0 0 27 5 0 5 0 27 0 0 0 1
218 9355 1260 1238 118 0 0 27 5 0 5 0 27 0 0 0 1
219 9360 1255 1233 123 0 0 27 5 0 5 0 27 0 0 0 1
220 9364 1252 1231 124 0 0 27 5 0 6 0 26 0 0 0 1
221 9366 1249 1228 128 0 0 27 5 0 6 0 26 0 0 0 1
222 9360 1251 1230 130 0 0 27 5 0 6 0 26 0 0 0 1
223 9363 1250 1229 129 0 0 27 5 0 6 0 26 0 0 0 1
224 9360 1250 1229 132 0 0 27 5 0 6 0 26 0 0 0 1
225 9364 1247 1227 133 0 0 27 5 0 7 0 25 0 0 0 1
226 9358 1248 1228 137 0 0 27 5 0 7 0 25 0 0 0 1
227 9352 1251 1231 137 0 0 27 5 0 7 0 25 0 0 0 1
228 9341 1256 1236 138 0 0 27 5 0 7 0 25 0 0 0 1
229 9346 1254 1233 136 0 0 28 5 0 7 0 26 0 0 0 1
230 9335 1259 1237 136 0 0 29 5 0 7 0 27 0 0 0 1
231 9335 1257 1235 140 0 0 29 5 0 7 0 27 0 0 0 1
232 9326 1262 1240 139 0 0 29 5 0 7 0 27 0 0 0 1
233 9313 1268 1245 139 0 0 30 5 0 7 0 28 0 0 0 1
234 9323 1262 1239 141 0 0 30 5 0 7 0 28 0 0 0 1
235 9309 1268 1245 143 0 0 30 5 0 7 0 28 0 0 0 1
236 9301 1270 1248 146 0 0 30 5 0 8 0 27 0 0 0 1
237 9273 1281 1259 152 0 0 30 5 0 8 0 27 0 0 0 1
238 9263 1285 1263 154 0 0 30 5 0 8 0 27 0 0 0 1
239 9251 1289 1267 158 0 0 30 5 0 8 0 27 0 0 0 1
240 9255 1287 1265 158 0 0 30 5 0 8 0 27 0 0 0 1
241 9261 1284 1262 156 0 0 30 6 0 8 0 28 0 0 0 1
242 9249 1290 1266 155 0 0 32 5 0 8 0 29 0 0 0 2
243 9260 1285 1259 152 0 0 34 5 0 8 0 31 0 0 0 2
244 9265 1281 1256 154 0 0 34 5 0 9 0 30 0 0 0 2
245 9257 1285 1260 154 0 0 34 5 0 9 0 30 0 0 0 2
246 9245 1291 1266 154 0 0 34 5 0 9 0 30 0 0 0 2
247 9221 1303 1278 154 0 0 34 5 0 9 0 30 0 0 0 2
248 9198 1312 1288 158 0 0 33 6 0 9 0 30 0 0 0 2
249 9179 1321 1296 156 0 0 35 6 0 10 0 31 0 0 0 2
250 9160 1329 1303 156 0 0 37 6 0 11 0 32 0 0 0 2
251 9157 1330 1302 157 0 0 38 6 0 10 0 34 0 0 0 2
252 9143 1337 1309 157 0 0 38 6 0 10 0 34 0 0 0 2
253 9140 1338 1310 158 0 0 38 6 0 10 0 34 0 0 0 2
254 9127 1342 1313 162 0 0 39 6 0 10 0 35 0 0 0 2
255 9120 1344 1315 165 0 0 39 6 0 10 0 35 0 0 0 2
256 9109 1351 1321 161 0 0 40 6 0 10 0 36 0 0 0 2
257 9084 1362 1332 164 0 0 40 6 0 10 0 36 0 0 0 2
258 9058 1373 1343 166 0 0 40 7 0 10 0 37 0 0 0 2
259 9039 1381 1350 168 0 0 41 7 0 10 0 38 0 0 0 2
260 9037 1381 1349 169 0 0 42 7 0 10 0 39 0 0 0 2
261 9029 1383 1350 172 0 0 43 7 0 10 0 40 0 0 0 2
262 9018 1387 1354 175 0 0 43 7 0 10 0 40 0 0 0 2
263 9017 1387 1353 175 0 0 44 7 0 10 0 41 0 0 0 2
264 9002 1393 1357 176 0 0 46 7 0 10 0 43 0 0 0 2
265 8990 1398 1362 178 0 0 46 7 0 10 0 43 0 0 0 2
266 8974 1402 1363 183 0 0 49 7 0 10 0 46 0 0 0 2
267 8942 1419 1379 180 0 0 50 7 0 10 0 47 0 0 0 2
268 8928 1426 1386 180 0 0 50 7 0 10 0 47 0 0 0 2
269 8937 1423 1381 175 0 0 52 7 0 10 0 49 0 0 0 2
270 8917 1431 1389 179 0 0 52 7 0 10 0 49 0 0 0 2
271 8908 1433 1390 181 0 0 54 7 0 11 0 50 0 0 0 2
272 8897 1437 1393 183 0 0 55 7 0 11 0 51 0 0 0 2
273 8883 1443 1398 184 0 0 56 7 0 11 0 52 0 0 0 2
274 8870 1448 1403 186 0 0 56 7 0 11 0 52 0 0 0 3
275 8856 1454 1408 187 0 0 57 7 0 11 0 53 0 0 0 3
276 8840 1458 1412 195 0 0 57 7 0 11 0 53 0 0 0 3
277 8824 1465 1418 196 0 0 58 7 0 11 0 54 0 0 0 3
278 8799 1476 1429 199 0 0 58 7 0 11 0 54 0 0 0 3
279 8801 1474 1427 199 0 0 58 8 0 11 0 55 0 0 0 3
280 8800 1475 1428 198 0 0 58 8 0 11 0 55 0 0 0 3
281 8793 1476 1428 200 0 0 59 9 0 11 0 57 0 0 0 3
282 8784 1479 1429 202 0 0 61 8 0 11 0 58 0 0 0 4
283 8789 1475 1426 202 0 0 61 9 0 12 0 58 0 0 0 4
284 8787 1476 1426 201 0 0 62 9 0 12 0 59 0 0 0 4
285 8777 1482 1430 197 0 0 64 9 0 12 0 61 0 0 0 4
286 8780 1482 1429 193 0 0 65 9 0 12 0 62 0 0 0 4
287 8768 1486 1432 194 0 0 67 9 0 13 0 63 0 0 0 4
288 8749 1493 1439 199 0 0 67 9 0 13 0 63 0 0 0 4
289 8741 1497 1443 199 0 0 67 9 0 13 0 63 0 0 0 4
290 8736 1498 1445 201 0 0 67 9 0 14 0 62 0 0 0 4
291 8739 1499 1444 195 0 0 69 8 0 14 0 63 0 0 0 5
292 8729 1502 1445 197 0 0 71 8 0 14 0 65 0 0 0 5
293 8722 1506 1448 195 0 0 72 8 0 14 0 66 0 0 0 5
294 8715 1511 1454 189 0 0 72 9 0 15 0 66 0 0 0 5
295 8706 1516 1460 187 0 0 72 9 0 16 0 65 0 0 0 5
296 8706 1517 1460 184 0 0 73 9 0 16 0 66 0 0 0 5
297 8680 1527 1469 186 0 0 74 10 0 16 0 68 0 0 0 6
298 8670 1532 1474 186 0 0 74 10 0 16 0 68 0 0 0 6
299 8665 1534 1476 185 0 0 75 10 0 17 0 68 0 0 0 6
300 8662 1535 1476 185 0 0 76 10 0 17 0 69 0 0 0 6
301 8669 1533 1472 180 0 0 78 10 0 17 0 71 0 0 0 6
302 8661 1537 1473 179 0 0 80 10 0 16 0 74 0 0 0 6
303 8655 1540 1475 180 0 0 81 9 0 16 0 74 0 0 0 6
304 8646 1543 1478 181 0 0 81 10 0 16 0 75 0 0 0 6
305 8625 1550 1485 187 0 0 81 10 0 16 0 75 0 0 0 7
306 8603 1556 1492 196 0 0 81 10 0 17 0 74 0 0 0 7
307 8600 1556 1492 195 0 0 82 11 0 18 0 75 0 0 0 7
308 8590 1560 1496 195 0 0 83 11 0 19 0 75 0 0 0 7
309 8589 1561 1492 189 0 0 88 11 0 19 0 80 0 0 0 7
310 8581 1565 1494 185 0 0 91 11 0 20 0 82 0 0 0 7
311 8569 1571 1500 185 0 0 91 11 0 20 0 82 0 0 0 7
312 8554 1578 1506 185 0 0 92 11 0 20 0 83 0 0 0 7
313 8550 1577 1505 191 0 0 92 11 0 20 0 83 0 0 0 7
314 8555 1573 1502 191 0 0 93 11 0 22 0 82 0 0 0 7
315 8557 1572 1501 191 0 0 93 11 0 22 0 82 0 0 0 7
316 8558 1573 1502 188 0 0 93 11 0 22 0 82 0 0 0 7
317 8553 1575 1503 186 0 0 94 12 0 22 0 84 0 0 0 7
318 8553 1575 1503 186 0 0 94 12 0 22 0 84 0 0 0 7
319 8544 1578 1506 189 0 0 94 12 0 22 0 84 0 0 0 7
320 8530 1584 1512 191 0 0 94 12 0 22 0 84 0 0 0 7
321 8530 1584 1511 190 0 0 95 12 0 22 0 85 0 0 0 7
322 8525 1587 1514 189 0 0 95 12 0 22 0 85 0 0 0 7
323 8525 1584 1512 192 0 0 95 13 0 23 0 85 0 0 0 7
324 8518 1586 1514 193 0 0 96 13 0 24 0 85 0 0 0 7
325 8517 1585 1514 195 0 0 96 13 0 25 0 84 0 0 0 7
326 8513 1585 1514 197 0 0 96 14 0 25 0 85 0 0 0 7
327 8506 1587 1515 199 0 0 97 14 0 25 0 86 0 0 0 7
328 8509 1586 1512 196 0 0 99 14 0 25 0 88 0 0 0 7
329 8499 1590 1514 196 0 0 101 14 0 25 0 90 0 0 0 7
330 8502 1588 1513 196 0 0 100 15 0 25 0 90 0 0 0 7
331 8498 1586 1510 201 0 0 101 16 0 25 0 92 0 0 0 7
332 8494 1587 1510 200 0 0 103 16 0 26 0 93 0 0 0 7
333 8492 1589 1512 198 0 0 103 16 0 26 0 93 0 0 0 7
334 8483 1593 1517 198 0 0 103 16 0 27 0 92 0 0 0 7
335 8477 1595 1519 198 0 0 103 17 0 27 0 93 0 0 0 7
336 8487 1588 1512 202 0 0 103 17 0 27 0 93 0 0 0 7
337 8475 1591 1513 204 0 0 106 17 0 28 0 95 0 0 0 7
338 8468 1595 1515 201 0 0 108 17 0 28 0 97 0 0 0 7
339 8464 1598 1516 197 0 0 110 17 0 28 0 99 0 0 0 7
340 8462 1600 1517 194 0 0 111 17 0 28 0 100 0 0 0 7
341 8471 1595 1510 193 0 0 113 17 0 28 0 102 0 0 0 7
342 8469 1595 1512 193 0 0 112 18 0 29 0 101 0 0 0 7
343 8464 1593 1510 202 0 0 112 18 0 29 0 101 0 0 0 7
344 8446 1601 1518 204 0 0 112 18 0 29 0 101 0 0 0 7
345 8437 1604 1521 207 0 0 112 18 0 29 0 101 0 0 0 7
346 8426 1606 1520 212 0 0 115 17 0 29 0 103 0 0 0 8
347 8414 1609 1525 216 0 0 115 17 0 31 0 101 0 0 0 8
348 8406 1613 1528 215 0 0 116 17 0 31 0 102 0 0 0 8
349 8399 1616 1530 215 0 0 117 17 0 31 0 103 0 0 0 8
350 8390 1617 1530 219 0 0 119 17 0 32 0 104 0 0 0 8
351 8383 1618 1530 223 0 0 120 17 0 32 0 105 0 0 0 8
352 8371 1623 1533 224 0 0 122 16 0 32 0 106 0 0 0 9
353 8346 1633 1542 224 0 0 123 18 0 32 0 109 0 0 0 9
354 8344 1632 1541 227 0 0 124 17 0 33 0 108 0 0 0 10
355 8327 1636 1541 232 0 0 128 17 0 33 0 112 0 0 0 10
356 8317 1640 1545 233 0 0 128 17 0 33 0 112 0 0 0 11
357 8301 1648 1554 232 0 0 128 17 0 34 0 111 0 0 0 11
358 8291 1653 1559 232 0 0 128 17 0 34 0 111 0 0 0 11
359 8269 1662 1568 236 0 0 128 17 0 34 0 111 0 0 0 11
360 8246 1671 1578 240 0 0 128 17 0 35 0 110 0 0 0 11
361 8235 1677 1584 239 0 0 128 17 0 35 0 110 0 0 0 11
362 8228 1679 1586 242 0 0 128 17 0 35 0 110 0 0 0 11
363 8233 1675 1578 241 0 0 132 17 0 35 0 114 0 0 0 11
364 8232 1673 1577 245 0 0 132 17 0 36 0 113 0 0 0 11
365 8231 1672 1577 247 0 0 132 17 0 37 0 112 0 0 0 11
366 8216 1679 1582 248 0 0 134 16 0 37 0 113 0 0 0 11
367 8201 1685 1587 252 0 0 134 16 0 36 0 114 0 0 0 11
368 8186 1688 1590 259 0 0 134 17 0 36 0 115 0 0 0 11
369 8181 1688 1590 262 0 0 135 17 0 37 0 115 0 0 0 11
370 8169 1691 1593 264 0 0 135 19 0 37 0 117 0 0 0 11
371 8162 1693 1593 265 0 0 137 19 0 37 0 119 0 0 0 11
372 8163 1692 1590 264 0 0 139 19 0 37 0 121 0 0 0 11
373 8142 1701 1598 268 0 0 139 19 0 36 0 122 0 0 0 11
374 8143 1702 1597 263 0 0 141 19 0 36 0 124 0 0 0 11
375 8129 1706 1603 265 0 0 141 20 0 38 0 123 0 0 0 11
376 8119 1710 1608 266 0 0 141 20 0 39 0 122 0 0 0 11
377 8110 1713 1611 267 0 0 141 21 0 39 0 123 0 0 0 11
378 8118 1708 1608 267 0 0 141 21 0 41 0 121 0 0 0 11
379 8111 1710 1609 267 0 0 143 21 0 42 0 122 0 0 0 11
380 8106 1709 1609 273 0 0 143 21 0 43 0 121 0 0 0 11
381 8090 1716 1613 273 0 0 147 19 0 44 0 122 0 0 0 12
382 8091 1715 1612 274 0 0 147 19 0 44 0 122 0 0 0 12
383 8079 1721 1618 274 0 0 147 19 0 44 0 122 0 0 0 12
384 8088 1719 1614 267 0 0 149 19 0 44 0 124 0 0 0 12
385 8078 1725 1619 264 0 0 150 19 0 44 0 125 0 0 0 12
386 8070 1728 1620 262 0 0 153 19 0 45 0 127 0 0 0 12
387 8063 1729 1623 264 0 0 152 20 0 46 0 126 0 0 0 13
388 8060 1729 1623 267 0 0 152 20 0 46 0 126 0 0 0 13
389 8052 1731 1624 270 0 0 153 20 0 46 0 127 0 0 0 13
390 8055 1729 1625 268 0 0 152 21 0 48 0 125 0 0 0 13
391 8048 1731 1627 271 0 0 152 21 0 48 0 125 0 0 0 13
392 8029 1739 1633 272 0 0 154 21 0 48 0 127 0 0 0 13
393 8026 1739 1633 273 0 0 155 21 0 49 0 127 0 0 0 13
394 8025 1740 1634 272 0 0 155 21 0 49 0 127 0 0 0 13
395 8028 1739 1631 269 0 0 157 21 0 49 0 129 0 0 0 13
396 8033 1735 1628 271 0 0 157 21 0 50 0 128 0 0 0 13
397 8041 1728 1622 276 0 0 156 22 0 50 0 128 0 0 0 13
398 8042 1728 1622 275 0 0 156 22 0 50 0 128 0 0 0 13
399 8044 1726 1623 274 0 0 156 22 0 53 0 125 0 0 0 13
400 8041 1727 1623 270 0 0 157 24 0 53 0 128 0 0 0 13
401 8035 1728 1625 273 0 0 157 24 0 54 0 127 0 0 0 13
402 8043 1726 1622 268 0 0 158 24 0 54 0 128 0 0 0 13
403 8039 1728 1623 267 0 0 160 23 0 55 0 128 0 0 0 13
404 8040 1728 1622 265 0 0 161 23 0 55 0 129 0 0 0 13
405 8039 1725 1620 271 0 0 161 23 0 56 0 128 0 0 0 13
406 8040 1723 1618 274 0 0 161 23 0 56 0 128 0 0 0 13
407 8018 1731 1626 278 0 0 160 25 0 55 0 130 0 0 0 13
408 8017 1732 1625 275 0 0 162 25 0 55 0 132 0 0 0 13
409 8018 1730 1623 278 0 0 162 25 0 55 0 132 0 0 0 13
410 8022 1728 1620 277 0 0 163 25 0 55 0 133 0 0 0 13
411 8020 1729 1620 278 0 0 163 25 0 54 0 134 0 0 0 13
412 8028 1725 1615 279 0 0 164 24 0 54 0 134 0 0 0 13
413 8015 1730 1621 277 0 0 165 25 0 56 0 134 0 0 0 13
414 8016 1731 1623 273 0 0 164 26 0 56 0 134 0 0 0 13
415 8006 1732 1623 274 0 0 166 28 0 57 0 137 0 0 0 13
416 8006 1734 1624 269 0 0 167 28 0 57 0 138 0 0 0 13
417 7994 1739 1630 270 0 0 167 28 0 58 0 137 0 0 0 13
418 7992 1738 1628 271 0 0 169 28 0 59 0 138 0 0 0 13
419 7983 1743 1634 269 0 0 169 28 0 60 0 137 0 0 0 13
420 7989 1737 1630 271 0 0 170 28 0 63 0 135 0 0 0 13
421 7993 1734 1628 272 0 0 170 28 0 64 0 134 0 0 0 13
422 7995 1732 1627 273 0 0 170 28 0 65 0 133 0 0 0 13
423 7999 1730 1624 270 0 0 172 28 0 66 0 134 0 0 0 13
424 7997 1730 1626 270 0 0 171 29 0 67 0 133 0 0 0 13
425 7989 1734 1629 267 0 0 172 30 0 67 0 135 0 0 0 13
426 7988 1735 1630 264 0 0 173 30 0 68 0 135 0 0 0 13
427 7984 1736 1631 266 0 0 173 30 0 68 0 135 0 0 0 13
428 7987 1737 1633 260 0 0 174 29 0 70 0 133 0 0 0 13
429 7975 1742 1638 262 0 0 174 29 0 70 0 133 0 0 0 13
430 7980 1736 1632 267 0 0 175 28 0 71 0 132 0 0 0 15
431 7977 1733 1629 274 0 0 175 29 0 71 0 133 0 0 0 15
432 7969 1737 1633 274 0 0 175 29 0 71 0 133 0 0 0 15
433 7969 1736 1632 276 0 0 175 29 0 71 0 133 0 0 0 15
434 7973 1732 1628 279 0 0 176 28 0 72 0 132 0 0 0 16
435 7967 1733 1627 281 0 0 178 28 0 72 0 134 0 0 0 16
436 7953 1740 1634 281 0 0 178 28 0 72 0 134 0 0 0 16
437 7964 1735 1629 276 0 0 178 30 0 72 0 136 0 0 0 16
438 7961 1736 1631 276 0 0 178 30 0 73 0 135 0 0 0 16
439 7946 1741 1635 280 0 0 179 30 0 73 0 136 0 0 0 16
440 7935 1745 1637 282 0 0 181 29 0 73 0 137 0 0 0 17
441 7927 1749 1641 279 0 0 182 29 0 74 0 137 0 0 0 18
442 7919 1751 1641 283 0 0 184 28 0 74 0 138 0 0 0 18
443 7921 1748 1638 285 0 0 185 28 0 75 0 138 0 0 0 18
444 7916 1750 1640 284 0 0 186 28 0 76 0 138 0 0 0 18
445 7905 1754 1643 287 0 0 187 27 0 76 0 138 0 0 0 19
446 7903 1756 1642 283 0 0 190 26 0 76 0 140 0 0 0 20
447 7900 1756 1640 284 0 0 192 26 0 76 0 142 0 0 0 20
448 7895 1757 1640 284 0 0 194 26 0 77 0 143 0 0 0 20
449 7891 1756 1638 285 0 0 197 26 0 79 0 144 0 0 0 20
450 7881 1760 1642 285 0 0 197 27 0 79 0 145 0 0 0 20
451 7877 1763 1643 281 0 0 199 27 0 79 0 147 0 0 0 20
452 7860 1771 1647 279 0 0 201 27 0 77 0 151 0 0 0 23
453 7857 1769 1646 281 0 0 202 28 0 79 0 151 0 0 0 23
454 7848 1768 1645 288 0 0 202 30 0 79 0 153 0 0 0 23
455 7848 1765 1644 290 0 0 202 31 0 81 0 152 0 0 0 23
456 7856 1763 1642 285 0 0 202 31 0 81 0 152 0 0 0 24
457 7848 1763 1642 289 0 0 204 31 0 83 0 152 0 0 0 24
458 7830 1772 1650 290 0 0 204 31 0 82 0 153 0 0 0 24
459 7828 1772 1648 286 0 0 207 32 0 83 0 156 0 0 0 24
460 7814 1776 1652 292 0 0 207 32 0 83 0 156 0 0 0 24
461 7804 1780 1655 294 0 0 208 31 0 83 0 156 0 0 0 25
462 7796 1781 1657 293 0 0 210 32 0 86 0 156 0 0 0 25
463 7793 1780 1656 296 0 0 210 33 0 86 0 157 0 0 0 25
464 7774 1788 1663 299 0 0 211 32 0 86 0 157 0 0 0 26
465 7758 1792 1666 306 0 0 212 32 0 86 0 158 0 0 0 26
466 7756 1787 1661 305 0 0 217 33 0 91 0 159 0 0 0 27
467 7747 1793 1667 302 0 0 217 33 0 91 0 159 0 0 0 27
468 7737 1797 1672 302 0 0 216 34 0 91 0 159 0 0 0 28
469 7719 1803 1679 307 0 0 216 34 0 92 0 158 0 0 0 28
470 7714 1803 1679 309 0 0 216 35 0 92 0 159 0 0 0 29
471 7698 1809 1683 310 0 0 218 35 0 92 0 161 0 0 0 30
472 7688 1814 1688 304 0 0 219 37 0 93 0 163 0 0 0 30
473 7662 1827 1700 299 0 0 221 38 0 94 0 165 0 0 0 30
474 7647 1831 1703 306 0 0 223 36 0 95 0 164 0 0 0 31
475 7640 1832 1704 311 0 0 223 36 0 95 0 164 0 0 0 31
476 7632 1835 1705 312 0 0 225 35 0 95 0 165 0 0 0 32
477 7631 1833 1703 315 0 0 226 35 0 96 0 165 0 0 0 32
478 7618 1837 1706 315 0 0 228 36 0 97 0 167 0 0 0 32
479 7606 1841 1709 318 0 0 229 36 0 97 0 168 0 0 0 32
480 7609 1838 1708 317 0 0 228 37 0 98 0 167 0 0 0 34
481 7591 1847 1716 316 0 0 229 37 0 98 0 168 0 0 0 34
482 7589 1847 1712 314 0 0 233 36 0 98 0 171 0 0 0 36
483 7590 1843 1706 317 0 0 236 35 0 99 0 172 0 0 0 38
484 7581 1846 1708 315 0 0 238 36 0 100 0 174 0 0 0 38
485 7584 1842 1704 319 0 0 238 36 0 100 0 174 0 0 0 39
486 7583 1843 1702 315 0 0 241 36 0 100 0 177 0 0 0 39
487 7568 1849 1708 318 0 0 241 36 0 100 0 177 0 0 0 39
488 7577 1841 1702 320 0 0 242 36 0 103 0 175 0 0 0 40
489 7582 1837 1697 321 0 0 243 36 0 103 0 176 0 0 0 41
490 7591 1832 1693 319 0 0 244 36 0 105 0 175 0 0 0 41
491 7587 1833 1694 320 0 0 244 36 0 105 0 175 0 0 0 42
492 7579 1838 1698 315 0 0 245 37 0 105 0 177 0 0 0 42
493 7575 1841 1700 314 0 0 245 37 0 104 0 178 0 0 0 42
494 7581 1838 1696 311 0 0 246 38 0 104 0 180 0 0 0 42
495 7584 1835 1693 314 0 0 246 38 0 104 0 180 0 0 0 42
496 7596 1829 1685 315 0 0 248 36 0 104 0 180 0 0 0 43
497 7607 1822 1676 315 0 0 250 36 0 104 0 182 0 0 0 44
498 7614 1817 1670 317 0 0 251 36 0 104 0 183 0 0 0 44
499 7604 1820 1675 318 0 0 251 36 0 106 0 181 0 0 0 45
500 7609 1816 1672 318 0 0 252 36 0 108 0 180 0 0 0 45
501 7614 1812 1669 316 0 0 252 38 0 109 0 181 0 0 0 45
502 7602 1817 1673 317 0 0 253 38 0 109 0 182 0 0 0 45
503 7602 1816 1672 317 0 0 254 38 0 110 0 182 0 0 0 45
504 7617 1808 1666 316 0 0 254 38 0 112 0 180 0 0 0 45
505 7612 1808 1664 321 0 0 256 36 0 112 0 180 0 0 0 47
506 7612 1806 1662 323 0 0 256 37 0 112 0 181 0 0 0 47
507 7625 1797 1654 327 0 0 256 37 0 113 0 180 0 0 0 47
508 7620 1801 1658 322 0 0 256 37 0 113 0 180 0 0 0 49
509 7622 1797 1654 326 0 0 256 38 0 113 0 181 0 0 0 49
510 7619 1799 1655 326 0 0 257 37 0 113 0 181 0 0 0 49
511 7627 1797 1652 322 0 0 257 37 0 112 0 182 0 0 0 50
512 7628 1795 1649 322 0 0 259 37 0 113 0 183 0 0 0 50
513 7635 1791 1643 322 0 0 261 36 0 113 0 184 0 0 0 51
514 7643 1789 1640 313 0 0 261 39 0 112 0 188 0 0 0 51
515 7646 1787 1639 310 0 0 261 40 0 113 0 188 0 0 0 52
516 7646 1787 1642 307 0 0 260 41 0 115 0 186 0 0 0 52
517 7642 1786 1642 312 0 0 260 41 0 116 0 185 0 0 0 52
518 7633 1789 1645 315 0 0 260 41 0 116 0 185 0 0 0 52
519 7633 1787 1641 316 0 0 262 41 0 116 0 187 0 0 0 53
520 7625 1790 1644 314 0 0 264 41 0 118 0 187 0 0 0 53
521 7622 1794 1647 308 0 0 265 41 0 118 0 188 0 0 0 53
522 7612 1798 1651 310 0 0 265 41 0 118 0 188 0 0 0 53
523 7628 1789 1641 311 0 0 267 40 0 119 0 188 0 0 0 53
524 7614 1794 1644 311 0 0 269 40 0 119 0 190 0 0 0 55
525 7621 1789 1637 312 0 0 272 39 0 120 0 191 0 0 0 55
526 7604 1796 1642 313 0 0 274 39 0 120 0 193 0 0 0 55
527 7611 1791 1637 314 0 0 274 40 0 120 0 194 0 0 0 55
528 7608 1791 1637 316 0 0 274 40 0 120 0 194 0 0 0 56
529 7620 1785 1633 314 0 0 274 40 0 122 0 192 0 0 0 56
530 7626 1783 1631 312 0 0 275 39 0 123 0 191 0 0 0 56
531 7629 1781 1630 312 0 0 275 39 0 124 0 190 0 0 0 56
532 7631 1780 1629 312 0 0 275 39 0 124 0 190 0 0 0 56
533 7629 1781 1630 310 0 0 276 39 0 125 0 190 0 0 0 56
534 7634 1778 1628 308 0 0 276 40 0 126 0 190 0 0 0 56
535 7640 1775 1625 306 0 0 277 40 0 127 0 190 0 0 0 56
536 7637 1777 1626 304 0 0 279 39 0 128 0 190 0 0 0 56
537 7640 1774 1626 304 0 0 278 40 0 130 0 188 0 0 0 56
538 7650 1768 1618 304 0 0 280 40 0 130 0 190 0 0 0 56
539 7645 1771 1622 302 0 0 278 42 0 129 0 191 0 0 0 56
540 7645 1769 1622 302 0 0 278 43 0 131 0 190 0 0 0 56
541 7645 1769 1622 302 0 0 278 43 0 131 0 190 0 0 0 56
542 7637 1772 1623 304 0 0 280 42 0 131 0 191 0 0 0 56
543 7660 1758 1611 307 0 0 279 43 0 132 0 190 0 0 0 56
544 7660 1760 1612 304 0 0 280 42 0 132 0 190 0 0 0 56
545 7662 1758 1611 305 0 0 280 42 0 133 0 189 0 0 0 56
546 7669 1755 1607 303 0 0 281 42 0 133 0 190 0 0 0 56
547 7669 1753 1606 306 0 0 282 41 0 135 0 188 0 0 0 56
548 7674 1751 1603 306 0 0 282 41 0 134 0 189 0 0 0 56
549 7670 1750 1607 305 0 0 280 44 0 137 0 187 0 0 0 56
550 7657 1750 1611 314 0 0 279 45 0 140 0 184 0 0 0 56
551 7665 1745 1607 315 0 0 279 45 0 141 0 183 0 0 0 56
552 7664 1749 1612 305 0 0 278 47 0 141 0 184 0 0 0 56
553 7682 1743 1605 298 0 0 279 47 0 141 0 185 0 0 0 56
554 7687 1742 1602 293 0 0 282 45 0 142 0 185 0 0 0 58
555 7690 1741 1600 290 0 0 284 44 0 143 0 185 0 0 0 59
556 7691 1740 1600 287 0 0 284 44 0 144 0 184 0 0 0 62
557 7677 1747 1609 285 0 0 283 45 0 145 0 183 0 0 0 62
558 7687 1741 1604 283 0 0 284 45 0 147 0 182 0 0 0 63
559 7674 1746 1610 285 0 0 284 45 0 148 0 181 0 0 0 63
560 7684 1743 1607 279 0 0 284 46 0 148 0 182 0 0 0 63
561 7696 1738 1602 277 0 0 284 46 0 148 0 182 0 0 0 63
562 7706 1732 1597 278 0 0 284 46 0 149 0 181 0 0 0 63
563 7704 1735 1598 274 0 0 287 44 0 150 0 181 0 0 0 63
564 7706 1731 1595 277 0 0 289 43 0 153 0 179 0 0 0 63
565 7698 1734 1597 279 0 0 290 42 0 153 0 179 0 0 0 64
566 7695 1736 1601 271 0 0 292 42 0 157 0 177 0 0 0 65
567 7692 1735 1600 274 0 0 292 43 0 157 0 178 0 0 0 65
568 7692 1733 1599 277 0 0 293 42 0 159 0 176 0 0 0 65
569 7722 1718 1584 276 0 0 294 41 0 160 0 175 0 0 0 66
570 7733 1710 1578 279 0 0 294 41 0 162 0 173 0 0 0 66
571 7734 1709 1574 279 0 0 298 39 0 163 0 174 0 0 0 66
572 7729 1710 1576 281 0 0 298 39 0 164 0 173 0 0 0 66
573 7740 1705 1573 278 0 0 297 40 0 165 0 172 0 0 0 66
574 7744 1701 1570 281 0 0 297 40 0 166 0 171 0 0 0 66
575 7758 1692 1563 283 0 0 297 40 0 168 0 169 0 0 0 66
576 7773 1684 1555 283 0 0 298 39 0 169 0 168 0 0 0 67
577 7770 1683 1555 285 0 0 299 39 0 171 0 167 0 0 0 67
578 7771 1683 1555 284 0 0 299 39 0 171 0 167 0 0 0 67
579 7775 1678 1553 285 0 0 300 39 0 175 0 164 0 0 0 67
580 7774 1676 1556 283 0 0 296 44 0 176 0 164 0 0 0 67
581 7789 1668 1550 282 0 0 295 45 0 177 0 163 0 0 0 67
582 7790 1666 1548 285 0 0 295 45 0 177 0 163 0 0 0 67
583 7782 1668 1551 286 0 0 294 47 0 177 0 164 0 0 0 67
584 7786 1666 1550 285 0 0 293 48 0 177 0 164 0 0 0 67
585 7788 1666 1548 283 0 0 294 48 0 176 0 166 0 0 0 67
586 7793 1661 1542 285 0 0 296 48 0 177 0 167 0 0 0 67
587 7793 1662 1542 284 0 0 295 49 0 175 0 169 0 0 0 67
588 7793 1662 1541 283 0 0 296 49 0 175 0 170 0 0 0 67
589 7809 1654 1533 283 0 0 297 48 0 176 0 169 0 0 0 67
590 7806 1656 1531 284 0 0 300 46 0 175 0 171 0 0 0 67
591 7809 1655 1530 283 0 0 299 47 0 174 0 172 0 0 0 67
592 7806 1654 1531 286 0 0 297 49 0 174 0 172 0 0 0 67
593 7820 1648 1525 282 0 0 298 49 0 175 0 172 0 0 0 67
594 7822 1649 1524 276 0 0 300 49 0 175 0 174 0 0 0 67
595 7823 1647 1522 277 0 0 301 49 0 176 0 174 0 0 0 67
596 7833 1643 1517 274 0 0 302 49 0 176 0 175 0 0 0 67
597 7830 1644 1519 274 0 0 302 49 0 177 0 174 0 0 0 67
598 7843 1636 1512 276 0 0 303 48 0 179 0 172 0 0 0 67
599 7847 1634 1511 275 0 0 303 48 0 180 0 171 0 0 0 67
600 7841 1635 1515 276 0 0 302 49 0 182 0 169 0 0 0 67
601 7845 1633 1514 275 0 0 302 49 0 183 0 168 0 0 0 67
602 7857 1627 1509 274 0 0 302 49 0 184 0 167 0 0 0 67
603 7865 1624 1505 271 0 0 303 49 0 184 0 168 0 0 0 67
604 7866 1625 1508 266 0 0 303 49 0 186 0 166 0 0 0 67
605 7862 1629 1512 261 0 0 303 49 0 186 0 166 0 0 0 68
606 7854 1635 1519 256 0 0 303 49 0 187 0 165 0 0 0 68
607 7844 1642 1525 251 0 0 304 49 0 187 0 166 0 0 0 68
608 7864 1633 1518 244 0 0 305 49 0 190 0 164 0 0 0 69
609 7861 1635 1519 241 0 0 306 49 0 190 0 165 0 0 0 70
610 7855 1637 1521 242 0 0 307 48 0 191 0 164 0 0 0 71
611 7864 1634 1515 242 0 0 309 46 0 190 0 165 0 0 0 71
612 7868 1634 1517 236 0 0 308 47 0 191 0 164 0 0 0 71
613 7878 1628 1512 235 0 0 308 48 0 192 0 164 0 0 0 71
614 7894 1619 1504 236 0 0 308 48 0 193 0 163 0 0 0 71
615 7889 1622 1506 235 0 0 309 47 0 193 0 163 0 0 0 72
616 7882 1624 1509 237 0 0 309 47 0 194 0 162 0 0 0 72
617 7876 1626 1511 236 0 0 310 47 0 195 0 162 0 0 0 73
618 7876 1626 1510 233 0 0 312 47 0 196 0 163 0 0 0 73
619 7884 1621 1505 235 0 0 312 47 0 196 0 163 0 0 0 73
620 7890 1617 1501 237 0 0 312 47 0 196 0 163 0 0 0 73
621 7894 1614 1501 236 0 0 311 48 0 198 0 161 0 0 0 73
622 7914 1604 1492 234 0 0 312 46 0 200 0 158 0 0 0 76
623 7923 1601 1487 233 0 0 313 45 0 199 0 159 0 0 0 76
624 7920 1601 1488 235 0 0 313 45 0 200 0 158 0 0 0 76
625 7916 1605 1493 228 0 0 313 46 0 201 0 158 0 0 0 76
626 7923 1600 1490 229 0 0 312 47 0 202 0 157 0 0 0 76
627 7933 1595 1484 228 0 0 313 47 0 202 0 158 0 0 0 76
628 7940 1589 1482 229 0 0 313 47 0 206 0 154 0 0 0 76
629 7955 1581 1476 228 0 0 313 47 0 208 0 152 0 0 0 76
630 7958 1576 1473 231 0 0 313 48 0 210 0 151 0 0 0 76
631 7969 1569 1465 233 0 0 314 48 0 210 0 152 0 0 0 76
632 7963 1570 1467 236 0 0 314 48 0 211 0 151 0 0 0 76
633 7958 1571 1469 238 0 0 314 48 0 212 0 150 0 0 0 76
634 7959 1570 1470 237 0 0 314 48 0 214 0 148 0 0 0 76
635 7972 1561 1464 239 0 0 313 49 0 216 0 146 0 0 0 76
636 7982 1555 1458 241 0 0 313 49 0 216 0 146 0 0 0 76
637 7973 1559 1463 239 0 0 313 50 0 217 0 146 0 0 0 76
638 7975 1559 1464 236 0 0 313 50 0 218 0 145 0 0 0 76
639 7982 1555 1461 234 0 0 313 51 0 219 0 145 0 0 0 76
640 7984 1554 1458 235 0 0 314 50 0 218 0 146 0 0 0 77
641 7991 1554 1459 227 0 0 313 51 0 218 0 146 0 0 0 77
642 7990 1551 1457 233 0 0 314 50 0 220 0 144 0 0 0 77
643 7989 1548 1457 237 0 0 314 50 0 223 0 141 0 0 0 77
644 7985 1547 1456 243 0 0 315 49 0 224 0 140 0 0 0 77
645 8000 1539 1449 243 0 0 316 48 0 226 0 138 0 0 0 77
646 8010 1534 1444 242 0 0 316 48 0 226 0 138 0 0 0 78
647 8017 1527 1440 246 0 0 317 47 0 230 0 134 0 0 0 78
648 8030 1521 1434 245 0 0 317 47 0 230 0 134 0 0 0 78
649 8039 1517 1430 244 0 0 317 47 0 230 0 134 0 0 0 78
650 8042 1513 1428 247 0 0 317 47 0 232 0 132 0 0 0 78
651 8051 1508 1423 246 0 0 318 47 0 233 0 132 0 0 0 78
652 8054 1507 1423 244 0 0 318 47 0 234 0 131 0 0 0 78
653 8048 1509 1425 246 0 0 318 47 0 234 0 131 0 0 0 78
654 8060 1504 1421 241 0 0 319 47 0 236 0 130 0 0 0 78
655 8047 1511 1428 240 0 0 319 47 0 236 0 130 0 0 0 78
656 8057 1506 1424 237 0 0 318 49 0 236 0 131 0 0 0 78
657 8056 1508 1425 235 0 0 318 49 0 235 0 132 0 0 0 78
658 8067 1504 1421 232 0 0 318 49 0 235 0 132 0 0 0 78
659 8085 1494 1412 233 0 0 318 49 0 236 0 131 0 0 0 78
660 8097 1488 1406 233 0 0 318 49 0 236 0 131 0 0 0 78
661 8102 1487 1406 225 0 0 318 51 0 237 0 132 0 0 0 78
662 8106 1486 1405 223 0 0 318 51 0 237 0 132 0 0 0 78
663 8105 1487 1409 216 0 0 316 54 0 238 0 132 0 0 0 79
664 8106 1487 1410 212 0 0 316 55 0 239 0 132 0 0 0 79
665 8111 1483 1407 212 0 0 315 57 0 239 0 133 0 0 0 79
666 8102 1488 1410 209 0 0 317 57 0 239 0 135 0 0 0 79
667 8104 1486 1410 209 0 0 317 57 0 241 0 133 0 0 0 79
668 8110 1483 1409 207 0 0 315 59 0 241 0 133 0 0 0 79
669 8114 1481 1408 206 0 0 314 60 0 241 0 133 0 0 0 79
670 8127 1475 1400 207 0 0 316 58 0 241 0 133 0 0 0 79
671 8119 1477 1403 210 0 0 316 57 0 242 0 131 0 0 0 81
672 8135 1471 1397 206 0 0 316 57 0 242 0 131 0 0 0 81
673 8134 1471 1397 207 0 0 317 56 0 243 0 130 0 0 0 81
674 8129 1472 1397 210 0 0 318 55 0 243 0 130 0 0 0 82
675 8144 1466 1391 207 0 0 319 54 0 244 0 129 0 0 0 82
676 8151 1462 1386 206 0 0 321 53 0 245 0 129 0 0 0 83
677 8158 1459 1384 204 0 0 321 53 0 246 0 128 0 0 0 83
678 8158 1458 1384 205 0 0 321 53 0 247 0 127 0 0 0 83
679 8170 1450 1378 207 0 0 321 53 0 249 0 125 0 0 0 83
680 8164 1451 1381 209 0 0 321 53 0 251 0 123 0 0 0 83
681 8163 1451 1380 209 0 0 322 53 0 251 0 124 0 0 0 83
682 8166 1449 1378 210 0 0 322 53 0 251 0 124 0 0 0 83
683 8166 1448 1378 211 0 0 322 53 0 252 0 123 0 0 0 83
684 8170 1446 1376 211 0 0 322 53 0 252 0 123 0 0 0 83
685 8162 1451 1379 209 0 0 324 52 0 252 0 124 0 0 0 83
686 8167 1447 1374 209 0 0 325 53 0 252 0 126 0 0 0 83
687 8179 1442 1369 207 0 0 325 53 0 252 0 126 0 0 0 83
688 8203 1430 1355 207 0 0 327 52 0 252 0 127 0 0 0 83
689 8201 1431 1355 208 0 0 327 52 0 251 0 128 0 0 0 83
690 8200 1431 1356 208 0 0 327 52 0 252 0 127 0 0 0 83
691 8202 1427 1353 212 0 0 328 51 0 254 0 125 0 0 0 84
692 8216 1418 1348 212 0 0 327 52 0 257 0 122 0 0 0 84
693 8221 1416 1348 209 0 0 328 51 0 260 0 119 0 0 0 84
694 8230 1412 1345 207 0 0 328 51 0 261 0 118 0 0 0 84
695 8237 1410 1341 204 0 0 329 51 0 260 0 120 0 0 0 84
696 8253 1403 1334 202 0 0 330 50 0 261 0 119 0 0 0 84
697 8263 1397 1328 204 0 0 329 51 0 260 0 120 0 0 0 84
698 8274 1389 1319 208 0 0 331 50 0 261 0 120 0 0 0 84
699 8285 1384 1316 205 0 0 330 51 0 262 0 119 0 0 0 84
700 8280 1388 1318 204 0 0 332 49 0 262 0 119 0 0 0 84
701 8277 1389 1317 205 0 0 333 49 0 261 0 121 0 0 0 84
702 8270 1392 1320 206 0 0 334 48 0 262 0 120 0 0 0 84
703 8285 1386 1313 202 0 0 336 47 0 263 0 120 0 0 0 84
704 8294 1380 1307 205 0 0 337 46 0 264 0 119 0 0 0 84
705 8295 1381 1304 206 0 0 338 45 0 261 0 122 0 0 0 84
706 8299 1379 1302 206 0 0 338 45 0 261 0 122 0 0 0 84
707 8303 1380 1302 201 0 0 339 44 0 261 0 122 0 0 0 84
708 8302 1380 1302 202 0 0 339 44 0 261 0 122 0 0 0 84
709 8307 1377 1301 201 0 0 338 45 0 262 0 121 0 0 0 84
710 8313 1376 1299 197 0 0 339 44 0 262 0 121 0 0 0 85
711 8325 1370 1295 195 0 0 339 44 0 264 0 119 0 0 0 85
712 8318 1375 1300 192 0 0 339 44 0 264 0 119 0 0 0 85
713 8319 1373 1298 195 0 0 339 44 0 264 0 119 0 0 0 85
714 8316 1375 1299 195 0 0 339 44 0 263 0 120 0 0 0 85
715 8315 1375 1299 196 0 0 339 44 0 263 0 120 0 0 0 85
716 8319 1373 1297 196 0 0 339 44 0 263 0 120 0 0 0 85
717 8330 1369 1293 193 0 0 339 44 0 263 0 120 0 0 0 85
718 8344 1362 1287 192 0 0 339 44 0 264 0 119 0 0 0 85
719 8345 1358 1286 196 1 0 338 44 0 267 1 115 0 0 0 85
720 8362 1349 1278 196 1 0 338 44 0 268 1 114 0 0 0 85
721 8373 1344 1274 194 1 0 338 44 0 269 1 113 0 0 0 85
722 8381 1340 1270 194 1 0 338 44 0 269 1 113 0 0 0 85
723 8371 1344 1274 196 1 0 338 44 0 269 1 113 0 0 0 85
724 8383 1338 1269 195 1 0 338 44 0 270 1 112 0 0 0 85
725 8385 1337 1268 195 1 0 338 44 0 270 1 112 0 0 0 85
726 8399 1330 1261 195 1 0 338 44 0 270 1 112 0 0 0 85
727 8411 1323 1255 194 1 0 338 45 0 271 1 112 0 0 0 85
728 8401 1328 1261 193 1 0 338 45 0 272 1 111 0 0 0 85
729 8409 1324 1258 192 1 0 337 46 0 272 1 111 0 0 0 85
730 8413 1323 1258 189 1 0 336 47 0 272 1 111 0 0 0 85
731 8442 1307 1243 187 1 0 337 48 0 274 1 111 0 0 0 85
732 8447 1305 1242 185 1 0 337 48 0 275 1 110 0 0 0 85
733 8447 1306 1243 181 1 0 338 48 0 276 1 110 0 0 0 85
734 8454 1304 1241 178 1 0 338 48 0 276 1 110 0 0 0 85
735 8448 1306 1246 176 1 0 336 50 0 277 1 109 0 0 0 86
736 8463 1298 1238 177 1 0 337 49 0 278 1 108 0 0 0 86
737 8457 1301 1241 177 1 0 337 49 0 278 1 108 0 0 0 86
738 8467 1296 1237 176 1 0 337 49 0 279 1 107 0 0 0 86
739 8465 1296 1238 177 1 0 336 50 0 279 1 107 0 0 0 86
740 8465 1296 1238 175 1 0 336 51 0 279 1 108 0 0 0 86
741 8467 1296 1237 170 1 0 338 51 0 280 1 109 0 0 0 86
742 8465 1297 1237 169 1 0 339 51 0 280 1 110 0 0 0 86
743 8473 1293 1234 168 1 0 339 51 0 281 1 109 0 0 0 86
744 8475 1292 1235 166 1 0 339 51 0 283 1 107 0 0 0 86
745 8477 1290 1235 166 1 0 339 51 0 285 1 105 0 0 0 86
746 8466 1296 1241 165 1 0 340 50 0 286 1 104 0 0 0 86
747 8469 1293 1240 166 1 0 339 51 0 287 1 103 0 0 0 86
748 8480 1288 1235 165 1 0 339 51 0 287 1 103 0 0 0 86
749 8478 1290 1236 163 1 0 339 51 0 286 1 104 0 0 0 87
750 8482 1287 1234 164 1 0 339 51 0 287 1 103 0 0 0 87
751 8491 1284 1230 162 1 0 339 51 0 286 1 104 0 0 0 87
752 8490 1283 1232 162 1 0 337 53 0 287 1 103 0 0 0 87
753 8515 1272 1219 159 1 0 339 52 0 287 1 104 0 0 0 87
754 8514 1272 1219 160 1 0 339 52 0 287 1 104 0 0 0 87
755 8523 1267 1214 161 1 0 339 52 0 287 1 104 0 0 0 87
756 8535 1260 1209 161 1 0 338 53 0 288 1 103 0 0 0 87
757 8546 1254 1206 159 1 0 336 55 0 289 1 102 0 0 0 87
758 8540 1258 1210 157 1 0 336 55 0 289 1 102 0 0 0 87
759 8540 1259 1212 154 1 0 336 55 0 290 1 101 0 0 0 87
760 8536 1260 1212 155 1 0 337 55 0 290 1 102 0 0 0 87
761 8529 1263 1215 156 1 0 337 55 0 290 1 102 0 0 0 87
762 8539 1259 1210 155 1 0 338 54 0 290 1 102 0 0 0 87
763 8533 1263 1214 153 1 0 338 54 0 290 1 102 0 0 0 87
764 8539 1261 1213 150 1 0 338 54 0 291 1 101 0 0 0 87
765 8540 1260 1214 149 1 0 338 54 0 293 1 99 0 0 0 87
766 8550 1253 1210 150 1 0 338 54 0 296 1 96 0 0 0 87
767 8547 1254 1211 151 1 0 337 55 0 295 1 97 0 0 0 87
768 8546 1253 1210 154 1 0 337 55 0 295 1 97 0 0 0 87
769 8557 1248 1205 153 1 0 337 55 0 295 1 97 0 0 0 87
770 8564 1244 1201 154 1 0 337 55 0 295 1 97 0 0 0 87
771 8558 1247 1205 153 1 0 338 54 0 297 1 95 0 0 0 87
772 8563 1243 1201 155 1 0 339 53 0 298 1 94 0 0 0 88
773 8569 1239 1198 156 1 0 339 53 0 299 1 93 0 0 0 88
774 8577 1235 1195 153 1 0 340 53 0 301 1 92 0 0 0 88
775 8579 1234 1194 153 1 0 340 53 0 301 1 92 0 0 0 88
776 8579 1235 1194 150 1 0 341 53 0 301 1 93 0 0 0 88
777 8584 1233 1192 149 1 0 341 53 0 301 1 93 0 0 0 88
778 8577 1235 1194 152 1 0 341 53 0 301 1 93 0 0 0 88
779 8588 1231 1189 150 1 0 342 52 0 301 1 93 0 0 0 88
780 8589 1229 1188 152 1 0 341 53 0 301 1 93 0 0 0 88
781 8599 1223 1181 155 1 0 342 52 0 301 1 93 0 0 0 88
782 8605 1221 1179 153 1 0 342 52 0 301 1 93 0 0 0 88
783 8614 1217 1177 150 1 0 342 52 0 303 1 91 0 0 0 88
784 8623 1212 1173 150 1 0 341 53 0 303 1 91 0 0 0 88
785 8624 1211 1172 151 1 0 341 53 0 303 1 91 0 0 0 88
786 8626 1211 1171 148 1 0 343 52 0 304 1 91 0 0 0 88
787 8631 1209 1169 147 1 0 343 52 0 304 1 91 0 0 0 88
788 8647 1202 1162 145 1 0 343 51 0 304 1 90 0 0 0 90
789 8644 1204 1164 144 1 0 343 51 0 304 1 90 0 0 0 90
790 8647 1202 1162 145 2 0 341 52 0 303 1 91 0 0 1 89
791 8656 1197 1158 145 2 0 340 53 0 303 1 91 0 0 1 89
792 8668 1191 1152 145 2 0 340 53 0 303 1 91 0 0 1 89
793 8674 1189 1149 142 2 0 341 53 0 303 1 92 0 0 1 89
794 8685 1183 1143 143 2 0 341 53 0 303 1 92 0 0 1 89
795 8702 1174 1134 144 2 0 341 53 0 303 1 92 0 0 1 89
796 8716 1167 1127 144 2 0 342 52 0 304 1 91 0 0 1 89
797 8714 1168 1128 144 2 0 342 52 0 304 1 91 0 0 1 89
798 8715 1167 1127 145 2 0 342 52 0 304 1 91 0 0 1 89
799 8706 1169 1130 149 2 0 341 53 0 304 1 91 0 0 1 89
800 8714 1165 1127 148 2 0 341 53 0 305 1 90 0 0 1 89
801 8707 1169 1131 147 2 0 341 53 0 305 1 90 0 0 1 89
802 8704 1171 1134 145 2 0 341 53 0 306 1 89 0 0 1 89
803 8709 1168 1131 146 2 0 343 51 0 308 1 87 0 0 1 89
804 8705 1170 1133 146 2 0 343 51 0 308 1 87 0 0 1 89
805 8705 1169 1134 146 3 0 342 51 1 309 1 85 0 0 1 89
806 8719 1161 1128 146 3 0 342 51 1 311 1 83 0 0 1 89
807 8732 1154 1121 145 3 0 343 51 1 312 1 83 0 0 1 89
808 8738 1152 1119 143 3 0 343 51 1 312 1 83 0 0 1 89
809 8754 1144 1110 144 3 0 345 49 1 313 1 82 0 0 1 89
810 8764 1141 1108 139 3 0 344 50 1 313 1 82 0 0 1 89
811 8763 1143 1110 136 3 0 344 50 1 313 1 82 0 0 1 89
812 8757 1146 1113 136 3 0 344 50 1 313 1 82 0 0 1 89
813 8758 1147 1115 132 3 0 344 50 1 314 1 81 0 0 1 89
814 8763 1145 1112 132 3 0 345 49 1 314 1 81 0 0 1 89
815 8770 1141 1106 133 3 0 347 48 1 314 1 82 0 0 1 89
816 8772 1140 1106 132 3 0 347 48 1 315 1 81 0 0 1 89
817 8766 1142 1108 132 3 0 347 49 1 315 1 82 0 0 1 89
818 8780 1135 1103 130 3 0 347 49 1 317 1 80 0 0 1 89
819 8783 1134 1103 128 3 0 347 49 1 318 1 79 0 0 1 89
820 8790 1130 1099 127 3 0 347 50 1 318 1 80 0 0 1 89
821 8806 1124 1093 123 3 0 347 50 1 318 1 80 0 0 1 89
822 8814 1120 1089 123 3 0 347 50 1 318 1 80 0 0 1 89
823 8824 1114 1083 125 3 0 347 50 1 318 1 80 0 0 1 89
824 8829 1112 1080 123 3 0 348 50 1 318 1 81 0 0 1 89
825 8829 1112 1081 122 3 0 347 51 1 318 1 81 0 0 1 89
826 8831 1113 1081 119 3 0 348 50 1 318 1 81 0 0 1 89
827 8834 1112 1079 119 3 0 349 49 1 318 1 81 0 0 1 89
828 8842 1108 1073 120 3 0 350 48 1 317 1 82 0 0 1 90
829 8845 1104 1070 124 3 0 349 49 1 317 1 82 0 0 1 90
830 8852 1100 1066 125 3 0 350 48 1 318 1 81 0 0 1 90
831 8845 1104 1069 125 3 0 350 48 1 317 1 82 0 0 1 90
832 8841 1106 1071 125 3 0 350 48 1 317 1 82 0 0 1 90
833 8852 1100 1067 124 3 0 349 49 1 318 1 81 0 0 1 90
834 8853 1099 1066 125 3 0 349 49 1 318 1 81 0 0 1 90
835 8857 1098 1065 123 3 0 349 49 1 318 1 81 0 0 1 90
836 8862 1096 1065 120 3 0 349 49 1 320 1 79 0 0 1 90
837 8867 1093 1061 122 3 0 349 49 1 319 1 80 0 0 1 90
838 8871 1091 1061 120 3 0 349 49 1 321 1 78 0 0 1 90
839 8873 1090 1060 120 3 0 349 49 1 321 1 78 0 0 1 90
840 8869 1090 1060 124 3 0 350 48 1 322 1 77 0 0 1 90
841 8862 1093 1062 124 3 0 351 48 1 322 1 78 0 0 1 90
842 8864 1092 1062 123 3 0 351 48 1 323 1 77 0 0 1 90
843 8862 1094 1063 122 3 0 351 48 1 322 1 78 0 0 1 90
844 8865 1092 1060 122 3 0 352 48 1 322 1 79 0 0 1 90
845 8878 1086 1053 122 3 0 353 47 1 322 1 79 0 0 1 90
846 8875 1086 1055 123 3 0 352 48 1 323 1 78 0 0 1 90
847 8887 1077 1051 124 3 0 350 50 1 326 1 75 0 0 1 90
848 8881 1080 1054 124 3 0 350 50 1 326 1 75 0 0 1 90
849 8893 1074 1050 122 3 0 348 52 1 326 1 75 0 0 1 90
850 8907 1068 1044 120 3 0 348 52 1 326 1 75 0 0 1 90
851 8909 1069 1044 117 3 0 349 51 1 326 1 75 0 0 1 90
852 8915 1065 1040 119 3 0 349 51 1 326 1 75 0 0 1 90
853 8918 1063 1038 120 3 0 349 51 1 326 1 75 0 0 1 90
854 8931 1057 1032 119 3 0 350 50 1 327 1 74 0 0 1 90
855 8931 1056 1031 121 3 0 350 50 1 327 1 74 0 0 1 90
856 8939 1052 1027 121 3 0 350 50 1 327 1 74 0 0 1 90
857 8943 1049 1024 123 4 0 349 50 2 326 1 74 0 0 1 90
858 8962 1041 1017 119 4 0 350 49 2 328 1 72 0 0 1 90
859 8964 1040 1017 118 4 0 350 49 2 329 1 71 0 0 1 90
860 8972 1036 1014 117 4 0 351 48 2 331 1 69 0 0 1 90
861 8974 1035 1013 117 4 0 351 48 2 331 1 69 0 0 1 90
862 8975 1035 1013 116 4 0 351 48 2 331 1 69 0 0 1 90
863 8972 1037 1014 116 4 0 352 47 2 331 1 69 0 0 1 90
864 8982 1031 1009 117 4 0 352 47 2 332 1 68 0 0 1 90
865 8989 1029 1005 116 4 0 352 47 2 330 1 70 0 0 1 90
866 8993 1027 1004 115 4 0 351 48 2 330 1 70 0 0 1 90
867 8995 1026 1003 115 4 0 351 48 2 330 1 70 0 0 1 90
868 9011 1019 997 112 4 0 352 47 2 332 1 68 0 0 1 90
869 9013 1018 996 112 4 0 352 47 2 332 1 68 0 0 1 90
870 9003 1022 1001 113 4 0 352 47 2 333 1 67 0 0 1 90
871 9018 1015 993 113 4 0 353 46 2 333 1 67 0 0 1 90
872 9020 1014 992 113 4 0 353 46 2 333 1 67 0 0 1 90
873 9021 1013 993 112 4 0 352 47 2 334 1 66 0 0 1 90
874 9023 1012 991 113 4 0 353 46 2 334 1 66 0 0 1 90
875 9034 1007 985 112 4 0 354 45 2 334 1 66 0 0 1 91
876 9042 1002 980 112 4 0 354 46 2 334 1 67 0 0 1 91
877 9048 999 977 112 4 0 355 45 2 335 1 66 0 0 1 91
878 9045 1001 978 110 4 0 356 45 2 335 1 67 0 0 1 91
879 9050 999 976 109 4 0 356 45 2 335 1 67 0 0 1 91
880 9064 993 970 107 4 0 356 45 2 335 1 67 0 0 1 91
881 9070 991 966 107 4 0 357 44 2 334 1 68 0 0 1 91
882 9072 989 964 109 4 0 356 45 2 333 1 69 0 0 1 91
883 9074 987 962 111 4 0 356 45 2 333 1 69 0 0 1 91
884 9069 991 964 110 4 0 357 44 2 332 1 70 0 0 1 91
885 9072 990 962 110 4 0 358 43 2 332 1 70 0 0 1 91
886 9073 991 963 107 4 0 359 42 2 333 1 69 0 0 1 91
887 9076 990 962 106 4 0 360 41 2 334 1 68 0 0 1 91
888 9083 987 959 105 4 0 360 41 2 334 1 68 0 0 1 91
889 9090 984 956 104 4 0 360 41 2 334 1 68 0 0 1 91
890 9091 983 955 105 4 0 360 41 2 334 1 68 0 0 1 91
891 9087 985 957 105 4 0 360 41 2 334 1 68 0 0 1 91
892 9107 977 948 102 4 0 361 40 2 334 1 68 0 0 1 91
893 9111 975 946 102 4 0 362 39 2 335 1 67 0 0 1 91
894 9126 969 940 99 4 0 362 39 2 335 1 67 0 0 1 91
895 9135 965 936 98 4 0 363 38 2 336 1 66 0 0 1 91
896 9134 966 937 97 4 0 363 38 2 336 1 66 0 0 1 91
897 9139 962 935 98 4 0 361 40 2 336 1 66 0 0 1 91
898 9133 964 939 98 4 0 359 42 2 336 1 66 0 0 1 91
899 9129 966 941 96 4 0 360 42 2 337 1 66 0 0 1 91
900 9137 962 937 96 4 0 360 42 2 337 1 66 0 0 1 91
901 9140 960 935 97 4 0 360 42 2 337 1 66 0 0 1 91
902 9148 958 932 94 5 0 360 41 3 336 1 66 0 0 1 91
903 9151 957 931 93 5 0 360 41 3 336 1 66 0 0 1 91
904 9153 954 928 97 5 0 360 41 3 336 1 66 0 0 1 91
905 9163 949 922 98 5 0 361 40 3 336 1 66 0 0 1 91
906 9158 952 925 97 5 0 361 40 3 336 1 66 0 0 1 91
907 9162 950 923 97 5 0 361 40 3 336 1 66 0 0 1 91
908 9171 946 920 95 5 0 361 40 3 337 1 65 0 0 1 91
909 9173 945 920 94 5 0 360 41 3 337 1 65 0 0 1 91
910 9179 943 918 92 5 0 360 41 3 337 1 65 0 0 1 91
911 9192 934 910 96 5 0 359 42 3 337 1 65 0 0 1 91
912 9203 930 904 95 5 0 360 41 3 336 1 66 0 0 1 91
913 9198 934 907 93 5 0 361 40 3 336 1 66 0 0 1 91
914 9209 928 901 94 5 0 361 40 3 336 1 66 0 0 1 91
915 9214 925 898 95 5 0 361 40 3 336 1 66 0 0 1 91
916 9214 925 898 95 5 0 361 40 3 336 1 66 0 0 1 91
917 9220 921 893 98 5 0 362 39 3 336 1 66 0 0 1 91
918 9218 922 893 99 5 0 363 38 3 336 1 66 0 0 1 91
919 9217 924 894 97 5 0 363 38 3 335 1 67 0 0 1 91
920 9218 923 894 97 5 0 362 39 3 335 1 67 0 0 1 91
921 9222 921 893 96 5 0 362 39 3 336 1 66 0 0 1 91
922 9225 919 892 96 5 0 362 39 3 337 1 65 0 0 1 91
923 9218 923 895 96 5 0 363 38 3 337 1 65 0 0 1 91
924 9222 921 892 96 5 0 364 37 3 337 1 65 0 0 1 92
925 9228 918 889 96 5 0 364 37 3 337 1 65 0 0 1 92
926 9235 916 886 94 5 0 364 37 3 336 1 66 0 0 1 92
927 9236 916 886 93 5 0 364 37 3 336 1 66 0 0 1 92
928 9238 916 885 92 6 0 364 36 3 336 2 65 0 0 1 92
929 9241 914 883 93 6 0 364 36 3 336 2 65 0 0 1 92
930 9241 914 881 93 6 0 365 36 3 335 2 67 0 0 1 92
931 9260 904 872 93 6 0 365 36 3 336 2 66 0 0 1 92
932 9263 903 871 92 7 0 364 36 3 336 3 65 0 0 1 92
933 9263 904 871 91 7 0 364 36 3 335 3 66 0 0 1 92
934 9268 900 868 93 7 0 364 36 3 336 3 65 0 0 1 92
935 9272 899 866 92 7 0 365 35 3 336 3 65 0 0 1 92
936 9275 900 867 87 7 0 365 35 3 336 3 65 0 0 1 92
937 9278 899 867 85 7 0 365 35 3 337 3 64 0 0 1 92
938 9281 898 867 83 7 0 365 35 3 338 3 63 0 0 1 92
939 9280 898 868 83 7 0 365 35 3 339 3 62 0 0 1 92
940 9285 895 866 83 7 0 365 35 3 340 3 61 0 0 1 92
941 9286 894 866 83 7 0 365 35 3 341 3 60 0 0 1 92
942 9288 894 866 81 7 0 365 35 3 341 3 60 0 0 1 92
943 9292 892 864 81 7 0 365 35 3 341 3 60 0 0 1 92
944 9288 895 866 80 7 0 366 34 3 341 3 60 0 0 1 92
945 9296 890 863 80 7 0 366 34 3 343 3 58 0 0 1 92
946 9302 888 861 78 7 0 367 33 4 343 2 58 0 0 1 92
947 9306 887 859 77 7 0 367 33 4 342 2 59 0 0 1 92
948 9315 882 855 77 7 0 367 33 4 343 2 58 0 0 1 92
949 9319 879 854 77 7 0 367 33 4 345 2 56 0 0 1 92
950 9331 871 847 80 7 0 367 33 4 346 2 55 0 0 1 92
951 9328 873 848 80 7 0 367 33 4 345 2 56 0 0 1 92
952 9328 873 849 78 7 0 367 33 4 346 2 55 0 0 1 93
953 9344 864 840 80 7 0 367 33 4 346 2 55 0 0 1 93
954 9340 866 842 80 7 0 367 33 4 346 2 55 0 0 1 93
955 9342 865 841 80 7 0 367 33 4 346 2 55 0 0 1 93
956 9345 865 840 78 7 0 367 33 4 345 2 56 0 0 1 93
957 9346 865 839 78 7 0 368 32 4 345 2 56 0 0 1 93
958 9358 860 835 75 7 0 368 32 4 346 2 55 0 0 1 93
959 9359 859 834 76 7 0 368 32 4 346 2 55 0 0 1 93
960 9367 856 831 74 7 0 368 32 4 346 2 55 0 0 1 93
961 9377 850 826 75 7 0 368 32 5 346 1 55 0 0 1 93
962 9385 845 822 76 7 0 368 32 5 347 1 54 0 0 1 93
963 9379 847 825 77 7 0 368 32 5 348 1 53 0 0 1 93
964 9389 842 821 76 7 0 367 33 5 348 1 53 0 0 1 93
965 9401 834 816 77 7 0 366 34 5 350 1 51 0 0 1 93
966 9399 833 817 79 7 0 364 36 5 350 1 51 0 0 1 93
967 9404 830 815 79 7 0 364 36 5 351 1 50 0 0 1 93
968 9409 829 812 78 7 0 366 34 5 351 1 50 0 0 1 93
969 9422 823 806 77 7 0 366 34 5 351 1 50 0 0 1 93
970 9411 827 811 79 7 0 366 34 5 352 1 49 0 0 1 93
971 9424 821 806 77 7 0 366 34 5 353 1 48 0 0 1 93
972 9429 820 805 74 7 0 366 34 5 353 1 48 0 0 1 93
973 9424 823 808 73 8 0 365 34 5 353 1 48 0 0 2 92
974 9430 821 807 70 8 0 365 34 5 354 1 47 0 0 2 92
975 9434 819 805 70 8 0 365 34 5 354 1 47 0 0 2 92
976 9441 816 802 69 8 0 365 34 5 354 1 47 0 0 2 92
977 9448 812 798 70 8 0 365 34 5 354 1 47 0 0 2 92
978 9458 807 793 70 8 0 365 34 5 354 1 47 0 0 2 92
979 9471 801 787 69 8 0 365 34 5 354 1 47 0 0 2 92
980 9474 800 784 68 8 0 366 34 5 353 1 49 0 0 2 92
981 9484 796 780 66 8 0 366 34 5 353 1 49 0 0 2 92
982 9479 798 782 67 8 0 366 34 5 353 1 49 0 0 2 92
983 9479 798 783 66 8 0 365 35 5 353 1 49 0 0 2 92
984 9477 799 783 67 8 0 365 35 5 352 1 50 0 0 2 92
985 9476 801 784 65 8 0 365 35 5 351 1 51 0 0 2 92
986 9479 801 783 63 8 0 366 34 5 351 1 51 0 0 2 92
987 9480 801 783 62 8 0 366 34 5 351 1 51 0 0 2 92
988 9489 796 779 62 8 0 366 34 5 352 1 50 0 0 2 92
989 9488 797 780 61 8 0 366 34 5 352 1 50 0 0 2 92
990 9493 795 778 60 8 0 367 33 5 353 1 49 0 0 2 92
991 9488 797 781 60 8 0 366 34 5 353 1 49 0 0 2 92
992 9498 792 775 61 8 0 366 34 5 352 1 50 0 0 2 92
993 9490 796 779 59 8 0 367 34 5 353 1 50 0 0 2 92
994 9500 791 774 59 8 0 367 34 5 353 1 50 0 0 2 92
995 9496 793 775 60 8 0 368 33 5 353 1 50 0 0 2 92
996 9509 787 767 61 8 0 370 31 5 353 1 50 0 0 2 92
997 9506 789 769 60 8 0 370 31 5 353 1 50 0 0 2 92
998 9512 786 765 59 8 0 371 31 5 353 1 51 0 0 2 92
999 9515 784 763 60 8 0 371 31 5 353 1 51 0 0 2 92
1000 9522 781 760 59 8 0 371 31 5 353 1 51 0 0 2 92
1001 9525 780 758 59 8 0 372 30 5 353 1 51 0 0 2 92
1002 9534 776 754 58 8 0 372 30 5 353 1 51 0 0 2 92
1003 9534 776 754 58 8 0 372 30 5 353 1 51 0 0 2 92
1004 9528 779 758 57 8 0 371 31 5 353 1 51 0 0 2 92
1005 9523 781 761 57 9 0 370 31 6 353 1 50 0 0 2 92
1006 9529 778 759 56 9 0 369 32 6 353 1 50 0 0 2 92
1007 9533 776 757 56 9 0 369 32 6 353 1 50 0 0 2 92
1008 9533 776 758 55 9 0 369 32 6 354 1 49 0 0 2 92
1009 9533 776 758 55 9 0 369 32 6 354 1 49 0 0 2 92
1010 9529 778 760 55 9 0 369 32 6 354 1 49 0 0 2 92
1011 9534 775 758 55 9 0 369 32 6 355 1 48 0 0 2 92
1012 9542 772 754 54 9 0 370 31 6 355 1 48 0 0 2 92
1013 9551 768 749 54 9 0 371 30 6 355 1 48 0 0 2 92
1014 9554 767 748 53 9 0 371 30 6 355 1 48 0 0 2 92
1015 9545 771 752 54 9 0 371 30 6 355 1 48 0 0 2 92
1016 9549 769 751 53 9 0 371 30 6 356 1 47 0 0 2 92
1017 9555 767 749 51 9 0 371 30 6 356 1 47 0 0 2 92
1018 9554 767 750 51 9 0 370 31 6 356 1 47 0 0 2 92
1019 9567 761 743 51 8 0 372 30 5 357 1 47 0 0 2 92
1020 9578 757 738 49 8 0 373 29 5 357 1 47 0 0 2 92
1021 9575 758 738 51 8 0 373 29 5 356 1 48 0 0 2 92
1022 9574 759 738 51 8 0 374 28 5 356 1 48 0 0 2 92
1023 9591 751 728 52 8 0 375 27 5 355 1 49 0 0 2 92
1024 9589 752 729 52 8 0 375 27 5 355 1 49 0 0 2 92
1025 9589 752 727 52 8 1 377 25 6 354 1 50 0 0 2 92
1026 9590 752 727 51 8 1 377 25 6 354 1 50 0 0 2 92
1027 9593 750 725 52 8 1 377 25 6 354 1 50 0 0 2 92
1028 9601 745 720 54 8 1 377 25 6 354 1 50 0 0 2 92
1029 9602 744 720 54 8 1 376 26 6 354 1 50 0 0 2 92
1030 9604 743 719 54 8 1 376 26 6 354 1 50 0 0 2 92
1031 9610 740 717 53 8 1 376 26 6 355 1 49 0 0 2 92
1032 9621 734 712 53 8 1 376 26 6 356 1 48 0 0 2 92
1033 9624 733 711 52 8 1 376 26 6 356 1 48 0 0 2 92
1034 9628 731 709 52 8 1 376 26 6 356 1 48 0 0 2 92
1035 9630 730 709 51 8 1 375 27 6 356 1 48 0 0 2 92
1036 9637 727 706 50 8 1 375 27 6 356 1 48 0 0 2 92
1037 9641 725 705 49 8 1 375 27 6 357 1 47 0 0 2 92
1038 9643 723 704 50 8 1 375 27 6 358 1 46 0 0 2 92
1039 9648 720 702 50 8 1 375 27 6 359 1 45 0 0 2 92
1040 9647 719 701 53 8 1 375 27 6 359 1 45 0 0 2 92
1041 9649 718 700 53 8 1 375 27 6 359 1 45 0 0 2 92
1042 9661 712 694 53 8 1 375 27 6 359 1 45 0 0 2 92
1043 9666 710 691 53 8 1 376 26 6 359 1 45 0 0 2 92
1044 9664 711 692 53 8 1 376 26 6 359 1 45 0 0 2 92
1045 9665 710 692 53 8 1 376 26 6 360 1 44 0 0 2 92
1046 9663 711 693 53 8 1 376 26 6 360 1 44 0 0 2 92
1047 9665 711 692 52 8 1 377 25 6 360 1 44 0 0 2 92
1048 9671 709 690 50 8 1 377 25 6 360 1 44 0 0 2 92
1049 9678 706 687 49 8 1 377 25 6 360 1 44 0 0 2 92
1050 9689 702 683 46 8 1 377 25 6 360 1 44 0 0 2 92
1051 9685 704 685 46 8 1 377 25 6 360 1 44 0 0 2 92
1052 9682 704 686 48 8 1 377 25 6 361 1 43 0 0 2 92
1053 9687 700 684 49 9 1 376 25 7 362 1 41 0 0 2 92
1054 9680 703 688 49 9 1 375 26 7 362 1 41 0 0 2 92
1055 9675 706 691 48 9 1 375 26 7 362 1 41 0 0 2 92
1056 9678 704 689 49 9 1 375 26 7 362 1 41 0 0 2 92
1057 9678 704 690 48 9 1 374 27 7 362 1 41 0 0 2 92
1058 9681 701 690 48 9 1 374 27 7 365 1 38 0 0 2 92
1059 9680 701 691 48 9 1 373 28 7 365 1 38 0 0 2 92
1060 9685 699 689 47 10 1 372 28 8 364 1 38 0 0 2 92
1061 9690 697 686 47 10 1 373 27 8 364 1 38 0 0 2 92
1062 9687 698 688 47 10 1 373 27 8 365 1 37 0 0 2 92
1063 9693 695 685 47 10 1 373 27 8 365 1 37 0 0 2 92
1064 9694 695 684 45 10 1 374 27 8 365 1 38 0 0 2 92
1065 9694 696 684 44 10 1 375 26 8 365 1 38 0 0 2 92
1066 9696 695 683 44 10 1 375 26 8 365 1 38 0 0 2 92
1067 9695 695 684 44 10 1 375 26 8 366 1 37 0 0 2 92
1068 9699 693 681 45 10 1 376 25 8 366 1 37 0 0 2 92
1069 9707 690 678 43 10 1 376 25 8 366 1 37 0 0 2 92
1070 9713 687 675 43 10 1 376 25 8 366 1 37 0 0 2 92
1071 9718 685 672 43 10 1 376 25 8 365 1 38 0 0 2 92
1072 9724 682 669 43 10 1 377 24 8 366 1 37 0 0 2 92
1073 9728 680 667 43 10 1 378 23 8 367 1 36 0 0 2 92
1074 9724 681 670 43 10 1 378 23 8 369 1 34 0 0 2 92
1075 9728 679 667 43 10 1 379 22 8 369 1 34 0 0 2 93
1076 9741 672 661 43 10 1 379 22 8 370 1 33 0 0 2 93
1077 9755 665 654 43 10 1 379 22 8 370 1 33 0 0 2 93
1078 9756 666 655 40 10 1 379 22 8 370 1 33 0 0 2 93
1079 9759 665 653 40 10 1 379 22 8 369 1 34 0 0 2 93
1080 9759 665 654 39 10 1 379 22 8 370 1 33 0 0 2 93
1081 9760 665 654 38 10 1 379 22 8 370 1 33 0 0 2 93
1082 9762 664 653 38 10 1 379 22 8 370 1 33 0 0 2 93
1083 9763 663 653 38 10 1 379 22 8 371 1 32 0 0 2 93
1084 9761 664 654 38 10 1 379 22 8 371 1 32 0 0 2 93
1085 9759 664 655 39 10 1 378 23 8 371 1 32 0 0 2 93
1086 9759 664 655 39 10 1 378 23 8 371 1 32 0 0 2 93
1087 9766 661 652 38 10 1 378 23 8 371 1 32 0 0 2 93
1088 9770 659 650 38 10 1 378 23 8 371 1 32 0 0 2 93
1089 9776 656 648 37 10 1 377 24 8 371 1 32 0 0 2 93
1090 9779 655 647 36 10 1 377 24 8 371 1 32 0 0 2 93
1091 9782 654 646 35 10 1 377 24 8 371 1 32 0 0 2 93
1092 9788 652 643 34 10 1 378 23 8 371 1 32 0 0 2 93
1093 9792 650 642 33 10 1 378 23 8 372 1 31 0 0 2 93
1094 9795 649 641 32 10 1 378 23 8 372 1 31 0 0 2 93
1095 9801 646 637 33 10 1 379 22 8 372 1 31 0 0 2 93
1096 9807 643 634 33 10 1 379 22 8 372 1 31 0 0 2 93
1097 9809 642 633 33 10 1 379 22 8 372 1 31 0 0 2 93
1098 9807 643 634 33 10 1 379 22 8 372 1 31 0 0 2 93
1099 9808 642 633 34 10 1 379 22 8 372 1 31 0 0 2 93
1100 9812 641 632 32 10 1 379 22 8 372 1 31 0 0 2 93
1101 9821 637 627 32 10 1 379 22 8 371 1 32 0 0 2 93
1102 9829 633 623 32 10 1 379 22 8 371 1 32 0 0 2 93
1103 9832 631 622 32 10 1 379 22 9 371 0 32 0 0 2 93
1104 9838 628 619 32 10 1 379 22 9 371 0 32 0 0 2 93
1105 9841 627 618 31 10 1 378 23 9 370 0 33 0 0 2 93
1106 9841 627 617 32 10 1 379 22 9 370 0 33 0 0 2 93
1107 9847 624 614 32 10 1 379 22 9 370 0 33 0 0 2 93
1108 9850 622 612 33 10 1 379 22 9 370 0 33 0 0 2 93
1109 9848 623 613 33 10 1 379 22 9 370 0 33 0 0 2 93
1110 9847 625 615 30 10 1 379 22 9 370 0 33 0 0 2 93
1111 9854 622 611 28 10 1 380 22 9 370 0 34 0 0 2 93
1112 9863 618 607 27 10 1 380 22 9 370 0 34 0 0 2 93
1113 9873 613 602 27 10 1 380 22 9 370 0 34 0 0 2 93
1114 9882 609 598 26 10 1 380 22 9 370 0 34 0 0 2 93
1115 9880 611 598 26 10 1 381 21 9 369 0 35 0 0 2 93
1116 9882 611 598 24 10 1 381 21 9 369 0 35 0 0 2 93
1117 9888 609 594 24 10 1 382 20 9 368 0 36 0 0 2 93
1118 9886 609 595 25 10 1 381 21 9 368 0 36 0 0 2 93
1119 9894 606 590 25 10 1 383 19 9 368 0 36 0 0 2 93
1120 9897 604 587 27 10 1 384 18 9 368 0 36 0 0 2 93
1121 9903 600 584 28 10 1 384 18 9 369 0 35 0 0 2 93
1122 9901 601 585 28 10 1 384 18 9 369 0 35 0 0 2 93
1123 9908 597 582 28 10 1 384 18 9 370 0 34 0 0 2 93
1124 9907 597 582 29 10 1 384 18 9 370 0 34 0 0 2 93
1125 9903 599 584 29 10 1 384 18 9 370 0 34 0 0 2 93
1126 9906 597 583 29 10 1 384 18 9 371 0 33 0 0 2 93
1127 9903 599 585 28 10 1 384 18 9 371 0 33 0 0 2 93
1128 9900 600 586 29 10 1 384 18 9 371 0 33 0 0 2 93
1129 9894 603 588 30 10 1 385 17 9 371 0 33 0 0 2 93
1130 9894 603 588 30 10 1 385 17 9 371 0 33 0 0 2 93
1131 9900 600 585 30 10 1 385 17 9 371 0 33 0 0 2 93
1132 9910 595 580 28 10 1 386 17 9 372 0 33 0 0 2 93
1133 9913 593 578 29 10 1 386 17 9 372 0 33 0 0 2 93
1134 9918 590 576 29 10 1 386 17 9 373 0 32 0 0 2 93
1135 9911 594 579 29 10 1 386 17 9 372 0 33 0 0 2 93
1136 9920 590 575 28 10 1 386 17 9 372 0 33 0 0 2 93
1137 9920 590 575 28 10 1 386 17 9 372 0 33 0 0 2 93
1138 9919 590 576 28 10 1 385 18 9 372 0 33 0 0 2 93
1139 9925 587 573 28 10 1 385 18 9 372 0 33 0 0 2 93
1140 9927 586 572 28 10 1 385 18 9 372 0 33 0 0 2 93
1141 9932 583 570 28 10 1 384 19 9 372 0 33 0 0 2 93
1142 9941 579 566 27 10 1 384 19 9 372 0 33 0 0 2 93
1143 9947 576 563 27 10 1 384 19 9 372 0 33 0 0 2 93
1144 9956 572 558 27 10 1 385 18 9 372 0 33 0 0 2 93
1145 9958 571 557 27 10 1 385 18 9 372 0 33 0 0 2 93
1146 9973 565 549 26 10 1 387 16 9 372 0 33 0 0 2 93
1147 9972 566 550 25 10 1 387 16 9 372 0 33 0 0 2 93
1148 9971 566 550 26 10 1 387 16 9 372 0 33 0 0 2 93
1149 9971 566 550 26 10 1 387 16 9 372 0 33 0 0 2 93
1150 9970 566 551 26 10 1 386 17 9 372 0 33 0 0 2 93
1151 9977 562 548 26 10 1 385 18 9 372 0 33 0 0 2 93
1152 9981 560 546 26 10 1 385 18 9 372 0 33 0 0 2 93
1153 9990 556 541 26 10 1 385 18 9 371 0 34 0 0 2 93
1154 9993 555 540 25 10 1 385 18 9 371 0 34 0 0 2 93
1155 9992 554 540 27 10 1 385 18 9 372 0 33 0 0 2 93
1156 9994 553 539 27 10 1 385 18 9 372 0 33 0 0 2 93
1157 9992 554 540 27 10 1 385 18 9 372 0 33 0 0 2 93
1158 9995 552 539 27 10 1 385 18 9 373 0 32 0 0 2 93
1159 10005 547 534 27 10 1 386 17 9 374 0 31 0 0 2 93
1160 10006 546 533 28 10 1 386 17 9 374 0 31 0 0 2 93
1161 10002 548 535 28 10 1 386 17 9 374 0 31 0 0 2 93
1162 10001 549 536 27 10 1 386 17 9 374 0 31 0 0 2 93
1163 10003 548 535 27 10 1 386 17 9 374 0 31 0 0 2 93
1164 10003 548 535 27 10 1 386 17 9 374 0 31 0 0 2 93
1165 10008 546 533 26 10 1 386 17 9 374 0 31 0 0 2 93
1166 10010 545 532 26 10 1 386 17 9 374 0 31 0 0 2 93
1167 10016 542 529 26 10 1 386 17 9 374 0 31 0 0 2 93
1168 10018 541 528 26 10 1 386 17 9 374 0 31 0 0 2 93
1169 10013 543 531 26 10 1 386 17 9 375 0 30 0 0 2 93
1170 10013 543 531 26 10 1 386 17 9 375 0 30 0 0 2 93
1171 10017 541 529 26 10 1 386 17 9 375 0 30 0 0 2 93
1172 10020 541 527 25 10 1 387 16 9 374 0 31 0 0 2 93
1173 10018 542 528 25 10 1 387 16 9 374 0 31 0 0 2 93
1174 10030 535 523 25 10 1 386 17 9 375 0 30 0 0 2 93
1175 10035 533 521 24 10 1 386 17 9 375 0 30 0 0 2 93
1176 10039 530 519 25 10 1 386 17 9 376 0 29 0 0 2 93
1177 10034 533 521 25 10 1 386 17 9 375 0 30 0 0 2 93
1178 10028 536 524 25 10 1 386 17 9 375 0 30 0 0 2 93
1179 10041 530 518 24 10 1 386 17 9 375 0 30 0 0 2 93
1180 10042 529 517 25 10 1 386 17 9 375 0 30 0 0 2 93
1181 10045 527 516 25 10 1 386 17 9 376 0 29 0 0 2 93
1182 10047 526 515 25 10 1 386 17 9 376 0 29 0 0 2 93
1183 10053 523 512 25 10 1 386 17 9 376 0 29 0 0 2 93
1184 10054 522 512 25 10 1 385 18 9 376 0 29 0 0 2 93
1185 10061 518 509 25 10 1 385 18 9 377 0 28 0 0 2 93
1186 10061 518 509 25 10 1 385 18 9 377 0 28 0 0 2 93
1187 10066 515 506 26 10 1 385 18 9 377 0 28 0 0 2 93
1188 10072 512 503 26 10 1 385 18 9 377 0 28 0 0 2 93
1189 10076 510 501 26 10 1 385 18 9 377 0 28 0 0 2 93
1190 10075 511 501 26 10 1 386 17 9 377 0 28 0 0 2 93
1191 10075 511 501 26 10 1 386 17 9 377 0 28 0 0 2 93
1192 10079 510 499 25 10 1 386 17 9 376 0 29 0 0 2 93
1193 10076 511 501 25 10 1 385 18 9 376 0 29 0 0 2 93
1194 10085 507 497 24 10 1 385 18 9 376 0 29 0 0 2 93
1195 10085 507 497 24 10 1 385 18 9 376 0 29 0 0 2 93
1196 10095 502 492 24 10 1 385 18 9 376 0 29 0 0 2 93
1197 10092 503 494 24 10 1 385 18 9 377 0 28 0 0 2 93
1198 10089 505 495 24 10 1 386 17 9 377 0 28 0 0 2 93
1199 10101 499 489 24 10 1 386 17 9 377 0 28 0 0 2 93
1200 10104 497 488 24 10 1 386 17 9 378 0 27 0 0 2 93
1201 10108 495 486 24 11 1 385 17 10 377 0 27 0 0 2 93
1202 10106 496 487 24 11 1 385 17 10 377 0 27 0 0 2 93
1203 10104 497 488 24 11 1 385 17 10 377 0 27 0 0 2 93
1204 10109 495 485 24 11 1 386 16 10 377 0 27 0 0 2 93
1205 10109 495 485 24 11 1 386 16 10 377 0 27 0 0 2 93
1206 10114 492 483 24 12 0 385 17 10 378 0 26 0 0 2 93
1207 10116 491 482 24 12 0 385 17 10 378 0 26 0 0 2 93
1208 10121 488 480 24 12 0 385 17 10 379 0 25 0 0 2 93
1209 10118 489 480 26 12 0 385 17 10 378 0 26 0 0 2 93
1210 10124 486 477 26 12 0 385 17 10 378 0 26 0 0 2 93
1211 10135 480 472 26 12 0 385 17 10 379 0 25 0 0 2 93
1212 10133 481 473 26 12 0 385 17 10 379 0 25 0 0 2 93
1213 10133 480 474 26 12 0 385 17 10 381 0 23 0 0 2 93
1214 10125 483 478 27 12 0 385 17 10 382 0 22 0 0 2 93
1215 10136 478 473 26 12 0 385 17 10 382 0 22 0 0 2 93
1216 10139 477 472 25 12 0 385 17 10 382 0 22 0 0 2 93
1217 10139 477 473 24 12 0 384 18 10 382 0 22 0 0 2 93
1218 10144 474 469 26 12 0 384 18 10 381 0 23 0 0 2 93
1219 10150 471 466 26 12 0 385 17 10 382 0 22 0 0 2 93
1220 10154 469 463 27 12 0 386 16 10 382 0 22 0 0 2 93
1221 10159 467 460 27 12 0 387 15 10 382 0 22 0 0 2 93
1222 10153 470 463 27 12 0 387 15 10 382 0 22 0 0 2 93
1223 10157 468 461 27 12 0 387 15 10 382 0 22 0 0 2 93
1224 10158 468 461 26 12 0 387 15 10 382 0 22 0 0 2 93
1225 10156 469 462 26 12 0 387 15 10 382 0 22 0 0 2 93
1226 10164 465 458 26 12 0 387 15 10 382 0 22 0 0 2 93
1227 10163 466 459 25 12 0 387 15 10 382 0 22 0 0 2 93
1228 10171 462 455 25 12 0 386 16 10 381 0 23 0 0 2 93
1229 10169 463 456 25 12 0 386 16 10 381 0 23 0 0 2 93
1230 10173 461 454 25 12 0 386 16 10 381 0 23 0 0 2 93
1231 10175 460 453 25 12 0 386 16 10 381 0 23 0 0 2 93
1232 10171 462 455 25 12 0 386 16 10 381 0 23 0 0 2 93
1233 10163 466 459 25 12 0 386 16 10 381 0 23 0 0 2 93
1234 10164 466 459 24 12 0 386 16 10 381 0 23 0 0 2 93
1235 10170 463 456 24 12 0 386 16 10 381 0 23 0 0 2 93
1236 10169 463 456 25 12 0 386 16 10 381 0 23 0 0 2 93
1237 10175 460 453 25 12 0 386 16 10 381 0 23 0 0 2 93
1238 10185 455 448 25 12 0 386 16 10 381 0 23 0 0 2 93
1239 10185 455 448 25 12 0 386 16 10 381 0 23 0 0 2 93
1240 10184 456 448 25 12 0 387 15 10 381 0 23 0 0 2 93
1241 10188 454 446 25 12 0 387 15 10 381 0 23 0 0 2 93
1242 10192 452 444 25 12 0 387 15 10 381 0 23 0 0 2 93
1243 10192 452 444 25 12 0 387 15 10 381 0 23 0 0 2 93
1244 10198 449 442 24 12 0 387 15 10 382 0 22 0 0 2 93
1245 10198 449 442 24 12 0 387 15 10 382 0 22 0 0 2 93
1246 10204 446 439 24 12 0 387 15 10 382 0 22 0 0 2 93
1247 10210 443 437 23 12 0 387 15 10 383 0 21 0 0 2 93
1248 10204 445 441 23 12 0 385 17 10 383 0 21 0 0 2 93
1249 10206 444 440 23 12 0 385 17 10 383 0 21 0 0 2 93
1250 10200 447 443 23 12 0 385 17 10 383 0 21 0 0 2 93
1251 10202 446 442 23 12 0 385 17 10 383 0 21 0 0 2 93
1252 10201 447 442 23 12 0 386 16 10 383 0 21 0 0 2 93
1253 10203 446 441 23 12 0 386 16 10 383 0 21 0 0 2 93
1254 10202 446 441 24 12 0 386 16 10 383 0 21 0 0 2 93
1255 10202 446 441 24 12 0 386 16 10 383 0 21 0 0 2 93
1256 10197 448 443 25 12 0 386 16 10 383 0 21 0 0 2 93
1257 10199 447 442 25 12 0 386 16 10 383 0 21 0 0 2 93
1258 10203 446 441 23 12 0 386 16 10 383 0 21 0 0 2 93
1259 10208 444 438 23 12 0 387 15 10 383 0 21 0 0 2 93
1260 10212 441 436 24 12 0 386 16 10 383 0 21 0 0 2 93
1261 10212 441 436 24 12 0 386 16 10 383 0 21 0 0 2 93
1262 10215 439 435 24 12 0 386 16 10 384 0 20 0 0 2 93
1263 10225 434 430 24 12 0 386 16 10 384 0 20 0 0 2 93
1264 10226 434 429 24 13 0 386 15 11 383 0 20 0 0 2 93
1265 10233 431 426 23 13 0 386 15 11 383 0 20 0 0 2 93
1266 10239 428 423 23 13 0 386 15 11 383 0 20 0 0 2 93
1267 10228 433 429 23 13 0 385 16 11 383 0 20 0 0 2 93
1268 10230 432 428 23 13 0 385 16 11 383 0 20 0 0 2 93
1269 10234 429 426 24 12 1 385 16 11 383 0 20 0 0 2 93
1270 10240 426 423 24 12 1 385 16 11 383 0 20 0 0 2 93
1271 10232 430 427 24 12 1 385 16 11 383 0 20 0 0 2 93
1272 10239 427 423 24 12 1 386 15 11 383 0 20 0 0 2 93
1273 10234 430 426 23 13 1 385 15 11 383 1 19 0 0 2 93
1274 10234 430 426 23 13 1 385 15 11 383 1 19 0 0 2 93
1275 10232 431 427 23 13 1 385 15 11 383 1 19 0 0 2 93
1276 10232 431 428 22 13 1 385 15 11 384 1 18 0 0 2 93
1277 10225 434 431 23 13 1 385 15 11 384 1 18 0 0 2 93
1278 10228 433 429 23 13 1 385 15 11 383 1 19 0 0 2 93
1279 10230 432 428 23 13 1 385 15 11 383 1 19 0 0 2 93
1280 10227 434 430 22 13 1 385 15 11 383 1 19 0 0 2 93
1281 10229 433 429 22 13 1 385 15 11 383 1 19 0 0 2 93
1282 10235 430 426 22 13 1 385 15 11 383 1 19 0 0 2 93
1283 10237 429 425 22 13 1 385 15 11 383 1 19 0 0 2 93
1284 10235 430 426 22 13 1 385 15 11 383 1 19 0 0 2 93
1285 10240 427 424 22 13 1 385 15 11 384 1 18 0 0 2 93
1286 10238 428 425 22 13 1 385 15 11 384 1 18 0 0 2 93
1287 10246 425 420 22 13 1 387 13 11 384 1 18 0 0 2 93
1288 10247 424 420 22 13 1 387 13 11 385 1 17 0 0 2 93
1289 10253 421 417 22 13 1 387 13 11 385 1 17 0 0 2 93
1290 10248 424 419 22 13 1 388 12 11 385 1 17 0 0 2 93
1291 10249 423 418 23 13 1 388 12 11 385 1 17 0 0 2 93
1292 10251 422 417 23 13 1 388 12 11 385 1 17 0 0 2 93
1293 10257 419 414 23 13 1 388 12 11 385 1 17 0 0 2 93
1294 10259 418 413 23 13 1 388 12 11 385 1 17 0 0 2 93
1295 10261 417 412 23 13 1 388 12 11 385 1 17 0 0 2 93
1296 10269 412 408 24 13 1 388 12 11 386 1 16 0 0 2 93
1297 10275 409 405 24 13 1 388 12 11 386 1 16 0 0 2 93
1298 10275 409 405 24 13 1 388 12 11 386 1 16 0 0 2 93
1299 10267 413 409 24 13 1 388 12 11 386 1 16 0 0 2 93
1300 10272 410 407 24 13 1 388 12 12 386 0 16 0 0 2 93
1301 10268 412 409 24 13 1 388 12 12 386 0 16 0 0 2 93
1302 10267 412 409 25 13 1 388 12 12 386 0 16 0 0 2 93
1303 10263 414 411 25 13 1 388 12 12 386 0 16 0 0 2 93
1304 10265 413 410 25 13 1 388 12 12 386 0 16 0 0 2 93
1305 10262 415 411 25 13 1 389 11 12 386 0 16 0 0 2 93
1306 10266 413 408 24 13 1 390 11 12 386 0 17 0 0 2 93
1307 10270 411 406 24 13 1 390 11 12 386 0 17 0 0 2 93
1308 10272 410 405 24 13 1 390 11 12 386 0 17 0 0 2 93
1309 10272 410 405 24 13 1 390 11 12 386 0 17 0 0 2 93
1310 10274 409 404 24 13 1 390 11 12 386 0 17 0 0 2 93
1311 10272 410 405 24 13 1 390 11 12 386 0 17 0 0 2 93
1312 10278 408 403 22 13 1 390 11 12 386 0 17 0 0 2 93
1313 10282 406 401 22 13 1 390 11 12 386 0 17 0 0 2 93
1314 10288 403 398 22 13 1 390 11 12 386 0 17 0 0 2 93
1315 10291 401 397 22 13 1 390 11 12 387 0 16 0 0 2 93
1316 10293 400 396 22 13 1 390 11 12 387 0 16 0 0 2 93
1317 10296 399 396 20 13 1 389 12 12 387 0 16 0 0 2 93
1318 10294 400 397 20 13 1 389 12 12 387 0 16 0 0 2 93
1319 10296 399 396 20 13 1 389 12 12 387 0 16 0 0 2 93
1320 10299 398 394 20 13 1 390 11 12 387 0 16 0 0 2 93
1321 10297 399 395 20 14 1 389 11 12 387 0 16 0 0 3 92
1322 10291 402 398 20 14 1 389 11 12 387 0 16 0 0 3 92
1323 10287 404 400 20 14 1 389 11 12 387 0 16 0 0 3 92
1324 10282 406 402 21 14 1 389 11 12 387 0 16 0 0 3 92
1325 10285 404 400 22 14 1 389 11 12 387 0 16 0 0 3 92
1326 10289 402 398 22 14 1 389 11 12 387 0 16 0 0 3 92
1327 10283 405 401 22 14 1 389 11 12 387 0 16 0 0 3 92
1328 10285 404 400 22 14 1 389 11 12 387 0 16 0 0 3 92
1329 10294 400 396 21 14 1 389 11 12 387 0 16 0 0 3 92
1330 10301 397 394 19 14 1 389 11 12 388 0 15 0 0 3 92
1331 10301 397 394 19 14 1 389 11 12 388 0 15 0 0 3 92
1332 10303 396 393 19 14 1 389 11 12 388 0 15 0 0 3 92
1333 10308 394 391 18 14 1 389 11 12 388 0 15 0 0 3 92
1334 10312 392 389 18 14 1 389 11 12 388 0 15 0 0 3 92
1335 10312 392 389 18 14 1 389 11 12 388 0 15 0 0 3 92
1336 10315 390 387 19 14 1 389 11 12 388 0 15 0 0 3 92
1337 10316 390 386 19 14 1 389 11 12 387 0 16 0 0 3 92
1338 10317 389 386 19 14 1 388 12 12 387 0 16 0 0 3 92
1339 10321 387 384 19 14 1 388 12 12 387 0 16 0 0 3 92
1340 10324 386 383 18 14 1 388 12 12 387 0 16 0 0 3 92
1341 10322 387 384 18 14 1 388 12 12 387 0 16 0 0 3 92
1342 10326 385 382 18 14 1 388 12 12 387 0 16 0 0 3 92
1343 10330 383 380 18 14 1 388 12 12 387 0 16 0 0 3 92
1344 10334 381 378 18 14 1 388 12 12 387 0 16 0 0 3 92
1345 10336 380 377 18 14 1 388 12 12 387 0 16 0 0 3 92
1346 10341 378 375 17 14 1 388 12 12 387 0 16 0 0 3 92
1347 10336 381 378 16 14 1 388 12 12 387 0 16 0 0 3 92
1348 10336 381 378 16 14 1 388 12 12 387 0 16 0 0 3 92
1349 10342 378 375 16 14 1 388 12 12 387 0 16 0 0 3 92
1350 10338 380 377 16 14 1 388 12 13 386 0 16 0 1 3 91
1351 10337 381 378 15 14 1 388 12 13 386 0 16 0 1 3 91
1352 10336 382 378 14 14 1 389 11 13 386 0 16 0 1 3 92
1353 10336 382 378 14 14 1 389 11 13 386 0 16 0 1 3 92
1354 10340 380 376 14 14 1 389 11 13 386 0 16 0 1 3 92
1355 10343 379 374 14 14 1 390 10 13 386 0 16 0 1 3 92
1356 10348 376 371 15 14 1 390 10 13 386 0 16 0 1 3 92
1357 10352 374 369 15 14 1 390 10 13 386 0 16 0 1 3 92
1358 10362 369 364 15 14 1 390 10 13 386 0 16 0 1 3 92
1359 10362 369 364 15 14 1 390 10 13 386 0 16 0 1 3 92
1360 10366 367 362 15 14 1 390 10 13 386 0 16 0 1 3 92
1361 10366 367 362 15 14 1 390 10 13 386 0 16 0 1 3 92
1362 10371 364 360 15 14 1 390 10 13 387 0 15 0 1 3 92
1363 10367 366 362 15 14 1 390 10 13 387 0 15 0 1 3 92
1364 10365 367 363 15 15 1 389 10 13 387 0 15 0 1 4 91
1365 10367 366 362 15 15 1 389 10 13 387 0 15 0 1 4 91
1366 10365 366 363 16 15 1 389 10 14 387 0 14 0 2 4 90
1367 10367 365 362 16 15 1 389 10 14 387 0 14 0 2 4 90
1368 10369 364 361 16 15 1 389 10 14 387 0 14 0 2 4 90
1369 10366 365 363 16 15 1 389 10 14 388 0 13 0 2 4 90
1370 10368 364 363 15 15 1 388 11 14 388 0 13 0 2 4 90
1371 10372 362 361 15 15 1 388 11 14 388 0 13 0 2 4 90
1372 10376 360 359 15 15 1 388 11 14 388 0 13 0 2 4 90
1373 10378 359 358 15 15 1 388 11 14 388 0 13 0 2 4 90
1374 10376 360 359 15 15 1 388 11 14 388 0 13 0 2 4 90
1375 10375 360 360 15 15 1 388 11 14 389 0 12 0 2 4 90
1376 10375 360 360 15 15 1 388 11 14 389 0 12 0 2 4 90
1377 10377 359 359 15 15 1 388 11 14 389 0 12 0 2 4 90
1378 10379 358 358 15 15 1 388 11 14 389 0 12 0 2 4 90
1379 10379 358 358 15 15 1 388 11 14 389 0 12 0 2 4 90
1380 10378 358 359 15 15 1 387 12 14 389 0 12 0 2 4 90
1381 10382 356 357 15 15 1 387 12 14 389 0 12 0 2 4 90
1382 10383 356 357 14 15 1 387 12 14 389 0 12 0 2 4 90
1383 10381 357 358 14 15 1 387 12 14 389 0 12 0 2 4 90
1384 10383 357 358 12 15 1 386 13 14 388 0 13 0 2 4 90
1385 10385 356 357 12 15 1 386 13 14 388 0 13 0 2 4 90
1386 10384 356 357 13 16 1 385 13 15 387 0 13 0 2 4 90
1387 10382 357 358 13 16 1 385 13 15 387 0 13 0 2 4 90
1388 10384 356 357 13 16 1 385 13 15 387 0 13 0 2 4 90
1389 10384 356 357 13 16 1 385 13 15 387 0 13 0 2 4 90
1390 10386 355 356 13 16 1 385 13 15 387 0 13 0 2 4 90
1391 10386 355 356 13 16 1 385 13 15 387 0 13 0 2 4 90
1392 10390 353 354 13 16 1 385 13 15 387 0 13 0 2 4 90
1393 10388 354 355 13 16 1 385 13 15 387 0 13 0 2 4 90
1394 10392 352 353 13 16 1 385 13 15 387 0 13 0 2 4 90
1395 10393 352 353 12 16 1 385 13 15 387 0 13 0 2 4 90
1396 10395 351 352 12 16 1 385 13 15 387 0 13 0 2 4 90
1397 10397 350 351 12 17 1 384 13 16 386 0 13 0 2 4 90
1398 10397 350 351 12 17 1 384 13 16 386 0 13 0 2 4 90
1399 10395 351 352 12 17 1 384 13 16 386 0 13 0 2 4 90
1400 10394 352 352 12 18 1 383 13 17 384 0 14 0 2 4 90
1401 10392 353 353 12 18 1 383 13 17 384 0 14 0 2 4 90
1402 10392 353 353 12 18 1 383 13 17 384 0 14 0 2 4 90
1403 10398 350 350 12 18 1 383 13 17 384 0 14 0 2 4 90
1404 10398 350 350 12 18 1 383 13 17 384 0 14 0 2 4 90
1405 10398 350 350 12 18 1 383 13 17 384 0 14 0 2 4 90
1406 10400 349 349 12 18 1 383 13 17 384 0 14 0 2 4 90
1407 10402 348 348 12 18 1 383 13 17 384 0 14 0 2 4 90
1408 10404 347 347 12 18 1 383 13 17 384 0 14 0 2 4 90
1409 10403 348 348 11 18 1 383 13 17 384 0 14 0 2 4 90
1410 10403 348 348 11 18 1 383 13 17 384 0 14 0 2 4 90
1411 10401 349 349 11 18 1 383 13 17 384 0 14 0 2 4 90
1412 10401 349 349 11 18 1 383 13 17 384 0 14 0 2 4 90
1413 10401 349 349 11 18 1 383 13 17 384 0 14 0 2 4 90
1414 10397 351 351 11 18 1 383 13 17 384 0 14 0 2 4 90
1415 10395 352 352 11 18 1 383 13 17 384 0 14 0 2 4 90
1416 10395 352 352 11 18 1 383 13 17 384 0 14 0 2 4 90
1417 10395 352 352 11 18 1 383 13 17 384 0 14 0 2 4 90
1418 10398 351 350 11 18 1 383 13 17 383 0 15 0 2 4 90
1419 10399 351 349 11 18 1 384 12 17 383 0 15 0 2 4 90
1420 10401 350 348 11 18 1 384 12 17 383 0 15 0 2 4 90
1421 10403 349 347 11 18 1 384 12 17 383 0 15 0 2 4 90
1422 10399 350 348 13 18 1 384 12 17 383 0 15 0 2 4 90
1423 10402 348 347 13 18 1 384 12 17 384 0 14 0 2 4 90
1424 10404 347 346 13 18 1 384 12 17 384 0 14 0 2 4 90
1425 10405 347 346 12 18 1 384 12 17 384 0 14 0 2 4 90
1426 10407 346 345 12 18 1 384 12 17 384 0 14 0 2 4 90
1427 10405 347 346 12 18 1 384 12 17 384 0 14 0 2 4 90
1428 10407 346 345 12 19 1 383 12 18 383 0 14 0 2 4 90
1429 10407 346 345 12 19 1 383 12 18 383 0 14 0 2 4 90
1430 10411 344 344 11 19 1 383 12 18 384 0 13 0 2 4 90
1431 10411 344 344 11 19 1 383 12 18 384 0 13 0 2 4 90
1432 10413 343 343 11 19 1 383 12 18 384 0 13 0 2 4 90
1433 10411 344 344 11 19 1 383 12 18 384 0 13 0 2 4 90
1434 10410 345 344 11 19 1 384 11 18 384 0 13 0 2 4 90
1435 10408 346 345 11 19 1 384 11 18 384 0 13 0 2 4 90
1436 10405 347 347 11 19 1 383 12 18 384 0 13 0 2 4 90
1437 10407 346 346 11 19 1 383 12 18 384 0 13 0 2 4 90
1438 10415 342 342 11 19 1 383 12 18 384 0 13 0 2 4 90
1439 10419 340 340 11 19 1 383 12 18 384 0 13 0 2 4 90
1440 10417 341 341 11 19 1 383 12 18 384 0 13 0 2 4 90
1441 10425 337 337 11 19 1 383 12 18 384 0 13 0 2 4 90
1442 10424 337 337 12 19 1 383 12 18 384 0 13 0 2 4 90
1443 10425 337 336 12 19 1 383 12 18 383 0 14 0 2 4 90
1444 10432 333 332 13 19 1 383 12 18 383 0 14 0 2 4 90
1445 10442 328 327 13 19 1 383 12 18 383 0 14 0 2 4 90
1446 10442 328 327 13 19 1 383 12 18 383 0 14 0 2 4 90
1447 10444 327 326 13 19 1 383 12 18 383 0 14 0 2 4 90
1448 10444 327 326 13 19 1 383 12 18 383 0 14 0 2 4 90
1449 10450 324 323 13 19 1 383 12 18 383 0 14 0 2 4 90
1450 10452 323 322 13 19 1 383 12 18 383 0 14 0 2 4 90
1451 10456 321 320 13 19 1 383 12 18 383 0 14 0 2 4 90
1452 10458 320 319 13 19 1 383 12 18 383 0 14 0 2 4 90
1453 10462 318 317 13 19 1 383 12 18 383 0 14 0 2 4 90
1454 10461 319 318 12 19 1 383 12 18 383 0 14 0 2 4 90
1455 10463 318 317 12 19 1 383 12 18 383 0 14 0 2 4 90
1456 10463 318 317 12 19 1 383 12 18 383 0 14 0 2 4 90
1457 10465 316 317 12 19 1 383 12 18 385 0 12 0 2 4 90
1458 10465 316 317 12 19 1 383 12 18 385 0 12 0 2 4 90
1459 10463 317 318 12 19 1 383 12 18 385 0 12 0 2 4 90
1460 10467 315 316 12 19 1 383 12 18 385 0 12 0 2 4 90
1461 10467 315 316 12 19 1 383 12 18 385 0 12 0 2 4 90
1462 10462 317 318 13 19 1 383 12 18 385 0 12 0 2 4 90
1463 10467 315 316 12 19 1 383 12 18 385 0 12 0 2 4 90
1464 10467 315 316 12 19 1 383 12 18 385 0 12 0 2 4 90
1465 10467 315 316 12 19 1 383 12 18 385 0 12 0 2 4 90
1466 10469 314 315 12 19 1 383 12 18 385 0 12 0 2 4 90
1467 10472 312 313 13 19 1 383 12 18 385 0 12 0 2 4 90
1468 10472 312 313 13 19 1 383 12 18 385 0 12 0 2 4 90
1469 10478 309 310 13 19 1 383 12 18 385 0 12 0 2 4 90
1470 10476 310 311 13 19 1 383 12 18 385 0 12 0 2 4 90
1471 10479 309 309 13 19 1 384 11 18 385 0 12 0 2 4 90
1472 10473 312 312 13 19 1 384 11 18 385 0 12 0 2 4 90
1473 10480 309 308 13 19 1 385 10 18 385 0 12 0 2 4 90
1474 10474 312 311 13 19 1 384 11 18 384 0 13 0 2 4 90
1475 10472 313 312 13 19 1 384 11 18 384 0 13 0 2 4 90
1476 10472 313 312 13 19 1 384 11 18 384 0 13 0 2 4 90
1477 10468 315 314 13 19 1 384 11 18 384 0 13 0 2 4 90
1478 10471 313 312 14 19 1 384 11 18 384 0 13 0 2 4 90
1479 10470 313 313 14 19 1 383 12 18 384 0 13 0 2 4 90
1480 10478 309 309 14 19 1 383 12 18 384 0 13 0 2 4 90
1481 10478 309 309 14 19 1 383 12 18 384 0 13 0 2 4 90
1482 10489 304 304 13 19 1 383 12 18 384 0 13 0 2 4 90
1483 10489 303 305 13 19 1 382 13 18 385 0 12 0 2 4 90
1484 10497 299 301 13 19 1 382 13 18 385 0 12 0 2 4 90
1485 10499 298 300 13 19 1 382 13 18 385 0 12 0 2 4 90
1486 10499 298 300 13 19 1 382 13 18 385 0 12 0 2 4 90
1487 10500 297 300 13 19 1 382 13 18 386 0 11 0 2 4 90
1488 10502 296 299 13 19 1 382 13 18 386 0 11 0 2 4 90
1489 10504 296 297 13 19 1 384 11 18 386 0 11 0 2 4 90
1490 10514 291 292 13 19 1 384 11 18 386 0 11 0 2 4 90
1491 10514 291 292 13 19 1 384 11 18 386 0 11 0 2 4 90
1492 10514 291 292 13 19 1 384 11 18 386 0 11 0 2 4 90
1493 10516 290 291 13 19 1 384 11 18 386 0 11 0 2 4 90
1494 10511 292 294 13 19 1 383 12 18 386 0 11 0 2 4 90
1495 10512 291 294 13 19 1 382 13 18 386 0 11 0 2 4 90
1496 10514 290 293 13 19 1 382 13 18 386 0 11 0 2 4 90
1497 10512 291 294 13 19 1 382 13 18 386 0 11 0 2 4 90
1498 10514 290 293 13 19 1 382 13 18 386 0 11 0 2 4 90
1499 10512 291 294 13 19 1 382 13 18 386 0 11 0 2 4 90
1500 10515 290 293 12 19 1 382 13 18 386 0 11 0 2 4 90
