0 1979 195 0 0 0 0 0 0 0 0 0 0 0 0 0 0
1 11646 195 195 0 0 0 0 0 0 0 0 0 0 0 0 0
2 11646 195 195 0 0 0 0 0 0 0 0 0 0 0 0 0
3 11647 194 194 1 0 0 0 0 0 0 0 0 0 0 0 0
4 11644 195 195 2 0 0 0 0 0 0 0 0 0 0 0 0
5 11642 196 196 2 0 0 0 0 0 0 0 0 0 0 0 0
6 11644 195 195 2 0 0 0 0 0 0 0 0 0 0 0 0
7 11640 197 197 2 0 0 0 0 0 0 0 0 0 0 0 0
8 11636 199 199 2 0 0 0 0 0 0 0 0 0 0 0 0
9 11640 197 197 2 0 0 0 0 0 0 0 0 0 0 0 0
10 11642 196 196 2 0 0 0 0 0 0 0 0 0 0 0 0
11 11646 194 194 2 0 0 0 0 0 0 0 0 0 0 0 0
12 11646 194 194 2 0 0 0 0 0 0 0 0 0 0 0 0
13 11642 196 196 2 0 0 0 0 0 0 0 0 0 0 0 0
14 11638 198 198 2 0 0 0 0 0 0 0 0 0 0 0 0
15 11634 200 200 2 0 0 0 0 0 0 0 0 0 0 0 0
16 11630 202 202 2 0 0 0 0 0 0 0 0 0 0 0 0
17 11630 202 202 2 0 0 0 0 0 0 0 0 0 0 0 0
18 11630 202 202 2 0 0 0 0 0 0 0 0 0 0 0 0
19 11626 204 204 2 0 0 0 0 0 0 0 0 0 0 0 0
20 11625 205 205 1 0 0 0 0 0 0 0 0 0 0 0 0
21 11627 204 204 1 0 0 0 0 0 0 0 0 0 0 0 0
22 11629 203 203 1 0 0 0 0 0 0 0 0 0 0 0 0
23 11619 208 208 1 0 0 0 0 0 0 0 0 0 0 0 0
24 11619 208 208 1 0 0 0 0 0 0 0 0 0 0 0 0
25 11615 210 210 1 0 0 0 0 0 0 0 0 0 0 0 0
26 11615 210 210 1 0 0 0 0 0 0 0 0 0 0 0 0
27 11617 209 209 1 0 0 0 0 0 0 0 0 0 0 0 0
28 11617 209 209 1 0 0 0 0 0 0 0 0 0 0 0 0
29 11618 209 209 0 0 0 0 0 0 0 0 0 0 0 0 0
30 11615 210 210 1 0 0 0 0 0 0 0 0 0 0 0 0
31 11613 211 211 1 0 0 0 0 0 0 0 0 0 0 0 0
32 11613 211 211 1 0 0 0 0 0 0 0 0 0 0 0 0
33 11613 211 211 1 0 0 0 0 0 0 0 0 0 0 0 0
34 11611 212 212 1 0 0 0 0 0 0 0 0 0 0 0 0
35 11599 218 218 1 0 0 0 0 0 0 0 0 0 0 0 0
36 11601 217 217 1 0 0 0 0 0 0 0 0 0 0 0 0
37 11601 217 217 1 0 0 0 0 0 0 0 0 0 0 0 0
38 11599 218 218 1 0 0 0 0 0 0 0 0 0 0 0 0
39 11597 219 219 1 0 0 0 0 0 0 0 0 0 0 0 0
40 11599 218 218 1 0 0 0 0 0 0 0 0 0 0 0 0
41 11601 217 217 1 0 0 0 0 0 0 0 0 0 0 0 0
42 11599 218 218 1 0 0 0 0 0 0 0 0 0 0 0 0
43 11592 221 221 2 0 0 0 0 0 0 0 0 0 0 0 0
44 11590 222 222 2 0 0 0 0 0 0 0 0 0 0 0 0
45 11586 224 224 2 0 0 0 0 0 0 0 0 0 0 0 0
46 11574 230 230 2 0 0 0 0 0 0 0 0 0 0 0 0
47 11570 232 232 2 0 0 0 0 0 0 0 0 0 0 0 0
48 11562 236 236 2 0 0 0 0 0 0 0 0 0 0 0 0
49 11557 238 238 3 0 0 0 0 0 0 0 0 0 0 0 0
50 11539 247 247 3 0 0 0 0 0 0 0 0 0 0 0 0
51 11527 253 253 3 0 0 0 0 0 0 0 0 0 0 0 0
52 11511 261 261 3 0 0 0 0 0 0 0 0 0 0 0 0
53 11498 267 267 4 0 0 0 0 0 0 0 0 0 0 0 0
54 11490 271 271 4 0 0 0 0 0 0 0 0 0 0 0 0
55 11466 283 283 4 0 0 0 0 0 0 0 0 0 0 0 0
56 11446 293 293 4 0 0 0 0 0 0 0 0 0 0 0 0
57 11436 297 297 6 0 0 0 0 0 0 0 0 0 0 0 0
58 11428 301 301 6 0 0 0 0 0 0 0 0 0 0 0 0
59 11422 304 304 6 0 0 0 0 0 0 0 0 0 0 0 0
60 11410 310 310 6 0 0 0 0 0 0 0 0 0 0 0 0
61 11400 315 315 6 0 0 0 0 0 0 0 0 0 0 0 0
62 11390 320 320 6 0 0 0 0 0 0 0 0 0 0 0 0
63 11382 324 324 6 0 0 0 0 0 0 0 0 0 0 0 0
64 11362 334 334 6 0 0 0 0 0 0 0 0 0 0 0 0
65 11344 342 342 8 0 0 0 0 0 0 0 0 0 0 0 0
66 11324 352 352 8 0 0 0 0 0 0 0 0 0 0 0 0
67 11295 366 366 9 0 0 0 0 0 0 0 0 0 0 0 0
68 11276 375 375 10 0 0 0 0 0 0 0 0 0 0 0 0
69 11268 378 378 12 0 0 0 0 0 0 0 0 0 0 0 0
70 11252 386 386 12 0 0 0 0 0 0 0 0 0 0 0 0
71 11242 391 391 12 0 0 0 0 0 0 0 0 0 0 0 0
72 11224 400 400 12 0 0 0 0 0 0 0 0 0 0 0 0
73 11204 410 410 12 0 0 0 0 0 0 0 0 0 0 0 0
74 11195 414 414 13 0 0 0 0 0 0 0 0 0 0 0 0
75 11175 424 424 13 0 0 0 0 0 0 0 0 0 0 0 0
76 11157 433 433 13 0 0 0 0 0 0 0 0 0 0 0 0
77 11139 442 442 13 0 0 0 0 0 0 0 0 0 0 0 0
78 11129 447 446 12 0 0 1 0 0 0 0 1 0 0 0 0
79 11108 457 456 13 0 0 1 0 0 0 0 1 0 0 0 0
80 11098 461 460 15 0 0 1 0 0 0 0 1 0 0 0 0
81 11083 468 467 16 0 0 1 0 0 0 0 1 0 0 0 0
82 11071 474 473 16 0 0 1 0 0 0 0 1 0 0 0 0
83 11058 480 479 17 0 0 1 0 0 0 0 1 0 0 0 0
84 11049 484 483 18 0 0 1 0 0 0 0 1 0 0 0 0
85 11036 488 487 23 0 0 1 0 0 0 0 1 0 0 0 0
86 11016 497 496 25 0 0 1 0 0 0 0 1 0 0 0 0
87 11010 500 499 25 0 0 1 0 0 0 0 1 0 0 0 0
88 10996 507 505 24 0 0 2 0 0 0 0 2 0 0 0 0
89 10982 513 511 26 0 0 2 0 0 0 0 2 0 0 0 0
90 10967 520 518 27 0 0 2 0 0 0 0 2 0 0 0 0
91 10952 527 525 28 0 0 2 0 0 0 0 2 0 0 0 0
92 10945 529 527 31 0 0 2 0 0 0 0 2 0 0 0 0
93 10926 537 535 34 0 0 2 0 0 0 0 2 0 0 0 0
94 10915 542 540 35 0 0 2 0 0 0 0 2 0 0 0 0
95 10898 550 548 36 0 0 2 0 0 0 0 2 0 0 0 0
96 10892 553 551 36 0 0 2 0 0 0 0 2 0 0 0 0
97 10885 556 554 37 0 0 2 0 0 0 0 2 0 0 0 0
98 10867 564 562 39 0 0 2 0 0 0 0 2 0 0 0 0
99 10870 562 559 39 0 0 3 0 0 0 0 3 0 0 0 0
100 10851 571 568 40 0 0 3 0 0 0 0 3 0 0 0 0
101 10840 577 574 39 0 0 3 0 0 0 0 3 0 0 0 0
102 10832 581 578 39 0 0 3 0 0 0 0 3 0 0 0 0
103 10822 586 583 39 0 0 3 0 0 0 0 3 0 0 0 0
104 10800 597 594 39 0 0 3 0 0 0 0 3 0 0 0 0
105 10796 599 596 39 0 0 3 0 0 0 0 3 0 0 0 0
106 10780 607 604 39 0 0 3 0 0 0 0 3 0 0 0 0
107 10774 610 607 39 0 0 3 0 0 0 0 3 0 0 0 0
108 10766 614 611 39 0 0 3 0 0 0 0 3 0 0 0 0
109 10754 620 616 38 0 0 4 0 0 0 0 4 0 0 0 0
110 10750 622 618 38 0 0 4 0 0 0 0 4 0 0 0 0
111 10733 630 626 39 0 0 4 0 0 0 0 4 0 0 0 0
112 10707 643 639 39 0 0 4 0 0 0 0 4 0 0 0 0
113 10690 651 647 40 0 0 4 0 0 0 0 4 0 0 0 0
114 10659 667 663 39 0 0 4 0 0 0 0 4 0 0 0 0
115 10654 669 665 40 0 0 4 0 0 0 0 4 0 0 0 0
116 10648 672 668 40 0 0 4 0 0 0 0 4 0 0 0 0
117 10637 677 673 41 0 0 4 0 0 0 0 4 0 0 0 0
118 10638 677 673 40 0 0 4 0 0 0 0 4 0 0 0 0
119 10640 677 673 38 0 0 4 0 0 0 0 4 0 0 0 0
120 10636 678 674 40 0 0 4 0 0 0 0 4 0 0 0 0
121 10621 684 680 43 0 0 4 0 0 0 0 4 0 0 0 0
122 10619 685 681 43 0 0 4 0 0 0 0 4 0 0 0 0
123 10604 692 688 44 0 0 4 0 0 0 0 4 0 0 0 0
124 10592 698 694 44 0 0 4 0 0 0 0 4 0 0 0 0
125 10571 708 704 45 0 0 4 0 0 0 0 4 0 0 0 0
126 10568 708 704 48 0 0 4 0 0 0 0 4 0 0 0 0
127 10564 710 707 47 0 0 4 0 0 1 0 3 0 0 0 0
128 10541 720 717 50 0 0 4 0 0 1 0 3 0 0 0 0
129 10519 730 727 52 0 0 4 0 0 1 0 3 0 0 0 0
130 10514 733 730 51 0 0 4 0 0 1 0 3 0 0 0 0
131 10506 736 733 53 0 0 4 0 0 1 0 3 0 0 0 0
132 10491 743 740 54 0 0 4 0 0 1 0 3 0 0 0 0
133 10486 745 742 55 0 0 4 0 0 1 0 3 0 0 0 0
134 10471 752 748 55 0 0 5 0 0 1 0 4 0 0 0 0
135 10453 761 757 55 0 0 5 0 0 1 0 4 0 0 0 0
136 10439 768 764 55 0 0 5 0 0 1 0 4 0 0 0 0
137 10418 776 772 60 0 0 5 0 0 1 0 4 0 0 0 0
138 10405 782 777 60 0 0 6 0 0 1 0 5 0 0 0 0
139 10384 792 788 60 0 0 6 0 0 2 0 4 0 0 0 0
140 10371 798 794 61 0 0 6 0 0 2 0 4 0 0 0 0
141 10348 809 804 61 0 0 7 0 0 2 0 5 0 0 0 0
142 10343 811 806 62 0 0 7 0 0 2 0 5 0 0 0 0
143 10327 819 813 61 0 0 8 0 0 2 0 6 0 0 0 0
144 10314 825 819 62 0 0 8 0 0 2 0 6 0 0 0 0
145 10304 829 823 64 0 0 8 0 0 2 0 6 0 0 0 0
146 10297 831 825 67 0 0 8 0 0 2 0 6 0 0 0 0
147 10270 843 837 70 0 0 8 0 0 2 0 6 0 0 0 0
148 10242 855 849 74 0 0 8 0 0 2 0 6 0 0 0 0
149 10223 864 857 74 0 0 9 0 0 2 0 7 0 0 0 0
150 10203 871 864 80 0 0 9 0 0 2 0 7 0 0 0 0
151 10193 875 867 81 0 0 10 0 0 2 0 8 0 0 0 0
152 10176 883 875 82 0 0 10 0 0 2 0 8 0 0 0 0
153 10172 884 876 84 0 0 10 0 0 2 0 8 0 0 0 0
154 10156 892 884 84 0 0 10 0 0 2 0 8 0 0 0 0
155 10142 898 889 85 0 0 11 0 0 2 0 9 0 0 0 0
156 10126 905 896 87 0 0 11 0 0 2 0 9 0 0 0 0
157 10106 915 905 86 0 0 12 0 0 2 0 10 0 0 0 0
158 10088 924 914 86 0 0 12 0 0 2 0 10 0 0 0 0
159 10063 935 925 89 0 0 12 0 0 2 0 10 0 0 0 0
160 10041 944 933 92 0 0 13 0 0 2 0 11 0 0 0 0
161 10018 954 941 91 0 0 15 1 0 2 0 14 0 0 0 0
162 9978 973 960 91 0 0 15 2 0 2 0 15 0 0 0 0
163 9963 979 966 94 0 0 15 2 0 2 0 15 0 0 0 0
164 9945 986 973 98 0 0 15 2 0 2 0 15 0 0 0 0
165 9931 993 980 98 0 0 15 2 0 2 0 15 0 0 0 0
166 9894 1011 998 99 0 0 15 2 0 2 0 15 0 0 0 0
167 9860 1029 1015 96 0 0 16 2 0 2 0 16 0 0 0 0
168 9837 1038 1024 101 0 0 16 2 0 2 0 16 0 0 0 0
169 9812 1047 1033 108 0 0 16 2 0 2 0 16 0 0 0 0
170 9782 1060 1045 111 0 0 17 2 0 2 0 17 0 0 0 0
171 9764 1065 1049 118 0 0 18 2 0 2 0 18 0 0 0 0
172 9740 1073 1057 124 0 0 18 3 0 2 0 19 0 0 0 0
173 9718 1082 1066 128 0 0 18 3 0 2 0 19 0 0 0 0
174 9692 1094 1078 130 0 0 18 3 0 2 0 19 0 0 0 0
175 9670 1104 1088 132 0 0 18 3 0 2 0 19 0 0 0 0
176 9658 1109 1092 133 0 0 19 3 0 2 0 20 0 0 0 0
177 9635 1121 1104 132 0 0 19 3 0 2 0 20 0 0 0 0
178 9620 1129 1112 131 0 0 19 3 0 2 0 20 0 0 0 0
179 9591 1143 1126 132 0 0 19 3 0 2 0 20 0 0 0 0
180 9581 1147 1129 133 0 0 20 3 0 2 0 21 0 0 0 0
181 9565 1154 1136 135 0 0 20 3 0 2 0 21 0 0 0 0
182 9555 1157 1138 138 0 0 21 3 0 2 0 22 0 0 0 0
183 9541 1163 1142 138 0 0 23 3 0 2 0 24 0 0 0 0
184 9525 1172 1150 135 0 0 24 3 0 2 0 25 0 0 0 0
185 9508 1180 1158 136 0 0 24 3 0 2 0 25 0 0 0 0
186 9496 1186 1164 136 0 0 24 3 0 2 0 25 0 0 0 0
187 9482 1193 1170 135 0 0 25 3 0 2 0 26 0 0 0 0
188 9475 1195 1170 136 0 0 27 3 0 2 0 28 0 0 0 0
189 9479 1193 1165 133 0 0 30 3 0 2 0 31 0 0 0 0
190 9441 1209 1181 139 0 0 30 3 0 2 0 31 0 0 0 0
191 9417 1220 1192 141 0 0 30 3 0 2 0 31 0 0 0 0
192 9389 1233 1205 143 0 0 30 3 0 2 0 31 0 0 0 0
193 9378 1238 1210 144 0 0 30 3 0 2 0 31 0 0 0 0
194 9369 1240 1213 148 0 0 30 3 0 3 0 30 0 0 0 0
195 9366 1241 1214 147 0 0 31 3 0 4 0 30 0 0 0 0
196 9362 1242 1215 149 0 0 31 3 0 4 0 30 0 0 0 0
197 9353 1246 1218 149 0 0 32 3 0 4 0 31 0 0 0 0
198 9348 1248 1220 148 0 0 32 4 0 4 0 32 0 0 0 0
199 9323 1258 1231 152 0 0 31 5 0 4 0 32 0 0 0 0
200 9290 1272 1245 157 0 0 31 5 0 4 0 32 0 0 0 0
201 9277 1280 1252 153 0 0 32 5 0 4 0 33 0 0 0 0
202 9268 1285 1256 151 0 0 33 5 0 4 0 34 0 0 0 0
203 9268 1286 1257 149 0 0 33 5 0 4 0 34 0 0 0 0
204 9269 1283 1254 154 0 0 33 5 0 4 0 34 0 0 0 0
205 9263 1283 1255 159 0 0 33 5 0 5 0 33 0 0 0 0
206 9260 1284 1256 160 0 0 33 5 0 5 0 33 0 0 0 0
207 9258 1284 1257 161 0 0 33 5 0 6 0 32 0 0 0 0
208 9248 1289 1262 161 0 0 33 5 0 6 0 32 0 0 0 0
209 9232 1297 1270 161 0 0 33 5 0 6 0 32 0 0 0 0
210 9239 1292 1265 164 0 0 33 5 0 6 0 32 0 0 0 0
211 9231 1294 1267 168 0 0 33 5 0 6 0 32 0 0 0 0
212 9228 1295 1265 167 0 0 36 4 0 6 0 34 0 0 0 1
213 9218 1299 1270 168 0 0 35 5 0 6 0 34 0 0 0 1
214 9204 1305 1277 169 0 0 35 5 0 7 0 33 0 0 0 1
215 9192 1310 1281 170 0 0 36 5 0 7 0 34 0 0 0 1
216 9189 1310 1280 172 0 0 37 5 0 7 0 35 0 0 0 1
217 9175 1317 1287 172 0 0 37 5 0 7 0 35 0 0 0 1
218 9163 1325 1295 168 0 0 37 5 0 7 0 35 0 0 0 1
219 9167 1324 1294 166 0 0 37 5 0 7 0 35 0 0 0 1
220 9171 1322 1292 166 0 0 37 5 0 7 0 35 0 0 0 1
221 9163 1324 1294 170 0 0 37 5 0 7 0 35 0 0 0 1
222 9169 1321 1292 167 0 0 37 6 0 8 0 35 0 0 0 1
223 9161 1325 1295 164 0 0 39 6 0 9 0 36 0 0 0 1
224 9149 1331 1300 165 0 0 40 5 0 9 0 36 0 0 0 1
225 9146 1331 1301 167 0 0 40 5 0 10 0 35 0 0 0 1
226 9140 1333 1304 168 0 0 40 5 0 11 0 34 0 0 0 1
227 9138 1332 1303 172 0 0 40 5 0 11 0 34 0 0 0 1
228 9140 1331 1301 169 0 0 41 6 0 11 0 36 0 0 0 1
229 9134 1334 1306 167 0 0 40 7 0 12 0 35 0 0 0 1
230 9130 1337 1307 161 0 0 43 7 0 13 0 37 0 0 0 1
231 9130 1337 1307 161 0 0 43 7 0 13 0 37 0 0 0 1
232 9122 1340 1309 164 0 0 44 6 0 13 0 37 0 0 0 1
233 9095 1353 1322 165 0 0 44 6 0 13 0 37 0 0 0 1
234 9101 1348 1318 168 0 0 44 6 0 14 0 36 0 0 0 1
235 9090 1353 1322 166 0 0 46 6 0 15 0 37 0 0 0 1
236 9066 1365 1334 166 0 0 46 6 0 15 0 37 0 0 0 1
237 9047 1372 1340 170 0 0 47 6 0 15 0 38 0 0 0 1
238 9032 1379 1346 170 0 0 48 6 0 15 0 39 0 0 0 1
239 9030 1378 1345 174 0 0 48 6 0 15 0 39 0 0 0 1
240 9023 1381 1346 173 0 0 50 6 0 15 0 41 0 0 0 1
241 8999 1394 1357 169 0 0 52 6 0 15 0 43 0 0 0 1
242 8995 1394 1358 172 0 0 52 6 0 16 0 42 0 0 0 1
243 8986 1396 1360 174 0 0 52 7 0 16 0 43 0 0 0 2
244 8970 1403 1367 174 0 0 52 8 0 16 0 44 0 0 0 2
245 8962 1408 1372 172 0 0 52 8 0 16 0 44 0 0 0 2
246 8946 1416 1380 172 0 0 52 8 0 16 0 44 0 0 0 2
247 8932 1421 1386 175 0 0 52 8 0 17 0 43 0 0 0 2
248 8921 1424 1388 179 0 0 53 8 0 17 0 44 0 0 0 2
249 8911 1429 1393 179 0 0 53 8 0 17 0 44 0 0 0 2
250 8911 1430 1393 178 0 0 54 7 0 17 0 44 0 0 0 2
251 8906 1431 1390 177 0 0 58 7 0 17 0 48 0 0 0 2
252 8897 1434 1392 181 0 0 58 7 0 16 0 49 0 0 0 2
253 8893 1435 1394 180 0 0 58 8 0 17 0 49 0 0 0 2
254 8882 1440 1399 181 0 0 58 8 0 17 0 49 0 0 0 2
255 8877 1440 1398 184 0 0 59 8 0 17 0 50 0 0 0 3
256 8858 1447 1404 187 0 0 60 8 0 17 0 51 0 0 0 4
257 8852 1448 1404 190 0 0 61 8 0 17 0 52 0 0 0 4
258 8833 1456 1412 191 0 0 62 8 0 18 0 52 0 0 0 4
259 8821 1460 1413 192 0 0 65 8 0 18 0 55 0 0 0 4
260 8797 1472 1424 192 0 0 66 7 0 18 0 55 0 0 0 5
261 8786 1477 1428 192 0 0 67 7 0 18 0 56 0 0 0 5
262 8782 1478 1427 192 0 0 69 7 0 18 0 58 0 0 0 5
263 8776 1482 1432 189 0 0 69 7 0 19 0 57 0 0 0 5
264 8759 1488 1438 192 0 0 70 7 0 20 0 57 0 0 0 5
265 8753 1488 1438 196 0 0 71 7 0 21 0 57 0 0 0 5
266 8739 1494 1442 196 0 0 73 7 0 21 0 59 0 0 0 5
267 8721 1500 1445 201 0 0 76 6 0 21 0 61 0 0 0 5
268 8700 1509 1453 203 0 0 77 6 0 21 0 62 0 0 0 5
269 8680 1515 1458 210 0 0 78 6 0 21 0 63 0 0 0 5
270 8666 1521 1463 212 0 0 79 5 0 21 0 63 0 0 0 6
271 8655 1527 1468 210 0 0 80 5 0 21 0 64 0 0 0 6
272 8643 1531 1472 212 0 0 81 5 0 22 0 64 0 0 0 6
273 8630 1535 1476 215 0 0 81 6 0 22 0 65 0 0 0 6
274 8619 1539 1478 217 0 0 83 5 0 22 0 66 0 0 0 7
275 8605 1546 1483 215 0 0 85 5 0 22 0 68 0 0 0 7
276 8579 1558 1494 216 0 0 86 5 0 22 0 69 0 0 0 7
277 8544 1575 1511 217 0 0 86 5 0 22 0 69 0 0 0 7
278 8532 1578 1514 223 0 0 86 5 0 22 0 69 0 0 0 7
279 8534 1576 1510 221 0 0 88 6 0 22 0 72 0 0 0 7
280 8516 1582 1515 226 0 0 89 6 0 22 0 73 0 0 0 7
281 8498 1589 1522 229 0 0 89 6 0 22 0 73 0 0 0 8
282 8479 1598 1531 230 0 0 89 6 0 22 0 73 0 0 0 8
283 8471 1600 1533 232 0 0 90 6 0 23 0 73 0 0 0 8
284 8459 1606 1540 231 0 0 90 6 0 24 0 72 0 0 0 8
285 8447 1612 1545 230 0 0 91 6 0 24 0 73 0 0 0 8
286 8445 1609 1542 234 0 0 92 7 0 25 0 74 0 0 0 8
287 8445 1607 1540 238 0 0 92 7 0 25 0 74 0 0 0 8
288 8421 1618 1549 238 0 0 94 7 0 25 0 76 0 0 0 8
289 8410 1620 1553 243 0 0 94 7 0 27 0 74 0 0 0 8
290 8404 1622 1555 245 0 0 94 7 0 27 0 74 0 0 0 8
291 8394 1625 1555 248 0 0 96 7 0 26 0 77 0 0 0 8
292 8391 1630 1559 240 0 0 97 7 0 26 0 78 0 0 0 8
293 8378 1635 1563 240 0 0 99 7 0 27 0 79 0 0 0 8
294 8380 1632 1559 243 0 0 100 7 0 27 0 80 0 0 0 8
295 8376 1633 1560 245 0 0 100 7 0 27 0 80 0 0 0 8
296 8363 1637 1564 250 0 0 100 7 0 27 0 80 0 0 0 8
297 8363 1636 1562 251 0 0 101 7 0 27 0 81 0 0 0 8
298 8350 1641 1566 251 0 0 103 7 0 28 0 82 0 0 0 8
299 8347 1641 1562 248 0 0 107 8 0 28 0 87 0 0 0 8
300 8334 1647 1567 248 0 0 108 8 0 28 0 88 0 0 0 8
301 8325 1650 1572 249 0 0 107 9 0 29 0 87 0 0 0 8
302 8319 1652 1572 249 0 0 109 9 0 29 0 89 0 0 0 8
303 8319 1651 1570 246 0 0 110 11 0 29 0 92 0 0 0 8
304 8312 1652 1570 250 0 0 111 11 0 29 0 93 0 0 0 8
305 8309 1653 1568 248 0 0 114 11 0 29 0 96 0 0 0 8
306 8299 1657 1570 248 0 0 116 11 0 29 0 98 0 0 0 8
307 8291 1656 1570 255 0 0 117 11 0 31 0 97 0 0 0 8
308 8297 1652 1566 255 0 0 118 11 0 32 0 97 0 0 0 8
309 8297 1650 1564 257 0 0 118 12 0 32 0 98 0 0 0 8
310 8297 1647 1561 263 0 0 118 12 0 32 0 98 0 0 0 8
311 8290 1649 1564 265 0 0 118 12 0 33 0 97 0 0 0 8
312 8296 1644 1558 268 0 0 119 12 0 33 0 98 0 0 0 8
313 8293 1644 1557 270 0 0 120 12 0 33 0 99 0 0 0 8
314 8300 1639 1552 273 0 0 120 12 0 33 0 99 0 0 0 8
315 8289 1643 1557 273 0 0 121 12 0 35 0 98 0 0 0 8
316 8284 1645 1559 274 0 0 121 12 0 35 0 98 0 0 0 8
317 8278 1647 1561 275 0 0 121 12 0 35 0 98 0 0 0 9
318 8274 1648 1562 277 0 0 121 12 0 35 0 98 0 0 0 9
319 8259 1655 1568 275 0 0 123 12 0 36 0 99 0 0 0 9
320 8256 1658 1569 272 0 0 125 11 0 36 0 100 0 0 0 9
321 8252 1658 1568 273 0 0 127 11 0 37 0 101 0 0 0 9
322 8240 1662 1572 274 0 0 128 11 0 38 0 101 0 0 0 10
323 8236 1664 1575 271 0 0 128 12 0 39 0 101 0 0 0 10
324 8238 1663 1574 271 0 0 128 12 0 39 0 101 0 0 0 10
325 8232 1666 1577 271 0 0 128 12 0 39 0 101 0 0 0 10
326 8224 1670 1580 271 0 0 129 11 0 39 0 101 0 0 0 11
327 8220 1670 1580 273 0 0 130 11 0 40 0 101 0 0 0 11
328 8213 1674 1582 272 0 0 131 11 0 39 0 103 0 0 0 11
329 8209 1675 1582 271 0 0 133 11 0 40 0 104 0 0 0 11
330 8209 1673 1581 272 0 0 133 12 0 41 0 104 0 0 0 11
331 8207 1673 1580 273 0 0 134 12 0 41 0 105 0 0 0 11
332 8209 1670 1577 274 0 0 135 12 0 42 0 105 0 0 0 12
333 8203 1673 1580 274 0 0 135 12 0 42 0 105 0 0 0 12
334 8204 1671 1577 276 0 0 136 12 0 42 0 106 0 0 0 12
335 8213 1664 1571 280 0 0 136 12 0 43 0 105 0 0 0 12
336 8219 1661 1569 278 0 0 135 13 0 43 0 105 0 0 0 13
337 8206 1666 1573 278 0 0 137 13 0 44 0 106 0 0 0 13
338 8190 1671 1578 282 0 0 137 14 0 44 0 107 0 0 0 13
339 8180 1673 1579 287 0 0 138 14 0 44 0 108 0 0 0 13
340 8160 1683 1589 283 0 0 139 15 0 45 0 109 0 0 0 13
341 8147 1688 1594 282 0 0 140 16 0 46 0 110 0 0 0 13
342 8138 1693 1598 280 0 0 141 16 0 46 0 111 0 0 0 13
343 8138 1691 1596 282 0 0 142 16 0 47 0 111 0 0 0 13
344 8135 1691 1597 282 0 0 141 18 0 47 0 112 0 0 0 13
345 8132 1691 1597 285 0 0 141 18 0 47 0 112 0 0 0 13
346 8115 1694 1597 291 0 0 143 20 0 46 0 117 0 0 0 13
347 8102 1700 1601 286 0 0 145 22 0 46 0 121 0 0 0 13
348 8091 1704 1604 289 0 0 146 21 0 46 0 121 0 0 0 14
349 8063 1716 1615 290 0 0 147 22 0 46 0 123 0 0 0 14
350 8049 1720 1618 295 0 0 148 22 0 46 0 124 0 0 0 14
351 8045 1719 1619 299 0 0 148 22 0 48 0 122 0 0 0 14
352 8047 1717 1617 299 0 0 149 22 0 49 0 122 0 0 0 14
353 8046 1717 1614 297 0 0 152 22 0 49 0 125 0 0 0 14
354 8033 1724 1620 293 0 0 153 23 0 49 0 127 0 0 0 14
355 8020 1729 1622 294 0 0 156 22 0 49 0 129 0 0 0 15
356 8004 1733 1625 301 0 0 157 22 0 49 0 130 0 0 0 15
357 7996 1735 1625 303 0 0 159 22 0 49 0 132 0 0 0 15
358 7983 1739 1625 303 0 0 164 21 0 50 0 135 0 0 0 16
359 7974 1742 1628 306 0 0 164 21 0 50 0 135 0 0 0 16
360 7964 1746 1632 306 0 0 165 21 0 51 0 135 0 0 0 16
361 7948 1751 1638 311 0 0 165 21 0 52 0 134 0 0 0 16
362 7943 1750 1637 314 0 0 166 22 0 53 0 135 0 0 0 16
363 7938 1750 1637 318 0 0 166 22 0 53 0 135 0 0 0 17
364 7935 1750 1636 317 0 0 168 22 0 54 0 136 0 0 0 18
365 7919 1757 1640 314 0 0 171 23 0 54 0 140 0 0 0 18
366 7905 1760 1643 322 0 0 172 22 0 55 0 139 0 0 0 18
367 7898 1762 1645 322 0 0 172 23 0 55 0 140 0 0 0 19
368 7883 1769 1651 321 0 0 173 23 0 55 0 141 0 0 0 20
369 7884 1765 1646 327 0 0 174 23 0 55 0 142 0 0 0 20
370 7871 1767 1646 333 0 0 176 23 0 55 0 144 0 0 0 21
371 7861 1770 1649 337 0 0 176 23 0 55 0 144 0 0 0 21
372 7858 1769 1649 339 0 0 175 25 0 55 0 145 0 0 0 21
373 7843 1777 1657 338 0 0 175 25 0 55 0 145 0 0 0 21
374 7831 1781 1660 341 0 0 176 25 0 55 0 146 0 0 0 21
375 7817 1783 1663 344 0 0 177 27 0 57 0 147 0 0 0 21
376 7800 1789 1669 347 0 0 178 27 0 58 0 147 0 0 0 21
377 7796 1790 1666 345 0 0 183 26 0 59 0 150 0 0 0 21
378 7793 1794 1671 339 0 0 183 26 0 60 0 149 0 0 0 21
379 7783 1796 1673 343 0 0 183 27 0 60 0 150 0 0 0 21
380 7786 1795 1671 339 0 0 184 28 0 60 0 152 0 0 0 21
381 7787 1796 1669 337 0 0 186 27 0 59 0 154 0 0 0 21
382 7802 1786 1660 339 0 0 186 28 0 60 0 154 0 0 0 21
383 7787 1791 1667 340 0 0 187 28 0 63 0 152 0 0 0 21
384 7782 1792 1669 342 0 0 186 29 0 63 0 152 0 0 0 21
385 7767 1798 1673 345 0 0 187 29 0 62 0 154 0 0 0 21
386 7774 1794 1668 345 0 0 188 29 0 62 0 155 0 0 0 21
387 7776 1789 1664 349 0 0 189 29 0 64 0 154 0 0 0 22
388 7765 1794 1668 347 0 0 191 29 0 65 0 155 0 0 0 22
389 7762 1793 1667 350 0 0 192 29 0 66 0 155 0 0 0 22
390 7765 1792 1664 349 0 0 194 28 0 66 0 156 0 0 0 22
391 7755 1794 1666 352 0 0 195 28 0 67 0 156 0 0 0 23
392 7747 1798 1667 347 0 0 199 28 0 68 0 159 0 0 0 23
393 7727 1804 1673 355 0 0 199 28 0 68 0 159 0 0 0 23
394 7722 1802 1672 361 0 0 200 28 0 70 0 158 0 0 0 23
395 7718 1801 1671 363 0 0 200 30 0 70 0 160 0 0 0 23
396 7727 1797 1668 359 0 0 200 31 0 71 0 160 0 0 0 23
397 7737 1797 1669 348 0 0 200 31 0 72 0 159 0 0 0 23
398 7724 1802 1673 348 0 0 201 32 0 72 0 161 0 0 0 23
399 7711 1806 1677 351 0 0 202 32 0 73 0 161 0 0 0 23
400 7706 1808 1677 350 0 0 204 32 0 73 0 163 0 0 0 23
401 7696 1812 1681 350 0 0 204 33 0 73 0 164 0 0 0 23
402 7699 1810 1678 350 0 0 205 33 0 73 0 165 0 0 0 23
403 7705 1804 1673 353 0 0 206 33 0 75 0 164 0 0 0 23
404 7713 1802 1672 348 0 0 206 33 0 76 0 163 0 0 0 23
405 7706 1802 1672 353 0 0 206 34 0 76 0 164 0 0 0 23
406 7708 1798 1667 357 0 0 208 33 0 77 0 164 0 0 0 24
407 7697 1803 1673 357 0 0 208 33 0 78 0 163 0 0 0 24
408 7698 1802 1673 355 0 0 207 35 0 78 0 164 0 0 0 24
409 7698 1802 1671 353 0 0 209 35 0 78 0 166 0 0 0 24
410 7694 1803 1672 355 0 0 209 35 0 78 0 166 0 0 0 24
411 7699 1797 1666 358 0 0 210 36 0 79 0 167 0 0 0 24
412 7696 1797 1668 359 0 0 210 36 0 81 0 165 0 0 0 24
413 7680 1806 1675 355 0 0 212 36 0 81 0 167 0 0 0 24
414 7680 1806 1673 351 0 0 215 36 0 82 0 169 0 0 0 24
415 7672 1810 1676 352 0 0 216 35 0 82 0 169 0 0 0 24
416 7671 1810 1677 349 0 0 216 36 0 83 0 169 0 0 0 25
417 7666 1811 1679 351 0 0 216 36 0 84 0 168 0 0 0 25
418 7663 1815 1677 343 0 0 222 34 0 84 0 172 0 0 0 26
419 7675 1807 1669 347 0 0 222 34 0 84 0 172 0 0 0 26
420 7666 1812 1672 344 0 0 224 34 0 84 0 174 0 0 0 26
421 7671 1812 1671 340 0 0 224 34 0 83 0 175 0 0 0 26
422 7678 1808 1667 338 0 0 224 35 0 83 0 176 0 0 0 27
423 7678 1808 1664 330 0 0 229 35 0 85 0 179 0 0 0 28
424 7690 1802 1658 330 0 0 229 35 0 85 0 179 0 0 0 28
425 7702 1796 1653 328 0 0 229 35 0 86 0 178 0 0 0 29
426 7690 1803 1661 323 0 0 230 35 0 88 0 177 0 0 0 29
427 7696 1800 1656 321 0 0 232 35 0 88 0 179 0 0 0 29
428 7689 1801 1661 322 0 0 231 36 0 91 0 176 0 0 0 29
429 7679 1804 1665 325 0 0 230 37 0 91 0 176 0 0 0 29
430 7689 1798 1658 324 0 0 231 37 0 91 0 177 0 0 0 31
431 7689 1798 1658 322 0 0 232 37 0 92 0 177 0 0 0 31
432 7688 1796 1657 326 0 0 232 37 0 93 0 176 0 0 0 31
433 7682 1799 1660 326 0 0 232 37 0 93 0 176 0 0 0 31
434 7672 1802 1662 328 0 0 234 36 0 94 0 176 0 0 0 32
435 7647 1813 1671 329 0 0 236 36 0 94 0 178 0 0 0 32
436 7640 1813 1671 336 0 0 237 35 0 95 0 177 0 0 0 32
437 7621 1819 1677 339 0 0 239 35 0 97 0 177 0 0 0 32
438 7628 1814 1675 339 0 0 238 36 0 99 0 175 0 0 0 32
439 7635 1812 1671 333 0 0 241 35 0 100 0 176 0 0 0 33
440 7628 1813 1672 338 0 0 241 35 0 100 0 176 0 0 0 33
441 7608 1822 1679 340 0 0 242 35 0 99 0 178 0 0 0 33
442 7588 1829 1685 345 0 0 243 35 0 99 0 179 0 0 0 33
443 7560 1840 1696 349 0 0 244 35 0 100 0 179 0 0 0 33
444 7549 1846 1700 346 0 0 246 35 0 100 0 181 0 0 0 33
445 7538 1849 1703 349 0 0 247 35 0 101 0 181 0 0 0 33
446 7532 1852 1705 347 0 0 248 35 0 101 0 182 0 0 0 34
447 7519 1855 1704 348 0 0 252 35 0 101 0 186 0 0 0 36
448 7499 1863 1709 350 0 0 255 34 0 101 0 188 0 0 0 37
449 7493 1867 1713 344 0 0 255 36 0 101 0 190 0 0 0 37
450 7487 1867 1714 347 0 0 255 37 0 102 0 190 0 0 0 37
451 7483 1864 1709 353 0 0 257 38 0 102 0 193 0 0 0 37
452 7481 1864 1708 351 0 0 259 38 0 103 0 194 0 0 0 38
453 7490 1858 1703 347 0 0 260 40 0 105 0 195 0 0 0 38
454 7474 1864 1709 349 0 0 260 41 0 105 0 196 0 0 0 38
455 7468 1865 1708 352 0 0 262 40 0 105 0 197 0 0 0 39
456 7449 1871 1714 359 0 0 262 40 0 105 0 197 0 0 0 39
457 7432 1879 1720 358 0 0 264 40 0 105 0 199 0 0 0 39
458 7426 1881 1720 357 0 0 267 39 0 106 0 200 0 0 0 40
459 7420 1883 1718 354 0 0 270 39 0 105 0 204 0 0 0 43
460 7413 1884 1720 356 0 0 269 41 0 105 0 205 0 0 0 43
461 7404 1888 1724 354 0 0 271 40 0 107 0 204 0 0 0 44
462 7406 1885 1720 355 0 0 272 41 0 107 0 206 0 0 0 44
463 7399 1888 1720 355 0 0 275 40 0 107 0 208 0 0 0 44
464 7398 1887 1719 355 0 0 276 40 0 108 0 208 0 0 0 45
465 7372 1899 1724 353 0 0 282 39 0 107 0 214 0 0 0 46
466 7346 1910 1735 356 0 0 282 39 0 107 0 214 0 0 0 47
467 7331 1917 1740 355 0 0 284 39 0 107 0 216 0 0 0 47
468 7318 1924 1746 353 0 0 285 39 0 107 0 217 0 0 0 47
469 7308 1927 1747 355 0 0 287 39 0 107 0 219 0 0 0 47
470 7298 1926 1747 363 0 0 288 39 0 109 0 218 0 0 0 48
471 7297 1928 1747 357 0 0 290 39 0 109 0 220 0 0 0 49
472 7286 1932 1752 356 0 0 290 39 0 110 0 219 0 0 0 52
473 7273 1937 1752 356 0 0 293 40 0 108 0 225 0 0 0 52
474 7273 1937 1751 353 0 0 295 40 0 109 0 226 0 0 0 52
475 7266 1937 1751 356 0 0 296 41 0 110 0 227 0 0 0 52
476 7250 1945 1758 357 0 0 297 39 0 110 0 226 0 0 0 54
477 7248 1945 1763 354 0 0 294 42 0 112 0 224 0 0 0 54
478 7249 1942 1759 358 0 0 295 42 0 112 0 225 0 0 0 54
479 7237 1944 1761 364 0 0 296 42 0 113 0 225 0 0 0 54
480 7225 1946 1765 370 0 0 295 43 0 114 0 224 0 0 0 54
481 7215 1945 1765 378 0 0 295 44 0 115 0 224 0 0 0 55
482 7196 1951 1771 385 0 0 295 44 0 115 0 224 0 0 0 55
483 7203 1944 1764 388 0 0 297 44 0 117 0 224 0 0 0 55
484 7203 1942 1762 388 0 0 297 46 0 117 0 226 0 0 0 55
485 7212 1937 1756 388 0 0 299 45 0 118 0 226 0 0 0 55
486 7213 1935 1753 388 0 0 300 46 0 118 0 228 0 0 0 55
487 7209 1935 1753 389 0 0 302 45 0 120 0 227 0 0 0 56
488 7203 1938 1754 386 0 0 304 45 0 120 0 229 0 0 0 57
489 7218 1929 1747 387 0 0 303 46 0 121 0 228 0 0 0 57
490 7206 1937 1753 380 0 0 305 46 0 121 0 230 0 0 0 58
491 7193 1944 1760 378 0 0 305 46 0 121 0 230 0 0 0 59
492 7178 1949 1764 380 0 0 306 47 0 121 0 232 0 0 0 59
493 7182 1942 1756 387 0 0 307 48 0 121 0 234 0 0 0 59
494 7173 1947 1759 385 0 0 309 47 0 121 0 235 0 0 0 60
495 7149 1958 1768 386 0 0 312 45 0 122 0 235 0 0 0 61
496 7146 1959 1768 387 0 0 312 45 0 121 0 236 0 0 0 62
497 7155 1953 1762 388 0 0 313 44 0 122 0 235 0 0 0 64
498 7162 1948 1756 388 0 0 315 44 0 123 0 236 0 0 0 64
499 7160 1947 1756 389 0 0 315 45 0 124 0 236 0 0 0 64
500 7168 1942 1754 385 0 0 316 45 0 128 0 233 0 0 0 65
501 7162 1940 1755 392 0 0 316 45 0 131 0 230 0 0 0 65
502 7166 1939 1752 388 0 0 318 45 0 131 0 232 0 0 0 65
503 7156 1947 1757 383 0 0 320 44 0 130 0 234 0 0 0 65
504 7163 1941 1754 385 0 0 320 44 0 133 0 231 0 0 0 65
505 7159 1942 1754 384 0 0 322 44 0 134 0 232 0 0 0 65
506 7148 1946 1760 383 0 0 320 47 0 134 0 233 0 0 0 65
507 7151 1943 1756 385 0 0 321 47 0 134 0 234 0 0 0 65
508 7137 1945 1760 387 0 0 322 49 0 137 0 234 0 0 0 65
509 7136 1946 1761 382 0 0 323 50 0 138 0 235 0 0 0 65
510 7146 1941 1757 381 0 0 323 50 0 139 0 234 0 0 0 65
511 7137 1946 1762 378 0 0 323 51 0 139 0 235 0 0 0 65
512 7139 1945 1762 377 0 0 323 51 0 140 0 234 0 0 0 65
513 7142 1942 1761 376 0 0 323 52 0 142 0 233 0 0 0 65
514 7142 1942 1761 374 0 0 323 53 0 142 0 234 0 0 0 65
515 7138 1945 1760 370 0 0 327 52 0 142 0 237 0 0 0 65
516 7143 1942 1757 369 0 0 327 53 0 142 0 238 0 0 0 65
517 7152 1937 1750 370 0 0 328 53 0 141 0 240 0 0 0 65
518 7142 1939 1754 374 0 0 327 54 0 142 0 239 0 0 0 65
519 7157 1932 1746 370 0 0 330 52 0 144 0 238 0 0 0 67
520 7165 1927 1745 367 0 0 329 53 0 147 0 235 0 0 0 68
521 7179 1919 1739 367 0 0 329 53 0 149 0 233 0 0 0 68
522 7190 1914 1732 362 0 0 332 53 0 150 0 235 0 0 0 68
523 7184 1915 1735 358 0 0 333 55 0 153 0 235 0 0 0 68
524 7189 1910 1732 357 0 0 333 57 0 155 0 235 0 0 0 68
525 7186 1912 1732 356 0 0 334 57 0 154 0 237 0 0 0 68
526 7189 1913 1730 352 0 0 336 56 0 153 0 239 0 0 0 68
527 7201 1906 1724 349 0 0 339 55 0 157 0 237 0 0 0 68
528 7213 1902 1716 341 0 0 343 55 0 157 0 241 0 0 0 68
529 7207 1901 1714 348 0 0 345 54 0 158 0 241 0 0 0 68
530 7212 1901 1714 343 0 0 345 54 0 158 0 241 0 0 0 68
531 7214 1901 1715 340 0 0 345 54 0 159 0 240 0 0 0 68
532 7223 1895 1710 340 0 0 345 55 0 160 0 240 0 0 0 68
533 7226 1891 1708 341 0 0 344 57 0 161 0 240 0 0 0 68
534 7218 1892 1710 342 0 0 343 60 0 161 0 242 0 0 0 68
535 7205 1894 1715 346 0 0 343 60 0 164 0 239 0 0 0 70
536 7202 1892 1715 351 0 0 343 60 0 166 0 237 0 0 0 70
537 7205 1890 1715 350 0 0 343 60 0 168 0 235 0 0 0 70
538 7204 1891 1718 347 0 0 343 60 0 170 0 233 0 0 0 70
539 7199 1891 1719 351 0 0 342 60 0 170 0 232 0 0 0 72
540 7197 1894 1719 342 0 0 346 60 0 171 0 235 0 0 0 72
541 7203 1890 1714 343 0 0 347 60 0 171 0 236 0 0 0 72
542 7220 1881 1707 342 0 0 347 60 0 173 0 234 0 0 0 72
543 7234 1873 1699 340 0 0 348 61 0 174 0 235 0 0 0 72
544 7244 1868 1694 339 0 0 348 61 0 174 0 235 0 0 0 73
545 7229 1873 1702 341 0 0 346 63 0 175 0 234 0 0 0 73
546 7223 1875 1706 341 0 0 346 63 0 177 0 232 0 0 0 73
547 7238 1867 1694 339 0 0 350 62 0 177 0 235 0 0 0 74
548 7253 1859 1686 340 0 0 350 62 0 177 0 235 0 0 0 74
549 7249 1861 1687 339 0 0 351 61 0 177 0 235 0 0 0 76
550 7245 1862 1691 338 0 0 350 62 0 179 0 233 0 0 0 76
551 7237 1864 1695 340 0 0 350 62 0 181 0 231 0 0 0 76
552 7249 1857 1687 342 0 0 351 61 0 181 0 231 0 0 0 77
553 7262 1851 1682 340 0 0 350 62 0 181 0 231 0 0 0 77
554 7251 1854 1686 344 0 0 349 63 0 181 0 231 0 0 0 77
555 7250 1851 1687 345 0 0 347 66 0 183 0 230 0 0 0 77
556 7249 1851 1689 340 0 0 347 68 0 185 0 230 0 0 0 77
557 7237 1854 1692 342 0 0 349 68 0 187 0 230 0 0 0 77
558 7245 1848 1685 345 0 0 350 68 0 187 0 231 0 0 0 77
559 7228 1858 1695 342 0 0 350 68 0 187 0 231 0 0 0 77
560 7232 1857 1696 338 0 0 350 68 0 189 0 229 0 0 0 77
561 7224 1858 1699 342 0 0 349 69 0 190 0 228 0 0 0 77
562 7224 1856 1698 344 0 0 349 69 0 191 0 227 0 0 0 78
563 7236 1848 1692 346 0 0 350 68 0 194 0 224 0 0 0 78
564 7245 1844 1689 344 0 0 350 68 0 195 0 223 0 0 0 78
565 7244 1846 1691 341 0 0 350 68 0 195 0 223 0 0 0 78
566 7255 1838 1686 340 0 0 351 68 0 199 0 220 0 0 0 79
567 7268 1834 1680 332 0 0 353 68 0 199 0 222 0 0 0 80
568 7265 1836 1683 329 0 0 353 68 0 200 0 221 0 0 0 81
569 7254 1843 1690 326 0 0 354 67 0 201 0 220 0 0 0 81
570 7256 1839 1688 329 0 0 355 66 0 204 0 217 0 0 0 82
571 7264 1836 1682 326 0 0 359 64 0 205 0 218 0 0 0 82
572 7275 1830 1678 322 0 0 360 64 0 208 0 216 0 0 0 83
573 7272 1830 1680 323 0 0 361 63 0 211 0 213 0 0 0 83
574 7273 1827 1680 325 0 0 358 66 0 211 0 213 0 0 0 83
575 7290 1821 1674 317 0 0 359 66 0 212 0 213 0 0 0 84
576 7302 1814 1667 318 0 0 359 66 0 212 0 213 0 0 0 85
577 7313 1810 1661 315 0 0 360 66 0 211 0 215 0 0 0 85
578 7320 1805 1658 316 0 0 359 67 0 212 0 214 0 0 0 85
579 7322 1801 1654 322 0 0 359 67 0 212 0 214 0 0 0 85
580 7328 1799 1653 319 0 0 359 67 0 213 0 213 0 0 0 85
581 7341 1791 1643 322 0 0 361 66 0 213 0 214 0 0 0 85
582 7344 1791 1643 318 0 0 362 65 0 214 0 213 0 0 0 86
583 7360 1783 1633 316 0 0 364 65 0 214 0 215 0 0 0 86
584 7365 1781 1632 312 0 0 365 65 0 216 0 214 0 0 0 86
585 7365 1777 1630 316 0 0 365 66 0 218 0 213 0 0 0 86
586 7350 1785 1639 312 0 0 364 68 0 218 0 214 0 0 0 86
587 7353 1781 1636 314 0 0 364 69 0 219 0 214 0 0 0 86
588 7354 1780 1635 315 0 0 365 68 0 220 0 213 0 0 0 86
589 7353 1783 1638 310 0 0 365 68 0 220 0 213 0 0 0 86
590 7354 1781 1638 311 0 0 365 68 0 222 0 211 0 0 0 86
591 7363 1775 1635 311 0 0 366 67 0 226 0 207 0 0 0 86
592 7380 1767 1628 309 0 0 365 68 0 226 0 207 0 0 0 86
593 7382 1767 1628 307 0 0 365 68 0 226 0 207 0 0 0 86
594 7389 1763 1623 309 0 0 365 68 0 225 0 208 0 0 0 86
595 7402 1751 1614 317 0 0 364 69 0 227 0 206 0 0 0 86
596 7407 1746 1611 318 0 0 364 70 0 229 0 205 0 0 0 86
597 7400 1747 1613 322 0 0 364 70 0 230 0 204 0 0 0 86
598 7405 1747 1610 318 0 0 367 68 0 230 0 205 0 0 0 86
599 7411 1742 1605 320 0 0 367 69 0 230 0 206 0 0 0 86
600 7409 1741 1606 322 0 0 365 71 0 230 0 206 0 0 0 86
601 7419 1734 1601 322 0 0 366 71 0 233 0 204 0 0 0 86
602 7426 1729 1596 325 0 0 366 71 0 233 0 204 0 0 0 86
603 7425 1730 1598 323 0 0 365 72 0 233 0 204 0 0 0 86
604 7424 1730 1598 324 0 0 365 72 0 233 0 204 0 0 0 86
605 7428 1724 1594 328 0 0 364 74 0 234 0 204 0 0 0 86
606 7434 1723 1589 325 0 0 367 71 0 233 0 205 0 0 0 89
607 7419 1729 1596 327 0 0 367 71 0 234 0 204 0 0 0 89
608 7427 1726 1593 325 0 0 367 71 0 234 0 204 0 0 0 89
609 7431 1723 1590 327 0 0 367 71 0 234 0 204 0 0 0 89
610 7425 1727 1592 325 0 0 368 71 0 233 0 206 0 0 0 89
611 7444 1719 1584 317 0 0 371 70 0 236 0 205 0 0 0 90
612 7439 1721 1588 316 0 0 371 70 0 238 0 203 0 0 0 90
613 7442 1718 1584 318 0 0 372 70 0 238 0 204 0 0 0 90
614 7437 1720 1588 315 0 0 372 71 0 240 0 203 0 0 0 90
615 7441 1719 1585 311 0 0 374 71 0 240 0 205 0 0 0 90
616 7453 1713 1580 310 0 0 374 71 0 241 0 204 0 0 0 90
617 7458 1708 1576 314 0 0 374 71 0 242 0 203 0 0 0 90
618 7478 1696 1565 317 0 0 374 71 0 243 0 202 0 0 0 90
619 7483 1693 1563 313 0 0 375 72 0 245 0 202 0 0 0 90
620 7479 1694 1565 313 0 0 377 70 0 248 0 199 0 0 0 91
621 7493 1688 1559 311 0 0 377 70 0 248 0 199 0 0 0 91
622 7501 1685 1553 308 0 0 379 70 0 247 0 202 0 0 0 91
623 7517 1677 1546 305 0 0 380 70 0 249 0 201 0 0 0 91
624 7517 1674 1543 311 0 0 380 70 0 249 0 201 0 0 0 91
625 7504 1679 1549 313 0 0 379 71 0 249 0 201 0 0 0 91
626 7515 1676 1544 308 0 0 381 70 0 249 0 202 0 0 0 91
627 7514 1675 1544 310 0 0 382 69 0 251 0 200 0 0 0 91
628 7505 1677 1545 312 0 0 383 70 0 251 0 202 0 0 0 91
629 7497 1681 1551 308 0 0 383 71 0 253 0 201 0 0 0 91
630 7498 1680 1551 306 0 0 383 72 0 254 0 201 0 0 0 91
631 7503 1679 1549 304 0 0 383 72 0 253 0 202 0 0 0 91
632 7491 1682 1555 305 0 0 381 75 0 254 0 202 0 0 0 91
633 7500 1678 1550 303 0 0 381 76 0 253 0 204 0 0 0 91
634 7513 1671 1545 300 0 0 381 77 0 255 0 203 0 0 0 91
635 7519 1669 1543 296 0 0 382 77 0 256 0 203 0 0 0 91
636 7526 1667 1541 293 0 0 382 77 0 256 0 203 0 0 0 91
637 7529 1666 1541 291 0 0 381 78 0 256 0 203 0 0 0 91
638 7531 1663 1541 292 0 0 380 79 0 258 0 201 0 0 0 91
639 7540 1661 1538 288 0 0 381 78 0 258 0 201 0 0 0 91
640 7548 1656 1534 289 0 0 381 78 0 259 0 200 0 0 0 91
641 7546 1658 1535 286 0 0 384 76 0 261 0 199 0 0 0 91
642 7545 1656 1534 290 0 0 384 76 0 262 0 198 0 0 0 91
643 7529 1665 1541 288 0 0 386 75 0 262 0 199 0 0 0 91
644 7540 1660 1536 287 0 0 386 75 0 262 0 199 0 0 0 91
645 7544 1658 1534 286 0 0 387 74 0 263 0 198 0 0 0 92
646 7553 1653 1529 285 0 0 388 74 0 264 0 198 0 0 0 92
647 7549 1655 1532 284 0 0 388 74 0 265 0 197 0 0 0 92
648 7558 1651 1528 283 0 0 389 73 0 266 0 196 0 0 0 92
649 7578 1641 1519 282 0 0 390 72 0 268 0 194 0 0 0 92
650 7582 1640 1517 279 0 0 392 71 0 269 0 194 0 0 0 92
651 7586 1639 1514 277 0 0 394 70 0 269 0 195 0 0 0 92
652 7597 1635 1509 272 0 0 396 69 0 270 0 195 0 0 0 93
653 7599 1634 1508 272 0 0 397 68 0 271 0 194 0 0 0 93
654 7607 1631 1505 268 0 0 398 68 0 272 0 194 0 0 0 93
655 7600 1632 1508 271 0 0 398 68 0 274 0 192 0 0 0 93
656 7620 1621 1501 269 0 0 398 68 0 278 0 188 0 0 0 93
657 7627 1620 1500 264 0 0 398 68 0 278 0 188 0 0 0 93
658 7624 1621 1504 262 0 0 398 68 0 281 0 185 0 0 0 93
659 7629 1617 1502 263 0 0 399 67 0 284 0 182 0 0 0 93
660 7642 1611 1496 262 0 0 399 67 0 284 0 182 0 0 0 93
661 7640 1614 1502 255 0 0 397 69 0 285 0 181 0 0 0 93
662 7661 1602 1493 254 0 0 397 69 0 288 0 178 0 0 0 94
663 7664 1599 1490 257 0 0 396 70 0 287 0 179 0 0 0 94
664 7663 1599 1489 259 0 0 397 69 0 287 0 179 0 0 0 94
665 7659 1602 1490 259 0 0 397 69 0 285 0 181 0 0 0 94
666 7655 1605 1492 258 0 0 397 69 0 284 0 182 0 0 0 94
667 7662 1602 1489 257 0 0 397 69 0 284 0 182 0 0 0 94
668 7666 1596 1491 257 0 0 396 70 0 291 0 175 0 0 0 94
669 7671 1595 1490 253 0 0 397 69 0 292 0 174 0 0 0 95
670 7682 1590 1484 253 0 0 397 69 0 291 0 175 0 0 0 95
671 7677 1593 1486 251 0 0 400 67 0 293 0 174 0 0 0 95
672 7681 1589 1485 252 0 0 400 67 0 296 0 171 0 0 0 95
673 7680 1591 1487 249 0 0 399 68 0 295 0 172 0 0 0 95
674 7672 1593 1491 251 0 0 399 68 0 297 0 170 0 0 0 95
675 7666 1593 1492 256 0 0 399 68 0 298 0 169 0 0 0 95
676 7658 1596 1496 257 0 0 399 68 0 299 0 168 0 0 0 95
677 7662 1592 1490 259 0 0 402 66 0 300 0 168 0 0 0 97
678 7663 1590 1489 261 0 0 403 65 0 302 0 166 0 0 0 97
679 7660 1590 1492 261 0 0 402 66 0 304 0 164 0 0 0 97
680 7671 1585 1487 258 0 0 403 66 0 305 0 164 0 0 0 97
681 7678 1582 1482 255 0 0 405 66 0 305 0 166 0 0 0 97
682 7688 1576 1480 251 0 0 406 66 0 310 0 162 0 0 0 97
683 7703 1569 1474 248 0 0 405 67 0 310 0 162 0 0 0 98
684 7713 1564 1471 244 0 0 405 68 0 312 0 161 0 0 0 98
685 7721 1560 1467 242 0 0 404 70 0 311 0 163 0 0 0 98
686 7728 1559 1464 237 0 0 405 70 0 310 0 165 0 0 0 98
687 7720 1562 1467 236 0 0 406 70 0 311 0 165 0 0 0 99
688 7725 1559 1463 238 0 0 406 70 0 310 0 166 0 0 0 99
689 7722 1560 1463 238 0 0 408 69 0 311 0 166 0 0 0 99
690 7725 1558 1460 238 0 0 409 69 0 311 0 167 0 0 0 99
691 7743 1547 1450 242 0 0 409 69 0 312 0 166 0 0 0 98
692 7739 1548 1453 242 0 0 409 69 0 314 0 164 0 0 0 98
693 7721 1555 1462 244 0 0 408 70 0 315 0 163 0 0 0 98
694 7732 1550 1457 243 0 0 407 71 0 314 0 164 0 0 0 98
695 7740 1546 1453 243 0 0 407 71 0 314 0 164 0 0 0 98
696 7749 1544 1448 241 0 0 410 68 0 314 0 164 0 0 0 98
697 7748 1544 1448 241 0 0 411 67 0 315 0 163 0 0 0 99
698 7755 1541 1445 240 0 0 410 68 0 314 0 164 0 0 0 99
699 7768 1536 1441 236 0 0 410 68 0 315 0 163 0 0 0 99
700 7772 1537 1439 233 0 0 413 65 0 315 0 163 0 0 0 99
701 7782 1533 1437 229 0 0 413 65 0 317 0 161 0 0 0 99
702 7788 1529 1433 231 2 0 410 66 2 314 0 162 0 0 0 99
703 7789 1527 1433 230 2 0 410 67 2 316 0 161 0 0 0 99
704 7798 1524 1430 227 2 0 410 67 2 316 0 161 0 0 0 99
705 7802 1521 1427 229 2 0 410 67 2 316 0 161 0 0 0 99
706 7802 1523 1428 226 2 0 411 66 2 316 0 161 0 0 0 99
707 7816 1518 1422 223 2 0 411 66 2 315 0 162 0 0 0 99
708 7818 1517 1422 219 2 0 411 67 2 316 0 162 0 0 0 100
709 7816 1517 1422 221 2 0 411 67 2 316 0 162 0 0 0 100
710 7817 1518 1423 218 2 0 411 67 2 316 0 162 0 0 0 100
711 7822 1516 1422 214 2 0 412 67 2 318 0 161 0 0 0 100
712 7832 1509 1416 217 2 0 412 67 2 319 0 160 0 0 0 100
713 7837 1505 1413 219 2 0 411 68 2 319 0 160 0 0 0 100
714 7835 1506 1412 220 2 0 411 68 2 317 0 162 0 0 0 101
715 7851 1498 1405 217 2 0 412 68 2 319 0 161 0 0 0 101
716 7855 1494 1403 219 2 0 411 69 2 320 0 160 0 0 0 101
717 7859 1492 1401 219 2 0 411 69 2 320 0 160 0 0 0 101
718 7860 1493 1401 217 3 0 411 67 2 320 1 158 0 0 0 103
719 7867 1490 1397 217 3 0 412 66 2 320 1 158 0 0 0 103
720 7888 1478 1385 220 3 0 413 65 2 321 1 157 0 0 0 103
721 7886 1480 1384 221 3 0 414 64 2 319 1 159 0 0 0 103
722 7891 1476 1379 223 3 0 415 64 2 319 1 160 0 0 0 103
723 7900 1470 1374 225 3 0 415 64 2 320 1 159 0 0 0 103
724 7889 1475 1380 225 3 0 415 64 2 321 1 158 0 0 0 103
725 7899 1468 1376 224 3 0 416 64 2 325 1 155 0 0 0 103
726 7915 1459 1369 224 3 0 415 65 2 326 1 154 0 0 0 103
727 7923 1457 1367 220 3 0 416 64 2 327 1 153 0 0 0 103
728 7928 1454 1363 222 3 0 416 64 2 326 1 154 0 0 0 103
729 7941 1448 1360 218 3 0 417 63 2 330 1 150 0 0 0 103
730 7935 1448 1362 222 3 0 417 63 2 332 1 148 0 0 0 103
731 7934 1450 1363 220 3 0 418 62 2 332 1 148 0 0 0 103
732 7954 1441 1354 218 3 0 418 62 2 332 1 148 0 0 0 103
733 7968 1434 1345 216 3 0 421 61 2 333 1 149 0 0 0 103
734 7956 1439 1348 218 3 0 424 59 2 334 1 149 0 0 0 103
735 7952 1438 1352 219 3 0 422 61 2 337 1 146 0 0 0 103
736 7948 1440 1356 217 3 0 421 62 2 338 1 145 0 0 0 103
737 7970 1431 1343 215 3 0 425 59 2 338 1 146 0 0 0 103
738 7966 1432 1345 216 3 0 425 59 2 339 1 145 0 0 0 103
739 7966 1433 1347 213 3 0 425 59 2 340 1 144 0 0 0 103
740 7969 1432 1345 213 3 0 426 58 2 340 1 144 0 0 0 103
741 7975 1428 1342 214 3 0 426 58 2 341 1 143 0 0 0 103
742 7981 1425 1342 211 3 0 426 58 2 344 1 140 0 0 0 103
743 7991 1421 1338 209 3 0 426 58 2 344 1 140 0 0 0 103
744 7984 1425 1343 207 3 0 426 58 2 345 1 139 0 0 0 103
745 7977 1428 1346 208 3 0 426 58 2 345 1 139 0 0 0 103
746 7982 1428 1345 204 4 0 425 58 2 344 1 140 0 0 1 102
747 7981 1428 1345 205 4 0 426 57 2 345 1 139 0 0 1 102
748 7979 1429 1348 203 4 0 425 58 2 346 1 138 0 0 1 102
749 7994 1422 1341 202 5 0 425 57 3 346 1 137 0 0 1 102
750 8004 1417 1338 200 5 0 425 57 3 348 1 135 0 0 1 102
751 8019 1411 1331 196 5 0 426 57 3 348 1 136 0 0 1 102
752 8026 1408 1330 193 5 0 426 57 3 350 1 134 0 0 1 102
753 8034 1405 1326 192 5 0 428 55 3 351 1 133 0 0 1 102
754 8051 1397 1318 191 5 0 428 55 3 351 1 133 0 0 1 102
755 8039 1402 1323 193 5 0 428 55 3 351 1 133 0 0 1 102
756 8048 1397 1321 191 5 0 428 55 3 354 1 130 0 0 1 102
757 8052 1395 1318 192 5 0 430 53 3 355 1 129 0 0 1 102
758 8063 1389 1312 191 5 0 431 53 3 356 1 129 0 0 1 102
759 8067 1387 1310 191 5 0 431 53 3 356 1 129 0 0 1 102
760 8064 1387 1309 195 5 0 432 52 3 356 1 129 0 0 1 102
761 8064 1387 1309 195 5 0 432 52 3 356 1 129 0 0 1 102
762 8073 1382 1303 195 5 0 433 52 3 356 1 130 0 0 1 102
763 8068 1385 1306 194 5 0 433 52 3 356 1 130 0 0 1 102
764 8071 1384 1304 194 5 0 433 52 3 355 1 131 0 0 1 102
765 8083 1378 1298 194 5 0 434 51 3 356 1 130 0 0 1 102
766 8087 1376 1295 195 5 0 435 50 3 356 1 130 0 0 1 102
767 8093 1373 1292 195 5 0 435 50 3 356 1 130 0 0 1 102
768 8091 1372 1292 198 5 0 435 50 3 357 1 129 0 0 1 102
769 8099 1367 1286 200 5 0 436 49 3 357 1 129 0 0 1 103
770 8106 1365 1284 197 5 0 436 49 3 357 1 129 0 0 1 103
771 8109 1362 1281 198 5 0 436 50 3 357 1 130 0 0 1 103
772 8116 1357 1277 200 6 0 435 50 4 357 1 129 0 0 1 103
773 8116 1356 1278 198 6 0 435 51 4 359 1 128 0 0 1 103
774 8131 1349 1272 196 6 0 436 50 4 361 1 126 0 0 1 103
775 8135 1345 1268 200 6 0 436 50 4 361 1 126 0 0 1 103
776 8146 1342 1264 194 6 0 438 49 5 361 0 127 0 0 1 103
777 8148 1341 1263 194 6 0 439 48 5 362 0 126 0 0 1 103
778 8151 1340 1264 191 6 0 438 49 5 363 0 125 0 0 1 103
779 8148 1341 1264 193 6 0 439 48 5 363 0 125 0 0 1 103
780 8162 1335 1259 190 6 0 440 47 5 365 0 123 0 0 1 103
781 8174 1329 1254 189 6 0 440 47 5 366 0 122 0 0 1 103
782 8175 1330 1254 185 6 0 441 47 5 366 0 123 0 0 1 103
783 8188 1323 1250 183 6 0 441 47 5 369 0 120 0 0 1 103
784 8189 1323 1251 181 6 0 441 47 5 370 0 119 0 0 1 103
785 8198 1318 1247 181 6 0 441 47 5 371 0 118 0 0 1 103
786 8209 1313 1243 179 6 0 441 47 5 372 0 117 0 0 1 103
787 8221 1309 1239 175 6 0 441 47 5 372 0 117 0 0 1 103
788 8221 1309 1239 175 6 0 441 47 5 372 0 117 0 0 1 103
789 8230 1303 1234 177 6 0 441 47 5 373 0 116 0 0 1 103
790 8237 1298 1229 180 6 0 441 47 5 373 0 116 0 0 1 103
791 8239 1298 1229 178 6 0 441 47 5 373 0 116 0 0 1 103
792 8242 1297 1229 176 6 0 441 47 5 374 0 115 0 0 1 103
793 8248 1294 1226 176 6 0 441 47 5 374 0 115 0 0 1 103
794 8249 1294 1227 174 6 0 440 48 5 374 0 115 0 0 1 103
795 8251 1292 1224 175 6 0 441 48 5 374 0 116 0 0 1 103
796 8247 1293 1227 175 6 0 441 48 5 376 0 114 0 0 1 103
797 8255 1289 1226 172 6 0 440 49 5 378 0 112 0 0 1 103
798 8271 1282 1219 170 6 0 440 49 5 378 0 112 0 0 1 103
799 8278 1280 1217 167 6 0 440 49 5 378 0 112 0 0 1 103
800 8294 1276 1213 159 6 0 440 49 5 378 0 112 0 0 1 103
801 8295 1275 1212 160 6 0 440 49 5 378 0 112 0 0 1 103
802 8289 1276 1212 162 5 1 442 48 5 378 0 113 0 0 1 104
803 8288 1277 1211 159 5 1 444 48 5 378 0 115 0 0 1 104
804 8298 1273 1206 158 5 1 444 48 5 377 0 116 0 0 1 104
805 8302 1273 1205 155 5 1 444 48 5 376 0 117 0 0 1 104
806 8308 1271 1204 152 5 1 444 48 5 377 0 116 0 0 1 104
807 8303 1273 1207 150 5 1 444 49 5 378 0 116 0 0 1 104
808 8296 1276 1210 151 5 1 444 49 5 378 0 116 0 0 1 104
809 8302 1273 1208 150 5 1 443 50 5 378 0 116 0 0 1 104
810 8303 1272 1206 152 5 1 444 49 5 378 0 116 0 0 1 104
811 8309 1268 1202 154 5 1 444 49 5 378 0 116 0 0 1 104
812 8311 1266 1198 154 5 1 446 49 5 378 0 118 0 0 1 104
813 8309 1267 1200 153 5 1 446 49 5 379 0 117 0 0 1 104
814 8333 1256 1190 150 5 1 447 48 5 381 0 115 0 0 1 104
815 8340 1252 1184 151 5 1 448 48 5 380 0 117 0 0 1 104
816 8350 1248 1179 150 5 1 449 47 5 380 0 117 0 0 1 104
817 8345 1250 1181 151 5 1 449 47 5 380 0 117 0 0 1 104
818 8351 1246 1178 152 5 1 448 48 5 380 0 117 0 0 1 104
819 8359 1242 1175 151 5 1 448 48 5 381 0 116 0 0 1 104
820 8365 1238 1171 153 5 1 448 48 5 381 0 116 0 0 1 104
821 8374 1233 1165 155 5 1 448 48 5 380 0 117 0 0 1 104
822 8368 1235 1167 156 5 1 449 47 5 381 0 116 0 0 1 105
823 8374 1232 1165 155 5 1 449 47 5 382 0 115 0 0 1 105
824 8376 1232 1166 150 5 1 451 46 5 385 0 113 0 0 1 105
825 8384 1229 1163 148 5 1 451 46 5 385 0 113 0 0 1 105
826 8390 1226 1160 148 5 1 451 46 5 385 0 113 0 0 1 105
827 8396 1222 1158 148 5 1 449 48 5 385 0 113 0 0 1 105
828 8402 1220 1155 147 5 1 450 47 5 385 0 113 0 0 1 105
829 8402 1220 1154 148 5 1 450 47 5 384 0 114 0 1 2 103
830 8408 1216 1150 150 5 1 451 46 5 385 0 113 0 1 2 103
831 8410 1216 1151 147 6 1 450 46 6 385 0 112 0 1 2 103
832 8430 1206 1145 143 6 1 449 47 6 388 0 109 0 1 2 103
833 8439 1202 1141 142 6 1 449 47 6 388 0 109 0 1 2 103
834 8435 1203 1143 143 6 1 449 47 6 389 0 108 0 1 2 103
835 8429 1205 1146 141 6 1 449 48 6 390 0 108 0 1 2 104
836 8423 1206 1147 145 6 1 449 48 6 390 0 108 0 1 2 104
837 8430 1203 1144 144 6 1 449 48 6 390 0 108 0 1 2 104
838 8430 1201 1143 147 6 1 449 48 6 391 0 107 0 1 2 104
839 8435 1197 1139 150 6 1 450 47 6 392 0 106 0 1 2 104
840 8431 1197 1140 153 6 1 449 48 6 392 0 106 0 1 2 104
841 8436 1195 1138 152 6 1 449 48 6 392 0 106 0 1 2 104
842 8445 1190 1134 152 6 1 448 49 6 392 0 106 0 1 2 104
843 8459 1183 1127 150 6 1 449 49 6 393 0 106 0 1 2 104
844 8451 1187 1130 149 6 1 450 49 6 393 0 107 0 1 2 104
845 8461 1180 1123 151 6 1 451 49 6 394 0 107 0 1 2 104
846 8466 1176 1122 151 6 1 449 51 6 395 0 106 0 1 2 104
847 8466 1174 1121 154 6 1 449 51 6 396 0 105 0 1 2 104
848 8480 1169 1116 150 6 1 450 50 6 397 0 104 0 1 2 104
849 8491 1164 1110 150 6 1 450 50 6 396 0 105 0 1 2 104
850 8487 1165 1110 153 6 1 451 49 6 396 0 105 0 1 2 104
851 8480 1169 1114 152 6 1 452 48 6 397 0 104 0 1 2 104
852 8494 1161 1109 151 6 1 451 49 6 399 0 102 0 1 2 104
853 8499 1158 1106 152 6 1 450 50 6 398 0 103 0 1 2 104
854 8509 1153 1101 150 6 1 450 51 6 398 0 104 0 1 2 104
855 8514 1150 1098 151 6 1 450 51 6 398 0 104 0 1 2 104
856 8522 1146 1094 151 6 1 450 51 6 398 0 104 0 1 2 104
857 8528 1143 1090 152 6 1 450 51 6 397 0 105 0 1 2 104
858 8530 1143 1090 150 6 1 451 50 6 398 0 104 0 1 2 104
859 8528 1143 1090 152 6 1 452 49 6 399 0 103 0 1 2 104
860 8543 1135 1082 153 6 1 452 49 6 399 0 103 0 1 2 104
861 8541 1136 1084 152 6 1 451 50 6 399 0 103 0 1 2 104
862 8542 1135 1085 151 6 1 451 50 6 401 0 101 0 1 2 104
863 8541 1136 1085 149 6 1 453 49 6 402 0 101 0 1 2 104
864 8534 1139 1089 149 6 1 452 50 6 402 0 101 0 1 2 104
865 8547 1133 1083 148 6 1 452 50 6 402 0 101 0 1 2 104
866 8546 1133 1086 146 6 1 450 52 6 403 0 100 0 1 2 104
867 8550 1132 1085 144 6 1 451 51 6 404 0 99 0 1 2 104
868 8562 1126 1079 144 6 1 451 51 6 404 0 99 0 1 2 104
869 8573 1120 1076 142 6 1 451 51 6 407 0 96 0 1 2 104
870 8583 1115 1070 141 6 1 453 50 6 408 0 96 0 1 2 104
871 8592 1110 1065 142 6 1 454 49 6 409 0 95 0 1 2 104
872 8603 1106 1058 141 6 1 457 46 6 409 0 95 0 1 2 105
873 8603 1106 1057 142 6 1 457 46 6 408 0 96 0 1 2 105
874 8603 1107 1058 140 6 1 457 46 6 408 0 96 0 1 2 105
875 8602 1107 1059 140 6 1 456 47 6 408 0 96 0 1 2 105
876 8609 1104 1055 138 6 1 457 47 6 408 0 97 0 1 2 105
877 8606 1106 1057 137 6 1 457 47 6 408 0 97 0 1 2 105
878 8617 1098 1055 136 6 1 457 47 6 414 0 91 0 1 2 105
879 8616 1099 1056 135 6 1 457 47 6 414 0 91 0 1 2 105
880 8624 1096 1052 134 6 1 457 47 6 413 0 92 0 1 2 105
881 8624 1096 1051 133 6 1 458 47 6 413 0 93 0 1 2 105
882 8632 1093 1049 130 6 1 457 48 6 413 0 93 0 1 2 105
883 8644 1087 1042 129 6 1 459 47 6 414 0 93 0 1 2 105
884 8645 1085 1041 131 6 1 458 48 6 414 0 93 0 1 2 105
885 8650 1083 1037 132 6 1 459 47 6 413 0 94 0 1 2 105
886 8655 1081 1035 131 6 1 459 47 6 413 0 94 0 1 2 105
887 8666 1076 1030 130 6 1 460 46 6 414 0 93 0 1 2 105
888 8666 1076 1030 130 6 1 460 46 6 414 0 93 0 1 2 105
889 8686 1067 1020 127 6 1 461 46 6 414 0 94 0 1 2 105
890 8686 1067 1021 126 6 1 461 46 6 415 0 93 0 1 2 105
891 8678 1070 1024 128 6 1 462 45 6 416 0 92 0 1 2 105
892 8684 1067 1022 127 6 1 462 45 6 417 0 91 0 1 2 105
893 8686 1066 1020 128 7 1 461 45 7 415 0 92 0 1 2 105
894 8696 1060 1016 128 7 1 461 45 7 417 0 90 0 1 2 105
895 8706 1055 1012 127 7 1 462 44 7 419 0 88 0 1 2 105
896 8708 1054 1011 126 7 1 463 43 7 420 0 87 0 1 2 106
897 8712 1052 1010 125 7 1 464 42 7 422 0 85 0 1 2 106
898 8712 1053 1011 123 7 1 464 42 7 422 0 85 0 1 2 106
899 8717 1051 1008 123 7 1 465 41 7 422 0 85 0 1 2 106
900 8723 1049 1005 121 7 1 466 40 7 422 0 85 0 1 2 107
901 8730 1045 1003 120 7 1 465 41 7 423 0 84 0 1 2 107
902 8734 1043 1001 120 7 1 465 41 7 423 0 84 0 1 2 107
903 8747 1036 995 120 7 1 465 41 7 424 0 83 0 1 2 107
904 8757 1032 992 117 7 1 465 41 7 425 0 82 0 1 2 107
905 8767 1027 988 116 7 1 465 41 7 426 0 81 0 1 2 107
906 8771 1025 986 116 7 1 466 40 7 427 0 80 0 1 2 107
907 8769 1025 988 116 7 1 466 40 7 429 0 78 0 1 2 107
908 8772 1024 987 115 7 1 466 40 7 429 0 78 0 1 2 107
909 8777 1023 986 112 7 1 466 40 7 429 0 78 0 1 2 107
910 8772 1026 988 110 7 1 467 40 7 429 0 79 0 1 2 107
911 8773 1028 988 107 7 1 468 39 7 428 0 80 0 1 2 107
912 8783 1023 984 106 7 1 468 39 7 429 0 79 0 1 2 107
913 8776 1025 987 108 7 1 468 39 7 430 0 78 0 1 2 107
914 8780 1024 985 107 7 1 469 38 7 430 0 78 0 1 2 107
915 8780 1024 986 106 7 1 468 39 7 430 0 78 0 1 2 107
916 8789 1020 983 104 7 1 468 39 7 431 0 77 0 1 2 107
917 8797 1017 979 103 7 1 469 38 7 431 0 77 0 1 2 107
918 8793 1018 982 103 7 1 468 39 7 432 0 76 0 1 2 107
919 8808 1011 975 102 8 1 467 39 8 431 0 76 0 1 2 107
920 8810 1009 974 103 8 1 467 39 8 432 0 75 0 1 2 107
921 8813 1009 973 101 8 1 468 38 8 432 0 75 0 1 2 107
922 8816 1008 971 101 8 1 468 38 8 431 0 76 0 1 2 107
923 8828 1002 965 101 8 1 468 38 8 431 0 76 0 1 2 107
924 8829 1000 963 104 8 1 468 38 8 431 0 76 0 1 2 107
925 8828 1000 962 106 8 1 469 37 8 431 0 76 0 1 2 107
926 8824 1003 965 104 8 1 469 37 8 431 0 76 0 1 2 107
927 8825 1003 965 103 8 1 469 37 8 431 0 76 0 1 2 107
928 8831 1000 962 103 8 1 469 37 8 431 0 76 0 1 2 107
929 8830 1001 964 101 8 1 469 37 8 432 0 75 0 1 2 107
930 8824 1005 967 100 8 1 469 37 8 431 0 76 0 1 2 107
931 8830 1003 964 99 8 1 470 36 8 431 0 76 0 1 2 107
932 8844 996 958 98 8 1 470 36 8 432 0 75 0 1 2 107
933 8847 992 956 101 8 1 470 36 8 434 0 73 0 1 2 107
934 8841 995 959 101 8 1 470 36 8 434 0 73 0 1 2 107
935 8846 992 957 101 8 1 470 36 8 435 0 72 0 1 2 107
936 8846 992 957 101 8 1 470 36 8 435 0 72 0 1 2 107
937 8852 989 954 101 8 1 470 36 8 435 0 72 0 1 2 107
938 8850 990 956 100 8 1 470 36 8 436 0 71 0 1 2 107
939 8853 989 955 99 8 1 469 37 8 435 0 72 0 1 2 107
940 8850 990 956 100 8 1 470 36 8 436 0 71 0 1 2 107
941 8856 988 953 99 8 1 472 34 8 437 0 70 0 1 2 107
942 8876 978 943 97 8 1 473 34 8 438 0 70 0 1 2 107
943 8887 972 937 98 8 1 473 34 8 438 0 70 0 1 2 107
944 8896 968 933 97 8 1 473 34 8 438 0 70 0 1 2 107
945 8905 965 929 95 8 1 474 33 8 438 0 70 0 1 2 107
946 8911 962 928 93 8 1 474 33 8 440 0 68 0 1 2 107
947 8907 964 930 93 8 1 474 33 8 440 0 68 0 1 2 107
948 8906 963 930 95 8 1 474 33 8 441 0 67 0 1 2 107
949 8910 960 929 95 8 1 473 34 8 442 0 66 0 1 2 107
950 8911 959 929 95 8 1 473 34 8 443 0 65 0 1 2 107
951 8912 957 929 96 8 1 473 34 8 445 0 63 0 1 2 107
952 8906 958 930 100 8 1 473 34 8 445 0 63 0 1 2 107
953 8911 955 929 99 8 1 473 34 8 447 0 61 0 1 2 107
954 8921 950 925 98 8 1 473 34 8 448 0 60 0 1 2 107
955 8924 949 924 97 8 1 473 34 8 448 0 60 0 1 2 107
956 8925 949 924 96 8 1 473 34 8 448 0 60 0 1 2 107
957 8929 949 924 92 8 1 473 34 8 448 0 60 0 1 2 107
958 8933 946 922 93 8 1 472 35 8 448 0 60 0 1 2 107
959 8929 947 923 93 8 1 473 35 8 449 0 60 0 1 2 107
960 8922 951 926 93 8 1 473 35 8 448 0 61 0 1 2 107
961 8925 949 925 93 8 1 472 36 8 448 0 61 0 1 2 107
962 8931 946 922 93 8 1 472 36 8 448 0 61 0 1 2 107
963 8933 945 921 93 8 1 472 36 8 448 0 61 0 1 2 107
964 8935 944 919 92 8 1 473 36 8 448 0 62 0 1 2 107
965 8931 946 921 92 8 1 473 36 8 448 0 62 0 1 2 107
966 8930 947 921 92 8 1 474 35 8 448 0 62 0 1 2 107
967 8940 943 917 90 8 1 474 35 8 448 0 62 0 1 2 107
968 8953 939 911 87 8 1 476 33 8 448 0 62 0 1 2 107
969 8954 938 911 87 8 1 475 34 8 448 0 62 0 1 2 107
970 8964 934 906 86 8 1 476 33 8 448 0 62 0 1 2 107
971 8962 934 908 86 8 1 475 34 8 449 0 61 0 1 2 107
972 8968 931 906 85 8 1 475 34 8 450 0 60 0 1 2 107
973 8973 930 904 83 8 1 475 34 8 449 0 61 0 1 2 107
974 8977 928 903 82 8 1 475 34 8 450 0 60 0 1 2 107
975 8981 927 901 81 8 1 476 33 8 450 0 60 0 1 2 107
976 8979 926 902 83 8 1 475 34 8 451 0 59 0 1 2 107
977 8988 923 898 81 8 1 474 35 8 449 0 61 0 1 2 107
978 8997 919 895 79 8 1 474 35 8 450 0 60 0 1 2 107
979 9009 916 890 75 8 1 476 33 8 450 0 60 0 1 2 107
980 9005 917 893 75 8 1 474 35 8 450 0 60 0 1 2 107
981 9008 916 890 76 8 1 474 35 8 448 0 62 0 1 2 107
982 9008 916 890 76 8 1 474 35 8 448 0 62 0 1 2 107
983 9005 919 890 76 8 1 474 35 8 445 0 65 0 1 2 107
984 9006 918 890 76 8 1 474 35 8 446 0 64 0 1 2 107
985 9013 914 886 77 8 1 475 34 8 447 0 63 0 1 2 107
986 9026 909 881 74 8 1 475 34 8 447 0 63 0 1 2 107
987 9029 907 881 73 8 1 475 34 8 449 0 61 0 1 2 107
988 9039 902 876 73 8 1 475 34 8 449 0 61 0 1 2 107
989 9038 904 878 70 8 1 475 34 8 449 0 61 0 1 2 107
990 9036 906 877 70 8 1 478 31 8 449 0 61 0 1 2 108
991 9032 908 880 69 8 1 478 31 8 450 0 60 0 1 2 108
992 9041 903 876 69 8 1 477 32 8 450 0 60 0 1 2 108
993 9038 904 877 70 8 1 477 32 8 450 0 60 0 1 2 108
994 9048 899 872 70 8 1 477 32 8 450 0 60 0 1 2 108
995 9058 895 868 68 8 1 477 32 8 450 0 60 0 1 2 108
996 9065 891 863 69 8 1 478 31 8 450 0 60 0 1 2 109
997 9064 891 864 69 8 1 478 31 8 451 0 59 0 1 2 109
998 9080 882 856 70 8 1 478 31 8 452 0 58 0 1 2 109
999 9095 875 848 70 8 1 478 31 8 451 0 59 0 1 2 109
1000 9104 871 843 70 8 1 479 30 8 451 0 59 0 1 2 109
1001 9108 868 840 72 8 1 479 30 8 451 0 59 0 1 2 109
1002 9116 863 837 72 8 1 479 30 8 453 0 57 0 1 2 109
1003 9115 864 838 71 8 1 479 30 8 453 0 57 0 1 2 109
1004 9121 860 836 71 8 1 478 31 8 454 0 56 0 1 2 109
1005 9125 858 833 72 8 1 477 32 8 452 0 58 0 1 2 109
1006 9125 858 833 72 8 1 477 32 8 452 0 58 0 1 2 109
1007 9122 859 834 73 8 1 477 32 8 452 0 58 0 1 2 109
1008 9127 856 831 74 8 1 477 32 8 452 0 58 0 1 2 109
1009 9127 857 832 72 8 1 477 32 8 452 0 58 0 1 2 109
1010 9135 854 828 71 8 1 478 31 8 452 0 58 0 1 2 109
1011 9138 853 828 69 8 1 478 31 8 453 0 57 0 1 2 109
1012 9144 850 825 69 8 1 478 31 8 453 0 57 0 1 2 109
1013 9146 849 825 68 8 1 477 32 8 453 0 57 0 1 2 109
1014 9133 856 832 67 8 1 477 32 8 453 0 57 0 1 2 109
1015 9128 860 836 64 8 1 477 32 8 453 0 57 0 1 2 109
1016 9129 861 835 63 8 1 477 32 8 451 0 59 0 1 2 109
1017 9130 862 833 62 9 1 478 30 8 450 1 59 0 1 2 110
1018 9134 859 830 64 9 1 478 30 8 450 1 59 0 1 2 110
1019 9136 858 830 63 9 1 478 30 8 451 1 58 0 1 2 110
1020 9145 854 826 62 9 1 478 30 8 451 1 58 0 1 2 110
1021 9144 852 826 65 9 1 477 31 8 452 1 57 0 1 2 110
1022 9154 847 821 65 9 1 477 31 8 452 1 57 0 1 2 110
1023 9160 844 818 65 9 1 477 31 8 452 1 57 0 1 2 110
1024 9148 848 825 66 9 1 476 32 8 454 1 55 0 1 2 110
1025 9160 843 820 64 9 1 476 32 8 454 1 55 0 1 2 110
1026 9169 840 816 62 9 1 477 31 8 454 1 55 0 1 2 110
1027 9175 839 814 59 9 1 477 31 8 453 1 56 0 1 2 110
1028 9173 840 815 59 9 1 477 31 8 453 1 56 0 1 2 110
1029 9171 841 816 59 9 1 476 32 8 452 1 57 0 1 2 110
1030 9172 840 815 60 9 1 475 33 8 451 1 58 0 1 2 110
1031 9173 839 815 60 9 1 474 34 8 451 1 58 0 1 2 110
1032 9170 840 816 61 9 1 474 34 8 451 1 58 0 1 2 110
1033 9183 833 809 62 9 1 474 34 8 451 1 58 0 1 2 110
1034 9193 829 805 60 9 1 474 34 8 451 1 58 0 1 2 110
1035 9183 834 810 60 10 1 473 34 8 451 1 58 0 1 3 109
1036 9188 831 808 60 10 1 472 35 8 451 1 58 0 1 3 109
1037 9182 836 809 60 10 1 475 32 8 450 1 59 0 1 3 109
1038 9187 833 806 61 10 1 475 32 8 450 1 59 0 1 3 109
1039 9193 830 803 61 10 1 475 32 8 450 1 59 0 1 3 109
1040 9197 828 802 60 10 1 474 33 8 450 1 59 0 1 3 109
1041 9199 828 801 59 10 1 474 33 8 449 1 60 0 1 3 109
1042 9206 824 798 59 10 1 474 33 8 450 1 59 0 1 3 109
1043 9211 823 797 56 10 1 474 33 8 450 1 59 0 1 3 109
1044 9217 821 795 54 10 1 474 33 8 450 1 59 0 1 3 109
1045 9224 818 792 53 10 1 475 32 8 451 1 58 0 1 3 109
1046 9229 817 790 53 10 1 475 31 8 450 1 58 0 1 3 109
1047 9228 818 791 52 10 1 474 32 8 449 1 59 0 1 3 109
1048 9229 818 791 51 10 1 474 32 8 449 1 59 0 1 3 109
1049 9232 817 788 52 10 1 475 31 8 448 1 60 0 1 3 109
1050 9244 813 782 48 10 1 476 31 8 447 1 62 0 1 3 109
1051 9246 810 779 52 10 1 477 30 8 448 1 61 0 1 3 109
1052 9256 805 775 51 10 1 477 30 8 449 1 60 0 1 3 109
1053 9265 799 769 54 10 1 478 29 8 450 1 59 0 1 3 109
1054 9262 800 771 54 10 1 478 29 8 451 1 58 0 1 3 109
1055 9268 798 768 53 10 1 478 29 8 450 1 59 0 1 3 109
1056 9272 796 766 53 10 1 479 28 8 451 1 58 0 1 3 109
1057 9269 798 768 52 10 1 479 28 8 451 1 58 0 1 3 109
1058 9277 794 764 52 10 1 479 28 8 451 1 58 0 1 3 109
1059 9285 791 761 50 10 1 479 28 8 451 1 58 0 1 3 109
1060 9292 788 758 49 10 1 479 28 8 451 1 58 0 1 3 109
1061 9291 789 759 48 10 1 480 27 8 452 1 57 0 1 3 109
1062 9292 789 758 48 10 1 481 26 8 452 1 57 0 1 3 109
1063 9294 789 756 48 10 1 481 26 8 450 1 59 0 1 3 109
1064 9294 789 755 49 10 1 481 26 8 449 1 60 0 1 3 109
1065 9296 788 754 49 10 1 481 26 8 449 1 60 0 1 3 109
1066 9299 787 753 48 10 1 481 26 8 449 1 60 0 1 3 109
1067 9296 788 755 48 10 1 481 26 8 450 1 59 0 1 3 109
1068 9305 784 750 48 10 1 481 26 8 449 1 60 0 1 3 109
1069 9309 782 749 47 10 1 480 27 8 449 1 60 0 1 3 109
1070 9317 778 745 47 10 1 481 26 8 450 1 59 0 1 3 109
1071 9313 780 746 48 10 1 481 26 8 449 1 60 0 1 3 109
1072 9317 778 744 48 10 1 481 26 8 449 1 60 0 1 3 109
1073 9327 772 738 50 10 2 481 25 8 449 2 59 0 1 3 109
1074 9333 769 735 50 10 2 481 25 8 449 2 59 0 1 3 109
1075 9341 765 731 50 10 2 481 25 8 449 2 59 0 1 3 109
1076 9333 771 737 46 10 2 481 25 8 449 2 59 0 1 3 109
1077 9346 764 731 46 10 2 480 26 8 449 2 59 0 1 3 109
1078 9351 761 728 47 10 2 480 26 8 449 2 59 0 1 3 109
1079 9366 753 722 46 10 2 480 26 8 451 2 57 0 1 3 109
1080 9375 748 717 47 10 2 480 26 8 451 2 57 0 1 3 109
1081 9380 746 716 45 10 2 480 26 8 452 2 56 0 1 3 109
1082 9382 745 715 45 10 2 480 26 8 452 2 56 0 1 3 109
1083 9382 745 715 45 10 2 480 26 8 452 2 56 0 1 3 109
1084 9378 748 717 44 10 2 480 26 8 451 2 57 0 1 3 109
1085 9379 747 716 45 10 2 480 26 8 451 2 57 0 1 3 109
1086 9388 742 712 45 10 2 479 27 8 451 2 57 0 1 3 109
1087 9395 738 708 46 10 2 479 27 8 451 2 57 0 1 3 109
1088 9406 733 702 46 10 2 481 25 8 452 2 56 0 1 3 109
1089 9414 729 698 46 10 2 481 25 8 452 2 56 0 1 3 109
1090 9414 729 698 46 10 2 481 25 8 452 2 56 0 1 3 109
1091 9417 728 697 45 11 2 480 25 8 452 3 55 0 1 3 109
1092 9417 728 697 45 11 2 480 25 8 452 3 55 0 1 3 109
1093 9421 724 695 47 11 2 479 26 8 453 3 54 0 1 3 109
1094 9435 717 688 47 11 2 479 26 8 453 3 54 0 1 3 109
1095 9432 719 690 46 11 2 479 26 8 453 3 54 0 1 3 109
1096 9436 718 688 44 11 2 480 25 8 453 3 54 0 1 3 110
1097 9428 723 693 42 11 2 480 25 8 453 3 54 0 1 3 110
1098 9430 721 693 42 11 2 480 25 8 455 3 52 0 1 3 110
1099 9439 716 689 42 11 2 479 26 8 455 3 52 0 1 3 110
1100 9442 714 688 42 11 2 479 26 8 456 3 51 0 1 3 110
1101 9443 713 688 42 11 2 479 26 8 457 3 50 0 1 3 110
1102 9448 710 686 42 11 2 479 26 8 458 3 49 0 1 3 110
1103 9453 707 684 42 11 2 479 26 8 459 3 48 0 1 3 110
1104 9451 708 685 42 11 2 479 26 8 459 3 48 0 1 3 110
1105 9449 709 686 42 11 2 479 26 8 459 3 48 0 1 3 110
1106 9460 703 680 43 11 2 479 26 8 459 3 48 0 1 3 110
1107 9464 701 678 43 11 2 479 26 8 459 3 48 0 1 3 110
1108 9464 701 678 43 11 2 479 26 8 459 3 48 0 1 3 110
1109 9472 697 674 43 11 2 479 26 8 459 3 48 0 1 3 110
1110 9466 700 677 43 11 2 479 26 8 459 3 48 0 1 3 110
1111 9466 700 676 43 11 2 480 25 8 459 3 48 0 1 3 111
1112 9469 698 675 43 11 2 480 25 8 460 3 47 0 1 3 111
1113 9468 698 675 44 11 2 480 25 8 460 3 47 0 1 3 111
1114 9468 699 674 44 11 2 482 23 8 460 3 47 0 1 3 111
1115 9470 698 672 44 11 2 483 22 8 460 3 47 0 1 3 112
1116 9468 699 673 44 11 2 483 22 8 460 3 47 0 1 3 112
1117 9471 697 671 45 11 2 483 22 8 460 3 47 0 1 3 112
1118 9481 692 665 46 11 2 483 22 8 459 3 48 0 1 3 112
1119 9483 692 665 44 11 2 483 22 8 459 3 48 0 1 3 112
1120 9483 692 665 44 11 2 483 22 8 459 3 48 0 1 3 112
1121 9488 690 663 43 11 2 483 22 8 459 3 48 0 1 3 112
1122 9490 689 662 43 11 2 483 22 8 459 3 48 0 1 3 112
1123 9497 687 660 40 12 1 483 22 8 460 3 47 0 1 3 112
1124 9503 684 657 40 12 1 483 22 8 460 3 47 0 1 3 112
1125 9505 683 656 40 12 1 483 22 8 460 3 47 0 1 3 112
1126 9505 683 656 40 12 1 483 22 8 460 3 47 0 1 3 112
1127 9510 680 653 41 12 1 483 22 8 460 3 47 0 1 3 112
1128 9515 678 649 42 13 1 484 20 9 459 3 47 0 1 3 112
1129 9520 675 647 42 13 1 484 20 9 460 3 46 0 1 3 112
1130 9522 673 647 42 13 1 484 20 9 462 3 44 0 1 3 112
1131 9524 672 646 42 13 1 484 20 9 462 3 44 0 1 3 112
1132 9528 670 644 42 13 1 484 20 9 462 3 44 0 1 3 112
1133 9535 666 641 42 13 1 484 20 9 463 3 43 0 1 3 112
1134 9545 662 636 41 13 1 484 20 9 462 3 44 0 1 3 112
1135 9552 659 632 41 13 1 486 18 9 463 3 43 0 1 3 112
1136 9554 658 631 41 13 1 486 18 9 463 3 43 0 1 3 112
1137 9557 657 629 41 13 1 486 18 8 463 4 43 0 1 3 112
1138 9566 654 625 39 13 1 486 18 8 462 4 44 0 1 3 112
1139 9571 652 623 38 13 1 486 18 8 462 4 44 0 1 3 112
1140 9577 649 621 37 13 1 486 18 8 463 4 43 0 1 3 112
1141 9583 645 618 38 13 1 486 18 8 464 4 42 0 1 3 112
1142 9589 641 615 39 13 1 486 18 8 465 4 41 0 1 3 112
1143 9581 645 619 39 13 1 486 18 8 465 4 41 0 1 3 112
1144 9579 645 620 40 13 1 485 19 8 465 4 41 0 1 3 112
1145 9577 646 621 40 13 1 485 19 8 465 4 41 0 1 3 112
1146 9582 644 619 39 13 1 485 19 8 465 4 41 0 1 3 112
1147 9575 646 621 42 13 1 485 19 8 465 4 41 0 1 3 112
1148 9577 645 620 42 13 1 485 19 8 465 4 41 0 1 3 112
1149 9588 639 615 42 13 1 485 19 8 466 4 40 0 1 3 112
1150 9587 640 615 42 13 1 486 18 8 466 4 40 0 1 3 112
1151 9597 636 611 40 13 1 486 18 8 466 4 40 0 1 3 112
1152 9595 636 612 41 13 1 486 18 8 467 4 39 0 1 3 112
1153 9594 637 612 41 13 1 486 18 8 466 4 40 0 1 3 112
1154 9589 640 613 41 13 1 487 17 8 465 4 41 0 1 3 113
1155 9599 635 608 41 13 1 487 17 8 465 4 41 0 1 3 113
1156 9604 632 605 42 13 1 487 17 8 465 4 41 0 1 3 113
1157 9602 633 606 42 13 1 487 17 8 465 4 41 0 1 3 113
1158 9600 634 607 42 13 1 487 17 8 465 4 41 0 1 3 113
1159 9600 634 607 42 13 1 486 18 8 464 4 42 0 1 3 113
1160 9609 630 603 41 13 1 486 18 8 464 4 42 0 1 3 113
1161 9608 631 605 39 13 1 486 18 9 464 3 42 0 1 3 113
1162 9608 631 605 39 13 1 486 18 9 464 3 42 0 1 3 113
1163 9607 631 606 39 13 1 486 18 9 465 3 41 0 1 3 113
1164 9614 628 603 38 13 1 486 18 9 465 3 41 0 1 3 113
1165 9615 628 603 37 13 1 486 18 9 465 3 41 0 1 3 113
1166 9613 630 604 36 13 1 487 17 9 465 3 41 0 1 3 113
1167 9615 630 604 34 13 1 487 17 9 465 3 41 0 1 3 113
1168 9619 629 602 33 13 1 487 17 9 464 3 42 0 1 3 113
1169 9615 630 604 34 13 1 487 17 9 465 3 41 0 1 3 113
1170 9609 633 607 34 13 1 487 17 9 465 3 41 0 1 3 113
1171 9610 633 606 34 13 1 487 17 9 464 3 42 0 1 3 113
1172 9616 630 603 34 13 1 487 17 9 464 3 42 0 1 3 113
1173 9628 624 597 34 13 1 487 17 9 464 3 42 0 1 3 113
1174 9636 620 594 33 13 1 487 17 9 465 3 41 0 1 3 113
1175 9639 619 593 32 13 1 487 17 9 465 3 41 0 1 3 113
1176 9640 618 593 32 13 1 487 17 9 466 3 40 0 1 3 113
1177 9643 616 592 32 13 1 487 17 9 467 3 39 0 1 3 113
1178 9652 612 588 31 13 1 487 17 9 467 3 39 0 1 3 113
1179 9661 607 584 31 14 1 486 17 11 466 2 39 0 1 3 113
1180 9661 607 584 31 14 1 486 17 11 466 2 39 0 1 3 113
1181 9666 604 582 31 14 1 486 17 11 467 2 38 0 1 3 113
1182 9661 605 585 32 14 1 486 17 11 469 2 36 0 1 3 113
1183 9667 602 583 31 14 1 486 17 11 470 2 35 0 1 3 113
1184 9664 603 586 30 14 1 485 18 11 471 2 34 0 1 3 113
1185 9671 600 583 29 14 1 485 18 11 471 2 34 0 1 3 113
1186 9679 596 579 29 15 0 485 18 11 472 2 33 0 1 3 113
1187 9673 599 582 29 15 0 485 18 11 472 2 33 0 1 3 113
1188 9675 599 580 29 15 0 485 18 11 470 2 35 0 1 3 113
1189 9682 596 575 30 15 0 486 17 11 469 2 36 0 1 3 113
1190 9687 594 572 30 15 0 487 16 11 469 2 36 0 1 3 113
1191 9696 590 568 29 15 0 487 16 11 469 2 36 0 1 3 113
1192 9698 589 567 29 15 0 487 16 11 469 2 36 0 1 3 113
1193 9703 587 564 29 15 0 487 16 11 468 2 37 0 1 3 113
1194 9699 589 566 29 15 0 487 16 11 468 2 37 0 1 3 113
1195 9696 591 568 28 15 0 487 16 11 468 2 37 0 1 3 113
1196 9699 589 567 28 15 0 487 16 11 469 2 36 0 1 3 113
1197 9706 585 564 28 15 0 487 16 11 470 2 35 0 1 3 113
1198 9706 585 564 28 16 0 486 16 11 470 2 35 0 1 4 112
1199 9705 585 565 28 16 0 486 16 11 471 2 34 0 1 4 112
1200 9717 579 559 28 16 0 486 16 11 471 2 34 0 1 4 112
1201 9719 578 558 28 16 0 486 16 11 471 2 34 0 1 4 112
1202 9732 572 552 27 16 0 486 16 11 471 2 34 0 1 4 112
1203 9730 573 553 27 16 0 486 16 11 471 2 34 0 1 4 112
1204 9733 572 553 25 16 0 486 16 11 472 2 33 0 1 4 112
1205 9735 571 552 25 16 0 486 16 11 472 2 33 0 1 4 112
1206 9741 568 549 25 16 0 486 16 11 472 2 33 0 1 4 112
1207 9744 566 547 26 16 0 486 16 11 472 2 33 0 1 4 112
1208 9750 563 544 26 16 0 486 16 11 472 2 33 0 1 4 112
1209 9751 563 544 25 16 0 486 16 11 472 2 33 0 1 4 112
1210 9745 566 547 25 16 0 486 16 11 472 2 33 0 1 4 112
1211 9744 566 548 25 16 0 485 17 11 472 2 33 0 1 4 112
1212 9746 565 547 25 16 0 485 17 11 472 2 33 0 1 4 112
1213 9750 564 546 23 16 0 485 17 11 472 2 33 0 1 4 112
1214 9751 564 546 22 16 0 485 17 11 472 2 33 0 1 4 112
1215 9764 558 540 21 16 0 485 17 11 472 2 33 0 1 4 112
1216 9766 557 539 21 16 0 485 17 11 472 2 33 0 1 4 112
1217 9769 556 537 21 16 0 486 16 11 472 2 33 0 1 4 112
1218 9774 554 535 20 16 0 486 16 11 472 2 33 0 1 4 112
1219 9774 554 535 20 16 0 486 16 11 472 2 33 0 1 4 112
1220 9779 551 532 21 16 0 486 16 11 472 2 33 0 1 4 112
1221 9780 550 532 21 16 0 485 17 11 472 2 33 0 1 4 112
1222 9789 546 528 20 16 0 485 17 11 472 2 33 0 1 4 112
1223 9790 545 527 21 17 0 484 17 12 471 2 33 0 1 4 112
1224 9792 544 526 21 17 0 484 17 12 471 2 33 0 1 4 112
1225 9797 541 524 21 17 0 484 17 12 472 2 32 0 1 4 112
1226 9801 539 523 20 17 0 483 18 12 472 2 32 0 1 4 112
1227 9802 538 523 20 17 0 483 18 12 473 2 31 0 1 4 112
1228 9810 534 519 20 17 0 483 18 12 473 2 31 0 1 4 112
1229 9821 529 514 19 18 0 482 18 13 472 2 31 0 1 4 112
1230 9819 529 515 20 18 0 482 18 13 473 2 30 0 1 4 112
1231 9823 527 513 20 18 0 482 18 13 473 2 30 0 1 4 112
1232 9831 523 509 20 18 0 482 18 13 473 2 30 0 1 4 112
1233 9829 524 510 20 18 0 482 18 13 473 2 30 0 1 4 112
1234 9834 521 508 20 18 0 481 19 13 473 2 30 0 1 4 112
1235 9830 523 510 20 18 0 481 19 13 473 2 30 0 1 4 112
1236 9830 523 510 20 18 0 481 19 13 473 2 30 0 1 4 112
1237 9826 525 512 20 18 0 481 19 13 473 2 30 0 1 4 112
1238 9826 525 512 20 18 0 481 19 13 473 2 30 0 1 4 112
1239 9827 525 512 19 18 0 481 19 13 473 2 30 0 1 4 112
1240 9825 526 513 19 18 0 481 19 13 473 2 30 0 1 4 112
1241 9832 523 510 18 18 0 481 19 14 472 2 30 0 2 4 111
1242 9836 521 508 16 18 0 481 20 14 472 2 31 0 2 4 111
1243 9840 519 506 16 18 0 481 20 14 472 2 31 0 2 4 111
1244 9847 516 503 15 18 0 481 20 14 472 2 31 0 2 4 111
1245 9847 516 503 15 18 0 481 20 14 472 2 31 0 2 4 111
1246 9849 516 502 14 18 0 481 20 14 471 2 32 0 2 4 111
1247 9851 515 501 14 18 0 481 20 14 471 2 32 0 2 4 111
1248 9850 515 502 14 18 0 480 21 14 471 2 32 0 2 4 111
1249 9860 509 498 14 18 0 480 21 14 473 2 30 0 2 4 111
1250 9866 506 495 14 18 0 480 21 14 473 3 29 0 3 4 110
1251 9876 500 491 14 18 0 480 21 15 474 2 28 0 3 4 110
1252 9873 502 492 14 18 0 480 21 15 473 2 29 0 3 4 110
1253 9877 500 490 14 18 0 480 21 15 473 2 29 0 3 4 110
1254 9884 497 486 14 18 0 481 20 15 473 2 29 0 3 4 110
1255 9886 496 485 14 18 0 481 20 15 473 2 29 0 3 4 110
1256 9892 493 481 15 18 0 482 19 15 473 2 29 0 3 4 110
1257 9891 493 482 15 18 0 481 20 15 473 2 29 0 3 4 110
1258 9889 494 484 14 18 0 480 21 15 473 2 29 0 3 4 110
1259 9896 490 481 14 18 0 480 21 15 474 2 28 0 3 4 110
1260 9890 493 484 14 18 0 479 22 15 473 2 29 0 3 4 110
1261 9894 491 482 14 18 0 479 22 15 473 2 29 0 3 4 110
1262 9897 490 481 13 18 0 479 22 15 473 2 29 0 3 4 110
1263 9909 484 475 13 18 0 479 22 15 473 2 29 0 3 4 110
1264 9903 487 478 13 18 0 479 22 15 473 2 29 0 3 4 110
1265 9911 483 474 13 18 0 479 22 15 473 2 29 0 3 4 110
1266 9907 485 476 13 18 0 479 22 15 473 2 29 0 3 4 110
1267 9922 478 468 13 18 0 480 21 15 473 2 29 0 3 4 110
1268 9919 479 469 14 18 0 480 21 15 473 2 29 0 3 4 110
1269 9922 477 468 14 18 0 480 21 15 474 2 28 0 3 4 110
1270 9923 476 468 14 18 0 480 21 15 475 2 27 0 3 4 110
1271 9925 475 467 14 18 0 480 21 15 475 2 27 0 3 4 110
1272 9925 475 467 14 18 0 480 21 15 475 2 27 0 3 4 110
1273 9924 474 467 16 18 0 480 21 15 476 2 26 0 3 4 110
1274 9925 473 467 16 18 0 480 21 15 477 2 25 0 3 4 110
1275 9921 475 469 16 18 0 480 21 15 477 2 25 0 3 4 110
1276 9922 474 468 17 18 0 480 21 15 477 2 25 0 3 4 110
1277 9921 475 469 16 18 0 480 21 15 477 2 25 0 3 4 110
1278 9922 474 469 16 18 0 480 21 16 477 1 25 0 3 4 110
1279 9916 477 472 16 18 0 481 20 16 478 1 24 0 3 4 110
1280 9917 476 472 16 18 0 481 20 15 480 1 23 0 2 4 111
1281 9920 474 470 17 18 0 481 20 15 480 1 23 0 2 4 111
1282 9918 475 472 16 18 1 480 20 15 480 2 22 0 2 4 111
1283 9918 476 472 15 18 1 480 20 15 479 2 23 0 2 4 111
1284 9920 475 470 15 18 1 481 19 15 479 2 23 0 2 4 112
1285 9922 474 469 15 18 1 481 19 15 479 2 23 0 2 4 112
1286 9929 471 465 15 18 1 482 18 15 479 2 23 0 2 4 112
1287 9926 473 466 15 18 1 482 18 15 478 2 24 0 2 4 112
1288 9926 473 466 15 18 1 482 18 15 478 2 24 0 2 4 112
1289 9928 472 465 15 18 1 482 18 15 478 2 24 0 2 4 112
1290 9931 470 464 15 18 1 482 18 15 479 2 23 0 2 4 112
1291 9929 471 466 14 18 1 481 19 15 479 2 23 0 2 4 112
1292 9937 467 462 14 18 1 481 19 15 479 2 23 0 2 4 112
1293 9935 468 463 14 18 1 481 19 15 479 2 23 0 2 4 112
1294 9932 469 464 15 18 1 481 19 15 479 2 23 0 2 4 112
1295 9939 466 461 14 18 1 482 18 15 480 2 22 0 2 4 112
1296 9945 463 459 13 18 1 483 17 15 482 2 20 0 2 4 112
1297 9938 466 462 14 19 1 482 17 16 481 2 20 0 2 4 112
1298 9941 464 461 14 19 1 482 17 16 482 2 19 0 2 4 112
1299 9947 461 459 13 19 1 481 18 16 482 2 19 0 2 4 112
1300 9957 456 454 13 19 1 481 18 16 482 2 19 0 2 4 112
1301 9961 454 452 13 19 1 481 18 16 482 2 19 0 2 4 112
1302 9956 457 454 13 19 1 481 18 16 481 2 20 0 2 4 112
1303 9956 457 454 13 19 1 481 18 16 481 2 20 0 2 4 112
1304 9963 454 451 12 19 1 481 18 16 481 2 20 0 2 4 112
1305 9963 454 451 12 19 1 481 18 16 481 2 20 0 2 4 112
1306 9970 451 448 11 19 1 481 18 16 481 2 20 0 2 4 112
1307 9968 452 449 11 19 1 481 18 16 481 2 20 0 2 4 112
1308 9968 452 449 11 19 1 481 18 16 481 2 20 0 2 4 112
1309 9968 452 449 11 19 1 481 18 16 481 2 20 0 2 4 112
1310 9969 452 448 11 19 1 482 17 16 481 2 20 0 2 4 112
1311 9979 447 443 11 20 1 481 17 16 481 3 19 0 2 4 112
1312 9977 448 444 11 21 1 480 17 17 480 3 19 0 2 4 112
1313 9980 446 442 12 21 1 480 17 17 480 3 19 0 2 4 112
1314 9982 445 441 12 21 1 480 17 17 480 3 19 0 2 4 112
1315 9982 445 441 12 21 1 480 17 17 480 3 19 0 2 4 112
1316 9986 443 440 11 21 1 479 18 17 480 3 19 0 2 4 112
1317 9986 443 440 11 21 1 479 18 17 480 3 19 0 2 4 112
1318 9984 444 441 11 21 1 479 18 17 480 3 19 0 2 4 112
1319 9988 442 439 11 21 1 479 18 17 480 3 19 0 2 4 112
1320 9994 439 436 11 21 1 479 18 17 480 3 19 0 2 4 112
1321 9997 438 434 11 21 1 479 18 17 479 3 20 0 2 4 112
1322 9995 439 436 10 21 1 479 18 17 480 3 19 0 2 4 112
1323 9993 439 436 12 21 1 479 18 17 480 3 19 0 2 4 112
1324 9993 439 436 12 21 1 479 18 17 480 3 19 0 2 4 112
1325 9990 441 437 12 21 1 479 18 17 479 3 20 0 2 4 112
1326 9995 439 435 11 21 1 479 18 17 479 3 20 0 2 4 112
1327 9995 439 435 11 21 1 479 18 17 479 3 20 0 2 4 112
1328 9993 440 436 11 21 1 479 18 17 479 3 20 0 2 4 112
1329 9996 438 434 12 21 1 479 18 17 479 3 20 0 2 4 112
1330 10000 436 432 12 21 1 479 18 17 479 3 20 0 2 4 112
1331 10006 433 429 12 21 1 479 18 17 479 3 20 0 2 4 112
1332 10003 435 430 12 21 1 479 18 17 478 3 21 0 2 4 112
1333 10006 433 428 13 20 1 480 18 17 478 3 21 0 2 3 113
1334 10009 432 427 12 20 1 480 18 17 478 3 21 0 2 3 113
1335 10020 426 422 12 20 1 480 18 18 478 2 21 0 2 3 113
1336 10019 426 423 12 20 1 479 19 18 478 2 21 0 2 3 113
1337 10028 421 419 12 20 1 478 20 18 478 2 21 0 2 3 113
1338 10030 420 418 12 21 1 477 20 19 477 2 21 0 2 3 113
1339 10033 419 418 10 21 1 477 20 19 478 2 20 0 2 3 113
1340 10031 420 419 10 21 1 477 20 19 478 2 20 0 2 3 113
1341 10035 418 418 9 21 1 477 20 19 479 2 19 0 2 3 113
1342 10035 418 418 9 21 1 477 20 19 479 2 19 0 2 3 113
1343 10042 415 415 8 21 1 477 20 19 479 2 19 0 2 3 113
1344 10046 413 413 8 21 1 477 20 19 479 2 19 0 2 3 113
1345 10043 414 415 8 21 1 476 21 19 479 2 19 0 2 3 113
1346 10041 415 416 8 21 1 476 21 19 479 2 19 0 2 3 113
1347 10041 415 416 8 21 1 476 21 19 479 2 19 0 2 3 113
1348 10035 418 420 7 21 1 475 22 19 479 2 19 0 2 3 113
1349 10038 416 419 7 21 1 474 23 19 479 2 19 0 2 3 113
1350 10036 417 420 7 21 1 474 23 19 479 2 19 0 2 3 113
1351 10036 417 420 7 21 1 474 23 19 479 2 19 0 2 3 113
1352 10034 418 421 7 21 1 474 23 19 479 2 19 0 2 3 113
1353 10036 417 420 7 21 1 474 23 19 479 2 19 0 2 3 113
1354 10039 415 419 7 21 1 474 23 20 479 1 19 0 2 3 113
1355 10037 416 420 7 21 1 474 23 20 479 1 19 0 2 3 113
1356 10037 416 420 7 21 1 474 23 20 479 1 19 0 2 3 113
1357 10043 413 417 7 21 1 474 23 20 479 1 19 0 2 3 113
1358 10051 409 413 7 21 1 474 23 20 479 1 19 0 2 3 113
1359 10048 411 414 7 21 1 475 22 20 479 1 19 0 2 3 113
1360 10054 408 411 7 21 1 475 22 20 479 1 19 0 2 3 113
1361 10058 406 409 7 21 1 475 22 20 479 1 19 0 2 3 113
1362 10056 407 410 7 21 1 475 22 20 479 1 19 0 2 3 113
1363 10058 406 409 7 21 1 475 22 20 479 1 19 0 2 3 113
1364 10068 401 404 7 21 1 475 22 20 479 1 19 0 2 3 113
1365 10063 404 406 7 21 1 476 21 20 479 1 19 0 2 3 113
1366 10065 403 405 7 21 1 476 21 20 479 1 19 0 2 3 113
1367 10067 402 404 7 21 1 476 21 20 479 1 19 0 2 3 113
1368 10067 402 403 8 21 1 477 20 20 479 1 19 0 2 3 113
1369 10069 401 402 8 21 1 477 20 20 479 1 19 0 2 3 113
1370 10072 400 401 7 22 1 476 20 21 478 1 19 0 2 3 113
1371 10075 398 400 7 22 1 476 20 21 479 1 18 0 2 3 113
1372 10080 395 398 7 22 1 476 20 21 480 1 17 0 2 3 113
1373 10078 396 399 7 22 1 476 20 21 480 1 17 0 2 3 113
1374 10075 398 401 6 22 1 476 20 21 480 1 17 0 2 3 113
1375 10073 399 402 6 22 1 476 20 21 480 1 17 0 2 3 113
1376 10075 398 401 6 22 1 476 20 21 480 1 17 0 2 3 113
1377 10073 399 402 6 22 1 476 20 21 480 1 17 0 2 3 113
1378 10074 398 402 6 22 1 476 20 21 481 1 16 0 2 3 113
1379 10072 399 403 6 22 1 476 20 21 481 1 16 0 2 3 113
1380 10075 398 401 6 22 1 477 19 21 481 1 16 0 2 3 113
1381 10070 402 404 4 22 1 478 18 21 481 1 16 0 2 3 113
1382 10072 401 403 4 22 1 478 18 21 481 1 16 0 2 3 113
1383 10071 402 403 4 22 1 478 18 21 480 1 17 0 2 3 113
1384 10070 403 403 4 22 1 478 18 21 479 1 18 0 2 3 113
1385 10078 399 399 4 22 1 478 18 21 479 1 18 0 2 3 113
1386 10076 400 400 4 22 1 478 18 21 479 1 18 0 2 3 113
1387 10076 400 400 4 22 1 478 18 21 479 1 18 0 2 3 113
1388 10074 401 401 4 22 1 478 18 21 479 1 18 0 2 3 113
1389 10075 400 401 4 22 1 477 19 21 479 1 18 0 2 3 113
1390 10079 398 399 4 22 1 477 19 21 479 1 18 0 2 3 113
1391 10079 398 399 4 22 1 477 19 21 479 1 18 0 2 3 113
1392 10071 402 403 4 22 1 477 19 21 479 1 18 0 2 3 113
1393 10080 398 397 5 22 1 478 18 21 478 1 19 0 2 3 113
1394 10086 396 394 4 22 1 479 17 21 478 1 19 0 2 3 113
1395 10090 395 391 4 23 0 479 17 21 477 1 20 0 2 3 113
1396 10091 395 390 4 23 0 480 16 21 477 1 20 0 2 3 113
1397 10091 395 390 4 23 0 480 16 21 477 1 20 0 2 3 113
1398 10091 395 390 4 23 0 480 16 21 477 1 20 0 2 3 113
1399 10091 395 390 4 23 0 480 16 21 477 1 20 0 2 3 113
1400 10095 393 388 4 23 0 480 16 21 477 1 20 0 2 3 113
1401 10097 391 387 5 23 0 479 17 21 477 1 20 0 2 3 113
1402 10093 393 389 5 23 0 479 17 21 477 1 20 0 2 3 113
1403 10090 394 391 5 23 0 478 18 21 477 1 20 0 2 3 113
1404 10092 393 390 5 23 0 478 18 21 477 1 20 0 2 3 113
1405 10098 390 387 5 23 0 478 18 21 477 1 20 0 2 3 113
1406 10100 389 386 5 23 0 478 18 21 477 1 20 0 2 3 113
1407 10094 392 389 5 23 0 478 18 21 477 1 20 0 2 3 113
1408 10098 390 387 5 23 0 478 18 21 477 1 20 0 2 3 113
1409 10101 388 385 6 23 0 478 18 21 477 1 20 0 2 3 113
1410 10103 387 384 6 23 0 478 18 21 477 1 20 0 2 3 113
1411 10104 386 384 6 23 0 478 18 21 478 1 19 0 2 3 113
1412 10104 386 384 6 23 0 478 18 21 478 1 19 0 2 3 113
1413 10107 385 382 6 23 0 478 18 21 477 1 20 0 2 3 113
1414 10107 385 381 7 23 0 478 18 21 476 1 21 0 2 3 113
1415 10107 385 381 7 23 0 478 18 21 476 1 21 0 2 3 113
1416 10107 384 382 7 23 0 476 20 21 476 1 21 0 2 3 113
1417 10110 383 380 7 23 0 477 19 21 476 1 21 0 2 3 113
1418 10118 379 376 7 23 0 477 19 21 476 1 21 0 2 3 113
1419 10122 377 374 7 23 0 477 19 21 476 1 21 0 2 3 113
1420 10125 375 373 7 23 0 477 19 21 477 1 20 0 2 3 113
1421 10124 375 373 8 23 0 477 19 21 477 1 20 0 2 3 113
1422 10121 377 375 7 23 0 477 19 21 477 1 20 0 2 3 113
1423 10120 377 376 7 23 0 477 19 21 478 1 19 0 2 3 113
1424 10114 380 379 7 23 0 477 19 21 478 1 19 0 2 3 113
1425 10116 379 378 7 24 0 476 19 22 477 1 19 0 2 3 113
1426 10116 379 378 7 24 0 476 19 22 477 1 19 0 2 3 113
1427 10120 377 376 7 24 0 477 18 22 478 1 18 0 2 3 113
1428 10116 379 378 7 24 0 477 18 22 478 1 18 0 2 3 113
1429 10121 377 376 6 24 0 477 18 22 478 1 18 0 2 3 113
1430 10127 374 373 6 24 0 477 18 22 478 1 18 0 2 3 113
1431 10135 370 369 6 24 0 477 18 22 478 1 18 0 2 3 113
1432 10137 369 368 6 24 0 477 18 22 478 1 18 0 2 3 113
1433 10137 369 368 6 24 0 477 18 22 478 1 18 0 2 3 113
1434 10146 364 364 6 24 0 476 19 22 478 1 18 0 2 3 113
1435 10150 362 362 6 24 0 476 19 22 478 1 18 0 2 3 113
1436 10146 364 364 6 24 0 476 19 22 478 1 18 0 2 3 113
1437 10148 363 363 6 24 0 476 19 22 478 1 18 0 2 3 113
1438 10148 363 363 6 24 0 476 19 22 478 1 18 0 2 3 113
1439 10148 363 363 6 24 0 476 19 22 478 1 18 0 2 3 113
1440 10150 362 362 6 24 0 476 19 22 478 1 18 0 2 3 113
1441 10144 365 365 6 24 0 476 19 22 478 1 18 0 2 3 113
1442 10146 364 364 6 24 0 476 19 22 478 1 18 0 2 3 113
1443 10142 366 366 6 24 0 476 19 22 478 1 18 0 2 3 113
1444 10146 364 364 6 24 0 476 19 22 478 1 18 0 2 3 113
1445 10144 365 365 6 24 0 476 19 22 478 1 18 0 2 3 113
1446 10142 367 366 5 24 0 477 18 22 478 1 18 0 2 3 113
1447 10148 364 363 5 24 0 477 18 22 478 1 18 0 2 3 113
1448 10150 363 362 5 24 0 477 18 22 478 1 18 0 2 3 113
1449 10152 362 361 5 24 0 477 18 22 478 1 18 0 2 3 113
1450 10160 358 357 5 24 0 477 18 22 478 1 18 0 2 3 113
1451 10163 357 355 5 24 0 478 17 22 478 1 18 0 2 3 113
1452 10163 357 355 5 25 0 477 17 23 477 1 18 0 2 3 113
1453 10168 355 353 4 25 0 477 17 23 477 1 18 0 2 3 113
1454 10168 355 353 4 25 0 477 17 23 477 1 18 0 2 3 113
1455 10174 352 350 4 25 0 477 17 23 477 1 18 0 2 3 113
1456 10176 351 349 4 25 0 477 17 23 477 1 18 0 2 3 113
1457 10180 349 347 4 25 0 477 17 23 477 1 18 0 2 3 113
1458 10181 348 347 4 25 0 476 18 23 477 1 18 0 2 3 113
1459 10177 350 349 4 25 0 476 18 23 477 1 18 0 2 3 113
1460 10179 349 348 4 25 0 476 18 23 477 1 18 0 2 3 113
1461 10185 346 345 4 25 0 476 18 23 477 1 18 0 2 3 113
1462 10189 344 343 4 25 0 476 18 23 477 1 18 0 2 3 113
1463 10189 344 343 4 25 0 476 18 23 477 1 18 0 2 3 113
1464 10191 343 342 4 25 0 476 18 23 477 1 18 0 2 3 113
1465 10191 343 342 4 25 0 476 18 23 477 1 18 0 2 3 113
1466 10190 343 343 4 25 0 475 19 23 477 1 18 0 2 3 113
1467 10197 339 340 4 25 0 475 19 24 477 0 18 0 2 3 113
1468 10199 337 339 5 25 0 475 19 24 478 0 17 0 2 3 113
1469 10201 336 338 5 25 0 475 19 24 478 0 17 0 2 3 113
1470 10203 335 338 4 25 0 475 19 24 479 0 16 0 2 3 113
1471 10201 336 339 4 25 0 475 19 24 479 0 16 0 2 3 113
1472 10203 335 338 4 25 0 475 19 24 479 0 16 0 2 3 113
1473 10200 336 339 5 25 0 475 19 24 479 0 16 0 2 3 113
1474 10201 336 338 5 25 0 475 19 24 478 0 17 0 2 3 113
1475 10203 335 337 5 25 0 475 19 24 478 0 17 0 2 3 113
1476 10201 336 338 5 26 0 474 19 25 477 0 17 0 2 3 113
1477 10201 336 338 5 26 0 474 19 25 477 0 17 0 2 3 113
1478 10199 337 339 5 26 0 474 19 25 477 0 17 0 2 3 113
1479 10200 337 339 4 26 0 474 19 25 477 0 17 0 2 3 113
1480 10199 337 339 5 26 0 474 19 25 477 0 17 0 2 3 113
1481 10195 339 341 5 26 0 474 19 25 477 0 17 0 2 3 113
1482 10201 336 338 5 26 0 474 19 25 477 0 17 0 2 3 113
1483 10205 334 336 5 27 0 474 18 26 477 0 16 0 2 3 113
1484 10199 337 339 5 27 0 474 18 26 477 0 16 0 2 3 113
1485 10203 335 337 5 27 0 474 18 26 477 0 16 0 2 3 113
1486 10200 337 338 5 27 0 474 18 26 476 0 17 0 2 3 113
1487 10204 335 336 5 27 0 474 18 26 476 0 17 0 2 3 113
1488 10207 334 334 5 27 0 474 18 26 475 0 18 0 2 3 113
1489 10209 333 333 5 27 0 474 18 26 475 0 18 0 2 3 113
1490 10203 336 336 5 27 0 474 18 26 475 0 18 0 2 3 113
1491 10204 336 335 5 27 0 475 17 26 475 0 18 0 2 3 113
1492 10202 337 336 5 27 0 475 17 26 475 0 18 0 2 3 113
1493 10202 337 336 5 27 0 475 17 26 475 0 18 0 2 3 113
1494 10210 333 332 5 27 0 475 17 26 475 0 18 0 2 3 113
1495 10211 332 332 5 27 0 475 17 26 476 0 17 0 2 3 113
1496 10213 331 331 5 28 0 474 17 27 475 0 17 0 2 3 113
1497 10215 330 330 5 28 0 474 17 27 475 0 17 0 2 3 113
1498 10213 331 331 5 28 0 474 17 27 475 0 17 0 2 3 113
1499 10215 330 330 5 28 0 474 17 27 475 0 17 0 2 3 113
1500 10217 329 329 5 28 0 474 17 27 475 0 17 0 2 3 113
