0 1979 195 0 0 0 0 0 0 0 0 0 0 0 0 0 0
1 11648 194 194 0 0 0 0 0 0 0 0 0 0 0 0 0
2 11646 195 195 0 0 0 0 0 0 0 0 0 0 0 0 0
3 11644 196 196 0 0 0 0 0 0 0 0 0 0 0 0 0
4 11642 197 197 0 0 0 0 0 0 0 0 0 0 0 0 0
5 11640 198 198 0 0 0 0 0 0 0 0 0 0 0 0 0
6 11640 198 198 0 0 0 0 0 0 0 0 0 0 0 0 0
7 11640 198 198 0 0 0 0 0 0 0 0 0 0 0 0 0
8 11640 198 198 0 0 0 0 0 0 0 0 0 0 0 0 0
9 11642 197 197 0 0 0 0 0 0 0 0 0 0 0 0 0
10 11644 196 196 0 0 0 0 0 0 0 0 0 0 0 0 0
11 11642 197 197 0 0 0 0 0 0 0 0 0 0 0 0 0
12 11640 198 198 0 0 0 0 0 0 0 0 0 0 0 0 0
13 11640 198 198 0 0 0 0 0 0 0 0 0 0 0 0 0
14 11638 199 199 0 0 0 0 0 0 0 0 0 0 0 0 0
15 11644 196 196 0 0 0 0 0 0 0 0 0 0 0 0 0
16 11646 195 195 0 0 0 0 0 0 0 0 0 0 0 0 0
17 11644 196 196 0 0 0 0 0 0 0 0 0 0 0 0 0
18 11644 196 196 0 0 0 0 0 0 0 0 0 0 0 0 0
19 11644 196 196 0 0 0 0 0 0 0 0 0 0 0 0 0
20 11644 196 196 0 0 0 0 0 0 0 0 0 0 0 0 0
21 11648 194 194 0 0 0 0 0 0 0 0 0 0 0 0 0
22 11648 194 194 0 0 0 0 0 0 0 0 0 0 0 0 0
23 11650 193 193 0 0 0 0 0 0 0 0 0 0 0 0 0
24 11650 193 193 0 0 0 0 0 0 0 0 0 0 0 0 0
25 11650 193 193 0 0 0 0 0 0 0 0 0 0 0 0 0
26 11650 193 193 0 0 0 0 0 0 0 0 0 0 0 0 0
27 11646 195 195 0 0 0 0 0 0 0 0 0 0 0 0 0
28 11643 196 196 1 0 0 0 0 0 0 0 0 0 0 0 0
29 11639 198 198 1 0 0 0 0 0 0 0 0 0 0 0 0
30 11635 200 200 1 0 0 0 0 0 0 0 0 0 0 0 0
31 11631 202 202 1 0 0 0 0 0 0 0 0 0 0 0 0
32 11628 203 203 2 0 0 0 0 0 0 0 0 0 0 0 0
33 11630 202 202 2 0 0 0 0 0 0 0 0 0 0 0 0
34 11628 203 203 2 0 0 0 0 0 0 0 0 0 0 0 0
35 11624 205 205 2 0 0 0 0 0 0 0 0 0 0 0 0
36 11620 207 207 2 0 0 0 0 0 0 0 0 0 0 0 0
37 11622 206 206 2 0 0 0 0 0 0 0 0 0 0 0 0
38 11618 208 208 2 0 0 0 0 0 0 0 0 0 0 0 0
39 11614 210 210 2 0 0 0 0 0 0 0 0 0 0 0 0
40 11608 213 213 2 0 0 0 0 0 0 0 0 0 0 0 0
41 11602 216 216 2 0 0 0 0 0 0 0 0 0 0 0 0
42 11599 217 217 3 0 0 0 0 0 0 0 0 0 0 0 0
43 11593 220 220 3 0 0 0 0 0 0 0 0 0 0 0 0
44 11587 223 223 3 0 0 0 0 0 0 0 0 0 0 0 0
45 11577 228 228 3 0 0 0 0 0 0 0 0 0 0 0 0
46 11561 236 236 3 0 0 0 0 0 0 0 0 0 0 0 0
47 11547 243 243 3 0 0 0 0 0 0 0 0 0 0 0 0
48 11537 248 248 3 0 0 0 0 0 0 0 0 0 0 0 0
49 11519 257 256 2 0 0 1 0 0 0 0 1 0 0 0 0
50 11505 264 263 2 0 0 1 0 0 0 0 1 0 0 0 0
51 11500 266 265 3 0 0 1 0 0 0 0 1 0 0 0 0
52 11483 274 274 3 0 0 1 0 0 1 0 0 0 0 0 0
53 11475 278 278 3 0 0 1 0 0 1 0 0 0 0 0 0
54 11465 283 283 3 0 0 1 0 0 1 0 0 0 0 0 0
55 11461 285 285 3 0 0 1 0 0 1 0 0 0 0 0 0
56 11441 295 295 3 0 0 1 0 0 1 0 0 0 0 0 0
57 11427 301 301 5 0 0 1 0 0 1 0 0 0 0 0 0
58 11413 308 308 5 0 0 1 0 0 1 0 0 0 0 0 0
59 11405 312 312 5 0 0 1 0 0 1 0 0 0 0 0 0
60 11403 313 313 5 0 0 1 0 0 1 0 0 0 0 0 0
61 11390 319 319 6 0 0 1 0 0 1 0 0 0 0 0 0
62 11382 323 323 6 0 0 1 0 0 1 0 0 0 0 0 0
63 11371 328 328 7 0 0 1 0 0 1 0 0 0 0 0 0
64 11363 332 332 7 0 0 1 0 0 1 0 0 0 0 0 0
65 11345 341 341 7 0 0 1 0 0 1 0 0 0 0 0 0
66 11317 354 354 9 0 0 1 0 0 1 0 0 0 0 0 0
67 11297 364 364 9 0 0 1 0 0 1 0 0 0 0 0 0
68 11277 374 374 9 0 0 1 0 0 1 0 0 0 0 0 0
69 11254 386 386 8 0 0 1 0 0 1 0 0 0 0 0 0
70 11241 392 392 9 0 0 1 0 0 1 0 0 0 0 0 0
71 11235 394 394 11 0 0 1 0 0 1 0 0 0 0 0 0
72 11226 398 398 12 0 0 1 0 0 1 0 0 0 0 0 0
73 11204 409 408 11 0 0 2 0 0 1 0 1 0 0 0 0
74 11192 414 413 13 0 0 2 0 0 1 0 1 0 0 0 0
75 11176 422 420 12 0 0 3 0 0 1 0 2 0 0 0 0
76 11157 431 429 13 0 0 3 0 0 1 0 2 0 0 0 0
77 11136 441 439 14 0 0 3 0 0 1 0 2 0 0 0 0
78 11122 448 446 14 0 0 3 0 0 1 0 2 0 0 0 0
79 11122 448 446 14 0 0 3 0 0 1 0 2 0 0 0 0
80 11108 454 453 15 0 0 3 0 0 2 0 1 0 0 0 0
81 11096 460 458 14 0 0 4 0 0 2 0 2 0 0 0 0
82 11081 467 465 15 0 0 4 0 0 2 0 2 0 0 0 0
83 11069 473 471 15 0 0 4 0 0 2 0 2 0 0 0 0
84 11055 479 477 17 0 0 4 0 0 2 0 2 0 0 0 0
85 11042 485 482 17 0 0 5 0 0 2 0 3 0 0 0 0
86 11024 494 491 17 0 0 5 0 0 2 0 3 0 0 0 0
87 11001 505 502 18 0 0 5 0 0 2 0 3 0 0 0 0
88 10981 514 511 20 0 0 5 0 0 2 0 3 0 0 0 0
89 10973 518 515 20 0 0 5 0 0 2 0 3 0 0 0 0
90 10956 527 524 19 0 0 5 0 0 2 0 3 0 0 0 0
91 10942 534 531 19 0 0 5 0 0 2 0 3 0 0 0 0
92 10936 537 534 19 0 0 5 0 0 2 0 3 0 0 0 0
93 10923 543 540 20 0 0 5 0 0 2 0 3 0 0 0 0
94 10915 547 544 20 0 0 5 0 0 2 0 3 0 0 0 0
95 10906 551 548 21 0 0 5 0 0 2 0 3 0 0 0 0
96 10891 558 555 22 0 0 5 0 0 2 0 3 0 0 0 0
97 10884 561 558 23 0 0 5 0 0 2 0 3 0 0 0 0
98 10866 570 567 23 0 0 5 0 0 2 0 3 0 0 0 0
99 10862 572 568 22 0 0 6 0 0 2 0 4 0 0 0 0
100 10860 573 569 22 0 0 6 0 0 2 0 4 0 0 0 0
101 10843 581 577 23 0 0 6 0 0 2 0 4 0 0 0 0
102 10829 588 584 23 0 0 6 0 0 2 0 4 0 0 0 0
103 10816 594 590 24 0 0 6 0 0 2 0 4 0 0 0 0
104 10810 597 593 24 0 0 6 0 0 2 0 4 0 0 0 0
105 10793 605 601 25 0 0 6 0 0 2 0 4 0 0 0 0
106 10783 610 605 24 0 0 7 0 0 2 0 5 0 0 0 0
107 10782 610 605 25 0 0 7 0 0 2 0 5 0 0 0 0
108 10771 615 610 26 0 0 7 0 0 2 0 5 0 0 0 0
109 10767 617 612 26 0 0 7 0 0 2 0 5 0 0 0 0
110 10748 626 621 27 0 0 7 0 0 2 0 5 0 0 0 0
111 10734 633 628 27 0 0 7 0 0 2 0 5 0 0 0 0
112 10726 636 631 29 0 0 7 0 0 2 0 5 0 0 0 0
113 10719 639 633 29 0 0 8 0 0 2 0 6 0 0 0 0
114 10701 648 642 29 0 0 8 0 0 2 0 6 0 0 0 0
115 10698 650 644 28 0 0 8 0 0 2 0 6 0 0 0 0
116 10689 654 648 29 0 0 8 0 0 2 0 6 0 0 0 0
117 10691 652 646 31 0 0 8 0 0 2 0 6 0 0 0 0
118 10693 651 645 31 0 0 8 0 0 2 0 6 0 0 0 0
119 10673 662 656 29 0 0 8 0 0 2 0 6 0 0 0 0
120 10667 665 659 29 0 0 8 0 0 2 0 6 0 0 0 0
121 10664 666 660 30 0 0 8 0 0 2 0 6 0 0 0 0
122 10669 663 657 31 0 0 8 0 0 2 0 6 0 0 0 0
123 10665 665 659 31 0 0 8 0 0 2 0 6 0 0 0 0
124 10655 670 664 31 0 0 8 0 0 2 0 6 0 0 0 0
125 10652 671 664 31 0 0 9 0 0 2 0 7 0 0 0 0
126 10640 676 669 33 0 0 9 0 0 2 0 7 0 0 0 0
127 10618 686 679 35 0 0 9 0 0 2 0 7 0 0 0 0
128 10608 691 684 35 0 0 9 0 0 2 0 7 0 0 0 0
129 10594 698 691 35 0 0 9 0 0 2 0 7 0 0 0 0
130 10587 701 693 33 0 0 11 0 0 3 0 8 0 0 0 0
131 10580 704 696 34 0 0 11 0 0 3 0 8 0 0 0 0
132 10563 712 704 35 0 0 11 0 0 3 0 8 0 0 0 0
133 10548 720 711 33 0 0 12 0 0 3 0 9 0 0 0 0
134 10538 725 716 33 0 0 12 0 0 3 0 9 0 0 0 0
135 10534 727 718 33 0 0 12 0 0 3 0 9 0 0 0 0
136 10516 735 726 35 0 0 12 0 0 3 0 9 0 0 0 0
137 10508 739 730 35 0 0 12 0 0 3 0 9 0 0 0 0
138 10496 743 734 39 0 0 12 0 0 3 0 9 0 0 0 0
139 10478 751 743 40 0 0 12 0 0 4 0 8 0 0 0 0
140 10452 763 754 41 0 0 13 0 0 4 0 9 0 0 0 0
141 10442 768 759 41 0 0 13 0 0 4 0 9 0 0 0 0
142 10430 774 765 41 0 0 13 0 0 4 0 9 0 0 0 0
143 10424 777 768 41 0 0 13 0 0 4 0 9 0 0 0 0
144 10416 781 772 41 0 0 13 0 0 4 0 9 0 0 0 0
145 10397 790 780 41 0 0 14 0 0 4 0 10 0 0 0 0
146 10385 794 784 45 0 0 14 0 0 4 0 10 0 0 0 0
147 10365 804 793 44 0 0 15 0 0 4 0 11 0 0 0 0
148 10351 811 800 44 0 0 15 0 0 4 0 11 0 0 0 0
149 10337 818 807 44 0 0 15 0 0 4 0 11 0 0 0 0
150 10312 829 817 46 0 0 16 0 0 4 0 12 0 0 0 0
151 10298 836 824 46 0 0 16 0 0 4 0 12 0 0 0 0
152 10296 837 825 46 0 0 16 0 0 4 0 12 0 0 0 0
153 10278 846 834 46 0 0 16 0 0 4 0 12 0 0 0 0
154 10270 848 836 50 0 0 16 0 0 4 0 12 0 0 0 0
155 10239 861 849 55 0 0 16 0 0 4 0 12 0 0 0 0
156 10208 875 863 58 0 0 16 0 0 4 0 12 0 0 0 0
157 10183 886 874 61 0 0 16 0 0 4 0 12 0 0 0 0
158 10162 895 883 64 0 0 16 0 0 4 0 12 0 0 0 0
159 10139 906 892 63 0 0 18 0 0 4 0 14 0 0 0 0
160 10106 922 908 64 0 0 18 0 0 4 0 14 0 0 0 0
161 10064 942 928 66 0 0 18 0 0 4 0 14 0 0 0 0
162 10033 956 941 68 0 0 19 0 0 4 0 15 0 0 0 0
163 10008 968 953 67 0 0 19 1 0 4 0 16 0 0 0 0
164 9981 979 964 72 0 0 19 1 0 4 0 16 0 0 0 0
165 9965 986 971 72 0 0 20 1 0 5 0 16 0 0 0 0
166 9933 1000 985 76 0 0 20 1 0 5 0 16 0 0 0 0
167 9917 1007 991 77 0 0 21 1 0 5 0 17 0 0 0 0
168 9877 1024 1008 83 0 0 21 1 0 5 0 17 0 0 0 0
169 9858 1032 1016 86 0 0 21 1 0 5 0 17 0 0 0 0
170 9837 1042 1025 86 0 0 22 1 0 5 0 18 0 0 0 0
171 9819 1048 1032 91 0 0 21 2 0 5 0 18 0 0 0 0
172 9807 1052 1036 95 0 0 21 2 0 5 0 18 0 0 0 0
173 9784 1063 1046 95 0 0 22 2 0 5 0 19 0 0 0 0
174 9772 1068 1051 97 0 0 22 2 0 5 0 19 0 0 0 0
175 9754 1076 1058 98 0 0 23 2 0 5 0 20 0 0 0 0
176 9731 1086 1068 101 0 0 23 2 0 5 0 20 0 0 0 0
177 9709 1096 1078 103 0 0 23 2 0 5 0 20 0 0 0 0
178 9694 1103 1085 104 0 0 23 2 0 5 0 20 0 0 0 0
179 9682 1111 1093 100 0 0 23 2 0 5 0 20 0 0 0 0
180 9657 1121 1103 105 0 0 23 2 0 5 0 20 0 0 0 0
181 9651 1122 1104 109 0 0 23 2 0 5 0 20 0 0 0 0
182 9623 1134 1116 111 0 0 24 2 0 6 0 20 0 0 0 0
183 9604 1140 1122 118 0 0 24 2 0 6 0 20 0 0 0 0
184 9590 1145 1126 121 0 0 25 2 0 6 0 21 0 0 0 0
185 9588 1146 1127 121 0 0 25 2 0 6 0 21 0 0 0 0
186 9575 1152 1132 121 0 0 26 2 0 6 0 22 0 0 0 0
187 9566 1157 1137 120 0 0 26 2 0 6 0 22 0 0 0 0
188 9542 1167 1147 124 0 0 26 2 0 6 0 22 0 0 0 0
189 9533 1171 1150 124 0 0 27 2 0 6 0 23 0 0 0 0
190 9521 1176 1154 125 0 0 28 2 0 6 0 24 0 0 0 0
191 9513 1180 1158 125 0 0 28 2 0 6 0 24 0 0 0 0
192 9503 1183 1162 128 0 0 28 2 0 7 0 23 0 0 0 0
193 9494 1187 1166 127 0 0 28 3 0 7 0 24 0 0 0 0
194 9475 1197 1176 126 0 0 28 3 0 7 0 24 0 0 0 0
195 9470 1200 1178 124 0 0 29 3 0 7 0 25 0 0 0 0
196 9456 1206 1183 125 0 0 30 3 0 7 0 26 0 0 0 0
197 9441 1212 1187 126 0 0 32 3 0 7 0 28 0 0 0 0
198 9431 1217 1191 125 0 0 33 3 0 7 0 29 0 0 0 0
199 9417 1222 1196 129 0 0 33 3 0 7 0 29 0 0 0 0
200 9404 1227 1201 132 0 0 33 3 0 7 0 29 0 0 0 0
201 9394 1232 1204 130 0 0 35 3 0 7 0 31 0 0 0 0
202 9388 1236 1208 126 0 0 36 3 0 8 0 31 0 0 0 0
203 9384 1238 1210 126 0 0 36 3 0 8 0 31 0 0 0 0
204 9380 1240 1212 124 0 0 36 4 0 8 0 32 0 0 0 0
205 9372 1242 1214 126 0 0 37 4 0 9 0 32 0 0 0 0
206 9360 1246 1218 130 0 0 37 4 0 9 0 32 0 0 0 0
207 9350 1249 1220 133 0 0 38 4 0 9 0 33 0 0 0 0
208 9352 1247 1218 135 0 0 38 4 0 9 0 33 0 0 0 0
209 9340 1253 1223 134 0 0 39 4 0 9 0 34 0 0 0 0
210 9340 1253 1222 133 0 0 40 4 0 9 0 35 0 0 0 0
211 9337 1255 1224 132 0 0 40 4 0 9 0 35 0 0 0 0
212 9344 1252 1221 131 0 0 40 4 0 9 0 35 0 0 0 0
213 9343 1252 1222 131 0 0 40 4 0 10 0 34 0 0 0 0
214 9332 1257 1227 132 0 0 40 4 0 10 0 34 0 0 0 0
215 9337 1254 1224 133 0 0 40 4 0 10 0 34 0 0 0 0
216 9324 1260 1230 134 0 0 40 4 0 10 0 34 0 0 0 0
217 9313 1265 1234 132 0 0 41 5 0 10 0 36 0 0 0 0
218 9311 1266 1235 132 0 0 41 5 0 10 0 36 0 0 0 0
219 9305 1270 1238 129 0 0 42 5 0 10 0 37 0 0 0 0
220 9299 1272 1239 132 0 0 43 4 0 10 0 37 0 0 0 0
221 9288 1277 1244 131 0 0 44 4 0 11 0 37 0 0 0 0
222 9277 1282 1248 131 0 0 45 4 0 11 0 38 0 0 0 0
223 9279 1282 1248 129 0 0 45 4 0 11 0 38 0 0 0 0
224 9255 1292 1259 132 0 0 45 4 0 12 0 37 0 0 0 0
225 9251 1294 1261 132 0 0 45 4 0 12 0 37 0 0 0 0
226 9259 1290 1256 131 0 0 46 4 0 12 0 38 0 0 0 0
227 9257 1292 1258 129 0 0 46 4 0 12 0 38 0 0 0 0
228 9245 1296 1262 133 0 0 46 4 0 12 0 38 0 0 0 0
229 9243 1295 1261 137 0 0 46 4 0 12 0 38 0 0 0 0
230 9227 1305 1271 132 0 0 46 4 0 12 0 38 0 0 0 1
231 9221 1308 1273 131 0 0 47 4 0 12 0 39 0 0 0 1
232 9219 1307 1273 134 0 0 47 4 0 13 0 38 0 0 0 1
233 9201 1314 1281 137 0 0 46 5 0 13 0 38 0 0 0 1
234 9191 1318 1284 138 0 0 47 5 0 13 0 39 0 0 0 1
235 9177 1325 1291 138 0 0 47 5 0 13 0 39 0 0 0 1
236 9171 1328 1294 138 0 0 47 5 0 13 0 39 0 0 0 1
237 9164 1330 1295 140 0 0 48 5 0 13 0 40 0 0 0 1
238 9154 1334 1299 142 0 0 48 5 0 13 0 40 0 0 0 1
239 9150 1333 1298 148 0 0 48 5 0 13 0 40 0 0 0 1
240 9156 1330 1294 147 0 0 49 5 0 13 0 41 0 0 0 1
241 9148 1333 1297 147 0 0 50 5 0 14 0 41 0 0 0 1
242 9135 1338 1301 148 0 0 51 5 0 14 0 42 0 0 0 2
243 9118 1347 1309 146 0 0 52 5 0 14 0 43 0 0 0 2
244 9108 1350 1310 148 0 0 54 5 0 14 0 45 0 0 0 2
245 9113 1348 1307 146 0 0 55 5 0 14 0 46 0 0 0 2
246 9097 1355 1314 148 0 0 55 5 0 14 0 46 0 0 0 2
247 9076 1362 1318 152 0 0 58 5 0 14 0 49 0 0 0 2
248 9059 1367 1322 158 0 0 59 5 0 14 0 50 0 0 0 2
249 9058 1369 1322 153 0 0 61 5 0 14 0 52 0 0 0 2
250 9046 1372 1324 158 0 0 62 5 0 14 0 53 0 0 0 2
251 9046 1370 1322 160 0 0 62 6 0 14 0 54 0 0 0 2
252 9043 1371 1323 161 0 0 62 6 0 14 0 54 0 0 0 2
253 9036 1374 1326 162 0 0 62 6 0 14 0 54 0 0 0 2
254 9037 1372 1324 163 0 0 63 6 0 15 0 54 0 0 0 2
255 9031 1375 1327 163 0 0 63 6 0 15 0 54 0 0 0 2
256 9019 1381 1333 163 0 0 63 6 0 15 0 54 0 0 0 2
257 9010 1384 1336 166 0 0 63 6 0 15 0 54 0 0 0 2
258 9015 1380 1332 169 0 0 63 6 0 15 0 54 0 0 0 2
259 9006 1384 1334 168 0 0 65 6 0 15 0 56 0 0 0 2
260 8994 1391 1339 164 0 0 67 6 0 15 0 58 0 0 0 2
261 8976 1399 1346 165 0 0 68 6 0 15 0 59 0 0 0 2
262 8971 1401 1347 165 0 0 69 6 0 15 0 60 0 0 0 2
263 8974 1400 1345 163 0 0 70 6 0 15 0 61 0 0 0 2
264 8961 1405 1349 165 0 0 71 6 0 15 0 62 0 0 0 2
265 8939 1415 1360 164 0 0 70 8 0 15 0 63 0 0 0 2
266 8918 1425 1366 163 0 0 74 7 0 15 0 66 0 0 0 2
267 8918 1422 1362 167 0 0 75 7 0 15 0 67 0 0 0 3
268 8903 1428 1369 169 0 0 75 7 0 16 0 66 0 0 0 3
269 8887 1433 1374 175 0 0 75 7 0 16 0 66 0 0 0 3
270 8880 1435 1374 176 0 0 78 6 0 17 0 67 0 0 0 3
271 8866 1442 1380 175 0 0 79 6 0 17 0 68 0 0 0 3
272 8864 1443 1379 173 0 0 81 6 0 17 0 70 0 0 0 3
273 8845 1452 1386 174 0 0 82 6 0 16 0 72 0 0 0 3
274 8834 1457 1390 174 0 0 83 6 0 16 0 73 0 0 0 3
275 8832 1458 1391 174 0 0 83 6 0 16 0 73 0 0 0 3
276 8822 1463 1396 174 0 0 83 6 0 16 0 73 0 0 0 3
277 8810 1467 1400 174 0 0 84 7 0 17 0 74 0 0 0 3
278 8791 1474 1407 177 0 0 84 8 0 17 0 75 0 0 0 3
279 8781 1476 1408 182 0 0 85 8 0 17 0 76 0 0 0 3
280 8757 1486 1419 185 0 0 85 8 0 18 0 75 0 0 0 3
281 8749 1487 1420 189 0 0 86 8 0 19 0 75 0 0 0 3
282 8745 1488 1420 188 0 0 88 8 0 20 0 76 0 0 0 3
283 8733 1492 1423 191 0 0 89 8 0 20 0 77 0 0 0 3
284 8712 1503 1432 190 0 0 90 8 0 19 0 79 0 0 0 3
285 8691 1510 1437 191 0 0 93 9 0 20 0 82 0 0 0 3
286 8684 1512 1438 193 0 0 94 9 0 20 0 83 0 0 0 3
287 8680 1516 1442 189 0 0 94 9 0 20 0 83 0 0 0 3
288 8658 1523 1450 196 0 0 94 9 0 21 0 82 0 0 0 3
289 8660 1520 1445 197 0 0 96 9 0 21 0 84 0 0 0 4
290 8652 1522 1445 199 0 0 98 9 0 21 0 86 0 0 0 4
291 8634 1530 1453 195 0 0 100 10 0 23 0 87 0 0 0 4
292 8633 1530 1447 190 0 0 107 9 0 24 0 92 0 0 0 4
293 8611 1537 1452 196 0 0 109 9 0 24 0 94 0 0 0 4
294 8606 1539 1455 196 0 0 109 9 0 25 0 93 0 0 0 4
295 8614 1535 1451 196 0 0 109 9 0 25 0 93 0 0 0 4
296 8604 1538 1455 199 0 0 108 10 0 25 0 93 0 0 0 4
297 8604 1539 1456 197 0 0 108 10 0 25 0 93 0 0 0 4
298 8611 1537 1454 194 0 0 108 10 0 25 0 93 0 0 0 4
299 8605 1538 1454 198 0 0 109 9 0 25 0 93 0 0 0 5
300 8600 1538 1457 198 0 0 109 10 0 28 0 91 0 0 0 5
301 8590 1542 1461 200 0 0 109 10 0 28 0 91 0 0 0 5
302 8593 1539 1457 202 0 0 110 10 0 28 0 92 0 0 0 5
303 8584 1542 1460 203 0 0 110 11 0 28 0 93 0 0 0 5
304 8572 1547 1464 204 0 0 111 11 0 28 0 94 0 0 0 5
305 8569 1547 1463 206 0 0 112 11 0 28 0 95 0 0 0 5
306 8564 1549 1464 206 0 0 113 11 0 28 0 96 0 0 0 5
307 8559 1552 1467 205 0 0 114 10 0 29 0 95 0 0 0 5
308 8559 1551 1466 207 0 0 114 10 0 29 0 95 0 0 0 5
309 8557 1550 1465 211 0 0 114 10 0 29 0 95 0 0 0 5
310 8568 1542 1459 214 0 0 113 11 0 30 0 94 0 0 0 5
311 8567 1542 1459 215 0 0 113 11 0 30 0 94 0 0 0 5
312 8569 1540 1459 214 0 0 113 11 0 32 0 92 0 0 0 6
313 8575 1538 1455 210 0 0 115 11 0 32 0 94 0 0 0 6
314 8579 1533 1450 212 0 0 116 12 0 33 0 95 0 0 0 6
315 8567 1538 1454 215 0 0 117 11 0 33 0 95 0 0 0 6
316 8568 1537 1453 216 0 0 117 11 0 33 0 95 0 0 0 6
317 8553 1543 1460 216 0 0 117 12 0 34 0 95 0 0 0 6
318 8555 1542 1459 216 0 0 118 11 0 35 0 94 0 0 0 6
319 8540 1550 1466 214 0 0 119 11 0 35 0 95 0 0 0 6
320 8537 1553 1469 211 0 0 119 11 0 35 0 95 0 0 0 6
321 8532 1555 1469 210 0 0 121 11 0 35 0 97 0 0 0 6
322 8522 1558 1470 212 0 0 124 10 0 36 0 98 0 0 0 6
323 8522 1555 1467 216 0 0 125 10 0 37 0 98 0 0 0 6
324 8492 1570 1481 217 0 0 125 10 0 36 0 99 0 0 0 6
325 8489 1569 1480 221 0 0 125 10 0 36 0 99 0 0 0 7
326 8487 1569 1481 220 0 0 125 11 0 37 0 99 0 0 0 7
327 8483 1570 1483 220 0 0 124 12 0 37 0 99 0 0 0 8
328 8477 1570 1482 223 0 0 126 12 0 38 0 100 0 0 0 8
329 8473 1571 1482 224 0 0 127 12 0 38 0 101 0 0 0 8
330 8477 1569 1480 222 0 0 128 12 0 39 0 101 0 0 0 8
331 8467 1573 1484 224 0 0 128 12 0 39 0 101 0 0 0 8
332 8449 1581 1491 225 0 0 129 12 0 39 0 102 0 0 0 8
333 8448 1581 1492 225 0 0 129 12 0 40 0 101 0 0 0 8
334 8446 1582 1493 223 0 0 129 13 0 40 0 102 0 0 0 8
335 8450 1580 1491 223 0 0 129 13 0 40 0 102 0 0 0 8
336 8444 1582 1492 223 0 0 130 13 0 40 0 103 0 0 0 9
337 8439 1584 1493 223 0 0 131 13 0 40 0 104 0 0 0 9
338 8422 1593 1501 221 0 0 132 13 0 40 0 105 0 0 0 9
339 8414 1596 1505 222 0 0 132 13 0 41 0 104 0 0 0 9
340 8408 1597 1507 225 0 0 131 14 0 41 0 104 0 0 0 9
341 8402 1597 1507 229 0 0 131 15 0 41 0 105 0 0 0 9
342 8404 1595 1507 227 0 0 132 15 0 44 0 103 0 0 0 9
343 8399 1597 1507 224 0 0 134 16 0 44 0 106 0 0 0 9
344 8386 1600 1509 230 0 0 135 16 0 44 0 107 0 0 0 9
345 8375 1604 1513 227 0 0 138 16 0 47 0 107 0 0 0 9
346 8366 1607 1516 226 0 0 139 17 0 48 0 108 0 0 0 9
347 8362 1605 1515 231 0 0 139 18 0 49 0 108 0 0 0 9
348 8351 1608 1518 232 0 0 141 18 0 51 0 108 0 0 0 9
349 8329 1614 1525 241 0 0 140 19 0 51 0 108 0 0 0 9
350 8318 1617 1527 245 0 0 141 19 0 51 0 109 0 0 0 9
351 8309 1622 1531 245 0 0 141 19 0 50 0 110 0 0 0 9
352 8291 1630 1539 247 0 0 141 19 0 50 0 110 0 0 0 9
353 8276 1636 1544 249 0 0 142 19 0 50 0 111 0 0 0 9
354 8257 1642 1550 252 0 0 142 21 0 50 0 113 0 0 0 9
355 8248 1643 1549 253 0 0 145 22 0 51 0 116 0 0 0 9
356 8240 1642 1548 259 0 0 146 23 0 52 0 117 0 0 0 9
357 8244 1638 1542 261 0 0 148 23 0 52 0 119 0 0 0 9
358 8230 1641 1546 266 0 0 149 23 0 54 0 118 0 0 0 9
359 8221 1645 1548 267 0 0 151 22 0 54 0 119 0 0 0 9
360 8208 1650 1551 270 0 0 152 22 0 53 0 121 0 0 0 9
361 8187 1659 1561 272 0 0 152 22 0 54 0 120 0 0 0 9
362 8175 1665 1567 270 0 0 152 23 0 54 0 121 0 0 0 9
363 8166 1667 1571 273 0 0 151 24 0 55 0 120 0 0 0 9
364 8149 1677 1579 268 0 0 153 24 0 55 0 122 0 0 0 9
365 8135 1685 1587 262 0 0 154 25 0 56 0 123 0 0 0 9
366 8125 1689 1591 262 0 0 155 25 0 57 0 123 0 0 0 9
367 8108 1694 1595 270 0 0 156 24 0 57 0 123 0 0 0 9
368 8117 1688 1587 271 0 0 158 24 0 57 0 125 0 0 0 9
369 8115 1688 1584 270 0 0 161 24 0 57 0 128 0 0 0 9
370 8104 1693 1587 267 0 0 163 25 0 57 0 131 0 0 0 9
371 8094 1695 1590 272 0 0 163 25 0 58 0 130 0 0 0 9
372 8098 1692 1588 273 0 0 163 25 0 59 0 129 0 0 0 9
373 8100 1689 1586 272 0 0 164 26 0 61 0 129 0 0 0 9
374 8090 1694 1590 273 0 0 164 26 0 60 0 130 0 0 0 9
375 8088 1694 1589 270 0 0 165 28 0 60 0 133 0 0 0 9
376 8086 1696 1591 266 0 0 165 29 0 60 0 134 0 0 0 9
377 8076 1699 1594 268 0 0 166 29 0 61 0 134 0 0 0 9
378 8078 1699 1593 265 0 0 167 29 0 61 0 135 0 0 0 9
379 8070 1699 1595 271 0 0 165 31 0 61 0 135 0 0 0 9
380 8060 1704 1601 270 0 0 164 32 0 61 0 135 0 0 0 9
381 8052 1707 1603 271 0 0 165 31 0 61 0 135 0 0 0 11
382 8035 1715 1613 270 0 0 164 32 0 62 0 134 0 0 0 11
383 8022 1719 1618 272 0 0 165 32 0 64 0 133 0 0 0 11
384 8015 1722 1620 272 0 0 167 31 0 65 0 133 0 0 0 11
385 8008 1723 1623 275 0 0 166 32 0 66 0 132 0 0 0 11
386 7999 1723 1623 281 0 0 167 32 0 67 0 132 0 0 0 12
387 8005 1719 1618 282 0 0 168 32 0 67 0 133 0 0 0 12
388 7996 1724 1623 281 0 0 168 32 0 67 0 133 0 0 0 12
389 7992 1727 1625 278 0 0 169 32 0 67 0 134 0 0 0 12
390 7997 1722 1619 278 0 0 170 34 0 67 0 137 0 0 0 12
391 7988 1726 1622 280 0 0 170 34 0 66 0 138 0 0 0 12
392 7986 1727 1623 278 0 0 171 34 0 67 0 138 0 0 0 12
393 7981 1729 1624 276 0 0 173 34 0 68 0 139 0 0 0 12
394 7980 1729 1623 275 0 0 174 34 0 68 0 140 0 0 0 13
395 7969 1735 1628 271 0 0 175 35 0 68 0 142 0 0 0 13
396 7968 1735 1628 269 0 0 176 35 0 69 0 142 0 0 0 14
397 7970 1734 1628 268 0 0 177 34 0 71 0 140 0 0 0 14
398 7958 1738 1630 270 0 0 180 33 0 72 0 141 0 0 0 14
399 7953 1742 1633 267 0 0 181 31 0 72 0 140 0 0 0 17
400 7951 1742 1629 267 0 0 184 31 0 71 0 144 0 0 0 17
401 7966 1735 1622 264 0 0 184 32 0 71 0 145 0 0 0 17
402 7960 1739 1625 263 0 0 185 31 0 71 0 145 0 0 0 17
403 7956 1741 1625 261 0 0 187 31 0 71 0 147 0 0 0 17
404 7958 1740 1623 260 0 0 188 31 0 71 0 148 0 0 0 17
405 7962 1737 1621 256 0 0 190 31 0 74 0 147 0 0 0 18
406 7959 1736 1621 256 0 0 190 33 0 75 0 148 0 0 0 18
407 7954 1736 1620 260 0 0 191 33 0 75 0 149 0 0 0 18
408 7949 1737 1620 262 0 0 192 33 0 75 0 150 0 0 0 18
409 7951 1737 1619 258 0 0 194 32 0 76 0 150 0 0 0 19
410 7952 1734 1613 262 0 0 197 31 0 76 0 152 0 0 0 19
411 7948 1734 1614 262 0 0 198 31 0 78 0 151 0 0 0 20
412 7950 1733 1612 261 0 0 199 31 0 78 0 152 0 0 0 20
413 7961 1728 1606 261 0 0 200 30 0 78 0 152 0 0 0 20
414 7968 1720 1601 267 0 0 200 30 0 81 0 149 0 0 0 20
415 7966 1720 1601 267 0 0 200 31 0 81 0 150 0 0 0 20
416 7961 1720 1600 271 0 0 202 30 0 82 0 150 0 0 0 20
417 7971 1714 1593 272 0 0 203 30 0 82 0 151 0 0 0 20
418 7983 1708 1589 268 0 0 202 32 0 83 0 151 0 0 0 20
419 7983 1708 1588 265 0 0 203 33 0 83 0 153 0 0 0 20
420 7974 1712 1592 264 0 0 203 34 0 83 0 154 0 0 0 20
421 7966 1713 1592 269 0 0 204 34 0 83 0 155 0 0 0 20
422 7980 1703 1583 274 0 0 203 35 0 83 0 155 0 0 0 20
423 7976 1706 1587 271 0 0 203 35 0 84 0 154 0 0 0 20
424 7985 1701 1583 269 0 0 203 35 0 85 0 153 0 0 0 22
425 7975 1700 1581 278 0 0 204 36 0 85 0 155 0 0 0 22
426 7969 1701 1583 279 0 0 203 38 0 85 0 156 0 0 0 22
427 7969 1703 1585 275 0 0 203 38 0 85 0 156 0 0 0 22
428 7956 1708 1589 277 0 0 205 37 0 86 0 156 0 0 0 22
429 7949 1710 1591 278 0 0 206 37 0 87 0 156 0 0 0 22
430 7949 1707 1587 282 0 0 208 36 0 88 0 156 0 0 0 23
431 7947 1706 1585 285 0 0 209 36 0 88 0 157 0 0 0 23
432 7943 1708 1586 284 0 0 210 36 0 88 0 158 0 0 0 23
433 7939 1707 1587 286 0 0 210 37 0 90 0 157 0 0 0 23
434 7940 1704 1582 291 0 0 212 36 0 90 0 158 0 0 0 23
435 7927 1709 1590 290 0 0 210 38 0 91 0 157 0 0 0 24
436 7908 1716 1598 292 0 0 209 40 0 91 0 158 0 0 0 24
437 7887 1723 1604 296 0 0 210 41 0 91 0 160 0 0 0 24
438 7888 1722 1602 296 0 0 211 41 0 91 0 161 0 0 0 24
439 7863 1732 1614 299 0 0 209 43 0 91 0 161 0 0 0 24
440 7856 1734 1615 297 0 0 210 45 0 91 0 164 0 0 0 24
441 7842 1742 1622 293 0 0 211 45 0 91 0 165 0 0 0 25
442 7835 1745 1624 290 0 0 212 46 0 91 0 167 0 0 0 26
443 7830 1744 1620 293 0 0 216 45 0 92 0 169 0 0 0 27
444 7814 1750 1624 294 0 0 218 45 0 92 0 171 0 0 0 28
445 7811 1752 1625 292 0 0 220 44 0 93 0 171 0 0 0 28
446 7814 1748 1620 295 0 0 221 44 0 93 0 172 0 0 0 29
447 7808 1747 1618 302 0 0 222 44 0 93 0 173 0 0 0 29
448 7803 1749 1620 301 0 0 223 44 0 94 0 173 0 0 0 29
449 7800 1749 1620 303 0 0 223 44 0 94 0 173 0 0 0 30
450 7786 1755 1625 304 0 0 224 44 0 94 0 174 0 0 0 30
451 7788 1755 1623 300 0 0 226 43 0 94 0 175 0 0 0 32
452 7781 1758 1626 298 0 0 227 43 0 95 0 175 0 0 0 33
453 7777 1758 1626 300 0 0 228 43 0 96 0 175 0 0 0 33
454 7757 1766 1634 299 0 0 230 43 0 98 0 175 0 0 0 34
455 7750 1770 1634 294 0 0 234 43 0 98 0 179 0 0 0 34
456 7745 1773 1635 293 0 0 237 40 0 99 0 178 0 0 0 36
457 7737 1775 1635 292 0 0 239 41 0 99 0 181 0 0 0 37
458 7730 1780 1637 288 0 0 242 40 0 99 0 183 0 0 0 37
459 7728 1780 1639 287 0 0 242 40 0 101 0 181 0 0 0 38
460 7713 1784 1645 292 0 0 241 41 0 102 0 180 0 0 0 38
461 7722 1778 1640 294 0 0 241 41 0 103 0 179 0 0 0 38
462 7705 1787 1647 291 0 0 242 42 0 102 0 182 0 0 0 38
463 7687 1794 1653 292 0 0 244 42 0 103 0 183 0 0 0 38
464 7683 1795 1653 291 0 0 246 42 0 104 0 184 0 0 0 38
465 7676 1796 1656 288 0 0 246 45 0 106 0 185 0 0 0 38
466 7674 1797 1657 288 0 0 247 44 0 107 0 184 0 0 0 38
467 7661 1804 1662 283 0 0 249 45 0 107 0 187 0 0 0 38
468 7646 1809 1667 286 0 0 249 46 0 107 0 188 0 0 0 38
469 7636 1810 1670 292 0 0 248 47 0 108 0 187 0 0 0 38
470 7631 1809 1670 296 0 0 248 48 0 109 0 187 0 0 0 38
471 7627 1811 1669 292 0 0 251 48 0 109 0 190 0 0 0 39
472 7607 1820 1677 291 0 0 252 48 0 109 0 191 0 0 0 41
473 7592 1826 1683 294 0 0 252 48 0 109 0 191 0 0 0 41
474 7586 1828 1685 296 0 0 252 48 0 109 0 191 0 0 0 41
475 7582 1828 1687 295 0 0 253 48 0 112 0 189 0 0 0 42
476 7566 1834 1695 294 0 0 253 49 0 114 0 188 0 0 0 43
477 7565 1833 1692 295 0 0 255 49 0 114 0 190 0 0 0 43
478 7553 1838 1694 298 0 0 257 48 0 113 0 192 0 0 0 43
479 7542 1842 1697 298 0 0 258 48 0 113 0 193 0 0 0 45
480 7529 1846 1701 301 0 0 260 47 0 115 0 192 0 0 0 45
481 7520 1849 1703 303 0 0 261 47 0 115 0 193 0 0 0 45
482 7503 1858 1707 296 0 0 267 46 0 116 0 197 0 0 0 46
483 7512 1853 1703 296 0 0 267 46 0 117 0 196 0 0 0 46
484 7500 1853 1705 306 0 0 266 47 0 118 0 195 0 0 0 46
485 7493 1857 1707 304 0 0 268 45 0 118 0 195 0 0 0 49
486 7494 1857 1706 300 0 0 269 46 0 118 0 197 0 0 0 49
487 7486 1857 1708 299 0 0 270 48 0 121 0 197 0 0 0 50
488 7462 1868 1719 299 0 0 271 48 0 122 0 197 0 0 0 50
489 7474 1863 1714 295 0 0 272 48 0 123 0 197 0 0 0 50
490 7452 1872 1722 293 0 0 274 49 0 124 0 199 0 0 0 51
491 7458 1868 1719 294 0 0 274 49 0 125 0 198 0 0 0 51
492 7461 1867 1719 292 0 0 274 49 0 126 0 197 0 0 0 51
493 7458 1868 1720 289 0 0 275 50 0 127 0 198 0 0 0 51
494 7448 1870 1721 292 0 0 277 50 0 128 0 199 0 0 0 51
495 7450 1867 1721 292 0 0 277 50 0 131 0 196 0 0 0 52
496 7461 1858 1711 298 0 0 278 50 0 131 0 197 0 0 0 52
497 7454 1862 1717 295 0 0 278 50 0 133 0 195 0 0 0 52
498 7444 1868 1721 292 0 0 280 49 0 133 0 196 0 0 0 53
499 7427 1874 1729 295 0 0 280 49 0 135 0 194 0 0 0 53
500 7423 1873 1729 300 0 0 280 49 0 136 0 193 0 0 0 53
501 7416 1875 1732 296 0 0 280 52 0 137 0 195 0 0 0 53
502 7408 1879 1734 292 0 0 284 51 0 139 0 196 0 0 0 53
503 7398 1882 1737 294 0 0 285 51 0 140 0 196 0 0 0 53
504 7394 1882 1737 294 0 0 287 51 0 142 0 196 0 0 0 53
505 7396 1881 1738 292 0 0 285 53 0 142 0 196 0 0 0 53
506 7391 1883 1738 294 0 0 286 52 0 141 0 197 0 0 0 54
507 7388 1884 1737 293 0 0 289 51 0 142 0 198 0 0 0 54
508 7393 1878 1732 299 0 0 289 51 0 143 0 197 0 0 0 54
509 7402 1870 1724 303 0 0 290 51 0 144 0 197 0 0 0 55
510 7400 1872 1726 299 0 0 291 51 0 145 0 197 0 0 0 55
511 7397 1870 1725 301 0 0 292 52 0 147 0 197 0 0 0 55
512 7397 1871 1725 298 0 0 293 52 0 147 0 198 0 0 0 55
513 7396 1871 1726 298 0 0 293 52 0 148 0 197 0 0 0 55
514 7403 1865 1719 303 0 0 294 51 0 148 0 197 0 0 0 56
515 7393 1870 1725 301 0 0 295 50 0 150 0 195 0 0 0 57
516 7404 1863 1717 303 0 0 296 50 0 150 0 196 0 0 0 57
517 7420 1854 1709 302 0 0 297 50 0 152 0 195 0 0 0 57
518 7421 1854 1709 301 0 0 297 50 0 152 0 195 0 0 0 57
519 7421 1853 1707 301 0 0 299 49 0 153 0 195 0 0 0 58
520 7419 1854 1708 301 0 0 299 49 0 153 0 195 0 0 0 58
521 7423 1854 1706 295 0 0 301 49 0 153 0 197 0 0 0 58
522 7415 1856 1711 296 0 0 299 51 0 154 0 196 0 0 0 58
523 7421 1853 1709 295 0 0 298 52 0 154 0 196 0 0 0 58
524 7420 1852 1706 298 0 0 300 50 0 154 0 196 0 0 0 60
525 7429 1847 1701 299 0 0 302 48 0 156 0 194 0 0 0 60
526 7416 1851 1706 303 0 0 302 48 0 157 0 193 0 0 0 60
527 7430 1843 1698 303 0 0 302 49 0 157 0 194 0 0 0 60
528 7428 1846 1701 300 0 0 302 49 0 157 0 194 0 0 0 59
529 7430 1843 1698 302 0 0 302 50 0 157 0 195 0 0 0 59
530 7438 1839 1694 302 0 0 302 50 0 157 0 195 0 0 0 59
531 7426 1840 1695 310 0 0 303 50 0 158 0 195 0 0 0 59
532 7422 1840 1697 311 0 0 301 52 0 158 0 195 0 0 0 60
533 7422 1838 1696 314 0 0 301 52 0 159 0 194 0 0 0 60
534 7427 1834 1691 316 0 0 303 51 0 160 0 194 0 0 0 60
535 7440 1825 1684 317 0 0 303 51 0 162 0 192 0 0 0 62
536 7455 1817 1678 316 0 0 303 51 0 164 0 190 0 0 0 62
537 7450 1821 1681 314 0 0 304 50 0 164 0 190 0 0 0 62
538 7453 1817 1677 318 0 0 305 49 0 165 0 189 0 0 0 63
539 7462 1812 1672 317 0 0 306 49 0 166 0 189 0 0 0 63
540 7460 1809 1671 323 0 0 305 50 0 167 0 188 0 0 0 63
541 7458 1808 1671 326 0 0 305 50 0 168 0 187 0 0 0 63
542 7454 1809 1672 326 0 0 306 50 0 169 0 187 0 0 0 63
543 7455 1807 1671 328 0 0 305 51 0 169 0 187 0 0 0 63
544 7466 1802 1667 325 0 0 305 51 0 170 0 186 0 0 0 64
545 7466 1804 1669 320 0 0 305 51 0 170 0 186 0 0 0 65
546 7467 1803 1668 318 0 0 306 51 0 171 0 186 0 0 0 66
547 7457 1805 1670 322 0 0 306 52 0 171 0 187 0 0 0 66
548 7453 1805 1671 325 0 0 306 52 0 172 0 186 0 0 0 66
549 7460 1802 1667 323 0 0 306 53 0 171 0 188 0 0 0 66
550 7466 1796 1664 324 0 0 306 54 0 174 0 186 0 0 0 66
551 7471 1794 1662 323 0 0 307 53 0 175 0 185 0 0 0 66
552 7476 1790 1657 325 0 0 307 54 0 174 0 187 0 0 0 66
553 7483 1786 1652 325 0 0 308 54 0 174 0 188 0 0 0 66
554 7475 1790 1655 326 0 0 309 53 0 174 0 188 0 0 0 66
555 7482 1786 1652 324 0 0 308 55 0 174 0 189 0 0 0 66
556 7493 1781 1647 321 0 0 308 56 0 174 0 190 0 0 0 66
557 7494 1783 1649 316 0 0 309 55 0 175 0 189 0 0 0 66
558 7498 1780 1646 314 0 0 310 56 0 176 0 190 0 0 0 66
559 7514 1773 1640 311 0 0 310 56 0 177 0 189 0 0 0 66
560 7535 1761 1628 310 0 0 310 58 0 177 0 191 0 0 0 66
561 7531 1764 1630 309 0 0 311 57 0 177 0 191 0 0 0 66
562 7535 1759 1626 314 0 0 311 57 0 178 0 190 0 0 0 66
563 7534 1759 1626 313 0 0 312 57 0 179 0 190 0 0 0 66
564 7542 1752 1620 317 0 0 312 57 0 180 0 189 0 0 0 67
565 7550 1747 1616 318 0 0 312 57 0 181 0 188 0 0 0 67
566 7558 1740 1613 320 0 0 312 57 0 185 0 184 0 0 0 67
567 7550 1743 1617 321 0 0 312 57 0 186 0 183 0 0 0 67
568 7547 1744 1618 320 0 0 313 57 0 187 0 183 0 0 0 67
569 7567 1736 1609 315 0 0 314 57 0 187 0 184 0 0 0 67
570 7566 1736 1612 311 0 0 313 59 0 189 0 183 0 0 0 67
571 7561 1738 1616 310 0 0 313 59 0 191 0 181 0 0 0 67
572 7560 1737 1614 311 0 0 314 59 0 191 0 182 0 0 0 68
573 7550 1742 1617 311 0 0 316 58 0 191 0 183 0 0 0 68
574 7541 1745 1620 313 0 0 317 57 0 192 0 182 0 0 0 69
575 7539 1743 1619 318 0 0 317 57 0 193 0 181 0 0 0 69
576 7552 1736 1611 318 0 0 318 57 0 193 0 182 0 0 0 69
577 7544 1739 1612 320 0 0 320 56 0 193 0 183 0 0 0 69
578 7542 1742 1614 317 0 0 321 55 0 193 0 183 0 0 0 69
579 7550 1737 1610 318 0 0 321 55 0 194 0 182 0 0 0 69
580 7539 1744 1617 315 0 0 321 55 0 194 0 182 0 0 0 69
581 7555 1736 1608 314 0 0 322 55 0 194 0 183 0 0 0 69
582 7548 1738 1611 316 0 0 322 55 0 195 0 182 0 0 0 69
583 7551 1737 1609 314 0 0 324 54 0 196 0 182 0 0 0 69
584 7567 1729 1601 312 0 0 324 55 0 196 0 183 0 0 0 69
585 7557 1735 1604 311 0 0 325 55 0 194 0 186 0 0 0 69
586 7555 1734 1602 314 0 0 326 55 0 194 0 187 0 0 0 69
587 7562 1732 1601 309 0 0 326 55 0 195 0 186 0 0 0 70
588 7569 1728 1598 309 0 0 327 54 0 197 0 184 0 0 0 70
589 7562 1731 1601 308 0 0 328 54 0 198 0 184 0 0 0 70
590 7561 1731 1601 307 0 0 328 55 0 198 0 185 0 0 0 70
591 7571 1728 1597 304 0 0 329 54 0 198 0 185 0 0 0 70
592 7566 1730 1601 303 0 0 328 55 0 199 0 184 0 0 0 70
593 7575 1725 1597 303 0 0 328 55 0 200 0 183 0 0 0 70
594 7598 1712 1586 302 0 0 330 54 0 204 0 180 0 0 0 70
595 7608 1705 1581 304 0 0 330 54 0 206 0 178 0 0 0 70
596 7605 1706 1582 305 0 0 331 53 0 207 0 177 0 0 0 70
597 7600 1707 1584 305 0 0 332 53 0 209 0 176 0 0 0 70
598 7597 1708 1584 305 0 0 334 52 0 210 0 176 0 0 0 70
599 7611 1699 1576 306 0 0 335 52 0 212 0 175 0 0 0 70
600 7614 1699 1577 302 0 0 336 51 0 214 0 173 0 0 0 70
601 7606 1701 1579 306 0 0 337 50 0 215 0 172 0 0 0 70
602 7607 1702 1578 301 0 0 339 50 0 215 0 174 0 0 0 70
603 7620 1696 1573 299 0 0 339 50 0 216 0 173 0 0 0 70
604 7624 1694 1571 297 0 0 340 50 0 217 0 173 0 0 0 70
605 7632 1691 1568 295 0 0 339 51 0 216 0 174 0 0 0 70
606 7634 1691 1568 293 0 0 339 51 0 216 0 174 0 0 0 70
607 7638 1686 1564 298 0 0 339 51 0 217 0 173 0 0 0 70
608 7648 1679 1558 301 0 0 338 52 0 217 0 173 0 0 0 70
609 7652 1676 1556 300 0 0 338 53 0 218 0 173 0 0 0 70
610 7666 1670 1549 299 0 0 338 53 0 217 0 174 0 0 0 70
611 7667 1668 1549 300 0 0 338 53 0 219 0 172 0 0 0 70
612 7667 1667 1548 300 0 0 338 54 0 219 0 173 0 0 0 70
613 7677 1664 1543 296 0 0 340 53 0 219 0 174 0 0 0 70
614 7672 1668 1545 293 0 0 342 52 0 219 0 175 0 0 0 70
615 7690 1661 1536 291 0 0 344 50 0 219 0 175 0 0 0 70
616 7699 1658 1534 287 0 0 344 50 0 220 0 174 0 0 0 70
617 7708 1651 1528 291 0 0 344 50 0 221 0 173 0 0 0 70
618 7695 1656 1533 292 0 0 345 50 0 222 0 173 0 0 0 70
619 7703 1651 1529 291 0 0 345 51 0 223 0 173 0 0 0 70
620 7702 1650 1531 291 0 0 345 51 0 226 0 170 0 0 0 70
621 7713 1645 1527 287 0 0 344 53 0 226 0 171 0 0 0 70
622 7723 1641 1521 285 0 0 346 52 0 226 0 172 0 0 0 70
623 7736 1635 1517 280 0 0 347 52 0 229 0 170 0 0 0 70
624 7733 1635 1518 282 0 0 348 51 0 231 0 168 0 0 0 70
625 7732 1635 1519 282 0 0 348 51 0 232 0 167 0 0 0 70
626 7737 1635 1521 275 0 0 347 52 0 233 0 166 0 0 0 70
627 7746 1632 1518 272 0 0 347 52 0 233 0 166 0 0 0 70
628 7748 1630 1517 273 0 0 347 52 0 234 0 165 0 0 0 70
629 7759 1624 1510 273 0 0 347 53 0 233 0 167 0 0 0 70
630 7755 1625 1510 276 0 0 348 52 0 233 0 167 0 0 0 70
631 7757 1623 1509 275 0 0 348 53 0 234 0 167 0 0 0 70
632 7759 1622 1508 275 0 0 348 53 0 234 0 167 0 0 0 70
633 7759 1620 1505 280 0 0 348 53 0 233 0 168 0 0 0 70
634 7754 1623 1508 279 0 0 348 53 0 233 0 168 0 0 0 70
635 7766 1617 1501 277 0 0 350 52 0 234 0 168 0 0 0 71
636 7777 1610 1496 278 0 0 349 53 0 235 0 167 0 0 0 71
637 7796 1598 1486 281 0 0 349 53 0 237 0 165 0 0 0 71
638 7786 1600 1489 284 0 0 349 54 0 238 0 165 0 0 0 71
639 7795 1598 1485 279 0 0 351 53 0 238 0 166 0 0 0 71
640 7806 1590 1478 281 0 0 351 54 0 239 0 166 0 0 0 71
641 7816 1587 1475 274 0 0 351 55 0 239 0 167 0 0 0 72
642 7826 1581 1470 273 0 0 351 56 0 240 0 167 0 0 0 72
643 7821 1581 1470 278 0 0 351 56 0 240 0 167 0 0 0 72
644 7828 1574 1467 281 0 0 350 57 0 243 0 164 0 0 0 72
645 7830 1570 1465 284 0 0 349 58 0 244 0 163 0 0 0 73
646 7826 1569 1465 289 0 0 349 58 0 245 0 162 0 0 0 73
647 7840 1563 1460 286 0 0 347 60 0 244 0 163 0 0 0 73
648 7833 1565 1463 286 0 0 347 61 0 245 0 163 0 0 0 73
649 7847 1558 1457 285 0 0 347 61 0 246 0 162 0 0 0 73
650 7863 1551 1451 280 0 0 347 62 0 247 0 162 0 0 0 73
651 7863 1551 1450 279 0 0 348 62 0 247 0 163 0 0 0 73
652 7855 1555 1454 279 0 0 349 61 0 248 0 162 0 0 0 73
653 7841 1561 1459 278 0 0 350 62 0 248 0 164 0 0 0 73
654 7847 1557 1456 279 0 0 350 62 0 249 0 163 0 0 0 73
655 7854 1555 1453 277 0 0 351 61 0 249 0 163 0 0 0 73
656 7866 1551 1448 274 0 0 352 60 0 249 0 163 0 0 0 73
657 7881 1544 1440 274 0 0 352 60 0 248 0 164 0 0 0 73
658 7884 1542 1440 273 0 0 353 59 0 251 0 161 0 0 0 73
659 7891 1536 1435 277 0 0 353 59 0 252 0 160 0 0 0 73
660 7911 1525 1424 279 0 0 353 59 0 252 0 160 0 0 0 73
661 7914 1525 1422 276 0 0 354 59 0 251 0 162 0 0 0 73
662 7923 1522 1419 273 0 0 354 59 0 251 0 162 0 0 0 73
663 7934 1516 1412 273 0 0 355 59 0 251 0 163 0 0 0 73
664 7934 1516 1413 272 0 0 355 59 0 252 0 162 0 0 0 73
665 7924 1520 1416 273 0 0 357 57 0 253 0 161 0 0 0 75
666 7929 1516 1411 275 0 0 358 57 0 253 0 162 0 0 0 75
667 7934 1515 1410 272 0 0 358 57 0 253 0 162 0 0 0 75
668 7935 1515 1409 267 0 0 359 58 0 253 0 164 0 0 0 76
669 7942 1514 1407 263 0 0 359 58 0 252 0 165 0 0 0 76
670 7952 1508 1404 262 0 0 358 59 0 254 0 163 0 0 0 76
671 7952 1509 1405 260 0 0 357 60 0 253 0 164 0 0 0 76
672 7960 1508 1404 254 0 0 357 60 0 253 0 164 0 0 0 76
673 7955 1511 1408 252 0 0 356 61 0 253 0 164 0 0 0 76
674 7961 1508 1405 252 0 0 356 61 0 253 0 164 0 0 0 76
675 7974 1501 1399 252 0 0 355 62 0 253 0 164 0 0 0 76
676 7972 1503 1402 249 0 0 356 61 0 255 0 162 0 0 0 76
677 7980 1500 1398 248 0 0 357 60 0 255 0 162 0 0 0 76
678 7988 1496 1395 245 0 0 356 62 0 255 0 163 0 0 0 76
679 8005 1488 1388 241 0 0 356 63 0 256 0 163 0 0 0 76
680 8002 1486 1388 244 0 0 356 64 0 258 0 162 0 0 0 76
681 8009 1481 1384 246 0 0 357 63 0 260 0 160 0 0 0 76
682 8008 1482 1384 244 0 0 358 63 0 260 0 161 0 0 0 76
683 8018 1477 1380 243 0 0 358 63 0 261 0 160 0 0 0 76
684 8016 1477 1381 244 0 0 357 64 0 261 0 160 0 0 0 76
685 8021 1473 1378 246 0 0 357 64 0 262 0 159 0 0 0 76
686 8022 1473 1379 242 0 0 357 65 0 263 0 159 0 0 0 76
687 8022 1475 1380 236 0 0 359 64 0 264 0 159 0 0 0 77
688 8030 1475 1380 226 0 0 359 65 0 264 0 160 0 0 0 77
689 8029 1474 1378 230 0 0 360 64 0 264 0 160 0 0 0 77
690 8034 1472 1376 229 0 1 360 63 1 263 0 160 0 0 0 77
691 8045 1465 1370 231 0 1 360 63 1 264 0 159 0 0 0 77
692 8053 1462 1368 228 0 1 360 63 1 265 0 158 0 0 0 77
693 8055 1460 1370 226 0 1 360 63 1 269 0 154 0 0 0 77
694 8065 1457 1368 219 0 1 360 64 1 270 0 154 0 0 0 77
695 8077 1451 1364 216 0 1 361 63 1 273 0 151 0 0 0 78
696 8081 1449 1361 215 0 1 363 62 1 274 0 151 0 0 0 78
697 8095 1443 1354 214 0 1 363 62 1 273 0 152 0 0 0 78
698 8097 1444 1354 211 0 1 364 61 1 273 0 152 0 0 0 78
699 8096 1445 1357 208 0 1 364 61 1 275 0 150 0 0 0 78
700 8098 1442 1354 212 0 1 364 61 1 275 0 150 0 0 0 78
701 8090 1443 1357 214 0 1 364 62 1 277 0 149 0 0 0 78
702 8091 1442 1359 212 0 1 364 62 1 280 0 146 0 0 0 78
703 8088 1442 1361 213 0 1 364 62 1 282 0 144 0 0 0 78
704 8079 1444 1364 217 0 1 364 62 1 283 0 143 0 0 0 78
705 8080 1443 1363 218 0 1 364 62 1 283 0 143 0 0 0 78
706 8100 1431 1352 221 0 1 365 61 1 285 0 141 0 0 0 78
707 8111 1425 1346 222 0 1 365 61 1 285 0 141 0 0 0 78
708 8118 1422 1344 220 0 1 365 61 1 286 0 140 0 0 0 78
709 8124 1418 1339 223 0 1 366 60 1 286 0 140 0 0 0 78
710 8120 1420 1341 223 0 1 366 60 1 286 0 140 0 0 0 78
711 8126 1418 1337 222 0 1 368 58 1 286 0 140 0 0 0 79
712 8131 1415 1335 222 0 1 368 58 1 287 0 139 0 0 0 79
713 8137 1411 1330 223 0 1 369 58 1 287 0 140 0 0 0 79
714 8142 1408 1327 224 0 1 369 58 1 287 0 140 0 0 0 79
715 8143 1408 1326 224 0 1 369 58 1 286 0 141 0 0 0 79
716 8141 1410 1328 222 0 1 369 58 1 286 0 141 0 0 0 79
717 8148 1407 1324 222 0 1 370 57 1 286 0 141 0 0 0 79
718 8150 1408 1325 218 0 1 371 56 1 287 0 140 0 0 0 79
719 8153 1406 1324 216 0 1 370 58 1 287 0 141 0 0 0 79
720 8143 1409 1327 216 0 1 372 58 1 289 0 141 0 0 0 79
721 8156 1405 1321 209 0 1 374 58 1 289 0 143 0 0 0 79
722 8161 1400 1320 209 0 1 373 59 1 292 0 140 0 0 0 80
723 8166 1396 1315 209 0 1 374 60 1 292 0 142 0 0 0 80
724 8166 1398 1316 205 0 1 375 59 1 292 0 142 0 0 0 81
725 8166 1398 1316 205 0 1 375 59 1 292 0 142 0 0 0 81
726 8171 1397 1314 203 0 1 376 58 1 292 0 142 0 0 0 81
727 8171 1395 1315 204 0 1 376 58 1 295 0 139 0 0 0 81
728 8158 1400 1319 206 0 1 377 58 1 295 0 140 0 0 0 81
729 8172 1392 1313 206 0 1 377 58 1 297 0 138 0 0 0 81
730 8185 1387 1307 204 0 1 377 58 1 296 0 139 0 0 0 81
731 8202 1377 1298 206 0 1 377 58 1 297 0 138 0 0 0 81
732 8199 1380 1302 202 0 1 377 58 1 298 0 137 0 0 0 81
733 8213 1371 1294 205 0 1 377 58 1 299 0 136 0 0 0 81
734 8203 1375 1297 206 0 1 377 59 1 298 0 138 0 0 0 81
735 8201 1376 1297 207 0 1 378 58 1 298 0 138 0 0 0 81
736 8200 1375 1298 208 0 1 377 59 1 299 0 137 0 0 0 81
737 8214 1367 1291 209 0 1 377 59 1 300 0 136 0 0 0 81
738 8217 1365 1291 208 0 1 377 59 1 302 0 134 0 0 0 81
739 8223 1361 1287 208 0 1 377 60 1 302 0 135 0 0 0 81
740 8227 1360 1284 208 0 1 380 57 1 303 0 134 0 0 0 81
741 8226 1360 1285 208 0 1 379 58 1 303 0 134 0 0 0 81
742 8232 1357 1284 206 0 1 379 58 1 305 0 132 0 0 0 81
743 8233 1356 1283 205 0 1 380 58 1 306 0 132 0 0 0 81
744 8237 1355 1282 203 0 1 380 58 1 306 0 132 0 0 0 81
745 8245 1351 1280 201 0 1 379 59 1 307 0 131 0 0 0 81
746 8252 1346 1278 201 0 1 379 59 1 310 0 128 0 0 0 81
747 8285 1330 1264 198 0 1 379 59 1 312 0 126 0 0 0 81
748 8285 1330 1264 198 0 1 378 60 1 311 0 127 0 0 0 81
749 8286 1328 1264 199 0 1 378 60 1 313 0 125 0 0 0 81
750 8299 1322 1258 197 0 1 379 59 1 314 0 124 0 0 0 82
751 8301 1320 1256 198 0 1 380 58 1 315 0 123 0 0 0 83
752 8314 1314 1251 196 0 1 380 58 1 316 0 122 0 0 0 83
753 8313 1314 1251 197 0 1 381 57 1 317 0 121 0 0 0 83
754 8315 1313 1250 197 0 1 381 57 1 317 0 121 0 0 0 83
755 8310 1319 1253 193 0 1 380 58 1 313 0 125 0 0 0 83
756 8314 1316 1252 193 0 1 379 59 1 314 0 124 0 0 0 83
757 8308 1318 1255 194 0 1 379 59 1 315 0 123 0 0 0 83
758 8319 1314 1251 191 0 1 379 59 1 315 0 123 0 0 0 83
759 8321 1313 1251 190 0 1 379 59 1 316 0 122 0 0 0 83
760 8326 1311 1250 188 0 1 380 58 1 318 0 120 0 0 0 83
761 8332 1308 1246 187 0 1 381 58 1 318 0 121 0 0 0 83
762 8346 1302 1241 184 0 1 381 58 1 319 0 120 0 0 0 83
763 8339 1306 1246 182 0 1 381 58 1 320 0 119 0 0 0 83
764 8340 1306 1246 181 0 1 381 58 1 320 0 119 0 0 0 83
765 8337 1308 1249 179 0 1 380 59 1 320 0 119 0 0 0 83
766 8346 1302 1242 181 0 1 381 59 1 320 0 120 0 0 0 83
767 8354 1298 1237 182 0 1 382 58 1 320 0 120 0 0 0 83
768 8360 1295 1234 182 0 1 382 58 1 320 0 120 0 0 0 83
769 8367 1292 1232 178 0 1 382 59 1 321 0 120 0 0 0 83
770 8368 1291 1230 180 0 1 382 59 1 320 0 121 0 0 0 83
771 8374 1287 1226 182 0 1 382 59 1 320 0 121 0 0 0 83
772 8387 1281 1220 181 0 1 382 59 1 320 0 121 0 0 0 83
773 8406 1272 1211 180 0 1 382 59 1 320 0 121 0 0 0 83
774 8409 1269 1208 183 0 1 381 60 1 319 0 122 0 0 0 83
775 8407 1268 1207 187 0 1 382 59 1 320 0 121 0 0 0 83
776 8412 1267 1205 184 0 1 383 58 1 320 0 121 0 0 0 84
777 8419 1264 1203 182 0 1 383 58 1 321 0 120 0 0 0 84
778 8419 1263 1204 182 0 1 382 59 1 322 0 119 0 0 0 84
779 8418 1261 1202 187 0 1 383 58 1 323 0 118 0 0 0 84
780 8426 1258 1198 186 0 1 384 57 1 323 0 118 0 0 0 84
781 8433 1256 1196 183 0 1 384 57 1 323 0 118 0 0 0 84
782 8437 1254 1194 183 1 1 383 57 2 322 0 118 0 0 0 84
783 8443 1250 1191 182 1 1 383 58 2 323 0 118 0 0 0 84
784 8451 1248 1189 178 1 1 383 58 2 323 0 118 0 0 0 84
785 8454 1246 1187 179 1 1 383 58 2 323 0 118 0 0 0 84
786 8477 1234 1176 179 1 1 385 56 2 326 0 115 0 0 0 84
787 8478 1232 1176 180 1 1 385 56 2 328 0 113 0 0 0 84
788 8477 1230 1174 185 1 1 385 56 2 328 0 113 0 0 0 84
789 8495 1222 1166 181 1 1 386 56 2 329 0 113 0 0 0 84
790 8499 1222 1165 177 1 1 387 55 2 329 0 113 0 0 0 85
791 8502 1220 1165 174 1 1 385 58 2 329 0 114 0 0 0 85
792 8506 1218 1163 174 1 1 385 58 2 329 0 114 0 0 0 85
793 8512 1215 1158 174 1 1 387 57 2 329 0 115 0 0 0 85
794 8517 1214 1157 171 1 1 388 56 2 330 0 114 0 0 0 85
795 8515 1214 1156 174 1 1 389 55 2 330 0 114 0 0 0 85
796 8519 1212 1154 174 1 1 389 55 2 330 0 114 0 0 0 85
797 8522 1211 1152 174 1 1 391 53 2 331 0 113 0 0 0 85
798 8521 1211 1152 175 1 1 391 53 2 331 0 113 0 0 0 85
799 8519 1214 1156 170 1 1 390 54 2 331 0 113 0 0 0 85
800 8525 1212 1153 169 1 1 390 54 2 330 0 114 0 0 0 85
801 8532 1207 1151 169 1 1 390 54 2 333 0 111 0 0 0 85
802 8544 1203 1148 164 1 1 390 54 2 334 0 110 0 0 0 85
803 8558 1198 1143 160 1 1 390 54 2 334 0 110 0 0 0 85
804 8560 1197 1140 162 1 1 391 53 2 333 0 111 0 0 0 85
805 8558 1198 1142 159 1 1 392 53 2 335 0 110 0 0 0 85
806 8564 1195 1139 157 1 1 392 54 2 335 0 111 0 0 0 85
807 8571 1192 1135 157 1 1 393 53 2 335 0 111 0 0 0 85
808 8582 1185 1131 157 1 1 392 54 2 337 0 109 0 0 0 85
809 8591 1181 1127 156 1 1 392 54 2 337 0 109 0 0 0 85
810 8586 1185 1131 153 1 1 392 54 2 337 0 109 0 0 0 85
811 8600 1178 1124 153 1 1 393 53 2 338 0 108 0 0 0 85
812 8598 1179 1125 153 1 1 393 53 2 338 0 108 0 0 0 85
813 8605 1175 1122 153 1 1 393 53 2 339 0 107 0 0 0 85
814 8606 1174 1121 154 1 1 394 52 2 340 0 106 0 0 0 85
815 8614 1171 1119 151 1 1 394 52 2 341 0 105 0 0 0 85
816 8612 1172 1121 150 1 1 393 53 2 341 0 105 0 0 0 85
817 8611 1172 1120 152 1 1 393 53 2 340 0 106 0 0 0 85
818 8609 1174 1122 150 1 1 393 53 2 340 0 106 0 0 0 85
819 8612 1172 1120 151 1 1 393 53 2 340 0 106 0 0 0 85
820 8602 1177 1123 152 1 1 395 51 2 340 0 106 0 0 0 86
821 8607 1174 1118 155 1 1 396 50 2 339 0 107 0 0 0 86
822 8622 1166 1112 154 1 1 396 50 2 341 0 105 0 0 0 86
823 8621 1166 1111 154 1 1 397 50 2 341 0 106 0 0 0 86
824 8626 1165 1109 152 1 1 398 49 2 341 0 106 0 0 0 86
825 8624 1166 1110 152 1 1 398 49 2 341 0 106 0 0 0 86
826 8624 1167 1110 151 1 1 398 49 2 340 0 107 0 0 0 86
827 8622 1166 1110 154 1 1 398 49 2 341 0 106 0 0 0 86
828 8613 1170 1115 154 1 1 398 49 2 342 0 105 0 0 0 86
829 8630 1164 1109 149 1 1 398 49 2 342 0 105 0 0 0 86
830 8634 1165 1110 143 1 2 399 47 3 342 0 104 0 0 0 86
831 8639 1162 1109 142 1 2 399 47 3 344 0 102 0 0 0 86
832 8643 1160 1108 141 1 2 399 47 3 345 0 101 0 0 0 86
833 8652 1155 1104 141 1 2 399 47 3 346 0 100 0 0 0 86
834 8659 1152 1100 141 1 2 399 47 3 345 0 101 0 0 0 86
835 8667 1148 1097 140 1 2 398 48 3 345 0 101 0 0 0 86
836 8665 1149 1098 140 1 2 398 48 3 345 0 101 0 0 0 86
837 8661 1151 1101 137 1 2 398 49 3 346 0 101 0 0 0 86
838 8667 1149 1098 135 1 2 399 48 3 346 0 101 0 0 0 87
839 8675 1145 1095 134 1 2 399 48 3 347 0 100 0 0 0 87
840 8675 1146 1095 133 1 2 400 47 3 347 0 100 0 0 0 87
841 8690 1138 1089 131 1 2 399 48 3 348 0 99 0 0 0 88
842 8703 1131 1084 130 1 2 399 48 3 350 0 97 0 0 0 88
843 8707 1127 1081 133 1 2 398 49 3 350 0 97 0 0 0 88
844 8712 1125 1079 132 1 2 398 49 3 350 0 97 0 0 0 88
845 8724 1118 1074 132 1 2 396 51 3 350 0 97 0 0 0 88
846 8729 1116 1074 129 1 2 396 51 3 352 0 95 0 0 0 88
847 8730 1115 1072 129 1 2 398 50 3 353 0 95 0 0 0 88
848 8742 1108 1067 129 1 2 398 50 3 355 0 93 0 0 0 88
849 8747 1104 1066 129 1 2 397 51 3 357 0 91 0 0 0 88
850 8751 1102 1065 128 1 2 397 51 3 358 0 90 0 0 0 88
851 8748 1105 1067 126 1 2 398 50 3 358 0 90 0 0 0 88
852 8761 1096 1059 130 1 2 398 50 3 359 0 89 0 0 0 88
853 8760 1096 1059 131 1 2 397 51 3 358 0 90 0 0 0 88
854 8759 1097 1061 129 1 2 397 51 3 359 0 89 0 0 0 88
855 8769 1090 1057 129 1 2 396 52 3 361 0 87 0 0 0 89
856 8778 1086 1054 127 1 2 396 52 3 362 0 86 0 0 0 89
857 8782 1086 1054 123 1 2 396 52 3 362 0 86 0 0 0 89
858 8783 1086 1053 121 1 2 397 52 3 362 0 87 0 0 0 89
859 8786 1083 1053 121 1 2 397 52 3 365 0 84 0 0 0 89
860 8792 1081 1052 118 1 2 398 51 3 367 0 82 0 0 0 89
861 8798 1079 1050 116 1 2 398 51 4 366 0 82 0 1 0 88
862 8805 1076 1047 113 1 2 398 52 4 366 0 83 0 1 0 88
863 8813 1072 1043 113 1 2 398 52 4 366 0 83 0 1 0 88
864 8832 1061 1034 113 1 2 398 52 4 368 0 81 0 1 0 89
865 8837 1058 1032 113 1 2 398 52 4 369 0 80 0 1 0 89
866 8843 1056 1030 111 1 2 398 52 4 369 0 80 0 1 0 89
867 8852 1051 1027 110 1 2 397 53 4 370 0 79 0 1 0 89
868 8853 1051 1027 109 1 2 397 53 4 370 0 79 0 1 0 89
869 8856 1049 1026 109 1 2 397 53 4 371 0 78 0 1 0 89
870 8856 1050 1027 107 1 2 398 52 4 372 0 77 0 1 0 89
871 8854 1051 1028 107 1 2 399 51 4 373 0 76 0 1 0 89
872 8851 1051 1028 110 1 2 399 51 4 373 0 76 0 1 0 89
873 8850 1051 1029 110 1 2 399 51 4 374 0 75 0 1 0 89
874 8859 1046 1024 111 1 2 399 51 4 374 0 75 0 1 0 89
875 8867 1043 1021 109 1 2 399 51 4 374 0 75 0 1 0 89
876 8880 1035 1014 111 1 2 399 51 4 375 0 74 0 1 0 89
877 8883 1033 1014 110 1 2 399 51 4 377 0 72 0 1 0 89
878 8875 1036 1019 110 1 2 397 53 4 377 0 72 0 1 0 89
879 8878 1033 1018 111 1 2 397 53 4 379 0 70 0 1 0 89
880 8886 1028 1015 111 1 2 398 52 4 382 0 67 0 2 1 87
881 8894 1024 1011 111 1 2 398 52 4 382 0 67 0 2 1 87
882 8899 1024 1011 106 1 2 398 52 4 382 0 67 0 2 1 87
883 8896 1025 1012 107 1 2 398 52 4 382 0 67 0 2 1 87
884 8889 1027 1015 109 1 2 398 52 4 383 0 66 0 2 1 87
885 8898 1022 1011 109 1 2 398 52 4 384 0 65 0 2 1 87
886 8902 1019 1010 109 1 2 397 53 4 385 0 64 0 2 1 87
887 8905 1018 1009 108 1 2 397 53 4 385 0 64 0 2 1 87
888 8896 1021 1013 110 1 2 397 53 4 386 0 63 0 2 1 87
889 8906 1016 1007 108 1 2 400 51 4 388 0 62 0 2 1 88
890 8906 1017 1007 107 1 2 401 50 4 388 0 62 0 2 1 88
891 8909 1017 1006 104 1 2 402 49 4 388 0 62 0 2 1 89
892 8918 1014 1003 101 1 2 402 49 4 388 0 62 0 2 1 89
893 8927 1009 999 101 1 2 402 49 4 389 0 61 0 2 1 89
894 8922 1013 1002 99 1 2 403 48 4 389 0 61 0 2 1 89
895 8930 1009 998 99 1 2 404 47 4 390 0 60 0 2 1 89
896 8937 1007 995 97 1 2 406 45 4 391 0 59 0 2 1 89
897 8947 1001 990 98 1 2 406 45 4 392 0 58 0 2 1 89
898 8947 1001 990 98 1 2 406 45 4 392 0 58 0 2 1 89
899 8953 998 987 98 1 2 406 45 4 392 0 58 0 2 1 89
900 8961 993 982 100 1 2 406 45 4 392 0 58 0 2 1 89
901 8973 987 976 100 1 2 406 45 4 392 0 58 0 2 1 89
902 8984 982 969 101 1 2 406 45 4 390 0 60 0 2 1 89
903 8998 975 962 101 1 2 406 45 4 390 0 60 0 2 1 89
904 8992 977 964 101 1 2 407 45 4 391 0 60 0 2 1 89
905 8990 980 966 98 1 2 408 44 4 391 0 60 0 2 1 89
906 8997 977 963 97 1 2 408 44 4 391 0 60 0 2 1 89
907 9008 971 959 96 1 2 408 44 4 393 0 58 0 2 1 89
908 9007 971 958 98 1 2 409 43 4 393 0 58 0 2 1 89
909 9004 974 958 98 1 2 410 42 4 391 0 60 0 2 1 89
910 9011 970 954 99 1 2 410 42 4 391 0 60 0 2 1 89
911 9019 966 949 100 1 2 410 42 4 390 0 61 0 2 1 89
912 9034 959 941 100 1 2 411 41 4 390 0 61 0 2 1 89
913 9052 951 932 99 1 2 412 40 4 390 0 61 0 2 1 89
914 9050 953 934 97 1 2 412 40 4 390 0 61 0 2 1 89
915 9052 952 933 97 1 2 412 40 4 390 0 61 0 2 1 89
916 9051 955 934 94 1 2 414 38 4 390 0 61 0 2 1 89
917 9067 949 928 90 1 2 414 38 4 390 0 61 0 2 1 89
918 9073 944 925 92 1 2 412 40 4 390 0 61 0 2 1 89
919 9081 939 921 93 1 2 412 40 4 391 0 60 0 2 1 89
920 9098 930 913 93 1 2 412 40 4 392 0 59 0 2 1 89
921 9106 925 910 93 1 2 411 41 4 393 0 58 0 2 1 89
922 9108 925 910 91 1 2 411 41 4 393 0 58 0 2 1 89
923 9102 927 912 93 1 2 411 41 4 393 0 58 0 2 1 89
924 9105 923 909 97 1 2 410 42 5 392 0 58 0 3 1 88
925 9103 925 910 96 1 2 411 41 5 392 0 58 0 3 1 88
926 9113 921 906 94 1 2 411 41 5 392 0 58 0 3 1 88
927 9116 920 906 92 1 2 411 41 5 393 0 57 0 3 1 88
928 9128 916 901 89 1 2 413 39 5 394 0 56 0 3 1 88
929 9115 921 906 92 1 2 413 39 5 394 0 56 0 3 1 88
930 9120 918 903 93 1 2 413 39 5 394 0 56 0 3 1 88
931 9116 921 906 91 1 2 413 39 5 394 0 56 0 3 1 88
932 9119 919 904 92 1 2 413 39 5 394 0 56 0 3 1 88
933 9119 919 904 92 1 2 413 39 5 394 0 56 0 3 1 88
934 9120 919 905 90 1 2 412 40 5 394 0 56 0 3 1 88
935 9121 918 904 91 1 2 412 40 5 394 0 56 0 3 1 88
936 9124 917 902 91 1 2 413 39 5 394 0 56 0 3 1 88
937 9134 911 898 91 1 2 412 40 5 395 0 55 0 3 1 88
938 9138 908 896 92 1 2 412 40 5 396 0 54 0 3 1 88
939 9156 899 886 91 1 2 413 40 5 396 0 55 0 3 1 88
940 9159 897 885 91 1 2 413 40 5 397 0 54 0 3 1 88
941 9167 895 882 88 1 2 413 40 5 396 0 55 0 3 1 88
942 9173 892 879 88 1 2 414 39 5 397 0 54 0 3 1 88
943 9183 887 875 87 1 2 414 39 5 398 0 53 0 3 1 88
944 9187 885 874 86 1 2 414 39 5 399 0 52 0 3 1 88
945 9191 884 873 84 1 2 414 39 5 399 0 52 0 3 1 88
946 9194 883 872 83 1 3 414 38 6 398 0 52 0 3 1 88
947 9206 877 867 82 1 3 413 39 6 398 0 52 0 3 1 88
948 9208 878 866 80 1 3 413 39 6 396 0 54 0 3 1 88
949 9209 878 866 79 1 3 413 39 6 396 0 54 0 3 1 88
950 9214 875 863 80 1 3 413 39 6 396 0 54 0 3 1 88
951 9226 868 856 82 1 3 413 39 6 396 0 54 0 3 1 88
952 9229 867 855 81 1 3 413 39 6 396 0 54 0 3 1 88
953 9231 867 854 79 1 3 415 37 6 397 0 53 0 3 1 89
954 9236 865 852 78 1 3 415 37 6 397 0 53 0 3 1 89
955 9237 865 850 78 1 3 417 35 6 397 0 53 0 3 1 90
956 9238 865 850 77 1 3 416 36 6 396 0 54 0 3 1 90
957 9244 862 846 76 1 3 417 36 6 396 0 55 0 3 1 90
958 9245 862 846 75 1 3 417 36 6 396 0 55 0 3 1 90
959 9251 859 844 74 1 3 418 35 6 398 0 53 0 3 1 90
960 9265 852 837 74 1 3 418 35 6 398 0 53 0 3 1 90
961 9272 849 833 74 1 3 419 34 6 398 0 53 0 3 1 90
962 9280 845 828 75 1 3 419 34 6 397 0 54 0 3 1 90
963 9275 848 832 73 1 3 418 35 6 397 0 54 0 3 1 90
964 9279 846 830 73 1 3 419 34 6 398 0 53 0 3 1 90
965 9275 849 833 71 1 3 419 34 6 398 0 53 0 3 1 90
966 9283 846 831 68 1 3 418 35 6 398 0 53 0 3 1 90
967 9278 849 834 67 1 3 418 35 6 398 0 53 0 3 1 90
968 9283 847 832 66 1 3 418 35 6 398 0 53 0 3 1 90
969 9282 847 833 66 1 3 417 36 6 398 0 53 0 3 1 90
970 9283 847 833 65 1 3 417 36 6 398 0 53 0 3 1 90
971 9282 848 834 64 1 3 416 37 6 397 0 54 0 3 1 90
972 9282 847 834 65 1 3 416 37 6 398 0 53 0 3 1 90
973 9286 846 831 65 1 3 418 35 6 398 0 53 0 3 1 90
974 9296 842 826 64 2 3 418 34 6 398 1 52 0 3 1 90
975 9292 846 830 60 2 3 417 35 6 397 1 53 0 3 1 90
976 9293 845 828 61 2 3 418 34 6 397 1 53 0 3 1 91
977 9300 843 825 59 2 3 418 34 6 396 1 54 0 3 1 91
978 9302 842 825 58 2 3 418 34 6 397 1 53 0 3 1 91
979 9303 842 826 56 2 3 418 34 6 398 1 52 0 3 1 91
980 9305 841 825 56 2 3 418 34 6 398 1 52 0 3 1 91
981 9318 834 818 57 2 3 418 34 6 398 1 52 0 3 1 91
982 9321 834 815 57 2 3 421 31 6 398 1 52 0 3 1 91
983 9318 834 817 58 2 3 421 31 6 400 1 50 0 3 1 91
984 9326 830 812 57 2 3 422 31 6 400 1 51 0 3 1 91
985 9323 830 814 58 2 3 421 32 6 401 1 50 0 3 1 91
986 9329 827 811 58 2 3 421 32 6 401 1 50 0 3 1 91
987 9328 826 812 59 2 3 421 32 6 403 1 48 0 3 1 91
988 9332 825 811 57 2 3 420 33 6 402 1 49 0 3 1 91
989 9340 821 807 57 2 3 420 33 6 402 1 49 0 3 1 91
990 9341 820 806 58 2 3 420 33 6 402 1 49 0 3 1 91
991 9347 818 805 55 2 3 419 34 6 402 1 49 0 3 1 91
992 9337 822 809 57 2 3 419 34 6 402 1 49 0 3 1 91
993 9336 823 810 56 2 3 419 34 6 402 1 49 0 3 1 91
994 9348 817 805 55 2 3 419 34 6 403 1 48 0 3 1 91
995 9352 815 803 55 2 3 419 34 6 403 1 48 0 3 1 91
996 9354 814 802 55 2 3 419 34 6 403 1 48 0 3 1 91
997 9363 810 798 54 2 3 419 34 6 403 1 48 0 3 1 91
998 9365 808 797 55 2 3 419 34 6 404 1 47 0 3 1 91
999 9373 805 793 54 2 3 420 33 6 404 1 47 0 3 1 91
1000 9393 796 783 53 2 3 421 32 6 404 1 47 0 3 1 91
1001 9394 795 783 53 2 3 420 33 6 404 1 47 0 3 1 91
1002 9403 790 778 54 2 3 420 33 6 404 1 47 0 3 1 91
1003 9412 785 774 54 2 3 420 33 7 404 0 47 0 3 1 91
1004 9414 782 772 57 2 3 420 33 7 405 0 46 0 3 1 91
1005 9418 779 771 57 2 3 420 33 7 407 0 44 0 3 1 91
1006 9415 779 771 60 3 3 420 32 8 407 0 43 0 3 1 91
1007 9416 779 770 60 3 3 421 31 8 407 0 43 0 3 1 91
1008 9426 775 765 59 3 3 422 30 8 407 0 43 0 3 1 91
1009 9431 773 762 59 3 3 422 30 8 406 0 44 0 3 1 91
1010 9432 771 760 62 3 3 422 30 8 406 0 44 0 3 1 91
1011 9443 766 755 61 3 3 422 30 8 406 0 44 0 3 1 91
1012 9444 764 754 63 3 3 423 29 8 408 0 42 0 3 1 91
1013 9450 761 752 60 3 3 423 30 8 409 0 42 0 3 1 91
1014 9448 762 753 60 3 3 423 30 8 409 0 42 0 3 1 91
1015 9449 761 753 60 3 3 423 30 8 410 0 41 0 3 1 91
1016 9461 756 747 59 3 3 424 29 8 410 0 41 0 3 1 91
1017 9456 758 749 60 3 3 424 29 8 410 0 41 0 3 1 91
1018 9467 752 744 60 3 3 424 29 8 411 0 40 0 3 1 91
1019 9463 754 745 61 3 3 425 28 8 411 0 40 0 3 1 91
1020 9463 754 745 61 3 3 425 28 8 411 0 40 0 3 1 91
1021 9466 753 744 60 3 3 425 28 8 411 0 40 0 3 1 91
1022 9465 754 744 60 3 3 425 28 8 410 0 41 0 3 1 91
1023 9472 751 741 59 3 3 425 28 8 410 0 41 0 3 1 91
1024 9475 750 740 58 3 3 425 28 8 410 0 41 0 3 1 91
1025 9482 748 737 56 3 3 425 28 8 409 0 42 0 3 1 91
1026 9484 748 736 55 3 3 426 27 8 409 0 42 0 3 1 91
1027 9497 742 730 54 3 3 426 27 8 409 0 42 0 3 1 91
1028 9498 741 729 55 3 3 426 27 8 409 0 42 0 3 1 91
1029 9503 738 726 56 3 3 426 27 8 409 0 42 0 3 1 91
1030 9504 737 725 57 4 3 425 27 9 408 0 42 0 3 1 91
1031 9507 736 724 56 4 3 425 27 9 408 0 42 0 3 1 91
1032 9507 737 724 55 4 3 426 26 9 408 0 42 0 3 1 91
1033 9508 736 724 55 5 3 425 26 9 409 0 41 0 3 2 90
1034 9528 726 715 54 5 3 425 26 9 410 0 40 0 3 2 90
1035 9517 731 721 54 5 3 424 27 9 410 0 40 0 3 2 90
1036 9518 731 721 53 5 3 424 27 9 410 0 40 0 3 2 90
1037 9528 726 716 53 5 3 425 26 9 411 0 39 0 3 2 90
1038 9535 724 713 51 5 3 426 25 9 411 0 39 0 3 2 90
1039 9551 717 706 49 5 3 426 25 9 411 0 39 0 3 2 90
1040 9560 713 702 48 5 3 426 25 9 411 0 39 0 3 2 90
1041 9562 711 701 49 5 3 426 25 9 412 0 38 0 3 2 90
1042 9575 704 695 49 5 3 426 25 9 413 0 37 0 3 2 90
1043 9571 706 697 49 5 3 426 25 9 413 0 37 0 3 2 90
1044 9588 697 690 48 5 3 426 25 9 415 0 35 0 3 2 90
1045 9588 697 690 48 5 3 426 25 9 415 0 35 0 3 2 90
1046 9596 694 687 46 5 3 426 25 9 415 0 35 0 3 2 90
1047 9590 696 690 47 5 3 426 25 9 416 0 34 0 3 2 90
1048 9594 695 690 44 5 3 426 25 9 417 0 33 0 3 2 90
1049 9595 695 690 43 5 3 426 25 9 417 0 33 0 3 2 90
1050 9594 696 691 42 5 3 426 25 9 417 0 33 0 3 2 90
1051 9596 695 690 42 5 3 426 25 9 417 0 33 0 3 2 90
1052 9593 696 691 43 5 3 426 25 9 417 0 33 0 3 2 90
1053 9593 696 691 43 5 3 426 25 9 417 0 33 0 3 2 90
1054 9593 695 691 44 5 3 425 26 9 417 0 33 0 3 2 90
1055 9597 694 689 43 5 3 425 26 9 416 0 34 0 3 2 90
1056 9603 692 687 41 5 3 425 26 9 416 0 34 0 3 2 90
1057 9595 696 691 41 5 3 425 26 9 416 0 34 0 3 2 90
1058 9601 693 688 41 5 3 425 26 9 416 0 34 0 3 2 90
1059 9613 686 682 42 6 3 424 26 9 417 0 33 0 3 3 89
1060 9613 686 682 42 7 3 423 26 10 416 0 33 0 3 3 89
1061 9629 679 674 41 7 3 424 25 10 416 0 33 0 3 3 89
1062 9633 677 672 41 7 3 423 26 10 415 0 34 0 3 3 89
1063 9633 677 673 40 7 3 423 26 10 416 0 33 0 3 3 89
1064 9623 683 679 38 7 3 423 26 10 416 0 33 0 3 3 89
1065 9631 679 675 38 7 3 423 26 10 416 0 33 0 3 3 89
1066 9634 677 674 38 7 3 422 27 10 416 0 33 0 3 3 89
1067 9636 677 673 37 7 3 423 26 10 416 0 33 0 3 3 89
1068 9628 681 676 38 7 3 423 26 10 415 0 34 0 3 3 89
1069 9629 681 676 37 7 3 423 26 10 415 0 34 0 3 3 89
1070 9624 683 678 38 7 3 423 26 10 415 0 34 0 3 3 89
1071 9632 679 674 38 7 3 423 26 10 415 0 34 0 3 3 89
1072 9635 679 673 36 7 3 423 26 10 414 0 35 0 3 3 89
1073 9636 680 672 35 7 3 425 24 10 414 0 35 0 3 3 89
1074 9638 679 671 35 7 3 425 24 10 414 0 35 0 3 3 89
1075 9635 680 673 35 7 3 425 24 10 415 0 34 0 3 3 89
1076 9637 679 672 35 7 3 425 24 10 415 0 34 0 3 3 89
1077 9642 676 668 37 7 3 426 23 10 415 0 34 0 3 3 89
1078 9640 677 669 37 7 3 426 23 10 415 0 34 0 3 3 89
1079 9639 677 670 37 8 3 425 23 11 415 0 33 0 3 3 89
1080 9641 677 670 35 8 3 425 23 11 415 0 33 0 3 3 89
1081 9640 678 671 34 8 3 425 23 11 415 0 33 0 3 3 89
1082 9645 676 668 34 8 3 425 23 11 414 0 34 0 3 3 89
1083 9641 678 670 34 8 3 425 23 11 414 0 34 0 3 3 89
1084 9638 679 671 35 8 3 424 24 11 413 0 35 0 3 3 89
1085 9639 678 670 36 8 3 424 24 11 413 0 35 0 3 3 89
1086 9645 675 667 36 8 3 424 24 11 413 0 35 0 3 3 89
1087 9647 675 667 34 8 3 424 24 11 413 0 35 0 3 3 89
1088 9653 672 664 34 8 3 424 24 11 413 0 35 0 3 3 89
1089 9658 670 661 34 8 3 424 24 11 412 0 36 0 3 3 89
1090 9663 666 659 35 8 3 424 24 11 414 0 34 0 3 3 89
1091 9669 663 656 35 8 3 424 24 11 414 0 34 0 3 3 89
1092 9672 663 655 33 9 2 424 24 11 414 0 34 0 3 3 89
1093 9671 664 655 33 9 2 425 23 11 414 0 34 0 3 3 89
1094 9681 659 650 33 9 2 425 23 11 414 0 34 0 3 3 89
1095 9683 659 649 32 9 2 425 23 11 413 0 35 0 3 3 89
1096 9685 659 648 31 9 2 426 22 11 413 0 35 0 3 3 89
1097 9696 654 642 31 9 2 427 21 11 413 0 35 0 3 3 89
1098 9711 647 635 30 9 2 427 21 11 413 0 35 0 3 3 89
1099 9711 647 635 30 9 2 427 21 11 413 0 35 0 3 3 89
1100 9719 643 631 30 9 2 427 21 11 413 0 35 0 3 3 89
1101 9721 642 631 29 9 2 426 22 11 413 0 35 0 3 3 89
1102 9723 641 630 29 9 2 426 22 11 413 0 35 0 3 3 89
1103 9722 642 631 28 9 2 426 22 11 413 0 35 0 3 3 89
1104 9721 643 632 27 9 2 426 22 11 413 0 35 0 3 3 89
1105 9722 643 632 26 9 2 426 22 11 413 0 35 0 3 3 89
1106 9726 642 629 26 9 2 427 21 11 412 0 36 0 3 3 89
1107 9725 643 630 25 9 2 427 21 11 412 0 36 0 3 3 89
1108 9721 645 632 25 9 2 427 21 11 412 0 36 0 3 3 89
1109 9722 645 631 25 9 2 427 21 11 411 0 37 0 3 3 89
1110 9726 643 629 25 9 2 427 21 11 411 0 37 0 3 3 89
1111 9734 640 625 24 9 2 428 20 11 411 0 37 0 3 3 89
1112 9740 637 622 24 9 2 428 20 11 411 0 37 0 3 3 89
1113 9738 638 623 24 9 2 428 20 11 411 0 37 0 3 3 89
1114 9736 639 624 24 9 2 429 19 11 412 0 36 0 3 3 89
1115 9742 637 621 23 9 2 429 19 11 411 0 37 0 3 3 89
1116 9745 636 619 23 10 1 429 19 11 411 0 37 0 3 3 89
1117 9748 634 618 23 10 1 428 20 11 411 0 37 0 3 3 89
1118 9753 632 615 23 10 1 429 19 11 411 0 37 0 3 3 89
1119 9763 627 610 23 10 1 429 19 11 411 0 37 0 3 3 89
1120 9766 625 609 23 10 1 429 19 11 412 0 36 0 3 3 89
1121 9780 618 602 23 10 1 429 19 11 412 0 36 0 3 3 89
1122 9790 612 597 24 10 1 428 20 11 412 0 36 0 3 3 89
1123 9798 607 593 25 10 1 428 20 11 413 0 35 0 3 3 89
1124 9796 608 594 25 11 1 427 20 12 412 0 35 0 3 3 89
1125 9806 603 589 25 11 1 427 20 12 412 0 35 0 3 3 89
1126 9810 601 587 25 11 1 427 20 12 412 0 35 0 3 3 89
1127 9814 599 585 25 11 1 427 20 12 412 0 35 0 3 3 89
1128 9821 596 581 25 11 1 428 19 12 412 0 35 0 3 3 89
1129 9824 594 579 26 11 1 428 19 12 412 0 35 0 3 3 89
1130 9824 594 579 26 11 1 428 19 12 412 0 35 0 3 3 89
1131 9829 592 575 27 11 1 429 18 12 411 0 36 0 3 3 89
1132 9835 590 573 25 11 1 429 18 12 411 0 36 0 3 3 89
1133 9829 593 576 25 11 1 429 18 12 411 0 36 0 3 3 89
1134 9821 597 580 25 11 1 429 18 12 411 0 36 0 3 3 89
1135 9827 594 577 25 11 1 429 18 12 411 0 36 0 3 3 89
1136 9825 595 578 25 11 1 429 18 12 411 0 36 0 3 3 89
1137 9827 594 577 25 11 1 429 18 12 411 0 36 0 3 3 89
1138 9830 593 576 24 11 1 429 18 12 411 0 36 0 3 3 89
1139 9827 594 578 24 11 1 428 19 12 411 0 36 0 3 3 89
1140 9828 594 576 25 11 1 428 19 12 409 0 38 0 3 3 89
1141 9833 591 573 26 11 1 428 19 12 409 0 38 0 3 3 89
1142 9839 589 571 26 11 1 426 20 12 407 0 39 0 3 3 89
1143 9845 585 569 26 11 1 426 20 12 409 0 37 0 3 3 89
1144 9843 586 570 26 11 1 426 20 12 409 0 37 0 3 3 89
1145 9850 583 567 25 11 1 426 20 12 409 0 37 0 3 3 89
1146 9846 585 569 25 11 1 426 20 12 409 0 37 0 3 3 89
1147 9846 587 571 21 11 1 426 20 12 409 0 37 0 3 3 89
1148 9852 584 568 21 11 1 426 20 12 409 0 37 0 3 3 89
1149 9864 578 562 21 11 1 426 20 12 409 0 37 0 3 3 89
1150 9866 577 562 20 11 1 426 20 12 410 0 36 0 3 3 89
1151 9864 578 563 20 11 1 426 20 12 410 0 36 0 3 3 89
1152 9863 578 564 20 11 1 426 20 12 411 0 35 0 3 3 89
1153 9875 571 557 22 11 1 426 20 12 411 0 35 0 3 3 89
1154 9879 569 555 22 11 1 426 20 12 411 0 35 0 3 3 89
1155 9881 568 554 22 11 1 426 20 12 411 0 35 0 3 3 89
1156 9882 567 553 23 11 1 427 19 12 412 0 34 0 3 3 89
1157 9885 566 552 22 11 1 427 19 12 412 0 34 0 3 3 89
1158 9885 566 551 23 11 1 428 18 12 412 0 34 0 3 3 89
1159 9887 565 550 23 11 1 428 18 12 412 0 34 0 3 3 89
1160 9886 566 550 23 11 1 429 17 12 412 0 34 0 3 3 89
1161 9891 563 547 24 11 1 429 17 12 412 0 34 0 3 3 89
1162 9888 563 548 26 11 1 429 17 12 413 0 33 0 3 3 89
1163 9892 561 546 26 11 1 429 17 12 413 0 33 0 3 3 89
1164 9895 559 545 26 11 1 429 17 12 414 0 32 0 3 3 89
1165 9894 560 545 26 11 1 430 16 12 414 0 32 0 3 3 89
1166 9894 560 545 26 11 1 428 18 12 412 0 34 0 3 3 89
1167 9900 557 542 26 11 1 428 18 12 412 0 34 0 3 3 89
1168 9904 555 540 26 11 1 427 19 12 411 0 35 0 3 3 89
1169 9915 550 535 25 11 1 427 19 12 411 0 35 0 3 3 89
1170 9914 551 536 24 11 1 427 19 12 411 0 35 0 3 3 89
1171 9916 550 535 24 11 1 427 19 12 411 0 35 0 3 3 89
1172 9919 548 534 24 11 1 426 20 12 411 0 35 0 3 3 89
1173 9925 545 531 24 11 1 426 20 12 411 0 35 0 3 3 89
1174 9921 547 533 24 11 1 426 20 12 411 0 35 0 3 3 89
1175 9917 549 535 24 11 1 426 20 12 411 0 35 0 3 3 89
1176 9913 551 537 24 11 1 426 20 12 411 0 35 0 3 3 89
1177 9917 549 536 23 11 1 426 20 12 412 0 34 0 3 3 89
1178 9921 547 534 23 11 1 426 20 12 412 0 34 0 3 3 89
1179 9921 547 535 22 11 1 425 21 12 412 0 34 0 3 3 89
1180 9925 545 532 22 11 1 426 20 12 412 0 34 0 3 3 90
1181 9923 546 533 22 11 1 426 20 12 412 0 34 0 3 3 90
1182 9924 546 533 21 11 1 425 21 12 411 0 35 0 3 3 90
1183 9928 544 531 21 11 1 425 21 12 411 0 35 0 3 3 90
1184 9930 543 530 21 11 1 425 21 12 411 0 35 0 3 3 90
1185 9922 546 535 21 11 1 425 21 12 413 0 33 0 3 3 90
1186 9925 544 534 21 11 1 425 21 12 414 0 32 0 3 3 90
1187 9917 548 538 21 11 1 425 21 12 414 0 32 0 3 3 90
1188 9918 547 537 22 11 1 425 21 12 414 0 32 0 3 3 90
1189 9919 547 535 23 11 1 426 20 12 413 0 33 0 3 3 90
1190 9920 546 534 24 11 1 426 20 13 412 0 33 0 4 3 89
1191 9925 543 531 25 11 1 426 20 13 412 0 33 0 4 3 89
1192 9928 542 529 25 11 1 427 19 13 412 0 33 0 4 3 89
1193 9929 542 529 24 11 1 427 19 13 412 0 33 0 4 3 89
1194 9928 543 529 24 11 1 428 18 13 412 0 33 0 4 3 89
1195 9928 543 529 24 11 1 428 18 13 412 0 33 0 4 3 89
1196 9930 542 528 24 11 1 428 18 13 412 0 33 0 4 3 89
1197 9932 541 527 24 11 1 428 18 13 412 0 33 0 4 3 89
1198 9924 545 531 24 12 1 427 18 14 411 0 33 0 4 3 89
1199 9929 543 530 22 12 1 427 18 14 412 0 32 0 4 3 89
1200 9937 539 526 22 12 1 427 18 14 412 0 32 0 4 3 89
1201 9943 535 524 22 12 1 427 18 14 414 0 30 0 4 3 89
1202 9948 532 521 23 12 1 427 18 14 414 0 30 0 4 3 89
1203 9954 529 518 23 12 1 426 19 14 413 0 31 0 4 3 89
1204 9954 529 517 24 12 1 426 19 14 412 0 32 0 4 3 89
1205 9953 529 518 24 12 1 426 19 14 413 0 31 0 4 3 89
1206 9957 527 516 24 12 1 426 19 14 413 0 31 0 4 3 89
1207 9959 526 515 24 12 1 426 19 14 413 0 31 0 4 3 89
1208 9959 526 516 23 12 1 426 19 14 414 0 30 0 4 3 89
1209 9965 524 514 21 12 1 426 19 14 414 0 30 0 4 3 89
1210 9962 525 516 21 12 1 426 19 14 415 0 29 0 4 3 89
1211 9961 526 516 19 12 1 427 19 14 415 0 30 0 4 3 89
1212 9960 526 516 20 12 1 427 19 14 415 0 30 0 4 3 89
1213 9956 528 518 20 12 1 427 19 14 415 0 30 0 4 3 89
1214 9963 524 514 21 12 1 427 19 14 415 0 30 0 4 3 89
1215 9961 525 515 21 12 1 427 19 14 415 0 30 0 4 3 89
1216 9971 521 511 19 13 1 426 19 15 414 0 30 0 4 3 89
1217 9970 521 511 20 13 1 426 19 15 414 0 30 0 4 3 89
1218 9982 515 505 20 13 1 427 18 15 415 0 29 0 4 3 89
1219 9986 514 505 17 13 1 427 18 15 416 0 28 0 4 3 89
1220 9990 512 503 17 13 1 427 18 15 416 0 28 0 4 3 89
1221 9995 510 501 16 13 1 427 18 15 416 0 28 0 4 3 89
1222 9989 513 504 16 13 1 427 18 15 416 0 28 0 4 3 89
1223 9991 512 503 16 13 1 427 18 15 416 0 28 0 4 3 89
1224 9997 509 500 16 13 1 427 18 15 416 0 28 0 4 3 89
1225 9995 510 501 16 13 1 427 18 15 416 0 28 0 4 3 89
1226 9995 510 501 16 13 1 427 18 15 416 0 28 0 4 3 89
1227 9995 509 501 17 13 1 426 19 15 416 0 28 0 4 3 89
1228 9996 508 501 17 13 1 425 20 15 416 0 28 0 4 3 89
1229 9998 507 500 17 13 1 425 20 15 416 0 28 0 4 3 89
1230 9996 508 500 16 13 1 426 20 15 416 0 29 0 4 3 89
1231 9998 507 499 16 13 1 426 20 15 416 0 29 0 4 3 89
1232 9998 507 499 16 13 1 426 20 15 416 0 29 0 4 3 89
1233 10004 504 496 16 13 1 426 20 15 416 0 29 0 4 3 89
1234 10011 500 493 16 13 1 426 20 15 417 0 28 0 4 3 89
1235 10009 501 494 16 13 1 426 20 15 417 0 28 0 4 3 89
1236 10017 498 489 16 13 1 427 19 15 416 0 29 0 4 3 89
1237 10019 497 488 16 13 1 427 19 15 416 0 29 0 4 3 89
1238 10021 496 487 16 13 1 427 19 15 416 0 29 0 4 3 89
1239 10022 496 487 15 13 1 427 19 15 416 0 29 0 4 3 89
1240 10019 498 488 15 13 1 428 18 15 416 0 29 0 4 3 89
1241 10024 495 485 16 13 1 428 18 15 416 0 29 0 4 3 89
1242 10028 493 483 16 13 1 429 17 15 417 0 28 0 4 3 89
1243 10032 491 481 16 13 1 429 17 15 417 0 28 0 4 3 89
1244 10022 496 486 16 13 1 429 17 15 417 0 28 0 4 3 89
1245 10032 491 481 16 13 1 429 17 15 417 0 28 0 4 3 89
1246 10036 488 480 16 13 1 428 18 15 418 0 27 0 4 3 89
1247 10040 486 478 16 13 1 428 18 15 418 0 27 0 4 3 89
1248 10042 485 477 16 14 1 427 18 16 417 0 27 0 4 3 89
1249 10043 485 476 16 14 1 427 18 16 416 0 28 0 4 3 89
1250 10051 481 472 16 15 1 426 18 16 416 0 28 0 4 4 88
1251 10056 478 469 15 15 1 427 18 16 417 0 28 0 4 4 88
1252 10056 478 469 15 15 1 427 18 16 417 0 28 0 4 4 88
1253 10055 479 469 15 15 1 427 18 16 416 0 29 0 4 4 88
1254 10052 480 470 16 15 1 427 18 16 416 0 29 0 4 4 88
1255 10056 478 468 16 15 1 426 19 16 415 0 30 0 4 4 88
1256 10058 477 467 16 15 1 426 19 16 415 0 30 0 4 4 88
1257 10060 476 466 16 15 1 426 19 16 415 0 30 0 4 4 88
1258 10054 479 469 16 15 1 426 19 16 415 0 30 0 4 4 88
1259 10057 478 468 15 15 1 426 19 16 415 0 30 0 4 4 88
1260 10057 478 468 15 15 1 426 19 16 415 0 30 0 4 4 88
1261 10057 478 468 15 15 1 426 19 16 415 0 30 0 4 4 88
1262 10059 477 467 15 15 1 426 19 16 415 0 30 0 4 4 88
1263 10064 475 465 14 15 1 426 19 16 415 0 30 0 4 4 88
1264 10063 475 466 14 15 1 426 19 16 416 0 29 0 4 4 88
1265 10061 476 467 14 15 1 426 19 16 416 0 29 0 4 4 88
1266 10062 476 467 13 15 1 426 19 16 416 0 29 0 4 4 88
1267 10066 474 465 13 15 1 426 19 16 416 0 29 0 4 4 88
1268 10078 468 459 13 15 1 426 19 16 416 0 29 0 4 4 88
1269 10090 462 453 13 15 1 426 19 16 416 0 29 0 4 4 88
1270 10099 457 449 13 15 1 425 20 16 416 0 29 0 4 4 88
1271 10099 457 448 14 15 1 425 20 16 415 0 30 0 4 4 88
1272 10101 456 447 14 15 1 425 20 16 415 0 30 0 4 4 88
1273 10100 457 447 14 15 1 425 20 16 414 0 31 0 4 4 88
1274 10105 455 444 14 15 1 425 20 16 413 0 32 0 4 4 88
1275 10102 457 445 14 15 1 426 19 16 413 0 32 0 4 4 88
1276 10102 457 445 14 16 1 425 19 17 412 0 32 0 4 4 88
1277 10108 454 442 14 16 1 425 19 17 412 0 32 0 4 4 88
1278 10110 453 441 14 16 1 425 19 17 412 0 32 0 4 4 88
1279 10116 450 438 14 16 1 425 19 17 412 0 32 0 4 4 88
1280 10114 451 439 14 16 1 425 19 17 412 0 32 0 4 4 88
1281 10109 453 441 15 16 1 425 19 17 412 0 32 0 4 4 88
1282 10103 456 444 15 16 1 425 19 17 412 0 32 0 4 4 88
1283 10105 455 443 15 16 1 425 19 17 412 0 32 0 4 4 88
1284 10102 457 444 15 16 1 425 19 17 411 0 33 0 4 4 88
1285 10100 458 445 15 17 1 424 19 17 411 0 33 0 4 5 87
1286 10111 453 440 14 17 1 424 19 17 411 0 33 0 4 5 87
1287 10113 452 439 14 17 1 424 19 17 411 0 33 0 4 5 87
1288 10117 450 437 14 17 1 424 19 17 411 0 33 0 4 5 87
1289 10125 446 433 14 17 1 424 19 17 411 0 33 0 4 5 87
1290 10125 446 433 14 18 1 423 19 18 410 0 33 0 4 5 87
1291 10132 441 430 14 17 1 424 19 17 413 0 31 0 4 5 88
1292 10136 439 428 14 17 1 424 19 17 413 0 31 0 4 5 88
1293 10143 436 424 14 17 1 424 19 17 412 0 32 0 4 5 88
1294 10147 434 422 14 17 1 424 19 17 412 0 32 0 4 5 88
1295 10144 435 423 15 17 1 424 19 17 412 0 32 0 4 5 88
1296 10150 432 420 15 17 1 424 19 17 412 0 32 0 4 5 88
1297 10152 431 419 15 17 1 424 19 17 412 0 32 0 4 5 88
1298 10156 429 417 15 17 1 424 19 17 412 0 32 0 4 5 88
1299 10159 427 416 15 17 1 424 19 17 413 0 31 0 4 5 88
1300 10168 423 412 14 17 1 425 18 17 414 0 30 0 4 5 88
1301 10165 425 414 13 17 1 425 18 17 414 0 30 0 4 5 88
1302 10159 428 417 13 17 1 425 18 17 414 0 30 0 4 5 88
1303 10166 425 414 12 17 1 425 18 17 414 0 30 0 4 5 88
1304 10172 422 411 12 17 1 425 18 17 414 0 30 0 4 5 88
1305 10175 420 410 12 17 1 425 18 17 415 0 29 0 4 5 88
1306 10174 421 410 12 17 1 425 18 17 414 0 30 0 4 5 88
1307 10180 418 407 12 18 1 424 18 18 413 0 30 0 4 5 88
1308 10184 416 405 12 18 1 424 18 18 413 0 30 0 4 5 88
1309 10183 415 407 12 17 2 423 19 18 414 0 29 0 4 5 88
1310 10187 413 405 12 17 2 423 19 18 414 0 29 0 4 5 88
1311 10185 414 406 12 17 2 423 19 18 414 0 29 0 4 5 88
1312 10193 410 402 12 17 2 423 19 18 414 0 29 0 4 5 88
1313 10196 408 401 12 17 2 422 20 18 414 0 29 0 4 5 88
1314 10198 407 400 12 17 2 422 20 18 414 0 29 0 4 5 88
1315 10196 408 401 12 17 2 422 20 18 414 0 29 0 4 5 88
1316 10200 406 399 12 17 2 422 20 18 414 0 29 0 4 5 88
1317 10198 407 400 12 17 2 422 20 18 414 0 29 0 4 5 88
1318 10200 406 399 12 17 2 422 20 18 414 0 29 0 4 5 88
1319 10198 407 400 12 17 2 422 20 18 414 0 29 0 4 5 88
1320 10203 405 397 12 17 2 423 19 18 414 0 29 0 4 5 88
1321 10207 404 396 10 17 2 423 19 18 414 0 29 0 4 5 88
1322 10212 402 394 9 17 2 423 19 18 414 0 29 0 4 5 88
1323 10213 402 394 8 17 2 423 19 18 414 0 29 0 4 5 88
1324 10217 400 392 8 17 2 423 19 18 414 0 29 0 4 5 88
1325 10223 396 389 9 17 2 422 20 18 414 0 29 0 4 5 88
1326 10223 396 389 9 17 2 422 20 18 414 0 29 0 4 5 88
1327 10217 399 392 9 17 2 422 20 18 414 0 29 0 4 5 88
1328 10215 400 393 9 17 2 422 20 18 414 0 29 0 4 5 88
1329 10216 400 392 9 17 2 422 20 17 414 1 29 0 4 5 88
1330 10215 401 392 9 18 2 421 20 17 413 2 29 0 4 5 88
1331 10215 401 392 9 18 2 421 20 17 413 2 29 0 4 5 88
1332 10221 398 389 9 18 2 421 20 17 413 2 29 0 4 5 88
1333 10226 395 387 9 18 2 421 20 18 413 1 29 0 4 5 88
1334 10224 396 388 9 18 2 421 20 18 413 1 29 0 4 5 88
1335 10224 396 388 9 18 2 421 20 18 413 1 29 0 4 5 88
1336 10227 395 386 9 18 2 421 20 18 412 1 30 0 4 5 88
1337 10228 394 386 9 18 2 421 20 18 413 1 29 0 4 5 88
1338 10229 393 386 9 18 2 420 21 18 413 1 29 0 4 5 88
1339 10237 388 383 9 18 2 420 21 18 415 1 27 0 4 5 88
1340 10243 385 380 9 18 2 420 21 18 415 1 27 0 4 5 88
1341 10240 386 382 9 18 2 420 21 18 416 1 26 0 4 5 88
1342 10240 386 382 9 18 2 420 21 18 416 1 26 0 4 5 88
1343 10240 386 382 9 18 2 420 21 18 416 1 26 0 4 5 88
1344 10240 385 383 9 18 2 418 23 18 416 1 26 0 4 5 88
1345 10238 386 384 9 18 2 418 23 18 416 1 26 0 4 5 88
1346 10244 383 381 9 18 2 418 23 18 416 1 26 0 4 5 88
1347 10248 381 379 9 18 2 418 23 18 416 1 26 0 4 5 88
1348 10249 380 379 9 18 2 417 24 18 416 1 26 0 4 5 88
1349 10250 380 379 8 18 2 417 24 18 416 1 26 0 4 5 88
1350 10252 379 378 8 18 2 417 24 18 416 1 26 0 4 5 88
1351 10255 377 377 8 18 2 416 25 18 416 1 26 0 4 5 88
1352 10259 375 375 8 18 2 416 25 18 416 1 26 0 4 5 88
1353 10253 378 378 8 18 2 416 25 18 416 1 26 0 4 5 88
1354 10253 378 378 8 18 2 416 25 18 416 1 26 0 4 5 88
1355 10255 377 377 8 18 2 417 24 18 417 1 25 0 4 5 88
1356 10259 375 375 8 18 2 417 24 18 417 1 25 0 4 5 88
1357 10259 375 375 8 18 2 416 25 18 416 1 26 0 4 5 88
1358 10261 374 374 8 18 2 416 25 18 416 1 26 0 4 5 88
1359 10261 374 374 8 18 2 417 24 18 417 1 25 0 4 5 88
1360 10261 374 374 8 18 2 417 24 18 417 1 25 0 4 5 88
1361 10261 374 374 8 18 2 417 24 18 417 1 25 0 4 5 88
1362 10261 374 374 8 18 2 417 24 18 417 1 25 0 4 5 88
1363 10265 372 372 8 18 2 417 24 18 417 1 25 0 4 5 88
1364 10269 370 370 8 18 2 417 24 18 417 1 25 0 4 5 88
1365 10267 371 371 8 18 2 417 24 19 416 1 25 0 5 5 87
1366 10267 371 370 8 18 2 418 23 19 416 1 25 0 5 5 88
1367 10269 370 369 8 19 1 418 23 19 417 1 24 0 5 5 88
1368 10265 372 371 8 19 1 418 23 19 417 1 24 0 5 5 88
1369 10267 371 370 8 19 1 418 23 19 417 1 24 0 5 5 88
1370 10267 371 370 8 19 1 418 23 19 417 1 24 0 5 5 88
1371 10273 368 367 8 19 1 418 23 19 417 1 24 0 5 5 88
1372 10273 368 367 8 19 1 418 23 19 417 1 24 0 5 5 88
1373 10278 366 364 8 19 1 419 22 19 417 1 24 0 5 5 88
1374 10282 364 362 8 19 1 419 22 19 417 1 24 0 5 5 88
1375 10284 363 361 8 19 1 419 22 19 417 1 24 0 5 5 88
1376 10282 364 362 8 19 1 419 22 19 417 1 24 0 5 5 88
1377 10274 368 366 8 19 1 419 22 19 417 1 24 0 5 5 88
1378 10270 370 368 8 19 1 419 22 19 417 1 24 0 5 5 88
1379 10272 369 367 8 19 1 419 22 19 417 1 24 0 5 5 88
1380 10273 369 366 8 19 1 419 22 19 416 1 25 0 5 5 88
1381 10274 368 366 8 19 1 419 22 20 416 0 25 0 5 5 88
1382 10274 368 366 8 19 1 419 22 20 416 0 25 0 5 5 88
1383 10270 370 368 8 19 1 419 22 20 416 0 25 0 5 5 88
1384 10270 370 368 8 19 1 419 22 20 416 0 25 0 5 5 88
1385 10276 367 365 8 19 1 419 22 20 416 0 25 0 5 5 88
1386 10278 366 364 8 19 1 419 22 20 416 0 25 0 5 5 88
1387 10276 367 365 8 19 1 419 22 20 416 0 25 0 5 5 88
1388 10280 365 363 8 19 1 419 22 20 416 0 25 0 5 5 88
1389 10280 365 363 8 20 1 418 22 20 416 1 24 0 5 5 88
1390 10280 364 363 9 20 1 418 22 20 417 1 23 0 5 5 88
1391 10278 364 364 10 20 1 418 22 20 418 1 22 0 5 5 88
1392 10276 365 365 10 20 1 418 22 20 418 1 22 0 5 5 88
1393 10273 367 367 9 20 1 418 22 20 418 1 22 0 5 5 88
1394 10280 363 364 9 20 1 418 22 20 419 1 21 0 5 5 88
1395 10278 364 365 9 20 1 418 22 20 419 1 21 0 5 5 88
1396 10286 360 361 9 20 1 418 22 20 419 1 21 0 5 5 88
1397 10287 360 360 9 20 1 418 22 20 418 1 22 0 5 5 88
1398 10289 359 359 9 20 1 418 22 20 418 1 22 0 5 5 88
1399 10291 358 358 9 20 1 418 22 20 418 1 22 0 5 5 88
1400 10289 359 359 9 20 1 418 22 20 418 1 22 0 5 5 88
1401 10293 357 357 9 20 1 418 22 20 418 1 22 0 5 5 88
1402 10287 360 360 9 20 1 418 22 20 418 1 22 0 5 5 88
1403 10283 362 362 9 20 1 418 22 20 418 1 22 0 5 5 88
1404 10283 363 362 8 20 1 419 21 20 418 1 22 0 5 5 88
1405 10283 363 362 8 20 1 419 21 20 418 1 22 0 5 5 88
1406 10288 360 360 8 20 1 419 21 20 419 1 21 0 5 5 88
1407 10294 358 356 8 20 1 421 19 20 419 1 21 0 5 5 88
1408 10292 359 357 8 20 1 421 19 20 419 1 21 0 5 5 88
1409 10290 360 358 8 20 1 421 19 20 419 1 21 0 5 5 88
1410 10292 358 357 9 20 1 420 20 20 419 1 21 0 5 5 88
1411 10297 356 354 9 20 1 421 19 20 419 1 21 0 5 5 88
1412 10299 355 352 10 20 1 421 19 20 418 1 22 0 5 5 88
1413 10297 356 353 10 20 1 421 19 20 418 1 22 0 5 5 88
1414 10298 356 352 10 20 1 422 18 20 418 1 22 0 5 5 88
1415 10306 352 348 10 20 1 422 18 20 418 1 22 0 5 5 88
1416 10306 352 348 10 20 1 422 18 20 418 1 22 0 5 5 88
1417 10306 352 348 10 20 1 422 18 20 418 1 22 0 5 5 88
1418 10302 354 350 10 20 1 422 18 20 418 1 22 0 5 5 88
1419 10309 350 347 10 20 1 422 18 21 418 0 22 0 5 5 88
1420 10311 349 346 10 20 1 422 18 21 418 0 22 0 5 5 88
1421 10309 349 348 10 20 1 421 19 21 419 0 21 0 5 5 88
1422 10313 347 346 10 20 1 421 19 21 419 0 21 0 5 5 88
1423 10315 346 345 10 20 1 421 19 21 419 0 21 0 5 5 88
1424 10315 346 345 10 20 1 421 19 21 419 0 21 0 5 5 88
1425 10322 342 342 10 20 1 421 19 21 420 0 20 0 5 5 88
1426 10324 341 341 10 21 1 420 19 23 418 0 20 0 6 5 87
1427 10318 344 344 10 21 1 420 19 23 418 0 20 0 6 5 87
1428 10316 345 345 10 21 1 420 19 23 418 0 20 0 6 5 87
1429 10319 343 344 10 21 1 420 19 23 419 0 19 0 6 5 87
1430 10328 338 339 11 21 1 420 19 23 419 0 19 0 6 5 87
1431 10328 338 339 11 21 1 420 19 23 419 0 19 0 6 5 87
1432 10327 339 340 10 21 1 420 19 23 419 0 19 0 6 5 87
1433 10327 339 340 10 21 1 420 19 23 419 0 19 0 6 5 87
1434 10329 338 339 10 21 1 420 19 23 419 0 19 0 6 5 87
1435 10332 336 338 10 21 1 420 19 23 420 0 18 0 6 5 87
1436 10340 332 334 10 21 1 420 19 23 420 0 18 0 6 5 87
1437 10341 331 334 10 21 1 419 20 23 420 0 18 0 6 5 87
1438 10342 330 334 10 21 1 419 20 23 421 0 17 0 6 5 87
1439 10349 327 331 9 21 1 419 20 23 421 0 17 0 6 5 87
1440 10352 325 329 10 21 1 419 20 23 421 0 17 0 6 5 87
1441 10356 323 327 10 21 1 419 20 23 421 0 17 0 6 5 87
1442 10360 320 325 11 21 1 418 21 23 421 0 17 0 6 5 87
1443 10357 321 326 12 21 1 418 21 23 421 0 17 0 6 5 87
1444 10357 321 326 12 21 1 418 21 23 421 0 17 0 6 5 87
1445 10353 323 328 12 21 1 418 21 23 421 0 17 0 6 5 87
1446 10355 323 328 10 21 1 418 21 23 421 0 17 0 6 5 87
1447 10361 321 326 8 21 1 418 21 23 421 0 17 0 6 5 87
1448 10363 320 325 8 21 1 418 21 23 421 0 17 0 6 5 87
1449 10359 322 327 8 21 1 418 21 23 421 0 17 0 6 5 87
1450 10360 321 326 9 21 1 418 21 23 421 0 17 0 6 5 87
1451 10361 321 325 9 21 1 419 20 23 421 0 17 0 6 5 87
1452 10361 321 325 9 21 1 419 20 23 421 0 17 0 6 5 87
1453 10364 319 324 9 21 1 419 20 23 422 0 16 0 6 5 87
1454 10365 318 324 9 21 1 418 21 23 422 0 16 0 6 5 87
1455 10364 318 325 9 21 1 417 22 23 422 0 16 0 6 5 87
1456 10361 320 327 8 21 1 417 22 23 422 0 16 0 6 5 87
1457 10363 319 326 8 21 1 417 22 23 422 0 16 0 6 5 87
1458 10363 319 326 8 21 1 417 22 23 422 0 16 0 6 5 87
1459 10363 319 326 8 21 1 417 22 23 422 0 16 0 6 5 87
1460 10367 317 324 8 21 1 417 22 23 422 0 16 0 6 5 87
1461 10372 315 321 8 21 1 417 22 23 421 0 17 0 6 5 87
1462 10371 315 322 8 21 1 417 22 23 422 0 16 0 6 5 87
1463 10371 315 322 8 21 1 417 22 23 422 0 16 0 6 5 87
1464 10369 316 323 8 21 1 417 22 23 422 0 16 0 6 5 87
1465 10368 316 324 8 21 1 416 23 23 422 0 16 0 6 5 87
1466 10370 315 323 8 21 1 416 23 23 422 0 16 0 6 5 87
1467 10370 315 323 8 21 1 416 23 23 422 0 16 0 6 5 87
1468 10369 316 324 7 21 1 416 23 23 422 0 16 0 6 5 87
1469 10373 314 322 7 21 1 416 23 23 422 0 16 0 6 5 87
1470 10375 313 321 7 21 1 416 23 23 422 0 16 0 6 5 87
1471 10375 313 321 7 22 1 415 23 23 422 0 16 0 6 6 86
1472 10376 313 321 6 22 1 415 23 23 422 0 16 0 6 6 86
1473 10375 313 323 5 22 1 414 24 23 423 0 15 0 6 6 86
1474 10373 314 324 5 22 1 414 24 23 423 0 15 0 6 6 86
1475 10377 312 322 5 22 1 414 24 23 423 0 15 0 6 6 86
1476 10379 311 321 5 22 1 414 24 23 423 0 15 0 6 6 86
1477 10378 312 321 5 22 1 415 23 23 423 0 15 0 6 6 86
1478 10378 312 321 5 22 1 415 23 23 423 0 15 0 6 6 86
1479 10378 312 321 5 22 1 415 23 23 423 0 15 0 6 6 86
1480 10378 312 321 5 22 1 415 23 23 423 0 15 0 6 6 86
1481 10379 311 321 5 22 1 414 24 23 423 0 15 0 6 6 86
1482 10375 313 323 5 22 1 414 24 23 423 0 15 0 6 6 86
1483 10373 314 324 5 22 1 414 24 23 423 0 15 0 6 6 86
1484 10371 315 325 5 22 1 414 24 23 423 0 15 0 6 6 86
1485 10371 315 325 5 22 1 414 24 23 423 0 15 0 6 6 86
1486 10373 314 324 5 22 1 414 24 23 423 0 15 0 6 6 86
1487 10376 312 323 5 22 1 413 25 23 423 0 15 0 6 6 86
1488 10377 311 322 6 22 1 413 25 23 423 0 15 0 6 6 86
1489 10376 312 322 6 22 1 413 25 23 422 0 16 0 6 6 86
1490 10376 312 322 6 22 1 413 25 23 422 0 16 0 6 6 86
1491 10377 311 322 6 22 1 413 25 23 423 0 15 0 6 6 86
1492 10376 312 322 6 23 1 413 24 24 422 0 15 0 6 6 86
1493 10381 310 319 6 23 1 414 23 24 422 0 15 0 6 6 86
1494 10381 310 319 6 23 1 414 23 24 422 0 15 0 6 6 86
1495 10383 309 318 6 23 1 414 23 24 422 0 15 0 6 6 86
1496 10381 310 319 6 23 1 414 23 24 422 0 15 0 6 6 86
1497 10381 310 319 6 23 1 414 23 24 422 0 15 0 6 6 86
1498 10380 311 319 6 23 1 414 23 24 421 0 16 0 6 6 86
1499 10374 314 322 6 23 1 414 23 24 421 0 16 0 6 6 86
1500 10375 313 322 6 23 1 413 24 24 421 0 16 0 6 6 86
