0 1979 195 0 0 0 0 0 0 0 0 0 0 0 0 0 0
1 11646 195 195 0 0 0 0 0 0 0 0 0 0 0 0 0
2 11645 195 195 1 0 0 0 0 0 0 0 0 0 0 0 0
3 11647 194 194 1 0 0 0 0 0 0 0 0 0 0 0 0
4 11649 193 193 1 0 0 0 0 0 0 0 0 0 0 0 0
5 11647 194 194 1 0 0 0 0 0 0 0 0 0 0 0 0
6 11649 193 193 1 0 0 0 0 0 0 0 0 0 0 0 0
7 11647 194 194 1 0 0 0 0 0 0 0 0 0 0 0 0
8 11643 196 196 1 0 0 0 0 0 0 0 0 0 0 0 0
9 11645 195 195 1 0 0 0 0 0 0 0 0 0 0 0 0
10 11647 194 194 1 0 0 0 0 0 0 0 0 0 0 0 0
11 11647 194 194 1 0 0 0 0 0 0 0 0 0 0 0 0
12 11644 195 195 2 0 0 0 0 0 0 0 0 0 0 0 0
13 11642 196 196 2 0 0 0 0 0 0 0 0 0 0 0 0
14 11644 195 195 2 0 0 0 0 0 0 0 0 0 0 0 0
15 11646 194 194 2 0 0 0 0 0 0 0 0 0 0 0 0
16 11646 194 194 2 0 0 0 0 0 0 0 0 0 0 0 0
17 11644 195 195 2 0 0 0 0 0 0 0 0 0 0 0 0
18 11642 196 196 2 0 0 0 0 0 0 0 0 0 0 0 0
19 11640 197 197 2 0 0 0 0 0 0 0 0 0 0 0 0
20 11638 198 198 2 0 0 0 0 0 0 0 0 0 0 0 0
21 11636 199 199 2 0 0 0 0 0 0 0 0 0 0 0 0
22 11632 201 201 2 0 0 0 0 0 0 0 0 0 0 0 0
23 11634 200 200 2 0 0 0 0 0 0 0 0 0 0 0 0
24 11636 199 199 2 0 0 0 0 0 0 0 0 0 0 0 0
25 11636 199 199 2 0 0 0 0 0 0 0 0 0 0 0 0
26 11642 196 196 2 0 0 0 0 0 0 0 0 0 0 0 0
27 11642 196 196 2 0 0 0 0 0 0 0 0 0 0 0 0
28 11646 194 194 2 0 0 0 0 0 0 0 0 0 0 0 0
29 11642 196 196 2 0 0 0 0 0 0 0 0 0 0 0 0
30 11634 200 200 2 0 0 0 0 0 0 0 0 0 0 0 0
31 11640 197 197 2 0 0 0 0 0 0 0 0 0 0 0 0
32 11635 199 199 3 0 0 0 0 0 0 0 0 0 0 0 0
33 11633 200 200 3 0 0 0 0 0 0 0 0 0 0 0 0
34 11631 201 201 3 0 0 0 0 0 0 0 0 0 0 0 0
35 11637 198 198 3 0 0 0 0 0 0 0 0 0 0 0 0
36 11635 199 199 3 0 0 0 0 0 0 0 0 0 0 0 0
37 11631 201 201 3 0 0 0 0 0 0 0 0 0 0 0 0
38 11625 204 204 3 0 0 0 0 0 0 0 0 0 0 0 0
39 11623 205 205 3 0 0 0 0 0 0 0 0 0 0 0 0
40 11625 204 204 3 0 0 0 0 0 0 0 0 0 0 0 0
41 11625 204 204 3 0 0 0 0 0 0 0 0 0 0 0 0
42 11616 208 208 4 0 0 0 0 0 0 0 0 0 0 0 0
43 11616 208 208 4 0 0 0 0 0 0 0 0 0 0 0 0
44 11610 211 211 4 0 0 0 0 0 0 0 0 0 0 0 0
45 11612 210 210 4 0 0 0 0 0 0 0 0 0 0 0 0
46 11600 216 216 4 0 0 0 0 0 0 0 0 0 0 0 0
47 11592 220 220 4 0 0 0 0 0 0 0 0 0 0 0 0
48 11580 226 226 4 0 0 0 0 0 0 0 0 0 0 0 0
49 11575 228 228 5 0 0 0 0 0 0 0 0 0 0 0 0
50 11569 231 231 5 0 0 0 0 0 0 0 0 0 0 0 0
51 11557 237 237 5 0 0 0 0 0 0 0 0 0 0 0 0
52 11546 242 242 6 0 0 0 0 0 0 0 0 0 0 0 0
53 11534 248 248 6 0 0 0 0 0 0 0 0 0 0 0 0
54 11524 253 253 6 0 0 0 0 0 0 0 0 0 0 0 0
55 11514 258 258 6 0 0 0 0 0 0 0 0 0 0 0 0
56 11506 262 262 6 0 0 0 0 0 0 0 0 0 0 0 0
57 11496 267 267 6 0 0 0 0 0 0 0 0 0 0 0 0
58 11485 272 272 7 0 0 0 0 0 0 0 0 0 0 0 0
59 11483 273 272 6 0 0 1 0 0 0 0 1 0 0 0 0
60 11469 280 279 6 0 0 1 0 0 0 0 1 0 0 0 0
61 11457 286 285 6 0 0 1 0 0 0 0 1 0 0 0 0
62 11435 297 296 6 0 0 1 0 0 0 0 1 0 0 0 0
63 11415 307 306 6 0 0 1 0 0 0 0 1 0 0 0 0
64 11393 318 317 6 0 0 1 0 0 0 0 1 0 0 0 0
65 11387 321 320 6 0 0 1 0 0 0 0 1 0 0 0 0
66 11372 328 327 7 0 0 1 0 0 0 0 1 0 0 0 0
67 11360 334 333 7 0 0 1 0 0 0 0 1 0 0 0 0
68 11340 344 343 7 0 0 1 0 0 0 0 1 0 0 0 0
69 11332 348 347 7 0 0 1 0 0 0 0 1 0 0 0 0
70 11330 349 348 7 0 0 1 0 0 0 0 1 0 0 0 0
71 11314 357 356 7 0 0 1 0 0 0 0 1 0 0 0 0
72 11303 362 361 8 0 0 1 0 0 0 0 1 0 0 0 0
73 11285 370 369 10 0 0 1 0 0 0 0 1 0 0 0 0
74 11265 380 379 10 0 0 1 0 0 0 0 1 0 0 0 0
75 11264 381 380 9 0 0 1 0 0 0 0 1 0 0 0 0
76 11248 389 388 9 0 0 1 0 0 0 0 1 0 0 0 0
77 11244 391 390 9 0 0 1 0 0 0 0 1 0 0 0 0
78 11230 398 397 9 0 0 1 0 0 0 0 1 0 0 0 0
79 11226 400 399 9 0 0 1 0 0 0 0 1 0 0 0 0
80 11218 403 402 11 0 0 1 0 0 0 0 1 0 0 0 0
81 11200 412 411 11 0 0 1 0 0 0 0 1 0 0 0 0
82 11192 416 415 11 0 0 1 0 0 0 0 1 0 0 0 0
83 11182 421 420 11 0 0 1 0 0 0 0 1 0 0 0 0
84 11164 430 429 11 0 0 1 0 0 0 0 1 0 0 0 0
85 11140 442 441 11 0 0 1 0 0 0 0 1 0 0 0 0
86 11125 449 448 12 0 0 1 0 0 0 0 1 0 0 0 0
87 11103 459 458 14 0 0 1 0 0 0 0 1 0 0 0 0
88 11086 466 465 17 0 0 1 0 0 0 0 1 0 0 0 0
89 11084 467 466 17 0 0 1 0 0 0 0 1 0 0 0 0
90 11077 470 469 18 0 0 1 0 0 0 0 1 0 0 0 0
91 11064 476 475 19 0 0 1 0 0 0 0 1 0 0 0 0
92 11051 482 481 20 0 0 1 0 0 0 0 1 0 0 0 0
93 11047 485 484 18 0 0 1 0 0 0 0 1 0 0 0 0
94 11029 494 493 18 0 0 1 0 0 0 0 1 0 0 0 0
95 11000 509 508 17 0 0 1 0 0 0 0 1 0 0 0 0
96 10991 513 512 18 0 0 1 0 0 0 0 1 0 0 0 0
97 10975 520 518 19 0 0 2 0 0 0 0 2 0 0 0 0
98 10967 524 522 19 0 0 2 0 0 0 0 2 0 0 0 0
99 10948 533 531 20 0 0 2 0 0 0 0 2 0 0 0 0
100 10954 530 527 19 0 0 3 0 0 0 0 3 0 0 0 0
101 10941 536 533 20 0 0 3 0 0 0 0 3 0 0 0 0
102 10935 539 536 20 0 0 3 0 0 0 0 3 0 0 0 0
103 10931 541 538 20 0 0 3 0 0 0 0 3 0 0 0 0
104 10919 547 543 19 0 0 4 0 0 0 0 4 0 0 0 0
105 10900 556 552 20 0 0 4 0 0 0 0 4 0 0 0 0
106 10892 560 556 20 0 0 4 0 0 0 0 4 0 0 0 0
107 10887 563 559 19 0 0 4 0 0 0 0 4 0 0 0 0
108 10872 570 566 20 0 0 4 0 0 0 0 4 0 0 0 0
109 10861 575 571 21 0 0 4 0 0 0 0 4 0 0 0 0
110 10848 581 577 22 0 0 4 0 0 0 0 4 0 0 0 0
111 10842 584 580 22 0 0 4 0 0 0 0 4 0 0 0 0
112 10834 588 584 22 0 0 4 0 0 0 0 4 0 0 0 0
113 10838 586 582 22 0 0 4 0 0 0 0 4 0 0 0 0
114 10835 587 583 23 0 0 4 0 0 0 0 4 0 0 0 0
115 10831 589 585 23 0 0 4 0 0 0 0 4 0 0 0 0
116 10818 595 591 24 0 0 4 0 0 0 0 4 0 0 0 0
117 10812 598 592 22 0 0 6 0 0 0 0 6 0 0 0 0
118 10808 600 594 22 0 0 6 0 0 0 0 6 0 0 0 0
119 10807 601 595 21 0 0 6 0 0 0 0 6 0 0 0 0
120 10802 603 597 22 0 0 6 0 0 0 0 6 0 0 0 0
121 10785 611 605 23 0 0 6 0 0 0 0 6 0 0 0 0
122 10779 614 608 23 0 0 6 0 0 0 0 6 0 0 0 0
123 10765 621 614 22 0 0 7 0 0 0 0 7 0 0 0 0
124 10759 624 616 21 0 0 8 0 0 0 0 8 0 0 0 0
125 10747 630 622 21 0 0 8 0 0 0 0 8 0 0 0 0
126 10735 636 628 21 0 0 8 0 0 0 0 8 0 0 0 0
127 10719 642 634 25 0 0 8 0 0 0 0 8 0 0 0 0
128 10691 655 646 26 0 0 9 0 0 0 0 9 0 0 0 0
129 10687 656 647 28 0 0 9 0 0 0 0 9 0 0 0 0
130 10676 661 652 29 0 0 9 0 0 0 0 9 0 0 0 0
131 10655 671 662 30 0 0 9 0 0 0 0 9 0 0 0 0
132 10646 675 666 31 0 0 9 0 0 0 0 9 0 0 0 0
133 10637 679 670 32 0 0 9 0 0 0 0 9 0 0 0 0
134 10621 686 677 34 0 0 9 0 0 0 0 9 0 0 0 0
135 10615 689 680 34 0 0 9 0 0 0 0 9 0 0 0 0
136 10595 698 689 36 0 0 9 0 0 0 0 9 0 0 0 0
137 10593 699 690 36 0 0 9 0 0 0 0 9 0 0 0 0
138 10580 706 697 35 0 0 9 0 0 0 0 9 0 0 0 0
139 10584 704 695 35 0 0 9 0 0 0 0 9 0 0 0 0
140 10573 709 700 36 0 0 9 0 0 0 0 9 0 0 0 0
141 10564 714 705 35 0 0 9 0 0 0 0 9 0 0 0 0
142 10561 716 707 34 0 0 9 0 0 0 0 9 0 0 0 0
143 10559 717 708 34 0 0 9 0 0 0 0 9 0 0 0 0
144 10546 723 714 35 0 0 9 0 0 0 0 9 0 0 0 0
145 10527 731 723 37 0 0 9 0 0 1 0 8 0 0 0 0
146 10503 743 735 37 0 0 9 0 0 1 0 8 0 0 0 0
147 10474 757 750 37 0 0 9 0 0 2 0 7 0 0 0 0
148 10464 762 754 36 0 0 10 0 0 2 0 8 0 0 0 0
149 10458 765 757 36 0 0 10 0 0 2 0 8 0 0 0 0
150 10435 774 766 41 0 0 10 0 0 2 0 8 0 0 0 0
151 10427 779 771 39 0 0 10 0 0 2 0 8 0 0 0 0
152 10416 784 776 40 0 0 10 0 0 2 0 8 0 0 0 0
153 10401 791 783 41 0 0 10 0 0 2 0 8 0 0 0 0
154 10393 795 787 41 0 0 10 0 0 2 0 8 0 0 0 0
155 10359 811 803 43 0 0 10 0 0 2 0 8 0 0 0 0
156 10336 821 813 46 0 0 10 0 0 2 0 8 0 0 0 0
157 10303 836 828 49 0 0 10 0 0 2 0 8 0 0 0 0
158 10288 842 833 51 0 0 11 0 0 2 0 9 0 0 0 0
159 10256 857 847 52 0 0 12 0 0 2 0 10 0 0 0 0
160 10246 861 851 54 0 0 12 0 0 2 0 10 0 0 0 0
161 10215 876 866 55 0 0 12 0 0 2 0 10 0 0 0 0
162 10200 885 874 51 0 0 13 0 0 2 0 11 0 0 0 0
163 10174 897 886 53 0 0 13 0 0 2 0 11 0 0 0 0
164 10155 906 895 54 0 0 13 0 0 2 0 11 0 0 0 0
165 10131 918 906 53 0 0 14 0 0 2 0 12 0 0 0 0
166 10106 928 915 57 0 0 15 0 0 2 0 13 0 0 0 0
167 10087 936 923 60 0 0 15 0 0 2 0 13 0 0 0 0
168 10061 946 934 65 0 0 14 1 0 2 0 13 0 0 0 0
169 10055 948 936 67 0 0 14 1 0 2 0 13 0 0 0 0
170 10037 955 942 70 0 0 15 1 0 2 0 14 0 0 0 0
171 10030 959 945 68 0 0 16 1 0 2 0 15 0 0 0 0
172 10009 968 953 70 0 0 17 1 0 2 0 16 0 0 0 0
173 9995 975 959 69 0 0 18 1 0 2 0 17 0 0 0 0
174 9964 989 973 72 0 0 18 1 0 2 0 17 0 0 0 0
175 9943 998 982 75 0 0 18 1 0 2 0 17 0 0 0 0
176 9929 1004 988 77 0 0 18 1 0 2 0 17 0 0 0 0
177 9908 1013 998 78 0 0 18 1 0 3 0 16 0 0 0 1
178 9882 1026 1011 78 0 0 18 1 0 3 0 16 0 0 0 1
179 9862 1035 1020 80 0 0 18 1 0 3 0 16 0 0 0 1
180 9844 1043 1028 82 0 0 18 1 0 3 0 16 0 0 0 1
181 9836 1045 1030 86 0 0 18 1 0 3 0 16 0 0 0 1
182 9816 1055 1038 84 0 0 20 1 0 3 0 18 0 0 0 1
183 9795 1064 1048 86 0 0 20 1 0 4 0 17 0 0 0 1
184 9783 1070 1053 85 0 0 21 1 0 4 0 18 0 0 0 1
185 9757 1081 1063 88 0 0 22 1 0 4 0 19 0 0 0 1
186 9745 1086 1068 90 0 0 22 1 0 4 0 19 0 0 0 1
187 9739 1087 1069 94 0 0 22 1 0 4 0 19 0 0 0 1
188 9734 1088 1070 97 0 0 22 1 0 4 0 19 0 0 0 1
189 9719 1093 1075 100 0 0 22 2 0 4 0 20 0 0 0 1
190 9720 1093 1074 98 0 0 23 2 0 4 0 21 0 0 0 1
191 9704 1101 1082 98 0 0 23 2 0 4 0 21 0 0 0 1
192 9685 1109 1090 101 0 0 23 2 0 4 0 21 0 0 0 1
193 9679 1113 1095 98 0 0 23 2 0 5 0 20 0 0 0 1
194 9677 1113 1094 99 0 0 24 2 0 5 0 21 0 0 0 1
195 9655 1122 1104 102 0 0 24 2 0 6 0 20 0 0 0 1
196 9639 1129 1111 104 0 0 24 2 0 6 0 20 0 0 0 1
197 9634 1131 1113 105 0 0 24 2 0 6 0 20 0 0 0 1
198 9613 1140 1122 108 0 0 24 2 0 6 0 20 0 0 0 1
199 9609 1142 1123 107 0 0 25 2 0 6 0 21 0 0 0 1
200 9592 1150 1131 108 0 0 25 2 0 6 0 21 0 0 0 1
201 9593 1150 1131 105 0 0 26 2 0 7 0 21 0 0 0 1
202 9582 1155 1137 105 0 0 26 2 0 8 0 20 0 0 0 1
203 9575 1157 1139 108 0 0 26 2 0 8 0 20 0 0 0 1
204 9573 1158 1140 108 0 0 26 2 0 8 0 20 0 0 0 1
205 9565 1161 1142 109 0 0 27 2 0 8 0 21 0 0 0 1
206 9552 1167 1147 109 0 0 28 2 0 8 0 22 0 0 0 1
207 9534 1175 1155 111 0 0 28 2 0 8 0 22 0 0 0 1
208 9524 1180 1160 111 0 0 28 2 0 8 0 22 0 0 0 1
209 9518 1182 1163 112 0 0 28 2 0 9 0 21 0 0 0 1
210 9515 1183 1162 112 0 0 30 1 0 9 0 22 0 0 0 2
211 9505 1186 1165 116 0 0 30 1 0 9 0 22 0 0 0 2
212 9501 1187 1165 117 0 0 31 1 0 9 0 23 0 0 0 2
213 9496 1188 1166 120 0 0 31 1 0 9 0 23 0 0 0 2
214 9489 1191 1168 120 0 0 32 1 0 9 0 24 0 0 0 2
215 9482 1194 1171 121 0 0 32 1 0 9 0 24 0 0 0 2
216 9476 1197 1173 120 0 0 33 1 0 9 0 25 0 0 0 2
217 9479 1194 1170 123 0 0 33 1 0 9 0 25 0 0 0 2
218 9474 1196 1172 124 0 0 33 1 0 9 0 25 0 0 0 2
219 9465 1200 1176 125 0 0 33 1 0 9 0 25 0 0 0 2
220 9465 1198 1174 129 0 0 33 1 0 9 0 25 0 0 0 2
221 9469 1197 1173 127 0 0 33 1 0 9 0 25 0 0 0 2
222 9465 1199 1175 127 0 0 33 1 0 9 0 25 0 0 0 2
223 9465 1200 1176 125 0 0 33 1 0 9 0 25 0 0 0 2
224 9464 1198 1173 130 0 0 34 0 0 9 0 25 0 0 0 3
225 9455 1202 1177 131 0 0 34 0 0 9 0 25 0 0 0 3
226 9445 1207 1181 130 0 0 35 0 0 9 0 26 0 0 0 3
227 9440 1209 1183 131 0 0 35 0 0 9 0 26 0 0 0 3
228 9436 1211 1184 130 0 0 36 0 0 9 0 27 0 0 0 3
229 9434 1211 1184 132 0 0 36 0 0 9 0 27 0 0 0 3
230 9432 1212 1185 132 0 0 36 0 0 9 0 27 0 0 0 3
231 9421 1219 1192 129 0 0 36 0 0 9 0 27 0 0 0 3
232 9412 1223 1196 128 0 0 36 1 0 9 0 28 0 0 0 3
233 9416 1220 1193 130 0 0 36 1 0 9 0 28 0 0 0 3
234 9421 1217 1191 130 0 0 36 1 0 10 0 27 0 0 0 3
235 9426 1212 1186 135 0 0 36 1 0 10 0 27 0 0 0 3
236 9428 1211 1185 135 0 0 36 1 0 10 0 27 0 0 0 3
237 9423 1214 1188 134 0 0 36 1 0 10 0 27 0 0 0 3
238 9410 1220 1193 134 0 0 37 1 0 10 0 28 0 0 0 3
239 9402 1224 1197 134 0 0 37 1 0 10 0 28 0 0 0 3
240 9402 1223 1195 135 0 0 38 1 0 10 0 29 0 0 0 3
241 9398 1225 1197 135 0 0 38 1 0 10 0 29 0 0 0 3
242 9392 1228 1200 135 0 0 38 1 0 10 0 29 0 0 0 3
243 9388 1230 1202 135 0 0 38 1 0 10 0 29 0 0 0 3
244 9384 1231 1202 136 0 0 39 1 0 10 0 30 0 0 0 3
245 9373 1235 1205 136 0 0 40 2 0 10 0 32 0 0 0 3
246 9351 1244 1213 137 0 0 41 3 0 10 0 34 0 0 0 3
247 9343 1248 1216 136 0 0 42 3 0 10 0 35 0 0 0 3
248 9325 1256 1224 136 0 0 43 3 0 11 0 35 0 0 0 3
249 9318 1258 1227 138 0 0 43 3 0 12 0 34 0 0 0 3
250 9318 1256 1225 140 0 0 44 3 0 13 0 34 0 0 0 3
251 9304 1263 1232 140 0 0 44 3 0 13 0 34 0 0 0 3
252 9298 1266 1234 141 0 0 45 2 0 13 0 34 0 0 0 3
253 9288 1269 1237 143 0 0 46 2 0 14 0 34 0 0 0 3
254 9274 1275 1242 144 0 0 47 2 0 14 0 35 0 0 0 3
255 9265 1279 1247 142 0 0 46 4 0 14 0 36 0 0 0 3
256 9250 1286 1253 143 0 0 47 3 0 14 0 36 0 0 0 4
257 9247 1286 1253 144 0 0 47 4 0 14 0 37 0 0 0 4
258 9238 1290 1256 144 0 0 48 4 0 14 0 38 0 0 0 4
259 9224 1296 1261 145 0 0 49 4 0 14 0 39 0 0 0 4
260 9219 1296 1261 148 0 0 50 4 0 15 0 39 0 0 0 4
261 9209 1301 1266 148 0 0 50 4 0 15 0 39 0 0 0 4
262 9199 1307 1272 146 0 0 50 4 0 15 0 39 0 0 0 4
263 9184 1315 1280 145 0 0 50 4 0 15 0 39 0 0 0 4
264 9173 1322 1286 141 0 0 51 4 0 15 0 40 0 0 0 4
265 9160 1327 1290 141 0 0 53 4 0 16 0 41 0 0 0 4
266 9139 1336 1298 143 0 0 54 4 0 16 0 42 0 0 0 4
267 9138 1336 1297 144 0 0 55 3 0 16 0 42 0 0 0 5
268 9119 1345 1306 145 0 0 55 3 0 16 0 42 0 0 0 5
269 9102 1353 1313 145 0 0 56 3 0 16 0 43 0 0 0 5
270 9079 1364 1323 145 0 0 57 3 0 16 0 44 0 0 0 5
271 9066 1370 1328 145 0 0 58 3 0 16 0 45 0 0 0 5
272 9053 1374 1332 150 0 0 58 3 0 16 0 45 0 0 0 5
273 9038 1380 1337 152 0 0 59 3 0 16 0 46 0 0 0 5
274 9033 1381 1338 153 0 0 60 3 0 17 0 46 0 0 0 5
275 9015 1387 1344 159 0 0 60 3 0 17 0 46 0 0 0 5
276 9009 1390 1347 159 0 0 60 3 0 17 0 46 0 0 0 5
277 8991 1396 1352 164 0 0 61 3 0 17 0 47 0 0 0 5
278 8975 1402 1358 166 0 0 61 4 0 17 0 48 0 0 0 5
279 8960 1407 1363 171 0 0 61 4 0 17 0 48 0 0 0 5
280 8950 1412 1367 171 0 0 62 3 0 17 0 48 0 0 0 6
281 8945 1414 1369 172 0 0 62 3 0 17 0 48 0 0 0 6
282 8933 1419 1372 172 0 0 64 3 0 17 0 50 0 0 0 6
283 8923 1424 1377 172 0 0 64 3 0 17 0 50 0 0 0 6
284 8921 1424 1374 171 0 0 67 3 0 17 0 53 0 0 0 6
285 8899 1434 1382 172 0 0 69 2 0 17 0 54 0 0 0 7
286 8890 1437 1385 173 0 0 69 3 0 17 0 55 0 0 0 7
287 8867 1447 1394 177 0 0 70 2 0 17 0 55 0 0 0 7
288 8866 1446 1394 179 0 0 70 2 0 18 0 54 0 0 0 7
289 8847 1454 1402 176 0 0 71 4 0 19 0 56 0 0 0 7
290 8832 1461 1409 177 0 0 71 4 0 19 0 56 0 0 0 7
291 8833 1461 1409 176 0 0 71 4 0 19 0 56 0 0 0 7
292 8833 1460 1408 178 0 0 71 4 0 19 0 56 0 0 0 7
293 8836 1457 1405 179 0 0 71 5 0 19 0 57 0 0 0 7
294 8822 1464 1411 178 0 0 72 5 0 19 0 58 0 0 0 7
295 8808 1471 1416 176 0 0 74 5 0 19 0 60 0 0 0 7
296 8805 1472 1417 177 0 0 74 5 0 19 0 60 0 0 0 7
297 8802 1473 1419 177 0 0 74 5 0 20 0 59 0 0 0 7
298 8794 1477 1424 176 0 0 74 5 0 21 0 58 0 0 0 7
299 8792 1477 1422 176 0 0 76 5 0 21 0 60 0 0 0 7
300 8781 1481 1427 178 0 0 76 5 0 22 0 59 0 0 0 7
301 8763 1490 1436 178 0 0 76 5 0 22 0 59 0 0 0 7
302 8767 1488 1434 176 0 0 77 5 0 23 0 59 0 0 0 7
303 8768 1485 1430 180 0 0 78 5 0 23 0 60 0 0 0 7
304 8776 1479 1422 184 0 0 79 5 0 22 0 62 0 0 0 7
305 8774 1479 1422 186 0 0 79 5 0 22 0 62 0 0 0 7
306 8765 1482 1425 189 0 0 79 5 0 22 0 62 0 0 0 7
307 8755 1486 1429 191 0 0 79 5 0 22 0 62 0 0 0 7
308 8753 1488 1430 188 0 0 80 5 0 22 0 63 0 0 0 7
309 8738 1494 1436 191 0 0 80 5 0 22 0 63 0 0 0 7
310 8733 1494 1434 194 0 0 82 5 0 22 0 65 0 0 0 7
311 8728 1494 1436 197 0 0 82 5 0 24 0 63 0 0 0 7
312 8736 1491 1431 191 0 0 84 6 0 24 0 66 0 0 0 7
313 8729 1494 1434 192 0 0 84 6 0 24 0 66 0 0 0 7
314 8708 1502 1442 197 0 0 84 6 0 24 0 66 0 0 0 7
315 8697 1506 1445 197 0 0 85 7 0 24 0 68 0 0 0 7
316 8696 1506 1444 197 0 0 86 7 0 24 0 69 0 0 0 7
317 8696 1504 1441 196 0 0 89 7 0 26 0 70 0 0 0 7
318 8687 1509 1446 195 0 0 89 7 0 26 0 70 0 0 0 7
319 8689 1509 1446 193 0 0 89 7 0 26 0 70 0 0 0 7
320 8699 1504 1440 192 0 0 90 7 0 26 0 71 0 0 0 7
321 8689 1508 1446 189 0 0 91 7 0 29 0 69 0 0 0 8
322 8693 1504 1441 193 0 0 93 5 0 30 0 68 0 0 0 9
323 8682 1510 1447 192 0 0 93 5 0 30 0 68 0 0 0 9
324 8673 1515 1452 191 0 0 93 5 0 30 0 68 0 0 0 9
325 8666 1518 1455 192 0 0 93 5 0 30 0 68 0 0 0 9
326 8671 1515 1452 193 0 0 93 5 0 30 0 68 0 0 0 9
327 8674 1515 1451 189 0 0 94 5 0 30 0 69 0 0 0 9
328 8662 1521 1457 189 0 0 94 5 0 30 0 69 0 0 0 9
329 8678 1512 1448 191 0 0 94 5 0 30 0 69 0 0 0 9
330 8668 1516 1450 191 0 0 96 5 0 30 0 71 0 0 0 9
331 8654 1523 1457 191 0 0 96 5 0 30 0 71 0 0 0 9
332 8650 1521 1454 196 0 0 98 5 0 31 0 72 0 0 0 9
333 8634 1527 1459 199 0 0 99 5 0 31 0 73 0 0 0 9
334 8630 1528 1460 199 0 0 99 6 0 31 0 74 0 0 0 9
335 8616 1534 1463 200 0 0 102 5 0 31 0 76 0 0 0 9
336 8617 1531 1461 202 0 0 102 6 0 32 0 76 0 0 0 9
337 8615 1530 1460 206 0 0 102 6 0 32 0 76 0 0 0 9
338 8604 1535 1464 206 0 0 103 6 0 32 0 77 0 0 0 9
339 8596 1536 1464 207 0 0 105 7 0 33 0 79 0 0 0 9
340 8586 1541 1470 206 0 0 105 7 0 34 0 78 0 0 0 9
341 8580 1543 1469 205 0 0 108 7 0 34 0 81 0 0 0 9
342 8581 1540 1466 208 0 0 108 8 0 34 0 82 0 0 0 9
343 8575 1542 1467 209 0 0 109 8 0 34 0 83 0 0 0 9
344 8562 1545 1469 215 0 0 110 8 0 34 0 84 0 0 0 9
345 8558 1545 1468 216 0 0 112 8 0 35 0 85 0 0 0 9
346 8539 1555 1477 212 0 0 114 8 0 36 0 86 0 0 0 9
347 8521 1564 1485 211 0 0 115 8 0 36 0 87 0 0 0 9
348 8513 1565 1486 217 0 0 115 8 0 36 0 87 0 0 0 9
349 8513 1564 1484 216 0 0 117 8 0 37 0 88 0 0 0 9
350 8492 1571 1489 221 0 0 119 8 0 37 0 90 0 0 0 9
351 8487 1573 1491 222 0 0 119 8 0 37 0 90 0 0 0 9
352 8474 1577 1493 224 0 0 121 8 0 37 0 92 0 0 0 10
353 8477 1576 1491 222 0 0 122 8 0 37 0 93 0 0 0 10
354 8467 1576 1492 231 0 0 121 9 0 37 0 93 0 0 0 10
355 8473 1571 1487 233 0 0 122 9 0 38 0 93 0 0 0 10
356 8455 1579 1495 231 0 0 122 11 0 38 0 95 0 0 0 10
357 8459 1577 1490 228 0 0 125 11 0 38 0 98 0 0 0 10
358 8439 1585 1495 229 0 0 128 11 0 38 0 101 0 0 0 10
359 8435 1585 1494 230 0 0 129 12 0 38 0 103 0 0 0 10
360 8436 1582 1494 232 0 0 129 12 0 41 0 100 0 0 0 10
361 8434 1582 1495 232 0 0 130 11 0 43 0 98 0 0 0 11
362 8414 1590 1503 234 0 0 131 11 0 44 0 98 0 0 0 11
363 8406 1594 1508 233 0 0 130 12 0 44 0 98 0 0 0 11
364 8394 1599 1512 233 0 0 131 12 0 44 0 99 0 0 0 12
365 8380 1604 1518 236 0 0 130 13 0 44 0 99 0 0 0 12
366 8359 1613 1525 235 0 0 132 14 0 44 0 102 0 0 0 12
367 8349 1617 1529 237 0 0 132 14 0 44 0 102 0 0 0 12
368 8343 1619 1530 237 0 0 133 14 0 44 0 103 0 0 0 13
369 8330 1623 1533 239 0 0 135 14 0 45 0 104 0 0 0 13
370 8315 1630 1539 235 0 0 136 16 0 45 0 107 0 0 0 13
371 8294 1641 1549 233 0 0 137 16 0 45 0 108 0 0 0 13
372 8284 1646 1556 231 0 0 136 17 0 46 0 107 0 0 0 13
373 8274 1650 1559 230 0 0 138 17 0 47 0 108 0 0 0 13
374 8260 1657 1565 227 0 0 139 18 0 47 0 110 0 0 0 13
375 8258 1657 1563 227 0 0 141 18 0 47 0 112 0 0 0 13
376 8252 1659 1564 228 0 0 142 17 0 47 0 112 0 0 0 15
377 8244 1660 1565 230 0 0 143 18 0 48 0 113 0 0 0 15
378 8247 1656 1562 234 0 0 143 18 0 49 0 112 0 0 0 15
379 8242 1657 1561 235 0 0 145 18 0 49 0 114 0 0 0 15
380 8244 1655 1560 236 0 0 145 18 0 50 0 113 0 0 0 15
381 8236 1659 1564 236 0 0 145 18 0 50 0 113 0 0 0 15
382 8226 1665 1570 234 0 0 145 18 0 50 0 113 0 0 0 15
383 8213 1668 1573 239 0 0 146 18 0 51 0 113 0 0 0 15
384 8213 1666 1572 242 0 0 145 19 0 51 0 113 0 0 0 15
385 8208 1666 1572 247 0 0 145 19 0 51 0 113 0 0 0 15
386 8202 1667 1573 251 0 0 145 19 0 51 0 113 0 0 0 15
387 8194 1669 1576 250 0 0 146 20 0 53 0 113 0 0 0 15
388 8202 1666 1573 246 0 0 147 20 0 54 0 113 0 0 0 15
389 8196 1667 1576 246 0 0 146 22 0 55 0 113 0 0 0 15
390 8202 1664 1574 245 0 0 146 22 0 56 0 112 0 0 0 15
391 8192 1665 1576 252 0 0 146 22 0 57 0 111 0 0 0 15
392 8195 1663 1574 253 0 0 147 21 0 58 0 110 0 0 0 15
393 8185 1667 1577 254 0 0 148 21 0 58 0 111 0 0 0 15
394 8186 1667 1576 252 0 0 149 21 0 58 0 112 0 0 0 15
395 8179 1669 1580 253 0 0 148 22 0 59 0 111 0 0 0 15
396 8184 1665 1574 253 0 0 150 22 0 59 0 113 0 0 0 16
397 8191 1659 1570 254 0 0 151 22 0 62 0 111 0 0 0 16
398 8189 1662 1574 247 0 0 151 23 0 63 0 111 0 0 0 16
399 8191 1660 1572 249 0 0 151 23 0 63 0 111 0 0 0 16
400 8187 1662 1573 250 0 0 152 22 0 63 0 111 0 0 0 16
401 8187 1661 1573 251 0 0 152 22 0 64 0 110 0 0 0 16
402 8183 1662 1575 252 0 0 151 23 0 64 0 110 0 0 0 16
403 8202 1654 1566 248 0 0 152 23 0 64 0 111 0 0 0 16
404 8191 1660 1571 246 0 0 153 23 0 64 0 112 0 0 0 16
405 8190 1662 1572 242 0 0 154 23 0 64 0 113 0 0 0 16
406 8175 1669 1578 242 0 0 155 23 0 64 0 114 0 0 0 16
407 8177 1669 1578 238 0 0 155 24 0 64 0 115 0 0 0 16
408 8177 1670 1578 234 0 0 156 24 0 64 0 116 0 0 0 17
409 8171 1671 1579 236 0 0 157 24 0 65 0 116 0 0 0 17
410 8163 1674 1585 235 0 0 156 25 0 67 0 114 0 0 0 17
411 8152 1680 1591 234 0 0 157 24 0 68 0 113 0 0 0 17
412 8153 1681 1593 228 0 0 157 25 0 69 0 113 0 0 0 17
413 8146 1684 1592 229 0 0 160 24 0 68 0 116 0 0 0 17
414 8153 1681 1590 223 0 0 161 25 0 70 0 116 0 0 0 17
415 8155 1680 1590 222 0 0 161 25 0 71 0 115 0 0 0 17
416 8166 1674 1584 223 0 0 162 24 0 72 0 114 0 0 0 17
417 8163 1673 1583 226 0 0 163 24 0 73 0 114 0 0 0 17
418 8163 1671 1581 228 0 0 163 25 0 73 0 115 0 0 0 17
419 8157 1673 1583 229 0 0 163 25 0 73 0 115 0 0 0 18
420 8159 1671 1582 228 0 0 164 25 0 75 0 114 0 0 0 18
421 8159 1670 1582 229 0 0 164 25 0 76 0 113 0 0 0 18
422 8158 1670 1582 229 0 0 164 25 0 76 0 113 0 0 0 19
423 8163 1668 1580 228 0 0 164 25 0 76 0 113 0 0 0 19
424 8170 1666 1577 225 0 0 165 24 0 76 0 113 0 0 0 20
425 8167 1666 1578 225 0 0 164 26 0 76 0 114 0 0 0 20
426 8163 1665 1577 231 0 0 164 26 0 76 0 114 0 0 0 20
427 8165 1665 1577 229 0 0 164 26 0 76 0 114 0 0 0 20
428 8166 1665 1577 228 0 0 164 26 0 76 0 114 0 0 0 20
429 8165 1665 1577 225 0 0 166 26 0 78 0 114 0 0 0 20
430 8158 1668 1580 225 0 0 166 26 0 78 0 114 0 0 0 21
431 8146 1672 1583 228 0 0 167 26 0 78 0 115 0 0 0 21
432 8159 1666 1577 227 0 0 167 26 0 78 0 115 0 0 0 21
433 8154 1666 1577 232 0 0 167 26 0 78 0 115 0 0 0 21
434 8145 1669 1579 233 0 0 169 25 0 79 0 115 0 0 0 22
435 8127 1675 1586 238 0 0 168 26 0 79 0 115 0 0 0 22
436 8126 1675 1584 237 0 0 171 25 0 80 0 116 0 0 0 22
437 8133 1672 1580 237 0 0 171 25 0 79 0 117 0 0 0 22
438 8132 1671 1577 238 0 0 173 25 0 79 0 119 0 0 0 22
439 8129 1669 1576 240 0 0 175 25 0 82 0 118 0 0 0 22
440 8142 1662 1570 240 0 0 174 26 0 82 0 118 0 0 0 22
441 8136 1661 1568 247 0 0 175 26 0 82 0 119 0 0 0 22
442 8139 1659 1564 248 0 0 176 26 0 81 0 121 0 0 0 22
443 8127 1663 1569 251 0 0 176 26 0 82 0 120 0 0 0 22
444 8122 1668 1573 244 0 0 178 25 0 83 0 120 0 0 0 23
445 8117 1669 1573 242 0 0 181 25 0 85 0 121 0 0 0 23
446 8097 1675 1579 246 0 0 181 27 0 85 0 123 0 0 0 23
447 8084 1677 1581 253 0 0 182 27 0 86 0 123 0 0 0 23
448 8059 1688 1590 254 0 0 184 27 0 86 0 125 0 0 0 23
449 8050 1690 1591 258 0 0 184 28 0 85 0 127 0 0 0 23
450 8038 1695 1596 258 0 0 184 29 0 85 0 128 0 0 0 23
451 8028 1699 1600 260 0 0 184 29 0 85 0 128 0 0 0 23
452 8015 1705 1604 262 0 0 185 28 0 84 0 129 0 0 0 24
453 8001 1713 1612 260 0 0 185 28 0 84 0 129 0 0 0 24
454 7989 1718 1615 260 0 0 187 28 0 84 0 131 0 0 0 24
455 7975 1722 1617 262 0 0 190 28 0 85 0 133 0 0 0 24
456 7948 1735 1628 261 0 0 192 28 0 85 0 135 0 0 0 24
457 7934 1742 1634 262 0 0 192 28 0 84 0 136 0 0 0 24
458 7920 1746 1637 267 0 0 193 28 0 84 0 137 0 0 0 24
459 7901 1755 1645 265 0 0 194 29 0 84 0 139 0 0 0 24
460 7896 1756 1643 265 0 0 197 29 0 84 0 142 0 0 0 24
461 7876 1763 1650 271 0 0 197 29 0 84 0 142 0 0 0 24
462 7879 1761 1648 270 0 0 197 30 0 84 0 143 0 0 0 24
463 7866 1765 1651 270 0 0 198 32 0 84 0 146 0 0 0 24
464 7859 1767 1650 269 0 0 202 31 0 85 0 148 0 0 0 25
465 7845 1773 1656 267 0 0 202 33 0 85 0 150 0 0 0 25
466 7822 1781 1662 272 0 0 204 33 0 85 0 152 0 0 0 25
467 7822 1781 1662 272 0 0 204 33 0 85 0 152 0 0 0 25
468 7820 1781 1660 272 0 0 206 33 0 85 0 154 0 0 0 25
469 7813 1784 1662 268 0 0 206 36 0 84 0 158 0 0 0 25
470 7807 1788 1664 263 0 0 208 36 0 84 0 160 0 0 0 26
471 7797 1791 1668 266 0 0 208 36 0 85 0 159 0 0 0 26
472 7788 1792 1668 272 0 0 209 36 0 85 0 160 0 0 0 26
473 7778 1795 1669 274 0 0 211 36 0 85 0 162 0 0 0 26
474 7771 1796 1669 274 0 0 212 38 0 85 0 165 0 0 0 26
475 7776 1792 1664 274 0 0 213 39 0 85 0 167 0 0 0 26
476 7762 1797 1670 277 0 0 213 39 0 86 0 166 0 0 0 26
477 7753 1800 1672 277 0 0 215 39 0 87 0 167 0 0 0 26
478 7743 1801 1675 281 0 0 215 40 0 89 0 166 0 0 0 26
479 7738 1802 1676 282 0 0 215 41 0 89 0 167 0 0 0 26
480 7739 1800 1674 280 0 0 216 42 0 90 0 168 0 0 0 27
481 7746 1797 1670 278 0 0 217 42 0 90 0 169 0 0 0 27
482 7738 1800 1671 276 0 0 220 42 0 91 0 171 0 0 0 27
483 7742 1796 1665 275 0 0 223 42 0 92 0 173 0 0 0 28
484 7738 1797 1668 275 0 0 222 43 0 93 0 172 0 0 0 28
485 7728 1801 1674 275 0 0 221 44 0 94 0 171 0 0 0 28
486 7729 1801 1674 271 0 0 221 45 0 94 0 172 0 0 0 29
487 7728 1800 1671 273 0 0 223 44 0 94 0 173 0 0 0 30
488 7714 1804 1674 276 0 0 225 44 0 95 0 174 0 0 0 30
489 7706 1808 1678 272 0 0 227 44 0 97 0 174 0 0 0 30
490 7716 1804 1674 265 0 0 228 45 0 98 0 175 0 0 0 31
491 7699 1810 1678 268 0 0 230 45 0 98 0 177 0 0 0 31
492 7693 1812 1679 269 0 0 231 45 0 98 0 178 0 0 0 31
493 7691 1810 1674 272 0 0 234 45 0 98 0 181 0 0 0 31
494 7691 1811 1672 269 0 0 237 44 0 98 0 183 0 0 0 31
495 7693 1811 1673 264 0 0 237 45 0 99 0 183 0 0 0 31
496 7696 1809 1671 264 0 0 237 45 0 99 0 183 0 0 0 32
497 7700 1807 1668 261 0 0 239 45 0 100 0 184 0 0 0 32
498 7699 1806 1667 262 0 0 241 44 0 102 0 183 0 0 0 32
499 7704 1802 1662 264 0 0 242 44 0 102 0 184 0 0 0 32
500 7711 1796 1656 267 0 0 243 44 0 103 0 184 0 0 0 32
501 7701 1800 1659 269 0 0 244 43 0 103 0 184 0 0 0 33
502 7694 1799 1657 273 0 0 246 44 0 104 0 186 0 0 0 33
503 7687 1801 1658 277 0 0 247 43 0 104 0 186 0 0 0 33
504 7681 1804 1660 274 0 0 248 44 0 104 0 188 0 0 0 33
505 7671 1807 1662 277 0 0 248 45 0 103 0 190 0 0 0 33
506 7665 1810 1666 274 0 0 248 46 0 104 0 190 0 0 0 33
507 7650 1816 1670 274 0 0 251 45 0 105 0 191 0 0 0 34
508 7661 1809 1663 272 0 0 254 44 0 108 0 190 0 0 0 35
509 7655 1812 1665 271 0 0 255 44 0 108 0 191 0 0 0 35
510 7654 1811 1665 272 0 0 256 43 0 110 0 189 0 0 0 36
511 7646 1814 1667 273 0 0 257 43 0 110 0 190 0 0 0 36
512 7653 1810 1663 274 0 0 257 43 0 110 0 190 0 0 0 36
513 7665 1803 1656 270 0 0 259 44 0 112 0 191 0 0 0 36
514 7665 1802 1656 271 0 0 259 44 0 113 0 190 0 0 0 36
515 7655 1804 1659 276 0 0 259 44 0 114 0 189 0 0 0 36
516 7665 1796 1651 280 0 0 260 44 0 115 0 189 0 0 0 36
517 7661 1796 1652 282 0 0 261 43 0 117 0 187 0 0 0 37
518 7668 1794 1649 278 0 0 261 44 0 116 0 189 0 0 0 37
519 7667 1794 1650 278 0 0 260 45 0 116 0 189 0 0 0 37
520 7667 1795 1652 273 0 0 260 46 0 117 0 189 0 0 0 37
521 7664 1797 1655 271 0 0 260 46 0 118 0 188 0 0 0 37
522 7666 1795 1653 271 0 0 261 46 0 119 0 188 0 0 0 37
523 7670 1791 1648 272 0 0 263 46 0 120 0 189 0 0 0 37
524 7669 1790 1646 274 0 0 264 46 0 120 0 190 0 0 0 37
525 7671 1786 1645 277 0 0 264 46 0 123 0 187 0 0 0 37
526 7670 1786 1644 277 0 0 265 46 0 123 0 188 0 0 0 37
527 7666 1788 1645 276 0 0 266 46 0 123 0 189 0 0 0 37
528 7672 1785 1644 274 0 0 266 46 0 125 0 187 0 0 0 37
529 7678 1781 1641 275 0 0 266 46 0 126 0 186 0 0 0 37
530 7676 1782 1642 275 0 0 267 45 0 127 0 185 0 0 0 37
531 7669 1783 1643 280 0 0 268 44 0 128 0 184 0 0 0 37
532 7667 1785 1645 278 0 0 268 44 0 128 0 184 0 0 0 37
533 7661 1786 1646 279 0 0 269 44 0 129 0 184 0 0 0 38
534 7662 1786 1645 275 0 0 271 44 0 130 0 185 0 0 0 38
535 7662 1784 1643 276 0 0 272 44 0 131 0 185 0 0 0 39
536 7668 1777 1642 278 0 0 271 45 0 136 0 180 0 0 0 39
537 7664 1779 1641 277 0 0 273 45 0 135 0 183 0 0 0 39
538 7680 1772 1637 270 0 0 273 46 0 138 0 181 0 0 0 39
539 7683 1768 1636 272 0 0 273 46 0 141 0 178 0 0 0 39
540 7679 1770 1638 272 0 0 273 46 0 141 0 178 0 0 0 39
541 7679 1769 1638 271 0 0 275 45 0 144 0 176 0 0 0 39
542 7683 1764 1635 275 0 0 273 47 0 144 0 176 0 0 0 39
543 7680 1761 1634 280 0 0 273 48 0 146 0 175 0 0 0 39
544 7699 1755 1627 274 0 0 273 48 0 145 0 176 0 0 0 39
545 7702 1753 1623 273 0 0 275 48 0 145 0 178 0 0 0 39
546 7702 1751 1622 272 0 0 276 49 0 147 0 178 0 0 0 39
547 7691 1758 1631 267 0 0 276 49 0 149 0 176 0 0 0 39
548 7691 1759 1632 265 0 0 275 50 0 148 0 177 0 0 0 39
549 7691 1756 1630 270 0 0 274 51 0 148 0 177 0 0 0 39
550 7677 1760 1636 274 0 0 274 51 0 150 0 175 0 0 0 39
551 7680 1758 1634 273 0 0 274 52 0 150 0 176 0 0 0 39
552 7676 1761 1637 271 0 0 274 52 0 150 0 176 0 0 0 39
553 7670 1764 1640 271 0 0 275 51 0 151 0 175 0 0 0 39
554 7666 1764 1641 272 0 0 276 51 0 153 0 174 0 0 0 39
555 7668 1760 1640 274 0 0 276 51 0 156 0 171 0 0 0 40
556 7681 1752 1633 276 0 0 275 52 0 156 0 171 0 0 0 40
557 7682 1753 1634 272 0 0 275 52 0 156 0 171 0 0 0 41
558 7681 1752 1635 273 0 0 274 53 0 157 0 170 0 0 0 41
559 7680 1752 1635 274 0 0 274 53 0 157 0 170 0 0 0 41
560 7668 1757 1640 274 0 0 275 53 0 158 0 170 0 0 0 41
561 7676 1751 1635 277 0 0 275 53 0 159 0 169 0 0 0 41
562 7672 1752 1636 279 0 0 275 53 0 159 0 169 0 0 0 41
563 7682 1749 1633 273 0 0 275 54 0 159 0 170 0 0 0 41
564 7694 1744 1628 270 0 0 275 54 0 159 0 170 0 0 0 42
565 7703 1738 1622 270 0 0 275 55 0 159 0 171 0 0 0 43
566 7696 1740 1625 272 0 0 275 55 0 160 0 170 0 0 0 43
567 7690 1741 1626 274 0 0 276 55 0 161 0 170 0 0 0 43
568 7699 1736 1620 276 0 0 278 53 0 162 0 169 0 0 0 43
569 7716 1726 1609 278 0 0 279 53 0 162 0 170 0 0 0 43
570 7714 1725 1610 276 0 0 279 54 0 164 0 169 0 0 0 45
571 7720 1721 1606 278 0 0 279 54 0 164 0 169 0 0 0 45
572 7726 1717 1603 279 0 0 279 54 0 165 0 168 0 0 0 45
573 7730 1716 1599 278 0 0 281 53 0 164 0 170 0 0 0 45
574 7723 1721 1604 275 0 0 281 53 0 164 0 170 0 0 0 45
575 7730 1714 1598 281 0 0 281 53 0 165 0 169 0 0 0 45
576 7730 1713 1598 282 0 0 281 53 0 166 0 168 0 0 0 45
577 7736 1709 1594 282 0 0 281 54 0 166 0 169 0 0 0 45
578 7730 1710 1596 285 0 0 281 54 0 167 0 168 0 0 0 45
579 7727 1711 1596 287 0 0 281 54 0 166 0 169 0 0 0 45
580 7735 1706 1593 285 0 0 281 55 0 168 0 168 0 0 0 45
581 7736 1709 1595 277 0 0 283 54 0 169 0 168 0 0 0 45
582 7737 1709 1595 276 0 0 283 54 0 169 0 168 0 0 0 45
583 7747 1704 1588 276 0 0 285 53 0 169 0 169 0 0 0 45
584 7755 1701 1586 273 0 0 285 53 0 170 0 168 0 0 0 45
585 7777 1689 1573 272 0 0 286 54 0 170 0 170 0 0 0 45
586 7780 1688 1570 268 0 0 288 54 0 170 0 172 0 0 0 46
587 7787 1686 1569 264 0 0 288 54 0 171 0 171 0 0 0 46
588 7788 1685 1568 265 0 0 287 55 0 170 0 172 0 0 0 46
589 7779 1690 1573 261 0 0 289 54 0 172 0 171 0 0 0 47
590 7789 1685 1568 259 0 0 289 55 0 172 0 172 0 0 0 47
591 7800 1682 1564 253 0 0 290 55 0 172 0 173 0 0 0 47
592 7806 1678 1561 254 0 0 290 55 0 173 0 172 0 0 0 47
593 7816 1674 1557 252 0 0 290 55 0 173 0 172 0 0 0 47
594 7829 1668 1552 250 0 0 290 55 0 174 0 171 0 0 0 47
595 7844 1661 1546 248 0 0 290 55 0 175 0 170 0 0 0 47
596 7839 1662 1549 249 0 0 290 55 0 177 0 168 0 0 0 47
597 7840 1661 1546 252 0 0 292 53 0 177 0 168 0 0 0 47
598 7847 1656 1545 251 0 0 292 53 0 181 0 164 0 0 0 47
599 7845 1654 1543 255 0 0 294 52 0 183 0 163 0 0 0 47
600 7864 1647 1537 249 0 0 294 52 0 184 0 162 0 0 0 47
601 7870 1644 1533 250 0 0 296 50 0 185 0 161 0 0 0 47
602 7864 1647 1538 248 0 0 296 50 0 187 0 159 0 0 0 47
603 7864 1645 1536 249 0 0 296 51 0 187 0 160 0 0 0 48
604 7870 1642 1533 249 0 0 296 51 0 187 0 160 0 0 0 48
605 7868 1643 1534 249 0 0 296 51 0 187 0 160 0 0 0 48
606 7874 1639 1531 248 0 0 297 51 0 189 0 159 0 0 0 48
607 7889 1632 1524 247 0 0 297 51 0 189 0 159 0 0 0 48
608 7891 1631 1521 247 0 0 298 51 0 188 0 161 0 0 0 48
609 7892 1633 1522 241 0 0 299 51 0 188 0 162 0 0 0 48
610 7876 1638 1527 247 0 0 299 51 0 188 0 162 0 0 0 48
611 7863 1646 1535 244 0 0 299 51 0 188 0 162 0 0 0 48
612 7858 1647 1537 246 0 0 299 51 0 189 0 161 0 0 0 48
613 7884 1636 1525 243 0 0 300 50 0 189 0 161 0 0 0 48
614 7904 1626 1517 241 0 0 299 51 0 190 0 160 0 0 0 48
615 7910 1623 1516 239 0 0 298 52 0 191 0 159 0 0 0 48
616 7914 1620 1513 241 0 0 298 52 0 191 0 159 0 0 0 48
617 7919 1617 1513 238 0 0 298 52 0 194 0 156 0 0 0 49
618 7925 1615 1509 238 0 0 298 52 0 192 0 158 0 0 0 49
619 7927 1614 1510 236 0 0 299 51 0 195 0 155 0 0 0 49
620 7928 1614 1510 235 0 0 299 51 0 195 0 155 0 0 0 49
621 7935 1609 1508 235 0 0 298 52 0 197 0 153 0 0 0 49
622 7927 1611 1511 238 0 0 298 52 0 198 0 152 0 0 0 49
623 7927 1611 1510 239 0 0 299 51 0 198 0 152 0 0 0 49
624 7944 1600 1501 240 0 0 299 52 0 200 0 151 0 0 0 49
625 7944 1598 1498 245 0 0 300 51 0 200 0 151 0 0 0 49
626 7935 1602 1504 244 0 0 300 51 0 202 0 149 0 0 0 49
627 7935 1603 1505 242 0 0 299 52 0 201 0 150 0 0 0 49
628 7939 1602 1505 239 0 0 299 52 0 202 0 149 0 0 0 49
629 7940 1601 1504 239 0 0 299 52 0 202 0 149 0 0 0 50
630 7949 1596 1499 240 0 0 300 51 0 203 0 148 0 0 0 50
631 7959 1590 1496 239 0 0 300 51 0 206 0 145 0 0 0 50
632 7964 1587 1492 237 0 0 301 52 0 206 0 147 0 0 0 50
633 7973 1584 1488 235 0 0 302 51 0 206 0 147 0 0 0 50
634 7984 1578 1483 235 0 0 302 51 0 207 0 146 0 0 0 50
635 7968 1586 1490 234 0 0 303 51 0 207 0 147 0 0 0 50
636 7975 1585 1487 231 0 0 305 49 0 207 0 147 0 0 0 50
637 7960 1592 1493 233 0 0 306 48 0 207 0 147 0 0 0 50
638 7961 1591 1492 230 0 0 308 48 0 209 0 147 0 0 0 50
639 7964 1588 1488 234 0 0 308 48 0 208 0 148 0 0 0 50
640 7976 1583 1483 232 0 0 308 48 0 208 0 148 0 0 0 50
641 7974 1582 1483 235 0 0 307 49 0 208 0 148 0 0 0 50
642 7983 1577 1479 235 0 0 307 49 0 209 0 147 0 0 0 50
643 8000 1570 1470 231 0 0 310 47 0 210 0 147 0 0 0 51
644 8007 1563 1466 235 0 0 309 48 0 212 0 145 0 0 0 51
645 8005 1564 1467 235 0 0 309 48 0 212 0 145 0 0 0 51
646 8009 1561 1465 234 0 0 309 49 0 213 0 145 0 0 0 51
647 8024 1553 1458 232 0 0 311 47 0 216 0 142 0 0 0 53
648 8033 1549 1455 230 0 0 311 47 0 217 0 141 0 0 0 53
649 8042 1546 1451 228 0 0 312 46 0 217 0 141 0 0 0 53
650 8055 1539 1444 227 0 0 312 47 0 217 0 142 0 0 0 53
651 8050 1542 1447 226 0 0 312 47 0 217 0 142 0 0 0 53
652 8058 1540 1446 221 0 0 311 47 0 217 0 141 0 0 0 55
653 8062 1538 1443 222 0 0 312 46 0 217 0 141 0 0 0 55
654 8059 1539 1446 221 0 0 313 45 0 220 0 138 0 0 0 55
655 8056 1539 1449 221 0 0 311 47 0 221 0 137 0 0 0 55
656 8066 1534 1445 220 0 0 311 47 0 222 0 136 0 0 0 55
657 8073 1530 1443 219 0 0 310 48 0 223 0 135 0 0 0 55
658 8075 1529 1442 219 0 0 310 48 0 223 0 135 0 0 0 55
659 8080 1527 1439 219 0 0 312 46 0 224 0 134 0 0 0 55
660 8091 1522 1436 216 0 0 313 45 0 227 0 131 0 0 0 55
661 8095 1520 1432 217 0 0 315 43 0 227 0 131 0 0 0 56
662 8104 1517 1428 213 0 0 317 42 0 228 0 131 0 0 0 56
663 8106 1515 1426 215 0 0 317 42 0 228 0 131 0 0 0 56
664 8108 1515 1426 213 0 0 317 42 0 228 0 131 0 0 0 56
665 8102 1518 1429 211 0 0 317 43 0 228 0 132 0 0 0 56
666 8104 1516 1426 214 0 0 317 43 0 227 0 133 0 0 0 56
667 8109 1511 1421 217 0 0 319 42 0 229 0 132 0 0 0 56
668 8111 1506 1417 224 0 0 319 42 0 230 0 131 0 0 0 56
669 8126 1501 1411 218 0 0 321 41 0 231 0 131 0 0 0 56
670 8128 1496 1407 219 0 0 322 43 0 233 0 132 0 0 0 56
671 8131 1494 1406 219 0 0 322 43 0 234 0 131 0 0 0 56
672 8136 1491 1404 219 0 0 321 44 0 234 0 131 0 0 0 56
673 8146 1486 1400 218 0 0 321 44 0 235 0 130 0 0 0 56
674 8150 1485 1399 216 0 0 321 44 0 235 0 130 0 0 0 56
675 8152 1485 1398 211 0 0 323 44 0 236 0 131 0 0 0 56
676 8148 1485 1400 213 0 0 323 44 0 238 0 129 0 0 0 56
677 8155 1482 1396 211 0 0 324 44 0 238 0 130 0 0 0 56
678 8158 1478 1394 214 0 0 323 45 0 239 0 129 0 0 0 56
679 8173 1471 1386 213 0 0 324 44 0 239 0 129 0 0 0 57
680 8177 1470 1385 211 0 0 324 44 0 239 0 129 0 0 0 57
681 8176 1470 1385 212 0 0 324 44 0 239 0 129 0 0 0 57
682 8178 1471 1386 208 0 0 324 44 0 239 0 129 0 0 0 57
683 8183 1469 1385 206 0 0 324 44 0 240 0 128 0 0 0 57
684 8187 1467 1384 205 0 0 323 45 0 240 0 128 0 0 0 57
685 8181 1470 1388 204 0 0 323 45 0 241 0 127 0 0 0 57
686 8190 1467 1384 202 0 0 323 45 0 240 0 128 0 0 0 57
687 8194 1467 1382 200 0 0 325 43 0 240 0 128 0 0 0 57
688 8202 1462 1378 201 1 0 323 44 0 240 1 127 0 0 0 57
689 8195 1466 1382 198 1 0 324 44 0 241 1 127 0 0 0 57
690 8199 1464 1378 198 1 0 326 43 0 241 1 128 0 0 0 57
691 8204 1465 1377 193 1 0 327 42 0 240 1 129 0 0 0 57
692 8208 1462 1375 194 1 0 326 43 0 240 1 129 0 0 0 57
693 8224 1453 1366 196 1 0 327 42 0 241 1 128 0 0 0 57
694 8231 1448 1362 198 1 0 328 41 0 243 1 126 0 0 0 57
695 8233 1446 1362 198 1 0 328 41 0 245 1 124 0 0 0 57
696 8234 1445 1361 197 1 0 328 42 0 245 1 125 0 0 0 57
697 8247 1438 1355 197 1 0 327 43 0 245 1 125 0 0 0 57
698 8240 1440 1359 198 1 0 327 43 0 247 1 123 0 0 0 57
699 8241 1438 1358 198 1 0 327 44 0 248 1 123 0 0 0 57
700 8239 1438 1359 199 1 0 327 44 0 249 1 122 0 0 0 57
701 8239 1440 1361 195 1 0 327 44 0 249 1 122 0 0 0 57
702 8233 1443 1365 194 1 0 327 44 0 250 1 121 0 0 0 57
703 8242 1440 1362 191 1 0 327 44 0 250 1 121 0 0 0 57
704 8247 1436 1359 193 1 0 326 44 0 250 1 120 0 0 0 59
705 8252 1432 1355 196 1 0 327 43 0 251 1 119 0 0 0 59
706 8275 1419 1346 195 1 0 327 43 0 255 1 115 0 0 0 59
707 8285 1414 1341 195 1 0 327 43 0 255 1 115 0 0 0 59
708 8289 1412 1339 195 1 0 327 43 0 255 1 115 0 0 0 59
709 8303 1404 1332 196 1 0 327 43 0 256 1 114 0 0 0 59
710 8310 1399 1325 200 1 0 328 42 0 255 1 115 0 0 0 60
711 8306 1400 1328 200 1 0 328 42 0 257 1 113 0 0 0 60
712 8307 1400 1329 198 1 0 328 42 0 258 1 112 0 0 0 60
713 8315 1396 1325 198 1 0 328 42 0 258 1 112 0 0 0 60
714 8317 1394 1325 196 1 0 328 43 0 260 1 111 0 0 0 60
715 8328 1389 1318 195 1 0 331 41 0 261 1 111 0 0 0 60
716 8328 1387 1316 199 1 0 330 42 0 260 1 112 0 0 0 60
717 8320 1393 1323 194 1 0 329 43 0 260 2 111 0 1 0 59
718 8331 1387 1319 193 1 0 329 43 0 262 2 109 0 1 0 59
719 8338 1385 1318 187 1 0 329 44 0 263 2 109 0 1 0 59
720 8352 1378 1312 184 1 0 330 44 0 265 2 108 0 1 0 59
721 8341 1385 1318 181 1 0 331 43 0 265 2 108 0 1 0 60
722 8335 1387 1322 181 1 0 331 43 0 267 2 106 0 1 0 60
723 8339 1385 1320 181 1 0 331 43 0 267 2 106 0 1 0 60
724 8346 1382 1317 180 1 0 331 43 0 267 2 106 0 1 0 60
725 8350 1380 1316 179 1 0 330 44 0 267 2 106 0 1 0 60
726 8349 1380 1317 179 1 0 329 45 0 267 2 106 0 1 0 60
727 8353 1378 1313 181 1 0 330 44 0 266 2 107 0 1 0 60
728 8370 1370 1305 180 1 0 330 44 0 266 2 107 0 1 0 60
729 8378 1367 1303 177 1 0 330 44 0 267 2 106 0 1 0 60
730 8390 1361 1300 172 1 0 330 45 0 270 2 104 0 1 0 60
731 8380 1366 1305 172 1 0 330 45 0 270 2 104 0 1 0 60
732 8388 1363 1303 169 1 0 329 46 0 270 2 104 0 1 0 60
733 8386 1365 1307 165 1 0 328 47 0 271 2 103 0 1 0 60
734 8387 1364 1307 165 1 0 326 49 0 270 2 104 0 1 0 60
735 8404 1356 1299 164 1 0 326 49 0 270 2 104 0 1 0 60
736 8404 1354 1299 166 1 0 326 49 0 272 2 102 0 1 0 60
737 8412 1348 1295 168 1 0 325 50 0 273 2 101 0 1 0 60
738 8408 1349 1297 167 1 0 325 51 0 274 2 101 0 1 0 60
739 8403 1350 1300 168 1 0 324 52 0 275 2 100 0 1 0 60
740 8411 1346 1296 168 1 0 324 52 0 275 2 100 0 1 0 60
741 8430 1337 1286 166 1 0 325 52 0 275 2 101 0 1 0 60
742 8425 1337 1287 170 1 0 325 52 0 276 2 100 0 1 0 60
743 8435 1334 1284 166 1 0 325 52 0 276 2 100 0 1 0 60
744 8436 1333 1285 165 1 0 324 53 0 277 2 99 0 1 0 60
745 8434 1335 1287 163 1 0 324 53 0 277 2 99 0 1 0 60
746 8439 1332 1285 163 1 0 324 53 0 278 2 98 0 1 0 60
747 8452 1327 1281 157 1 0 324 54 0 279 2 98 0 1 0 60
748 8464 1321 1275 157 1 0 324 54 0 279 2 98 0 1 0 60
749 8464 1321 1275 157 1 0 324 54 0 279 2 98 0 1 0 60
750 8462 1323 1275 155 1 0 326 53 0 279 2 99 0 1 0 60
751 8475 1316 1266 158 1 0 328 51 0 279 2 99 0 1 0 60
752 8479 1315 1264 157 1 0 329 50 0 279 2 99 0 1 0 60
753 8489 1310 1259 157 1 0 329 50 0 279 2 99 0 1 0 60
754 8504 1304 1251 154 1 0 331 49 0 279 2 100 0 1 0 60
755 8514 1299 1246 154 1 0 332 48 0 280 2 99 0 1 0 60
756 8513 1297 1245 158 1 0 332 48 0 281 2 98 0 1 0 60
757 8524 1293 1241 155 1 0 332 48 0 281 2 98 0 1 0 60
758 8540 1283 1231 159 1 0 332 48 0 281 2 98 0 1 0 60
759 8548 1280 1229 156 1 0 331 49 0 281 2 98 0 1 0 60
760 8545 1283 1232 153 1 0 331 49 0 281 2 98 0 1 0 60
761 8545 1283 1232 151 1 0 332 49 0 282 2 98 0 1 0 60
762 8556 1278 1227 150 1 0 332 49 0 282 2 98 0 1 0 60
763 8561 1275 1225 150 1 0 332 49 0 283 2 97 0 1 0 60
764 8569 1272 1223 147 1 0 331 50 0 283 2 97 0 1 0 60
765 8577 1269 1220 145 1 0 331 50 0 283 2 97 0 1 0 60
766 8581 1267 1217 146 1 0 332 49 0 283 2 97 0 1 0 60
767 8587 1263 1213 148 1 0 332 49 0 283 2 97 0 1 0 60
768 8594 1260 1210 147 1 0 332 49 0 283 2 97 0 1 0 60
769 8606 1254 1204 147 1 0 332 49 0 283 2 97 0 1 0 60
770 8610 1249 1199 151 1 0 333 49 0 284 2 97 0 1 0 60
771 8615 1247 1197 150 1 0 334 48 0 285 2 96 0 1 0 60
772 8623 1243 1193 150 1 0 333 49 0 284 2 97 0 1 0 60
773 8622 1244 1194 149 1 0 333 49 0 284 2 97 0 1 0 60
774 8629 1240 1190 150 1 0 333 49 0 284 2 97 0 1 0 60
775 8629 1241 1191 146 1 0 333 50 0 284 2 98 0 1 0 60
776 8640 1236 1186 145 1 0 333 50 0 284 2 98 0 1 0 60
777 8649 1232 1182 144 1 0 333 50 0 284 2 98 0 1 0 60
778 8650 1231 1181 145 1 0 333 50 0 284 2 98 0 1 0 60
779 8655 1229 1180 143 1 0 333 50 0 285 2 97 0 1 0 60
780 8654 1230 1180 142 1 0 333 50 0 284 2 98 0 1 0 61
781 8643 1234 1184 145 1 0 333 50 0 284 2 98 0 1 0 61
782 8650 1230 1180 145 1 0 335 48 0 286 2 96 0 1 0 62
783 8650 1230 1180 145 1 0 335 48 0 286 2 96 0 1 0 62
784 8656 1225 1176 148 1 0 334 49 0 286 2 96 0 1 0 62
785 8664 1222 1173 146 1 0 334 49 0 286 2 96 0 1 0 62
786 8678 1215 1166 146 1 0 335 48 0 287 2 95 0 1 0 62
787 8678 1216 1168 143 1 0 336 47 0 289 2 93 0 1 0 62
788 8677 1216 1169 143 1 0 335 47 0 289 2 92 0 1 0 64
789 8680 1214 1166 145 1 0 336 46 0 289 2 92 0 1 0 64
790 8693 1209 1162 141 1 0 337 45 0 291 2 90 0 1 0 64
791 8696 1206 1160 143 1 0 337 45 0 292 2 89 0 1 0 64
792 8701 1203 1157 144 1 0 338 44 0 293 2 88 0 1 0 64
793 8705 1201 1155 144 1 0 339 43 0 294 2 87 0 1 0 64
794 8714 1198 1152 141 1 0 339 43 0 294 2 87 0 1 0 64
795 8718 1196 1150 141 1 0 339 43 0 294 2 87 0 1 0 64
796 8725 1192 1147 141 1 0 339 43 0 295 2 86 0 1 0 64
797 8736 1187 1142 140 1 0 339 43 0 295 2 86 0 1 0 64
798 8744 1183 1139 139 1 0 339 43 0 296 2 85 0 1 0 64
799 8747 1182 1139 137 1 0 338 44 0 296 2 85 0 1 0 64
800 8745 1182 1139 137 1 0 338 45 0 296 2 86 0 1 0 64
801 8756 1176 1133 138 1 0 338 45 0 296 2 86 0 1 0 64
802 8773 1168 1124 137 1 0 339 44 0 296 2 86 0 1 0 65
803 8771 1168 1124 139 1 0 340 43 0 297 2 85 0 1 0 65
804 8778 1164 1120 140 1 0 340 43 0 297 2 85 0 1 0 65
805 8782 1162 1118 140 1 0 340 43 0 297 2 85 0 1 0 65
806 8790 1159 1115 138 1 0 340 43 0 297 2 85 0 1 0 65
807 8790 1161 1118 133 1 0 340 43 0 298 2 84 0 1 0 65
808 8792 1161 1118 131 1 0 341 42 0 299 2 83 0 1 0 65
809 8796 1160 1117 129 1 0 341 42 0 299 2 83 0 1 0 65
810 8798 1159 1117 128 1 0 340 43 0 299 2 83 0 1 0 65
811 8811 1154 1112 125 1 0 340 43 0 299 2 83 0 1 0 65
812 8821 1149 1107 125 1 0 340 43 0 299 2 83 0 1 0 65
813 8830 1143 1102 127 1 0 340 43 0 300 2 82 0 1 0 65
814 8832 1141 1102 127 1 0 338 45 0 300 2 82 0 1 0 65
815 8835 1138 1101 128 1 0 337 46 0 301 2 81 0 1 0 65
816 8836 1137 1100 128 1 0 337 46 0 301 2 81 0 1 0 66
817 8837 1136 1099 129 1 0 337 46 0 301 2 81 0 1 0 66
818 8843 1132 1096 130 1 0 337 46 0 302 2 80 0 1 0 66
819 8827 1138 1101 135 1 0 337 46 0 301 2 81 0 1 0 66
820 8846 1127 1091 137 1 0 337 45 0 302 2 79 0 1 0 68
821 8846 1126 1093 136 1 0 336 46 0 304 2 77 0 1 0 68
822 8844 1126 1093 138 1 0 336 46 0 304 2 77 0 1 0 68
823 8851 1122 1089 139 1 0 336 46 0 304 2 77 0 1 0 68
824 8850 1123 1090 138 1 0 336 46 0 304 2 77 0 1 0 68
825 8846 1125 1091 139 1 0 336 46 0 303 2 78 0 1 0 68
826 8853 1123 1089 136 1 0 336 46 0 303 2 78 0 1 0 68
827 8847 1126 1092 136 1 0 336 46 0 303 2 78 0 1 0 68
828 8846 1126 1093 136 1 0 335 47 0 303 2 78 0 1 0 68
829 8846 1126 1093 136 1 0 335 47 0 303 2 78 0 1 0 68
830 8847 1125 1092 137 1 0 335 47 0 303 2 78 0 1 0 68
831 8854 1123 1090 132 1 0 336 47 0 304 2 78 0 1 0 68
832 8860 1120 1088 131 1 0 336 47 0 305 2 77 0 1 0 68
833 8859 1121 1088 131 1 0 336 47 0 304 2 78 0 1 0 68
834 8869 1116 1084 130 1 0 336 47 0 305 2 77 0 1 0 68
835 8886 1107 1078 128 1 0 334 49 0 306 2 76 0 1 0 68
836 8888 1106 1077 128 1 0 334 49 0 306 2 76 0 1 0 68
837 8888 1105 1076 129 1 0 334 49 0 306 2 76 0 1 0 69
838 8892 1102 1075 129 1 0 333 50 0 307 2 75 0 1 0 69
839 8896 1100 1074 128 1 0 334 49 0 309 2 73 0 1 0 69
840 8895 1100 1075 128 1 0 333 50 0 309 2 73 0 1 0 69
841 8918 1088 1062 130 1 0 334 49 0 309 2 73 0 1 0 69
842 8924 1085 1058 131 1 0 335 48 0 309 2 73 0 1 0 69
843 8932 1081 1053 132 1 0 335 48 0 308 2 74 0 1 0 69
844 8934 1080 1054 130 1 0 334 49 0 309 2 73 0 1 0 69
845 8936 1082 1056 124 1 0 334 49 0 309 2 73 0 1 0 69
846 8945 1077 1051 125 1 0 333 50 0 308 2 74 0 1 0 69
847 8957 1070 1041 127 1 0 336 48 0 308 2 75 0 1 0 70
848 8953 1071 1044 127 1 0 334 50 0 308 2 75 0 1 0 70
849 8963 1066 1039 127 1 0 334 50 0 308 2 75 0 1 0 70
850 8960 1067 1041 127 1 0 334 50 0 309 2 74 0 1 0 70
851 8966 1063 1038 128 1 0 333 51 0 309 2 74 0 1 0 70
852 8977 1059 1034 125 1 0 333 51 0 309 2 74 0 1 0 70
853 8978 1059 1035 123 1 0 332 52 0 309 2 74 0 1 0 70
854 8985 1056 1030 122 1 0 333 52 0 308 2 76 0 1 0 70
855 8988 1055 1030 120 1 0 334 51 0 310 2 74 0 1 0 70
856 8992 1054 1029 116 1 0 334 52 0 310 2 75 0 1 0 70
857 8999 1050 1026 116 1 0 334 52 1 310 2 74 0 2 0 69
858 9007 1046 1022 116 1 0 334 52 1 310 2 74 0 2 0 69
859 9019 1040 1017 115 1 0 334 52 1 311 2 73 0 2 0 69
860 9033 1033 1011 114 1 0 335 51 1 313 2 71 0 2 0 69
861 9035 1033 1011 112 1 0 335 51 1 313 2 71 0 2 0 69
862 9042 1030 1008 111 1 0 335 51 1 313 2 71 0 2 0 69
863 9048 1027 1005 111 1 0 335 51 1 313 2 71 0 2 0 69
864 9055 1026 1002 108 1 0 337 49 1 313 2 71 0 2 0 69
865 9065 1022 998 106 1 0 337 49 1 313 2 71 0 2 0 69
866 9075 1016 994 106 1 0 337 49 1 315 2 69 0 2 0 69
867 9087 1013 990 101 1 0 337 49 1 314 2 70 0 2 0 69
868 9098 1008 985 100 1 0 337 49 1 314 2 70 0 2 0 69
869 9113 1001 975 101 1 0 340 46 1 314 2 70 0 2 0 70
870 9116 999 973 102 1 0 340 46 1 314 2 70 0 2 0 70
871 9121 997 970 102 1 0 341 45 1 314 2 70 0 2 0 70
872 9118 999 971 102 1 0 342 44 1 314 2 70 0 2 0 70
873 9122 997 969 102 1 0 342 44 1 314 2 70 0 2 0 70
874 9118 1000 971 101 1 0 343 43 1 314 2 70 0 2 0 70
875 9118 1000 972 100 1 0 343 43 1 315 2 69 0 2 0 70
876 9125 995 968 102 1 0 342 44 1 315 2 69 0 2 0 70
877 9138 988 961 103 1 0 342 44 1 315 2 69 0 2 0 70
878 9135 989 961 105 1 0 342 44 1 314 2 70 0 2 0 70
879 9136 989 961 104 1 0 342 44 1 314 2 70 0 2 0 70
880 9144 985 956 105 1 0 343 43 1 314 2 70 0 2 0 70
881 9164 975 945 106 1 0 344 42 1 314 2 70 0 2 0 70
882 9166 974 945 105 1 0 344 42 1 315 2 69 0 2 0 70
883 9170 973 943 102 1 0 345 42 1 315 2 70 0 2 0 70
884 9179 969 939 101 1 0 345 42 1 315 2 70 0 2 0 70
885 9181 967 938 102 1 0 345 42 1 316 2 69 0 2 0 70
886 9185 965 937 101 1 0 344 43 1 316 2 69 0 2 0 70
887 9186 965 937 100 1 0 344 43 1 316 2 69 0 2 0 70
888 9191 963 934 100 1 0 344 43 1 315 2 70 0 2 0 70
889 9196 961 932 99 2 0 343 43 2 314 2 70 0 2 0 70
890 9210 956 927 95 2 0 343 43 2 314 2 70 0 2 0 70
891 9212 955 927 94 2 0 343 43 2 315 2 69 0 2 0 70
892 9221 953 923 91 2 0 345 41 2 315 2 69 0 2 0 70
893 9226 950 920 90 2 0 346 41 2 316 2 69 0 2 0 70
894 9220 952 923 91 2 0 345 42 2 316 2 69 0 2 0 70
895 9226 950 920 90 2 0 345 42 2 315 2 70 0 2 0 70
896 9228 949 920 89 2 0 345 42 2 316 2 69 0 2 0 70
897 9225 950 921 90 2 0 345 42 2 316 2 69 0 2 0 70
898 9234 945 916 91 2 0 345 42 2 316 2 69 0 2 0 70
899 9235 944 914 93 2 0 346 41 2 316 2 69 0 2 0 70
900 9240 942 912 92 2 0 346 41 2 316 2 69 0 2 0 70
901 9231 947 916 92 2 0 347 40 2 316 2 69 0 2 0 70
902 9236 944 915 91 2 0 347 40 2 318 2 67 0 2 0 70
903 9250 936 910 90 2 0 346 41 4 318 0 67 0 2 0 70
904 9249 937 911 89 2 0 346 41 4 318 0 67 0 2 0 70
905 9255 934 908 89 2 0 346 41 4 318 0 67 0 2 0 70
906 9259 932 906 89 2 0 346 41 4 318 0 67 0 2 0 70
907 9264 929 903 90 2 1 346 40 5 317 0 67 0 2 0 70
908 9261 931 904 89 2 1 347 39 5 317 0 67 0 2 0 71
909 9261 931 903 90 2 1 347 39 5 316 0 68 0 2 0 71
910 9270 928 900 87 2 1 347 39 5 316 0 68 0 2 0 71
911 9272 926 899 88 2 1 346 40 5 316 0 68 0 2 0 71
912 9271 926 900 88 2 1 346 40 5 317 0 67 0 2 0 71
913 9271 925 900 89 2 1 345 41 5 317 0 67 0 2 0 71
914 9275 923 899 88 2 1 345 41 5 318 0 66 0 2 0 71
915 9280 921 896 88 2 1 346 40 5 318 0 66 0 2 0 71
916 9281 922 896 85 2 1 347 39 5 318 0 66 0 2 0 72
917 9291 916 889 88 2 1 347 39 5 317 0 67 0 2 0 72
918 9296 914 886 88 2 1 347 39 5 316 0 68 0 2 0 72
919 9304 910 882 88 2 1 347 39 5 316 0 68 0 2 0 72
920 9305 909 881 89 2 1 347 39 5 316 0 68 0 2 0 72
921 9313 905 877 89 2 1 348 38 5 317 0 67 0 2 0 72
922 9311 906 879 88 2 1 348 38 5 318 0 66 0 2 0 72
923 9330 897 870 87 2 1 348 38 5 318 0 66 0 2 0 72
924 9335 896 869 83 2 1 348 38 5 318 0 66 0 2 0 73
925 9337 896 867 83 2 1 349 37 5 317 0 67 0 2 0 73
926 9342 893 866 82 2 1 349 37 5 319 0 65 0 2 0 73
927 9342 892 866 83 2 1 348 38 5 319 0 65 0 2 0 73
928 9360 884 858 81 2 1 348 38 5 319 0 65 0 2 0 73
929 9368 881 855 79 2 1 348 38 5 319 0 65 0 2 0 73
930 9374 878 853 78 2 1 349 37 5 321 0 63 0 2 0 73
931 9380 875 852 76 2 1 349 37 5 323 0 61 0 2 0 73
932 9378 875 853 77 2 1 349 37 5 324 0 60 0 2 0 73
933 9392 868 846 77 2 1 350 36 5 325 0 59 0 2 0 73
934 9399 866 842 76 2 1 352 34 5 325 0 59 0 2 0 73
935 9402 865 840 76 2 1 354 32 5 326 0 58 0 2 0 73
936 9393 869 845 76 2 1 354 32 5 327 0 57 0 2 0 73
937 9400 865 842 76 2 1 353 33 5 327 0 57 0 2 0 73
938 9393 869 846 75 2 1 353 33 5 327 0 57 0 2 0 73
939 9403 864 842 74 2 1 353 33 5 328 0 56 0 2 0 73
940 9409 861 839 74 2 1 353 33 5 328 0 56 0 2 0 73
941 9407 859 838 79 2 1 353 33 5 329 0 55 0 2 0 73
942 9401 862 841 79 2 1 353 33 5 329 0 55 0 2 0 73
943 9407 859 838 79 2 1 353 33 5 329 0 55 0 2 0 73
944 9414 856 834 79 2 1 354 32 5 329 0 55 0 2 0 73
945 9429 850 827 77 2 1 355 31 5 329 0 55 0 2 0 73
946 9431 849 827 76 2 1 354 32 5 329 0 55 0 2 0 73
947 9436 847 823 76 2 1 356 30 5 329 0 55 0 2 0 74
948 9440 846 822 74 2 1 356 30 5 329 0 55 0 2 0 74
949 9444 843 820 73 2 1 355 32 5 329 0 56 0 2 0 74
950 9458 836 814 72 2 1 355 32 5 330 0 55 0 2 0 74
951 9468 831 810 71 2 1 355 32 5 331 0 54 0 2 0 74
952 9472 829 808 71 2 1 355 32 5 331 0 54 0 2 0 74
953 9475 827 806 72 2 1 355 32 5 331 0 54 0 2 0 74
954 9485 820 801 74 2 1 355 32 5 333 0 52 0 2 0 74
955 9492 817 797 74 2 2 356 30 6 332 0 52 0 2 0 74
956 9488 820 800 72 2 2 356 30 6 332 0 52 0 2 0 74
957 9496 815 795 74 2 2 356 30 6 332 0 52 0 2 0 74
958 9498 813 795 74 2 2 356 30 6 334 0 50 0 2 0 74
959 9503 810 792 75 2 2 356 30 6 334 0 50 0 2 0 74
960 9509 808 789 74 2 2 357 29 6 334 0 50 0 2 0 74
961 9512 807 788 73 2 2 357 29 6 334 0 50 0 2 0 74
962 9512 807 788 73 2 2 357 29 6 334 0 50 0 2 0 74
963 9516 805 787 72 2 2 356 30 6 334 0 50 0 2 0 74
964 9518 804 786 72 2 2 356 30 6 334 0 50 0 2 0 74
965 9525 801 783 71 2 2 356 30 6 334 0 50 0 2 0 74
966 9523 801 783 73 2 2 356 30 6 334 0 50 0 2 0 74
967 9535 795 778 72 2 2 356 30 6 335 0 49 0 2 0 74
968 9538 794 777 71 2 2 357 29 6 336 0 48 0 2 0 74
969 9537 794 777 72 2 2 357 29 6 336 0 48 0 2 0 74
970 9539 794 776 71 2 2 357 29 6 335 0 49 0 2 0 74
971 9532 798 780 70 2 2 356 30 6 334 0 50 0 2 0 74
972 9534 797 780 69 2 2 356 30 6 335 0 49 0 2 0 74
973 9544 791 774 69 2 2 357 30 6 336 0 49 0 2 0 74
974 9548 788 771 71 2 2 356 31 6 335 0 50 0 2 0 74
975 9555 783 770 70 2 2 354 33 6 337 0 48 0 2 0 74
976 9561 780 767 70 2 2 354 33 6 337 0 48 0 2 0 74
977 9567 777 764 70 2 2 355 32 6 338 0 47 0 2 0 74
978 9574 774 759 69 2 2 356 32 6 337 0 49 0 2 0 74
979 9573 775 760 68 2 2 356 32 6 337 0 49 0 2 0 74
980 9567 778 763 68 2 2 356 32 6 337 0 49 0 2 0 74
981 9569 777 763 67 2 2 355 33 6 337 0 49 0 2 0 74
982 9576 774 758 66 2 2 357 32 6 337 0 50 0 2 0 74
983 9581 772 754 65 2 2 359 31 6 337 0 51 0 2 0 74
984 9579 773 756 64 2 2 359 31 6 338 0 50 0 2 0 74
985 9581 773 757 61 2 2 359 31 6 339 0 49 0 2 0 74
986 9587 771 756 58 2 2 359 31 6 340 0 48 0 2 0 74
987 9595 767 752 58 2 2 359 31 6 340 0 48 0 2 0 74
988 9593 768 752 58 2 2 360 30 6 340 0 48 0 2 0 75
989 9597 767 750 57 2 2 361 29 6 340 0 48 0 2 0 75
990 9610 761 744 56 2 2 361 29 6 340 0 48 0 2 0 75
991 9611 760 744 56 2 2 360 30 6 340 0 48 0 2 0 75
992 9611 760 744 56 2 2 360 30 6 340 0 48 0 2 0 75
993 9618 757 741 55 2 2 360 30 6 340 0 48 0 2 0 75
994 9619 757 739 56 3 1 361 29 6 340 0 48 0 2 0 75
995 9619 757 739 56 3 1 361 29 6 340 0 48 0 2 0 75
996 9624 754 737 56 3 1 361 29 6 341 0 47 0 2 0 75
997 9626 753 736 56 3 1 361 29 6 341 0 47 0 2 0 75
998 9624 754 737 56 3 1 361 29 6 341 0 47 0 2 0 75
999 9629 751 736 55 3 1 361 29 6 343 0 45 0 2 0 75
1000 9637 748 733 53 3 1 361 29 6 343 0 45 0 2 0 75
1001 9646 743 728 54 4 0 360 30 6 343 0 45 0 2 0 75
1002 9653 740 724 54 4 0 360 30 6 342 0 46 0 2 0 75
1003 9661 736 720 54 4 0 360 30 6 342 0 46 0 2 0 75
1004 9656 737 721 57 4 0 360 30 6 342 0 46 0 2 0 75
1005 9652 739 723 57 4 0 360 30 6 342 0 46 0 2 0 75
1006 9661 734 719 57 4 0 359 31 6 342 0 46 0 2 0 75
1007 9659 735 720 57 4 0 359 31 6 342 0 46 0 2 0 75
1008 9667 731 715 58 4 0 359 31 6 341 0 47 0 2 0 75
1009 9669 731 715 56 4 0 359 31 6 341 0 47 0 2 0 75
1010 9675 727 711 57 4 0 359 31 6 341 0 47 0 2 0 76
1011 9688 721 706 55 4 0 359 31 6 342 0 46 0 2 0 76
1012 9700 716 701 53 4 0 359 31 6 342 0 46 0 2 0 76
1013 9706 714 698 52 4 0 360 30 6 342 0 46 0 2 0 76
1014 9713 711 694 52 4 0 361 29 6 342 0 46 0 2 0 76
1015 9718 709 691 52 4 0 361 29 6 341 0 47 0 2 0 76
1016 9720 709 691 50 4 0 361 29 6 341 0 47 0 2 0 76
1017 9726 706 688 50 4 0 361 29 6 341 0 47 0 2 0 76
1018 9725 706 689 50 3 1 361 29 6 341 0 47 0 2 0 76
1019 9727 705 688 50 3 1 361 29 6 341 0 47 0 2 0 76
1020 9723 706 689 52 3 1 361 29 6 341 0 47 0 2 0 76
1021 9728 704 689 49 3 1 360 30 6 342 0 46 0 2 0 76
1022 9727 704 690 49 3 1 360 30 6 343 0 45 0 2 0 76
1023 9727 704 690 49 3 1 360 30 6 343 0 45 0 2 0 76
1024 9726 704 691 49 3 1 359 31 6 343 0 45 0 2 0 76
1025 9733 701 688 48 3 1 359 31 6 343 0 45 0 2 0 76
1026 9733 701 688 48 3 1 359 31 6 343 0 45 0 2 0 76
1027 9733 701 688 48 3 1 359 31 6 343 0 45 0 2 0 76
1028 9734 700 688 48 3 1 359 31 6 344 0 44 0 2 0 76
1029 9750 692 680 48 3 1 359 31 6 344 0 44 0 2 0 76
1030 9748 692 680 50 3 1 359 31 6 344 0 44 0 2 0 76
1031 9756 689 677 48 3 1 359 31 6 344 0 44 0 2 0 76
1032 9757 689 677 47 3 1 359 31 6 344 0 44 0 2 0 76
1033 9756 689 678 47 3 1 359 31 6 345 0 43 0 2 0 76
1034 9757 688 678 47 3 1 359 31 6 346 0 42 0 2 0 76
1035 9759 687 677 47 3 1 359 31 6 346 0 42 0 2 0 76
1036 9763 685 675 47 3 1 359 31 6 346 0 42 0 2 0 76
1037 9768 682 672 48 3 1 359 31 6 346 0 42 0 2 0 76
1038 9766 682 673 49 3 1 358 32 6 346 0 42 0 2 0 76
1039 9765 682 673 48 3 1 358 33 6 346 0 43 0 2 0 76
1040 9763 683 674 48 3 1 358 33 6 346 0 43 0 2 0 76
1041 9775 676 669 48 3 1 358 33 6 348 0 41 0 2 0 76
1042 9774 677 670 47 3 1 358 33 6 348 0 41 0 2 0 76
1043 9776 676 669 47 3 1 358 33 6 348 0 41 0 2 0 76
1044 9780 674 667 47 3 1 358 33 6 348 0 41 0 2 0 76
1045 9783 672 665 48 3 1 358 33 6 348 0 41 0 2 0 76
1046 9787 670 664 47 3 1 357 34 6 348 0 41 0 2 0 76
1047 9796 666 660 46 3 1 357 34 6 348 0 41 0 2 0 76
1048 9794 668 662 44 3 1 357 34 6 348 0 41 0 2 0 76
1049 9795 668 661 44 3 1 358 33 6 348 0 41 0 2 0 76
1050 9798 667 660 43 3 1 358 33 6 348 0 41 0 2 0 76
1051 9799 667 659 43 3 1 359 32 6 348 0 41 0 2 0 76
1052 9806 664 655 43 3 1 359 32 6 347 0 42 0 2 0 76
1053 9805 664 656 43 3 1 359 32 6 348 0 41 0 2 0 76
1054 9819 658 650 41 3 1 359 32 6 348 0 41 0 2 0 76
1055 9825 655 647 41 3 1 359 32 6 348 0 41 0 2 0 76
1056 9825 656 647 40 3 1 360 31 6 348 0 41 0 2 0 76
1057 9824 657 648 39 3 1 360 31 6 348 0 41 0 2 0 76
1058 9829 655 645 39 3 1 361 30 6 348 0 41 0 2 0 76
1059 9830 655 645 38 3 1 361 30 6 348 0 41 0 2 0 76
1060 9836 651 643 38 4 1 360 30 7 349 0 39 0 2 0 76
1061 9839 650 642 37 4 1 360 30 7 349 0 39 0 2 0 76
1062 9848 646 638 36 4 1 360 30 7 349 0 39 0 2 0 76
1063 9850 646 637 35 4 1 361 29 7 349 0 39 0 2 0 76
1064 9850 647 638 33 4 1 361 29 7 349 0 39 0 2 0 76
1065 9853 646 636 33 4 1 362 28 7 349 0 39 0 2 0 76
1066 9861 642 633 32 4 1 362 28 7 350 0 38 0 2 0 76
1067 9868 639 629 32 4 1 363 27 7 350 0 38 0 2 0 76
1068 9869 639 629 31 4 1 363 27 7 350 0 38 0 2 0 76
1069 9866 640 631 31 4 1 362 28 7 350 0 38 0 2 0 76
1070 9863 642 633 30 4 1 362 28 7 350 0 38 0 2 0 76
1071 9864 640 632 32 4 1 361 29 7 350 0 38 0 2 0 76
1072 9862 640 631 33 4 1 362 29 7 350 0 39 0 2 0 76
1073 9878 632 623 33 4 1 362 29 7 350 0 39 0 2 0 76
1074 9882 630 622 32 4 1 362 29 7 351 0 38 0 2 0 76
1075 9891 626 617 32 4 1 363 28 7 351 0 38 0 2 0 76
1076 9890 626 617 33 4 1 363 28 7 351 0 38 0 2 0 76
1077 9887 628 619 32 4 1 363 28 7 351 0 38 0 2 0 76
1078 9882 630 622 32 5 1 361 29 8 350 0 38 0 2 0 76
1079 9882 631 621 32 5 1 363 27 8 350 0 38 0 2 0 76
1080 9881 632 622 31 5 1 363 27 8 350 0 38 0 2 0 76
1081 9895 625 615 31 5 1 364 26 8 351 0 37 0 2 0 76
1082 9891 627 617 31 5 1 364 26 8 351 0 37 0 2 0 76
1083 9895 625 615 31 5 1 364 26 8 351 0 37 0 2 0 76
1084 9894 626 615 31 5 1 364 26 8 350 0 38 0 2 0 76
1085 9891 628 617 30 5 1 364 26 8 350 0 38 0 2 0 76
1086 9901 623 612 30 5 1 364 26 8 350 0 38 0 2 0 76
1087 9901 623 612 30 5 1 364 26 8 350 0 38 0 2 0 76
1088 9896 625 614 31 5 1 364 26 8 350 0 38 0 2 0 76
1089 9905 621 609 31 5 1 365 25 8 350 0 38 0 2 0 76
1090 9903 622 611 30 5 1 363 27 8 349 0 39 0 2 0 76
1091 9901 622 612 31 5 1 363 27 8 350 0 38 0 2 0 76
1092 9903 621 611 31 5 1 363 27 8 350 0 38 0 2 0 76
1093 9897 624 614 31 5 1 363 27 8 350 0 38 0 2 0 76
1094 9900 622 613 31 5 1 363 27 8 351 0 37 0 2 0 76
1095 9908 619 608 31 5 1 365 25 8 351 0 37 0 2 0 76
1096 9908 619 608 31 5 1 365 25 8 351 0 37 0 2 0 76
1097 9914 616 605 31 5 1 365 25 8 351 0 37 0 2 0 76
1098 9926 610 599 31 5 1 365 25 8 351 0 37 0 2 0 76
1099 9925 611 600 30 5 1 365 25 8 351 0 37 0 2 0 76
1100 9930 608 598 30 5 1 365 25 8 352 0 36 0 2 0 76
1101 9937 605 595 29 5 1 365 25 8 352 0 36 0 2 0 76
1102 9940 604 594 28 5 1 365 25 8 352 0 36 0 2 0 76
1103 9946 602 591 27 5 1 366 24 8 352 0 36 0 2 0 76
1104 9939 605 594 28 5 1 366 24 8 352 0 36 0 2 0 76
1105 9942 603 593 28 5 1 366 24 8 353 0 35 0 2 0 76
1106 9949 600 590 27 5 1 366 24 8 353 0 35 0 2 0 76
1107 9957 596 585 28 5 1 367 23 8 353 0 35 0 2 0 76
1108 9956 595 586 29 5 1 365 25 8 353 0 35 0 2 0 76
1109 9962 591 584 29 5 1 364 26 8 354 0 34 0 2 0 76
1110 9958 593 586 29 5 1 364 26 8 354 0 34 0 2 0 76
1111 9957 593 586 30 5 1 364 26 8 354 0 34 0 2 0 76
1112 9958 592 586 30 5 1 364 26 8 355 0 33 0 2 0 76
1113 9967 588 582 29 5 1 364 26 8 355 0 33 0 2 0 76
1114 9975 584 577 28 5 1 365 26 8 355 0 34 0 2 0 76
1115 9978 581 574 31 5 1 365 26 8 355 0 34 0 2 0 76
1116 9977 580 574 33 5 1 365 26 8 356 0 33 0 2 0 76
1117 9977 581 574 32 5 1 366 25 8 356 0 33 0 2 0 76
1118 9983 578 571 32 5 1 366 25 8 356 0 33 0 2 0 76
1119 9985 577 570 32 6 1 365 25 9 355 0 33 0 2 0 76
1120 9981 579 572 32 6 1 365 25 9 355 0 33 0 2 0 76
1121 9981 580 573 30 6 1 365 25 9 355 0 33 0 2 0 76
1122 9987 578 570 29 6 1 366 24 9 355 0 33 0 2 0 76
1123 9993 575 567 29 6 1 366 24 9 355 0 33 0 2 0 76
1124 9994 575 567 28 6 1 366 24 9 355 0 33 0 2 0 76
1125 10003 570 563 28 6 1 366 24 9 356 0 32 0 2 0 76
1126 10007 568 561 28 6 1 366 24 9 356 0 32 0 2 0 76
1127 10013 565 557 29 6 1 366 24 9 355 0 33 0 2 0 76
1128 10010 566 558 30 6 1 366 24 10 354 0 33 0 3 0 75
1129 10010 566 558 30 6 1 366 24 10 354 0 33 0 3 0 75
1130 10012 565 557 30 6 1 366 24 10 354 0 33 0 3 0 75
1131 10011 565 557 31 6 1 365 25 10 353 0 34 0 3 0 75
1132 10013 564 556 31 6 1 365 25 10 353 0 34 0 3 0 75
1133 10016 563 555 30 6 1 365 25 10 353 0 34 0 3 0 75
1134 10017 563 555 29 6 1 365 25 10 353 0 34 0 3 0 75
1135 10024 560 552 28 6 1 365 25 10 353 0 34 0 3 0 75
1136 10031 556 549 28 6 1 365 25 10 354 0 33 0 3 0 75
1137 10037 553 546 28 6 1 365 25 10 354 0 33 0 3 0 75
1138 10035 554 547 28 6 1 365 25 10 354 0 33 0 3 0 75
1139 10036 553 547 28 6 1 364 26 10 354 0 33 0 3 0 75
1140 10036 553 546 29 6 1 365 25 10 354 0 33 0 3 0 75
1141 10034 554 547 29 6 1 365 25 10 354 0 33 0 3 0 75
1142 10037 552 546 29 6 1 365 25 10 355 0 32 0 3 0 75
1143 10039 551 545 29 6 1 365 25 10 355 0 32 0 3 0 75
1144 10049 546 540 29 6 1 365 25 10 355 0 32 0 3 0 75
1145 10053 545 538 28 6 1 366 24 10 355 0 32 0 3 0 75
1146 10058 542 536 28 6 1 366 24 10 356 0 31 0 3 0 75
1147 10063 540 533 28 6 1 367 23 10 356 0 31 0 3 0 75
1148 10059 542 535 28 6 1 367 23 10 356 0 31 0 3 0 75
1149 10061 541 534 28 6 1 367 23 10 356 0 31 0 3 0 75
1150 10066 539 532 27 6 1 367 23 10 356 0 31 0 3 0 75
1151 10072 537 529 26 6 1 368 22 10 356 0 31 0 3 0 75
1152 10078 534 526 26 6 1 368 22 10 356 0 31 0 3 0 75
1153 10084 531 523 26 6 1 368 22 10 356 0 31 0 3 0 75
1154 10089 528 520 27 6 1 368 22 10 356 0 31 0 3 0 75
1155 10088 529 520 27 6 1 369 21 10 356 0 31 0 3 0 75
1156 10093 526 518 27 6 1 369 21 10 357 0 30 0 3 0 75
1157 10098 523 516 27 6 1 369 21 10 358 0 29 0 3 0 75
1158 10101 521 514 28 6 1 369 21 10 358 0 29 0 3 0 75
1159 10108 517 512 27 6 1 369 21 10 360 0 27 0 3 0 75
1160 10104 519 514 27 6 1 369 21 10 360 0 27 0 3 0 75
1161 10104 519 514 27 6 1 369 21 10 360 0 27 0 3 0 75
1162 10105 519 514 26 6 1 368 22 11 358 0 28 0 4 0 74
1163 10099 522 517 26 6 1 368 22 11 358 0 28 0 4 0 74
1164 10097 523 517 26 6 1 369 21 11 358 0 28 0 4 0 75
1165 10100 521 515 27 6 1 369 21 11 358 0 28 0 4 0 75
1166 10102 521 514 26 6 1 369 21 11 357 0 29 0 4 0 75
1167 10111 516 510 26 6 1 369 21 11 358 0 28 0 4 0 75
1168 10112 516 509 26 7 0 369 21 11 358 0 28 0 4 0 75
1169 10119 513 507 24 7 0 369 21 11 359 0 27 0 4 0 75
1170 10117 514 508 24 7 0 369 21 11 359 0 27 0 4 0 75
1171 10124 511 504 23 7 0 370 20 11 359 0 27 0 4 0 76
1172 10125 510 503 24 7 0 370 20 11 359 0 27 0 4 0 76
1173 10130 507 501 24 7 0 370 20 11 360 0 26 0 4 0 76
1174 10131 506 500 25 7 0 370 20 11 360 0 26 0 4 0 76
1175 10135 504 498 25 7 0 370 20 11 360 0 26 0 4 0 76
1176 10137 502 497 26 7 0 370 20 11 361 0 25 0 4 0 76
1177 10152 495 491 24 7 0 370 20 11 362 0 24 0 4 0 76
1178 10163 490 486 23 7 0 370 20 11 362 0 24 0 4 0 76
1179 10169 487 483 23 7 0 370 20 11 362 0 24 0 4 0 76
1180 10168 487 484 23 7 0 370 20 11 363 0 23 0 4 0 76
1181 10164 489 486 23 7 0 370 20 11 363 0 23 0 4 0 76
1182 10164 489 486 23 7 0 370 20 11 363 0 23 0 4 0 76
1183 10162 490 487 23 7 0 370 20 11 363 0 23 0 4 0 76
1184 10162 490 487 23 7 0 370 20 11 363 0 23 0 4 0 76
1185 10164 489 486 23 7 0 370 20 11 363 0 23 0 4 0 76
1186 10168 487 484 23 7 0 370 20 11 363 0 23 0 4 0 76
1187 10170 486 483 23 7 0 370 20 11 363 0 23 0 4 0 76
1188 10172 485 482 23 7 0 370 20 11 363 0 23 0 4 0 76
1189 10169 486 483 24 7 0 370 20 11 363 0 23 0 4 0 76
1190 10172 485 482 23 7 0 370 20 11 363 0 23 0 4 0 76
1191 10176 483 480 23 7 0 370 20 11 363 0 23 0 4 0 76
1192 10177 482 479 24 7 0 370 20 11 363 0 23 0 4 0 76
1193 10188 477 474 23 7 0 370 20 11 363 0 23 0 4 0 76
1194 10190 476 473 23 7 0 371 19 11 364 0 22 0 4 0 76
1195 10191 476 473 22 7 0 371 19 11 364 0 22 0 4 0 76
1196 10184 479 476 23 7 0 371 19 11 364 0 22 0 4 0 76
1197 10189 477 474 22 7 0 371 19 11 364 0 22 0 4 0 76
1198 10190 476 474 22 7 0 370 20 11 364 0 22 0 4 0 76
1199 10182 479 478 23 7 0 370 20 11 365 0 21 0 4 0 76
1200 10185 478 478 21 7 0 370 20 11 366 0 20 0 4 0 76
1201 10194 473 473 22 7 0 370 20 11 366 0 20 0 4 0 76
1202 10197 471 471 23 7 0 370 20 11 366 0 20 0 4 0 76
1203 10203 468 468 23 7 0 370 20 11 366 0 20 0 4 0 76
1204 10209 465 465 23 7 0 370 20 11 366 0 20 0 4 0 76
1205 10204 467 467 24 7 0 370 20 11 366 0 20 0 4 0 76
1206 10211 463 464 24 7 0 370 20 11 367 0 19 0 4 0 76
1207 10214 462 463 23 7 0 370 20 11 367 0 19 0 4 0 76
1208 10214 462 462 22 7 0 371 20 11 367 0 20 0 4 0 76
1209 10214 462 462 22 7 0 371 20 11 367 0 20 0 4 0 76
1210 10218 460 460 22 7 0 371 20 11 367 0 20 0 4 0 76
1211 10239 451 450 20 7 0 371 20 11 366 0 21 0 4 0 76
1212 10240 451 449 20 7 0 371 20 11 365 0 22 0 4 0 76
1213 10242 450 448 20 7 0 371 20 11 365 0 22 0 4 0 76
1214 10243 450 447 20 7 0 372 19 11 365 0 22 0 4 0 76
1215 10237 453 450 20 7 0 372 19 11 365 0 22 0 4 0 76
1216 10239 452 449 20 7 0 372 19 11 365 0 22 0 4 0 76
1217 10250 447 443 20 7 0 373 18 11 365 0 22 0 4 0 76
1218 10248 448 444 20 7 0 373 18 11 365 0 22 0 4 0 76
1219 10252 446 442 20 7 0 373 18 11 365 0 22 0 4 0 76
1220 10252 446 441 21 7 0 373 18 11 364 0 23 0 4 0 76
1221 10260 441 435 24 7 0 373 18 11 363 0 24 0 4 0 76
1222 10260 441 435 24 7 0 373 18 11 363 0 24 0 4 0 76
1223 10261 441 434 24 7 0 374 17 11 363 0 24 0 4 0 76
1224 10267 438 431 24 7 0 374 17 11 363 0 24 0 4 0 76
1225 10269 437 430 24 7 0 374 17 11 363 0 24 0 4 0 76
1226 10268 438 431 23 7 0 374 17 11 363 0 24 0 4 0 76
1227 10264 440 432 22 7 0 375 17 11 363 0 25 0 4 0 76
1228 10264 440 432 22 7 0 375 17 11 363 0 25 0 4 0 76
1229 10270 437 429 22 7 0 375 17 11 363 0 25 0 4 0 76
1230 10274 434 426 24 7 0 375 17 11 363 0 25 0 4 0 76
1231 10277 433 425 23 7 0 375 17 11 363 0 25 0 4 0 76
1232 10277 433 425 23 7 0 375 17 11 363 0 25 0 4 0 76
1233 10279 432 424 23 7 0 375 17 11 363 0 25 0 4 0 76
1234 10284 430 422 22 7 0 375 17 11 363 0 25 0 4 0 76
1235 10288 429 421 20 7 0 375 17 11 363 0 25 0 4 0 76
1236 10299 424 416 19 7 0 375 17 11 363 0 25 0 4 0 76
1237 10306 421 412 19 7 0 376 16 11 363 0 25 0 4 0 76
1238 10303 422 414 19 7 0 375 17 11 363 0 25 0 4 0 76
1239 10303 422 414 19 7 0 375 17 11 363 0 25 0 4 0 76
1240 10301 423 415 19 8 0 374 17 12 362 0 25 0 4 0 76
1241 10308 420 412 18 8 0 374 17 12 362 0 25 0 4 0 76
1242 10299 425 416 18 8 0 374 17 12 361 0 26 0 4 0 76
1243 10298 425 416 19 8 0 374 17 12 361 0 26 0 4 0 76
1244 10304 422 414 18 8 0 374 17 12 362 0 25 0 4 0 76
1245 10308 420 412 18 8 0 374 17 12 362 0 25 0 4 0 76
1246 10317 417 408 16 8 0 375 16 12 362 0 25 0 4 0 76
1247 10322 414 406 16 8 0 374 17 12 362 0 25 0 4 0 76
1248 10325 413 405 15 8 0 374 17 12 362 0 25 0 4 0 76
1249 10323 414 406 15 8 0 374 17 12 362 0 25 0 4 0 76
1250 10331 410 402 15 8 0 374 17 12 362 0 25 0 4 0 76
1251 10334 409 401 14 8 0 374 17 12 362 0 25 0 4 0 76
1252 10331 410 402 15 8 0 374 17 12 362 0 25 0 4 0 76
1253 10335 408 401 14 8 0 374 17 12 363 0 24 0 4 0 76
1254 10333 409 402 14 8 0 374 17 12 363 0 24 0 4 0 76
1255 10339 406 399 14 8 0 374 17 12 363 0 24 0 4 0 76
1256 10339 406 399 14 8 0 374 17 12 363 0 24 0 4 0 76
1257 10335 408 401 14 8 0 374 17 12 363 0 24 0 4 0 76
1258 10332 409 402 15 8 0 374 17 12 363 0 24 0 4 0 76
1259 10336 407 400 15 8 0 374 17 12 363 0 24 0 4 0 76
1260 10336 407 402 13 8 0 374 17 12 365 0 22 0 4 0 76
1261 10332 409 404 13 8 0 374 17 12 365 0 22 0 4 0 76
1262 10330 410 405 13 8 0 374 17 12 365 0 22 0 4 0 76
1263 10334 408 403 13 8 0 374 17 12 365 0 22 0 4 0 76
1264 10332 409 404 13 8 0 374 17 12 365 0 22 0 4 0 76
1265 10332 409 404 13 8 0 374 17 12 365 0 22 0 4 0 76
1266 10336 407 402 13 8 0 374 17 12 365 0 22 0 4 0 76
1267 10338 406 401 13 8 0 374 17 12 365 0 22 0 4 0 76
1268 10346 402 397 13 8 0 374 17 12 365 0 22 0 4 0 76
1269 10349 401 395 13 8 0 374 17 12 364 0 23 0 4 0 76
1270 10350 401 394 13 8 0 375 16 12 364 0 23 0 4 0 76
1271 10348 402 395 13 8 0 375 16 12 364 0 23 0 4 0 76
1272 10348 402 395 13 8 0 375 16 12 364 0 23 0 4 0 76
1273 10351 401 393 13 8 0 376 15 12 364 0 23 0 4 0 76
1274 10355 399 390 14 8 0 376 15 11 364 0 24 0 3 0 77
1275 10355 399 390 14 8 0 376 15 11 364 0 24 0 3 0 77
1276 10356 398 390 14 8 0 376 15 11 365 0 23 0 3 0 77
1277 10351 400 392 15 8 0 376 15 11 365 0 23 0 3 0 77
1278 10355 398 391 14 8 0 376 15 11 366 0 22 0 3 0 77
1279 10356 398 390 14 8 0 376 15 11 365 0 23 0 3 0 77
1280 10359 397 389 13 8 0 376 15 11 365 0 23 0 3 0 77
1281 10366 394 386 12 8 0 376 15 11 365 0 23 0 3 0 77
1282 10370 392 384 12 8 0 376 15 11 365 0 23 0 3 0 77
1283 10374 390 382 12 8 0 376 15 11 365 0 23 0 3 0 77
1284 10378 388 380 12 8 0 376 15 11 365 0 23 0 3 0 77
1285 10383 385 377 13 8 0 376 15 11 365 0 23 0 3 0 77
1286 10387 383 375 13 8 0 376 15 11 365 0 23 0 3 0 77
1287 10391 381 373 13 8 0 376 15 11 365 0 23 0 3 0 77
1288 10389 382 374 13 8 0 376 15 11 365 0 23 0 3 0 77
1289 10395 379 371 13 8 0 376 15 11 365 0 23 0 3 0 77
1290 10397 378 370 13 8 0 376 15 11 365 0 23 0 3 0 77
1291 10391 380 373 14 8 0 376 15 11 366 0 22 0 3 0 77
1292 10394 379 371 14 8 0 376 15 11 365 0 23 0 3 0 77
1293 10389 382 373 14 8 0 376 15 11 364 0 24 0 3 0 77
1294 10394 380 370 14 8 0 377 14 11 364 0 24 0 3 0 77
1295 10396 379 369 14 8 0 377 14 11 364 0 24 0 3 0 77
1296 10398 378 368 14 8 0 377 14 11 364 0 24 0 3 0 77
1297 10398 378 368 14 8 0 377 14 11 364 0 24 0 3 0 77
1298 10400 377 367 14 8 0 377 14 11 364 0 24 0 3 0 77
1299 10395 379 370 14 8 0 377 14 11 365 0 23 0 3 0 77
1300 10404 375 366 13 8 0 377 14 11 365 0 23 0 3 0 77
1301 10418 368 359 13 8 0 377 14 11 365 0 23 0 3 0 77
1302 10418 368 359 13 8 0 377 14 11 365 0 23 0 3 0 77
1303 10412 371 362 13 8 0 377 14 11 365 0 23 0 3 0 77
1304 10412 370 362 14 8 0 377 14 11 366 0 22 0 3 0 77
1305 10413 370 362 13 8 0 377 14 11 366 0 22 0 3 0 77
1306 10415 369 361 13 8 0 377 14 11 366 0 22 0 3 0 77
1307 10419 367 359 13 8 0 377 14 11 366 0 22 0 3 0 77
1308 10419 367 359 13 8 0 377 14 11 366 0 22 0 3 0 77
1309 10423 365 357 13 8 0 377 14 11 366 0 22 0 3 0 77
1310 10429 362 354 13 8 0 377 14 11 366 0 22 0 3 0 77
1311 10436 359 351 12 8 0 377 14 11 366 0 22 0 3 0 77
1312 10434 360 352 12 8 0 377 14 11 366 0 22 0 3 0 77
1313 10441 357 349 11 8 0 377 14 11 366 0 22 0 3 0 77
1314 10443 356 348 11 8 0 377 14 11 366 0 22 0 3 0 77
1315 10445 355 347 11 8 0 377 14 11 366 0 22 0 3 0 77
1316 10450 352 344 12 8 0 377 14 11 366 0 22 0 3 0 77
1317 10450 352 344 12 8 0 377 14 11 366 0 22 0 3 0 77
1318 10449 353 344 12 8 0 378 13 11 366 0 22 0 3 0 77
1319 10449 353 344 12 8 0 378 13 11 366 0 22 0 3 0 77
1320 10448 354 344 12 8 0 379 12 11 366 0 22 0 3 0 77
1321 10448 354 344 12 8 0 379 12 11 366 0 22 0 3 0 77
1322 10452 352 342 12 8 0 379 12 11 366 0 22 0 3 0 77
1323 10448 354 344 12 8 0 379 12 11 366 0 22 0 3 0 77
1324 10447 355 345 11 8 0 379 12 11 366 0 22 0 3 0 77
1325 10442 358 347 11 8 0 379 12 11 365 0 23 0 3 0 77
1326 10442 358 347 11 8 0 379 12 11 365 0 23 0 3 0 77
1327 10451 354 342 11 8 0 379 12 11 364 0 24 0 3 0 77
1328 10458 351 339 10 8 0 379 12 11 364 0 24 0 3 0 77
1329 10462 349 337 10 8 0 379 12 11 364 0 24 0 3 0 77
1330 10466 347 335 10 8 0 379 12 11 364 0 24 0 3 0 77
1331 10464 348 336 10 8 0 379 12 11 364 0 24 0 3 0 77
1332 10462 349 337 10 8 0 379 12 11 364 0 24 0 3 0 77
1333 10467 347 335 9 8 0 379 12 11 364 0 24 0 3 0 77
1334 10475 344 330 9 8 0 381 10 11 364 0 24 0 3 0 77
1335 10474 345 330 9 8 0 381 10 11 363 0 25 0 3 0 77
1336 10476 344 329 9 8 0 381 10 11 363 0 25 0 3 0 77
1337 10476 344 329 9 8 0 381 10 11 363 0 25 0 3 0 77
1338 10478 343 328 9 8 0 381 10 11 363 0 25 0 3 0 77
1339 10473 346 331 8 8 0 381 10 11 363 0 25 0 3 0 77
1340 10473 346 331 8 8 0 381 10 11 363 0 25 0 3 0 77
1341 10474 345 330 9 8 0 381 10 11 363 0 25 0 3 0 77
1342 10470 347 332 9 8 0 381 10 11 363 0 25 0 3 0 77
1343 10470 347 332 9 8 0 381 10 11 363 0 25 0 3 0 77
1344 10477 344 329 8 8 0 381 10 11 363 0 25 0 3 0 77
1345 10483 341 326 8 8 0 381 10 11 363 0 25 0 3 0 77
1346 10492 336 321 9 8 0 381 10 11 363 0 25 0 3 0 77
1347 10499 333 318 8 8 0 381 10 11 363 0 25 0 3 0 77
1348 10497 334 319 8 8 0 381 10 11 363 0 25 0 3 0 77
1349 10503 330 316 9 8 0 381 10 11 364 0 24 0 3 0 77
1350 10503 330 316 9 8 0 381 10 11 364 0 24 0 3 0 77
1351 10501 331 317 9 8 0 381 10 11 364 0 24 0 3 0 77
1352 10503 330 316 9 8 0 381 10 11 364 0 24 0 3 0 77
1353 10497 333 319 9 8 0 381 10 11 364 0 24 0 3 0 77
1354 10498 332 318 10 8 0 381 10 11 364 0 24 0 3 0 77
1355 10497 332 319 10 8 0 381 10 11 365 0 23 0 3 0 77
1356 10497 332 319 10 8 0 381 10 11 365 0 23 0 3 0 77
1357 10496 332 319 11 8 0 381 10 11 365 0 23 0 3 0 77
1358 10496 332 319 11 8 0 381 10 11 365 0 23 0 3 0 77
1359 10498 331 318 11 8 0 381 10 11 365 0 23 0 3 0 77
1360 10498 331 317 10 8 0 382 10 11 365 0 24 0 3 0 77
1361 10502 329 315 10 8 0 382 10 11 365 0 24 0 3 0 77
1362 10504 328 314 10 8 0 382 10 11 365 0 24 0 3 0 77
1363 10501 329 316 10 8 0 382 10 11 366 0 23 0 3 0 77
1364 10503 328 315 10 8 0 382 10 11 366 0 23 0 3 0 77
1365 10503 328 315 10 8 0 383 9 11 367 0 22 0 3 0 77
1366 10505 326 314 11 8 0 382 10 11 367 0 22 0 3 0 77
1367 10506 325 313 12 8 0 382 10 11 367 0 22 0 3 0 77
1368 10507 324 313 12 8 0 382 10 11 368 0 21 0 3 0 77
1369 10511 322 311 12 8 0 382 10 11 368 0 21 0 3 0 77
1370 10514 321 309 12 8 0 382 10 10 368 1 21 0 3 0 77
1371 10515 321 308 12 8 0 383 9 10 368 1 21 0 3 0 77
1372 10520 318 306 12 8 0 383 9 10 369 1 20 0 3 0 77
1373 10523 317 304 12 8 0 384 8 10 369 1 20 0 3 0 77
1374 10524 317 304 11 8 0 384 8 10 369 1 20 0 3 0 77
1375 10527 316 302 11 8 0 385 7 10 369 1 20 0 3 0 77
1376 10525 317 303 11 8 0 385 7 10 369 1 20 0 3 0 77
1377 10523 318 304 11 8 0 385 7 10 369 1 20 0 3 0 77
1378 10529 315 302 10 8 0 385 7 10 370 1 19 0 3 0 77
1379 10523 319 305 9 8 0 385 7 10 369 1 20 0 3 0 77
1380 10525 318 304 9 8 0 385 7 10 369 1 20 0 3 0 77
1381 10526 318 304 8 8 0 385 7 10 369 1 20 0 3 0 77
1382 10531 316 301 8 8 0 386 6 10 369 1 20 0 3 0 77
1383 10534 315 299 8 8 0 386 6 9 369 2 20 0 3 0 77
1384 10536 314 298 8 8 0 386 6 9 369 2 20 0 3 0 77
1385 10536 314 298 8 8 0 386 6 9 369 2 20 0 3 0 77
1386 10535 314 299 8 8 0 385 7 9 369 2 20 0 3 0 77
1387 10535 314 299 8 8 0 385 7 9 369 2 20 0 3 0 77
1388 10533 315 300 8 8 0 385 7 9 369 2 20 0 3 0 77
1389 10533 315 300 8 8 0 385 7 9 369 2 20 0 3 0 77
1390 10535 314 299 8 8 0 385 7 9 369 2 20 0 3 0 77
1391 10536 313 299 8 8 0 385 7 9 370 2 19 0 3 0 77
1392 10541 311 296 8 8 0 386 6 9 370 2 19 0 3 0 77
1393 10541 311 296 8 8 0 386 6 9 370 2 19 0 3 0 77
1394 10538 313 297 8 8 0 387 5 9 370 2 19 0 3 0 77
1395 10538 312 297 9 8 0 386 6 9 370 2 19 0 3 0 77
1396 10536 313 298 9 8 0 386 6 9 370 2 19 0 3 0 77
1397 10539 312 297 8 8 0 386 6 9 370 2 19 0 3 0 77
1398 10541 311 296 8 8 0 386 6 9 370 2 19 0 3 0 77
1399 10539 312 297 8 8 0 386 6 9 370 2 19 0 3 0 77
1400 10544 310 294 8 8 0 387 5 9 370 2 19 0 3 0 77
1401 10536 314 298 8 8 0 387 5 9 370 2 19 0 3 0 77
1402 10532 316 300 8 8 0 387 5 9 370 2 19 0 3 0 77
1403 10532 316 300 8 8 0 387 5 9 370 2 19 0 3 0 77
1404 10529 317 301 9 8 0 387 5 9 370 2 19 0 3 0 77
1405 10531 316 300 9 8 0 387 5 9 370 2 19 0 3 0 77
1406 10528 317 301 10 8 0 387 5 9 370 2 19 0 3 0 77
1407 10532 315 299 10 8 0 387 5 9 370 2 19 0 3 0 77
1408 10536 313 297 10 8 0 387 5 9 370 2 19 0 3 0 77
1409 10535 314 298 9 8 0 387 5 9 370 2 19 0 3 0 77
1410 10541 311 295 9 8 0 387 5 9 370 2 19 0 3 0 77
1411 10541 311 295 9 8 0 387 5 9 370 2 19 0 3 0 77
1412 10541 311 295 9 8 0 387 5 9 370 2 19 0 3 0 77
1413 10546 309 293 8 8 0 387 5 9 370 2 19 0 3 0 77
1414 10546 309 293 8 8 0 387 5 9 370 2 19 0 3 0 77
1415 10554 305 289 8 8 0 387 5 9 370 2 19 0 3 0 77
1416 10552 306 290 8 8 0 387 5 9 370 2 19 0 3 0 77
1417 10554 305 289 8 8 0 387 5 9 370 2 19 0 3 0 77
1418 10554 305 289 8 8 0 387 5 9 370 2 19 0 3 0 77
1419 10554 305 289 8 8 0 387 5 9 370 2 19 0 3 0 77
1420 10560 302 286 8 8 0 387 5 9 370 2 19 0 3 0 77
1421 10560 302 286 8 8 0 387 5 9 370 2 19 0 3 0 77
1422 10564 300 284 8 9 0 386 5 10 369 2 19 0 3 0 77
1423 10568 298 282 8 9 0 386 5 10 369 2 19 0 3 0 77
1424 10566 299 283 8 9 0 386 5 10 369 2 19 0 3 0 77
1425 10570 297 281 8 9 0 386 5 10 369 2 19 0 3 0 77
1426 10570 297 281 8 9 0 386 5 10 369 2 19 0 3 0 77
1427 10573 295 280 8 9 0 386 5 10 370 2 18 0 3 0 77
1428 10573 295 280 8 9 0 386 5 10 370 2 18 0 3 0 77
1429 10571 296 281 8 9 0 386 5 10 370 2 18 0 3 0 77
1430 10573 295 280 8 9 0 386 5 10 370 2 18 0 3 0 77
1431 10579 292 277 8 9 0 386 5 10 370 2 18 0 3 0 77
1432 10580 291 277 8 9 0 386 5 10 371 2 17 0 3 0 77
1433 10575 293 280 8 9 0 385 6 10 371 2 17 0 3 0 77
1434 10576 293 280 7 9 0 385 6 10 371 2 17 0 3 0 77
1435 10578 292 279 7 9 0 385 6 10 371 2 17 0 3 0 77
1436 10576 293 280 7 9 0 385 6 10 371 2 17 0 3 0 77
1437 10577 293 279 7 9 0 385 6 10 370 2 18 0 3 0 77
1438 10575 294 280 7 9 0 385 6 10 370 2 18 0 3 0 77
1439 10573 295 281 7 9 0 385 6 10 370 2 18 0 3 0 77
1440 10573 295 281 7 9 0 385 6 10 370 2 18 0 3 0 77
1441 10575 294 280 7 10 0 384 6 11 369 2 18 0 3 0 77
1442 10575 294 280 7 10 0 384 6 11 369 2 18 0 3 0 77
1443 10577 293 279 7 10 0 384 6 11 369 2 18 0 3 0 77
1444 10578 293 279 6 10 0 384 6 11 369 2 18 0 3 0 77
1445 10577 294 280 5 10 0 384 6 11 369 2 18 0 3 0 77
1446 10579 293 279 5 10 0 384 6 11 369 2 18 0 3 0 77
1447 10580 292 279 5 10 0 384 6 11 370 2 17 0 3 0 77
1448 10582 291 278 5 10 0 384 6 11 370 2 17 0 3 0 77
1449 10584 289 278 5 10 0 384 6 11 372 2 15 0 3 0 77
1450 10586 287 277 6 10 0 383 7 11 372 2 15 0 3 0 77
1451 10590 285 275 6 10 0 383 7 11 372 2 15 0 3 0 77
1452 10587 287 276 6 10 0 383 7 11 371 2 16 0 3 0 77
1453 10585 288 277 6 10 0 383 7 11 371 2 16 0 3 0 77
1454 10592 285 273 6 10 0 384 6 11 371 2 16 0 3 0 77
1455 10592 285 273 6 10 0 384 6 11 371 2 16 0 3 0 77
1456 10585 288 277 6 10 0 383 7 11 371 2 16 0 3 0 77
1457 10585 288 277 6 10 0 383 7 11 371 2 16 0 3 0 77
1458 10581 290 279 6 10 0 383 7 11 371 2 16 0 3 0 77
1459 10585 288 277 6 10 0 383 7 11 371 2 16 0 3 0 77
1460 10587 287 276 6 10 0 383 7 11 371 2 16 0 3 0 77
1461 10583 289 279 5 10 0 383 7 11 372 2 15 0 3 0 77
1462 10583 289 279 5 10 0 383 7 11 372 2 15 0 3 0 77
1463 10581 290 280 5 10 0 383 7 11 372 2 15 0 3 0 77
1464 10582 289 280 5 10 0 383 7 11 373 2 14 0 3 0 77
1465 10585 287 278 6 10 0 383 7 11 373 2 14 0 3 0 77
1466 10580 288 280 8 10 0 382 8 11 373 2 14 0 3 0 77
1467 10580 288 280 8 10 0 382 8 11 373 2 14 0 3 0 77
1468 10578 289 281 8 10 0 382 8 11 373 2 14 0 3 0 77
1469 10578 289 281 8 10 0 382 8 11 373 2 14 0 3 0 77
1470 10579 289 280 8 10 0 383 7 11 373 2 14 0 3 0 77
1471 10581 288 279 8 10 0 383 7 11 373 2 14 0 3 0 77
1472 10576 290 282 8 10 0 383 7 11 374 2 13 0 3 0 77
1473 10578 289 281 8 11 0 382 7 12 373 2 13 0 3 0 77
1474 10581 288 280 7 11 0 382 7 12 373 2 13 0 3 0 77
1475 10583 287 279 7 11 0 382 7 12 373 2 13 0 3 0 77
1476 10582 287 280 7 11 0 382 7 12 374 2 12 0 3 0 77
1477 10582 287 280 7 11 0 382 7 12 374 2 12 0 3 0 77
1478 10586 285 278 7 11 0 382 7 12 374 2 12 0 3 0 77
1479 10585 285 278 8 11 0 382 7 12 374 2 12 0 3 0 77
1480 10585 285 278 8 11 0 382 7 12 374 2 12 0 3 0 77
1481 10589 283 276 8 11 0 382 7 12 374 2 12 0 3 0 77
1482 10592 281 275 8 11 0 382 7 12 375 2 11 0 3 0 77
1483 10588 283 277 8 11 0 382 7 12 375 2 11 0 3 0 77
1484 10590 282 276 8 11 0 382 7 12 375 2 11 0 3 0 77
1485 10588 283 277 8 11 0 382 7 12 375 2 11 0 3 0 77
1486 10590 282 276 8 11 0 382 7 12 375 2 11 0 3 0 77
1487 10594 280 274 8 11 0 382 7 12 375 2 11 0 3 0 77
1488 10588 283 277 8 11 0 382 7 12 375 2 11 0 3 0 77
1489 10588 283 277 8 11 0 382 7 12 375 2 11 0 3 0 77
1490 10585 285 279 7 11 0 382 7 12 375 2 11 0 3 0 77
1491 10587 284 278 7 11 0 382 7 12 375 2 11 0 3 0 77
1492 10591 282 276 7 11 0 382 7 12 375 2 11 0 3 0 77
1493 10591 282 276 7 11 0 382 7 12 375 2 11 0 3 0 77
1494 10593 281 275 7 11 0 382 7 12 375 2 11 0 3 0 77
1495 10598 279 273 6 11 0 382 7 12 375 2 11 0 3 0 77
1496 10596 280 274 6 11 0 382 7 12 375 2 11 0 3 0 77
1497 10597 280 273 6 11 0 383 6 12 375 2 11 0 3 0 77
1498 10604 276 270 6 11 0 383 6 12 376 2 10 0 3 0 77
1499 10605 275 270 6 11 0 382 7 12 376 2 10 0 3 0 77
1500 10611 272 267 6 11 0 382 7 12 376 2 10 0 3 0 77
