0 3000 0 0 0
1 5882 59 59 0
2 5778 111 111 0
3 5672 164 164 0
4 5554 223 223 0
5 5454 273 273 0
6 5376 312 312 0
7 5262 369 369 0
8 5178 411 411 0
9 5058 471 471 0
10 4976 512 512 0
11 4858 571 571 0
12 4762 619 619 0
13 4660 670 670 0
14 4550 725 725 0
15 4444 778 778 0
16 4362 819 819 0
17 4290 855 855 0
18 4190 905 905 0
19 4094 953 953 0
20 4014 993 993 0
21 3934 1033 1033 0
22 3860 1070 1070 0
23 3810 1095 1095 0
24 3748 1126 1126 0
25 3670 1165 1165 0
26 3630 1185 1185 0
27 3570 1215 1215 0
28 3498 1251 1251 0
29 3420 1290 1290 0
30 3336 1332 1332 0
31 3262 1369 1369 0
32 3170 1415 1415 0
33 3094 1453 1453 0
34 3042 1479 1479 0
35 2966 1517 1517 0
36 2910 1545 1545 0
37 2862 1569 1569 0
38 2800 1600 1600 0
39 2746 1627 1627 0
40 2690 1655 1655 0
41 2632 1684 1684 0
42 2572 1714 1714 0
43 2508 1746 1746 0
44 2460 1770 1770 0
45 2410 1795 1795 0
46 2380 1810 1810 0
47 2318 1841 1841 0
48 2286 1857 1857 0
49 2250 1875 1875 0
50 2210 1895 1895 0
51 2168 1916 1916 0
52 2130 1935 1935 0
53 2096 1952 1952 0
54 2058 1971 1971 0
55 2016 1992 1992 0
56 1988 2006 2006 0
57 1940 2030 2030 0
58 1890 2055 2055 0
59 1850 2075 2075 0
60 1808 2096 2096 0
61 1774 2113 2113 0
62 1738 2131 2131 0
63 1698 2151 2151 0
64 1658 2171 2171 0
65 1626 2187 2187 0
66 1596 2202 2202 0
67 1556 2222 2222 0
68 1522 2239 2239 0
69 1500 2250 2250 0
70 1472 2264 2264 0
71 1444 2278 2278 0
72 1410 2295 2295 0
73 1376 2312 2312 0
74 1358 2321 2321 0
75 1328 2336 2336 0
76 1296 2352 2352 0
77 1258 2371 2371 0
78 1244 2378 2378 0
79 1222 2389 2389 0
80 1200 2400 2400 0
81 1174 2413 2413 0
82 1156 2422 2422 0
83 1138 2431 2431 0
84 1126 2437 2437 0
85 1096 2452 2452 0
86 1088 2456 2456 0
87 1070 2465 2465 0
88 1046 2477 2477 0
89 1020 2490 2490 0
90 994 2503 2503 0
91 968 2516 2516 0
92 944 2528 2528 0
93 934 2533 2533 0
94 926 2537 2537 0
95 906 2547 2547 0
96 888 2556 2556 0
97 862 2569 2569 0
98 842 2579 2579 0
99 824 2588 2588 0
100 816 2592 2592 0
101 800 2600 2600 0
102 794 2603 2603 0
103 780 2610 2610 0
104 770 2615 2615 0
105 746 2627 2627 0
106 710 2645 2645 0
107 706 2647 2647 0
108 694 2653 2653 0
109 676 2662 2662 0
110 660 2670 2670 0
111 646 2677 2677 0
112 636 2682 2682 0
113 624 2688 2688 0
114 614 2693 2693 0
115 604 2698 2698 0
116 592 2704 2704 0
117 580 2710 2710 0
118 560 2720 2720 0
119 546 2727 2727 0
120 532 2734 2734 0
121 520 2740 2740 0
122 518 2741 2741 0
123 506 2747 2747 0
124 486 2757 2757 0
125 474 2763 2763 0
126 462 2769 2769 0
127 456 2772 2772 0
128 450 2775 2775 0
129 444 2778 2778 0
130 432 2784 2784 0
131 424 2788 2788 0
132 414 2793 2793 0
133 400 2800 2800 0
134 396 2802 2802 0
135 390 2805 2805 0
136 378 2811 2811 0
137 374 2813 2813 0
138 368 2816 2816 0
139 362 2819 2819 0
140 360 2820 2820 0
141 348 2826 2826 0
142 336 2832 2832 0
143 328 2836 2836 0
144 322 2839 2839 0
145 318 2841 2841 0
146 310 2845 2845 0
147 302 2849 2849 0
148 296 2852 2852 0
149 280 2860 2860 0
150 274 2863 2863 0
151 270 2865 2865 0
152 264 2868 2868 0
153 256 2872 2872 0
154 252 2874 2874 0
155 248 2876 2876 0
156 248 2876 2876 0
157 244 2878 2878 0
158 234 2883 2883 0
159 232 2884 2884 0
160 226 2887 2887 0
161 220 2890 2890 0
162 216 2892 2892 0
163 212 2894 2894 0
164 210 2895 2895 0
165 206 2897 2897 0
166 200 2900 2900 0
167 196 2902 2902 0
168 194 2903 2903 0
169 188 2906 2906 0
170 184 2908 2908 0
171 178 2911 2911 0
172 174 2913 2913 0
173 172 2914 2914 0
174 160 2920 2920 0
175 160 2920 2920 0
176 154 2923 2923 0
177 152 2924 2924 0
178 146 2927 2927 0
179 144 2928 2928 0
180 140 2930 2930 0
181 140 2930 2930 0
182 134 2933 2933 0
183 128 2936 2936 0
184 124 2938 2938 0
185 122 2939 2939 0
186 120 2940 2940 0
187 116 2942 2942 0
188 116 2942 2942 0
189 112 2944 2944 0
190 110 2945 2945 0
191 108 2946 2946 0
192 108 2946 2946 0
193 108 2946 2946 0
194 106 2947 2947 0
195 106 2947 2947 0
196 98 2951 2951 0
197 98 2951 2951 0
198 96 2952 2952 0
199 96 2952 2952 0
200 96 2952 2952 0
201 96 2952 2952 0
202 90 2955 2955 0
203 88 2956 2956 0
204 88 2956 2956 0
205 86 2957 2957 0
206 86 2957 2957 0
207 84 2958 2958 0
208 80 2960 2960 0
209 76 2962 2962 0
210 76 2962 2962 0
211 76 2962 2962 0
212 74 2963 2963 0
213 74 2963 2963 0
214 74 2963 2963 0
215 74 2963 2963 0
216 74 2963 2963 0
217 74 2963 2963 0
218 74 2963 2963 0
219 70 2965 2965 0
220 66 2967 2967 0
221 64 2968 2968 0
222 60 2970 2970 0
223 60 2970 2970 0
224 60 2970 2970 0
225 60 2970 2970 0
226 60 2970 2970 0
227 58 2971 2971 0
228 58 2971 2971 0
229 56 2972 2972 0
230 56 2972 2972 0
231 56 2972 2972 0
232 56 2972 2972 0
233 56 2972 2972 0
234 56 2972 2972 0
235 54 2973 2973 0
236 54 2973 2973 0
237 54 2973 2973 0
238 54 2973 2973 0
239 54 2973 2973 0
240 54 2973 2973 0
241 50 2975 2975 0
242 46 2977 2977 0
243 46 2977 2977 0
244 42 2979 2979 0
245 42 2979 2979 0
246 42 2979 2979 0
247 40 2980 2980 0
248 40 2980 2980 0
249 40 2980 2980 0
250 40 2980 2980 0
251 40 2980 2980 0
252 38 2981 2981 0
253 38 2981 2981 0
254 38 2981 2981 0
255 36 2982 2982 0
256 36 2982 2982 0
257 34 2983 2983 0
258 34 2983 2983 0
259 34 2983 2983 0
260 34 2983 2983 0
261 34 2983 2983 0
262 34 2983 2983 0
263 32 2984 2984 0
264 32 2984 2984 0
265 30 2985 2985 0
266 30 2985 2985 0
267 28 2986 2986 0
268 28 2986 2986 0
269 28 2986 2986 0
270 26 2987 2987 0
271 24 2988 2988 0
272 24 2988 2988 0
273 22 2989 2989 0
274 22 2989 2989 0
275 22 2989 2989 0
276 22 2989 2989 0
277 22 2989 2989 0
278 22 2989 2989 0
279 22 2989 2989 0
280 20 2990 2990 0
281 20 2990 2990 0
282 20 2990 2990 0
283 20 2990 2990 0
284 18 2991 2991 0
285 16 2992 2992 0
286 16 2992 2992 0
287 16 2992 2992 0
288 14 2993 2993 0
289 14 2993 2993 0
290 14 2993 2993 0
291 14 2993 2993 0
292 14 2993 2993 0
293 12 2994 2994 0
294 12 2994 2994 0
295 12 2994 2994 0
296 12 2994 2994 0
297 12 2994 2994 0
298 12 2994 2994 0
299 12 2994 2994 0
300 12 2994 2994 0
301 12 2994 2994 0
302 12 2994 2994 0
303 12 2994 2994 0
304 12 2994 2994 0
305 12 2994 2994 0
306 12 2994 2994 0
307 12 2994 2994 0
308 12 2994 2994 0
309 12 2994 2994 0
310 12 2994 2994 0
311 12 2994 2994 0
312 12 2994 2994 0
313 12 2994 2994 0
314 12 2994 2994 0
315 10 2995 2995 0
316 8 2996 2996 0
317 8 2996 2996 0
318 8 2996 2996 0
319 8 2996 2996 0
320 8 2996 2996 0
321 8 2996 2996 0
322 8 2996 2996 0
323 8 2996 2996 0
324 8 2996 2996 0
325 8 2996 2996 0
326 8 2996 2996 0
327 8 2996 2996 0
328 8 2996 2996 0
329 8 2996 2996 0
330 8 2996 2996 0
331 8 2996 2996 0
332 8 2996 2996 0
333 8 2996 2996 0
334 8 2996 2996 0
335 8 2996 2996 0
336 8 2996 2996 0
337 8 2996 2996 0
338 6 2997 2997 0
339 6 2997 2997 0
340 6 2997 2997 0
341 6 2997 2997 0
342 6 2997 2997 0
343 6 2997 2997 0
344 6 2997 2997 0
345 6 2997 2997 0
346 6 2997 2997 0
347 6 2997 2997 0
348 6 2997 2997 0
349 6 2997 2997 0
350 6 2997 2997 0
351 6 2997 2997 0
352 6 2997 2997 0
353 6 2997 2997 0
354 6 2997 2997 0
355 6 2997 2997 0
356 6 2997 2997 0
357 6 2997 2997 0
358 6 2997 2997 0
359 6 2997 2997 0
360 6 2997 2997 0
361 6 2997 2997 0
362 6 2997 2997 0
363 6 2997 2997 0
364 6 2997 2997 0
365 6 2997 2997 0
366 6 2997 2997 0
367 6 2997 2997 0
368 6 2997 2997 0
369 6 2997 2997 0
370 6 2997 2997 0
371 6 2997 2997 0
372 6 2997 2997 0
373 6 2997 2997 0
374 6 2997 2997 0
375 6 2997 2997 0
376 6 2997 2997 0
377 6 2997 2997 0
378 6 2997 2997 0
379 6 2997 2997 0
380 6 2997 2997 0
381 6 2997 2997 0
382 6 2997 2997 0
383 6 2997 2997 0
384 6 2997 2997 0
385 6 2997 2997 0
386 6 2997 2997 0
387 6 2997 2997 0
388 6 2997 2997 0
389 6 2997 2997 0
390 6 2997 2997 0
391 6 2997 2997 0
392 4 2998 2998 0
393 4 2998 2998 0
394 4 2998 2998 0
395 2 2999 2999 0
396 2 2999 2999 0
397 2 2999 2999 0
398 2 2999 2999 0
399 2 2999 2999 0
400 2 2999 2999 0
401 2 2999 2999 0
402 2 2999 2999 0
403 2 2999 2999 0
404 2 2999 2999 0
405 2 2999 2999 0
406 2 2999 2999 0
407 2 2999 2999 0
408 2 2999 2999 0
409 2 2999 2999 0
410 2 2999 2999 0
411 2 2999 2999 0
412 2 2999 2999 0
413 2 2999 2999 0
414 2 2999 2999 0
415 2 2999 2999 0
416 2 2999 2999 0
417 2 2999 2999 0
418 2 2999 2999 0
419 2 2999 2999 0
420 2 2999 2999 0
421 2 2999 2999 0
422 0 3000 3000 0
423 0 3000 3000 0
424 0 3000 3000 0
425 0 3000 3000 0
426 0 3000 3000 0
427 0 3000 3000 0
428 0 3000 3000 0
429 0 3000 3000 0
430 0 3000 3000 0
431 0 3000 3000 0
432 0 3000 3000 0
433 0 3000 3000 0
434 0 3000 3000 0
435 0 3000 3000 0
436 0 3000 3000 0
437 0 3000 3000 0
438 0 3000 3000 0
439 0 3000 3000 0
440 0 3000 3000 0
441 0 3000 3000 0
442 0 3000 3000 0
443 0 3000 3000 0
444 0 3000 3000 0
445 0 3000 3000 0
446 0 3000 3000 0
447 0 3000 3000 0
448 0 3000 3000 0
449 0 3000 3000 0
450 0 3000 3000 0
451 0 3000 3000 0
452 0 3000 3000 0
453 0 3000 3000 0
454 0 3000 3000 0
455 0 3000 3000 0
456 0 3000 3000 0
457 0 3000 3000 0
458 0 3000 3000 0
459 0 3000 3000 0
460 0 3000 3000 0
461 0 3000 3000 0
462 0 3000 3000 0
463 0 3000 3000 0
464 0 3000 3000 0
465 0 3000 3000 0
466 0 3000 3000 0
467 0 3000 3000 0
468 0 3000 3000 0
469 0 3000 3000 0
470 0 3000 3000 0
471 0 3000 3000 0
472 0 3000 3000 0
473 0 3000 3000 0
474 0 3000 3000 0
475 0 3000 3000 0
476 0 3000 3000 0
477 0 3000 3000 0
478 0 3000 3000 0
479 0 3000 3000 0
480 0 3000 3000 0
481 0 3000 3000 0
482 0 3000 3000 0
483 0 3000 3000 0
484 0 3000 3000 0
485 0 3000 3000 0
486 0 3000 3000 0
487 0 3000 3000 0
488 0 3000 3000 0
489 0 3000 3000 0
490 0 3000 3000 0
491 0 3000 3000 0
492 0 3000 3000 0
493 0 3000 3000 0
494 0 3000 3000 0
495 0 3000 3000 0
496 0 3000 3000 0
497 0 3000 3000 0
498 0 3000 3000 0
499 0 3000 3000 0
500 0 3000 3000 0
501 0 3000 3000 0
502 0 3000 3000 0
503 0 3000 3000 0
504 0 3000 3000 0
505 0 3000 3000 0
506 0 3000 3000 0
507 0 3000 3000 0
508 0 3000 3000 0
509 0 3000 3000 0
510 0 3000 3000 0
511 0 3000 3000 0
512 0 3000 3000 0
513 0 3000 3000 0
514 0 3000 3000 0
515 0 3000 3000 0
516 0 3000 3000 0
517 0 3000 3000 0
518 0 3000 3000 0
519 0 3000 3000 0
520 0 3000 3000 0
521 0 3000 3000 0
522 0 3000 3000 0
523 0 3000 3000 0
524 0 3000 3000 0
525 0 3000 3000 0
526 0 3000 3000 0
527 0 3000 3000 0
528 0 3000 3000 0
529 0 3000 3000 0
530 0 3000 3000 0
531 0 3000 3000 0
532 0 3000 3000 0
533 0 3000 3000 0
534 0 3000 3000 0
535 0 3000 3000 0
536 0 3000 3000 0
537 0 3000 3000 0
538 0 3000 3000 0
539 0 3000 3000 0
540 0 3000 3000 0
541 0 3000 3000 0
542 0 3000 3000 0
543 0 3000 3000 0
544 0 3000 3000 0
545 0 3000 3000 0
546 0 3000 3000 0
547 0 3000 3000 0
548 0 3000 3000 0
549 0 3000 3000 0
550 0 3000 3000 0
551 0 3000 3000 0
552 0 3000 3000 0
553 0 3000 3000 0
554 0 3000 3000 0
555 0 3000 3000 0
556 0 3000 3000 0
557 0 3000 3000 0
558 0 3000 3000 0
559 0 3000 3000 0
560 0 3000 3000 0
561 0 3000 3000 0
562 0 3000 3000 0
563 0 3000 3000 0
564 0 3000 3000 0
565 0 3000 3000 0
566 0 3000 3000 0
567 0 3000 3000 0
568 0 3000 3000 0
569 0 3000 3000 0
570 0 3000 3000 0
571 0 3000 3000 0
572 0 3000 3000 0
573 0 3000 3000 0
574 0 3000 3000 0
575 0 3000 3000 0
576 0 3000 3000 0
577 0 3000 3000 0
578 0 3000 3000 0
579 0 3000 3000 0
580 0 3000 3000 0
581 0 3000 3000 0
582 0 3000 3000 0
583 0 3000 3000 0
584 0 3000 3000 0
585 0 3000 3000 0
586 0 3000 3000 0
587 0 3000 3000 0
588 0 3000 3000 0
589 0 3000 3000 0
590 0 3000 3000 0
591 0 3000 3000 0
592 0 3000 3000 0
593 0 3000 3000 0
594 0 3000 3000 0
595 0 3000 3000 0
596 0 3000 3000 0
597 0 3000 3000 0
598 0 3000 3000 0
599 0 3000 3000 0
600 0 3000 3000 0
601 0 3000 3000 0
602 0 3000 3000 0
603 0 3000 3000 0
604 0 3000 3000 0
605 0 3000 3000 0
606 0 3000 3000 0
607 0 3000 3000 0
608 0 3000 3000 0
609 0 3000 3000 0
610 0 3000 3000 0
611 0 3000 3000 0
612 0 3000 3000 0
613 0 3000 3000 0
614 0 3000 3000 0
615 0 3000 3000 0
616 0 3000 3000 0
617 0 3000 3000 0
618 0 3000 3000 0
619 0 3000 3000 0
620 0 3000 3000 0
621 0 3000 3000 0
622 0 3000 3000 0
623 0 3000 3000 0
624 0 3000 3000 0
625 0 3000 3000 0
626 0 3000 3000 0
627 0 3000 3000 0
628 0 3000 3000 0
629 0 3000 3000 0
630 0 3000 3000 0
631 0 3000 3000 0
632 0 3000 3000 0
633 0 3000 3000 0
634 0 3000 3000 0
635 0 3000 3000 0
636 0 3000 3000 0
637 0 3000 3000 0
638 0 3000 3000 0
639 0 3000 3000 0
640 0 3000 3000 0
641 0 3000 3000 0
642 0 3000 3000 0
643 0 3000 3000 0
644 0 3000 3000 0
645 0 3000 3000 0
646 0 3000 3000 0
647 0 3000 3000 0
648 0 3000 3000 0
649 0 3000 3000 0
650 0 3000 3000 0
651 0 3000 3000 0
652 0 3000 3000 0
653 0 3000 3000 0
654 0 3000 3000 0
655 0 3000 3000 0
656 0 3000 3000 0
657 0 3000 3000 0
658 0 3000 3000 0
659 0 3000 3000 0
660 0 3000 3000 0
661 0 3000 3000 0
662 0 3000 3000 0
663 0 3000 3000 0
664 0 3000 3000 0
665 0 3000 3000 0
666 0 3000 3000 0
667 0 3000 3000 0
668 0 3000 3000 0
669 0 3000 3000 0
670 0 3000 3000 0
671 0 3000 3000 0
672 0 3000 3000 0
673 0 3000 3000 0
674 0 3000 3000 0
675 0 3000 3000 0
676 0 3000 3000 0
677 0 3000 3000 0
678 0 3000 3000 0
679 0 3000 3000 0
680 0 3000 3000 0
681 0 3000 3000 0
682 0 3000 3000 0
683 0 3000 3000 0
684 0 3000 3000 0
685 0 3000 3000 0
686 0 3000 3000 0
687 0 3000 3000 0
688 0 3000 3000 0
689 0 3000 3000 0
690 0 3000 3000 0
691 0 3000 3000 0
692 0 3000 3000 0
693 0 3000 3000 0
694 0 3000 3000 0
695 0 3000 3000 0
696 0 3000 3000 0
697 0 3000 3000 0
698 0 3000 3000 0
699 0 3000 3000 0
700 0 3000 3000 0
701 0 3000 3000 0
702 0 3000 3000 0
703 0 3000 3000 0
704 0 3000 3000 0
705 0 3000 3000 0
706 0 3000 3000 0
707 0 3000 3000 0
708 0 3000 3000 0
709 0 3000 3000 0
710 0 3000 3000 0
711 0 3000 3000 0
712 0 3000 3000 0
713 0 3000 3000 0
714 0 3000 3000 0
715 0 3000 3000 0
716 0 3000 3000 0
717 0 3000 3000 0
718 0 3000 3000 0
719 0 3000 3000 0
720 0 3000 3000 0
721 0 3000 3000 0
722 0 3000 3000 0
723 0 3000 3000 0
724 0 3000 3000 0
725 0 3000 3000 0
726 0 3000 3000 0
727 0 3000 3000 0
728 0 3000 3000 0
729 0 3000 3000 0
730 0 3000 3000 0
731 0 3000 3000 0
732 0 3000 3000 0
733 0 3000 3000 0
734 0 3000 3000 0
735 0 3000 3000 0
736 0 3000 3000 0
737 0 3000 3000 0
738 0 3000 3000 0
739 0 3000 3000 0
740 0 3000 3000 0
741 0 3000 3000 0
742 0 3000 3000 0
743 0 3000 3000 0
744 0 3000 3000 0
745 0 3000 3000 0
746 0 3000 3000 0
747 0 3000 3000 0
748 0 3000 3000 0
749 0 3000 3000 0
750 0 3000 3000 0
751 0 3000 3000 0
752 0 3000 3000 0
753 0 3000 3000 0
754 0 3000 3000 0
755 0 3000 3000 0
756 0 3000 3000 0
757 0 3000 3000 0
758 0 3000 3000 0
759 0 3000 3000 0
760 0 3000 3000 0
761 0 3000 3000 0
762 0 3000 3000 0
763 0 3000 3000 0
764 0 3000 3000 0
765 0 3000 3000 0
766 0 3000 3000 0
767 0 3000 3000 0
768 0 3000 3000 0
769 0 3000 3000 0
770 0 3000 3000 0
771 0 3000 3000 0
772 0 3000 3000 0
773 0 3000 3000 0
774 0 3000 3000 0
775 0 3000 3000 0
776 0 3000 3000 0
777 0 3000 3000 0
778 0 3000 3000 0
779 0 3000 3000 0
780 0 3000 3000 0
781 0 3000 3000 0
782 0 3000 3000 0
783 0 3000 3000 0
784 0 3000 3000 0
785 0 3000 3000 0
786 0 3000 3000 0
787 0 3000 3000 0
788 0 3000 3000 0
789 0 3000 3000 0
790 0 3000 3000 0
791 0 3000 3000 0
792 0 3000 3000 0
793 0 3000 3000 0
794 0 3000 3000 0
795 0 3000 3000 0
796 0 3000 3000 0
797 0 3000 3000 0
798 0 3000 3000 0
799 0 3000 3000 0
800 0 3000 3000 0
801 0 3000 3000 0
802 0 3000 3000 0
803 0 3000 3000 0
804 0 3000 3000 0
805 0 3000 3000 0
806 0 3000 3000 0
807 0 3000 3000 0
808 0 3000 3000 0
809 0 3000 3000 0
810 0 3000 3000 0
811 0 3000 3000 0
812 0 3000 3000 0
813 0 3000 3000 0
814 0 3000 3000 0
815 0 3000 3000 0
816 0 3000 3000 0
817 0 3000 3000 0
818 0 3000 3000 0
819 0 3000 3000 0
820 0 3000 3000 0
821 0 3000 3000 0
822 0 3000 3000 0
823 0 3000 3000 0
824 0 3000 3000 0
825 0 3000 3000 0
826 0 3000 3000 0
827 0 3000 3000 0
828 0 3000 3000 0
829 0 3000 3000 0
830 0 3000 3000 0
831 0 3000 3000 0
832 0 3000 3000 0
833 0 3000 3000 0
834 0 3000 3000 0
835 0 3000 3000 0
836 0 3000 3000 0
837 0 3000 3000 0
838 0 3000 3000 0
839 0 3000 3000 0
840 0 3000 3000 0
841 0 3000 3000 0
842 0 3000 3000 0
843 0 3000 3000 0
844 0 3000 3000 0
845 0 3000 3000 0
846 0 3000 3000 0
847 0 3000 3000 0
848 0 3000 3000 0
849 0 3000 3000 0
850 0 3000 3000 0
851 0 3000 3000 0
852 0 3000 3000 0
853 0 3000 3000 0
854 0 3000 3000 0
855 0 3000 3000 0
856 0 3000 3000 0
857 0 3000 3000 0
858 0 3000 3000 0
859 0 3000 3000 0
860 0 3000 3000 0
861 0 3000 3000 0
862 0 3000 3000 0
863 0 3000 3000 0
864 0 3000 3000 0
865 0 3000 3000 0
866 0 3000 3000 0
867 0 3000 3000 0
868 0 3000 3000 0
869 0 3000 3000 0
870 0 3000 3000 0
871 0 3000 3000 0
872 0 3000 3000 0
873 0 3000 3000 0
874 0 3000 3000 0
875 0 3000 3000 0
876 0 3000 3000 0
877 0 3000 3000 0
878 0 3000 3000 0
879 0 3000 3000 0
880 0 3000 3000 0
881 0 3000 3000 0
882 0 3000 3000 0
883 0 3000 3000 0
884 0 3000 3000 0
885 0 3000 3000 0
886 0 3000 3000 0
887 0 3000 3000 0
888 0 3000 3000 0
889 0 3000 3000 0
890 0 3000 3000 0
891 0 3000 3000 0
892 0 3000 3000 0
893 0 3000 3000 0
894 0 3000 3000 0
895 0 3000 3000 0
896 0 3000 3000 0
897 0 3000 3000 0
898 0 3000 3000 0
899 0 3000 3000 0
900 0 3000 3000 0
901 0 3000 3000 0
902 0 3000 3000 0
903 0 3000 3000 0
904 0 3000 3000 0
905 0 3000 3000 0
906 0 3000 3000 0
907 0 3000 3000 0
908 0 3000 3000 0
909 0 3000 3000 0
910 0 3000 3000 0
911 0 3000 3000 0
912 0 3000 3000 0
913 0 3000 3000 0
914 0 3000 3000 0
915 0 3000 3000 0
916 0 3000 3000 0
917 0 3000 3000 0
918 0 3000 3000 0
919 0 3000 3000 0
920 0 3000 3000 0
921 0 3000 3000 0
922 0 3000 3000 0
923 0 3000 3000 0
924 0 3000 3000 0
925 0 3000 3000 0
926 0 3000 3000 0
927 0 3000 3000 0
928 0 3000 3000 0
929 0 3000 3000 0
930 0 3000 3000 0
931 0 3000 3000 0
932 0 3000 3000 0
933 0 3000 3000 0
934 0 3000 3000 0
935 0 3000 3000 0
936 0 3000 3000 0
937 0 3000 3000 0
938 0 3000 3000 0
939 0 3000 3000 0
940 0 3000 3000 0
941 0 3000 3000 0
942 0 3000 3000 0
943 0 3000 3000 0
944 0 3000 3000 0
945 0 3000 3000 0
946 0 3000 3000 0
947 0 3000 3000 0
948 0 3000 3000 0
949 0 3000 3000 0
950 0 3000 3000 0
951 0 3000 3000 0
952 0 3000 3000 0
953 0 3000 3000 0
954 0 3000 3000 0
955 0 3000 3000 0
956 0 3000 3000 0
957 0 3000 3000 0
958 0 3000 3000 0
959 0 3000 3000 0
960 0 3000 3000 0
961 0 3000 3000 0
962 0 3000 3000 0
963 0 3000 3000 0
964 0 3000 3000 0
965 0 3000 3000 0
966 0 3000 3000 0
967 0 3000 3000 0
968 0 3000 3000 0
969 0 3000 3000 0
970 0 3000 3000 0
971 0 3000 3000 0
972 0 3000 3000 0
973 0 3000 3000 0
974 0 3000 3000 0
975 0 3000 3000 0
976 0 3000 3000 0
977 0 3000 3000 0
978 0 3000 3000 0
979 0 3000 3000 0
980 0 3000 3000 0
981 0 3000 3000 0
982 0 3000 3000 0
983 0 3000 3000 0
984 0 3000 3000 0
985 0 3000 3000 0
986 0 3000 3000 0
987 0 3000 3000 0
988 0 3000 3000 0
989 0 3000 3000 0
990 0 3000 3000 0
991 0 3000 3000 0
992 0 3000 3000 0
993 0 3000 3000 0
994 0 3000 3000 0
995 0 3000 3000 0
996 0 3000 3000 0
997 0 3000 3000 0
998 0 3000 3000 0
999 0 3000 3000 0
1000 0 3000 3000 0
