0 4425 6150
1 4333 6242
2 4334 6241
3 4338 6237
4 4329 6246
5 4325 6250
6 4313 6262
7 4310 6265
8 4302 6273
9 4285 6290
10 4278 6297
11 4263 6312
12 4294 6281
13 4252 6323
14 4268 6307
15 4258 6317
16 4268 6307
17 4276 6299
18 4262 6313
19 4265 6310
20 4264 6311
21 4247 6328
22 4234 6341
23 4241 6334
24 4250 6325
25 4250 6325
26 4251 6324
27 4243 6332
28 4239 6336
29 4232 6343
30 4233 6342
31 4212 6363
32 4214 6361
33 4217 6358
34 4217 6358
35 4195 6380
36 4238 6337
37 4220 6355
38 4192 6383
39 4204 6371
40 4208 6367
41 4218 6357
42 4208 6367
43 4217 6358
44 4226 6349
45 4226 6349
46 4209 6366
47 4207 6368
48 4203 6372
49 4200 6375
50 4197 6378
51 4215 6360
52 4215 6360
53 4230 6345
54 4228 6347
55 4233 6342
56 4211 6364
57 4229 6346
58 4230 6345
59 4242 6333
60 4250 6325
61 4248 6327
62 4253 6322
63 4276 6299
64 4275 6300
65 4265 6310
66 4245 6330
67 4240 6335
68 4243 6332
69 4250 6325
70 4257 6318
71 4284 6291
72 4297 6278
73 4297 6278
74 4303 6272
75 4308 6267
76 4322 6253
77 4330 6245
78 4318 6257
79 4302 6273
80 4290 6285
81 4271 6304
82 4276 6299
83 4291 6284
84 4296 6279
85 4306 6269
86 4300 6275
87 4342 6233
88 4309 6266
89 4302 6273
90 4320 6255
91 4309 6266
92 4298 6277
93 4315 6260
94 4288 6287
95 4256 6319
96 4251 6324
97 4216 6359
98 4219 6356
99 4215 6360
100 4233 6342
101 4224 6351
102 4174 6401
103 4207 6368
104 4219 6356
105 4197 6378
106 4165 6410
107 4191 6384
108 4158 6417
109 4175 6400
110 4189 6386
111 4178 6397
112 4185 6390
113 4192 6383
114 4197 6378
115 4199 6376
116 4219 6356
117 4212 6363
118 4198 6377
119 4206 6369
120 4196 6379
121 4207 6368
122 4226 6349
123 4219 6356
124 4228 6347
125 4241 6334
126 4233 6342
127 4240 6335
128 4243 6332
129 4243 6332
130 4216 6359
131 4205 6370
132 4203 6372
133 4220 6355
134 4210 6365
135 4239 6336
136 4212 6363
137 4213 6362
138 4218 6357
139 4224 6351
140 4259 6316
141 4259 6316
142 4262 6313
143 4251 6324
144 4233 6342
145 4222 6353
146 4231 6344
147 4241 6334
148 4234 6341
149 4239 6336
150 4205 6370
151 4217 6358
152 4227 6348
153 4259 6316
154 4258 6317
155 4265 6310
156 4236 6339
157 4246 6329
158 4249 6326
159 4233 6342
160 4230 6345
161 4249 6326
162 4272 6303
163 4286 6289
164 4290 6285
165 4321 6254
166 4313 6262
167 4327 6248
168 4335 6240
169 4339 6236
170 4347 6228
171 4342 6233
172 4349 6226
173 4366 6209
174 4369 6206
175 4377 6198
176 4370 6205
177 4381 6194
178 4365 6210
179 4390 6185
180 4383 6192
181 4372 6203
182 4379 6196
183 4366 6209
184 4375 6200
185 4359 6216
186 4349 6226
187 4366 6209
188 4356 6219
189 4378 6197
190 4379 6196
191 4369 6206
192 4362 6213
193 4373 6202
194 4385 6190
195 4385 6190
196 4386 6189
197 4401 6174
198 4425 6150
199 4434 6141
200 4455 6120
201 4441 6134
202 4458 6117
203 4468 6107
204 4457 6118
205 4440 6135
206 4467 6108
207 4456 6119
208 4457 6118
209 4475 6100
210 4465 6110
211 4497 6078
212 4476 6099
213 4483 6092
214 4492 6083
215 4508 6067
216 4496 6079
217 4508 6067
218 4515 6060
219 4525 6050
220 4505 6070
221 4514 6061
222 4503 6072
223 4498 6077
224 4477 6098
225 4447 6128
226 4430 6145
227 4426 6149
228 4424 6151
229 4429 6146
230 4454 6121
231 4441 6134
232 4441 6134
233 4458 6117
234 4449 6126
235 4447 6128
236 4462 6113
237 4476 6099
238 4470 6105
239 4473 6102
240 4486 6089
241 4466 6109
242 4430 6145
243 4442 6133
244 4486 6089
245 4490 6085
246 4498 6077
247 4492 6083
248 4487 6088
249 4511 6064
250 4506 6069
251 4512 6063
252 4496 6079
253 4499 6076
254 4501 6074
255 4517 6058
256 4499 6076
257 4516 6059
258 4527 6048
259 4511 6064
260 4507 6068
261 4518 6057
262 4500 6075
263 4506 6069
264 4479 6096
265 4476 6099
266 4480 6095
267 4448 6127
268 4442 6133
269 4460 6115
270 4470 6105
271 4431 6144
272 4422 6153
273 4446 6129
274 4463 6112
275 4481 6094
276 4470 6105
277 4436 6139
278 4430 6145
279 4459 6116
280 4457 6118
281 4468 6107
282 4483 6092
283 4487 6088
284 4483 6092
285 4490 6085
286 4496 6079
287 4484 6091
288 4486 6089
289 4462 6113
290 4479 6096
291 4458 6117
292 4448 6127
293 4443 6132
294 4408 6167
295 4403 6172
296 4411 6164
297 4404 6171
298 4398 6177
299 4393 6182
300 4395 6180
301 4392 6183
302 4396 6179
303 4382 6193
304 4378 6197
305 4364 6211
306 4368 6207
307 4404 6171
308 4396 6179
309 4426 6149
310 4430 6145
311 4462 6113
312 4488 6087
313 4484 6091
314 4482 6093
315 4470 6105
316 4448 6127
317 4444 6131
318 4445 6130
319 4427 6148
320 4439 6136
321 4472 6103
322 4478 6097
323 4463 6112
324 4461 6114
325 4478 6097
326 4503 6072
327 4520 6055
328 4513 6062
329 4491 6084
330 4490 6085
331 4492 6083
332 4524 6051
333 4498 6077
334 4511 6064
335 4513 6062
336 4491 6084
337 4498 6077
338 4524 6051
339 4524 6051
340 4526 6049
341 4500 6075
342 4512 6063
343 4505 6070
344 4495 6080
345 4457 6118
346 4464 6111
347 4472 6103
348 4491 6084
349 4483 6092
350 4480 6095
351 4494 6081
352 4460 6115
353 4471 6104
354 4488 6087
355 4510 6065
356 4547 6028
357 4570 6005
358 4548 6027
359 4546 6029
360 4544 6031
361 4566 6009
362 4575 6000
363 4574 6001
364 4579 5996
365 4572 6003
366 4572 6003
367 4568 6007
368 4589 5986
369 4576 5999
370 4607 5968
371 4593 5982
372 4549 6026
373 4574 6001
374 4592 5983
375 4610 5965
376 4565 6010
377 4563 6012
378 4565 6010
379 4558 6017
380 4515 6060
381 4522 6053
382 4519 6056
383 4515 6060
384 4521 6054
385 4545 6030
386 4537 6038
387 4541 6034
388 4544 6031
389 4559 6016
390 4576 5999
391 4573 6002
392 4559 6016
393 4538 6037
394 4515 6060
395 4539 6036
396 4561 6014
397 4567 6008
398 4569 6006
399 4582 5993
400 4563 6012
401 4556 6019
402 4576 5999
403 4581 5994
404 4600 5975
405 4591 5984
406 4572 6003
407 4569 6006
408 4590 5985
409 4569 6006
410 4565 6010
411 4536 6039
412 4544 6031
413 4556 6019
414 4564 6011
415 4595 5980
416 4601 5974
417 4570 6005
418 4570 6005
419 4572 6003
420 4605 5970
421 4636 5939
422 4613 5962
423 4614 5961
424 4624 5951
425 4597 5978
426 4600 5975
427 4584 5991
428 4553 6022
429 4552 6023
430 4584 5991
431 4566 6009
432 4554 6021
433 4555 6020
434 4552 6023
435 4535 6040
436 4557 6018
437 4584 5991
438 4612 5963
439 4600 5975
440 4565 6010
441 4589 5986
442 4592 5983
443 4602 5973
444 4605 5970
445 4607 5968
446 4595 5980
447 4609 5966
448 4621 5954
449 4590 5985
450 4601 5974
451 4602 5973
452 4579 5996
453 4585 5990
454 4597 5978
455 4597 5978
456 4607 5968
457 4624 5951
458 4625 5950
459 4608 5967
460 4627 5948
461 4605 5970
462 4605 5970
463 4609 5966
464 4622 5953
465 4622 5953
466 4632 5943
467 4639 5936
468 4629 5946
469 4629 5946
470 4641 5934
471 4635 5940
472 4624 5951
473 4623 5952
474 4628 5947
475 4609 5966
476 4624 5951
477 4608 5967
478 4596 5979
479 4611 5964
480 4584 5991
481 4600 5975
482 4590 5985
483 4576 5999
484 4612 5963
485 4617 5958
486 4637 5938
487 4654 5921
488 4648 5927
489 4633 5942
490 4613 5962
491 4633 5942
492 4633 5942
493 4626 5949
494 4641 5934
495 4637 5938
496 4651 5924
497 4649 5926
498 4659 5916
499 4649 5926
500 4641 5934
501 4667 5908
502 4677 5898
503 4682 5893
504 4685 5890
505 4681 5894
506 4683 5892
507 4667 5908
508 4684 5891
509 4676 5899
510 4668 5907
511 4673 5902
512 4695 5880
513 4687 5888
514 4677 5898
515 4687 5888
516 4671 5904
517 4658 5917
518 4642 5933
519 4633 5942
520 4618 5957
521 4631 5944
522 4634 5941
523 4672 5903
524 4683 5892
525 4671 5904
526 4666 5909
527 4657 5918
528 4644 5931
529 4664 5911
530 4658 5917
531 4654 5921
532 4623 5952
533 4618 5957
534 4634 5941
535 4662 5913
536 4675 5900
537 4677 5898
538 4667 5908
539 4673 5902
540 4641 5934
541 4658 5917
542 4656 5919
543 4688 5887
544 4706 5869
545 4693 5882
546 4667 5908
547 4661 5914
548 4682 5893
549 4671 5904
550 4688 5887
551 4701 5874
552 4729 5846
553 4723 5852
554 4739 5836
555 4740 5835
556 4739 5836
557 4722 5853
558 4723 5852
559 4705 5870
560 4714 5861
561 4714 5861
562 4724 5851
563 4724 5851
564 4723 5852
565 4716 5859
566 4731 5844
567 4722 5853
568 4717 5858
569 4740 5835
570 4722 5853
571 4717 5858
572 4734 5841
573 4725 5850
574 4728 5847
575 4725 5850
576 4755 5820
577 4731 5844
578 4743 5832
579 4741 5834
580 4736 5839
581 4741 5834
582 4754 5821
583 4769 5806
584 4756 5819
585 4766 5809
586 4741 5834
587 4743 5832
588 4773 5802
589 4783 5792
590 4761 5814
591 4790 5785
592 4791 5784
593 4775 5800
594 4780 5795
595 4788 5787
596 4788 5787
597 4749 5826
598 4756 5819
599 4750 5825
600 4775 5800
601 4732 5843
602 4717 5858
603 4724 5851
604 4724 5851
605 4734 5841
606 4744 5831
607 4745 5830
608 4767 5808
609 4774 5801
610 4765 5810
611 4739 5836
612 4719 5856
613 4706 5869
614 4703 5872
615 4710 5865
616 4722 5853
617 4729 5846
618 4742 5833
619 4722 5853
620 4721 5854
621 4723 5852
622 4698 5877
623 4703 5872
624 4701 5874
625 4678 5897
626 4689 5886
627 4682 5893
628 4667 5908
629 4672 5903
630 4679 5896
631 4686 5889
632 4711 5864
633 4697 5878
634 4697 5878
635 4708 5867
636 4685 5890
637 4700 5875
638 4707 5868
639 4711 5864
640 4699 5876
641 4714 5861
642 4733 5842
643 4717 5858
644 4715 5860
645 4728 5847
646 4717 5858
647 4735 5840
648 4723 5852
649 4703 5872
650 4698 5877
651 4693 5882
652 4704 5871
653 4676 5899
654 4690 5885
655 4723 5852
656 4732 5843
657 4715 5860
658 4726 5849
659 4708 5867
660 4708 5867
661 4720 5855
662 4735 5840
663 4740 5835
664 4728 5847
665 4712 5863
666 4704 5871
667 4709 5866
668 4703 5872
669 4692 5883
670 4709 5866
671 4695 5880
672 4725 5850
673 4706 5869
674 4719 5856
675 4700 5875
676 4711 5864
677 4700 5875
678 4730 5845
679 4721 5854
680 4723 5852
681 4745 5830
682 4750 5825
683 4720 5855
684 4746 5829
685 4762 5813
686 4745 5830
687 4724 5851
688 4719 5856
689 4709 5866
690 4715 5860
691 4728 5847
692 4731 5844
693 4728 5847
694 4747 5828
695 4752 5823
696 4740 5835
697 4774 5801
698 4793 5782
699 4778 5797
700 4791 5784
701 4770 5805
702 4762 5813
703 4763 5812
704 4749 5826
705 4731 5844
706 4720 5855
707 4728 5847
708 4724 5851
709 4743 5832
710 4751 5824
711 4746 5829
712 4739 5836
713 4743 5832
714 4763 5812
715 4757 5818
716 4759 5816
717 4758 5817
718 4754 5821
719 4707 5868
720 4712 5863
721 4713 5862
722 4714 5861
723 4732 5843
724 4735 5840
725 4754 5821
726 4749 5826
727 4730 5845
728 4734 5841
729 4723 5852
730 4681 5894
731 4697 5878
732 4693 5882
733 4728 5847
734 4713 5862
735 4714 5861
736 4709 5866
737 4698 5877
738 4731 5844
739 4745 5830
740 4769 5806
741 4782 5793
742 4804 5771
743 4807 5768
744 4795 5780
745 4753 5822
746 4769 5806
747 4759 5816
748 4741 5834
749 4762 5813
750 4764 5811
751 4775 5800
752 4736 5839
753 4728 5847
754 4717 5858
755 4711 5864
756 4698 5877
757 4696 5879
758 4691 5884
759 4676 5899
760 4672 5903
761 4699 5876
762 4720 5855
763 4756 5819
764 4763 5812
765 4781 5794
766 4803 5772
767 4826 5749
768 4826 5749
769 4823 5752
770 4823 5752
771 4829 5746
772 4828 5747
773 4837 5738
774 4854 5721
775 4869 5706
776 4892 5683
777 4898 5677
778 4901 5674
779 4901 5674
780 4900 5675
781 4915 5660
782 4930 5645
783 4896 5679
784 4880 5695
785 4850 5725
786 4867 5708
787 4874 5701
788 4887 5688
789 4880 5695
790 4868 5707
791 4887 5688
792 4876 5699
793 4903 5672
794 4925 5650
795 4902 5673
796 4909 5666
797 4922 5653
798 4940 5635
799 4926 5649
800 4945 5630
801 4923 5652
802 4946 5629
803 4937 5638
804 4916 5659
805 4909 5666
806 4893 5682
807 4909 5666
808 4933 5642
809 4913 5662
810 4901 5674
811 4907 5668
812 4906 5669
813 4909 5666
814 4910 5665
815 4924 5651
816 4921 5654
817 4894 5681
818 4887 5688
819 4889 5686
820 4873 5702
821 4847 5728
822 4863 5712
823 4860 5715
824 4864 5711
825 4865 5710
826 4876 5699
827 4880 5695
828 4854 5721
829 4867 5708
830 4858 5717
831 4870 5705
832 4863 5712
833 4849 5726
834 4842 5733
835 4838 5737
836 4857 5718
837 4865 5710
838 4845 5730
839 4846 5729
840 4844 5731
841 4810 5765
842 4825 5750
843 4838 5737
844 4801 5774
845 4814 5761
846 4831 5744
847 4838 5737
848 4830 5745
849 4826 5749
850 4831 5744
851 4832 5743
852 4836 5739
853 4835 5740
854 4814 5761
855 4845 5730
856 4823 5752
857 4832 5743
858 4829 5746
859 4834 5741
860 4834 5741
861 4848 5727
862 4846 5729
863 4852 5723
864 4858 5717
865 4837 5738
866 4863 5712
867 4875 5700
868 4901 5674
869 4901 5674
870 4900 5675
871 4921 5654
872 4908 5667
873 4891 5684
874 4892 5683
875 4870 5705
876 4906 5669
877 4898 5677
878 4899 5676
879 4905 5670
880 4874 5701
881 4890 5685
882 4904 5671
883 4903 5672
884 4907 5668
885 4935 5640
886 4951 5624
887 4963 5612
888 4959 5616
889 4956 5619
890 4932 5643
891 4939 5636
892 4951 5624
893 4953 5622
894 4928 5647
895 4952 5623
896 4942 5633
897 4956 5619
898 4956 5619
899 4962 5613
900 4958 5617
901 4971 5604
902 4959 5616
903 4959 5616
904 4966 5609
905 4957 5618
906 4955 5620
907 4939 5636
908 4940 5635
909 4920 5655
910 4941 5634
911 4950 5625
912 4953 5622
913 4958 5617
914 4954 5621
915 4983 5592
916 4978 5597
917 4959 5616
918 4967 5608
919 4977 5598
920 4966 5609
921 4970 5605
922 4942 5633
923 4934 5641
924 4942 5633
925 4947 5628
926 4946 5629
927 4932 5643
928 4919 5656
929 4930 5645
930 4938 5637
931 4939 5636
932 4936 5639
933 4921 5654
934 4911 5664
935 4935 5640
936 4955 5620
937 4952 5623
938 4958 5617
939 4958 5617
940 4919 5656
941 4914 5661
942 4906 5669
943 4888 5687
944 4912 5663
945 4894 5681
946 4885 5690
947 4900 5675
948 4885 5690
949 4875 5700
950 4907 5668
951 4924 5651
952 4921 5654
953 4923 5652
954 4912 5663
955 4910 5665
956 4894 5681
957 4877 5698
958 4880 5695
959 4878 5697
960 4886 5689
961 4890 5685
962 4893 5682
963 4916 5659
964 4907 5668
965 4899 5676
966 4912 5663
967 4910 5665
968 4918 5657
969 4909 5666
970 4924 5651
971 4934 5641
972 4942 5633
973 4964 5611
974 4957 5618
975 4942 5633
976 4933 5642
977 4943 5632
978 4961 5614
979 4981 5594
980 4990 5585
981 4987 5588
982 5000 5575
983 5002 5573
984 4988 5587
985 4970 5605
986 4976 5599
987 4986 5589
988 4980 5595
989 4986 5589
990 4975 5600
991 4987 5588
992 4981 5594
993 5002 5573
994 5007 5568
995 5013 5562
996 5046 5529
997 5041 5534
998 5054 5521
999 5048 5527
1000 5029 5546
1001 5018 5557
1002 5037 5538
1003 5026 5549
1004 5010 5565
1005 5015 5560
1006 5031 5544
1007 5052 5523
1008 5021 5554
1009 5015 5560
1010 5000 5575
1011 4988 5587
1012 5006 5569
1013 5008 5567
1014 4982 5593
1015 4966 5609
1016 4975 5600
1017 4989 5586
1018 4972 5603
1019 5007 5568
1020 5012 5563
1021 4995 5580
1022 4989 5586
1023 4976 5599
1024 4968 5607
1025 4969 5606
1026 4977 5598
1027 4968 5607
1028 5011 5564
1029 5019 5556
1030 5033 5542
1031 5047 5528
1032 5055 5520
1033 5040 5535
