0 1337 0 0 0 0 0 0 0 0 0 0 0 0 0 0 0
1 12033 0 0 0 0 0 0 0 0 0 0 0 0 0 0 0
2 12025 4 4 0 0 0 0 0 0 0 0 0 0 0 0 0
3 12025 4 4 0 0 0 0 0 0 0 0 0 0 0 0 0
4 12023 5 5 0 0 0 0 0 0 0 0 0 0 0 0 0
5 12023 5 5 0 0 0 0 0 0 0 0 0 0 0 0 0
6 12021 6 6 0 0 0 0 0 0 0 0 0 0 0 0 0
7 12019 7 7 0 0 0 0 0 0 0 0 0 0 0 0 0
8 12017 8 8 0 0 0 0 0 0 0 0 0 0 0 0 0
9 12015 9 9 0 0 0 0 0 0 0 0 0 0 0 0 0
10 12011 11 11 0 0 0 0 0 0 0 0 0 0 0 0 0
11 12007 13 13 0 0 0 0 0 0 0 0 0 0 0 0 0
12 12007 13 13 0 0 0 0 0 0 0 0 0 0 0 0 0
13 12005 14 14 0 0 0 0 0 0 0 0 0 0 0 0 0
14 11999 17 17 0 0 0 0 0 0 0 0 0 0 0 0 0
15 11999 17 17 0 0 0 0 0 0 0 0 0 0 0 0 0
16 11997 18 18 0 0 0 0 0 0 0 0 0 0 0 0 0
17 11993 20 20 0 0 0 0 0 0 0 0 0 0 0 0 0
18 11993 20 20 0 0 0 0 0 0 0 0 0 0 0 0 0
19 11991 21 21 0 0 0 0 0 0 0 0 0 0 0 0 0
20 11987 23 23 0 0 0 0 0 0 0 0 0 0 0 0 0
21 11981 26 26 0 0 0 0 0 0 0 0 0 0 0 0 0
22 11979 27 27 0 0 0 0 0 0 0 0 0 0 0 0 0
23 11975 29 29 0 0 0 0 0 0 0 0 0 0 0 0 0
24 11975 29 29 0 0 0 0 0 0 0 0 0 0 0 0 0
25 11973 30 30 0 0 0 0 0 0 0 0 0 0 0 0 0
26 11975 29 29 0 0 0 0 0 0 0 0 0 0 0 0 0
27 11969 32 32 0 0 0 0 0 0 0 0 0 0 0 0 0
28 11963 35 35 0 0 0 0 0 0 0 0 0 0 0 0 0
29 11961 36 36 0 0 0 0 0 0 0 0 0 0 0 0 0
30 11963 35 35 0 0 0 0 0 0 0 0 0 0 0 0 0
31 11959 37 37 0 0 0 0 0 0 0 0 0 0 0 0 0
32 11961 36 36 0 0 0 0 0 0 0 0 0 0 0 0 0
33 11959 37 37 0 0 0 0 0 0 0 0 0 0 0 0 0
34 11953 40 40 0 0 0 0 0 0 0 0 0 0 0 0 0
35 11953 40 40 0 0 0 0 0 0 0 0 0 0 0 0 0
36 11953 40 40 0 0 0 0 0 0 0 0 0 0 0 0 0
37 11951 41 41 0 0 0 0 0 0 0 0 0 0 0 0 0
38 11951 41 41 0 0 0 0 0 0 0 0 0 0 0 0 0
39 11947 43 43 0 0 0 0 0 0 0 0 0 0 0 0 0
40 11949 42 42 0 0 0 0 0 0 0 0 0 0 0 0 0
41 11951 41 41 0 0 0 0 0 0 0 0 0 0 0 0 0
42 11951 41 41 0 0 0 0 0 0 0 0 0 0 0 0 0
43 11947 43 43 0 0 0 0 0 0 0 0 0 0 0 0 0
44 11945 44 44 0 0 0 0 0 0 0 0 0 0 0 0 0
45 11945 44 44 0 0 0 0 0 0 0 0 0 0 0 0 0
46 11945 44 44 0 0 0 0 0 0 0 0 0 0 0 0 0
47 11945 44 44 0 0 0 0 0 0 0 0 0 0 0 0 0
48 11945 44 44 0 0 0 0 0 0 0 0 0 0 0 0 0
49 11945 44 44 0 0 0 0 0 0 0 0 0 0 0 0 0
50 11945 44 44 0 0 0 0 0 0 0 0 0 0 0 0 0
51 11941 46 46 0 0 0 0 0 0 0 0 0 0 0 0 0
52 11943 45 45 0 0 0 0 0 0 0 0 0 0 0 0 0
53 11941 46 46 0 0 0 0 0 0 0 0 0 0 0 0 0
54 11935 49 49 0 0 0 0 0 0 0 0 0 0 0 0 0
55 11933 50 50 0 0 0 0 0 0 0 0 0 0 0 0 0
56 11929 52 52 0 0 0 0 0 0 0 0 0 0 0 0 0
57 11927 53 53 0 0 0 0 0 0 0 0 0 0 0 0 0
58 11925 54 54 0 0 0 0 0 0 0 0 0 0 0 0 0
59 11923 55 55 0 0 0 0 0 0 0 0 0 0 0 0 0
60 11923 55 55 0 0 0 0 0 0 0 0 0 0 0 0 0
61 11919 57 57 0 0 0 0 0 0 0 0 0 0 0 0 0
62 11915 59 59 0 0 0 0 0 0 0 0 0 0 0 0 0
63 11915 59 59 0 0 0 0 0 0 0 0 0 0 0 0 0
64 11917 58 58 0 0 0 0 0 0 0 0 0 0 0 0 0
65 11915 59 59 0 0 0 0 0 0 0 0 0 0 0 0 0
66 11913 60 60 0 0 0 0 0 0 0 0 0 0 0 0 0
67 11913 60 60 0 0 0 0 0 0 0 0 0 0 0 0 0
68 11911 61 61 0 0 0 0 0 0 0 0 0 0 0 0 0
69 11909 62 62 0 0 0 0 0 0 0 0 0 0 0 0 0
70 11907 63 63 0 0 0 0 0 0 0 0 0 0 0 0 0
71 11905 64 64 0 0 0 0 0 0 0 0 0 0 0 0 0
72 11905 64 64 0 0 0 0 0 0 0 0 0 0 0 0 0
73 11901 66 66 0 0 0 0 0 0 0 0 0 0 0 0 0
74 11901 66 66 0 0 0 0 0 0 0 0 0 0 0 0 0
75 11899 67 67 0 0 0 0 0 0 0 0 0 0 0 0 0
76 11899 67 67 0 0 0 0 0 0 0 0 0 0 0 0 0
77 11897 68 68 0 0 0 0 0 0 0 0 0 0 0 0 0
78 11897 68 68 0 0 0 0 0 0 0 0 0 0 0 0 0
79 11893 70 70 0 0 0 0 0 0 0 0 0 0 0 0 0
80 11893 70 70 0 0 0 0 0 0 0 0 0 0 0 0 0
81 11887 73 73 0 0 0 0 0 0 0 0 0 0 0 0 0
82 11889 72 72 0 0 0 0 0 0 0 0 0 0 0 0 0
83 11889 72 72 0 0 0 0 0 0 0 0 0 0 0 0 0
84 11889 72 72 0 0 0 0 0 0 0 0 0 0 0 0 0
85 11887 73 73 0 0 0 0 0 0 0 0 0 0 0 0 0
86 11889 72 72 0 0 0 0 0 0 0 0 0 0 0 0 0
87 11883 75 75 0 0 0 0 0 0 0 0 0 0 0 0 0
88 11885 74 74 0 0 0 0 0 0 0 0 0 0 0 0 0
89 11883 75 75 0 0 0 0 0 0 0 0 0 0 0 0 0
90 11881 76 76 0 0 0 0 0 0 0 0 0 0 0 0 0
91 11881 76 76 0 0 0 0 0 0 0 0 0 0 0 0 0
92 11881 76 76 0 0 0 0 0 0 0 0 0 0 0 0 0
93 11877 78 78 0 0 0 0 0 0 0 0 0 0 0 0 0
94 11871 81 81 0 0 0 0 0 0 0 0 0 0 0 0 0
95 11869 82 82 0 0 0 0 0 0 0 0 0 0 0 0 0
96 11867 83 83 0 0 0 0 0 0 0 0 0 0 0 0 0
97 11867 83 83 0 0 0 0 0 0 0 0 0 0 0 0 0
98 11865 84 84 0 0 0 0 0 0 0 0 0 0 0 0 0
99 11867 83 83 0 0 0 0 0 0 0 0 0 0 0 0 0
100 11867 83 83 0 0 0 0 0 0 0 0 0 0 0 0 0
101 11863 85 85 0 0 0 0 0 0 0 0 0 0 0 0 0
102 11859 87 87 0 0 0 0 0 0 0 0 0 0 0 0 0
103 11859 87 87 0 0 0 0 0 0 0 0 0 0 0 0 0
104 11859 87 87 0 0 0 0 0 0 0 0 0 0 0 0 0
105 11859 87 87 0 0 0 0 0 0 0 0 0 0 0 0 0
106 11855 89 89 0 0 0 0 0 0 0 0 0 0 0 0 0
107 11855 89 89 0 0 0 0 0 0 0 0 0 0 0 0 0
108 11853 90 90 0 0 0 0 0 0 0 0 0 0 0 0 0
109 11851 91 91 0 0 0 0 0 0 0 0 0 0 0 0 0
110 11855 89 89 0 0 0 0 0 0 0 0 0 0 0 0 0
111 11855 89 89 0 0 0 0 0 0 0 0 0 0 0 0 0
112 11851 91 91 0 0 0 0 0 0 0 0 0 0 0 0 0
113 11849 92 92 0 0 0 0 0 0 0 0 0 0 0 0 0
114 11847 93 93 0 0 0 0 0 0 0 0 0 0 0 0 0
115 11845 94 94 0 0 0 0 0 0 0 0 0 0 0 0 0
116 11845 94 94 0 0 0 0 0 0 0 0 0 0 0 0 0
117 11845 94 94 0 0 0 0 0 0 0 0 0 0 0 0 0
118 11843 95 95 0 0 0 0 0 0 0 0 0 0 0 0 0
119 11845 94 94 0 0 0 0 0 0 0 0 0 0 0 0 0
120 11849 92 92 0 0 0 0 0 0 0 0 0 0 0 0 0
121 11843 95 95 0 0 0 0 0 0 0 0 0 0 0 0 0
122 11843 95 95 0 0 0 0 0 0 0 0 0 0 0 0 0
123 11841 96 96 0 0 0 0 0 0 0 0 0 0 0 0 0
124 11831 101 101 0 0 0 0 0 0 0 0 0 0 0 0 0
125 11831 101 101 0 0 0 0 0 0 0 0 0 0 0 0 0
126 11831 101 101 0 0 0 0 0 0 0 0 0 0 0 0 0
127 11823 105 105 0 0 0 0 0 0 0 0 0 0 0 0 0
128 11821 106 106 0 0 0 0 0 0 0 0 0 0 0 0 0
129 11821 106 106 0 0 0 0 0 0 0 0 0 0 0 0 0
130 11821 106 106 0 0 0 0 0 0 0 0 0 0 0 0 0
131 11819 107 107 0 0 0 0 0 0 0 0 0 0 0 0 0
132 11817 108 108 0 0 0 0 0 0 0 0 0 0 0 0 0
133 11821 106 106 0 0 0 0 0 0 0 0 0 0 0 0 0
134 11819 107 107 0 0 0 0 0 0 0 0 0 0 0 0 0
135 11816 108 108 1 0 0 0 0 0 0 0 0 0 0 0 0
136 11814 109 109 1 0 0 0 0 0 0 0 0 0 0 0 0
137 11807 113 113 0 0 0 0 0 0 0 0 0 0 0 0 0
138 11807 113 113 0 0 0 0 0 0 0 0 0 0 0 0 0
139 11809 112 112 0 0 0 0 0 0 0 0 0 0 0 0 0
140 11805 114 114 0 0 0 0 0 0 0 0 0 0 0 0 0
141 11803 115 115 0 0 0 0 0 0 0 0 0 0 0 0 0
142 11795 119 119 0 0 0 0 0 0 0 0 0 0 0 0 0
143 11789 122 122 0 0 0 0 0 0 0 0 0 0 0 0 0
144 11791 121 121 0 0 0 0 0 0 0 0 0 0 0 0 0
145 11785 124 124 0 0 0 0 0 0 0 0 0 0 0 0 0
146 11781 126 126 0 0 0 0 0 0 0 0 0 0 0 0 0
147 11779 127 127 0 0 0 0 0 0 0 0 0 0 0 0 0
148 11777 128 128 0 0 0 0 0 0 0 0 0 0 0 0 0
149 11777 128 128 0 0 0 0 0 0 0 0 0 0 0 0 0
150 11781 126 126 0 0 0 0 0 0 0 0 0 0 0 0 0
151 11779 127 127 0 0 0 0 0 0 0 0 0 0 0 0 0
152 11779 127 127 0 0 0 0 0 0 0 0 0 0 0 0 0
153 11765 134 134 0 0 0 0 0 0 0 0 0 0 0 0 0
154 11759 137 137 0 0 0 0 0 0 0 0 0 0 0 0 0
155 11755 139 139 0 0 0 0 0 0 0 0 0 0 0 0 0
156 11741 146 146 0 0 0 0 0 0 0 0 0 0 0 0 0
157 11739 147 147 0 0 0 0 0 0 0 0 0 0 0 0 0
158 11724 154 154 1 0 0 0 0 0 0 0 0 0 0 0 0
159 11722 155 155 1 0 0 0 0 0 0 0 0 0 0 0 0
160 11716 158 158 1 0 0 0 0 0 0 0 0 0 0 0 0
161 11710 161 161 1 0 0 0 0 0 0 0 0 0 0 0 0
162 11710 161 161 1 0 0 0 0 0 0 0 0 0 0 0 0
163 11698 167 167 1 0 0 0 0 0 0 0 0 0 0 0 0
164 11694 169 169 1 0 0 0 0 0 0 0 0 0 0 0 0
165 11686 173 173 1 0 0 0 0 0 0 0 0 0 0 0 0
166 11676 178 178 1 0 0 0 0 0 0 0 0 0 0 0 0
167 11668 182 182 1 0 0 0 0 0 0 0 0 0 0 0 0
168 11654 189 189 1 0 0 0 0 0 0 0 0 0 0 0 0
169 11642 195 195 1 0 0 0 0 0 0 0 0 0 0 0 0
170 11632 200 200 1 0 0 0 0 0 0 0 0 0 0 0 0
171 11626 203 203 1 0 0 0 0 0 0 0 0 0 0 0 0
172 11614 209 209 1 0 0 0 0 0 0 0 0 0 0 0 0
173 11610 211 211 1 0 0 0 0 0 0 0 0 0 0 0 0
174 11600 216 216 1 0 0 0 0 0 0 0 0 0 0 0 0
175 11592 220 220 1 0 0 0 0 0 0 0 0 0 0 0 0
176 11589 221 221 2 0 0 0 0 0 0 0 0 0 0 0 0
177 11578 226 226 3 0 0 0 0 0 0 0 0 0 0 0 0
178 11570 230 230 3 0 0 0 0 0 0 0 0 0 0 0 0
179 11566 232 232 3 0 0 0 0 0 0 0 0 0 0 0 0
180 11562 234 234 3 0 0 0 0 0 0 0 0 0 0 0 0
181 11552 239 239 3 0 0 0 0 0 0 0 0 0 0 0 0
182 11546 242 242 3 0 0 0 0 0 0 0 0 0 0 0 0
183 11542 244 244 3 0 0 0 0 0 0 0 0 0 0 0 0
184 11535 248 248 2 0 0 0 0 0 0 0 0 0 0 0 0
185 11536 247 247 3 0 0 0 0 0 0 0 0 0 0 0 0
186 11530 250 250 3 0 0 0 0 0 0 0 0 0 0 0 0
187 11525 252 252 4 0 0 0 0 0 0 0 0 0 0 0 0
188 11513 258 258 4 0 0 0 0 0 0 0 0 0 0 0 0
189 11507 261 261 4 0 0 0 0 0 0 0 0 0 0 0 0
190 11493 268 268 4 0 0 0 0 0 0 0 0 0 0 0 0
191 11488 270 270 5 0 0 0 0 0 0 0 0 0 0 0 0
192 11483 273 273 4 0 0 0 0 0 0 0 0 0 0 0 0
193 11479 275 275 4 0 0 0 0 0 0 0 0 0 0 0 0
194 11475 277 277 4 0 0 0 0 0 0 0 0 0 0 0 0
195 11457 286 286 4 0 0 0 0 0 0 0 0 0 0 0 0
196 11451 289 289 4 0 0 0 0 0 0 0 0 0 0 0 0
197 11435 296 296 6 0 0 0 0 0 0 0 0 0 0 0 0
198 11427 300 300 6 0 0 0 0 0 0 0 0 0 0 0 0
199 11417 305 305 6 0 0 0 0 0 0 0 0 0 0 0 0
200 11413 307 307 6 0 0 0 0 0 0 0 0 0 0 0 0
201 11402 312 312 7 0 0 0 0 0 0 0 0 0 0 0 0
202 11396 315 315 7 0 0 0 0 0 0 0 0 0 0 0 0
203 11384 321 321 7 0 0 0 0 0 0 0 0 0 0 0 0
204 11385 320 320 8 0 0 0 0 0 0 0 0 0 0 0 0
205 11391 317 317 8 0 0 0 0 0 0 0 0 0 0 0 0
206 11385 320 320 8 0 0 0 0 0 0 0 0 0 0 0 0
207 11376 324 324 9 0 0 0 0 0 0 0 0 0 0 0 0
208 11370 327 327 9 0 0 0 0 0 0 0 0 0 0 0 0
209 11371 327 327 8 0 0 0 0 0 0 0 0 0 0 0 0
210 11369 328 328 8 0 0 0 0 0 0 0 0 0 0 0 0
211 11361 332 332 8 0 0 0 0 0 0 0 0 0 0 0 0
212 11360 333 333 7 0 0 0 0 0 0 0 0 0 0 0 0
213 11352 337 337 7 0 0 0 0 0 0 0 0 0 0 0 0
214 11350 338 338 7 0 0 0 0 0 0 0 0 0 0 0 0
215 11342 342 342 7 0 0 0 0 0 0 0 0 0 0 0 0
216 11338 344 344 7 0 0 0 0 0 0 0 0 0 0 0 0
217 11334 345 345 9 0 0 0 0 0 0 0 0 0 0 0 0
218 11328 348 348 9 0 0 0 0 0 0 0 0 0 0 0 0
219 11322 351 351 9 0 0 0 0 0 0 0 0 0 0 0 0
220 11320 352 352 9 0 0 0 0 0 0 0 0 0 0 0 0
221 11320 352 351 8 0 0 1 0 0 0 0 1 0 0 0 0
222 11312 356 355 8 0 0 1 0 0 0 0 1 0 0 0 0
223 11304 360 359 8 0 0 1 0 0 0 0 1 0 0 0 0
224 11300 362 361 8 0 0 1 0 0 0 0 1 0 0 0 0
225 11296 364 363 8 0 0 1 0 0 0 0 1 0 0 0 0
226 11292 366 365 8 0 0 1 0 0 0 0 1 0 0 0 0
227 11291 366 365 9 0 0 1 0 0 0 0 1 0 0 0 0
228 11295 364 363 9 0 0 1 0 0 0 0 1 0 0 0 0
229 11285 369 368 9 0 0 1 0 0 0 0 1 0 0 0 0
230 11277 373 373 8 0 0 1 0 0 1 0 0 0 0 0 0
231 11271 376 376 8 0 0 1 0 0 1 0 0 0 0 0 0
232 11269 377 377 8 0 0 1 0 0 1 0 0 0 0 0 0
233 11269 377 377 8 0 0 1 0 0 1 0 0 0 0 0 0
234 11270 376 376 9 0 0 1 0 0 1 0 0 0 0 0 0
235 11262 379 379 11 0 0 1 0 0 1 0 0 0 0 0 0
236 11270 375 375 11 0 0 1 0 0 1 0 0 0 0 0 0
237 11266 377 376 10 0 0 2 0 0 1 0 1 0 0 0 0
238 11264 378 377 10 0 0 2 0 0 1 0 1 0 0 0 0
239 11256 382 381 10 0 0 2 0 0 1 0 1 0 0 0 0
240 11254 383 382 10 0 0 2 0 0 1 0 1 0 0 0 0
241 11253 384 383 9 0 0 2 0 0 1 0 1 0 0 0 0
242 11253 384 383 9 0 0 2 0 0 1 0 1 0 0 0 0
243 11244 388 387 10 0 0 2 0 0 1 0 1 0 0 0 0
244 11238 391 390 10 0 0 2 0 0 1 0 1 0 0 0 0
245 11238 391 390 10 0 0 2 0 0 1 0 1 0 0 0 0
246 11232 394 392 9 0 0 3 0 0 1 0 2 0 0 0 0
247 11228 396 394 9 0 0 3 0 0 1 0 2 0 0 0 0
248 11219 400 398 10 0 0 3 0 0 1 0 2 0 0 0 0
249 11212 403 401 11 0 0 3 0 0 1 0 2 0 0 0 0
250 11218 400 398 11 0 0 3 0 0 1 0 2 0 0 0 0
251 11215 402 400 10 0 0 3 0 0 1 0 2 0 0 0 0
252 11215 401 399 12 0 0 3 0 0 1 0 2 0 0 0 0
253 11210 403 401 13 0 0 3 0 0 1 0 2 0 0 0 0
254 11207 405 403 12 0 0 3 0 0 1 0 2 0 0 0 0
255 11202 407 405 13 0 0 3 0 0 1 0 2 0 0 0 0
256 11197 410 408 12 0 0 3 0 0 1 0 2 0 0 0 0
257 11199 409 407 12 0 0 3 0 0 1 0 2 0 0 0 0
258 11199 409 407 12 0 0 3 0 0 1 0 2 0 0 0 0
259 11194 411 409 13 0 0 3 0 0 1 0 2 0 0 0 0
260 11202 407 405 13 0 0 3 0 0 1 0 2 0 0 0 0
261 11200 408 406 13 0 0 3 0 0 1 0 2 0 0 0 0
262 11200 408 406 13 0 0 3 0 0 1 0 2 0 0 0 0
263 11206 405 403 13 0 0 3 0 0 1 0 2 0 0 0 0
264 11202 407 405 13 0 0 3 0 0 1 0 2 0 0 0 0
265 11189 414 412 12 0 0 3 0 0 1 0 2 0 0 0 0
266 11187 415 413 12 0 0 3 0 0 1 0 2 0 0 0 0
267 11191 413 411 12 0 0 3 0 0 1 0 2 0 0 0 0
268 11189 414 412 12 0 0 3 0 0 1 0 2 0 0 0 0
269 11186 416 414 11 0 0 3 0 0 1 0 2 0 0 0 0
270 11189 415 413 10 0 0 3 0 0 1 0 2 0 0 0 0
271 11187 416 414 10 0 0 3 0 0 1 0 2 0 0 0 0
272 11178 420 418 11 0 0 3 0 0 1 0 2 0 0 0 0
273 11172 423 421 11 0 0 3 0 0 1 0 2 0 0 0 0
274 11162 428 426 11 0 0 3 0 0 1 0 2 0 0 0 0
275 11166 426 424 11 0 0 3 0 0 1 0 2 0 0 0 0
276 11164 427 425 11 0 0 3 0 0 1 0 2 0 0 0 0
277 11152 433 431 11 0 0 3 0 0 1 0 2 0 0 0 0
278 11144 437 435 11 0 0 3 0 0 1 0 2 0 0 0 0
279 11140 439 437 11 0 0 3 0 0 1 0 2 0 0 0 0
280 11132 443 441 11 0 0 3 0 0 1 0 2 0 0 0 0
281 11122 448 446 11 0 0 3 0 0 1 0 2 0 0 0 0
282 11120 449 447 11 0 0 3 0 0 1 0 2 0 0 0 0
283 11116 451 449 11 0 0 3 0 0 1 0 2 0 0 0 0
284 11116 451 449 11 0 0 3 0 0 1 0 2 0 0 0 0
285 11114 452 450 11 0 0 3 0 0 1 0 2 0 0 0 0
286 11107 455 453 12 0 0 3 0 0 1 0 2 0 0 0 0
287 11098 459 457 13 0 0 3 0 0 1 0 2 0 0 0 0
288 11101 457 455 14 0 0 3 0 0 1 0 2 0 0 0 0
289 11092 462 460 13 0 0 3 0 0 1 0 2 0 0 0 0
290 11091 463 461 12 0 0 3 0 0 1 0 2 0 0 0 0
291 11088 464 462 13 0 0 3 0 0 1 0 2 0 0 0 0
292 11089 463 461 14 0 0 3 0 0 1 0 2 0 0 0 0
293 11095 460 458 14 0 0 3 0 0 1 0 2 0 0 0 0
294 11102 457 455 13 0 0 3 0 0 1 0 2 0 0 0 0
295 11096 460 458 13 0 0 3 0 0 1 0 2 0 0 0 0
296 11098 459 457 13 0 0 3 0 0 1 0 2 0 0 0 0
297 11088 464 462 13 0 0 3 0 0 1 0 2 0 0 0 0
298 11090 463 461 13 0 0 3 0 0 1 0 2 0 0 0 0
299 11091 462 460 14 0 0 3 0 0 1 0 2 0 0 0 0
300 11097 459 457 14 0 0 3 0 0 1 0 2 0 0 0 0
301 11103 456 454 14 0 0 3 0 0 1 0 2 0 0 0 0
302 11106 454 452 15 0 0 3 0 0 1 0 2 0 0 0 0
303 11104 455 453 15 0 0 3 0 0 1 0 2 0 0 0 0
304 11104 455 453 15 0 0 3 0 0 1 0 2 0 0 0 0
305 11099 458 456 14 0 0 3 0 0 1 0 2 0 0 0 0
306 11103 456 454 14 0 0 3 0 0 1 0 2 0 0 0 0
307 11103 456 454 14 0 0 3 0 0 1 0 2 0 0 0 0
308 11114 450 448 15 0 0 3 0 0 1 0 2 0 0 0 0
309 11110 452 450 15 0 0 3 0 0 1 0 2 0 0 0 0
310 11106 454 452 15 0 0 3 0 0 1 0 2 0 0 0 0
311 11100 457 455 15 0 0 3 0 0 1 0 2 0 0 0 0
312 11102 457 455 13 0 0 3 0 0 1 0 2 0 0 0 0
313 11102 457 455 13 0 0 3 0 0 1 0 2 0 0 0 0
314 11104 456 454 13 0 0 3 0 0 1 0 2 0 0 0 0
315 11104 456 454 13 0 0 3 0 0 1 0 2 0 0 0 0
316 11108 454 452 13 0 0 3 0 0 1 0 2 0 0 0 0
317 11102 457 455 13 0 0 3 0 0 1 0 2 0 0 0 0
318 11101 457 455 14 0 0 3 0 0 1 0 2 0 0 0 0
319 11105 455 453 14 0 0 3 0 0 1 0 2 0 0 0 0
320 11101 457 455 14 0 0 3 0 0 1 0 2 0 0 0 0
321 11097 459 457 14 0 0 3 0 0 1 0 2 0 0 0 0
322 11097 459 457 14 0 0 3 0 0 1 0 2 0 0 0 0
323 11099 458 456 14 0 0 3 0 0 1 0 2 0 0 0 0
324 11109 453 451 14 0 0 3 0 0 1 0 2 0 0 0 0
325 11115 450 448 14 0 0 3 0 0 1 0 2 0 0 0 0
326 11111 452 450 14 0 0 3 0 0 1 0 2 0 0 0 0
327 11115 450 448 14 0 0 3 0 0 1 0 2 0 0 0 0
328 11113 451 449 14 0 0 3 0 0 1 0 2 0 0 0 0
329 11118 448 446 15 0 0 3 0 0 1 0 2 0 0 0 0
330 11116 449 447 15 0 0 3 0 0 1 0 2 0 0 0 0
331 11116 448 446 17 0 0 3 0 0 1 0 2 0 0 0 0
332 11124 444 442 17 0 0 3 0 0 1 0 2 0 0 0 0
333 11120 446 444 17 0 0 3 0 0 1 0 2 0 0 0 0
334 11116 448 446 17 0 0 3 0 0 1 0 2 0 0 0 0
335 11118 447 445 17 0 0 3 0 0 1 0 2 0 0 0 0
336 11114 449 447 17 0 0 3 0 0 1 0 2 0 0 0 0
337 11110 451 449 17 0 0 3 0 0 1 0 2 0 0 0 0
338 11104 454 452 17 0 0 3 0 0 1 0 2 0 0 0 0
339 11093 459 457 18 0 0 3 0 0 1 0 2 0 0 0 0
340 11089 461 459 18 0 0 3 0 0 1 0 2 0 0 0 0
341 11082 464 462 19 0 0 3 0 0 1 0 2 0 0 0 0
342 11087 461 459 20 0 0 3 0 0 1 0 2 0 0 0 0
343 11079 465 463 20 0 0 3 0 0 1 0 2 0 0 0 0
344 11066 471 469 21 0 0 3 0 0 1 0 2 0 0 0 0
345 11063 472 470 22 0 0 3 0 0 1 0 2 0 0 0 0
346 11050 478 476 23 0 0 3 0 0 1 0 2 0 0 0 0
347 11042 483 481 21 0 0 3 0 0 1 0 2 0 0 0 0
348 11038 485 483 21 0 0 3 0 0 1 0 2 0 0 0 0
349 11036 486 484 21 0 0 3 0 0 1 0 2 0 0 0 0
350 11032 488 486 21 0 0 3 0 0 1 0 2 0 0 0 0
351 11029 490 488 20 0 0 3 0 0 1 0 2 0 0 0 0
352 11029 490 488 20 0 0 3 0 0 1 0 2 0 0 0 0
353 11032 489 487 19 0 0 3 0 0 1 0 2 0 0 0 0
354 11026 492 490 19 0 0 3 0 0 1 0 2 0 0 0 0
355 11023 493 491 20 0 0 3 0 0 1 0 2 0 0 0 0
356 11017 496 494 20 0 0 3 0 0 1 0 2 0 0 0 0
357 11015 497 495 20 0 0 3 0 0 1 0 2 0 0 0 0
358 11015 497 495 20 0 0 3 0 0 1 0 2 0 0 0 0
359 11009 500 498 20 0 0 3 0 0 1 0 2 0 0 0 0
360 11009 500 498 20 0 0 3 0 0 1 0 2 0 0 0 0
361 11003 503 501 20 0 0 3 0 0 1 0 2 0 0 0 0
362 11001 504 502 20 0 0 3 0 0 1 0 2 0 0 0 0
363 10983 513 511 20 0 0 3 0 0 1 0 2 0 0 0 0
364 10983 513 511 20 0 0 3 0 0 1 0 2 0 0 0 0
365 10975 516 514 22 0 0 3 0 0 1 0 2 0 0 0 0
366 10970 518 515 22 0 0 4 0 0 1 0 3 0 0 0 0
367 10970 517 514 24 0 0 4 0 0 1 0 3 0 0 0 0
368 10960 522 519 24 0 0 4 0 0 1 0 3 0 0 0 0
369 10942 531 528 24 0 0 4 0 0 1 0 3 0 0 0 0
370 10934 535 532 24 0 0 4 0 0 1 0 3 0 0 0 0
371 10922 541 538 24 0 0 4 0 0 1 0 3 0 0 0 0
372 10921 541 538 25 0 0 4 0 0 1 0 3 0 0 0 0
373 10911 545 542 27 0 0 4 0 0 1 0 3 0 0 0 0
374 10900 551 548 26 0 0 4 0 0 1 0 3 0 0 0 0
375 10875 563 560 27 0 0 4 0 0 1 0 3 0 0 0 0
376 10859 570 567 29 0 0 4 0 0 1 0 3 0 0 0 0
377 10848 575 571 29 0 0 5 0 0 1 0 4 0 0 0 0
378 10831 583 579 30 0 0 5 0 0 1 0 4 0 0 0 0
379 10822 587 583 31 0 0 5 0 0 1 0 4 0 0 0 0
380 10820 588 584 29 0 0 5 1 0 1 0 5 0 0 0 0
381 10809 593 589 30 0 0 5 1 0 1 0 5 0 0 0 0
382 10803 596 592 30 0 0 5 1 0 1 0 5 0 0 0 0
383 10789 602 598 32 0 0 5 1 0 1 0 5 0 0 0 0
384 10787 603 599 32 0 0 5 1 0 1 0 5 0 0 0 0
385 10765 613 609 34 0 0 5 1 0 1 0 5 0 0 0 0
386 10756 617 613 35 0 0 5 1 0 1 0 5 0 0 0 0
387 10751 621 617 32 0 0 5 1 0 1 0 5 0 0 0 0
388 10738 627 623 33 0 0 5 1 0 1 0 5 0 0 0 0
389 10738 627 623 33 0 0 5 1 0 1 0 5 0 0 0 0
390 10729 631 627 34 0 0 5 1 0 1 0 5 0 0 0 0
391 10715 638 634 34 0 0 5 1 0 1 0 5 0 0 0 0
392 10707 641 637 36 0 0 5 1 0 1 0 5 0 0 0 0
393 10711 639 635 36 0 0 5 1 0 1 0 5 0 0 0 0
394 10697 646 642 36 0 0 5 1 0 1 0 5 0 0 0 0
395 10688 650 646 37 0 0 5 1 0 1 0 5 0 0 0 0
396 10686 651 647 37 0 0 5 1 0 1 0 5 0 0 0 0
397 10677 655 651 38 0 0 5 1 0 1 0 5 0 0 0 0
398 10675 655 651 40 0 0 5 1 0 1 0 5 0 0 0 0
399 10657 664 660 40 0 0 5 1 0 1 0 5 0 0 0 0
400 10659 663 659 40 0 0 5 1 0 1 0 5 0 0 0 0
401 10653 666 662 40 0 0 5 1 0 1 0 5 0 0 0 0
402 10647 669 665 40 0 0 5 1 0 1 0 5 0 0 0 0
403 10639 673 669 40 0 0 5 1 0 1 0 5 0 0 0 0
404 10632 675 669 41 0 0 7 1 0 1 0 7 0 0 0 0
405 10612 685 678 40 0 0 8 1 0 1 0 8 0 0 0 0
406 10601 690 682 40 0 0 9 1 0 1 0 9 0 0 0 0
407 10596 693 685 39 0 0 9 1 0 1 0 9 0 0 0 0
408 10592 695 687 39 0 0 9 1 0 1 0 9 0 0 0 0
409 10579 701 692 39 0 0 10 1 0 1 0 10 0 0 0 0
410 10568 706 697 40 0 0 10 1 0 1 0 10 0 0 0 0
411 10548 715 706 42 0 0 10 1 0 1 0 10 0 0 0 0
412 10544 717 707 41 0 0 11 1 0 1 0 11 0 0 0 0
413 10543 717 707 42 0 0 11 1 0 1 0 11 0 0 0 0
414 10544 717 706 40 0 0 12 1 0 1 0 12 0 0 0 0
415 10526 726 715 40 0 0 12 1 0 1 0 12 0 0 0 0
416 10520 728 717 42 0 0 12 1 0 1 0 12 0 0 0 0
417 10506 734 723 44 0 0 12 1 0 1 0 12 0 0 0 0
418 10494 740 729 44 0 0 12 1 0 1 0 12 0 0 0 0
419 10496 739 728 44 0 0 12 1 0 1 0 12 0 0 0 0
420 10485 744 733 45 0 0 12 1 0 1 0 12 0 0 0 0
421 10470 751 740 46 0 0 12 1 0 1 0 12 0 0 0 0
422 10463 754 743 47 0 0 12 1 0 1 0 12 0 0 0 0
423 10460 757 746 42 0 0 12 2 0 1 0 13 0 0 0 0
424 10454 760 749 42 0 0 12 2 0 1 0 13 0 0 0 0
425 10451 760 749 45 0 0 12 2 0 1 0 13 0 0 0 0
426 10449 761 749 44 0 0 13 2 0 1 0 14 0 0 0 0
427 10440 766 754 43 0 0 13 2 0 1 0 14 0 0 0 0
428 10436 768 755 42 0 0 14 2 0 1 0 15 0 0 0 0
429 10428 771 758 44 0 0 14 2 0 1 0 15 0 0 0 0
430 10427 772 759 43 0 0 14 2 0 1 0 15 0 0 0 0
431 10423 774 761 43 0 0 14 2 0 1 0 15 0 0 0 0
432 10415 778 765 43 0 0 14 2 0 1 0 15 0 0 0 0
433 10415 777 763 44 0 0 15 2 0 1 0 16 0 0 0 0
434 10418 776 762 43 0 0 15 2 0 1 0 16 0 0 0 0
435 10411 779 766 43 0 0 15 2 0 2 0 15 0 0 0 0
436 10412 779 766 42 0 0 15 2 0 2 0 15 0 0 0 0
437 10411 779 766 43 0 0 15 2 0 2 0 15 0 0 0 0
438 10408 781 768 42 0 0 15 2 0 2 0 15 0 0 0 0
439 10405 782 769 43 0 0 15 2 0 2 0 15 0 0 0 0
440 10391 788 775 45 0 0 15 2 0 2 0 15 0 0 0 0
441 10373 797 784 45 0 0 15 2 0 2 0 15 0 0 0 0
442 10375 796 783 45 0 0 15 2 0 2 0 15 0 0 0 0
443 10371 798 785 45 0 0 15 2 0 2 0 15 0 0 0 0
444 10349 809 796 45 0 0 15 2 0 2 0 15 0 0 0 0
445 10345 811 798 45 0 0 15 2 0 2 0 15 0 0 0 0
446 10334 817 804 44 0 0 15 2 0 2 0 15 0 0 0 0
447 10330 819 806 44 0 0 15 2 0 2 0 15 0 0 0 0
448 10324 821 808 46 0 0 15 2 0 2 0 15 0 0 0 0
449 10318 824 810 45 0 0 16 2 0 2 0 16 0 0 0 0
450 10319 824 810 44 0 0 16 2 0 2 0 16 0 0 0 0
451 10314 826 812 45 0 0 16 2 0 2 0 16 0 0 0 0
452 10324 821 807 45 0 0 16 2 0 2 0 16 0 0 0 0
453 10320 823 809 45 0 0 16 2 0 2 0 16 0 0 0 0
454 10315 825 812 45 0 0 16 2 0 3 0 15 0 0 0 0
455 10307 829 816 45 0 0 16 2 0 3 0 15 0 0 0 0
456 10307 830 817 43 0 0 16 2 0 3 0 15 0 0 0 0
457 10302 832 819 44 0 0 16 2 0 3 0 15 0 0 0 0
458 10305 831 818 43 0 0 16 2 0 3 0 15 0 0 0 0
459 10303 831 818 45 0 0 16 2 0 3 0 15 0 0 0 0
460 10299 833 820 45 0 0 16 2 0 3 0 15 0 0 0 0
461 10279 843 830 45 0 0 16 2 0 3 0 15 0 0 0 0
462 10275 843 830 49 0 0 16 2 0 3 0 15 0 0 0 0
463 10268 847 834 48 0 0 16 2 0 3 0 15 0 0 0 0
464 10260 851 838 48 0 0 16 2 0 3 0 15 0 0 0 0
465 10264 848 835 50 0 0 16 2 0 3 0 15 0 0 0 0
466 10272 844 831 50 0 0 16 2 0 3 0 15 0 0 0 0
467 10273 844 830 48 0 0 17 2 0 3 0 16 0 0 0 0
468 10267 847 833 48 0 0 17 2 0 3 0 16 0 0 0 0
469 10265 847 833 50 0 0 17 2 0 3 0 16 0 0 0 0
470 10262 848 835 50 0 0 17 2 0 4 0 15 0 0 0 0
471 10259 849 836 51 0 0 17 2 0 4 0 15 0 0 0 0
472 10258 849 836 52 0 0 17 2 0 4 0 15 0 0 0 0
473 10258 848 835 54 0 0 17 2 0 4 0 15 0 0 0 0
474 10263 846 833 53 0 0 17 2 0 4 0 15 0 0 0 0
475 10267 843 830 55 0 0 17 2 0 4 0 15 0 0 0 0
476 10252 850 837 56 0 0 17 2 0 4 0 15 0 0 0 0
477 10243 855 842 55 0 0 17 2 0 4 0 15 0 0 0 0
478 10236 858 845 56 0 0 17 2 0 4 0 15 0 0 0 0
479 10225 862 849 59 0 0 17 2 0 4 0 15 0 0 0 0
480 10231 859 846 59 0 0 17 2 0 4 0 15 0 0 0 0
481 10229 860 846 58 0 0 18 2 0 4 0 16 0 0 0 0
482 10221 864 850 58 0 0 18 2 0 4 0 16 0 0 0 0
483 10227 861 847 58 0 0 18 2 0 4 0 16 0 0 0 0
484 10224 862 848 59 0 0 18 2 0 4 0 16 0 0 0 0
485 10225 861 847 60 0 0 18 2 0 4 0 16 0 0 0 0
486 10215 865 851 62 0 0 18 2 0 4 0 16 0 0 0 0
487 10215 865 851 62 0 0 18 2 0 4 0 16 0 0 0 0
488 10220 862 849 62 0 0 18 2 0 5 0 15 0 0 0 0
489 10211 866 853 63 0 0 18 2 0 5 0 15 0 0 0 0
490 10203 871 857 60 0 0 19 2 0 5 0 16 0 0 0 0
491 10201 872 858 60 0 0 19 2 0 5 0 16 0 0 0 0
492 10198 873 859 61 0 0 19 2 0 5 0 16 0 0 0 0
493 10204 868 854 65 0 0 19 2 0 5 0 16 0 0 0 0
494 10210 865 851 65 0 0 19 2 0 5 0 16 0 0 0 0
495 10208 865 851 67 0 0 19 2 0 5 0 16 0 0 0 0
496 10214 862 847 66 0 0 20 2 0 5 0 17 0 0 0 0
497 10240 850 835 64 0 0 20 2 0 5 0 17 0 0 0 0
498 10235 852 836 64 0 0 21 2 0 5 0 18 0 0 0 0
499 10241 849 833 64 0 0 21 2 0 5 0 18 0 0 0 0
500 10236 852 835 63 0 0 22 1 0 5 0 18 0 0 0 1
501 10236 852 835 63 0 0 22 1 0 5 0 18 0 0 0 1
502 10226 857 840 63 0 0 22 1 0 5 0 18 0 0 0 1
503 10231 855 838 62 0 0 22 1 0 5 0 18 0 0 0 1
504 10239 853 835 59 0 0 23 0 0 5 0 18 0 0 0 1
505 10239 853 835 59 0 0 23 0 0 5 0 18 0 0 0 1
506 10232 855 837 62 0 0 23 0 0 5 0 18 0 0 0 1
507 10224 859 841 62 0 0 23 0 0 5 0 18 0 0 0 1
508 10227 857 839 63 0 0 23 0 0 5 0 18 0 0 0 1
509 10221 859 841 65 0 0 23 0 0 5 0 18 0 0 0 1
510 10223 857 839 67 0 0 23 0 0 5 0 18 0 0 0 1
511 10220 858 840 68 0 0 23 0 0 5 0 18 0 0 0 1
512 10221 857 839 69 0 0 23 0 0 5 0 18 0 0 0 1
513 10225 854 836 71 0 0 23 0 0 5 0 18 0 0 0 1
514 10225 854 836 71 0 0 23 0 0 5 0 18 0 0 0 1
515 10221 856 837 70 0 0 24 0 0 5 0 19 0 0 0 1
516 10224 854 835 71 0 0 24 0 0 5 0 19 0 0 0 1
517 10222 854 835 73 0 0 24 0 0 5 0 19 0 0 0 1
518 10231 851 832 70 0 0 24 0 0 5 0 19 0 0 0 1
519 10233 850 832 69 0 0 24 0 0 6 0 18 0 0 0 1
520 10233 849 831 71 0 0 24 0 0 6 0 18 0 0 0 1
521 10236 848 830 70 0 0 24 0 0 6 0 18 0 0 0 1
522 10246 843 826 69 0 0 24 0 0 7 0 17 0 0 0 1
523 10245 843 826 70 0 0 24 0 0 7 0 17 0 0 0 1
524 10235 848 831 70 0 0 24 0 0 7 0 17 0 0 0 1
525 10222 852 835 75 0 0 24 0 0 7 0 17 0 0 0 1
526 10230 848 831 75 0 0 24 0 0 7 0 17 0 0 0 1
527 10223 852 835 74 0 0 24 0 0 7 0 17 0 0 0 1
528 10213 858 842 71 0 0 24 0 0 8 0 16 0 0 0 1
529 10211 860 844 69 0 0 24 0 0 8 0 16 0 0 0 1
530 10202 865 848 67 0 0 25 0 0 8 0 17 0 0 0 1
531 10205 864 847 66 0 0 25 0 0 8 0 17 0 0 0 1
532 10202 866 849 65 0 0 25 0 0 8 0 17 0 0 0 1
533 10194 869 851 66 0 0 26 0 0 8 0 18 0 0 0 1
534 10203 865 847 65 0 0 26 0 0 8 0 18 0 0 0 1
535 10212 860 842 66 0 0 26 0 0 8 0 18 0 0 0 1
536 10209 862 844 65 0 0 26 0 0 8 0 18 0 0 0 1
537 10200 866 848 66 0 0 26 0 0 8 0 18 0 0 0 1
538 10187 872 854 67 0 0 26 0 0 8 0 18 0 0 0 1
539 10186 873 855 66 0 0 26 0 0 8 0 18 0 0 0 1
540 10188 872 854 66 1 0 25 0 0 8 1 17 0 0 0 1
541 10185 873 856 66 1 0 25 0 0 9 1 16 0 0 0 1
542 10176 877 860 67 1 0 25 0 0 9 1 16 0 0 0 1
543 10170 880 862 66 1 0 26 0 0 9 1 17 0 0 0 1
544 10163 882 864 69 1 0 26 0 0 9 1 17 0 0 0 1
545 10165 879 862 72 1 0 25 1 0 9 1 17 0 0 0 1
546 10152 885 868 73 1 0 25 1 0 9 1 17 0 0 0 1
547 10140 890 874 74 1 0 24 2 0 9 1 17 0 0 0 1
548 10131 894 879 74 1 0 24 2 0 10 1 16 0 0 0 1
549 10128 896 880 72 1 0 25 2 0 10 1 17 0 0 0 1
550 10130 894 879 73 1 0 25 2 0 11 1 16 0 0 0 1
551 10112 903 888 73 1 0 25 2 0 11 1 16 0 0 0 1
552 10101 908 893 74 1 0 25 2 0 11 1 16 0 0 0 1
553 10103 907 892 74 1 0 25 2 0 11 1 16 0 0 0 1
554 10096 911 896 73 1 0 25 2 0 11 1 16 0 0 0 1
555 10082 918 903 73 1 0 25 2 0 11 1 16 0 0 0 1
556 10091 914 899 72 1 0 25 2 0 11 1 16 0 0 0 1
557 10075 920 904 75 1 0 26 2 0 11 1 17 0 0 0 1
558 10079 916 900 79 1 0 26 2 0 11 1 17 0 0 0 1
559 10066 923 907 78 1 0 26 2 0 11 1 17 0 0 0 1
560 10053 927 911 83 1 0 26 2 0 11 1 17 0 0 0 1
561 10035 935 919 85 1 0 26 2 0 11 1 17 0 0 0 1
562 10032 936 919 85 1 0 27 2 0 11 1 18 0 0 0 1
563 10036 934 917 85 1 0 27 2 0 11 1 18 0 0 0 1
564 10035 934 917 86 1 0 27 2 0 11 1 18 0 0 0 1
565 10042 931 913 86 1 0 28 1 0 11 1 18 0 0 0 1
566 10031 935 917 89 1 0 28 1 0 11 1 18 0 0 0 1
567 10028 937 919 88 1 0 28 1 0 11 1 18 0 0 0 1
568 10023 939 920 88 1 0 29 1 0 11 1 19 0 0 0 1
569 10004 949 930 87 1 0 29 1 0 11 1 19 0 0 0 1
570 10008 947 927 86 1 0 30 1 0 11 1 20 0 0 0 1
571 10009 947 927 85 1 0 30 1 0 11 1 20 0 0 0 1
572 10005 949 928 84 1 0 31 1 0 11 1 21 0 0 0 1
573 9989 957 935 83 1 0 32 1 0 11 1 22 0 0 0 1
574 9982 960 937 83 1 0 33 1 0 11 1 23 0 0 0 1
575 9970 966 943 83 1 0 33 1 0 11 1 23 0 0 0 1
576 9963 969 946 84 1 0 33 1 0 11 1 23 0 0 0 1
577 9957 972 947 82 1 0 35 1 0 11 1 25 0 0 0 1
578 9956 972 947 83 1 0 35 1 0 11 1 25 0 0 0 1
579 9960 970 945 83 1 0 35 1 0 11 1 25 0 0 0 1
580 9946 977 952 83 1 0 35 1 0 11 1 25 0 0 0 1
581 9932 984 958 82 1 0 36 1 0 11 1 26 0 0 0 1
582 9921 990 964 81 1 0 36 1 0 11 1 26 0 0 0 1
583 9916 993 967 80 1 0 36 1 0 11 1 26 0 0 0 1
584 9900 1000 974 82 1 0 36 1 0 11 1 26 0 0 0 1
585 9892 1004 978 82 1 0 36 1 0 11 1 26 0 0 0 1
586 9877 1012 985 80 1 0 37 1 0 11 1 27 0 0 0 1
587 9868 1016 988 80 1 0 38 1 0 11 1 28 0 0 0 1
588 9860 1020 992 80 1 0 38 1 0 11 1 28 0 0 0 1
589 9853 1023 995 81 1 0 38 1 0 11 1 28 0 0 0 1
590 9843 1026 997 84 1 0 39 1 0 11 1 29 0 0 0 1
591 9841 1027 998 84 1 0 39 1 0 11 1 29 0 0 0 1
592 9826 1033 1004 87 1 0 39 1 0 11 1 29 0 0 0 1
593 9827 1032 1002 85 1 0 40 2 0 11 1 31 0 0 0 1
594 9810 1039 1008 89 1 0 41 1 0 11 1 31 0 0 0 1
595 9808 1041 1010 87 1 0 41 1 0 11 1 31 0 0 0 1
596 9807 1043 1012 84 1 0 41 1 0 11 1 31 0 0 0 1
597 9792 1051 1020 83 1 0 41 1 0 11 1 31 0 0 0 1
598 9786 1052 1021 87 1 0 41 1 0 11 1 31 0 0 0 1
599 9769 1059 1029 89 1 0 40 2 0 11 1 31 0 0 0 1
600 9755 1066 1033 86 1 0 43 2 0 11 1 34 0 0 0 1
601 9752 1068 1036 84 1 0 43 2 0 12 1 33 0 0 0 1
602 9739 1072 1039 88 1 0 44 2 0 12 1 34 0 0 0 1
603 9735 1074 1041 88 1 0 44 2 0 12 1 34 0 0 0 1
604 9723 1079 1046 90 1 0 44 2 0 12 1 34 0 0 0 1
605 9722 1079 1045 90 1 0 45 2 0 12 1 35 0 0 0 1
606 9722 1079 1045 90 1 0 45 2 0 12 1 35 0 0 0 1
607 9715 1081 1046 92 1 0 46 2 0 12 1 36 0 0 0 1
608 9703 1086 1051 94 1 0 46 2 0 12 1 36 0 0 0 1
609 9692 1092 1056 92 1 0 47 2 0 12 1 37 0 0 0 1
610 9688 1093 1058 93 1 0 47 2 0 13 1 36 0 0 0 1
611 9674 1100 1065 93 1 0 47 2 0 13 1 36 0 0 0 1
612 9666 1103 1068 95 1 0 47 2 0 13 1 36 0 0 0 1
613 9657 1108 1071 94 1 0 49 1 0 13 1 37 0 0 0 1
614 9654 1109 1072 95 1 0 49 1 0 13 1 37 0 0 0 1
615 9648 1113 1074 91 1 0 51 1 0 13 1 39 0 0 0 1
616 9642 1116 1077 91 1 0 51 1 0 13 1 39 0 0 0 1
617 9644 1115 1076 91 1 0 51 1 0 13 1 39 0 0 0 1
618 9640 1117 1078 91 1 0 51 1 0 13 1 39 0 0 0 1
619 9631 1120 1081 94 1 0 51 1 0 13 1 39 0 0 0 1
620 9635 1119 1078 92 1 0 53 0 0 13 1 40 0 0 0 1
621 9621 1124 1083 96 1 0 53 0 0 13 1 40 0 0 0 1
622 9607 1130 1090 97 1 0 53 0 0 14 1 39 0 0 0 1
623 9610 1128 1089 97 1 0 53 0 0 15 1 38 0 0 0 1
624 9605 1130 1091 98 1 0 53 0 0 15 1 38 0 0 0 1
625 9610 1128 1089 97 1 0 53 0 0 15 1 38 0 0 0 1
626 9610 1127 1088 99 1 0 53 0 0 15 1 38 0 0 0 1
627 9614 1124 1085 101 1 0 53 0 0 15 1 38 0 0 0 1
628 9611 1125 1086 100 1 0 54 0 0 16 1 38 0 0 0 1
629 9602 1129 1090 101 1 0 54 0 0 16 1 38 0 0 0 1
630 9599 1132 1092 97 1 0 55 0 0 16 1 39 0 0 0 1
631 9586 1139 1098 95 1 0 56 0 0 16 1 40 0 0 0 1
632 9602 1133 1092 91 1 0 56 0 0 16 1 40 0 0 0 1
633 9606 1131 1090 91 1 0 56 0 0 16 1 40 0 0 0 1
634 9603 1132 1092 91 1 0 56 0 0 17 1 39 0 0 0 1
635 9608 1129 1089 92 1 0 56 0 0 17 1 39 0 0 0 1
636 9620 1122 1083 93 1 0 56 0 0 18 1 38 0 0 0 1
637 9614 1126 1087 91 1 0 56 0 0 18 1 38 0 0 0 1
638 9615 1125 1087 91 1 0 56 0 0 19 1 37 0 0 0 1
639 9613 1126 1088 91 1 0 56 0 0 19 1 37 0 0 0 1
640 9610 1127 1087 90 1 0 58 0 0 19 1 39 0 0 0 1
641 9614 1125 1085 90 1 0 58 0 0 19 1 39 0 0 0 1
642 9614 1125 1085 90 1 0 58 0 0 19 1 39 0 0 0 1
643 9622 1122 1082 88 1 0 58 0 0 19 1 39 0 0 0 1
644 9621 1121 1080 88 1 0 60 0 0 20 1 40 0 0 0 1
645 9617 1123 1083 87 1 0 60 0 0 21 1 39 0 0 0 1
646 9618 1123 1083 86 1 0 60 0 0 21 1 39 0 0 0 1
647 9619 1124 1085 82 1 0 60 0 0 22 1 38 0 0 0 1
648 9612 1128 1089 81 1 0 60 0 0 22 1 38 0 0 0 1
649 9603 1130 1092 85 1 0 59 1 0 22 1 38 0 0 0 1
650 9604 1128 1090 88 1 0 59 1 0 22 1 38 0 0 0 1
651 9604 1128 1091 87 1 0 59 1 0 23 1 37 0 0 0 1
652 9605 1128 1089 84 1 0 61 1 0 23 1 39 0 0 0 1
653 9599 1131 1092 84 1 0 61 1 0 23 1 39 0 0 0 1
654 9599 1131 1092 84 1 0 61 1 0 23 1 39 0 0 0 1
655 9594 1134 1095 83 1 0 61 1 0 23 1 39 0 0 0 1
656 9588 1136 1097 85 1 0 61 1 0 23 1 39 0 0 0 1
657 9573 1142 1103 88 1 0 61 1 0 23 1 39 0 0 0 1
658 9576 1141 1102 87 1 0 61 1 0 23 1 39 0 0 0 1
659 9573 1141 1101 89 1 0 62 1 0 23 1 40 0 0 0 1
660 9577 1139 1099 89 1 0 62 1 0 23 1 40 0 0 0 1
661 9577 1136 1096 93 1 0 63 1 0 24 1 40 0 0 0 1
662 9578 1135 1095 94 1 0 63 1 0 24 1 40 0 0 0 1
663 9571 1136 1097 98 1 0 63 1 0 25 1 39 0 0 0 1
664 9572 1135 1096 99 1 0 63 1 0 25 1 39 0 0 0 1
665 9588 1129 1089 94 1 0 64 1 0 25 1 40 0 0 0 1
666 9586 1129 1089 96 1 0 64 1 0 25 1 40 0 0 0 1
667 9588 1128 1088 96 1 0 64 1 0 25 1 40 0 0 0 1
668 9577 1132 1092 97 1 0 65 1 0 26 1 40 0 0 0 1
669 9577 1132 1092 97 1 0 65 1 0 26 1 40 0 0 0 1
670 9585 1128 1088 97 1 0 65 1 0 26 1 40 0 0 0 1
671 9559 1140 1100 99 1 0 65 1 0 26 1 40 0 0 0 1
672 9563 1138 1098 99 1 0 65 1 0 26 1 40 0 0 0 1
673 9564 1138 1098 98 1 0 65 1 0 26 1 40 0 0 0 1
674 9562 1137 1097 102 1 0 65 1 0 26 1 40 0 0 0 1
675 9555 1140 1100 103 1 0 65 1 0 26 1 40 0 0 0 1
676 9557 1138 1098 105 1 0 65 1 0 26 1 40 0 0 0 1
677 9558 1135 1095 110 1 0 65 1 0 26 1 40 0 0 0 1
678 9560 1132 1092 114 1 0 65 1 0 26 1 40 0 0 0 1
679 9552 1135 1095 116 1 0 65 1 0 26 1 40 0 0 0 1
680 9550 1135 1095 118 1 0 65 1 0 26 1 40 0 0 0 1
681 9556 1131 1089 118 1 0 67 1 0 26 1 42 0 0 0 1
682 9558 1129 1087 120 1 0 67 1 0 26 1 42 0 0 0 1
683 9562 1128 1086 118 1 0 67 1 0 26 1 42 0 0 0 1
684 9580 1118 1075 119 1 0 68 1 0 26 1 43 0 0 0 1
685 9577 1120 1076 117 1 0 69 1 0 26 1 44 0 0 0 1
686 9569 1124 1080 117 1 0 69 1 0 26 1 44 0 0 0 1
687 9571 1123 1079 117 1 0 69 1 0 26 1 44 0 0 0 1
688 9559 1128 1084 119 1 0 69 1 0 26 1 44 0 0 0 1
689 9564 1124 1081 121 1 0 68 2 0 26 1 44 0 0 0 1
690 9573 1120 1077 120 1 0 68 2 0 26 1 44 0 0 0 1
691 9564 1124 1081 121 1 0 68 2 0 26 1 44 0 0 0 1
692 9552 1131 1088 119 1 0 68 2 0 26 1 44 0 0 0 1
693 9552 1131 1088 119 1 0 68 2 0 26 1 44 0 0 0 1
694 9547 1132 1089 120 1 0 68 3 0 26 1 45 0 0 0 1
695 9545 1133 1091 119 1 0 68 3 0 27 1 44 0 0 0 1
696 9550 1130 1088 120 1 0 68 3 0 27 1 44 0 0 0 1
697 9548 1131 1090 119 1 0 68 3 0 28 1 43 0 0 0 1
698 9545 1130 1092 121 1 0 68 3 0 31 1 40 0 0 0 1
699 9541 1132 1095 120 1 0 68 3 0 32 1 39 0 0 0 1
700 9545 1130 1093 120 1 0 68 3 0 32 1 39 0 0 0 1
701 9539 1133 1096 120 1 0 68 3 0 32 1 39 0 0 0 1
702 9537 1134 1097 120 1 0 68 3 0 32 1 39 0 0 0 1
703 9533 1136 1099 120 1 0 68 3 0 32 1 39 0 0 0 1
704 9531 1137 1100 120 1 0 68 3 0 32 1 39 0 0 0 1
705 9533 1138 1101 116 1 0 68 3 0 32 1 39 0 0 0 1
706 9530 1139 1102 117 1 0 68 3 0 32 1 39 0 0 0 1
707 9534 1137 1100 117 1 0 68 3 0 32 1 39 0 0 0 1
708 9529 1140 1102 115 1 0 69 3 0 32 1 40 0 0 0 1
709 9542 1132 1094 118 1 0 69 3 0 32 1 40 0 0 0 1
710 9549 1127 1090 120 1 0 69 3 0 33 1 39 0 0 0 1
711 9548 1128 1090 118 1 0 70 3 0 33 1 40 0 0 0 1
712 9548 1127 1089 120 1 0 70 3 0 33 1 40 0 0 0 1
713 9537 1132 1094 121 1 0 70 3 0 33 1 40 0 0 0 1
714 9537 1132 1094 121 1 0 70 3 0 33 1 40 0 0 0 1
715 9525 1140 1102 117 1 0 70 3 0 33 1 40 0 0 0 1
716 9519 1144 1106 113 1 0 70 4 0 33 1 41 0 0 0 1
717 9517 1143 1106 116 1 0 70 4 0 34 1 40 0 0 0 1
718 9519 1141 1104 118 1 0 70 4 0 34 1 40 0 0 0 1
719 9526 1138 1101 117 1 0 70 4 0 34 1 40 0 0 0 1
720 9539 1132 1095 114 1 0 71 4 0 35 1 40 0 0 0 1
721 9545 1130 1093 112 1 0 71 4 0 35 1 40 0 0 0 1
722 9548 1130 1093 109 1 0 71 4 0 35 1 40 0 0 0 1
723 9555 1126 1089 110 1 0 71 4 0 35 1 40 0 0 0 1
724 9555 1126 1089 110 1 0 71 4 0 35 1 40 0 0 0 1
725 9558 1124 1087 111 1 0 71 4 0 35 1 40 0 0 0 1
726 9564 1122 1085 109 1 0 71 4 0 35 1 40 0 0 0 1
727 9587 1112 1075 106 1 0 71 4 0 35 1 40 0 0 0 1
728 9578 1115 1080 107 1 0 71 4 0 37 1 38 0 0 0 1
729 9575 1116 1081 106 1 0 71 5 0 37 1 39 0 0 0 1
730 9564 1120 1085 109 1 0 71 5 0 37 1 39 0 0 0 1
731 9576 1112 1076 112 1 0 72 5 0 37 1 40 0 0 0 1
732 9575 1112 1076 113 1 0 72 5 0 37 1 40 0 0 0 1
733 9572 1112 1076 116 1 0 72 5 0 37 1 40 0 0 0 1
734 9576 1111 1075 114 1 0 72 5 0 37 1 40 0 0 0 1
735 9588 1105 1069 114 1 0 73 4 0 38 1 39 0 0 0 1
736 9591 1104 1068 113 1 0 73 4 0 38 1 39 0 0 0 1
737 9592 1104 1068 112 1 0 73 4 0 38 1 39 0 0 0 1
738 9599 1100 1064 113 1 0 73 4 0 38 1 39 0 0 0 1
739 9592 1103 1066 113 1 0 74 4 0 38 1 40 0 0 0 1
740 9593 1101 1063 115 1 0 75 4 0 38 1 41 0 0 0 1
741 9591 1102 1065 114 1 0 75 4 0 39 1 40 0 0 0 1
742 9585 1105 1068 114 1 0 75 4 0 39 1 40 0 0 0 1
743 9593 1100 1064 115 1 0 75 4 0 40 1 39 0 0 0 1
744 9588 1103 1067 114 1 0 75 4 0 40 1 39 0 0 0 1
745 9590 1103 1068 111 1 0 74 5 0 40 1 39 0 0 0 1
746 9588 1103 1070 111 1 0 74 5 0 42 1 37 0 0 0 1
747 9581 1105 1069 110 1 0 78 4 0 43 1 39 0 0 0 2
748 9592 1100 1064 109 1 0 78 4 0 43 1 39 0 0 0 2
749 9578 1106 1071 110 1 0 78 4 0 44 1 38 0 0 0 2
750 9576 1106 1073 110 1 0 78 4 0 46 1 36 0 0 0 2
751 9576 1104 1071 112 1 0 79 4 0 47 1 36 0 0 0 2
752 9572 1105 1070 114 1 0 80 4 0 46 1 38 0 0 0 2
753 9567 1107 1072 113 1 0 81 4 0 47 1 38 0 0 0 2
754 9574 1102 1066 115 1 0 82 4 0 47 1 39 0 0 0 2
755 9577 1100 1064 116 1 0 82 4 0 47 1 39 0 0 0 2
756 9582 1097 1060 116 1 0 83 4 0 47 1 40 0 0 0 2
757 9572 1102 1066 115 1 0 83 4 0 48 1 39 0 0 0 2
758 9572 1102 1067 114 1 0 83 4 0 49 1 38 0 0 0 2
759 9558 1110 1075 110 1 0 84 4 0 50 1 38 0 0 0 2
760 9552 1113 1078 110 1 0 84 4 0 50 1 38 0 0 0 2
761 9534 1121 1087 111 1 0 84 4 0 51 1 37 0 0 0 2
762 9532 1121 1088 112 1 0 84 4 0 52 1 36 0 0 0 2
763 9527 1124 1091 111 1 0 84 4 0 52 1 36 0 0 0 2
764 9530 1122 1089 112 1 0 84 4 0 52 1 36 0 0 0 2
765 9518 1127 1094 114 1 0 84 4 0 52 1 36 0 0 0 2
766 9516 1127 1094 114 1 0 85 4 0 53 1 36 0 0 0 2
767 9504 1133 1100 114 1 0 85 4 0 53 1 36 0 0 0 2
768 9502 1133 1100 116 1 0 85 4 0 53 1 36 0 0 0 2
769 9491 1138 1106 116 1 0 85 4 0 54 1 35 0 0 0 2
770 9479 1142 1110 120 1 0 85 4 0 54 1 35 0 0 0 2
771 9477 1141 1110 123 1 0 84 5 0 54 1 35 0 0 0 2
772 9471 1144 1110 120 1 0 87 5 0 54 1 38 0 0 0 2
773 9471 1144 1110 120 1 0 87 5 0 54 1 38 0 0 0 2
774 9461 1147 1110 122 1 0 90 4 0 54 1 40 0 0 0 3
775 9442 1157 1118 119 1 0 92 4 0 54 1 42 0 0 0 3
776 9430 1163 1124 119 1 0 92 4 0 54 1 42 0 0 0 3
777 9426 1164 1124 118 1 0 93 5 0 54 1 44 0 0 0 3
778 9420 1166 1126 120 1 0 93 5 0 54 1 44 0 0 0 3
779 9401 1174 1134 123 1 0 93 5 0 54 1 44 0 0 0 3
780 9388 1179 1140 125 1 0 92 6 0 54 1 44 0 0 0 3
781 9385 1179 1139 125 1 0 93 7 0 54 1 46 0 0 0 3
782 9381 1180 1139 126 1 0 94 7 0 54 1 47 0 0 0 3
783 9373 1182 1140 127 1 0 95 8 0 54 1 49 0 0 0 3
784 9351 1193 1152 124 1 0 95 9 0 55 1 49 0 0 0 3
785 9335 1200 1160 125 1 0 94 10 0 55 1 49 0 0 0 3
786 9349 1193 1152 124 1 0 95 10 0 55 1 50 0 0 0 3
787 9337 1197 1156 128 1 0 95 10 0 55 1 50 0 0 0 3
788 9334 1198 1156 129 1 0 96 9 0 55 1 50 0 0 0 4
789 9336 1198 1155 126 1 0 97 9 0 55 1 51 0 0 0 4
790 9321 1205 1161 124 1 0 99 9 0 56 1 52 0 0 0 4
791 9330 1200 1153 124 1 0 102 8 0 56 1 54 0 0 0 4
792 9329 1199 1152 124 1 0 102 9 0 56 1 55 0 0 0 5
793 9323 1200 1152 127 1 0 103 9 0 56 1 56 0 0 0 5
794 9315 1204 1155 127 1 0 104 8 0 56 1 56 0 0 0 6
795 9301 1211 1161 126 1 0 105 8 0 56 1 57 0 0 0 6
796 9294 1214 1164 127 1 0 105 8 0 56 1 57 0 0 0 6
797 9285 1219 1169 124 1 0 105 9 0 56 1 58 0 0 0 6
798 9280 1222 1174 121 1 0 105 9 0 58 1 56 0 0 0 6
799 9267 1227 1180 123 1 0 105 9 0 59 1 55 0 0 0 6
800 9262 1231 1183 119 1 0 106 9 0 59 1 56 0 0 0 6
801 9248 1237 1191 119 1 0 106 9 0 61 1 54 0 0 0 6
802 9245 1238 1194 118 1 0 105 10 0 62 1 53 0 0 0 6
803 9239 1240 1195 119 1 0 106 10 0 62 1 54 0 0 0 6
804 9235 1241 1195 120 1 0 107 10 0 62 1 55 0 0 0 6
805 9228 1244 1199 120 1 0 107 10 0 63 1 54 0 0 0 6
806 9230 1245 1198 117 1 0 108 9 0 62 1 55 0 0 0 7
807 9220 1250 1203 117 1 0 108 9 0 62 1 55 0 0 0 7
808 9214 1252 1203 118 1 0 110 8 0 62 1 56 0 0 0 8
809 9207 1254 1205 119 1 0 111 8 0 63 1 56 0 0 0 8
810 9203 1255 1207 120 1 0 111 8 0 64 1 55 0 0 0 8
811 9203 1254 1206 122 1 0 111 8 0 64 1 55 0 0 0 8
812 9197 1256 1208 122 1 0 112 8 0 65 1 55 0 0 0 8
813 9195 1257 1209 122 1 0 112 8 0 65 1 55 0 0 0 8
814 9186 1262 1213 120 1 0 113 8 0 65 1 56 0 0 0 8
815 9174 1268 1218 119 1 0 114 8 0 65 1 57 0 0 0 8
816 9163 1272 1222 122 1 0 114 8 0 65 1 57 0 0 0 8
817 9170 1266 1216 127 1 0 114 8 0 65 1 57 0 0 0 8
818 9163 1269 1218 127 1 0 115 8 0 65 1 58 0 0 0 8
819 9166 1265 1215 131 1 0 115 8 0 66 1 57 0 0 0 8
820 9155 1269 1218 133 1 0 116 8 0 66 1 58 0 0 0 8
821 9148 1271 1221 135 1 0 116 8 0 67 1 57 0 0 0 8
822 9142 1273 1223 135 1 0 117 8 0 68 1 57 0 0 0 8
823 9144 1270 1220 139 1 0 118 7 0 69 1 56 0 0 0 8
824 9129 1276 1226 140 1 0 118 8 0 69 1 57 0 0 0 8
825 9122 1280 1228 137 1 0 119 9 0 68 1 60 0 0 0 8
826 9118 1279 1227 143 1 0 119 9 0 68 1 60 0 0 0 8
827 9120 1276 1225 146 1 0 118 10 0 68 1 60 0 0 0 8
828 9117 1278 1228 144 1 0 118 10 0 69 1 59 0 0 0 8
829 9128 1272 1223 142 1 0 118 11 0 70 1 59 0 0 0 8
830 9124 1272 1223 146 1 0 118 11 0 70 1 59 0 0 0 8
831 9130 1270 1222 143 1 0 118 11 0 71 1 58 0 0 0 8
832 9118 1275 1227 145 1 0 118 11 0 71 1 58 0 0 0 8
833 9110 1280 1233 142 1 0 118 11 0 72 1 57 0 0 0 8
834 9117 1275 1229 144 1 0 118 11 0 73 1 56 0 0 0 8
835 9111 1278 1232 144 1 0 118 11 0 73 1 56 0 0 0 8
836 9112 1276 1230 147 1 0 118 11 0 73 1 56 0 0 0 8
837 9114 1274 1227 148 1 0 119 11 0 73 1 57 0 0 0 8
838 9126 1268 1219 145 1 0 121 11 0 73 1 59 0 0 0 9
839 9124 1269 1221 144 0 1 121 11 0 73 1 59 0 0 0 9
840 9116 1273 1225 144 0 1 121 11 0 73 1 59 0 0 0 9
841 9120 1270 1223 144 0 1 121 11 0 74 1 58 0 0 0 10
842 9118 1270 1225 144 0 1 121 11 1 75 0 57 0 0 0 10
843 9117 1271 1226 143 0 1 121 11 1 75 0 57 0 0 0 10
844 9113 1272 1226 144 0 1 122 11 1 75 0 58 0 0 0 10
845 9106 1273 1228 148 0 1 122 11 1 76 0 57 0 0 0 10
846 9098 1274 1227 154 0 1 123 11 1 75 0 59 0 0 0 10
847 9095 1275 1229 152 0 1 124 11 1 77 0 58 0 0 0 10
848 9103 1271 1226 151 0 1 124 11 1 78 0 57 0 0 0 10
849 9096 1274 1229 152 0 1 124 11 1 78 0 57 0 0 0 10
850 9092 1276 1231 152 0 1 124 11 1 78 0 57 0 0 0 10
851 9080 1283 1241 146 0 1 122 13 1 79 0 56 0 0 0 11
852 9090 1278 1237 145 0 1 122 13 1 80 0 55 0 0 0 11
853 9093 1275 1234 148 0 1 122 13 1 80 0 55 0 0 0 11
854 9082 1279 1239 150 0 1 122 13 1 81 0 54 0 0 0 11
855 9084 1278 1236 148 0 1 124 13 1 81 0 56 0 0 0 11
856 9068 1285 1244 149 0 1 124 13 1 82 0 55 0 0 0 11
857 9072 1283 1241 148 0 1 125 13 1 82 0 56 0 0 0 11
858 9081 1280 1237 144 0 1 126 13 1 82 0 57 0 0 0 11
859 9081 1280 1237 142 0 1 126 14 1 82 0 58 0 0 0 11
860 9091 1275 1230 140 0 1 128 14 1 82 0 60 0 0 0 11
861 9086 1276 1230 141 0 1 130 13 1 83 0 60 0 0 0 12
862 9080 1277 1232 144 0 1 130 13 1 84 0 59 0 0 0 12
863 9083 1274 1229 147 0 1 131 12 1 85 0 58 0 0 0 12
864 9088 1272 1227 146 0 1 131 12 1 85 0 58 0 0 0 12
865 9086 1274 1230 143 0 1 130 13 1 85 0 58 0 0 0 12
866 9092 1272 1228 139 0 1 132 12 1 87 0 57 0 0 0 12
867 9076 1280 1238 137 0 1 132 12 1 89 0 55 0 0 0 12
868 9074 1278 1238 141 0 1 132 12 1 91 0 53 0 0 0 12
869 9058 1284 1242 144 0 1 134 11 1 91 0 54 0 0 0 13
870 9049 1288 1244 141 0 1 137 11 1 92 0 56 0 0 0 13
871 9040 1292 1247 143 0 1 138 10 1 92 0 56 0 0 0 13
872 9034 1296 1250 140 0 1 139 10 1 92 0 57 0 0 0 13
873 9036 1295 1249 140 0 1 139 10 1 92 0 57 0 0 0 13
874 9036 1295 1247 140 1 0 140 10 1 92 0 58 0 0 0 13
875 9030 1297 1249 142 1 1 139 10 1 91 1 58 0 0 0 13
876 9022 1300 1251 143 1 1 140 10 1 91 1 59 0 0 0 13
877 9020 1299 1249 146 1 1 141 10 1 91 1 60 0 0 0 13
878 9029 1294 1245 144 1 1 141 11 1 92 1 60 0 0 0 13
879 9024 1296 1247 145 1 1 141 11 1 92 1 60 0 0 0 13
880 9016 1299 1250 145 1 1 141 12 1 92 1 61 0 0 0 13
881 9012 1300 1251 147 1 1 141 12 1 92 1 61 0 0 0 13
882 9015 1298 1250 147 1 1 141 12 1 93 1 60 0 0 0 13
883 9018 1296 1248 148 1 1 141 12 1 93 1 60 0 0 0 13
884 9014 1299 1251 146 1 1 141 12 1 93 1 60 0 0 0 13
885 9021 1295 1248 142 1 1 140 15 1 93 1 62 0 0 0 13
886 9018 1297 1250 141 1 1 140 15 1 93 1 62 0 0 0 13
887 9016 1299 1251 138 1 1 141 15 1 93 1 63 0 0 0 13
888 9030 1293 1244 137 1 1 141 15 1 92 1 64 0 0 0 13
889 9038 1288 1239 139 1 1 141 15 1 92 1 64 0 0 0 13
890 9040 1287 1239 138 1 1 140 16 1 92 1 64 0 0 0 13
891 9039 1286 1239 140 1 1 140 16 1 93 1 63 0 0 0 13
892 9032 1288 1242 142 1 1 139 17 1 93 1 63 0 0 0 13
893 9015 1294 1247 146 1 1 140 17 1 93 1 64 0 0 0 13
894 9013 1294 1248 147 1 1 139 18 1 93 1 64 0 0 0 13
895 9012 1293 1246 149 1 1 140 18 1 93 1 65 0 0 0 13
896 9013 1290 1243 154 1 1 140 18 1 93 1 65 0 0 0 13
897 9027 1281 1232 157 1 1 142 17 1 93 1 66 0 0 0 14
898 9040 1275 1227 151 1 1 142 19 1 94 1 67 0 0 0 14
899 9041 1274 1228 150 1 1 141 20 2 94 0 67 0 0 0 14
900 9045 1273 1226 149 1 1 142 19 2 94 0 67 0 0 0 14
901 9048 1271 1224 150 1 1 142 19 2 94 0 67 0 0 0 14
902 9032 1280 1233 148 1 1 142 19 2 94 0 67 0 0 0 14
903 9040 1276 1230 147 1 1 142 19 2 95 0 66 0 0 0 14
904 9032 1279 1234 148 1 1 141 20 2 95 0 66 0 0 0 14
905 9030 1281 1236 146 1 1 141 20 2 95 0 66 0 0 0 14
906 9047 1273 1227 146 1 1 142 19 2 95 0 66 0 0 0 14
907 9044 1275 1229 145 1 1 143 18 2 96 0 65 0 0 0 14
908 9046 1273 1226 146 1 1 144 18 2 96 0 66 0 0 0 14
909 9050 1271 1224 146 1 1 144 18 2 96 0 66 0 0 0 14
910 9055 1268 1221 147 1 1 144 18 2 96 0 66 0 0 0 14
911 9056 1267 1216 148 1 1 148 16 2 96 0 68 0 0 0 14
912 9058 1266 1215 148 1 1 148 16 2 96 0 68 0 0 0 14
913 9071 1260 1208 147 1 1 149 15 2 96 0 68 0 0 0 15
914 9077 1259 1206 144 1 1 149 15 2 95 0 69 0 0 0 15
915 9072 1260 1207 147 1 1 149 15 2 95 0 69 0 0 0 15
916 9065 1264 1211 146 1 1 149 15 2 95 0 69 0 0 0 15
917 9064 1263 1210 149 1 1 149 15 2 95 0 69 0 0 0 15
918 9058 1265 1212 151 1 1 149 15 2 95 0 69 0 0 0 15
919 9060 1264 1211 151 1 1 149 15 2 95 0 69 0 0 0 15
920 9067 1260 1207 152 1 1 149 15 2 95 0 69 0 0 0 15
921 9071 1259 1203 148 2 0 151 15 2 95 0 71 0 0 0 16
922 9074 1257 1201 147 2 0 151 16 2 95 0 72 0 0 0 16
923 9084 1254 1198 143 2 0 151 16 2 95 0 72 0 0 0 16
924 9074 1258 1203 144 2 0 151 16 2 96 0 71 0 0 0 16
925 9066 1259 1205 149 2 0 151 16 2 97 0 70 0 0 0 16
926 9068 1258 1204 149 2 0 151 16 2 97 0 70 0 0 0 16
927 9063 1260 1206 150 2 0 151 16 2 97 0 70 0 0 0 16
928 9057 1261 1209 152 2 0 150 17 2 98 0 69 0 0 0 16
929 9056 1262 1210 150 2 0 151 16 2 99 0 68 0 0 0 17
930 9055 1262 1210 149 2 0 152 16 2 100 0 68 0 0 0 17
931 9059 1261 1206 148 2 0 155 14 2 100 0 69 0 0 0 17
932 9043 1270 1212 147 2 0 156 14 2 98 0 72 0 0 0 17
933 9037 1272 1214 149 2 0 156 14 2 98 0 72 0 0 0 17
934 9031 1275 1217 149 2 0 156 14 2 98 0 72 0 0 0 17
935 9034 1273 1215 150 2 0 156 14 2 98 0 72 0 0 0 17
936 9026 1278 1220 148 2 0 156 14 2 98 0 72 0 0 0 17
937 9015 1283 1223 151 2 0 157 13 2 97 0 73 0 0 0 17
938 9003 1289 1228 150 2 0 158 13 2 97 0 74 0 0 0 17
939 9009 1286 1225 150 2 0 158 13 2 97 0 74 0 0 0 17
940 9013 1284 1221 149 2 0 160 12 2 97 0 75 0 0 0 18
941 9004 1288 1225 150 2 0 160 12 2 97 0 75 0 0 0 18
942 9014 1282 1219 152 2 0 160 12 2 97 0 75 0 0 0 18
943 9023 1279 1217 148 2 0 160 12 2 98 0 74 0 0 0 18
944 9016 1282 1220 149 2 0 160 12 2 98 0 74 0 0 0 18
945 9009 1286 1223 147 2 0 161 12 2 98 0 75 0 0 0 18
946 9001 1289 1227 148 2 0 161 12 2 99 0 74 0 0 0 18
947 8997 1291 1229 148 2 0 161 12 2 99 0 74 0 0 0 18
948 8998 1291 1228 146 2 0 162 12 2 99 0 75 0 0 0 18
949 8992 1293 1231 147 2 0 162 12 2 100 0 74 0 0 0 18
950 8988 1293 1231 151 2 0 162 12 2 100 0 74 0 0 0 18
951 8989 1292 1229 153 2 0 162 12 2 99 0 75 0 0 0 18
952 8993 1289 1228 153 2 0 161 13 2 100 0 74 0 0 0 18
953 8995 1289 1228 151 2 0 161 13 2 100 0 74 0 0 0 18
954 8992 1291 1229 151 2 0 162 12 2 100 0 74 0 0 0 18
955 8987 1295 1232 147 2 0 163 12 2 100 0 75 0 0 0 18
956 8986 1296 1232 145 2 0 164 12 2 100 0 76 0 0 0 18
957 8970 1302 1239 148 2 0 164 12 2 101 0 75 0 0 0 18
958 8970 1302 1239 148 2 0 164 12 2 101 0 75 0 0 0 18
959 8972 1298 1237 152 2 0 164 12 2 103 0 73 0 0 0 18
960 8975 1297 1236 151 2 0 164 12 2 103 0 73 0 0 0 18
961 8971 1301 1239 146 2 0 165 12 2 103 0 74 0 0 0 18
962 8966 1304 1242 145 2 0 165 12 2 103 0 74 0 0 0 18
963 8963 1305 1243 144 2 0 165 13 2 103 0 75 0 0 0 18
964 8959 1305 1245 146 2 0 164 14 2 104 0 74 0 0 0 18
965 8952 1306 1247 150 2 0 164 14 2 105 0 73 0 0 0 18
966 8941 1312 1254 148 2 0 163 15 2 105 0 73 0 0 0 18
967 8944 1309 1250 148 2 0 164 16 2 105 0 75 0 0 0 18
968 8926 1315 1257 153 2 0 164 16 2 106 0 74 0 0 0 18
969 8926 1314 1256 153 2 0 165 16 2 107 0 74 0 0 0 18
970 8929 1312 1254 152 2 0 166 16 2 108 0 74 0 0 0 18
971 8929 1312 1255 151 2 0 166 16 2 109 0 73 0 0 0 18
972 8921 1314 1257 155 2 0 166 16 2 109 0 73 0 0 0 18
973 8921 1312 1256 158 2 0 166 16 2 110 0 72 0 0 0 18
974 8923 1311 1254 157 2 0 167 16 2 110 0 73 0 0 0 18
975 8908 1317 1260 158 2 0 167 17 2 110 0 74 0 0 0 18
976 8894 1323 1266 158 2 0 168 17 2 111 0 74 0 0 0 18
977 8888 1325 1265 157 2 0 171 17 2 111 0 77 0 0 0 18
978 8887 1326 1265 153 2 0 173 17 2 112 0 78 0 0 0 18
979 8889 1325 1264 153 2 0 173 17 2 112 0 78 0 0 0 18
980 8899 1319 1257 155 2 0 174 16 2 112 0 78 0 0 0 19
981 8884 1326 1264 156 2 0 174 16 2 112 0 78 0 0 0 19
982 8879 1327 1266 158 2 0 174 16 2 113 0 77 0 0 0 19
983 8873 1329 1268 156 2 0 175 17 2 114 0 78 0 0 0 19
984 8870 1329 1268 157 2 0 175 18 2 114 0 79 0 0 0 19
985 8866 1329 1268 161 2 0 175 18 2 114 0 79 0 0 0 19
986 8856 1334 1273 161 2 0 175 18 2 114 0 79 0 0 0 19
987 8847 1337 1275 163 2 0 176 18 2 114 0 80 0 0 0 19
988 8841 1338 1276 167 2 0 176 18 2 114 0 80 0 0 0 19
989 8838 1340 1278 166 2 0 176 18 2 114 0 80 0 0 0 19
990 8825 1347 1283 167 2 0 177 17 2 113 0 81 0 0 0 19
991 8821 1348 1283 169 2 0 178 16 2 113 0 81 0 0 0 20
992 8812 1351 1287 169 2 0 178 17 2 114 0 81 0 0 0 20
993 8810 1351 1285 169 2 0 180 17 2 114 0 83 0 0 0 20
994 8798 1356 1289 170 2 0 181 17 2 114 0 84 0 0 0 20
995 8785 1363 1296 167 2 0 182 17 2 115 0 84 0 0 0 20
996 8777 1367 1300 167 2 0 182 17 2 115 0 84 0 0 0 20
997 8761 1374 1308 168 2 0 182 17 2 116 0 83 0 0 0 20
998 8756 1377 1312 166 2 0 182 17 2 117 0 82 0 0 0 20
999 8761 1375 1309 164 2 0 183 17 2 117 0 83 0 0 0 20
1000 8753 1378 1311 165 2 0 184 17 2 117 0 84 0 0 0 20
1001 8740 1384 1316 165 2 0 185 17 2 117 0 85 0 0 0 20
1002 8737 1385 1316 166 2 0 186 16 2 117 0 85 0 0 0 21
1003 8727 1390 1322 165 2 0 185 17 2 117 0 85 0 0 0 21
1004 8716 1395 1326 167 2 0 185 17 2 116 0 86 0 0 0 21
1005 8703 1401 1330 168 2 0 186 17 2 115 0 88 0 0 0 21
1006 8698 1401 1330 171 2 0 187 17 2 116 0 88 0 0 0 21
1007 8703 1399 1327 168 2 0 188 17 2 116 0 89 0 0 0 22
1008 8700 1401 1328 168 2 0 188 17 2 115 0 90 0 0 0 22
1009 8698 1404 1330 165 2 0 189 16 2 115 0 90 0 0 0 22
1010 8697 1404 1330 166 1 0 190 16 1 116 0 90 0 0 0 22
1011 8707 1398 1323 167 1 0 191 16 1 116 0 91 0 0 0 22
1012 8702 1399 1325 169 1 0 191 16 1 117 0 90 0 0 0 22
1013 8687 1407 1332 165 1 0 192 17 1 117 0 92 0 0 0 22
1014 8691 1405 1330 164 1 0 192 17 1 117 0 92 0 0 0 23
1015 8700 1401 1326 163 1 0 192 17 1 117 0 92 0 0 0 23
1016 8698 1402 1327 163 1 0 192 17 1 117 0 92 0 0 0 23
1017 8708 1398 1323 161 1 0 192 17 1 117 0 92 0 0 0 23
1018 8705 1398 1323 164 1 0 192 17 1 117 0 92 0 0 0 23
1019 8705 1395 1320 168 1 0 193 17 1 118 0 92 0 0 0 23
1020 8698 1395 1320 173 2 0 193 17 2 118 0 92 0 0 0 23
1021 8696 1397 1319 170 2 0 195 17 2 117 0 95 0 0 0 23
1022 8705 1392 1315 170 2 0 194 18 2 117 0 95 0 0 0 23
1023 8703 1391 1313 173 2 0 195 18 2 117 0 96 0 0 0 23
1024 8712 1385 1307 176 2 0 195 18 2 117 0 96 0 0 0 23
1025 8708 1386 1308 177 2 0 195 18 2 117 0 96 0 0 0 24
1026 8709 1385 1305 178 2 0 197 17 2 117 0 97 0 0 0 24
1027 8717 1380 1299 179 2 0 198 17 2 117 0 98 0 0 0 24
1028 8715 1380 1299 181 2 0 197 18 2 116 0 99 0 0 0 24
1029 8722 1375 1294 182 2 0 198 18 2 117 0 99 0 0 0 24
1030 8722 1373 1292 186 2 0 198 18 2 117 0 99 0 0 0 24
1031 8721 1373 1292 187 2 0 198 18 2 117 0 99 0 0 0 24
1032 8722 1373 1293 185 2 0 198 18 2 118 0 98 0 0 0 24
1033 8709 1379 1298 185 2 0 199 18 2 118 0 99 0 0 0 24
