110
115
121
126
131
136
141
146
151
156
161
166
171
176
181
186
191
196
201
206
211
216
221
226
231
236
241
246
251
256
261
266
271
276
281
286
291
296
301
306
311
316
321
326
331
336
341
346
351
356
363
368
373
378
383
388
393
398
403
448
464
469
474
480
485
490
495
500
505
517
522
527
535
540
581
601
606
611
616
621
626
639
651
656
661
672
683
688
696
701
706
715
731
739
754
761
766
774
779
788
799
804
809
814
819
840
845
851
857
862
871
879
884
894
899
911
916
923
930
949
954
959
964
970
977
982
1000
1005
1010
1030
1035
1043
1048
1054
1059
1068
1085
1093
1102
1107
1118
1123
1151
1156
1161
1170
1175
1230
1235
1246
1251
1256
1283
1303
1308
1313
1318
1335
1431
1436
1441
1534
