0 1979 195 0 0 0 0 0 0 0 0 0 0 0 0 0 0
1 11650 193 193 0 0 0 0 0 0 0 0 0 0 0 0 0
2 11654 191 191 0 0 0 0 0 0 0 0 0 0 0 0 0
3 11652 192 192 0 0 0 0 0 0 0 0 0 0 0 0 0
4 11654 191 191 0 0 0 0 0 0 0 0 0 0 0 0 0
5 11656 190 190 0 0 0 0 0 0 0 0 0 0 0 0 0
6 11662 187 187 0 0 0 0 0 0 0 0 0 0 0 0 0
7 11661 187 187 1 0 0 0 0 0 0 0 0 0 0 0 0
8 11661 187 187 1 0 0 0 0 0 0 0 0 0 0 0 0
9 11661 187 187 1 0 0 0 0 0 0 0 0 0 0 0 0
10 11663 186 186 1 0 0 0 0 0 0 0 0 0 0 0 0
11 11663 186 186 1 0 0 0 0 0 0 0 0 0 0 0 0
12 11663 186 186 1 0 0 0 0 0 0 0 0 0 0 0 0
13 11661 187 187 1 0 0 0 0 0 0 0 0 0 0 0 0
14 11663 186 186 1 0 0 0 0 0 0 0 0 0 0 0 0
15 11663 186 186 1 0 0 0 0 0 0 0 0 0 0 0 0
16 11665 185 185 1 0 0 0 0 0 0 0 0 0 0 0 0
17 11665 185 185 1 0 0 0 0 0 0 0 0 0 0 0 0
18 11667 184 184 1 0 0 0 0 0 0 0 0 0 0 0 0
19 11675 180 180 1 0 0 0 0 0 0 0 0 0 0 0 0
20 11679 178 178 1 0 0 0 0 0 0 0 0 0 0 0 0
21 11675 180 180 1 0 0 0 0 0 0 0 0 0 0 0 0
22 11673 181 181 1 0 0 0 0 0 0 0 0 0 0 0 0
23 11675 180 180 1 0 0 0 0 0 0 0 0 0 0 0 0
24 11672 181 181 2 0 0 0 0 0 0 0 0 0 0 0 0
25 11666 184 184 2 0 0 0 0 0 0 0 0 0 0 0 0
26 11670 182 182 2 0 0 0 0 0 0 0 0 0 0 0 0
27 11666 184 184 2 0 0 0 0 0 0 0 0 0 0 0 0
28 11664 185 185 2 0 0 0 0 0 0 0 0 0 0 0 0
29 11664 185 185 2 0 0 0 0 0 0 0 0 0 0 0 0
30 11664 185 185 2 0 0 0 0 0 0 0 0 0 0 0 0
31 11660 187 187 2 0 0 0 0 0 0 0 0 0 0 0 0
32 11651 191 191 3 0 0 0 0 0 0 0 0 0 0 0 0
33 11647 193 193 3 0 0 0 0 0 0 0 0 0 0 0 0
34 11645 194 194 3 0 0 0 0 0 0 0 0 0 0 0 0
35 11641 196 196 3 0 0 0 0 0 0 0 0 0 0 0 0
36 11635 199 199 3 0 0 0 0 0 0 0 0 0 0 0 0
37 11625 204 204 3 0 0 0 0 0 0 0 0 0 0 0 0
38 11613 209 209 5 0 0 0 0 0 0 0 0 0 0 0 0
39 11611 210 210 5 0 0 0 0 0 0 0 0 0 0 0 0
40 11588 221 221 6 0 0 0 0 0 0 0 0 0 0 0 0
41 11580 225 225 6 0 0 0 0 0 0 0 0 0 0 0 0
42 11563 233 233 7 0 0 0 0 0 0 0 0 0 0 0 0
43 11553 238 238 7 0 0 0 0 0 0 0 0 0 0 0 0
44 11541 244 244 7 0 0 0 0 0 0 0 0 0 0 0 0
45 11534 247 247 8 0 0 0 0 0 0 0 0 0 0 0 0
46 11522 253 253 8 0 0 0 0 0 0 0 0 0 0 0 0
47 11514 256 256 10 0 0 0 0 0 0 0 0 0 0 0 0
48 11504 261 261 10 0 0 0 0 0 0 0 0 0 0 0 0
49 11496 264 264 12 0 0 0 0 0 0 0 0 0 0 0 0
50 11494 265 265 12 0 0 0 0 0 0 0 0 0 0 0 0
51 11485 269 269 13 0 0 0 0 0 0 0 0 0 0 0 0
52 11479 272 272 13 0 0 0 0 0 0 0 0 0 0 0 0
53 11471 276 276 13 0 0 0 0 0 0 0 0 0 0 0 0
54 11456 283 282 13 0 0 1 0 0 0 0 1 0 0 0 0
55 11429 297 296 12 0 0 1 0 0 0 0 1 0 0 0 0
56 11409 307 306 12 0 0 1 0 0 0 0 1 0 0 0 0
57 11387 318 317 12 0 0 1 0 0 0 0 1 0 0 0 0
58 11375 324 323 12 0 0 1 0 0 0 0 1 0 0 0 0
59 11366 328 326 12 0 0 2 0 0 0 0 2 0 0 0 0
60 11348 337 335 12 0 0 2 0 0 0 0 2 0 0 0 0
61 11332 345 343 12 0 0 2 0 0 0 0 2 0 0 0 0
62 11311 355 353 13 0 0 2 0 0 0 0 2 0 0 0 0
63 11291 365 363 13 0 0 2 0 0 0 0 2 0 0 0 0
64 11270 375 373 14 0 0 2 0 0 0 0 2 0 0 0 0
65 11258 381 379 14 0 0 2 0 0 0 0 2 0 0 0 0
66 11240 390 388 14 0 0 2 0 0 0 0 2 0 0 0 0
67 11218 400 398 16 0 0 2 0 0 0 0 2 0 0 0 0
68 11209 404 402 17 0 0 2 0 0 0 0 2 0 0 0 0
69 11194 411 409 18 0 0 2 0 0 0 0 2 0 0 0 0
70 11186 415 413 18 0 0 2 0 0 0 0 2 0 0 0 0
71 11172 421 418 19 0 0 3 0 0 0 0 3 0 0 0 0
72 11162 426 423 19 0 0 3 0 0 0 0 3 0 0 0 0
73 11148 433 430 19 0 0 3 0 0 0 0 3 0 0 0 0
74 11144 435 432 19 0 0 3 0 0 0 0 3 0 0 0 0
75 11133 441 438 18 0 0 3 0 0 0 0 3 0 0 0 0
76 11133 441 438 18 0 0 3 0 0 0 0 3 0 0 0 0
77 11128 443 440 19 0 0 3 0 0 0 0 3 0 0 0 0
78 11127 444 441 18 0 0 3 0 0 0 0 3 0 0 0 0
79 11118 448 445 19 0 0 3 0 0 0 0 3 0 0 0 0
80 11110 452 449 19 0 0 3 0 0 0 0 3 0 0 0 0
81 11098 458 455 19 0 0 3 0 0 0 0 3 0 0 0 0
82 11081 466 463 20 0 0 3 0 0 0 0 3 0 0 0 0
83 11074 469 466 21 0 0 3 0 0 0 0 3 0 0 0 0
84 11063 473 470 24 0 0 3 0 0 0 0 3 0 0 0 0
85 11059 475 472 24 0 0 3 0 0 0 0 3 0 0 0 0
86 11048 480 477 25 0 0 3 0 0 0 0 3 0 0 0 0
87 11032 488 485 25 0 0 3 0 0 0 0 3 0 0 0 0
88 11025 491 488 26 0 0 3 0 0 0 0 3 0 0 0 0
89 11028 489 486 27 0 0 3 0 0 0 0 3 0 0 0 0
90 11028 489 486 27 0 0 3 0 0 0 0 3 0 0 0 0
91 11015 496 493 26 0 0 3 0 0 0 0 3 0 0 0 0
92 11005 501 498 26 0 0 3 0 0 0 0 3 0 0 0 0
93 10998 504 501 27 0 0 3 0 0 0 0 3 0 0 0 0
94 10980 512 509 29 0 0 3 0 0 0 0 3 0 0 0 0
95 10965 519 516 30 0 0 3 0 0 0 0 3 0 0 0 0
96 10951 526 522 29 0 0 4 0 0 0 0 4 0 0 0 0
97 10955 524 520 29 0 0 4 0 0 0 0 4 0 0 0 0
98 10955 523 519 31 0 0 4 0 0 0 0 4 0 0 0 0
99 10952 525 521 30 0 0 4 0 0 0 0 4 0 0 0 0
100 10948 527 523 30 0 0 4 0 0 0 0 4 0 0 0 0
101 10944 529 525 30 0 0 4 0 0 0 0 4 0 0 0 0
102 10939 531 526 30 0 0 5 0 0 0 0 5 0 0 0 0
103 10938 531 526 31 0 0 5 0 0 0 0 5 0 0 0 0
104 10931 535 530 30 0 0 5 0 0 0 0 5 0 0 0 0
105 10926 538 533 29 0 0 5 0 0 0 0 5 0 0 0 0
106 10916 543 538 29 0 0 5 0 0 0 0 5 0 0 0 0
107 10918 542 537 29 0 0 5 0 0 0 0 5 0 0 0 0
108 10908 547 542 29 0 0 5 0 0 0 0 5 0 0 0 0
109 10898 552 547 29 0 0 5 0 0 0 0 5 0 0 0 0
110 10896 553 548 29 0 0 5 0 0 0 0 5 0 0 0 0
111 10891 555 550 30 0 0 5 0 0 0 0 5 0 0 0 0
112 10883 558 553 32 0 0 5 0 0 0 0 5 0 0 0 0
113 10877 561 556 32 0 0 5 0 0 0 0 5 0 0 0 0
114 10875 562 557 32 0 0 5 0 0 0 0 5 0 0 0 0
115 10873 563 558 32 0 0 5 0 0 0 0 5 0 0 0 0
116 10869 565 560 32 0 0 5 0 0 0 0 5 0 0 0 0
117 10872 563 558 33 0 0 5 0 0 0 0 5 0 0 0 0
118 10874 563 558 31 0 0 5 0 0 0 0 5 0 0 0 0
119 10876 562 557 31 0 0 5 0 0 0 0 5 0 0 0 0
120 10872 565 560 29 0 0 5 0 0 0 0 5 0 0 0 0
121 10870 566 561 29 0 0 5 0 0 0 0 5 0 0 0 0
122 10855 573 568 30 0 0 5 0 0 0 0 5 0 0 0 0
123 10851 575 570 30 0 0 5 0 0 0 0 5 0 0 0 0
124 10851 575 570 30 0 0 5 0 0 0 0 5 0 0 0 0
125 10845 578 573 30 0 0 5 0 0 0 0 5 0 0 0 0
126 10842 579 574 31 0 0 5 0 0 0 0 5 0 0 0 0
127 10846 578 573 29 0 0 5 0 0 0 0 5 0 0 0 0
128 10840 581 576 29 0 0 5 0 0 0 0 5 0 0 0 0
129 10834 583 578 31 0 0 5 0 0 0 0 5 0 0 0 0
130 10830 585 580 31 0 0 5 0 0 0 0 5 0 0 0 0
131 10832 584 579 31 0 0 5 0 0 0 0 5 0 0 0 0
132 10824 588 583 31 0 0 5 0 0 0 0 5 0 0 0 0
133 10825 587 582 32 0 0 5 0 0 0 0 5 0 0 0 0
134 10815 592 587 32 0 0 5 0 0 0 0 5 0 0 0 0
135 10802 597 592 35 0 0 5 0 0 0 0 5 0 0 0 0
136 10810 593 588 35 0 0 5 0 0 0 0 5 0 0 0 0
137 10806 595 589 34 0 0 6 0 0 0 0 6 0 0 0 0
138 10805 596 590 33 0 0 6 0 0 0 0 6 0 0 0 0
139 10799 599 593 33 0 0 6 0 0 0 0 6 0 0 0 0
140 10800 599 593 32 0 0 6 0 0 0 0 6 0 0 0 0
141 10790 604 598 32 0 0 6 0 0 0 0 6 0 0 0 0
142 10786 606 600 32 0 0 6 0 0 0 0 6 0 0 0 0
143 10777 610 604 33 0 0 6 0 0 0 0 6 0 0 0 0
144 10784 606 600 34 0 0 6 0 0 0 0 6 0 0 0 0
145 10781 608 602 33 0 0 6 0 0 0 0 6 0 0 0 0
146 10777 610 604 32 0 0 6 0 0 0 0 6 0 0 0 1
147 10777 610 604 32 0 0 6 0 0 0 0 6 0 0 0 1
148 10776 610 604 33 0 0 6 0 0 0 0 6 0 0 0 1
149 10777 610 604 32 0 0 6 0 0 0 0 6 0 0 0 1
150 10780 608 602 33 0 0 6 0 0 0 0 6 0 0 0 1
151 10782 607 601 33 0 0 6 0 0 0 0 6 0 0 0 1
152 10769 613 607 34 0 0 6 0 0 0 0 6 0 0 0 1
153 10759 618 612 34 0 0 6 0 0 0 0 6 0 0 0 1
154 10749 622 616 36 0 0 6 0 0 0 0 6 0 0 0 1
155 10737 628 622 36 0 0 6 0 0 0 0 6 0 0 0 1
156 10729 631 625 38 0 0 6 0 0 0 0 6 0 0 0 1
157 10719 636 630 38 0 0 6 0 0 0 0 6 0 0 0 1
158 10711 640 634 38 0 0 6 0 0 0 0 6 0 0 0 1
159 10715 638 632 38 0 0 6 0 0 0 0 6 0 0 0 1
160 10718 637 631 37 0 0 6 0 0 0 0 6 0 0 0 1
161 10717 637 631 38 0 0 6 0 0 0 0 6 0 0 0 1
162 10725 633 627 38 0 0 6 0 0 0 0 6 0 0 0 1
163 10731 630 624 38 0 0 6 0 0 0 0 6 0 0 0 1
164 10725 633 627 38 0 0 6 0 0 0 0 6 0 0 0 1
165 10726 633 627 37 0 0 6 0 0 0 0 6 0 0 0 1
166 10717 637 632 37 0 0 6 0 0 1 0 5 0 0 0 1
167 10725 633 628 37 0 0 6 0 0 1 0 5 0 0 0 1
168 10732 630 624 35 0 0 7 0 0 1 0 6 0 0 0 1
169 10729 632 626 34 0 0 7 0 0 1 0 6 0 0 0 1
170 10738 627 621 33 0 0 7 1 0 1 0 7 0 0 0 1
171 10743 624 618 34 0 0 7 1 0 1 0 7 0 0 0 1
172 10733 629 624 33 0 0 7 1 0 2 0 6 0 0 0 1
173 10745 623 618 33 0 0 7 1 0 2 0 6 0 0 0 1
174 10747 622 617 33 0 0 7 1 0 2 0 6 0 0 0 1
175 10743 624 619 33 0 0 7 1 0 2 0 6 0 0 0 1
176 10744 623 618 34 0 0 7 1 0 2 0 6 0 0 0 1
177 10741 625 620 33 0 0 7 1 0 2 0 6 0 0 0 1
178 10736 627 622 34 0 0 7 1 0 2 0 6 0 0 0 1
179 10737 627 622 33 0 0 7 1 0 2 0 6 0 0 0 1
180 10734 628 623 34 0 0 7 1 0 2 0 6 0 0 0 1
181 10733 628 624 34 0 0 7 1 0 3 0 5 0 0 0 1
182 10735 628 624 32 0 0 7 1 0 3 0 5 0 0 0 1
183 10732 630 626 31 0 0 7 1 0 3 0 5 0 0 0 1
184 10732 629 625 33 0 0 7 1 0 3 0 5 0 0 0 1
185 10740 625 621 33 0 0 7 1 0 3 0 5 0 0 0 1
186 10734 628 624 33 0 0 7 1 0 3 0 5 0 0 0 1
187 10728 631 627 33 0 0 7 1 0 3 0 5 0 0 0 1
188 10722 634 630 33 0 0 7 1 0 3 0 5 0 0 0 1
189 10726 631 627 35 0 0 7 1 0 3 0 5 0 0 0 1
190 10728 630 626 35 0 0 7 1 0 3 0 5 0 0 0 1
191 10717 635 631 36 0 0 7 1 0 3 0 5 0 0 0 1
192 10716 636 632 35 0 0 7 1 0 3 0 5 0 0 0 1
193 10708 640 636 35 0 0 7 1 0 3 0 5 0 0 0 1
194 10704 642 638 35 0 0 7 1 0 3 0 5 0 0 0 1
195 10708 640 636 35 0 0 7 1 0 3 0 5 0 0 0 1
196 10708 640 636 35 0 0 7 1 0 3 0 5 0 0 0 1
197 10705 642 638 34 0 0 7 1 0 3 0 5 0 0 0 1
198 10705 641 637 36 0 0 7 1 0 3 0 5 0 0 0 1
199 10701 643 638 35 0 0 8 1 0 3 0 6 0 0 0 1
200 10694 645 640 38 0 0 8 1 0 3 0 6 0 0 0 1
201 10691 646 641 39 0 0 8 1 0 3 0 6 0 0 0 1
202 10695 643 638 41 0 0 8 1 0 3 0 6 0 0 0 1
203 10698 641 636 42 0 0 8 1 0 3 0 6 0 0 0 1
204 10700 639 633 41 0 0 10 1 0 4 0 7 0 0 0 1
205 10699 638 631 43 0 0 11 1 0 4 0 8 0 0 0 1
206 10683 646 639 43 0 0 11 1 0 4 0 8 0 0 0 1
207 10680 648 641 42 0 0 11 1 0 4 0 8 0 0 0 1
208 10668 654 647 42 0 0 11 1 0 4 0 8 0 0 0 1
209 10665 655 648 43 0 0 11 1 0 4 0 8 0 0 0 1
210 10659 658 651 43 0 0 11 1 0 4 0 8 0 0 0 1
211 10661 657 649 44 0 0 12 0 0 4 0 8 0 0 0 1
212 10661 657 649 44 0 0 12 0 0 4 0 8 0 0 0 1
213 10658 659 651 43 0 0 12 0 0 4 0 8 0 0 0 1
214 10656 660 652 43 0 0 12 0 0 4 0 8 0 0 0 1
215 10653 662 654 42 0 0 12 0 0 4 0 8 0 0 0 1
216 10655 661 653 42 0 0 12 0 0 4 0 8 0 0 0 1
217 10656 661 653 41 0 0 12 0 0 4 0 8 0 0 0 1
218 10656 660 652 43 0 0 12 0 0 4 0 8 0 0 0 1
219 10654 661 653 43 0 0 12 0 0 4 0 8 0 0 0 1
220 10649 664 656 42 0 0 12 0 0 4 0 8 0 0 0 1
221 10647 666 658 40 0 0 12 0 0 4 0 8 0 0 0 1
222 10658 660 652 41 0 0 12 0 0 4 0 8 0 0 0 1
223 10653 662 654 42 0 0 12 0 0 4 0 8 0 0 0 1
224 10645 665 657 44 0 0 12 0 0 4 0 8 0 0 0 1
225 10643 666 658 44 0 0 12 0 0 4 0 8 0 0 0 1
226 10639 668 660 44 0 0 12 0 0 4 0 8 0 0 0 1
227 10633 671 663 44 0 0 12 0 0 4 0 8 0 0 0 1
228 10640 667 660 44 0 0 12 0 0 5 0 7 0 0 0 1
229 10628 673 665 43 0 0 13 0 0 5 0 8 0 0 0 1
230 10626 675 667 41 0 0 13 0 0 5 0 8 0 0 0 1
231 10626 675 667 41 0 0 13 0 0 5 0 8 0 0 0 1
232 10620 677 669 43 0 0 13 0 0 5 0 8 0 0 0 1
233 10617 679 671 42 0 0 13 0 0 5 0 8 0 0 0 1
234 10623 676 668 42 0 0 13 0 0 5 0 8 0 0 0 1
235 10626 675 667 41 0 0 13 0 0 5 0 8 0 0 0 1
236 10625 676 666 38 0 0 15 0 0 5 0 10 0 0 0 1
237 10618 680 670 37 0 0 15 0 0 5 0 10 0 0 0 1
238 10611 683 672 37 0 0 16 0 0 5 0 11 0 0 0 1
239 10603 686 675 39 0 0 16 0 0 5 0 11 0 0 0 1
240 10606 684 674 39 0 0 16 0 0 6 0 10 0 0 0 1
241 10595 689 679 40 0 0 16 0 0 6 0 10 0 0 0 1
242 10581 696 686 40 0 0 16 0 0 6 0 10 0 0 0 1
243 10579 697 687 40 0 0 16 0 0 6 0 10 0 0 0 1
244 10583 695 685 40 0 0 16 0 0 6 0 10 0 0 0 1
245 10563 705 695 40 0 0 16 0 0 6 0 10 0 0 0 1
246 10552 710 699 40 0 0 17 0 0 6 0 11 0 0 0 1
247 10542 715 704 40 0 0 17 0 0 6 0 11 0 0 0 1
248 10535 718 708 40 0 0 16 1 0 6 0 11 0 0 0 1
249 10527 721 711 42 0 0 16 1 0 6 0 11 0 0 0 1
250 10504 732 722 43 0 0 16 1 0 6 0 11 0 0 0 1
251 10500 734 723 42 0 0 17 1 0 6 0 12 0 0 0 1
252 10482 743 732 42 0 0 17 1 0 6 0 12 0 0 0 1
253 10486 741 730 42 0 0 17 1 0 6 0 12 0 0 0 1
254 10463 751 740 45 0 0 17 1 0 6 0 12 0 0 0 1
255 10447 758 748 46 0 0 16 2 0 6 0 12 0 0 0 1
256 10424 769 759 47 0 0 16 2 0 6 0 12 0 0 0 1
257 10405 777 766 49 0 0 17 2 0 6 0 13 0 0 0 1
258 10386 786 775 50 0 0 17 2 0 6 0 13 0 0 0 1
259 10380 789 778 50 0 0 17 2 0 6 0 13 0 0 0 1
260 10364 797 786 50 0 0 17 2 0 6 0 13 0 0 0 1
261 10358 799 788 52 0 0 17 2 0 6 0 13 0 0 0 1
262 10352 802 791 52 0 0 17 2 0 6 0 13 0 0 0 1
263 10353 800 789 55 0 0 17 2 0 6 0 13 0 0 0 1
264 10344 803 793 57 0 0 17 2 0 7 0 12 0 0 0 1
265 10336 807 797 57 0 0 17 2 0 7 0 12 0 0 0 1
266 10335 809 798 55 0 0 18 1 0 7 0 12 0 0 0 1
267 10323 814 802 56 0 0 19 1 0 7 0 13 0 0 0 1
268 10302 824 812 57 0 0 19 1 0 7 0 13 0 0 0 1
269 10290 829 817 59 0 0 19 1 0 7 0 13 0 0 0 1
270 10282 831 820 62 0 0 19 1 0 8 0 12 0 0 0 1
271 10271 835 824 65 0 0 19 1 0 8 0 12 0 0 0 1
272 10260 840 829 66 0 0 19 1 0 8 0 12 0 0 0 1
273 10244 849 838 64 0 0 19 1 0 8 0 12 0 0 0 1
274 10232 855 844 64 0 0 19 1 0 8 0 12 0 0 0 1
275 10227 857 846 65 0 0 19 1 0 8 0 12 0 0 0 1
276 10220 861 850 64 0 0 19 1 0 8 0 12 0 0 0 1
277 10220 861 850 64 0 0 19 1 0 8 0 12 0 0 0 1
278 10205 869 858 63 0 0 19 1 0 8 0 12 0 0 0 1
279 10193 874 862 64 0 0 20 1 0 8 0 13 0 0 0 1
280 10169 885 873 66 0 0 20 1 0 8 0 13 0 0 0 1
281 10167 886 873 65 0 0 21 1 0 8 0 14 0 0 0 1
282 10147 896 883 65 0 0 21 1 0 8 0 14 0 0 0 1
283 10139 900 887 65 0 0 21 1 0 8 0 14 0 0 0 1
284 10122 908 895 64 0 0 21 2 0 8 0 15 0 0 0 1
285 10112 913 900 64 0 0 21 2 0 8 0 15 0 0 0 1
286 10087 925 912 65 0 0 21 2 0 8 0 15 0 0 0 1
287 10083 926 913 67 0 0 21 2 0 8 0 15 0 0 0 1
288 10072 931 918 68 0 0 21 2 0 8 0 15 0 0 0 1
289 10064 935 922 68 0 0 21 2 0 8 0 15 0 0 0 1
290 10059 937 924 69 0 0 21 2 0 8 0 15 0 0 0 1
291 10053 938 926 72 0 0 20 3 0 8 0 15 0 0 0 1
292 10044 942 930 73 0 0 20 3 0 8 0 15 0 0 0 1
293 10040 943 931 75 0 0 20 3 0 8 0 15 0 0 0 1
294 10043 940 929 77 0 0 20 3 0 9 0 14 0 0 0 1
295 10038 942 931 78 0 0 20 3 0 9 0 14 0 0 0 1
296 10023 948 936 80 0 0 21 3 0 9 0 15 0 0 0 1
297 10016 951 939 81 0 0 21 3 0 9 0 15 0 0 0 1
298 10012 951 939 85 0 0 21 3 0 9 0 15 0 0 0 1
299 10023 945 934 85 0 0 21 3 0 10 0 14 0 0 0 1
300 10015 948 936 86 0 0 22 3 0 10 0 15 0 0 0 1
301 10007 952 940 86 0 0 22 3 0 10 0 15 0 0 0 1
302 10005 952 939 87 0 0 23 3 0 10 0 16 0 0 0 1
303 10001 954 941 87 0 0 23 3 0 10 0 16 0 0 0 1
304 10002 953 940 88 0 0 23 3 0 10 0 16 0 0 0 1
305 10008 950 937 88 0 0 23 3 0 10 0 16 0 0 0 1
306 10012 948 935 88 0 0 23 3 0 10 0 16 0 0 0 1
307 10021 944 930 88 0 0 24 2 0 10 0 16 0 0 0 1
308 10023 943 930 87 0 0 24 2 0 11 0 15 0 0 0 1
309 10026 942 929 86 0 0 24 2 0 11 0 15 0 0 0 1
310 10016 946 932 87 0 0 25 2 0 11 0 16 0 0 0 1
311 10012 949 935 85 0 0 25 2 0 11 0 16 0 0 0 1
312 10009 952 938 82 0 0 25 2 0 11 0 16 0 0 0 1
313 10009 952 938 82 0 0 25 2 0 11 0 16 0 0 0 1
314 10006 955 941 79 0 0 25 2 0 11 0 16 0 0 0 1
315 9994 961 947 79 0 0 25 2 0 11 0 16 0 0 0 1
316 9994 963 949 75 0 0 25 2 0 11 0 16 0 0 0 1
317 9996 961 948 76 0 0 25 2 0 12 0 15 0 0 0 1
318 9998 960 947 76 0 0 25 2 0 12 0 15 0 0 0 1
319 9997 961 948 75 0 0 25 2 0 12 0 15 0 0 0 1
320 9986 966 952 75 0 0 26 2 0 12 0 16 0 0 0 1
321 9994 962 948 75 0 0 26 2 0 12 0 16 0 0 0 1
322 9989 965 950 75 0 0 27 1 0 12 0 16 0 0 0 1
323 9987 967 952 73 0 0 27 1 0 12 0 16 0 0 0 1
324 9995 963 948 73 0 0 27 1 0 12 0 16 0 0 0 1
325 9994 964 949 72 0 0 27 1 0 12 0 16 0 0 0 1
326 9993 965 950 71 0 0 27 1 0 12 0 16 0 0 0 1
327 9990 965 951 73 0 0 27 1 0 13 0 15 0 0 0 1
328 9994 964 949 70 0 0 28 1 0 13 0 16 0 0 0 1
329 9999 960 945 73 0 0 28 1 0 13 0 16 0 0 0 1
330 10000 959 944 74 0 0 28 1 0 13 0 16 0 0 0 1
331 9997 960 945 75 0 0 28 1 0 13 0 16 0 0 0 1
332 9989 965 950 73 0 0 28 1 0 13 0 16 0 0 0 1
333 9987 966 951 71 0 0 28 2 0 13 0 17 0 0 0 1
334 9991 964 949 71 0 0 28 2 0 13 0 17 0 0 0 1
335 9987 966 951 71 0 0 28 2 0 13 0 17 0 0 0 1
336 9991 963 948 73 0 0 28 2 0 13 0 17 0 0 0 1
337 9972 972 956 75 0 0 28 2 0 12 0 18 0 0 0 1
338 9977 969 953 76 0 0 28 2 0 12 0 18 0 0 0 1
339 9972 972 955 76 0 0 28 2 0 11 0 19 0 0 0 1
340 9975 971 953 74 0 0 29 2 0 11 0 20 0 0 0 1
341 9973 973 954 72 0 0 30 1 0 11 0 20 0 0 0 2
342 9971 974 955 72 0 0 30 1 0 11 0 20 0 0 0 2
343 9968 975 956 73 0 0 30 1 0 11 0 20 0 0 0 2
344 9971 974 954 71 0 0 31 1 0 11 0 21 0 0 0 2
345 9967 976 956 71 0 0 31 1 0 11 0 21 0 0 0 2
346 9960 979 959 72 0 0 31 1 0 11 0 21 0 0 0 2
347 9959 979 959 73 0 0 31 1 0 11 0 21 0 0 0 2
348 9965 976 957 72 0 0 31 1 0 12 0 20 0 0 0 2
349 9965 976 957 72 0 0 31 1 0 12 0 20 0 0 0 2
350 9959 980 961 70 0 0 31 1 0 12 0 20 0 0 0 2
351 9970 975 956 67 0 0 31 2 0 12 0 21 0 0 0 2
352 9964 977 958 69 0 0 31 2 0 12 0 21 0 0 0 2
353 9958 979 960 71 0 0 31 2 0 12 0 21 0 0 0 2
354 9967 974 955 72 0 0 31 2 0 12 0 21 0 0 0 2
355 9965 975 957 71 0 0 30 3 0 12 0 21 0 0 0 2
356 9972 972 954 70 0 0 30 3 0 12 0 21 0 0 0 2
357 9972 972 954 70 0 0 30 3 0 12 0 21 0 0 0 2
358 9977 970 952 69 0 0 30 3 0 12 0 21 0 0 0 2
359 9977 971 953 67 0 0 30 3 0 12 0 21 0 0 0 2
360 9977 971 953 67 0 0 30 3 0 12 0 21 0 0 0 2
361 9980 969 952 67 0 0 30 3 0 13 0 20 0 0 0 2
362 9981 969 952 66 0 0 30 3 0 13 0 20 0 0 0 2
363 9967 975 958 68 0 0 30 3 0 13 0 20 0 0 0 2
364 9969 974 957 68 0 0 30 3 0 13 0 20 0 0 0 2
365 9960 979 962 67 0 0 30 3 0 13 0 20 0 0 0 2
366 9960 978 961 69 0 0 30 3 0 13 0 20 0 0 0 2
367 9960 977 961 70 0 0 30 3 0 14 0 19 0 0 0 2
368 9967 973 957 71 0 0 30 3 0 14 0 19 0 0 0 2
369 9971 971 955 69 0 0 31 3 0 15 0 19 0 0 0 2
370 9955 979 963 69 0 0 31 3 0 15 0 19 0 0 0 2
371 9946 983 967 70 0 0 31 3 0 15 0 19 0 0 0 2
372 9949 981 964 70 0 0 32 3 0 15 0 20 0 0 0 2
373 9952 980 963 69 0 0 32 3 0 15 0 20 0 0 0 2
374 9959 976 958 69 0 0 33 3 0 15 0 21 0 0 0 2
375 9962 975 957 68 0 0 33 3 0 15 0 21 0 0 0 2
376 9966 973 955 68 0 0 33 3 0 15 0 21 0 0 0 2
377 9966 972 954 70 0 0 33 3 0 15 0 21 0 0 0 2
378 9959 976 957 70 0 0 34 2 0 15 0 21 0 0 0 2
379 9954 979 960 69 0 0 34 2 0 15 0 21 0 0 0 2
380 9959 977 958 68 0 0 34 2 0 15 0 21 0 0 0 2
381 9962 976 957 67 0 0 34 2 0 15 0 21 0 0 0 2
382 9960 977 958 67 0 0 34 2 0 15 0 21 0 0 0 2
383 9969 973 954 66 0 0 34 2 0 15 0 21 0 0 0 2
384 9970 972 953 67 0 0 34 2 0 15 0 21 0 0 0 2
385 9967 973 954 68 0 0 34 2 0 15 0 21 0 0 0 2
386 9984 965 945 66 0 0 35 2 0 15 0 22 0 0 0 2
387 9982 965 944 67 0 0 36 2 0 15 0 23 0 0 0 2
388 9995 959 938 66 0 0 36 2 0 15 0 23 0 0 0 2
389 9993 958 937 68 0 0 37 2 0 16 0 23 0 0 0 2
390 9994 958 937 67 0 0 37 2 0 16 0 23 0 0 0 2
391 9987 960 939 70 0 0 37 2 0 16 0 23 0 0 0 2
392 10008 950 929 69 0 0 37 2 0 16 0 23 0 0 0 2
393 10002 952 932 70 0 0 37 2 0 17 0 22 0 0 0 2
394 10015 946 926 69 0 0 37 2 0 17 0 22 0 0 0 2
395 10016 945 925 70 0 0 37 2 0 17 0 22 0 0 0 2
396 10017 944 924 71 0 0 37 2 0 17 0 22 0 0 0 2
397 10012 946 926 72 0 0 37 2 0 17 0 22 0 0 0 2
398 10011 946 927 72 0 0 37 2 0 18 0 21 0 0 0 2
399 10010 947 928 71 0 0 37 2 0 18 0 21 0 0 0 2
400 10011 947 927 69 0 0 38 2 0 18 0 22 0 0 0 2
401 10014 946 926 68 0 0 38 2 0 18 0 22 0 0 0 2
402 10013 946 926 69 0 0 38 2 0 18 0 22 0 0 0 2
403 10007 950 930 67 0 0 38 2 0 18 0 22 0 0 0 2
404 10008 949 930 67 0 0 38 2 0 19 0 21 0 0 0 2
405 10019 943 924 68 0 0 38 2 0 19 0 21 0 0 0 2
406 10017 944 925 68 0 0 38 2 0 19 0 21 0 0 0 2
407 10026 940 921 67 0 0 38 2 0 19 0 21 0 0 0 2
408 10022 942 923 67 0 0 38 2 0 19 0 21 0 0 0 2
409 10010 947 928 69 0 0 38 2 0 19 0 21 0 0 0 2
410 10000 951 933 70 0 0 37 3 0 19 0 21 0 0 0 2
411 10006 948 930 70 0 0 37 3 0 19 0 21 0 0 0 2
412 10009 944 927 74 0 0 37 3 0 20 0 20 0 0 0 2
413 10020 941 924 69 0 0 37 3 0 20 0 20 0 0 0 2
414 10023 939 922 70 0 0 37 3 0 20 0 20 0 0 0 2
415 10030 936 919 69 0 0 37 3 0 20 0 20 0 0 0 2
416 10022 940 923 69 0 0 37 3 0 20 0 20 0 0 0 2
417 10028 937 919 68 0 0 38 3 0 20 0 21 0 0 0 2
418 10030 938 920 64 0 0 38 3 0 20 0 21 0 0 0 2
419 10033 936 917 64 0 0 39 3 0 20 0 22 0 0 0 2
420 10033 935 916 66 0 0 39 3 0 20 0 22 0 0 0 2
421 10031 936 917 66 0 0 39 3 0 20 0 22 0 0 0 2
422 10033 935 916 66 0 0 39 3 0 20 0 22 0 0 0 2
423 10032 935 916 67 0 0 39 3 0 20 0 22 0 0 0 2
424 10030 936 916 66 0 0 40 3 0 20 0 23 0 0 0 2
425 10029 936 916 67 0 0 40 3 0 20 0 23 0 0 0 2
426 10027 937 917 67 0 0 40 3 0 20 0 23 0 0 0 2
427 10016 942 923 67 0 0 40 3 0 21 0 22 0 0 0 2
428 10019 940 921 68 0 0 40 3 0 21 0 22 0 0 0 2
429 10011 944 925 68 0 0 40 3 0 21 0 22 0 0 0 2
430 10006 947 929 66 0 0 39 4 0 21 0 22 0 0 0 2
431 10006 946 928 68 0 0 39 4 0 21 0 22 0 0 0 2
432 9998 948 930 72 0 0 39 4 0 21 0 22 0 0 0 2
433 9994 949 931 74 0 0 39 4 0 21 0 22 0 0 0 2
434 9993 949 931 75 0 0 39 4 0 21 0 22 0 0 0 2
435 9987 952 933 74 0 0 40 4 0 21 0 23 0 0 0 2
436 9980 955 936 75 0 0 40 4 0 21 0 23 0 0 0 2
437 9967 960 941 78 0 0 40 4 0 21 0 23 0 0 0 2
438 9956 965 945 78 0 0 41 4 0 21 0 24 0 0 0 2
439 9947 969 948 78 0 0 42 4 0 21 0 25 0 0 0 2
440 9930 977 956 79 0 0 42 4 0 21 0 25 0 0 0 2
441 9923 980 959 80 0 0 42 4 0 21 0 25 0 0 0 2
442 9913 984 962 81 0 0 43 4 0 21 0 26 0 0 0 2
443 9898 991 970 81 0 0 42 5 0 21 0 26 0 0 0 2
444 9889 995 975 81 0 0 42 5 0 22 0 25 0 0 0 2
445 9887 995 974 80 0 0 44 5 0 23 0 26 0 0 0 2
446 9877 1000 979 80 0 0 44 5 0 23 0 26 0 0 0 2
447 9846 1013 993 84 0 0 44 5 0 24 0 25 0 0 0 2
448 9832 1019 999 86 0 0 44 5 0 24 0 25 0 0 0 2
449 9818 1025 1005 86 0 0 44 6 0 24 0 26 0 0 0 2
450 9805 1032 1012 85 0 0 44 6 0 24 0 26 0 0 0 2
451 9794 1036 1015 87 0 0 45 6 0 24 0 27 0 0 0 2
452 9787 1039 1017 87 0 0 46 6 0 24 0 28 0 0 0 2
453 9780 1041 1017 88 0 0 48 6 0 24 0 30 0 0 0 2
454 9772 1044 1017 87 0 0 51 6 0 24 0 33 0 0 0 2
455 9773 1043 1015 85 0 0 53 6 0 25 0 34 0 0 0 2
456 9757 1050 1022 87 0 0 53 6 0 25 0 34 0 0 0 2
457 9749 1054 1025 86 0 0 54 6 0 25 0 35 0 0 0 2
458 9727 1064 1035 88 0 0 54 6 0 25 0 35 0 0 0 2
459 9715 1069 1040 89 0 0 54 6 0 25 0 35 0 0 0 3
460 9701 1075 1044 89 0 0 56 6 0 25 0 37 0 0 0 3
461 9690 1081 1050 88 0 0 56 6 0 25 0 37 0 0 0 3
462 9672 1089 1057 89 0 0 57 6 0 25 0 38 0 0 0 3
463 9670 1087 1052 94 0 0 60 5 0 25 0 40 0 0 0 3
464 9667 1088 1053 95 0 0 60 5 0 25 0 40 0 0 0 3
465 9627 1106 1071 99 0 0 60 5 0 25 0 40 0 0 0 3
466 9613 1112 1077 101 0 0 60 5 0 25 0 40 0 0 0 3
467 9600 1117 1081 103 0 0 61 5 0 25 0 41 0 0 0 3
468 9590 1121 1085 105 0 0 61 5 0 25 0 41 0 0 0 3
469 9573 1129 1093 106 0 0 61 5 0 25 0 41 0 0 0 3
470 9557 1135 1099 110 0 0 61 5 0 25 0 41 0 0 0 3
471 9538 1141 1105 117 0 0 61 5 0 25 0 41 0 0 0 3
472 9531 1144 1107 117 0 0 62 5 0 25 0 42 0 0 0 3
473 9518 1150 1113 116 0 0 62 6 0 25 0 43 0 0 0 3
474 9501 1158 1119 115 0 0 64 6 0 25 0 45 0 0 0 3
475 9484 1167 1128 114 0 0 64 6 0 25 0 45 0 0 0 3
476 9464 1174 1134 119 0 0 65 6 0 25 0 46 0 0 0 3
477 9449 1180 1140 122 0 0 65 6 0 25 0 46 0 0 0 3
478 9447 1181 1142 121 0 0 64 7 0 25 0 46 0 0 0 3
479 9442 1183 1144 122 0 0 64 7 0 25 0 46 0 0 0 3
480 9440 1183 1144 124 0 0 64 7 0 25 0 46 0 0 0 3
481 9430 1187 1148 125 0 0 65 6 0 26 0 45 0 0 0 4
482 9436 1182 1144 128 0 0 65 6 0 27 0 44 0 0 0 4
483 9425 1185 1147 133 0 0 65 6 0 27 0 44 0 0 0 4
484 9430 1183 1145 132 0 0 65 6 0 27 0 44 0 0 0 4
485 9427 1181 1145 137 0 0 65 6 0 29 0 42 0 0 0 4
486 9415 1186 1150 139 0 0 65 6 0 29 0 42 0 0 0 4
487 9398 1194 1158 140 0 0 65 6 0 29 0 42 0 0 0 4
488 9387 1200 1164 139 0 0 65 6 0 29 0 42 0 0 0 4
489 9390 1199 1163 138 0 0 65 6 0 29 0 42 0 0 0 4
490 9378 1205 1169 138 0 0 65 6 0 29 0 42 0 0 0 4
491 9373 1207 1171 138 0 0 66 5 0 30 0 41 0 0 0 5
492 9367 1208 1171 141 0 0 67 5 0 30 0 42 0 0 0 5
493 9357 1212 1175 143 0 0 67 5 0 30 0 42 0 0 0 5
494 9335 1224 1187 141 0 0 67 5 0 30 0 42 0 0 0 5
495 9328 1227 1190 142 0 0 67 5 0 30 0 42 0 0 0 5
496 9312 1233 1197 145 0 0 67 5 0 31 0 41 0 0 0 5
497 9307 1235 1199 144 0 0 68 5 0 32 0 41 0 0 0 5
498 9292 1242 1207 144 0 0 67 6 0 32 0 41 0 0 0 5
499 9286 1246 1211 142 0 0 67 6 0 32 0 41 0 0 0 5
500 9289 1245 1210 141 0 0 67 6 0 32 0 41 0 0 0 5
501 9279 1249 1213 142 0 0 68 6 0 32 0 42 0 0 0 5
502 9286 1245 1207 141 0 0 70 6 0 32 0 44 0 0 0 5
503 9276 1249 1210 142 0 0 71 6 0 32 0 45 0 0 0 5
504 9279 1246 1208 144 0 0 70 7 0 32 0 45 0 0 0 5
505 9285 1245 1207 140 0 0 70 7 0 32 0 45 0 0 0 5
506 9270 1251 1213 142 0 0 71 6 0 33 0 44 0 0 0 6
507 9271 1249 1210 144 1 0 71 6 0 33 1 44 0 0 0 6
508 9263 1252 1211 145 1 0 73 5 0 33 1 45 0 0 0 7
509 9263 1252 1210 146 1 0 74 4 0 33 1 45 0 0 0 7
510 9249 1259 1215 144 1 0 76 4 0 33 1 47 0 0 0 7
511 9248 1259 1215 145 1 0 76 4 0 33 1 47 0 0 0 7
512 9241 1261 1217 148 1 0 76 4 0 33 1 47 0 0 0 7
513 9237 1264 1221 145 1 0 76 4 0 34 1 46 0 0 0 7
514 9228 1267 1224 148 1 0 76 4 0 34 1 46 0 0 0 7
515 9216 1270 1226 153 1 0 77 4 0 34 1 47 0 0 0 7
516 9210 1274 1229 150 1 0 78 4 0 34 1 48 0 0 0 7
517 9202 1277 1233 151 1 0 77 5 0 34 1 48 0 0 0 7
518 9193 1280 1236 154 1 0 77 5 0 34 1 48 0 0 0 7
519 9195 1277 1232 158 1 0 77 5 0 33 1 49 0 0 0 8
520 9196 1278 1233 153 1 0 77 6 0 33 1 50 0 0 0 8
521 9197 1277 1232 154 1 0 77 6 0 33 1 50 0 0 0 8
522 9189 1281 1236 153 1 0 77 6 0 33 1 50 0 0 0 9
523 9188 1281 1236 154 1 0 77 6 0 33 1 50 0 0 0 9
524 9185 1280 1234 156 1 0 79 6 0 34 1 51 0 0 0 9
525 9181 1282 1236 156 1 0 79 6 0 34 1 51 0 0 0 9
526 9187 1279 1233 156 1 0 79 6 0 34 1 51 0 0 0 9
527 9178 1284 1238 155 1 0 79 6 0 34 1 51 0 0 0 9
528 9171 1286 1237 155 1 0 82 6 0 34 1 54 0 0 0 9
529 9170 1289 1240 150 1 0 82 6 0 34 1 54 0 0 0 9
530 9163 1292 1244 150 1 0 82 6 0 35 1 53 0 0 0 9
531 9155 1295 1247 152 1 0 82 6 0 35 1 53 0 0 0 9
532 9163 1291 1241 150 1 0 84 6 0 35 1 55 0 0 0 9
533 9159 1292 1243 151 1 0 84 6 0 36 1 54 0 0 0 9
534 9160 1290 1242 153 1 0 84 6 0 37 1 53 0 0 0 9
535 9171 1285 1235 150 1 0 86 6 0 37 1 55 0 0 0 9
536 9164 1288 1237 152 1 0 87 5 0 37 1 55 0 0 0 9
537 9171 1285 1233 150 1 0 88 5 0 37 1 56 0 0 0 9
538 9181 1280 1228 150 1 0 88 5 0 37 1 56 0 0 0 9
539 9197 1271 1218 151 1 0 89 5 0 37 1 57 0 0 0 9
540 9192 1273 1220 152 1 0 89 5 0 37 1 57 0 0 0 9
541 9193 1273 1221 150 1 0 88 6 0 37 1 57 0 0 0 9
542 9196 1271 1220 150 1 0 88 6 0 38 1 56 0 0 0 9
543 9184 1277 1225 151 1 0 88 6 0 37 1 57 0 0 0 9
544 9182 1277 1225 151 1 0 88 7 0 37 1 58 0 0 0 9
545 9182 1277 1224 152 1 0 89 6 0 37 1 58 0 0 0 9
546 9191 1273 1220 151 1 0 89 6 0 37 1 58 0 0 0 9
547 9202 1269 1216 148 1 0 89 6 0 37 1 58 0 0 0 9
548 9211 1264 1213 147 1 0 88 7 0 38 1 57 0 0 0 9
549 9215 1261 1208 147 1 0 90 7 0 38 1 59 0 0 0 9
550 9212 1262 1209 148 1 0 90 7 0 38 1 59 0 0 0 9
551 9208 1263 1210 148 1 0 91 7 0 39 1 59 0 0 0 9
552 9206 1261 1210 152 1 0 91 7 0 41 1 57 0 0 0 9
553 9210 1258 1207 154 1 0 91 7 0 41 1 57 0 0 0 9
554 9202 1262 1211 154 1 0 91 7 0 41 1 57 0 0 0 9
555 9200 1262 1211 156 1 0 91 7 0 41 1 57 0 0 0 9
556 9198 1263 1212 156 1 0 92 6 0 42 1 56 0 0 0 9
557 9200 1263 1212 154 1 0 92 6 0 42 1 56 0 0 0 9
558 9201 1261 1211 156 1 0 92 6 0 43 1 55 0 0 0 9
559 9201 1261 1211 156 1 0 92 6 0 43 1 55 0 0 0 9
560 9208 1258 1207 155 1 0 93 5 0 43 1 55 0 0 0 10
561 9210 1256 1205 155 1 0 94 5 0 44 1 55 0 0 0 10
562 9203 1258 1208 157 1 0 94 5 0 45 1 54 0 0 0 10
563 9203 1257 1206 158 1 0 95 5 0 45 1 55 0 0 0 10
564 9200 1260 1209 155 1 0 95 5 0 45 1 55 0 0 0 10
565 9202 1259 1207 152 1 0 96 6 0 45 1 57 0 0 0 10
566 9195 1261 1209 155 1 0 96 6 0 45 1 57 0 0 0 10
567 9206 1256 1203 153 1 0 97 6 0 45 1 58 0 0 0 10
568 9202 1258 1205 153 1 0 97 6 0 45 1 58 0 0 0 10
569 9207 1258 1206 147 1 0 97 6 0 46 1 57 0 0 0 10
570 9202 1259 1207 150 1 0 97 6 0 46 1 57 0 0 0 10
571 9192 1264 1212 150 1 0 97 6 0 46 1 57 0 0 0 10
572 9193 1262 1210 153 1 0 97 6 0 46 1 57 0 0 0 10
573 9182 1266 1214 156 1 0 97 6 0 46 1 57 0 0 0 10
574 9185 1266 1214 153 1 0 98 5 0 47 1 56 0 0 0 10
575 9188 1264 1211 155 1 0 98 5 0 46 1 57 0 0 0 10
576 9182 1267 1216 153 1 0 98 5 0 48 1 55 0 0 0 10
577 9187 1265 1214 152 1 0 98 5 0 48 1 55 0 0 0 10
578 9190 1262 1210 154 1 0 99 5 0 48 1 56 0 0 0 10
579 9181 1265 1213 157 1 0 99 5 0 48 1 56 0 0 0 10
580 9178 1266 1214 158 1 0 99 5 0 48 1 56 0 0 0 10
581 9197 1257 1204 156 1 0 100 5 0 48 1 57 0 0 0 10
582 9207 1251 1198 158 1 0 100 5 0 48 1 57 0 0 0 10
583 9209 1251 1199 155 1 0 99 6 0 48 1 57 0 0 0 10
584 9215 1247 1195 157 1 0 99 6 0 48 1 57 0 0 0 10
585 9210 1248 1196 160 1 0 99 6 0 48 1 57 0 0 0 10
586 9209 1247 1195 162 1 0 99 6 0 48 1 57 0 0 0 11
587 9210 1246 1193 162 1 0 100 6 0 48 1 58 0 0 0 11
588 9228 1236 1185 162 1 0 100 6 0 50 1 56 0 0 0 11
589 9214 1243 1191 163 1 0 100 6 0 49 1 57 0 0 0 11
590 9218 1240 1187 164 1 0 101 6 0 49 1 58 0 0 0 11
591 9210 1245 1192 162 1 0 101 6 0 49 1 58 0 0 0 11
592 9203 1250 1197 157 1 0 101 7 0 49 1 59 0 0 0 11
593 9197 1253 1200 155 1 0 101 8 0 49 1 60 0 0 0 11
594 9191 1257 1203 152 0 0 103 8 0 49 0 62 0 0 0 11
595 9187 1259 1204 153 0 0 103 8 0 48 0 63 0 0 0 11
596 9191 1259 1204 149 0 0 103 8 0 48 0 63 0 0 0 11
597 9197 1255 1200 151 0 0 103 8 0 48 0 63 0 0 0 11
598 9199 1255 1200 147 0 0 103 9 0 48 0 64 0 0 0 11
599 9220 1247 1192 142 0 0 103 9 0 48 0 64 0 0 0 11
600 9212 1253 1197 139 0 0 104 8 0 48 0 64 0 0 0 11
601 9215 1252 1196 138 0 0 104 8 0 48 0 64 0 0 0 11
602 9217 1252 1196 136 0 0 104 8 0 48 0 64 0 0 0 11
603 9227 1247 1191 136 0 0 104 8 0 48 0 64 0 0 0 11
604 9230 1244 1187 138 0 0 105 8 0 48 0 65 0 0 0 11
605 9234 1241 1184 140 0 0 105 8 0 48 0 65 0 0 0 11
606 9233 1240 1184 142 0 0 105 8 0 49 0 64 0 0 0 11
607 9235 1239 1183 142 0 0 105 8 0 49 0 64 0 0 0 11
608 9236 1239 1183 140 0 0 105 8 0 49 0 64 0 0 0 12
609 9228 1244 1188 138 0 0 105 8 0 49 0 64 0 0 0 12
610 9242 1237 1181 138 0 0 105 8 0 49 0 64 0 0 0 12
611 9243 1237 1181 137 0 0 105 8 0 49 0 64 0 0 0 12
612 9240 1237 1182 139 0 0 105 8 0 50 0 63 0 0 0 12
613 9250 1231 1178 139 0 0 104 9 0 51 0 62 0 0 0 12
614 9247 1233 1180 138 0 0 104 9 0 51 0 62 0 0 0 12
615 9258 1227 1174 139 0 0 104 9 0 51 0 62 0 0 0 12
616 9266 1220 1167 145 0 0 104 9 0 51 0 62 0 0 0 12
617 9267 1219 1166 144 0 0 105 9 0 52 0 62 0 0 0 12
618 9272 1218 1164 142 0 0 106 8 0 52 0 62 0 0 0 12
619 9278 1215 1162 141 0 0 106 8 0 53 0 61 0 0 0 12
620 9275 1215 1162 144 0 0 106 8 0 53 0 61 0 0 0 12
621 9285 1212 1159 140 0 0 106 8 0 53 0 61 0 0 0 12
622 9288 1211 1157 138 0 0 107 8 0 53 0 62 0 0 0 12
623 9289 1211 1157 137 0 0 107 8 0 53 0 62 0 0 0 12
624 9296 1208 1155 135 0 0 107 8 0 54 0 61 0 0 0 12
625 9292 1210 1158 134 0 0 107 8 0 55 0 60 0 0 0 12
626 9299 1207 1155 133 0 0 107 8 0 55 0 60 0 0 0 12
627 9293 1209 1158 134 0 0 107 8 0 56 0 59 0 0 0 12
628 9283 1213 1162 136 0 0 107 8 0 56 0 59 0 0 0 12
629 9288 1211 1160 135 0 0 107 8 0 56 0 59 0 0 0 12
630 9289 1211 1161 133 0 0 107 8 0 57 0 58 0 0 0 12
631 9289 1212 1163 130 0 0 107 8 0 58 0 57 0 0 0 12
632 9301 1207 1158 128 0 0 107 8 0 58 0 57 0 0 0 12
633 9297 1210 1160 125 0 0 108 8 0 58 0 58 0 0 0 12
634 9291 1212 1162 127 0 0 108 8 0 58 0 58 0 0 0 12
635 9279 1217 1166 128 0 0 109 8 0 58 0 59 0 0 0 12
636 9271 1220 1169 130 0 0 109 8 0 58 0 59 0 0 0 12
637 9269 1220 1169 132 0 0 109 8 0 58 0 59 0 0 0 12
638 9264 1222 1171 133 0 0 109 8 0 58 0 59 0 0 0 12
639 9262 1222 1171 135 0 0 109 8 0 58 0 59 0 0 0 12
640 9253 1227 1176 132 0 0 109 9 0 58 0 60 0 0 0 12
641 9231 1237 1187 133 0 0 109 9 0 59 0 59 0 0 0 12
642 9232 1236 1186 134 0 0 109 9 0 59 0 59 0 0 0 12
643 9224 1236 1187 141 0 0 109 9 0 60 0 58 0 0 0 12
644 9217 1239 1190 140 0 0 110 9 0 61 0 58 0 0 0 12
645 9208 1245 1194 137 0 0 111 9 0 60 0 60 0 0 0 12
646 9208 1245 1192 135 0 0 113 9 0 60 0 62 0 0 0 12
647 9198 1249 1194 137 0 0 114 9 0 59 0 64 0 0 0 12
648 9202 1246 1191 139 0 0 114 9 0 59 0 64 0 0 0 12
649 9184 1253 1197 142 0 0 115 9 0 59 0 65 0 0 0 12
650 9181 1254 1199 142 0 0 114 10 0 59 0 65 0 0 0 12
651 9176 1255 1200 145 0 0 114 10 0 59 0 65 0 0 0 12
652 9161 1262 1209 142 0 0 113 11 0 60 0 64 0 0 0 14
653 9160 1262 1208 142 0 0 114 11 0 60 0 65 0 0 0 14
654 9153 1264 1210 145 0 0 114 11 0 60 0 65 0 0 0 14
655 9143 1267 1214 148 0 0 113 12 0 60 0 65 0 0 0 14
656 9127 1274 1220 149 0 0 114 12 0 60 0 66 0 0 0 14
657 9114 1280 1226 150 0 0 114 12 0 60 0 66 0 0 0 14
658 9106 1282 1229 153 0 0 114 12 0 61 0 65 0 0 0 14
659 9088 1289 1236 155 0 0 114 13 0 61 0 66 0 0 0 14
660 9069 1297 1243 157 0 0 115 13 0 61 0 67 0 0 0 14
661 9051 1305 1251 159 0 0 115 13 0 61 0 67 0 0 0 14
662 9042 1308 1256 160 0 0 114 14 0 62 0 66 0 0 0 14
663 9041 1307 1255 161 0 0 115 14 0 63 0 66 0 0 0 14
664 9017 1318 1266 161 0 0 116 14 0 64 0 66 0 0 0 14
665 9009 1320 1268 165 0 0 116 14 0 64 0 66 0 0 0 14
666 8994 1326 1274 168 0 0 116 14 0 64 0 66 0 0 0 14
667 8971 1335 1284 170 0 0 117 14 0 66 0 65 0 0 0 14
668 8965 1337 1286 172 0 0 117 14 0 66 0 65 0 0 0 14
669 8931 1353 1301 173 0 0 118 14 0 66 0 66 0 0 0 14
670 8910 1362 1310 176 0 0 117 15 0 65 0 67 0 0 0 14
671 8901 1363 1311 183 0 0 117 15 0 65 0 67 0 0 0 14
672 8878 1374 1321 183 0 0 118 15 0 65 0 68 0 0 0 14
673 8864 1380 1325 183 0 0 120 15 0 65 0 70 0 0 0 14
674 8847 1387 1330 184 0 0 122 15 0 65 0 72 0 0 0 14
675 8836 1391 1335 186 0 0 122 15 0 66 0 71 0 0 0 14
676 8823 1397 1341 187 0 0 122 15 0 66 0 71 0 0 0 14
677 8792 1412 1353 186 0 0 125 14 0 66 0 73 0 0 0 15
678 8781 1417 1358 185 0 0 126 14 0 67 0 73 0 0 0 15
679 8767 1423 1361 186 0 0 129 13 0 67 0 75 0 0 0 15
680 8754 1430 1367 184 0 0 130 13 0 67 0 76 0 0 0 15
681 8748 1433 1369 185 0 0 130 13 0 66 0 77 0 0 0 15
682 8748 1433 1368 184 0 0 131 13 0 66 0 78 0 0 0 15
683 8737 1437 1372 187 0 0 131 13 0 66 0 78 0 0 0 15
684 8749 1427 1363 192 0 0 132 13 0 68 0 77 0 0 0 15
685 8728 1439 1372 186 0 0 135 13 0 68 0 80 0 0 0 15
686 8720 1443 1376 186 0 0 135 13 0 68 0 80 0 0 0 15
687 8706 1448 1382 186 0 0 135 14 0 69 0 80 0 0 0 16
688 8692 1454 1386 184 0 0 137 15 0 69 0 83 0 0 0 16
689 8680 1459 1391 186 0 0 137 15 0 69 0 83 0 0 0 16
690 8680 1459 1391 186 0 0 138 14 0 70 0 82 0 0 0 16
691 8664 1464 1396 190 0 0 138 15 0 70 0 83 0 0 0 16
692 8630 1478 1409 193 0 0 139 16 0 70 0 85 0 0 0 16
693 8624 1481 1412 191 0 0 138 18 0 69 0 87 0 0 0 16
694 8623 1480 1411 192 0 0 139 18 0 70 0 87 0 0 0 16
695 8621 1481 1413 191 0 0 138 19 0 70 0 87 0 0 0 16
696 8634 1474 1405 191 0 0 139 19 0 70 0 88 0 0 0 16
697 8636 1473 1405 190 0 0 139 19 0 71 0 87 0 0 0 16
698 8640 1472 1404 188 0 0 139 19 0 71 0 87 0 0 0 16
699 8643 1470 1401 188 0 0 140 19 0 71 0 88 0 0 0 16
700 8642 1472 1400 184 0 0 143 18 0 71 0 90 0 0 0 16
701 8647 1469 1397 185 0 0 143 18 0 71 0 90 0 0 0 16
702 8630 1475 1404 189 0 0 142 19 0 71 0 90 0 0 0 16
703 8629 1476 1405 188 0 0 142 19 0 71 0 90 0 0 0 16
704 8621 1479 1407 190 0 0 143 18 0 71 0 90 0 0 0 17
705 8614 1482 1410 191 0 0 143 18 0 71 0 90 0 0 0 17
706 8600 1488 1416 193 0 0 143 18 0 71 0 90 0 0 0 17
707 8603 1485 1412 197 0 0 144 17 0 71 0 90 0 0 0 17
708 8605 1484 1412 196 0 0 144 17 0 72 0 89 0 0 0 17
709 8606 1484 1411 190 0 0 145 19 0 72 0 92 0 0 0 17
710 8606 1482 1410 193 0 0 145 19 0 73 0 91 0 0 0 17
711 8591 1489 1417 193 0 0 145 19 0 73 0 91 0 0 0 18
712 8601 1484 1412 193 0 0 145 19 0 73 0 91 0 0 0 18
713 8599 1487 1415 189 0 0 145 19 0 73 0 91 0 0 0 18
714 8590 1490 1417 191 0 0 146 19 0 73 0 92 0 0 0 18
715 8600 1486 1413 189 0 0 146 19 0 73 0 92 0 0 0 18
716 8590 1489 1417 192 0 0 146 19 0 74 0 91 0 0 0 18
717 8597 1485 1414 192 0 0 145 20 0 74 0 91 0 0 0 18
718 8593 1486 1414 193 0 0 146 20 0 74 0 92 0 0 0 18
719 8596 1484 1413 193 0 0 146 20 0 75 0 91 0 0 0 18
720 8591 1485 1416 194 0 0 145 21 0 76 0 90 0 0 0 18
721 8581 1489 1420 196 0 0 145 21 0 76 0 90 0 0 0 18
722 8580 1491 1422 193 0 0 145 21 0 76 0 90 0 0 0 18
723 8576 1492 1425 193 0 0 144 22 0 77 0 89 0 0 0 18
724 8566 1495 1429 196 0 0 143 23 0 77 0 89 0 0 0 18
725 8561 1496 1432 195 0 0 143 24 0 79 0 88 0 0 0 18
726 8548 1502 1437 197 0 0 143 24 0 78 0 89 0 0 0 18
727 8537 1507 1440 198 0 0 144 24 0 77 0 91 0 0 0 18
728 8538 1505 1437 200 0 0 145 24 0 77 0 92 0 0 0 18
729 8520 1513 1442 199 0 0 147 25 0 76 0 96 0 0 0 18
730 8530 1510 1439 195 0 0 147 25 0 76 0 96 0 0 0 18
731 8528 1510 1439 197 0 0 147 25 0 76 0 96 0 0 0 18
732 8524 1511 1440 197 0 0 147 26 0 76 0 97 0 0 0 18
733 8505 1519 1448 200 0 0 147 26 0 76 0 97 0 0 0 18
734 8502 1519 1449 202 0 0 147 26 0 77 0 96 0 0 0 18
735 8498 1520 1450 202 0 0 148 26 0 78 0 96 0 0 0 18
736 8500 1520 1450 200 0 0 148 26 0 78 0 96 0 0 0 18
737 8496 1523 1451 198 0 0 150 25 0 78 0 97 0 0 0 18
738 8494 1524 1452 198 0 0 150 25 0 78 0 97 0 0 0 18
739 8490 1526 1454 196 0 0 151 25 0 79 0 97 0 0 0 18
740 8488 1526 1454 198 0 0 151 25 0 79 0 97 0 0 0 18
741 8487 1525 1453 201 0 0 151 25 0 79 0 97 0 0 0 18
742 8507 1512 1441 206 0 0 151 25 0 80 0 96 0 0 0 18
743 8520 1505 1433 205 0 0 152 25 0 80 0 97 0 0 0 19
744 8528 1501 1429 205 0 0 152 25 0 80 0 97 0 0 0 19
745 8538 1496 1423 205 0 0 153 23 0 80 0 96 0 0 0 22
746 8545 1494 1421 202 0 0 154 22 0 81 0 95 0 0 0 22
747 8542 1495 1421 202 0 0 155 22 0 81 0 96 0 0 0 22
748 8539 1496 1422 203 0 0 155 22 0 81 0 96 0 0 0 22
749 8544 1495 1420 201 0 0 156 21 0 81 0 96 0 0 0 22
750 8547 1496 1420 197 0 0 156 21 0 80 0 97 0 0 0 22
751 8545 1499 1424 192 0 0 156 21 0 81 0 96 0 0 0 22
752 8535 1501 1426 198 0 0 156 21 0 81 0 96 0 0 0 22
753 8531 1502 1429 198 0 0 156 21 0 83 0 94 0 0 0 22
754 8522 1507 1435 196 0 0 156 21 0 84 0 93 0 0 0 22
755 8528 1502 1431 199 0 0 156 21 0 85 0 92 0 0 0 22
756 8537 1497 1426 198 0 0 156 22 0 85 0 93 0 0 0 22
757 8544 1493 1422 199 0 0 156 22 0 85 0 93 0 0 0 22
758 8551 1489 1419 198 0 0 156 22 0 86 0 92 0 0 0 23
759 8552 1488 1419 196 0 0 156 23 0 87 0 92 0 0 0 23
760 8548 1489 1422 194 0 0 157 23 0 90 0 90 0 0 0 23
761 8538 1492 1427 196 0 0 157 23 0 92 0 88 0 0 0 23
762 8552 1486 1420 195 0 0 158 22 0 92 0 88 0 0 0 23
763 8552 1485 1419 197 0 0 158 21 0 92 0 87 0 0 0 25
764 8557 1481 1415 198 0 0 159 21 0 93 0 87 0 0 0 25
765 8576 1473 1408 194 0 0 159 21 0 94 0 86 0 0 0 25
766 8569 1476 1411 195 0 0 159 21 0 94 0 86 0 0 0 25
767 8563 1476 1412 198 0 0 160 21 0 96 0 85 0 0 0 25
768 8569 1473 1407 198 0 0 162 20 0 96 0 86 0 0 0 25
769 8571 1470 1405 201 0 0 162 20 0 97 0 85 0 0 0 25
770 8570 1469 1404 204 0 0 162 20 0 97 0 85 0 0 0 25
771 8573 1465 1400 209 0 0 162 20 0 97 0 85 0 0 0 25
772 8573 1464 1399 211 0 0 162 20 0 97 0 85 0 0 0 25
773 8575 1463 1398 211 0 0 162 20 0 97 0 85 0 0 0 25
774 8577 1463 1398 209 0 0 162 20 0 97 0 85 0 0 0 25
775 8574 1463 1398 212 0 0 162 20 0 97 0 85 0 0 0 25
776 8571 1463 1398 215 0 0 162 20 0 97 0 85 0 0 0 25
777 8571 1463 1396 217 0 0 162 20 0 95 0 87 0 0 0 25
778 8574 1460 1393 220 0 0 162 20 0 95 0 87 0 0 0 25
779 8576 1455 1391 225 0 0 160 22 0 96 0 86 0 0 0 25
780 8581 1454 1390 222 0 0 160 22 0 96 0 86 0 0 0 25
781 8580 1453 1390 223 0 0 159 23 0 96 0 86 0 0 0 26
782 8584 1454 1391 217 0 0 159 23 0 96 0 86 0 0 0 26
783 8584 1453 1391 218 0 0 159 23 0 97 0 85 0 0 0 26
784 8582 1453 1392 219 0 0 159 23 0 98 0 84 0 0 0 26
785 8578 1455 1394 219 0 0 159 23 0 98 0 84 0 0 0 26
786 8573 1455 1393 225 0 0 159 23 0 97 0 85 0 0 0 26
787 8576 1454 1393 223 0 0 158 24 0 97 0 85 0 0 0 26
788 8583 1450 1388 223 0 0 159 24 0 97 0 86 0 0 0 26
789 8586 1449 1386 221 0 0 160 24 0 97 0 87 0 0 0 26
790 8595 1445 1384 218 0 0 160 24 0 99 0 85 0 0 0 26
791 8609 1437 1376 220 0 0 160 24 0 99 0 85 0 0 0 26
792 8612 1438 1376 214 0 0 161 24 0 99 0 86 0 0 0 26
793 8620 1436 1373 210 0 0 162 23 0 99 0 86 0 0 0 27
794 8618 1437 1374 210 0 0 162 23 0 99 0 86 0 0 0 27
795 8627 1433 1370 209 0 0 162 23 0 99 0 86 0 0 0 27
796 8625 1434 1371 209 0 0 162 23 0 99 0 86 0 0 0 27
797 8626 1435 1373 205 0 0 162 23 0 100 0 85 0 0 0 27
798 8631 1432 1368 206 0 0 164 22 0 100 0 86 0 0 0 27
799 8636 1429 1365 207 0 0 164 22 0 100 0 86 0 0 0 27
800 8636 1429 1366 206 0 0 164 22 0 101 0 85 0 0 0 27
801 8639 1430 1367 201 0 0 163 23 0 100 0 86 0 0 0 27
802 8626 1434 1371 206 0 0 163 23 0 100 0 86 0 0 0 27
803 8630 1431 1370 206 0 0 163 23 0 102 0 84 0 0 0 27
804 8633 1431 1370 203 0 0 163 23 0 102 0 84 0 0 0 27
805 8634 1431 1371 201 0 0 163 23 0 103 0 83 0 0 0 27
806 8637 1429 1368 201 0 0 163 24 0 102 0 85 0 0 0 27
807 8641 1426 1367 201 0 0 163 24 0 104 0 83 0 0 0 27
808 8643 1425 1367 200 0 0 164 23 0 106 0 81 0 0 0 27
809 8648 1421 1363 203 0 0 164 23 0 106 0 81 0 0 0 27
810 8654 1417 1359 205 0 0 164 23 0 106 0 81 0 0 0 27
811 8656 1416 1358 205 0 0 164 23 0 106 0 81 0 0 0 27
812 8660 1414 1356 205 0 0 164 23 0 106 0 81 0 0 0 27
813 8651 1419 1360 203 0 0 165 23 0 106 0 82 0 0 0 27
814 8639 1424 1365 205 0 0 165 23 0 106 0 82 0 0 0 27
815 8647 1421 1363 202 0 0 165 23 0 107 0 81 0 0 0 27
816 8658 1416 1356 201 0 0 167 22 0 107 0 82 0 0 0 27
817 8671 1409 1350 201 0 0 167 22 0 108 0 81 0 0 0 27
818 8673 1407 1349 202 0 0 167 22 0 109 0 80 0 0 0 27
819 8671 1408 1353 197 0 0 166 24 0 111 0 79 0 0 0 27
820 8672 1407 1352 198 0 0 166 24 0 111 0 79 0 0 0 27
821 8674 1406 1352 197 0 0 166 24 0 112 0 78 0 0 0 27
822 8666 1409 1356 198 0 0 166 24 0 113 0 77 0 0 0 27
823 8678 1404 1349 194 0 0 168 24 0 113 0 79 0 0 0 27
824 8675 1405 1349 194 0 0 169 24 0 113 0 80 0 0 0 27
825 8671 1407 1350 195 0 0 170 23 0 113 0 80 0 0 0 27
826 8677 1404 1347 195 0 0 169 24 0 112 0 81 0 0 0 27
827 8674 1404 1348 197 0 0 169 24 0 113 0 80 0 0 0 27
828 8677 1400 1346 198 0 0 169 25 0 115 0 79 0 0 0 27
829 8674 1401 1346 197 0 0 170 25 0 115 0 80 0 0 0 28
830 8662 1407 1351 196 0 0 171 25 0 115 0 81 0 0 0 28
831 8659 1407 1353 197 0 0 170 26 0 116 0 80 0 0 0 28
832 8669 1399 1347 201 0 0 170 26 0 118 0 78 0 0 0 28
833 8672 1399 1346 199 0 0 170 26 0 117 0 79 0 0 0 28
834 8665 1403 1350 196 0 0 170 27 0 117 0 80 0 0 0 28
835 8665 1402 1350 195 0 0 170 28 0 118 0 80 0 0 0 28
836 8682 1394 1341 193 0 0 171 28 0 118 0 81 0 0 0 28
837 8673 1400 1346 189 0 0 172 28 0 118 0 82 0 0 0 28
838 8675 1398 1344 185 0 0 173 30 0 119 0 84 0 0 0 28
839 8673 1398 1343 187 0 0 174 29 0 119 0 84 0 0 0 29
840 8680 1392 1338 189 0 0 175 29 0 121 0 83 0 0 0 29
841 8673 1395 1341 190 0 0 175 29 0 121 0 83 0 0 0 29
842 8671 1395 1340 193 0 0 175 29 0 120 0 84 0 0 0 29
843 8663 1398 1343 195 0 0 175 29 0 120 0 84 0 0 0 29
844 8651 1403 1348 197 0 0 175 29 0 120 0 84 0 0 0 29
845 8646 1403 1347 199 0 0 176 30 0 120 0 86 0 0 0 29
846 8647 1404 1347 195 0 0 177 30 0 120 0 87 0 0 0 29
847 8640 1408 1348 193 0 0 180 29 0 120 0 89 0 0 0 29
848 8633 1411 1351 193 0 0 180 29 0 120 0 89 0 0 0 30
849 8623 1416 1355 194 0 0 180 29 0 119 0 90 0 0 0 30
850 8617 1419 1358 194 0 0 180 29 0 119 0 90 0 0 0 30
851 8609 1423 1362 194 0 0 180 29 0 119 0 90 0 0 0 30
852 8591 1430 1370 197 0 0 179 30 0 119 0 90 0 0 0 30
853 8586 1432 1371 199 0 0 179 30 0 118 0 91 0 0 0 30
854 8573 1436 1377 202 0 0 178 31 0 119 0 90 0 0 0 30
855 8573 1434 1374 205 0 0 179 31 0 119 0 91 0 0 0 30
856 8568 1439 1379 200 0 0 179 31 0 119 0 91 0 0 0 30
857 8552 1446 1385 199 0 0 181 31 0 120 0 92 0 0 0 30
858 8547 1448 1387 198 0 0 182 31 0 121 0 92 0 0 0 30
859 8538 1452 1391 199 0 0 182 30 0 121 0 91 0 0 0 32
860 8532 1452 1392 204 0 0 182 29 0 122 0 89 0 0 0 34
861 8505 1463 1400 206 0 0 186 27 0 123 0 90 0 0 0 36
862 8498 1466 1402 208 0 0 187 26 0 123 0 90 0 0 0 36
863 8489 1469 1406 208 0 0 187 27 0 124 0 90 0 0 0 36
864 8488 1467 1403 210 0 0 189 27 0 125 0 91 0 0 0 36
865 8482 1470 1405 209 0 0 190 27 0 125 0 92 0 0 0 36
866 8469 1472 1408 217 0 0 190 27 0 126 0 91 0 0 0 36
867 8459 1475 1410 218 0 0 191 28 0 126 0 93 0 0 0 36
868 8445 1480 1415 218 0 0 192 29 0 127 0 94 0 0 0 36
869 8434 1485 1418 221 0 0 193 28 0 126 0 95 0 0 0 36
870 8417 1493 1426 222 0 0 193 28 0 126 0 95 0 0 0 36
871 8402 1501 1436 219 0 0 192 29 0 127 0 94 0 0 0 36
872 8381 1510 1444 221 0 0 193 29 0 127 0 95 0 0 0 36
873 8379 1511 1444 220 0 0 194 29 0 127 0 96 0 0 0 36
874 8374 1511 1442 218 0 0 198 29 0 129 0 98 0 0 0 37
875 8359 1516 1447 221 0 0 198 30 0 129 0 99 0 0 0 37
876 8354 1518 1448 219 0 0 200 30 0 130 0 100 0 0 0 37
877 8336 1526 1455 222 0 0 201 29 0 130 0 100 0 0 0 37
878 8330 1526 1458 221 0 0 202 30 0 134 0 98 0 0 0 37
879 8325 1528 1461 219 0 0 202 31 0 135 0 98 0 0 0 37
880 8321 1530 1460 218 0 0 205 30 0 135 0 100 0 0 0 37
881 8323 1530 1460 214 0 0 206 30 0 136 0 100 0 0 0 37
882 8299 1539 1471 216 0 0 206 31 0 138 0 99 0 0 0 37
883 8281 1548 1477 214 0 0 209 30 0 138 0 101 0 0 0 38
884 8267 1553 1481 215 0 0 211 30 0 139 0 102 0 0 0 38
885 8265 1552 1481 218 0 0 211 30 0 140 0 101 0 0 0 38
886 8259 1552 1480 223 0 0 212 30 0 140 0 102 0 0 0 38
887 8271 1549 1477 217 0 0 212 30 0 140 0 102 0 0 0 38
888 8267 1552 1479 212 0 0 214 30 0 141 0 103 0 0 0 38
889 8273 1548 1474 213 0 0 215 30 0 141 0 104 0 0 0 38
890 8263 1549 1476 219 0 0 215 30 0 142 0 103 0 0 0 39
891 8259 1551 1477 218 0 0 216 30 0 142 0 104 0 0 0 39
892 8251 1557 1481 214 0 0 218 29 0 142 0 105 0 0 0 39
893 8248 1559 1482 212 0 0 218 30 0 141 0 107 0 0 0 39
894 8249 1559 1484 209 0 0 218 30 0 143 0 105 0 0 0 39
895 8246 1561 1483 203 0 0 221 31 0 143 0 109 0 0 0 39
896 8253 1558 1479 201 0 0 222 31 0 143 0 110 0 0 0 39
897 8247 1561 1481 200 0 0 223 31 0 143 0 111 0 0 0 39
898 8244 1562 1481 200 0 0 224 31 0 143 0 112 0 0 0 39
899 8241 1561 1481 200 0 0 225 32 0 145 0 112 0 0 0 39
900 8235 1563 1483 202 0 0 225 32 0 145 0 112 0 0 0 39
901 8228 1567 1486 200 0 0 226 32 0 145 0 113 0 0 0 39
902 8221 1569 1486 201 0 0 228 32 0 145 0 115 0 0 0 39
903 8226 1565 1483 203 0 0 228 32 0 146 0 114 0 0 0 39
904 8213 1571 1489 204 0 0 228 32 0 146 0 114 0 0 0 39
905 8202 1575 1495 205 0 0 227 33 0 147 0 113 0 0 0 39
906 8196 1576 1498 206 0 0 227 33 0 149 0 111 0 0 0 40
907 8194 1573 1493 210 0 0 229 34 0 149 0 114 0 0 0 40
908 8190 1575 1495 210 0 0 229 34 0 149 0 114 0 0 0 40
909 8190 1575 1496 209 0 0 229 34 0 150 0 113 0 0 0 40
910 8199 1571 1491 207 0 0 230 34 0 150 0 114 0 0 0 40
911 8191 1571 1490 212 0 0 232 34 0 151 0 115 0 0 0 40
912 8194 1569 1489 212 0 0 232 34 0 152 0 114 0 0 0 40
913 8197 1567 1486 212 0 0 233 34 0 152 0 115 0 0 0 40
914 8185 1571 1487 217 0 0 234 34 0 150 0 118 0 0 0 40
915 8196 1563 1479 222 0 0 234 34 0 150 0 118 0 0 0 40
916 8207 1558 1475 220 0 0 234 34 0 151 0 117 0 0 0 40
917 8201 1559 1478 222 0 0 233 35 0 152 0 116 0 0 0 40
918 8197 1562 1481 220 0 0 233 35 0 152 0 116 0 0 0 40
919 8204 1558 1475 219 0 0 235 35 0 152 0 118 0 0 0 40
920 8199 1561 1478 218 0 0 235 35 0 152 0 118 0 0 0 40
921 8190 1563 1481 222 0 0 235 35 0 153 0 117 0 0 0 40
922 8180 1567 1482 225 0 0 237 34 0 152 0 119 0 0 0 40
923 8170 1571 1486 223 0 0 238 35 0 153 0 120 0 0 0 40
924 8179 1568 1481 218 0 0 240 35 0 153 0 122 0 0 0 40
925 8184 1563 1477 222 0 0 240 35 0 154 0 121 0 0 0 40
926 8199 1557 1472 214 0 0 241 36 0 156 0 121 0 0 0 40
927 8184 1563 1479 212 0 0 242 37 0 158 0 121 0 0 0 40
928 8197 1557 1473 211 0 0 242 37 0 158 0 121 0 0 0 40
929 8191 1559 1474 214 0 0 242 37 0 157 0 122 0 0 0 40
930 8179 1566 1480 213 0 0 242 37 0 156 0 123 0 0 0 40
931 8181 1563 1478 214 0 0 242 38 0 157 0 123 0 0 0 40
932 8179 1564 1478 213 0 0 243 38 0 157 0 124 0 0 0 40
933 8166 1569 1484 215 0 0 243 38 0 158 0 123 0 0 0 40
934 8170 1566 1481 215 0 0 244 38 0 159 0 123 0 0 0 40
935 8177 1560 1474 219 0 0 245 38 0 159 0 124 0 0 0 40
936 8170 1564 1478 218 0 0 245 38 0 159 0 124 0 0 0 40
937 8177 1561 1474 217 0 0 247 36 0 160 0 123 0 0 0 41
938 8170 1565 1476 215 0 0 249 35 0 160 0 124 0 0 0 42
939 8182 1557 1468 217 0 0 250 35 0 161 0 124 0 0 0 42
940 8196 1550 1461 213 0 0 251 36 0 162 0 125 0 0 0 42
941 8201 1547 1459 213 0 0 251 36 0 163 0 124 0 0 0 42
942 8192 1548 1460 219 0 0 252 35 0 164 0 123 0 0 0 43
943 8190 1547 1462 220 0 0 252 35 0 167 0 120 0 0 0 43
944 8195 1545 1461 218 0 0 252 35 0 168 0 119 0 0 0 43
945 8205 1539 1455 220 0 0 252 35 0 168 0 119 0 0 0 43
946 8215 1533 1450 220 0 0 252 35 0 169 0 118 0 0 0 44
947 8219 1531 1447 221 0 0 252 35 0 168 0 119 0 0 0 44
948 8226 1528 1443 219 0 0 254 34 0 169 0 119 0 0 0 44
949 8218 1532 1446 219 0 0 255 33 0 169 0 119 0 0 0 45
950 8207 1536 1451 221 0 0 254 34 0 169 0 119 0 0 0 45
951 8204 1537 1452 222 0 0 254 34 0 169 0 119 0 0 0 45
952 8202 1538 1453 222 0 0 254 34 0 169 0 119 0 0 0 45
953 8208 1535 1448 222 0 0 256 33 0 169 0 120 0 0 0 45
954 8210 1535 1448 220 0 0 256 33 0 169 0 120 0 0 0 45
955 8216 1531 1444 222 0 0 256 33 0 169 0 120 0 0 0 45
956 8210 1531 1446 226 0 0 255 34 0 170 0 119 0 0 0 45
957 8196 1538 1454 225 0 0 254 35 0 170 0 119 0 0 0 45
958 8207 1533 1449 220 0 0 255 36 0 171 0 120 0 0 0 45
959 8202 1534 1451 222 0 0 255 36 0 172 0 119 0 0 0 45
960 8199 1535 1452 221 0 0 257 35 0 174 0 118 0 0 0 45
961 8203 1533 1450 221 0 0 257 35 0 174 0 118 0 0 0 45
962 8217 1524 1441 221 0 0 259 35 0 176 0 118 0 0 0 45
963 8222 1522 1439 220 0 0 259 35 0 176 0 118 0 0 0 45
964 8223 1522 1439 217 0 0 260 35 0 177 0 118 0 0 0 45
965 8223 1521 1439 217 0 0 260 35 0 178 0 117 0 0 0 46
966 8224 1517 1437 222 0 0 259 36 0 179 0 116 0 0 0 46
967 8222 1518 1438 220 0 0 260 36 0 180 0 116 0 0 0 46
968 8224 1517 1439 218 0 0 259 37 0 181 0 115 0 0 0 46
969 8216 1520 1443 217 0 0 259 38 0 182 0 115 0 0 0 46
970 8232 1510 1434 218 0 0 260 38 0 184 0 114 0 0 0 46
971 8248 1503 1426 215 0 0 261 38 0 184 0 115 0 0 0 46
972 8250 1503 1427 212 0 0 261 38 0 185 0 114 0 0 0 46
973 8254 1499 1423 216 0 0 261 38 0 185 0 114 0 0 0 46
974 8257 1499 1423 211 0 0 261 39 0 185 0 115 0 0 0 46
975 8255 1499 1424 212 0 0 261 39 0 186 0 114 0 0 0 46
976 8263 1495 1421 211 0 0 261 39 0 187 0 113 0 0 0 46
977 8250 1501 1426 213 0 0 262 38 0 187 0 113 0 0 0 46
978 8256 1497 1423 212 0 0 264 37 0 190 0 111 0 0 0 46
979 8257 1496 1422 213 0 0 264 37 0 190 0 111 0 0 0 46
980 8262 1494 1421 209 0 0 263 39 0 190 0 112 0 0 0 46
981 8271 1490 1416 207 0 0 264 39 0 190 0 113 0 0 0 46
982 8287 1483 1411 203 0 0 263 40 0 191 0 112 0 0 0 46
983 8290 1481 1410 203 0 0 264 39 0 193 0 110 0 0 0 46
984 8285 1485 1413 201 0 0 265 38 0 193 0 110 0 0 0 46
985 8294 1481 1411 198 0 0 265 38 0 195 0 108 0 0 0 46
986 8296 1480 1409 199 0 0 265 38 0 194 0 109 0 0 0 46
987 8300 1478 1408 196 0 0 266 38 0 196 0 108 0 0 0 46
988 8307 1474 1404 195 0 0 267 38 0 197 0 108 0 0 0 46
989 8313 1472 1402 193 0 0 267 38 0 197 0 108 0 0 0 46
990 8321 1467 1396 196 0 0 268 37 0 197 0 108 0 0 0 46
991 8326 1463 1392 197 0 0 269 37 0 198 0 108 0 0 0 46
992 8318 1467 1396 197 0 0 269 37 0 198 0 108 0 0 0 46
993 8306 1470 1400 202 0 0 269 37 0 199 0 107 0 0 0 46
994 8311 1469 1399 199 0 0 268 38 0 198 0 108 0 0 0 46
995 8320 1465 1394 197 0 0 269 38 0 198 0 109 0 0 0 46
996 8311 1471 1400 194 0 0 269 38 0 198 0 109 0 0 0 46
997 8316 1468 1399 192 0 0 268 39 0 199 0 108 0 0 0 47
998 8331 1462 1393 187 0 0 270 38 0 201 0 107 0 0 0 47
999 8338 1457 1390 188 0 0 270 38 0 203 0 105 0 0 0 47
1000 8337 1457 1390 190 0 0 271 37 0 204 0 104 0 0 0 46
1001 8349 1453 1385 187 0 0 271 37 0 203 0 105 0 0 0 46
1002 8344 1452 1384 192 0 0 272 37 0 204 0 105 0 0 0 46
1003 8340 1453 1385 194 0 0 272 37 0 204 0 105 0 0 0 46
1004 8337 1453 1386 196 0 0 271 38 0 204 0 105 0 0 0 46
1005 8343 1448 1382 199 0 0 270 39 0 204 0 105 0 0 0 46
1006 8333 1452 1386 200 0 0 271 38 0 205 0 104 0 0 0 47
1007 8330 1452 1387 202 0 0 272 37 0 207 0 102 0 0 0 47
1008 8351 1442 1376 202 0 0 272 37 0 206 0 103 0 0 0 47
1009 8349 1443 1377 202 0 0 272 37 0 206 0 103 0 0 0 47
1010 8367 1434 1371 199 0 0 272 37 0 209 0 100 0 0 0 47
1011 8371 1433 1368 198 0 0 273 36 0 208 0 101 0 0 0 48
1012 8372 1433 1368 196 0 0 274 35 0 209 0 100 0 0 0 49
1013 8376 1433 1368 190 0 0 274 36 0 209 0 101 0 0 0 49
1014 8383 1429 1364 191 0 0 274 36 0 209 0 101 0 0 0 49
1015 8391 1424 1360 192 0 0 274 36 0 210 0 100 0 0 0 49
1016 8398 1419 1356 194 0 0 274 36 0 211 0 99 0 0 0 49
1017 8410 1413 1352 192 0 0 273 37 0 212 0 98 0 0 0 49
1018 8426 1404 1343 194 0 0 274 36 0 213 0 97 0 0 0 49
1019 8426 1404 1343 194 0 0 274 36 0 213 0 97 0 0 0 49
1020 8418 1409 1347 193 0 0 274 36 0 212 0 98 0 0 0 49
1021 8422 1408 1346 191 0 0 274 36 0 212 0 98 0 0 0 49
1022 8417 1410 1348 192 0 0 274 36 0 212 0 98 0 0 0 49
1023 8427 1405 1344 191 0 0 274 36 0 213 0 97 0 0 0 49
1024 8441 1400 1338 188 0 0 275 35 0 213 0 97 0 0 0 49
1025 8436 1402 1340 189 0 0 275 35 0 213 0 97 0 0 0 49
1026 8431 1404 1343 189 0 0 275 35 0 214 0 96 0 0 0 49
1027 8438 1401 1339 189 0 0 276 34 0 214 0 96 0 0 0 49
1028 8448 1396 1334 189 0 0 276 34 0 214 0 96 0 0 0 49
1029 8457 1391 1328 190 0 0 277 33 0 214 0 96 0 0 0 50
1030 8454 1393 1331 188 0 0 276 34 0 214 0 96 0 0 0 50
1031 8450 1395 1334 187 0 0 276 34 0 215 0 95 0 0 0 50
1032 8455 1394 1331 186 0 0 278 32 0 215 0 95 0 0 0 50
1033 8460 1391 1328 187 0 0 278 32 0 215 0 95 0 0 0 50
1034 8458 1390 1325 190 0 0 280 31 0 215 0 96 0 0 0 51
1035 8466 1383 1321 193 0 0 279 32 0 217 0 94 0 0 0 51
1036 8457 1388 1326 192 0 0 280 31 0 218 0 93 0 0 0 51
1037 8458 1390 1327 188 0 0 281 30 0 218 0 93 0 0 0 51
1038 8467 1387 1322 185 0 0 282 30 0 217 0 95 0 0 0 51
1039 8472 1387 1321 181 0 0 283 29 0 217 0 95 0 0 0 51
1040 8458 1395 1331 177 0 0 282 30 0 218 0 94 0 0 0 51
1041 8459 1392 1328 182 0 0 282 30 0 218 0 94 0 0 0 51
1042 8463 1391 1325 180 0 0 283 30 0 217 0 96 0 0 0 51
1043 8469 1388 1324 178 0 0 283 30 0 219 0 94 0 0 0 51
1044 8466 1390 1327 173 0 0 283 31 0 220 0 94 0 0 0 52
1045 8486 1382 1320 168 0 0 283 31 0 221 0 93 0 0 0 52
1046 8497 1376 1315 168 0 0 283 31 0 222 0 92 0 0 0 52
1047 8509 1371 1310 166 0 0 283 31 0 222 0 92 0 0 0 52
1048 8496 1376 1315 169 0 0 283 31 0 222 0 92 0 0 0 52
1049 8505 1371 1312 168 0 0 282 32 0 223 0 91 0 0 0 52
1050 8518 1366 1305 165 0 0 284 31 0 223 0 92 0 0 0 52
1051 8522 1363 1302 167 0 0 284 31 0 223 0 92 0 0 0 52
1052 8536 1357 1295 166 0 0 284 31 0 222 0 93 0 0 0 52
1053 8545 1355 1293 161 0 0 284 31 0 222 0 93 0 0 0 52
1054 8536 1360 1298 160 0 0 284 31 0 222 0 93 0 0 0 52
1055 8539 1359 1296 160 0 0 285 30 0 222 0 93 0 0 0 52
1056 8535 1360 1297 162 0 0 285 30 0 222 0 93 0 0 0 52
1057 8543 1355 1294 162 0 0 285 30 0 224 0 91 0 0 0 52
1058 8555 1351 1290 157 0 0 286 29 0 225 0 90 0 0 0 53
1059 8552 1353 1292 154 0 0 287 29 0 226 0 90 0 0 0 53
1060 8562 1348 1287 154 0 0 287 29 0 226 0 90 0 0 0 53
1061 8558 1351 1289 151 0 0 288 29 0 226 0 91 0 0 0 53
1062 8572 1343 1280 154 0 0 289 28 0 226 0 91 0 0 0 53
1063 8568 1344 1280 154 0 0 291 27 0 227 0 91 0 0 0 54
1064 8577 1339 1276 154 0 0 290 28 0 227 0 91 0 0 0 54
1065 8567 1344 1282 152 0 0 290 28 0 228 0 90 0 0 0 55
1066 8579 1339 1278 149 0 0 290 28 0 229 0 89 0 0 0 55
1067 8587 1334 1273 151 0 0 290 28 0 229 0 89 0 0 0 55
1068 8591 1332 1271 151 0 0 290 28 0 229 0 89 0 0 0 55
1069 8586 1333 1272 154 0 0 290 28 0 229 0 89 0 0 0 55
1070 8581 1335 1276 153 0 0 291 27 0 232 0 86 0 0 0 55
1071 8582 1333 1274 155 0 0 292 26 0 233 0 85 0 0 0 56
1072 8586 1331 1272 155 0 0 291 27 0 232 0 86 0 0 0 56
1073 8590 1330 1272 152 0 0 291 27 0 233 0 85 0 0 0 56
1074 8577 1335 1278 154 0 0 291 27 0 234 0 84 0 0 0 56
1075 8585 1333 1275 151 0 0 292 26 0 234 0 84 0 0 0 56
1076 8587 1333 1273 151 0 0 293 25 0 233 0 85 0 0 0 56
1077 8583 1335 1276 150 0 0 293 25 0 234 0 84 0 0 0 56
1078 8584 1334 1275 151 0 0 293 25 0 234 0 84 0 0 0 56
1079 8582 1333 1276 153 0 0 293 25 0 236 0 82 0 0 0 56
1080 8589 1329 1273 153 0 0 293 25 0 237 0 81 0 0 0 56
1081 8597 1324 1269 154 0 0 293 25 0 238 0 80 0 0 0 56
1082 8595 1323 1268 158 0 0 293 25 0 238 0 80 0 0 0 56
1083 8598 1320 1267 159 0 0 292 26 0 239 0 79 0 0 0 56
1084 8594 1322 1270 158 0 0 291 27 0 239 0 79 0 0 0 56
1085 8609 1314 1264 157 0 0 291 27 0 241 0 77 0 0 0 56
1086 8601 1317 1266 160 0 0 291 27 0 240 0 78 0 0 0 56
1087 8603 1315 1264 162 0 0 291 27 0 240 0 78 0 0 0 56
1088 8593 1319 1268 164 0 0 291 27 0 240 0 78 0 0 0 56
1089 8602 1313 1263 166 0 0 291 27 0 241 0 77 0 0 0 56
1090 8602 1312 1265 165 0 0 290 28 0 243 0 75 0 0 0 56
1091 8606 1311 1263 162 0 0 291 28 0 243 0 76 0 0 0 56
1092 8602 1311 1264 165 0 0 291 28 0 244 0 75 0 0 0 56
1093 8609 1308 1261 164 0 0 291 28 0 244 0 75 0 0 0 56
1094 8612 1307 1260 163 0 0 291 28 0 244 0 75 0 0 0 56
1095 8630 1298 1252 162 0 0 291 28 0 245 0 74 0 0 0 56
1096 8631 1298 1251 162 0 0 292 27 0 245 0 74 0 0 0 56
1097 8637 1296 1250 159 0 0 292 27 0 246 0 73 0 0 0 56
1098 8648 1290 1245 157 0 0 293 27 0 248 0 72 0 0 0 56
1099 8655 1287 1241 155 0 0 294 27 0 248 0 73 0 0 0 56
1100 8663 1283 1238 152 0 0 295 27 0 250 0 72 0 0 0 56
1101 8657 1286 1241 152 0 0 295 27 0 250 0 72 0 0 0 56
1102 8661 1284 1241 150 0 0 294 28 0 251 0 71 0 0 0 56
1103 8662 1284 1241 149 0 0 294 28 0 251 0 71 0 0 0 56
1104 8666 1282 1241 147 0 0 293 29 0 252 0 70 0 0 0 56
1105 8673 1279 1238 146 0 0 293 29 0 252 0 70 0 0 0 56
1106 8679 1278 1237 142 0 0 294 28 0 253 0 69 0 0 0 56
1107 8691 1273 1231 139 0 0 295 28 0 253 0 70 0 0 0 56
1108 8700 1267 1227 140 0 0 296 27 0 256 0 67 0 0 0 56
1109 8685 1274 1234 141 0 0 296 27 0 256 0 67 0 0 0 56
1110 8700 1266 1226 142 0 0 296 27 0 256 0 67 0 0 0 56
1111 8716 1259 1218 141 0 0 296 27 0 255 0 68 0 0 0 56
1112 8725 1254 1213 142 0 0 296 27 0 255 0 68 0 0 0 56
1113 8727 1253 1212 142 0 0 296 27 0 255 0 68 0 0 0 56
1114 8734 1249 1208 143 0 0 297 26 0 256 0 67 0 0 0 56
1115 8750 1241 1200 143 0 0 297 26 0 256 0 67 0 0 0 56
1116 8749 1242 1201 142 0 0 297 26 0 256 0 67 0 0 0 56
1117 8751 1242 1201 140 0 0 297 26 0 256 0 67 0 0 0 56
1118 8738 1249 1209 138 0 0 296 27 0 256 0 67 0 0 0 56
1119 8732 1253 1212 137 0 0 297 26 0 256 0 67 0 0 0 56
1120 8734 1252 1211 137 0 0 297 26 0 256 0 67 0 0 0 56
1121 8745 1245 1205 139 0 0 296 27 0 256 0 67 0 0 0 56
1122 8742 1248 1208 135 0 0 296 27 0 256 0 67 0 0 0 57
1123 8736 1251 1211 135 0 0 296 27 0 256 0 67 0 0 0 57
1124 8744 1246 1208 135 0 0 295 28 0 257 0 66 0 0 0 57
1125 8739 1246 1210 138 0 0 294 29 0 258 0 65 0 0 0 57
1126 8739 1245 1212 137 0 0 292 31 0 259 0 64 0 0 0 57
1127 8748 1241 1209 135 0 0 292 31 0 260 0 63 0 0 0 57
1128 8755 1238 1207 133 0 0 292 31 0 261 0 62 0 0 0 57
1129 8760 1237 1205 131 0 0 293 30 0 261 0 62 0 0 0 57
1130 8765 1234 1202 132 0 0 294 29 0 262 0 61 0 0 0 57
1131 8783 1225 1193 132 0 0 294 29 0 262 0 61 0 0 0 57
1132 8799 1216 1184 134 0 0 294 29 0 262 0 61 0 0 0 57
1133 8809 1210 1179 135 0 0 294 29 0 263 0 60 0 0 0 57
1134 8818 1205 1175 135 0 0 293 30 0 263 0 60 0 0 0 57
1135 8820 1204 1175 134 0 0 292 31 0 263 0 60 0 0 0 57
1136 8819 1203 1174 137 0 0 292 31 0 263 0 60 0 0 0 57
1137 8811 1206 1178 138 0 0 291 32 0 263 0 60 0 0 0 57
1138 8819 1203 1175 136 0 0 291 32 0 263 0 60 0 0 0 57
1139 8828 1200 1172 133 0 0 291 32 0 263 0 60 0 0 0 57
1140 8817 1206 1176 134 0 0 291 32 0 261 0 62 0 0 0 57
1141 8813 1209 1178 133 0 0 292 31 0 261 0 62 0 0 0 57
1142 8810 1210 1177 132 0 0 294 31 0 261 0 64 0 0 0 57
1143 8815 1207 1174 133 0 0 294 31 0 261 0 64 0 0 0 57
1144 8812 1208 1175 134 0 0 294 31 0 261 0 64 0 0 0 57
1145 8818 1204 1172 135 0 0 294 31 0 262 0 63 0 0 0 57
1146 8820 1204 1172 131 0 0 295 31 0 263 0 63 0 0 0 57
1147 8834 1197 1165 131 0 0 295 31 0 263 0 63 0 0 0 57
1148 8830 1200 1168 129 0 0 295 31 0 263 0 63 0 0 0 57
1149 8834 1200 1166 127 0 0 296 30 0 262 0 64 0 0 0 57
1150 8843 1197 1163 124 0 0 297 29 0 263 0 63 0 0 0 57
1151 8848 1197 1163 119 0 0 297 29 0 263 0 63 0 0 0 57
1152 8862 1191 1156 114 0 0 298 30 0 263 0 65 0 0 0 57
1153 8867 1190 1155 111 0 0 298 30 0 263 0 65 0 0 0 57
1154 8866 1190 1155 112 0 0 298 30 0 263 0 65 0 0 0 57
1155 8875 1185 1150 113 0 0 298 30 0 263 0 65 0 0 0 57
1156 8883 1181 1147 112 0 0 299 29 0 265 0 63 0 0 0 57
1157 8887 1178 1144 114 0 0 299 29 0 265 0 63 0 0 0 57
1158 8882 1182 1148 111 0 0 299 29 0 265 0 63 0 0 0 57
1159 8883 1181 1148 111 0 0 299 29 0 266 0 62 0 0 0 57
1160 8881 1180 1148 114 0 0 298 30 0 266 0 62 0 0 0 57
1161 8884 1179 1147 113 0 0 298 30 0 266 0 62 0 0 0 57
1162 8888 1177 1145 113 0 0 298 30 0 266 0 62 0 0 0 57
1163 8894 1173 1141 114 0 0 299 29 0 267 0 61 0 0 0 58
1164 8905 1168 1135 114 0 0 300 28 0 267 0 61 0 0 0 58
1165 8915 1163 1131 113 0 0 300 28 0 268 0 60 0 0 0 58
1166 8929 1156 1124 113 0 0 300 28 0 268 0 60 0 0 0 58
1167 8939 1150 1119 114 0 0 300 28 0 269 0 59 0 0 0 58
1168 8956 1143 1111 111 0 0 301 27 0 269 0 59 0 0 0 59
1169 8964 1139 1109 109 0 0 300 28 0 270 0 58 0 0 0 59
1170 8977 1133 1103 108 0 0 300 28 0 270 0 58 0 0 0 59
1171 8979 1131 1102 109 0 0 299 29 0 270 0 58 0 0 0 59
1172 8977 1131 1103 110 0 0 298 30 0 270 0 58 0 0 0 59
1173 8977 1129 1104 111 0 0 296 32 0 271 0 57 0 0 0 59
1174 8981 1127 1101 112 0 0 297 31 0 271 0 57 0 0 0 59
1175 8985 1125 1099 112 0 0 297 31 0 271 0 57 0 0 0 59
1176 8984 1124 1097 116 0 0 298 30 0 271 0 57 0 0 0 59
1177 8983 1125 1097 116 0 0 298 30 0 270 0 58 0 0 0 59
1178 8986 1122 1095 118 0 0 298 30 0 271 0 57 0 0 0 59
1179 8994 1118 1090 117 0 0 299 30 0 271 0 58 0 0 0 59
1180 8992 1118 1091 118 0 0 299 30 0 272 0 57 0 0 0 59
1181 9001 1114 1087 117 0 0 299 30 0 272 0 57 0 0 0 59
1182 9008 1111 1085 115 0 0 299 30 0 273 0 56 0 0 0 59
1183 9013 1109 1083 114 0 0 299 30 0 273 0 56 0 0 0 59
1184 9014 1107 1082 114 0 0 298 32 0 273 0 57 0 0 0 59
1185 9014 1107 1082 114 0 0 298 32 0 273 0 57 0 0 0 59
1186 9013 1108 1083 113 0 0 298 32 0 273 0 57 0 0 0 59
1187 9014 1108 1082 111 0 0 300 31 0 274 0 57 0 0 0 59
1188 9013 1109 1082 111 0 0 300 31 0 273 0 58 0 0 0 59
1189 9011 1109 1083 112 0 0 300 31 0 274 0 57 0 0 0 59
1190 9013 1108 1083 111 0 0 300 31 0 275 0 56 0 0 0 59
1191 9018 1107 1082 108 0 0 300 31 0 275 0 56 0 0 0 59
1192 9025 1104 1079 107 0 0 301 30 0 276 0 55 0 0 0 59
1193 9028 1102 1077 108 0 0 301 30 0 276 0 55 0 0 0 59
1194 9027 1102 1078 108 0 0 300 31 0 276 0 55 0 0 0 59
1195 9038 1096 1073 108 0 0 300 31 0 277 0 54 0 0 0 59
1196 9047 1093 1069 104 0 0 301 31 0 277 0 55 0 0 0 59
1197 9048 1093 1068 104 0 0 302 30 0 277 0 55 0 0 0 59
1198 9051 1092 1066 104 0 0 303 29 0 277 0 55 0 0 0 59
1199 9064 1085 1058 105 0 0 304 28 0 277 0 55 0 0 0 60
1200 9061 1088 1060 103 0 0 304 28 0 276 0 56 0 0 0 60
1201 9076 1080 1052 104 0 0 304 28 0 276 0 56 0 0 0 60
1202 9080 1078 1050 104 0 0 304 28 0 276 0 56 0 0 0 60
1203 9070 1082 1054 106 0 0 304 28 0 276 0 56 0 0 0 60
1204 9070 1082 1054 106 0 0 304 28 0 276 0 56 0 0 0 60
1205 9069 1082 1054 107 0 0 304 28 0 276 0 56 0 0 0 60
1206 9081 1076 1048 107 0 0 304 28 0 276 0 56 0 0 0 60
1207 9080 1077 1048 106 0 0 305 27 0 276 0 56 0 0 0 61
1208 9077 1079 1049 106 0 0 306 26 1 275 0 56 0 1 0 60
1209 9085 1075 1045 106 0 0 306 26 1 275 0 56 0 1 0 60
1210 9090 1072 1042 107 0 0 307 25 1 276 0 55 0 1 0 60
1211 9092 1071 1042 106 0 0 307 25 1 277 0 54 0 1 0 60
1212 9091 1073 1042 105 0 0 308 24 1 276 0 55 0 1 0 60
1213 9099 1068 1038 106 0 0 308 24 1 277 0 54 0 1 0 60
1214 9101 1068 1038 104 0 0 308 24 1 277 0 54 0 1 0 60
1215 9107 1065 1035 104 0 0 308 24 1 277 0 54 0 1 0 60
1216 9108 1065 1035 103 0 0 308 24 1 277 0 54 0 1 0 60
1217 9111 1064 1036 100 0 0 308 24 1 279 0 52 0 1 0 60
1218 9119 1061 1031 100 0 0 310 22 1 279 0 52 0 1 0 60
1219 9136 1054 1023 98 0 0 311 21 1 279 0 52 0 1 0 60
1220 9143 1050 1020 98 0 0 311 21 1 280 0 51 0 1 0 60
1221 9148 1048 1019 96 0 0 311 21 1 281 0 50 0 1 0 60
1222 9155 1044 1015 97 0 0 311 21 1 281 0 50 0 1 0 60
1223 9166 1038 1010 97 0 0 310 22 1 281 0 50 0 1 0 60
1224 9164 1039 1011 97 0 0 310 22 1 281 0 50 0 1 0 60
1225 9162 1039 1012 98 0 0 310 22 1 282 0 49 0 1 0 60
1226 9175 1033 1006 97 0 0 311 21 1 283 0 48 0 1 0 60
1227 9177 1032 1005 97 0 0 311 21 1 283 0 48 0 1 0 60
1228 9185 1028 1001 96 0 0 311 21 1 283 0 48 0 1 0 61
1229 9188 1024 998 100 0 0 311 21 1 284 0 47 0 1 0 61
1230 9192 1022 996 100 0 0 311 21 1 284 0 47 0 1 0 61
1231 9197 1020 994 99 0 0 311 21 1 284 0 47 0 1 0 61
1232 9185 1025 1000 100 0 0 310 22 1 284 0 47 0 1 0 61
1233 9185 1026 1000 99 0 0 311 21 1 284 0 47 0 1 0 61
1234 9191 1022 995 100 0 0 312 21 1 284 0 48 0 1 0 61
1235 9194 1020 994 100 0 0 312 21 1 285 0 47 0 1 0 61
1236 9200 1017 991 100 0 0 312 21 1 285 0 47 0 1 0 61
1237 9206 1013 988 101 0 0 312 21 1 286 0 46 0 1 0 61
1238 9212 1010 984 99 0 0 313 21 1 286 0 47 0 1 0 62
1239 9220 1008 981 96 0 0 314 20 1 286 0 47 0 1 0 62
1240 9218 1010 981 96 0 0 314 20 1 284 0 49 0 1 0 62
1241 9225 1007 978 95 0 0 314 20 1 284 0 49 0 1 0 62
1242 9223 1007 978 97 0 0 314 20 1 284 0 49 0 1 0 62
1243 9220 1009 979 97 0 0 314 20 1 283 0 50 0 1 0 62
1244 9229 1004 974 98 0 0 314 20 1 283 0 50 0 1 0 62
1245 9229 1007 974 95 0 0 315 19 1 281 0 52 0 1 0 62
1246 9236 1004 971 94 0 0 315 19 1 281 0 52 0 1 0 62
1247 9239 1002 968 96 0 0 316 18 1 281 0 52 0 1 0 62
1248 9246 999 965 94 0 0 317 17 1 282 0 51 0 1 0 63
1249 9248 999 967 90 0 0 316 18 1 283 0 50 0 1 0 63
1250 9243 1001 970 90 0 0 315 19 1 283 0 50 0 1 0 63
1251 9243 1001 970 90 0 0 315 19 1 283 0 50 0 1 0 63
1252 9250 997 966 91 0 0 315 19 1 283 0 50 0 1 0 63
1253 9252 995 963 92 0 0 317 18 1 284 0 50 0 1 0 63
1254 9258 992 961 91 0 0 317 18 1 285 0 49 0 1 0 63
1255 9260 991 959 92 0 0 317 18 1 284 0 50 0 1 0 63
1256 9264 989 957 92 0 0 316 19 1 283 0 51 0 1 0 63
1257 9269 985 954 94 0 0 316 19 1 284 0 50 0 1 0 63
1258 9274 983 952 93 0 0 316 19 1 284 0 50 0 1 0 63
1259 9278 981 950 93 0 0 316 19 1 284 0 50 0 1 0 63
1260 9290 975 945 92 0 0 316 19 1 285 0 49 0 1 0 63
1261 9304 968 938 92 0 0 316 19 1 285 0 49 0 1 0 63
1262 9304 968 938 92 0 0 316 19 1 285 0 49 0 1 0 63
1263 9303 969 938 90 0 0 317 19 1 285 0 50 0 1 0 63
1264 9308 967 936 89 0 0 317 19 1 285 0 50 0 1 0 63
1265 9327 958 927 88 0 0 317 19 1 285 0 50 0 1 0 63
1266 9339 952 921 87 0 0 317 19 1 285 0 50 0 1 0 64
1267 9347 948 918 86 0 0 317 19 1 286 0 49 0 1 0 64
1268 9346 948 918 87 0 0 317 19 1 286 0 49 0 1 0 64
1269 9345 948 919 87 0 0 317 19 1 287 0 48 0 1 0 64
1270 9356 944 915 84 0 0 317 19 1 287 0 48 0 1 0 64
1271 9368 939 910 82 0 0 317 19 1 287 0 48 0 1 0 64
1272 9366 940 911 82 0 0 317 19 1 287 0 48 0 1 0 64
1273 9356 945 916 82 1 0 316 19 2 286 0 48 0 1 0 64
1274 9353 948 918 80 1 0 316 19 2 285 0 49 0 1 0 64
1275 9355 948 918 78 1 0 316 19 2 285 0 49 0 1 0 64
1276 9363 945 915 76 1 0 316 19 2 285 0 49 0 1 0 64
1277 9371 941 912 75 1 0 316 19 2 286 0 48 0 1 0 64
1278 9372 941 912 74 1 0 316 19 2 286 0 48 0 1 0 64
1279 9378 939 910 72 1 0 316 19 2 286 0 48 0 1 0 64
1280 9380 938 909 72 1 0 316 19 2 286 0 48 0 1 0 64
1281 9386 935 906 72 1 0 316 19 2 286 0 48 0 1 0 64
1282 9383 936 907 73 1 0 315 20 2 285 0 49 0 1 0 64
1283 9392 932 903 72 1 0 315 20 2 285 0 49 0 1 0 64
1284 9390 934 905 70 1 0 315 20 2 285 0 49 0 1 0 64
1285 9396 930 902 71 1 0 315 20 2 286 0 48 0 1 0 64
1286 9392 932 904 71 1 0 315 20 2 286 0 48 0 1 0 64
1287 9393 932 904 70 1 0 315 20 2 286 0 48 0 1 0 64
1288 9391 934 905 69 1 0 315 20 2 285 0 49 0 1 0 64
1289 9391 934 906 68 1 0 315 20 2 286 0 48 0 1 0 64
1290 9393 933 905 68 1 0 315 20 2 286 0 48 0 1 0 64
1291 9404 928 901 66 1 0 315 20 2 287 0 47 0 1 0 64
1292 9426 919 891 62 1 0 316 19 2 287 0 47 0 1 0 65
1293 9429 918 889 62 1 0 316 19 2 286 0 48 0 1 0 65
1294 9432 917 888 61 1 0 316 19 2 286 0 48 0 1 0 65
1295 9429 918 890 61 1 0 315 20 2 286 0 48 0 1 0 65
1296 9429 919 891 59 1 0 315 20 2 286 0 48 0 1 0 65
1297 9437 915 887 59 1 0 315 20 2 286 0 48 0 1 0 65
1298 9446 911 883 58 1 0 315 20 2 286 0 48 0 1 0 65
1299 9465 902 874 57 1 0 315 20 2 286 0 48 0 1 0 65
1300 9475 898 869 56 1 0 316 19 2 286 0 48 0 1 0 65
1301 9478 896 867 57 1 0 316 19 2 286 0 48 0 1 0 65
1302 9480 894 864 58 1 0 317 19 2 286 0 49 0 1 0 65
1303 9485 891 861 59 1 0 317 19 2 286 0 49 0 1 0 65
1304 9486 890 861 59 1 0 317 19 2 287 0 48 0 1 0 65
1305 9484 889 860 61 1 0 317 20 2 287 0 49 0 1 0 65
1306 9487 887 858 62 1 0 317 20 2 287 0 49 0 1 0 65
1307 9489 886 857 62 1 0 317 20 2 287 0 49 0 1 0 65
1308 9494 883 854 63 1 0 317 20 2 287 0 49 0 1 0 65
1309 9491 884 857 62 1 0 317 20 2 289 0 47 0 1 0 65
1310 9495 882 855 62 1 0 317 20 2 289 0 47 0 1 0 65
1311 9502 876 850 64 1 0 318 20 2 291 0 46 0 1 0 65
1312 9521 867 841 63 1 0 319 19 2 292 0 45 0 1 0 65
1313 9536 860 834 62 1 0 319 19 2 292 0 45 0 1 0 65
1314 9538 859 833 62 1 0 319 19 2 292 0 45 0 1 0 65
1315 9552 851 827 62 1 0 319 19 2 294 0 43 0 1 0 65
1316 9570 842 819 61 1 0 319 19 2 295 0 42 0 1 0 65
1317 9565 844 821 62 1 0 319 19 2 295 0 42 0 1 0 65
1318 9570 843 817 62 1 0 321 17 2 294 0 43 0 1 0 65
1319 9574 840 815 63 1 0 320 18 2 294 0 43 0 1 0 65
1320 9581 837 812 62 1 0 320 18 2 294 0 43 0 1 0 65
1321 9580 837 812 63 1 0 320 18 2 294 0 43 0 1 0 65
1322 9578 837 812 65 1 0 320 18 2 294 0 43 0 1 0 65
1323 9584 834 808 66 1 0 321 17 2 294 0 43 0 1 0 65
1324 9579 836 810 67 1 0 321 17 2 294 0 43 0 1 0 65
1325 9583 835 809 65 1 0 321 17 2 294 0 43 0 1 0 65
1326 9590 831 805 66 1 0 321 17 2 294 0 43 0 1 0 65
1327 9590 830 804 68 1 0 321 17 2 294 0 43 0 1 0 65
1328 9603 823 798 68 1 0 321 17 2 295 0 42 0 1 0 65
1329 9600 825 800 67 1 0 321 17 2 295 0 42 0 1 0 65
1330 9594 828 802 66 1 0 322 17 2 295 0 43 0 1 0 65
1331 9587 831 806 66 1 0 321 18 2 295 0 43 0 1 0 65
1332 9589 830 805 66 1 0 321 18 2 295 0 43 0 1 0 65
1333 9596 828 803 63 1 0 321 18 2 295 0 43 0 1 0 65
1334 9613 819 795 63 1 0 321 18 2 296 0 42 0 1 0 65
1335 9607 823 797 63 1 0 323 16 2 296 0 42 0 1 0 65
1336 9605 824 798 63 1 0 323 16 2 296 0 42 0 1 0 65
1337 9606 825 800 59 1 0 323 16 2 297 0 41 0 1 0 65
1338 9612 824 798 56 1 0 324 15 2 297 0 41 0 1 0 65
1339 9610 825 800 55 1 0 324 15 2 298 0 40 0 1 0 65
1340 9604 828 803 55 1 0 324 15 2 298 0 40 0 1 0 65
1341 9608 826 801 55 1 0 324 15 2 298 0 40 0 1 0 65
1342 9613 824 799 54 2 0 323 15 3 297 0 40 0 1 0 65
1343 9620 820 794 56 2 0 324 14 3 297 0 40 0 1 0 65
1344 9623 819 793 55 2 0 324 14 3 297 0 40 0 1 0 65
1345 9629 815 789 57 2 0 324 14 3 297 0 40 0 1 0 65
1346 9630 815 789 56 2 0 324 14 3 297 0 40 0 1 0 65
1347 9635 813 787 55 3 0 323 14 4 296 0 40 0 1 0 65
1348 9629 817 791 53 3 0 323 14 4 296 0 40 0 1 0 65
1349 9637 813 788 52 3 0 323 14 4 297 0 39 0 1 0 65
1350 9632 815 790 53 3 0 323 14 4 297 0 39 0 1 0 65
1351 9630 816 791 53 3 0 323 14 4 297 0 39 0 1 0 65
1352 9630 817 793 50 3 0 322 15 4 297 0 39 0 1 0 65
1353 9643 810 787 50 3 0 322 15 4 298 0 38 0 1 0 65
1354 9640 812 790 48 3 0 321 16 4 298 0 38 0 1 0 65
1355 9645 809 787 49 3 0 321 16 4 298 0 38 0 1 0 65
1356 9661 802 780 47 3 0 321 16 4 298 0 38 0 1 0 65
1357 9664 801 778 47 3 0 321 16 4 297 0 39 0 1 0 65
1358 9666 800 777 47 3 0 321 16 4 297 0 39 0 1 0 65
1359 9673 796 774 47 3 0 321 16 4 298 0 38 0 1 0 65
1360 9674 795 775 46 3 0 320 17 4 299 0 37 0 1 0 65
1361 9673 794 778 45 3 0 319 18 4 302 0 34 0 1 0 65
1362 9668 796 781 45 3 0 319 18 4 303 0 33 0 1 0 65
1363 9662 799 785 44 3 0 318 19 4 303 0 33 0 1 0 65
1364 9660 799 785 46 3 0 318 19 4 303 0 33 0 1 0 65
1365 9674 793 778 45 3 0 319 18 4 303 0 33 0 1 0 65
1366 9678 792 777 43 3 0 319 18 4 303 0 33 0 1 0 65
1367 9687 788 771 42 3 0 320 18 4 302 0 35 0 1 0 65
1368 9698 782 765 43 3 0 320 18 4 302 0 35 0 1 0 65
1369 9698 782 765 43 3 0 320 18 4 302 0 35 0 1 0 65
1370 9715 774 758 41 3 0 320 18 4 303 0 34 0 1 0 65
1371 9720 772 756 40 3 0 320 18 4 303 0 34 0 1 0 65
1372 9731 766 751 40 3 0 320 18 4 304 0 33 0 1 0 65
1373 9739 763 748 38 3 0 320 18 4 304 0 33 0 1 0 65
1374 9747 759 743 39 3 0 321 17 4 304 0 33 0 1 0 65
1375 9754 756 739 39 3 0 322 16 4 304 0 33 0 1 0 65
1376 9759 753 737 39 3 0 321 17 4 304 0 33 0 1 0 65
1377 9759 753 737 39 3 0 321 17 4 304 0 33 0 1 0 65
1378 9753 756 739 40 3 0 321 17 4 303 0 34 0 1 0 65
1379 9762 751 734 41 3 0 321 17 4 303 0 34 0 1 0 65
1380 9760 752 735 41 3 0 321 17 4 303 0 34 0 1 0 65
1381 9774 745 729 40 3 0 321 17 4 304 0 33 0 1 0 65
1382 9783 741 725 39 3 0 321 17 4 304 0 33 0 1 0 65
1383 9786 740 724 38 4 0 320 17 4 304 1 32 0 1 0 65
1384 9794 737 719 38 4 0 322 15 4 304 1 32 0 1 0 65
1385 9798 735 716 37 4 0 323 15 4 304 1 33 0 1 0 65
1386 9795 736 718 37 4 0 323 15 4 305 1 32 0 1 0 65
1387 9804 732 714 36 4 0 323 15 4 305 1 32 0 1 0 65
1388 9812 728 710 36 4 0 323 15 4 305 1 32 0 1 0 65
1389 9816 726 708 36 4 0 323 15 4 305 1 32 0 1 0 65
1390 9818 726 707 35 4 0 324 14 4 305 1 32 0 1 0 65
1391 9818 725 706 37 4 0 324 14 4 305 1 32 0 1 0 65
1392 9813 729 709 35 4 0 324 14 3 305 2 32 0 1 0 65
1393 9815 728 708 35 4 0 324 14 3 305 2 32 0 1 0 65
1394 9814 729 709 34 4 0 324 14 3 305 2 32 0 1 0 65
1395 9817 727 708 34 4 0 324 14 3 306 2 31 0 1 0 65
1396 9826 722 703 35 4 0 324 14 3 306 2 31 0 1 0 65
1397 9821 725 705 35 4 0 325 13 3 306 2 31 0 1 0 65
1398 9821 725 706 34 4 0 325 13 3 307 2 30 0 1 0 65
1399 9827 722 703 34 4 0 325 13 3 307 2 30 0 1 0 65
1400 9823 724 705 34 4 0 325 13 3 307 2 30 0 1 0 65
1401 9825 724 705 32 4 0 325 13 3 307 2 30 0 1 0 65
1402 9827 723 704 32 4 0 325 13 3 307 2 30 0 1 0 65
1403 9834 720 701 31 4 0 325 13 3 307 2 30 0 1 0 65
1404 9831 721 702 30 4 0 325 14 3 307 2 31 0 1 0 65
1405 9844 713 696 31 4 0 325 14 3 309 2 29 0 1 0 65
1406 9848 711 694 31 4 0 325 14 3 309 2 29 0 1 0 65
1407 9851 710 693 30 4 0 325 14 3 309 2 29 0 1 0 65
1408 9864 705 687 28 4 0 326 13 3 309 2 29 0 1 0 65
1409 9870 702 684 28 4 0 326 13 3 309 2 29 0 1 0 65
1410 9866 703 684 31 4 0 326 13 3 308 2 30 0 1 0 65
1411 9869 701 682 32 4 0 326 13 3 308 2 30 0 1 0 65
1412 9863 704 685 32 4 0 326 13 3 308 2 30 0 1 0 65
1413 9863 704 685 32 4 0 326 13 3 308 2 30 0 1 0 65
1414 9866 702 684 32 4 0 326 13 3 309 2 29 0 1 0 65
1415 9872 699 681 32 4 0 326 13 3 309 2 29 0 1 0 65
1416 9877 696 679 32 4 0 326 13 3 310 2 28 0 1 0 65
1417 9879 696 679 32 4 0 325 13 3 309 2 28 0 1 0 65
1418 9881 695 678 32 4 0 325 13 3 309 2 28 0 1 0 65
1419 9885 693 676 32 4 0 325 13 3 309 2 28 0 1 0 65
1420 9892 689 673 32 4 0 325 13 3 310 2 27 0 1 0 65
1421 9900 685 669 32 4 0 325 13 3 310 2 27 0 1 0 65
1422 9903 684 667 32 4 0 326 12 3 310 2 27 0 1 0 65
1423 9911 680 663 32 4 0 326 12 3 310 2 27 0 1 0 65
1424 9921 674 657 34 4 0 326 12 3 310 2 27 0 1 0 65
1425 9922 674 657 33 4 0 326 12 3 310 2 27 0 1 0 65
1426 9920 675 658 33 4 0 326 12 3 310 2 27 0 1 0 65
1427 9923 672 655 36 4 0 326 12 3 310 2 27 0 1 0 65
1428 9928 670 653 35 4 0 326 12 3 310 2 27 0 1 0 65
1429 9929 669 653 35 4 0 326 12 3 311 2 26 0 1 0 65
1430 9935 666 650 35 4 0 326 12 3 311 2 26 0 1 0 65
1431 9946 661 645 34 4 0 326 12 3 311 2 26 0 1 0 65
1432 9942 663 647 34 4 0 327 11 3 312 2 25 0 1 0 65
1433 9941 664 647 34 4 0 327 11 3 311 2 26 0 1 0 65
1434 9933 668 651 34 4 0 327 11 3 311 2 26 0 1 0 65
1435 9941 664 647 34 4 0 327 11 3 311 2 26 0 1 0 65
1436 9947 661 644 34 4 0 327 11 3 311 2 26 0 1 0 65
1437 9948 660 643 35 4 0 327 11 3 311 2 26 0 1 0 65
1438 9952 658 641 35 4 0 327 11 3 311 2 26 0 1 0 65
1439 9942 663 646 35 4 0 327 11 3 311 2 26 0 1 0 65
1440 9938 665 648 35 4 0 327 11 3 311 2 26 0 1 0 65
1441 9942 664 647 33 4 0 327 11 3 311 2 26 0 1 0 65
1442 9950 660 643 33 4 0 327 11 3 311 2 26 0 1 0 65
1443 9955 658 641 32 4 0 327 11 3 311 2 26 0 1 0 65
1444 9960 656 639 31 4 0 327 11 3 311 2 26 0 1 0 65
1445 9966 653 636 31 4 0 327 11 3 311 2 26 0 1 0 65
1446 9967 652 635 32 4 0 327 11 3 311 2 26 0 1 0 65
1447 9974 649 632 31 4 0 327 11 3 311 2 26 0 1 0 65
1448 9980 646 630 30 4 0 327 11 3 312 2 25 0 1 0 65
1449 9983 644 628 31 4 0 327 11 3 312 2 25 0 1 0 65
1450 9992 640 624 30 4 0 327 11 3 312 2 25 0 1 0 65
1451 9998 636 620 32 4 0 327 11 3 312 2 25 0 1 0 65
1452 9997 637 620 32 4 0 328 10 3 312 2 25 0 1 0 65
1453 9996 637 621 32 4 0 328 10 3 313 2 24 0 1 0 65
1454 9987 641 625 33 4 0 328 10 3 313 2 24 0 1 0 65
1455 9979 645 629 33 4 0 328 10 3 313 2 24 0 1 0 65
1456 9983 643 627 33 4 0 328 10 3 313 2 24 0 1 0 65
1457 9990 640 624 32 4 0 328 10 3 313 2 24 0 1 0 65
1458 9992 639 623 32 4 0 328 10 3 313 2 24 0 1 0 65
1459 9990 640 624 32 4 0 328 10 3 313 2 24 0 1 0 65
1460 9991 639 624 32 4 0 328 10 3 314 2 23 0 1 0 65
1461 9997 636 621 32 4 0 328 10 3 314 2 23 0 1 0 65
1462 9999 634 619 34 4 0 328 10 3 314 2 23 0 1 0 65
1463 9993 636 623 34 4 0 327 11 3 315 2 22 0 1 0 65
1464 10000 632 619 35 4 0 327 11 3 315 2 22 0 1 0 65
1465 10010 627 614 35 4 0 327 11 3 315 2 22 0 1 0 65
1466 10011 627 614 34 4 0 327 11 3 315 2 22 0 1 0 65
1467 10023 622 608 33 4 0 328 10 3 315 2 22 0 1 0 65
1468 10029 620 606 31 4 0 328 10 3 315 2 22 0 1 0 65
1469 10026 622 608 30 4 0 328 10 3 315 2 22 0 1 0 65
1470 10034 618 604 30 4 0 328 10 3 315 2 22 0 1 0 65
1471 10036 617 603 30 4 0 328 10 3 315 2 22 0 1 0 65
1472 10036 616 603 31 4 0 328 10 4 315 1 22 0 1 0 65
1473 10044 612 599 31 4 0 328 10 4 315 1 22 0 1 0 65
1474 10053 607 595 31 4 0 328 10 4 316 1 21 0 1 0 65
1475 10055 606 594 31 5 0 327 10 4 316 1 21 0 1 1 64
1476 10045 611 599 31 5 0 327 10 4 316 1 21 0 1 1 64
1477 10048 610 598 30 5 0 327 10 4 316 1 21 0 1 1 64
1478 10051 609 596 30 5 0 328 9 4 316 1 21 0 1 1 64
1479 10055 606 594 31 5 0 328 9 4 317 1 20 0 1 1 64
1480 10057 605 593 31 5 0 328 9 4 317 1 20 0 1 1 64
1481 10065 601 590 30 5 0 328 9 4 318 1 19 0 1 1 64
1482 10071 598 587 30 5 0 328 9 4 318 1 19 0 1 1 64
1483 10067 600 589 30 5 0 328 9 4 318 1 19 0 1 1 64
1484 10067 599 590 30 5 0 328 9 4 320 1 17 0 1 1 64
1485 10070 598 589 29 5 0 328 9 4 320 1 17 0 1 1 64
1486 10075 595 587 29 5 0 328 9 4 321 1 16 0 1 1 64
1487 10075 596 588 27 5 0 328 9 4 321 1 16 0 1 1 64
1488 10075 597 588 26 5 0 328 9 4 320 1 17 0 1 1 64
1489 10075 597 588 26 5 0 328 9 4 320 1 17 0 1 1 64
1490 10087 592 581 26 5 0 329 8 4 319 1 18 0 1 1 64
1491 10088 592 580 26 5 0 329 8 4 318 1 19 0 1 1 64
1492 10086 593 581 26 5 0 329 8 4 318 1 19 0 1 1 64
1493 10091 590 578 27 5 0 330 7 4 319 1 18 0 1 1 64
1494 10103 584 572 27 5 0 330 7 4 319 1 18 0 1 1 64
1495 10105 583 571 27 5 0 330 7 4 319 1 18 0 1 1 64
1496 10105 583 571 27 5 0 330 7 4 319 1 18 0 1 1 64
1497 10109 580 569 28 5 0 330 7 4 320 1 17 0 1 1 64
1498 10112 579 568 27 5 0 330 7 4 320 1 17 0 1 1 64
1499 10118 576 565 27 5 0 330 7 4 320 1 17 0 1 1 64
1500 10116 577 566 27 5 0 330 7 4 320 1 17 0 1 1 64
