0 2006 0 0 0 0 0 0 0 0 0 0 0 0 0 0 0
1 12030 3 3 0 0 0 0 0 0 0 0 0 0 0 0 0
2 12024 6 6 0 0 0 0 0 0 0 0 0 0 0 0 0
3 12024 6 6 0 0 0 0 0 0 0 0 0 0 0 0 0
4 12018 9 9 0 0 0 0 0 0 0 0 0 0 0 0 0
5 12014 11 11 0 0 0 0 0 0 0 0 0 0 0 0 0
6 12012 12 12 0 0 0 0 0 0 0 0 0 0 0 0 0
7 12012 12 12 0 0 0 0 0 0 0 0 0 0 0 0 0
8 12012 12 12 0 0 0 0 0 0 0 0 0 0 0 0 0
9 12010 13 13 0 0 0 0 0 0 0 0 0 0 0 0 0
10 12008 14 14 0 0 0 0 0 0 0 0 0 0 0 0 0
11 12008 14 14 0 0 0 0 0 0 0 0 0 0 0 0 0
12 12006 15 15 0 0 0 0 0 0 0 0 0 0 0 0 0
13 12002 17 17 0 0 0 0 0 0 0 0 0 0 0 0 0
14 12000 18 18 0 0 0 0 0 0 0 0 0 0 0 0 0
15 11998 19 19 0 0 0 0 0 0 0 0 0 0 0 0 0
16 11996 20 20 0 0 0 0 0 0 0 0 0 0 0 0 0
17 11994 21 21 0 0 0 0 0 0 0 0 0 0 0 0 0
18 11992 22 22 0 0 0 0 0 0 0 0 0 0 0 0 0
19 11992 22 22 0 0 0 0 0 0 0 0 0 0 0 0 0
20 11990 23 23 0 0 0 0 0 0 0 0 0 0 0 0 0
21 11990 23 23 0 0 0 0 0 0 0 0 0 0 0 0 0
22 11982 27 27 0 0 0 0 0 0 0 0 0 0 0 0 0
23 11982 27 27 0 0 0 0 0 0 0 0 0 0 0 0 0
24 11984 26 26 0 0 0 0 0 0 0 0 0 0 0 0 0
25 11986 25 25 0 0 0 0 0 0 0 0 0 0 0 0 0
26 11985 25 25 1 0 0 0 0 0 0 0 0 0 0 0 0
27 11985 25 25 1 0 0 0 0 0 0 0 0 0 0 0 0
28 11983 26 26 1 0 0 0 0 0 0 0 0 0 0 0 0
29 11983 26 26 1 0 0 0 0 0 0 0 0 0 0 0 0
30 11979 28 28 1 0 0 0 0 0 0 0 0 0 0 0 0
31 11979 28 28 1 0 0 0 0 0 0 0 0 0 0 0 0
32 11971 32 32 1 0 0 0 0 0 0 0 0 0 0 0 0
33 11971 32 32 1 0 0 0 0 0 0 0 0 0 0 0 0
34 11967 34 34 1 0 0 0 0 0 0 0 0 0 0 0 0
35 11965 35 35 1 0 0 0 0 0 0 0 0 0 0 0 0
36 11963 36 36 1 0 0 0 0 0 0 0 0 0 0 0 0
37 11963 36 36 1 0 0 0 0 0 0 0 0 0 0 0 0
38 11959 38 38 1 0 0 0 0 0 0 0 0 0 0 0 0
39 11959 38 38 1 0 0 0 0 0 0 0 0 0 0 0 0
40 11953 41 41 1 0 0 0 0 0 0 0 0 0 0 0 0
41 11951 42 42 1 0 0 0 0 0 0 0 0 0 0 0 0
42 11949 43 43 1 0 0 0 0 0 0 0 0 0 0 0 0
43 11949 43 43 1 0 0 0 0 0 0 0 0 0 0 0 0
44 11945 45 45 1 0 0 0 0 0 0 0 0 0 0 0 0
45 11943 46 46 1 0 0 0 0 0 0 0 0 0 0 0 0
46 11939 48 48 1 0 0 0 0 0 0 0 0 0 0 0 0
47 11937 49 49 1 0 0 0 0 0 0 0 0 0 0 0 0
48 11937 49 49 1 0 0 0 0 0 0 0 0 0 0 0 0
49 11929 53 53 1 0 0 0 0 0 0 0 0 0 0 0 0
50 11927 54 54 1 0 0 0 0 0 0 0 0 0 0 0 0
51 11925 55 55 1 0 0 0 0 0 0 0 0 0 0 0 0
52 11925 55 55 1 0 0 0 0 0 0 0 0 0 0 0 0
53 11919 58 58 1 0 0 0 0 0 0 0 0 0 0 0 0
54 11919 58 58 1 0 0 0 0 0 0 0 0 0 0 0 0
55 11917 59 59 1 0 0 0 0 0 0 0 0 0 0 0 0
56 11917 59 59 1 0 0 0 0 0 0 0 0 0 0 0 0
57 11917 59 59 1 0 0 0 0 0 0 0 0 0 0 0 0
58 11917 59 59 1 0 0 0 0 0 0 0 0 0 0 0 0
59 11917 59 59 1 0 0 0 0 0 0 0 0 0 0 0 0
60 11915 60 60 1 0 0 0 0 0 0 0 0 0 0 0 0
61 11915 60 60 1 0 0 0 0 0 0 0 0 0 0 0 0
62 11915 60 60 1 0 0 0 0 0 0 0 0 0 0 0 0
63 11913 61 61 1 0 0 0 0 0 0 0 0 0 0 0 0
64 11903 66 66 1 0 0 0 0 0 0 0 0 0 0 0 0
65 11903 66 66 1 0 0 0 0 0 0 0 0 0 0 0 0
66 11901 67 67 1 0 0 0 0 0 0 0 0 0 0 0 0
67 11901 67 67 1 0 0 0 0 0 0 0 0 0 0 0 0
68 11905 65 65 1 0 0 0 0 0 0 0 0 0 0 0 0
69 11903 66 66 1 0 0 0 0 0 0 0 0 0 0 0 0
70 11901 67 67 1 0 0 0 0 0 0 0 0 0 0 0 0
71 11895 70 70 1 0 0 0 0 0 0 0 0 0 0 0 0
72 11895 70 70 1 0 0 0 0 0 0 0 0 0 0 0 0
73 11893 71 71 1 0 0 0 0 0 0 0 0 0 0 0 0
74 11895 70 70 1 0 0 0 0 0 0 0 0 0 0 0 0
75 11895 70 70 1 0 0 0 0 0 0 0 0 0 0 0 0
76 11895 70 70 1 0 0 0 0 0 0 0 0 0 0 0 0
77 11895 70 70 1 0 0 0 0 0 0 0 0 0 0 0 0
78 11897 69 69 1 0 0 0 0 0 0 0 0 0 0 0 0
79 11893 71 71 1 0 0 0 0 0 0 0 0 0 0 0 0
80 11895 70 70 1 0 0 0 0 0 0 0 0 0 0 0 0
81 11893 71 71 1 0 0 0 0 0 0 0 0 0 0 0 0
82 11891 72 72 1 0 0 0 0 0 0 0 0 0 0 0 0
83 11889 73 73 1 0 0 0 0 0 0 0 0 0 0 0 0
84 11889 73 73 1 0 0 0 0 0 0 0 0 0 0 0 0
85 11886 74 74 2 0 0 0 0 0 0 0 0 0 0 0 0
86 11880 77 77 2 0 0 0 0 0 0 0 0 0 0 0 0
87 11880 77 77 2 0 0 0 0 0 0 0 0 0 0 0 0
88 11880 77 77 2 0 0 0 0 0 0 0 0 0 0 0 0
89 11882 76 76 2 0 0 0 0 0 0 0 0 0 0 0 0
90 11882 76 76 2 0 0 0 0 0 0 0 0 0 0 0 0
91 11882 76 76 2 0 0 0 0 0 0 0 0 0 0 0 0
92 11880 77 77 2 0 0 0 0 0 0 0 0 0 0 0 0
93 11878 78 78 2 0 0 0 0 0 0 0 0 0 0 0 0
94 11870 82 82 2 0 0 0 0 0 0 0 0 0 0 0 0
95 11870 82 82 2 0 0 0 0 0 0 0 0 0 0 0 0
96 11866 84 84 2 0 0 0 0 0 0 0 0 0 0 0 0
97 11862 86 86 2 0 0 0 0 0 0 0 0 0 0 0 0
98 11862 86 86 2 0 0 0 0 0 0 0 0 0 0 0 0
99 11864 85 85 2 0 0 0 0 0 0 0 0 0 0 0 0
100 11862 86 86 2 0 0 0 0 0 0 0 0 0 0 0 0
101 11862 86 86 2 0 0 0 0 0 0 0 0 0 0 0 0
102 11858 88 88 2 0 0 0 0 0 0 0 0 0 0 0 0
103 11856 89 89 2 0 0 0 0 0 0 0 0 0 0 0 0
104 11854 90 90 2 0 0 0 0 0 0 0 0 0 0 0 0
105 11852 91 91 2 0 0 0 0 0 0 0 0 0 0 0 0
106 11856 89 89 2 0 0 0 0 0 0 0 0 0 0 0 0
107 11848 93 93 2 0 0 0 0 0 0 0 0 0 0 0 0
108 11850 92 92 2 0 0 0 0 0 0 0 0 0 0 0 0
109 11852 91 91 2 0 0 0 0 0 0 0 0 0 0 0 0
110 11848 93 93 2 0 0 0 0 0 0 0 0 0 0 0 0
111 11850 92 92 2 0 0 0 0 0 0 0 0 0 0 0 0
112 11851 92 92 1 0 0 0 0 0 0 0 0 0 0 0 0
113 11845 95 95 1 0 0 0 0 0 0 0 0 0 0 0 0
114 11849 93 93 1 0 0 0 0 0 0 0 0 0 0 0 0
115 11843 96 96 1 0 0 0 0 0 0 0 0 0 0 0 0
116 11845 95 95 1 0 0 0 0 0 0 0 0 0 0 0 0
117 11841 97 97 1 0 0 0 0 0 0 0 0 0 0 0 0
118 11841 97 97 1 0 0 0 0 0 0 0 0 0 0 0 0
119 11835 100 100 1 0 0 0 0 0 0 0 0 0 0 0 0
120 11835 100 100 1 0 0 0 0 0 0 0 0 0 0 0 0
121 11831 102 102 1 0 0 0 0 0 0 0 0 0 0 0 0
122 11827 104 104 1 0 0 0 0 0 0 0 0 0 0 0 0
123 11827 104 104 1 0 0 0 0 0 0 0 0 0 0 0 0
124 11829 103 103 1 0 0 0 0 0 0 0 0 0 0 0 0
125 11825 105 105 1 0 0 0 0 0 0 0 0 0 0 0 0
126 11825 105 105 1 0 0 0 0 0 0 0 0 0 0 0 0
127 11823 106 106 1 0 0 0 0 0 0 0 0 0 0 0 0
128 11819 108 108 1 0 0 0 0 0 0 0 0 0 0 0 0
129 11821 107 107 1 0 0 0 0 0 0 0 0 0 0 0 0
130 11819 108 108 1 0 0 0 0 0 0 0 0 0 0 0 0
131 11820 107 107 2 0 0 0 0 0 0 0 0 0 0 0 0
132 11818 108 108 2 0 0 0 0 0 0 0 0 0 0 0 0
133 11814 110 110 2 0 0 0 0 0 0 0 0 0 0 0 0
134 11814 110 110 2 0 0 0 0 0 0 0 0 0 0 0 0
135 11812 111 111 2 0 0 0 0 0 0 0 0 0 0 0 0
136 11806 114 114 2 0 0 0 0 0 0 0 0 0 0 0 0
137 11808 113 113 2 0 0 0 0 0 0 0 0 0 0 0 0
138 11808 113 113 2 0 0 0 0 0 0 0 0 0 0 0 0
139 11806 114 114 2 0 0 0 0 0 0 0 0 0 0 0 0
140 11808 113 113 2 0 0 0 0 0 0 0 0 0 0 0 0
141 11812 111 111 2 0 0 0 0 0 0 0 0 0 0 0 0
142 11811 112 112 1 0 0 0 0 0 0 0 0 0 0 0 0
143 11803 116 116 1 0 0 0 0 0 0 0 0 0 0 0 0
144 11807 114 114 1 0 0 0 0 0 0 0 0 0 0 0 0
145 11808 114 114 0 0 0 0 0 0 0 0 0 0 0 0 0
146 11808 114 114 0 0 0 0 0 0 0 0 0 0 0 0 0
147 11806 115 115 0 0 0 0 0 0 0 0 0 0 0 0 0
148 11800 118 118 0 0 0 0 0 0 0 0 0 0 0 0 0
149 11795 120 120 1 0 0 0 0 0 0 0 0 0 0 0 0
150 11791 122 122 1 0 0 0 0 0 0 0 0 0 0 0 0
151 11781 127 127 1 0 0 0 0 0 0 0 0 0 0 0 0
152 11770 132 132 2 0 0 0 0 0 0 0 0 0 0 0 0
153 11766 134 134 2 0 0 0 0 0 0 0 0 0 0 0 0
154 11766 134 134 2 0 0 0 0 0 0 0 0 0 0 0 0
155 11762 136 136 2 0 0 0 0 0 0 0 0 0 0 0 0
156 11750 142 142 2 0 0 0 0 0 0 0 0 0 0 0 0
157 11748 143 143 2 0 0 0 0 0 0 0 0 0 0 0 0
158 11740 147 147 2 0 0 0 0 0 0 0 0 0 0 0 0
159 11734 150 150 2 0 0 0 0 0 0 0 0 0 0 0 0
160 11728 153 153 2 0 0 0 0 0 0 0 0 0 0 0 0
161 11718 158 158 2 0 0 0 0 0 0 0 0 0 0 0 0
162 11718 158 158 2 0 0 0 0 0 0 0 0 0 0 0 0
163 11716 159 159 2 0 0 0 0 0 0 0 0 0 0 0 0
164 11708 163 163 2 0 0 0 0 0 0 0 0 0 0 0 0
165 11704 165 165 2 0 0 0 0 0 0 0 0 0 0 0 0
166 11696 169 169 2 0 0 0 0 0 0 0 0 0 0 0 0
167 11692 171 171 2 0 0 0 0 0 0 0 0 0 0 0 0
168 11680 177 177 2 0 0 0 0 0 0 0 0 0 0 0 0
169 11672 181 181 2 0 0 0 0 0 0 0 0 0 0 0 0
170 11664 185 185 2 0 0 0 0 0 0 0 0 0 0 0 0
171 11655 189 189 3 0 0 0 0 0 0 0 0 0 0 0 0
172 11653 190 190 3 0 0 0 0 0 0 0 0 0 0 0 0
173 11649 192 192 3 0 0 0 0 0 0 0 0 0 0 0 0
174 11640 196 196 4 0 0 0 0 0 0 0 0 0 0 0 0
175 11634 199 199 4 0 0 0 0 0 0 0 0 0 0 0 0
176 11622 205 205 4 0 0 0 0 0 0 0 0 0 0 0 0
177 11618 207 207 4 0 0 0 0 0 0 0 0 0 0 0 0
178 11604 214 214 4 0 0 0 0 0 0 0 0 0 0 0 0
179 11596 218 218 4 0 0 0 0 0 0 0 0 0 0 0 0
180 11566 233 233 4 0 0 0 0 0 0 0 0 0 0 0 0
181 11560 236 236 4 0 0 0 0 0 0 0 0 0 0 0 0
182 11558 237 237 4 0 0 0 0 0 0 0 0 0 0 0 0
183 11554 239 239 4 0 0 0 0 0 0 0 0 0 0 0 0
184 11547 243 243 3 0 0 0 0 0 0 0 0 0 0 0 0
185 11541 246 246 3 0 0 0 0 0 0 0 0 0 0 0 0
186 11527 253 253 3 0 0 0 0 0 0 0 0 0 0 0 0
187 11523 255 255 3 0 0 0 0 0 0 0 0 0 0 0 0
188 11515 259 259 3 0 0 0 0 0 0 0 0 0 0 0 0
189 11507 263 263 3 0 0 0 0 0 0 0 0 0 0 0 0
190 11504 264 264 4 0 0 0 0 0 0 0 0 0 0 0 0
191 11500 266 266 4 0 0 0 0 0 0 0 0 0 0 0 0
192 11498 267 267 4 0 0 0 0 0 0 0 0 0 0 0 0
193 11496 268 268 4 0 0 0 0 0 0 0 0 0 0 0 0
194 11488 272 272 4 0 0 0 0 0 0 0 0 0 0 0 0
195 11484 274 274 4 0 0 0 0 0 0 0 0 0 0 0 0
196 11476 278 278 4 0 0 0 0 0 0 0 0 0 0 0 0
197 11470 281 281 4 0 0 0 0 0 0 0 0 0 0 0 0
198 11454 289 289 4 0 0 0 0 0 0 0 0 0 0 0 0
199 11446 293 293 4 0 0 0 0 0 0 0 0 0 0 0 0
200 11434 299 299 4 0 0 0 0 0 0 0 0 0 0 0 0
201 11428 302 302 4 0 0 0 0 0 0 0 0 0 0 0 0
202 11424 304 304 4 0 0 0 0 0 0 0 0 0 0 0 0
203 11426 303 303 4 0 0 0 0 0 0 0 0 0 0 0 0
204 11409 311 311 5 0 0 0 0 0 0 0 0 0 0 0 0
205 11409 311 311 5 0 0 0 0 0 0 0 0 0 0 0 0
206 11399 316 316 5 0 0 0 0 0 0 0 0 0 0 0 0
207 11385 323 323 5 0 0 0 0 0 0 0 0 0 0 0 0
208 11379 326 326 5 0 0 0 0 0 0 0 0 0 0 0 0
209 11384 324 324 4 0 0 0 0 0 0 0 0 0 0 0 0
210 11378 327 326 3 0 0 1 0 0 0 0 1 0 0 0 0
211 11374 329 328 3 0 0 1 0 0 0 0 1 0 0 0 0
212 11380 326 325 3 0 0 1 0 0 0 0 1 0 0 0 0
213 11374 329 327 2 0 0 2 0 0 0 0 2 0 0 0 0
214 11368 332 330 2 0 0 2 0 0 0 0 2 0 0 0 0
215 11376 328 326 2 0 0 2 0 0 0 0 2 0 0 0 0
216 11364 334 332 2 0 0 2 0 0 0 0 2 0 0 0 0
217 11358 337 335 2 0 0 2 0 0 0 0 2 0 0 0 0
218 11347 342 340 3 0 0 2 0 0 0 0 2 0 0 0 0
219 11334 348 346 4 0 0 2 0 0 0 0 2 0 0 0 0
220 11331 349 347 5 0 0 2 0 0 0 0 2 0 0 0 0
221 11327 351 349 5 0 0 2 0 0 0 0 2 0 0 0 0
222 11313 358 356 5 0 0 2 0 0 0 0 2 0 0 0 0
223 11309 360 358 5 0 0 2 0 0 0 0 2 0 0 0 0
224 11301 364 362 5 0 0 2 0 0 0 0 2 0 0 0 0
225 11301 364 362 5 0 0 2 0 0 0 0 2 0 0 0 0
226 11300 364 362 6 0 0 2 0 0 0 0 2 0 0 0 0
227 11294 367 365 6 0 0 2 0 0 0 0 2 0 0 0 0
228 11282 373 371 6 0 0 2 0 0 0 0 2 0 0 0 0
229 11274 377 375 6 0 0 2 0 0 0 0 2 0 0 0 0
230 11274 377 375 6 0 0 2 0 0 0 0 2 0 0 0 0
231 11276 376 374 6 0 0 2 0 0 0 0 2 0 0 0 0
232 11277 375 373 7 0 0 2 0 0 0 0 2 0 0 0 0
233 11279 374 372 7 0 0 2 0 0 0 0 2 0 0 0 0
234 11267 380 378 7 0 0 2 0 0 0 0 2 0 0 0 0
235 11269 379 377 7 0 0 2 0 0 0 0 2 0 0 0 0
236 11265 381 379 7 0 0 2 0 0 0 0 2 0 0 0 0
237 11261 382 380 9 0 0 2 0 0 0 0 2 0 0 0 0
238 11257 384 382 9 0 0 2 0 0 0 0 2 0 0 0 0
239 11257 384 382 9 0 0 2 0 0 0 0 2 0 0 0 0
240 11251 387 385 9 0 0 2 0 0 0 0 2 0 0 0 0
241 11250 387 385 10 0 0 2 0 0 0 0 2 0 0 0 0
242 11244 390 388 10 0 0 2 0 0 0 0 2 0 0 0 0
243 11238 393 391 10 0 0 2 0 0 0 0 2 0 0 0 0
244 11244 390 388 10 0 0 2 0 0 0 0 2 0 0 0 0
245 11246 389 387 10 0 0 2 0 0 0 0 2 0 0 0 0
246 11248 388 386 10 0 0 2 0 0 0 0 2 0 0 0 0
247 11245 389 387 11 0 0 2 0 0 0 0 2 0 0 0 0
248 11241 391 389 11 0 0 2 0 0 0 0 2 0 0 0 0
249 11247 388 386 11 0 0 2 0 0 0 0 2 0 0 0 0
250 11241 391 389 11 0 0 2 0 0 0 0 2 0 0 0 0
251 11242 391 389 10 0 0 2 0 0 0 0 2 0 0 0 0
252 11238 393 391 10 0 0 2 0 0 0 0 2 0 0 0 0
253 11230 397 395 10 0 0 2 0 0 0 0 2 0 0 0 0
254 11231 397 395 9 0 0 2 0 0 0 0 2 0 0 0 0
255 11217 404 402 9 0 0 2 0 0 0 0 2 0 0 0 0
256 11218 403 401 10 0 0 2 0 0 0 0 2 0 0 0 0
257 11221 402 400 9 0 0 2 0 0 0 0 2 0 0 0 0
258 11223 401 399 9 0 0 2 0 0 0 0 2 0 0 0 0
259 11225 400 398 9 0 0 2 0 0 0 0 2 0 0 0 0
260 11221 401 399 11 0 0 2 0 0 0 0 2 0 0 0 0
261 11210 406 404 12 0 0 2 0 0 0 0 2 0 0 0 0
262 11207 407 405 13 0 0 2 0 0 0 0 2 0 0 0 0
263 11209 406 404 13 0 0 2 0 0 0 0 2 0 0 0 0
264 11203 409 407 13 0 0 2 0 0 0 0 2 0 0 0 0
265 11198 412 410 12 0 0 2 0 0 0 0 2 0 0 0 0
266 11196 413 411 12 0 0 2 0 0 0 0 2 0 0 0 0
267 11192 415 413 12 0 0 2 0 0 0 0 2 0 0 0 0
268 11188 417 415 12 0 0 2 0 0 0 0 2 0 0 0 0
269 11188 417 415 12 0 0 2 0 0 0 0 2 0 0 0 0
270 11182 420 417 11 0 0 3 0 0 0 0 3 0 0 0 0
271 11179 422 419 10 0 0 3 0 0 0 0 3 0 0 0 0
272 11182 420 417 11 0 0 3 0 0 0 0 3 0 0 0 0
273 11176 423 420 11 0 0 3 0 0 0 0 3 0 0 0 0
274 11176 423 420 11 0 0 3 0 0 0 0 3 0 0 0 0
275 11174 424 421 11 0 0 3 0 0 0 0 3 0 0 0 0
276 11169 426 423 12 0 0 3 0 0 0 0 3 0 0 0 0
277 11173 424 421 12 0 0 3 0 0 0 0 3 0 0 0 0
278 11177 422 419 12 0 0 3 0 0 0 0 3 0 0 0 0
279 11177 422 419 12 0 0 3 0 0 0 0 3 0 0 0 0
280 11176 421 418 15 0 0 3 0 0 0 0 3 0 0 0 0
281 11164 427 424 15 0 0 3 0 0 0 0 3 0 0 0 0
282 11162 428 425 15 0 0 3 0 0 0 0 3 0 0 0 0
283 11155 431 428 16 0 0 3 0 0 0 0 3 0 0 0 0
284 11157 430 427 16 0 0 3 0 0 0 0 3 0 0 0 0
285 11162 428 425 15 0 0 3 0 0 0 0 3 0 0 0 0
286 11164 427 424 15 0 0 3 0 0 0 0 3 0 0 0 0
287 11165 426 423 16 0 0 3 0 0 0 0 3 0 0 0 0
288 11163 427 424 16 0 0 3 0 0 0 0 3 0 0 0 0
289 11162 428 425 15 0 0 3 0 0 0 0 3 0 0 0 0
290 11158 430 427 15 0 0 3 0 0 0 0 3 0 0 0 0
291 11154 432 429 15 0 0 3 0 0 0 0 3 0 0 0 0
292 11150 434 431 15 0 0 3 0 0 0 0 3 0 0 0 0
293 11152 433 430 15 0 0 3 0 0 0 0 3 0 0 0 0
294 11152 433 430 15 0 0 3 0 0 0 0 3 0 0 0 0
295 11146 436 432 14 0 0 4 0 0 0 0 4 0 0 0 0
296 11140 439 435 14 0 0 4 0 0 0 0 4 0 0 0 0
297 11138 440 436 14 0 0 4 0 0 0 0 4 0 0 0 0
298 11131 443 439 15 0 0 4 0 0 0 0 4 0 0 0 0
299 11138 440 436 14 0 0 4 0 0 0 0 4 0 0 0 0
300 11136 441 437 14 0 0 4 0 0 0 0 4 0 0 0 0
301 11140 439 435 14 0 0 4 0 0 0 0 4 0 0 0 0
302 11136 441 437 14 0 0 4 0 0 0 0 4 0 0 0 0
303 11139 440 436 13 0 0 4 0 0 0 0 4 0 0 0 0
304 11138 440 436 14 0 0 4 0 0 0 0 4 0 0 0 0
305 11140 438 435 15 0 0 4 0 0 1 0 3 0 0 0 0
306 11136 440 437 15 0 0 4 0 0 1 0 3 0 0 0 0
307 11132 442 439 15 0 0 4 0 0 1 0 3 0 0 0 0
308 11131 442 439 16 0 0 4 0 0 1 0 3 0 0 0 0
309 11129 443 440 16 0 0 4 0 0 1 0 3 0 0 0 0
310 11131 442 439 16 0 0 4 0 0 1 0 3 0 0 0 0
311 11122 447 444 15 0 0 4 0 0 1 0 3 0 0 0 0
312 11120 448 445 15 0 0 4 0 0 1 0 3 0 0 0 0
313 11110 453 450 15 0 0 4 0 0 1 0 3 0 0 0 0
314 11108 454 451 15 0 0 4 0 0 1 0 3 0 0 0 0
315 11100 458 455 15 0 0 4 0 0 1 0 3 0 0 0 0
316 11098 459 456 15 0 0 4 0 0 1 0 3 0 0 0 0
317 11098 459 456 15 0 0 4 0 0 1 0 3 0 0 0 0
318 11093 461 458 16 0 0 4 0 0 1 0 3 0 0 0 0
319 11087 464 461 16 0 0 4 0 0 1 0 3 0 0 0 0
320 11077 469 466 16 0 0 4 0 0 1 0 3 0 0 0 0
321 11073 471 468 16 0 0 4 0 0 1 0 3 0 0 0 0
322 11069 473 470 16 0 0 4 0 0 1 0 3 0 0 0 0
323 11065 475 472 16 0 0 4 0 0 1 0 3 0 0 0 0
324 11066 475 472 15 0 0 4 0 0 1 0 3 0 0 0 0
325 11067 475 472 14 0 0 4 0 0 1 0 3 0 0 0 0
326 11064 476 473 15 0 0 4 0 0 1 0 3 0 0 0 0
327 11062 477 474 15 0 0 4 0 0 1 0 3 0 0 0 0
328 11063 477 474 14 0 0 4 0 0 1 0 3 0 0 0 0
329 11051 482 479 16 0 0 4 0 0 1 0 3 0 0 0 0
330 11047 484 481 16 0 0 4 0 0 1 0 3 0 0 0 0
331 11044 485 483 16 0 0 4 0 0 2 0 2 0 0 0 0
332 11048 483 481 16 0 0 4 0 0 2 0 2 0 0 0 0
333 11046 484 482 16 0 0 4 0 0 2 0 2 0 0 0 0
334 11044 485 483 16 0 0 4 0 0 2 0 2 0 0 0 0
335 11038 488 486 16 0 0 4 0 0 2 0 2 0 0 0 0
336 11034 490 488 16 0 0 4 0 0 2 0 2 0 0 0 0
337 11034 490 488 16 0 0 4 0 0 2 0 2 0 0 0 0
338 11033 489 487 19 0 0 4 0 0 2 0 2 0 0 0 0
339 11029 491 489 19 0 0 4 0 0 2 0 2 0 0 0 0
340 11025 492 490 21 0 0 4 0 0 2 0 2 0 0 0 0
341 11024 493 491 20 0 0 4 0 0 2 0 2 0 0 0 0
342 11027 492 490 19 0 0 4 0 0 2 0 2 0 0 0 0
343 11013 499 497 19 0 0 4 0 0 2 0 2 0 0 0 0
344 11009 501 498 18 0 0 5 0 0 2 0 3 0 0 0 0
345 11015 498 495 18 0 0 5 0 0 2 0 3 0 0 0 0
346 11015 498 495 18 0 0 5 0 0 2 0 3 0 0 0 0
347 11013 499 496 18 0 0 5 0 0 2 0 3 0 0 0 0
348 11007 502 499 18 0 0 5 0 0 2 0 3 0 0 0 0
349 10999 506 503 16 0 0 5 1 0 2 0 4 0 0 0 0
350 10993 509 506 16 0 0 5 1 0 2 0 4 0 0 0 0
351 10994 508 505 17 0 0 5 1 0 2 0 4 0 0 0 0
352 10988 511 508 17 0 0 5 1 0 2 0 4 0 0 0 0
353 10974 518 515 17 0 0 5 1 0 2 0 4 0 0 0 0
354 10973 518 516 17 0 0 4 2 0 2 0 4 0 0 0 0
355 10968 520 518 18 0 0 4 2 0 2 0 4 0 0 0 0
356 10967 520 518 19 0 0 4 2 0 2 0 4 0 0 0 0
357 10964 520 518 22 0 0 4 2 0 2 0 4 0 0 0 0
358 10962 521 519 22 0 0 4 2 0 2 0 4 0 0 0 0
359 10949 527 525 23 0 0 4 2 0 2 0 4 0 0 0 0
360 10948 527 525 24 0 0 4 2 0 2 0 4 0 0 0 0
361 10942 530 528 24 0 0 4 2 0 2 0 4 0 0 0 0
362 10946 528 526 24 0 0 4 2 0 2 0 4 0 0 0 0
363 10949 526 524 25 0 0 4 2 0 2 0 4 0 0 0 0
364 10941 530 528 25 0 0 4 2 0 2 0 4 0 0 0 0
365 10942 529 527 26 0 0 4 2 0 2 0 4 0 0 0 0
366 10934 533 531 26 0 0 4 2 0 2 0 4 0 0 0 0
367 10922 538 536 28 0 0 4 2 0 2 0 4 0 0 0 0
368 10920 539 537 28 0 0 4 2 0 2 0 4 0 0 0 0
369 10922 538 536 28 0 0 4 2 0 2 0 4 0 0 0 0
370 10917 540 538 29 0 0 4 2 0 2 0 4 0 0 0 0
371 10915 541 539 29 0 0 4 2 0 2 0 4 0 0 0 0
372 10910 543 541 30 0 0 4 2 0 2 0 4 0 0 0 0
373 10894 551 549 28 0 0 4 3 0 2 0 5 0 0 0 0
374 10876 559 556 30 0 0 5 2 0 2 0 5 0 0 0 1
375 10864 565 561 29 0 0 6 2 0 2 0 6 0 0 0 1
376 10851 571 566 29 0 0 7 2 0 2 0 7 0 0 0 1
377 10844 575 570 28 0 0 7 2 0 2 0 7 0 0 0 1
378 10833 581 575 26 0 0 8 2 0 2 0 8 0 0 0 1
379 10818 588 582 27 0 0 8 2 0 2 0 8 0 0 0 1
380 10800 597 591 27 0 0 8 2 0 2 0 8 0 0 0 1
381 10786 603 597 29 0 0 8 2 0 2 0 8 0 0 0 1
382 10781 606 600 28 0 0 8 2 0 2 0 8 0 0 0 1
383 10764 614 608 29 0 0 8 2 0 2 0 8 0 0 0 1
384 10749 621 615 30 0 0 8 2 0 2 0 8 0 0 0 1
385 10737 627 621 30 0 0 8 2 0 2 0 8 0 0 0 1
386 10723 633 627 32 0 0 8 2 0 2 0 8 0 0 0 1
387 10712 638 632 33 0 0 8 2 0 2 0 8 0 0 0 1
388 10704 642 636 33 0 0 8 2 0 2 0 8 0 0 0 1
389 10692 648 641 32 0 0 9 2 0 2 0 9 0 0 0 1
390 10681 653 645 32 0 0 10 2 0 2 0 10 0 0 0 1
391 10677 655 647 32 0 0 10 2 0 2 0 10 0 0 0 1
392 10669 659 651 32 0 0 10 2 0 2 0 10 0 0 0 1
393 10658 664 656 33 0 0 10 2 0 2 0 10 0 0 0 1
394 10646 670 662 33 0 0 10 2 0 2 0 10 0 0 0 1
395 10652 666 658 35 0 0 10 2 0 2 0 10 0 0 0 1
396 10644 670 662 35 0 0 10 2 0 2 0 10 0 0 0 1
397 10638 673 665 35 0 0 10 2 0 2 0 10 0 0 0 1
398 10628 678 670 35 0 0 10 2 0 2 0 10 0 0 0 1
399 10625 679 671 36 0 0 10 2 0 2 0 10 0 0 0 1
400 10616 683 675 37 0 0 10 2 0 2 0 10 0 0 0 1
401 10620 681 673 37 0 0 10 2 0 2 0 10 0 0 0 1
402 10611 684 676 40 0 0 10 2 0 2 0 10 0 0 0 1
403 10607 686 678 40 0 0 10 2 0 2 0 10 0 0 0 1
404 10596 691 683 41 0 0 10 2 0 2 0 10 0 0 0 1
405 10572 702 694 43 0 0 10 2 0 2 0 10 0 0 0 1
406 10556 710 701 42 0 0 11 2 0 2 0 11 0 0 0 1
407 10549 713 704 43 0 0 11 2 0 2 0 11 0 0 0 1
408 10544 715 705 43 0 0 12 2 0 2 0 12 0 0 0 1
409 10532 721 711 43 0 0 12 2 0 2 0 12 0 0 0 1
410 10520 727 717 43 0 0 12 2 0 2 0 12 0 0 0 1
411 10511 731 721 44 0 0 12 2 0 2 0 12 0 0 0 1
412 10510 732 722 43 0 0 12 2 0 2 0 12 0 0 0 1
413 10485 744 734 44 0 0 12 2 0 2 0 12 0 0 0 1
414 10476 748 738 43 0 0 13 2 0 3 0 12 0 0 0 1
415 10476 748 738 43 0 0 13 2 0 3 0 12 0 0 0 1
416 10464 753 742 44 0 0 14 2 0 3 0 13 0 0 0 1
417 10456 757 745 43 0 0 15 2 0 3 0 14 0 0 0 1
418 10467 752 740 42 0 0 15 2 0 3 0 14 0 0 0 1
419 10474 747 735 43 0 0 16 2 0 4 0 14 0 0 0 1
420 10473 748 736 42 0 0 16 2 0 4 0 14 0 0 0 1
421 10463 752 740 44 0 0 16 2 0 4 0 14 0 0 0 1
422 10465 751 739 44 0 0 16 2 0 4 0 14 0 0 0 1
423 10457 755 743 44 0 0 16 2 0 4 0 14 0 0 0 1
424 10453 757 745 44 0 0 16 2 0 4 0 14 0 0 0 1
425 10448 759 747 45 0 0 16 2 0 4 0 14 0 0 0 1
426 10443 760 747 48 0 0 17 1 0 4 0 14 0 0 0 2
427 10432 765 751 48 0 0 18 1 0 4 0 15 0 0 0 2
428 10417 772 758 49 0 0 18 1 0 4 0 15 0 0 0 2
429 10414 772 758 52 0 0 18 1 0 4 0 15 0 0 0 2
430 10400 779 764 51 0 0 19 1 0 4 0 16 0 0 0 2
431 10390 784 769 49 0 0 19 2 0 4 0 17 0 0 0 2
432 10390 785 770 47 0 0 19 2 0 4 0 17 0 0 0 2
433 10378 790 775 49 0 0 19 2 0 4 0 17 0 0 0 2
434 10384 787 771 49 0 0 20 1 0 4 0 17 0 0 0 3
435 10378 791 774 46 0 0 21 1 0 4 0 18 0 0 0 3
436 10367 796 779 47 0 0 21 1 0 4 0 18 0 0 0 3
437 10367 795 779 48 0 0 21 1 0 5 0 17 0 0 0 3
438 10370 794 778 47 0 0 21 1 0 5 0 17 0 0 0 3
439 10364 796 780 49 0 0 21 1 0 5 0 17 0 0 0 3
440 10374 792 776 47 0 0 21 1 0 5 0 17 0 0 0 3
441 10363 798 782 46 0 0 21 1 0 5 0 17 0 0 0 3
442 10359 800 784 46 0 0 21 1 0 5 0 17 0 0 0 3
443 10350 804 788 47 0 0 21 1 0 5 0 17 0 0 0 3
444 10348 804 788 49 0 0 21 1 0 5 0 17 0 0 0 3
445 10341 807 793 48 0 0 20 2 0 6 0 16 0 0 0 3
446 10331 811 797 50 0 0 20 2 0 6 0 16 0 0 0 3
447 10342 806 792 49 0 0 20 2 0 6 0 16 0 0 0 3
448 10335 809 795 50 0 0 20 2 0 6 0 16 0 0 0 3
449 10330 811 796 50 0 0 21 2 0 6 0 17 0 0 0 3
450 10322 813 798 54 0 0 21 2 0 6 0 17 0 0 0 3
451 10317 815 800 55 0 0 21 2 0 6 0 17 0 0 0 3
452 10308 820 805 54 0 0 21 2 0 6 0 17 0 0 0 3
453 10305 820 806 56 0 0 21 2 0 7 0 16 0 0 0 3
454 10306 819 805 57 0 0 21 2 0 7 0 16 0 0 0 3
455 10307 819 805 56 0 0 21 2 0 7 0 16 0 0 0 3
456 10305 820 806 56 0 0 21 2 0 7 0 16 0 0 0 3
457 10298 823 809 57 0 0 21 2 0 7 0 16 0 0 0 3
458 10305 820 806 56 0 0 21 2 0 7 0 16 0 0 0 3
459 10290 827 813 57 0 0 21 2 0 7 0 16 0 0 0 3
460 10283 830 817 57 0 0 21 2 0 8 0 15 0 0 0 3
461 10273 835 820 55 0 0 23 2 0 8 0 17 0 0 0 3
462 10261 841 826 55 0 0 23 2 0 8 0 17 0 0 0 3
463 10250 845 831 57 0 0 23 2 0 9 0 16 0 0 0 3
464 10255 843 829 56 0 0 23 2 0 9 0 16 0 0 0 3
465 10245 848 834 56 0 0 23 2 0 9 0 16 0 0 0 3
466 10237 852 838 56 0 0 23 2 0 9 0 16 0 0 0 3
467 10235 852 838 58 0 0 23 2 0 9 0 16 0 0 0 3
468 10233 853 838 57 0 0 24 2 0 9 0 17 0 0 0 3
469 10222 858 843 58 0 0 24 2 0 9 0 17 0 0 0 3
470 10230 854 839 58 0 0 24 2 0 9 0 17 0 0 0 3
471 10232 852 837 60 0 0 24 2 0 9 0 17 0 0 0 3
472 10233 852 837 59 0 0 24 2 0 9 0 17 0 0 0 3
473 10240 849 834 58 0 0 24 2 0 9 0 17 0 0 0 3
474 10237 851 836 57 0 0 24 2 0 9 0 17 0 0 0 3
475 10235 852 837 57 0 0 24 2 0 9 0 17 0 0 0 3
476 10230 854 839 58 0 0 24 2 0 9 0 17 0 0 0 3
477 10231 854 838 56 0 0 25 2 0 9 0 18 0 0 0 3
478 10240 849 833 57 0 0 25 2 0 9 0 18 0 0 0 3
479 10228 855 839 57 0 0 25 2 0 9 0 18 0 0 0 3
480 10228 855 839 57 0 0 25 2 0 9 0 18 0 0 0 3
481 10224 858 841 54 0 0 26 2 0 9 0 19 0 0 0 3
482 10221 859 842 55 0 0 26 2 0 9 0 19 0 0 0 3
483 10221 859 842 55 0 0 26 2 0 9 0 19 0 0 0 3
484 10218 860 843 56 0 0 26 2 0 9 0 19 0 0 0 3
485 10219 860 843 55 0 0 26 2 0 9 0 19 0 0 0 3
486 10229 855 838 55 0 0 26 2 0 9 0 19 0 0 0 3
487 10230 855 838 54 0 0 26 2 0 9 0 19 0 0 0 3
488 10236 852 835 54 0 0 26 2 0 9 0 19 0 0 0 3
489 10237 851 833 54 0 0 27 2 0 9 0 20 0 0 0 3
490 10236 851 833 55 0 0 27 2 0 9 0 20 0 0 0 3
491 10240 849 831 55 0 0 27 2 0 9 0 20 0 0 0 3
492 10245 846 828 56 0 0 27 2 0 9 0 20 0 0 0 3
493 10252 843 825 55 0 0 27 2 0 9 0 20 0 0 0 3
494 10241 848 830 56 0 0 27 2 0 9 0 20 0 0 0 3
495 10239 849 831 56 0 0 27 2 0 9 0 20 0 0 0 3
496 10241 848 830 56 0 0 27 2 0 9 0 20 0 0 0 3
497 10237 850 832 56 0 0 27 2 0 9 0 20 0 0 0 3
498 10222 857 839 57 0 0 27 2 0 9 0 20 0 0 0 3
499 10225 854 836 60 0 0 27 2 0 9 0 20 0 0 0 3
500 10239 847 829 60 0 0 27 2 0 9 0 20 0 0 0 3
501 10241 846 828 60 0 0 27 2 0 9 0 20 0 0 0 3
502 10239 846 828 62 0 0 27 2 0 9 0 20 0 0 0 3
503 10232 850 832 61 0 0 27 2 0 9 0 20 0 0 0 3
504 10231 850 832 62 0 0 27 2 0 9 0 20 0 0 0 3
505 10234 848 830 63 0 0 27 2 0 9 0 20 0 0 0 3
506 10236 847 829 63 0 0 27 2 0 9 0 20 0 0 0 3
507 10228 851 833 63 0 0 27 2 0 9 0 20 0 0 0 3
508 10229 851 833 62 0 0 27 2 0 9 0 20 0 0 0 3
509 10220 855 837 63 0 0 27 2 0 9 0 20 0 0 0 3
510 10210 860 842 63 0 0 27 2 0 9 0 20 0 0 0 3
511 10210 860 842 63 0 0 27 2 0 9 0 20 0 0 0 3
512 10223 854 836 62 0 0 27 2 0 9 0 20 0 0 0 3
513 10227 851 834 63 0 0 27 2 0 10 0 19 0 0 0 3
514 10219 855 838 63 0 0 27 2 0 10 0 19 0 0 0 3
515 10218 855 838 64 0 0 27 2 0 10 0 19 0 0 0 3
516 10214 857 840 64 0 0 27 2 0 10 0 19 0 0 0 3
517 10221 853 837 64 0 0 27 2 0 11 0 18 0 0 0 3
518 10217 853 837 68 0 0 27 2 0 11 0 18 0 0 0 3
519 10208 857 840 68 0 0 28 2 0 11 0 19 0 0 0 3
520 10207 856 839 71 0 0 28 2 0 11 0 19 0 0 0 3
521 10213 853 836 71 0 0 28 2 0 11 0 19 0 0 0 3
522 10210 854 837 72 0 0 28 2 0 11 0 19 0 0 0 3
523 10205 857 840 71 0 0 28 2 0 11 0 19 0 0 0 3
524 10207 857 840 69 0 0 28 2 0 11 0 19 0 0 0 3
525 10210 854 838 71 0 0 27 3 0 11 0 19 0 0 0 3
526 10207 855 839 72 0 0 27 3 0 11 0 19 0 0 0 3
527 10214 852 836 71 0 0 27 3 0 11 0 19 0 0 0 3
528 10211 854 838 70 0 0 27 3 0 11 0 19 0 0 0 3
529 10203 859 843 68 0 0 27 3 0 11 0 19 0 0 0 3
530 10201 859 843 70 0 0 27 3 0 11 0 19 0 0 0 3
531 10201 859 843 70 0 0 27 3 0 11 0 19 0 0 0 3
532 10198 860 844 71 0 0 27 3 0 11 0 19 0 0 0 3
533 10195 861 845 72 0 0 27 3 0 11 0 19 0 0 0 3
534 10189 863 847 74 0 0 27 3 0 11 0 19 0 0 0 3
535 10193 861 845 74 0 0 27 3 0 11 0 19 0 0 0 3
536 10194 861 845 73 0 0 27 3 0 11 0 19 0 0 0 3
537 10191 862 846 74 0 0 27 3 0 11 0 19 0 0 0 3
538 10185 865 849 74 0 0 27 3 0 11 0 19 0 0 0 3
539 10176 869 853 75 0 0 27 3 0 11 0 19 0 0 0 3
540 10170 871 855 77 0 0 27 3 0 11 0 19 0 0 0 3
541 10171 870 854 78 0 0 27 3 0 11 0 19 0 0 0 3
542 10172 869 852 78 0 0 28 3 0 11 0 20 0 0 0 3
543 10174 868 851 78 0 0 28 3 0 11 0 20 0 0 0 3
544 10175 868 851 77 0 0 28 3 0 11 0 20 0 0 0 3
545 10171 870 853 77 0 0 28 3 0 11 0 20 0 0 0 3
546 10175 869 852 75 0 0 28 3 0 11 0 20 0 0 0 3
547 10186 862 845 78 0 0 28 3 0 11 0 20 0 0 0 3
548 10188 860 843 80 0 0 28 3 0 11 0 20 0 0 0 3
549 10184 862 845 80 0 0 28 3 0 11 0 20 0 0 0 3
550 10178 865 848 80 0 0 28 3 0 11 0 20 0 0 0 3
551 10183 862 845 81 0 0 28 3 0 11 0 20 0 0 0 3
552 10173 866 849 83 0 0 28 3 0 11 0 20 0 0 0 3
553 10159 873 856 83 0 0 28 3 0 11 0 20 0 0 0 3
554 10163 871 854 83 0 0 28 3 0 11 0 20 0 0 0 3
555 10159 873 856 83 0 0 28 3 0 11 0 20 0 0 0 3
556 10167 868 851 85 0 0 28 3 0 11 0 20 0 0 0 3
557 10157 872 855 87 0 0 28 3 0 11 0 20 0 0 0 3
558 10152 874 855 88 0 0 29 3 0 10 0 22 0 0 0 3
559 10143 877 859 90 0 0 29 3 0 11 0 21 0 0 0 3
560 10141 878 860 90 0 0 29 3 0 11 0 21 0 0 0 3
561 10141 879 861 88 0 0 29 3 0 11 0 21 0 0 0 3
562 10119 889 870 89 0 0 30 3 0 11 0 22 0 0 0 3
563 10117 889 872 89 0 0 30 3 0 13 0 20 0 0 0 3
564 10108 893 877 89 0 0 30 3 0 14 0 19 0 0 0 3
565 10100 896 880 91 0 0 30 3 0 14 0 19 0 0 0 3
566 10078 907 891 91 0 0 30 3 0 14 0 19 0 0 0 3
567 10068 912 896 89 0 0 31 3 0 15 0 19 0 0 0 3
568 10060 914 898 93 0 0 31 3 0 15 0 19 0 0 0 3
569 10042 922 906 93 0 0 31 4 0 15 0 20 0 0 0 3
570 10036 925 909 93 0 0 31 4 0 15 0 20 0 0 0 3
571 10029 927 911 96 0 0 31 4 0 15 0 20 0 0 0 3
572 10010 936 917 96 0 0 33 4 0 14 0 23 0 0 0 3
573 10002 940 921 96 0 0 33 4 0 14 0 23 0 0 0 3
574 9984 949 928 96 0 0 34 4 0 13 0 25 0 0 0 3
575 9976 951 928 96 0 0 36 5 0 13 0 28 0 0 0 3
576 9954 962 939 96 0 0 36 5 0 13 0 28 0 0 0 3
577 9946 968 944 93 0 0 36 5 0 12 0 29 0 0 0 3
578 9936 972 948 95 0 0 36 5 0 12 0 29 0 0 0 3
579 9924 977 954 96 0 0 36 5 0 13 0 28 0 0 0 3
580 9894 991 968 96 0 0 36 6 0 13 0 29 0 0 0 3
581 9886 995 970 94 0 0 38 6 0 13 0 31 0 0 0 3
582 9876 1000 975 94 0 0 38 6 0 13 0 31 0 0 0 3
583 9860 1007 982 96 0 0 38 6 0 13 0 31 0 0 0 3
584 9857 1007 982 99 0 0 38 6 0 13 0 31 0 0 0 3
585 9844 1010 983 103 0 0 40 6 0 13 0 33 0 0 0 4
586 9838 1012 983 103 0 0 42 6 0 13 0 35 0 0 0 4
587 9831 1015 986 102 0 0 42 7 0 13 0 36 0 0 0 4
588 9825 1018 989 102 0 0 42 7 0 13 0 36 0 0 0 4
589 9826 1017 988 103 0 0 42 7 0 13 0 36 0 0 0 4
590 9810 1023 994 105 0 0 42 8 0 13 0 37 0 0 0 4
591 9810 1024 995 103 0 0 42 8 0 13 0 37 0 0 0 4
592 9803 1026 998 105 0 0 42 8 0 14 0 36 0 0 0 4
593 9798 1029 1002 103 0 0 41 9 0 14 0 36 0 0 0 4
594 9784 1035 1009 104 0 0 41 9 0 15 0 35 0 0 0 4
595 9770 1042 1016 104 0 0 41 9 0 15 0 35 0 0 0 4
596 9769 1042 1016 102 0 0 42 9 0 16 0 35 0 0 0 5
597 9761 1046 1018 101 0 0 44 8 0 16 0 36 0 0 0 6
598 9760 1047 1018 100 0 0 45 7 0 16 0 36 0 0 0 7
599 9755 1050 1021 99 0 0 45 7 0 16 0 36 0 0 0 7
600 9756 1049 1021 99 0 0 45 7 0 17 0 35 0 0 0 7
601 9758 1048 1018 97 0 0 47 7 0 17 0 37 0 0 0 7
602 9743 1055 1025 96 0 0 48 7 0 18 0 37 0 0 0 7
603 9743 1055 1024 97 0 0 48 7 0 17 0 38 0 0 0 7
604 9737 1056 1025 99 0 0 48 8 0 17 0 39 0 0 0 7
605 9729 1060 1029 99 0 0 48 8 0 17 0 39 0 0 0 7
606 9710 1068 1037 102 0 0 48 8 0 17 0 39 0 0 0 7
607 9704 1071 1039 102 0 0 49 7 0 17 0 39 0 0 0 8
608 9702 1071 1039 104 0 0 49 7 0 17 0 39 0 0 0 8
609 9702 1070 1038 106 0 0 49 7 0 17 0 39 0 0 0 8
610 9700 1072 1040 104 0 0 49 7 0 17 0 39 0 0 0 8
611 9700 1070 1038 106 0 0 50 7 0 18 0 39 0 0 0 8
612 9683 1078 1045 106 0 0 51 7 0 18 0 40 0 0 0 8
613 9672 1084 1051 105 0 0 51 7 0 18 0 40 0 0 0 8
614 9678 1081 1048 105 0 0 51 7 0 18 0 40 0 0 0 8
615 9658 1091 1057 104 0 0 52 7 0 18 0 41 0 0 0 8
616 9663 1087 1054 104 0 0 53 7 0 20 0 40 0 0 0 8
617 9655 1091 1058 104 0 0 53 7 0 20 0 40 0 0 0 8
618 9656 1090 1057 105 0 0 53 7 0 20 0 40 0 0 0 8
619 9656 1090 1056 104 0 0 54 7 0 20 0 41 0 0 0 8
620 9653 1091 1057 105 0 0 54 7 0 20 0 41 0 0 0 8
621 9650 1093 1059 104 0 0 54 7 0 20 0 41 0 0 0 8
622 9646 1095 1060 103 0 0 55 7 0 20 0 42 0 0 0 8
623 9644 1095 1061 104 0 0 55 7 0 21 0 41 0 0 0 8
624 9630 1101 1067 106 0 0 55 7 0 21 0 41 0 0 0 8
625 9636 1098 1064 106 0 0 55 7 0 21 0 41 0 0 0 8
626 9634 1099 1065 106 0 0 55 7 0 21 0 41 0 0 0 8
627 9635 1098 1062 103 0 0 57 8 0 21 0 44 0 0 0 8
628 9640 1095 1059 104 0 0 57 8 0 21 0 44 0 0 0 8
629 9631 1099 1063 105 0 0 57 8 0 21 0 44 0 0 0 8
630 9617 1105 1068 107 0 0 58 7 0 21 0 44 0 0 0 9
631 9621 1104 1067 105 0 0 58 7 0 21 0 44 0 0 0 9
632 9617 1106 1069 105 0 0 58 7 0 21 0 44 0 0 0 9
633 9604 1112 1075 106 0 0 58 7 0 21 0 44 0 0 0 9
634 9600 1113 1077 107 0 0 58 7 0 22 0 43 0 0 0 9
635 9588 1117 1081 111 0 0 58 7 0 22 0 43 0 0 0 9
636 9581 1120 1084 112 0 0 58 7 0 22 0 43 0 0 0 9
637 9580 1120 1084 113 0 0 58 7 0 22 0 43 0 0 0 9
638 9584 1118 1082 113 0 0 58 7 0 22 0 43 0 0 0 9
639 9567 1126 1089 113 0 0 59 7 0 22 0 44 0 0 0 9
640 9568 1124 1086 113 0 0 60 8 0 22 0 46 0 0 0 9
641 9581 1116 1079 115 0 0 60 8 0 23 0 45 0 0 0 9
642 9580 1117 1079 113 0 0 61 8 0 23 0 46 0 0 0 9
643 9571 1121 1082 113 0 0 62 8 0 23 0 47 0 0 0 9
644 9563 1125 1085 112 0 0 63 8 0 23 0 48 0 0 0 9
645 9567 1123 1083 112 0 0 63 8 0 23 0 48 0 0 0 9
646 9568 1123 1083 109 0 0 63 9 0 23 0 49 0 0 0 9
647 9561 1126 1086 110 0 0 63 9 0 23 0 49 0 0 0 9
648 9556 1128 1089 109 0 0 63 9 0 24 0 48 0 0 0 10
649 9572 1120 1080 108 0 0 64 9 0 24 0 49 0 0 0 10
650 9560 1126 1086 108 0 0 64 9 0 24 0 49 0 0 0 10
651 9566 1122 1082 108 0 0 64 10 0 24 0 50 0 0 0 10
652 9557 1125 1086 109 0 0 64 10 0 25 0 49 0 0 0 11
653 9549 1128 1089 109 0 0 65 10 0 26 0 49 0 0 0 11
654 9564 1119 1081 111 0 0 65 10 0 27 0 48 0 0 0 11
655 9562 1120 1081 110 0 0 66 10 0 27 0 49 0 0 0 11
656 9560 1119 1080 114 0 0 66 10 0 27 0 49 0 0 0 11
657 9551 1123 1084 115 0 0 66 10 0 27 0 49 0 0 0 11
658 9549 1123 1086 115 0 0 65 11 0 28 0 48 0 0 0 11
659 9543 1125 1088 117 0 0 65 11 0 28 0 48 0 0 0 11
660 9552 1122 1085 114 0 0 65 11 0 28 0 48 0 0 0 11
661 9549 1123 1086 113 0 0 66 11 0 29 0 48 0 0 0 11
662 9564 1116 1079 112 0 0 66 11 0 29 0 48 0 0 0 11
663 9562 1117 1080 112 0 0 66 11 0 29 0 48 0 0 0 11
664 9572 1113 1076 110 0 0 66 11 0 29 0 48 0 0 0 11
665 9569 1114 1076 110 0 0 67 11 0 29 0 49 0 0 0 11
666 9576 1110 1072 109 0 0 68 11 0 30 0 49 0 0 0 11
667 9583 1107 1071 106 0 0 67 12 0 31 0 48 0 0 0 11
668 9576 1109 1071 107 0 0 69 12 0 31 0 50 0 0 0 11
669 9578 1107 1069 109 0 0 69 12 0 31 0 50 0 0 0 11
670 9583 1105 1066 107 0 0 70 12 0 31 0 51 0 0 0 11
671 9586 1104 1065 106 0 0 70 12 0 31 0 51 0 0 0 11
672 9590 1101 1063 107 0 0 70 12 0 32 0 50 0 0 0 11
673 9584 1102 1063 111 0 0 71 11 0 32 0 50 0 0 0 12
674 9577 1106 1067 110 0 0 71 11 0 32 0 50 0 0 0 12
675 9574 1108 1069 109 0 0 71 11 0 32 0 50 0 0 0 12
676 9573 1109 1070 108 0 0 71 11 0 32 0 50 0 0 0 12
677 9570 1111 1072 107 0 0 71 11 0 32 0 50 0 0 0 12
678 9574 1109 1070 107 0 0 71 11 0 32 0 50 0 0 0 12
679 9574 1108 1070 108 0 0 71 11 0 33 0 49 0 0 0 12
680 9573 1109 1072 106 0 0 70 12 0 33 0 49 0 0 0 12
681 9565 1112 1075 108 0 0 70 12 0 33 0 49 0 0 0 12
682 9566 1112 1076 106 0 0 70 12 0 34 0 48 0 0 0 12
683 9559 1116 1079 104 0 0 71 12 0 34 0 49 0 0 0 12
684 9558 1116 1079 105 0 0 71 12 0 34 0 49 0 0 0 12
685 9568 1110 1073 105 0 0 72 12 0 35 0 49 0 0 0 12
686 9568 1110 1073 105 0 0 72 12 0 35 0 49 0 0 0 12
687 9561 1113 1076 106 0 0 72 12 0 35 0 49 0 0 0 12
688 9551 1118 1081 106 0 0 72 12 0 35 0 49 0 0 0 12
689 9562 1113 1076 105 0 0 72 12 0 35 0 49 0 0 0 12
690 9560 1113 1076 107 0 0 72 12 0 35 0 49 0 0 0 12
691 9554 1115 1079 108 0 0 72 12 0 36 0 48 0 0 0 12
692 9555 1114 1078 109 0 0 72 12 0 36 0 48 0 0 0 12
693 9542 1121 1085 108 0 0 72 12 0 36 0 48 0 0 0 12
694 9540 1122 1087 107 0 0 72 12 0 37 0 47 0 0 0 12
695 9560 1112 1077 105 0 0 72 13 0 37 0 48 0 0 0 12
696 9571 1105 1069 107 0 0 74 12 0 38 0 48 0 0 0 12
697 9573 1104 1066 105 0 0 76 12 0 38 0 50 0 0 0 12
698 9585 1099 1061 103 0 0 76 12 0 38 0 50 0 0 0 12
699 9578 1103 1065 102 0 0 76 12 0 38 0 50 0 0 0 12
700 9567 1109 1070 102 0 0 76 12 0 37 0 51 0 0 0 12
701 9567 1111 1071 99 0 0 76 12 0 36 0 52 0 0 0 12
702 9565 1112 1072 99 0 0 76 12 0 36 0 52 0 0 0 12
703 9567 1111 1071 97 0 0 77 12 0 37 0 52 0 0 0 12
704 9566 1111 1071 98 0 0 77 12 0 37 0 52 0 0 0 12
705 9563 1110 1070 103 0 0 77 12 0 37 0 52 0 0 0 12
706 9555 1115 1075 101 0 0 77 12 0 37 0 52 0 0 0 12
707 9553 1115 1075 103 0 0 77 12 0 37 0 52 0 0 0 12
708 9554 1114 1074 104 0 0 77 12 0 37 0 52 0 0 0 12
709 9573 1105 1064 102 0 0 78 12 0 37 0 53 0 0 0 12
710 9577 1102 1062 103 0 0 78 12 0 38 0 52 0 0 0 12
711 9579 1100 1060 103 0 0 79 12 0 39 0 52 0 0 0 12
712 9585 1095 1053 103 0 0 81 13 0 39 0 55 0 0 0 12
713 9578 1098 1056 104 0 0 81 13 0 39 0 55 0 0 0 12
714 9576 1099 1057 104 0 0 81 13 0 39 0 55 0 0 0 12
715 9579 1098 1056 103 0 1 81 12 0 39 1 54 0 0 0 12
716 9570 1102 1060 104 0 1 81 12 0 39 1 54 0 0 0 12
717 9569 1101 1060 104 0 1 82 12 0 41 1 53 0 0 0 12
718 9565 1103 1062 104 0 1 82 12 0 41 1 53 0 0 0 12
719 9557 1107 1065 103 0 1 83 12 0 41 1 54 0 0 0 12
720 9559 1108 1065 100 0 1 83 12 0 40 1 55 0 0 0 12
721 9551 1111 1068 100 0 1 83 13 0 40 1 56 0 0 0 12
722 9553 1110 1067 100 0 1 83 13 0 40 1 56 0 0 0 12
723 9552 1111 1068 99 0 1 83 13 0 40 1 56 0 0 0 12
724 9553 1110 1067 100 0 1 83 13 0 40 1 56 0 0 0 12
725 9546 1114 1070 98 0 1 84 13 0 40 1 57 0 0 0 12
726 9552 1110 1068 98 0 1 83 14 0 41 1 56 0 0 0 12
727 9549 1111 1069 99 0 1 83 14 0 41 1 56 0 0 0 12
728 9552 1110 1067 97 0 1 84 14 0 41 1 57 0 0 0 12
729 9558 1107 1064 97 0 1 84 14 0 41 1 57 0 0 0 12
730 9557 1108 1065 96 0 1 84 14 0 41 1 57 0 0 0 12
731 9561 1106 1063 94 0 1 85 14 0 42 1 57 0 0 0 12
732 9569 1101 1058 96 0 1 85 14 0 42 1 57 0 0 0 12
733 9567 1101 1058 98 0 1 85 14 0 42 1 57 0 0 0 12
734 9562 1102 1058 100 0 1 86 14 0 42 1 58 0 0 0 12
735 9559 1104 1061 98 0 1 85 15 0 42 1 58 0 0 0 12
736 9562 1101 1059 100 0 1 85 15 0 43 1 57 0 0 0 12
737 9561 1101 1059 99 0 1 86 15 0 44 1 57 0 0 0 12
738 9573 1095 1052 98 0 1 87 15 0 44 1 58 0 0 0 12
739 9567 1097 1053 99 0 1 88 15 0 44 1 59 0 0 0 12
740 9572 1093 1050 101 0 1 88 15 0 45 1 58 0 0 0 12
741 9573 1091 1049 103 0 1 88 15 0 46 1 57 0 0 0 12
742 9588 1083 1041 104 0 1 88 15 0 46 1 57 0 0 0 12
743 9583 1086 1044 103 1 0 88 15 0 47 1 56 0 0 0 12
744 9572 1089 1046 107 1 0 89 15 0 47 1 57 0 0 0 12
745 9569 1089 1047 109 1 0 88 16 0 47 1 57 0 0 0 12
746 9563 1093 1051 107 1 0 88 16 0 47 1 57 0 0 0 12
747 9560 1094 1052 108 1 0 88 16 0 47 1 57 0 0 0 12
748 9559 1094 1052 109 1 0 88 16 0 47 1 57 0 0 0 12
749 9555 1096 1054 109 1 0 88 16 0 47 1 57 0 0 0 12
750 9557 1094 1052 110 1 0 89 15 0 48 1 56 0 0 0 13
751 9549 1097 1056 111 1 0 88 16 0 48 1 56 0 0 0 13
752 9544 1099 1059 111 1 0 87 17 0 48 1 56 0 0 0 13
753 9556 1095 1055 107 1 0 87 17 0 48 1 56 0 0 0 13
754 9549 1098 1058 108 1 0 87 17 0 48 1 56 0 0 0 13
755 9551 1098 1057 105 1 0 88 17 0 48 1 57 0 0 0 13
756 9543 1101 1061 106 1 0 88 17 0 49 1 56 0 0 0 13
757 9532 1106 1067 106 1 0 87 18 0 49 1 56 0 0 0 13
758 9540 1102 1062 106 1 0 88 17 0 49 1 56 0 0 0 14
759 9539 1105 1063 101 1 0 90 16 0 49 1 57 0 0 0 14
760 9538 1105 1063 102 1 0 90 16 0 49 1 57 0 0 0 14
761 9539 1103 1062 104 1 0 89 17 0 49 1 57 0 0 0 14
762 9521 1110 1069 108 1 0 89 17 0 49 1 57 0 0 0 14
763 9520 1112 1070 104 1 0 90 17 0 49 1 58 0 0 0 14
764 9507 1118 1076 105 1 0 90 17 0 49 1 58 0 0 0 14
765 9500 1121 1079 106 1 0 90 17 0 49 1 58 0 0 0 14
766 9492 1126 1084 104 1 0 90 17 0 49 1 58 0 0 0 14
767 9476 1133 1091 106 1 0 90 17 0 49 1 58 0 0 0 14
768 9470 1135 1092 108 1 0 91 16 0 49 1 58 0 0 0 15
769 9471 1135 1091 106 1 0 92 16 0 49 1 59 0 0 0 15
770 9460 1141 1097 105 1 0 92 16 0 49 1 59 0 0 0 15
771 9444 1147 1100 106 1 0 95 16 0 49 1 62 0 0 0 15
772 9428 1154 1106 107 1 0 96 16 0 49 1 63 0 0 0 15
773 9435 1151 1103 106 1 0 97 15 0 50 1 62 0 0 0 15
774 9420 1158 1109 106 1 0 98 15 0 50 1 63 0 0 0 15
775 9426 1154 1105 106 1 0 98 16 0 50 1 64 0 0 0 15
776 9416 1159 1110 106 1 0 98 16 0 50 1 64 0 0 0 15
777 9406 1164 1116 105 1 0 98 16 0 51 1 63 0 0 0 15
778 9397 1167 1119 108 1 0 98 16 0 51 1 63 0 0 0 15
779 9388 1170 1122 111 1 0 98 16 0 51 1 63 0 0 0 15
780 9363 1182 1133 112 1 0 99 15 0 51 1 63 0 0 0 16
781 9351 1186 1136 115 1 0 101 14 0 52 1 63 0 0 0 16
782 9346 1188 1137 115 1 0 102 14 0 52 1 64 0 0 0 16
783 9350 1186 1133 113 1 0 104 14 0 52 1 66 0 0 0 16
784 9336 1193 1140 110 1 0 105 14 0 53 1 66 0 0 0 17
785 9327 1198 1144 109 1 0 106 13 0 53 1 66 0 0 0 18
786 9331 1197 1142 106 1 0 107 13 0 53 1 67 0 0 0 18
787 9331 1196 1140 107 1 0 108 13 0 53 1 68 0 0 0 18
788 9331 1195 1139 108 1 0 109 12 0 54 1 67 0 0 0 19
789 9325 1198 1141 107 1 0 110 12 0 54 1 68 0 0 0 19
790 9318 1202 1145 104 1 0 111 12 0 55 1 68 0 0 0 19
791 9309 1205 1149 106 1 0 111 12 0 56 1 67 0 0 0 19
792 9292 1214 1158 105 1 0 111 12 0 56 1 67 0 0 0 19
793 9279 1220 1164 106 1 0 111 12 0 56 1 67 0 0 0 19
794 9270 1223 1166 108 1 0 113 11 0 57 1 67 0 0 0 19
795 9263 1224 1167 111 1 0 113 12 0 57 1 68 0 0 0 19
796 9255 1228 1170 112 1 0 114 11 0 57 1 68 0 0 0 19
797 9246 1232 1173 112 1 0 115 11 0 57 1 69 0 0 0 19
798 9237 1234 1176 114 1 0 115 12 0 58 1 69 0 0 0 19
799 9224 1240 1181 116 1 0 116 11 0 58 1 69 0 0 0 19
800 9214 1242 1183 122 1 0 116 11 0 58 1 69 0 0 0 19
801 9199 1248 1190 124 1 0 116 11 0 59 1 68 0 0 0 19
802 9194 1250 1192 125 1 0 116 11 0 59 1 68 0 0 0 19
803 9191 1252 1194 124 1 0 116 11 0 59 1 68 0 0 0 19
804 9186 1254 1197 124 1 0 116 11 0 60 1 67 0 0 0 19
805 9189 1253 1195 122 1 0 117 11 0 60 1 68 0 0 0 19
806 9189 1253 1193 120 1 0 119 11 0 60 1 70 0 0 0 19
807 9198 1250 1191 116 1 0 119 11 0 61 1 69 0 0 0 19
808 9199 1250 1190 116 1 0 119 11 0 60 1 70 0 0 0 19
809 9194 1252 1192 117 1 0 119 11 0 60 1 70 0 0 0 19
810 9181 1255 1194 123 1 0 120 11 0 60 1 71 0 0 0 19
811 9182 1255 1194 122 1 0 120 11 0 60 1 71 0 0 0 19
812 9176 1257 1196 124 1 0 120 11 0 60 1 71 0 0 0 19
813 9170 1260 1198 124 1 0 121 10 0 60 1 71 0 0 0 20
814 9157 1266 1203 124 1 0 122 10 0 60 1 72 0 0 0 20
815 9152 1269 1207 122 1 0 122 10 0 61 1 71 0 0 0 20
816 9140 1275 1213 122 1 0 122 10 0 61 1 71 0 0 0 20
817 9130 1279 1217 120 1 0 122 12 0 61 1 73 0 0 0 20
818 9130 1279 1218 119 1 0 122 12 0 62 1 72 0 0 0 20
819 9112 1285 1225 124 1 0 121 13 0 62 1 72 0 0 0 20
820 9103 1290 1231 122 1 0 121 13 0 63 1 71 0 0 0 20
821 9106 1289 1228 119 1 0 123 13 0 63 1 73 0 0 0 20
822 9103 1290 1230 119 1 0 123 13 0 64 1 72 0 0 0 20
823 9111 1284 1225 116 1 0 123 16 0 65 1 74 0 0 0 20
824 9113 1283 1223 115 1 0 124 16 0 65 1 75 0 0 0 20
825 9118 1279 1220 117 1 0 124 16 0 66 1 74 0 0 0 20
826 9120 1277 1218 119 1 0 124 16 0 66 1 74 0 0 0 20
827 9119 1280 1219 114 1 0 125 16 0 65 1 76 0 0 0 20
828 9114 1281 1222 113 1 0 125 17 0 67 1 75 0 0 0 20
829 9118 1279 1219 110 1 0 127 17 0 68 1 76 0 0 0 20
830 9115 1280 1220 111 1 0 127 17 0 68 1 76 0 0 0 20
831 9119 1277 1217 111 1 0 128 17 0 69 1 76 0 0 0 20
832 9116 1279 1217 109 1 0 130 16 0 69 1 77 0 0 0 21
833 9109 1282 1219 109 1 0 131 16 0 69 1 78 0 0 0 21
834 9099 1287 1224 109 1 0 131 16 0 69 1 78 0 0 0 21
835 9091 1290 1225 111 1 0 133 15 0 69 1 79 0 0 0 21
836 9086 1291 1227 111 1 0 133 16 0 70 1 79 0 0 0 21
837 9074 1296 1231 112 1 0 134 16 0 70 1 80 0 0 0 21
838 9059 1303 1236 111 1 0 135 17 0 69 1 83 0 0 0 21
839 9061 1302 1235 111 1 0 135 17 0 69 1 83 0 0 0 21
840 9054 1304 1238 113 1 0 135 17 0 70 1 82 0 0 0 21
841 9060 1299 1235 115 1 0 135 17 0 72 1 80 0 0 0 21
842 9059 1299 1235 112 1 0 137 17 0 74 1 80 0 0 0 21
843 9060 1298 1234 113 1 0 137 17 0 74 1 80 0 0 0 21
844 9059 1298 1234 114 1 0 137 17 0 74 1 80 0 0 0 21
845 9054 1300 1235 114 1 0 138 17 0 74 1 81 0 0 0 21
846 9056 1299 1235 113 1 0 138 17 0 75 1 80 0 0 0 21
847 9053 1298 1234 116 1 0 139 17 0 76 1 80 0 0 0 21
848 9054 1296 1232 119 1 0 139 17 0 76 1 80 0 0 0 21
849 9045 1301 1235 116 1 0 141 17 0 76 1 82 0 0 0 21
850 9049 1299 1232 115 1 0 142 17 0 76 1 83 0 0 0 21
851 9043 1300 1233 117 1 0 142 18 0 76 1 84 0 0 0 21
852 9041 1301 1233 116 1 0 143 18 0 76 1 85 0 0 0 21
853 9042 1298 1230 121 1 0 143 18 0 76 1 85 0 0 0 21
854 9044 1299 1231 117 1 0 144 17 0 77 1 84 0 0 0 21
855 9051 1293 1226 121 1 0 144 17 0 78 1 83 0 0 0 21
856 9059 1288 1223 121 1 0 144 17 0 80 1 81 0 0 0 21
857 9053 1291 1226 121 1 0 144 17 0 80 1 81 0 0 0 21
858 9047 1294 1230 120 1 0 144 17 0 81 1 80 0 0 0 21
859 9034 1300 1236 121 1 0 144 17 0 81 1 80 0 0 0 21
860 9027 1303 1239 122 1 0 145 16 0 82 1 79 0 0 0 21
861 9022 1305 1239 125 1 0 146 15 0 81 1 80 0 0 0 21
862 9015 1306 1241 129 1 0 145 16 0 81 1 80 0 0 0 21
863 9018 1304 1237 128 1 0 147 16 0 81 1 82 0 0 0 21
864 9029 1299 1232 127 1 0 147 16 0 81 1 82 0 0 0 21
865 9021 1301 1234 131 1 0 147 16 0 81 1 82 0 0 0 21
866 9011 1306 1239 131 1 0 147 16 0 81 1 82 0 0 0 21
867 9016 1303 1236 132 1 0 147 16 0 81 1 82 0 0 0 21
868 9005 1308 1242 132 1 0 147 16 0 82 1 81 0 0 0 21
869 9009 1307 1239 128 1 0 149 16 0 82 1 83 0 0 0 21
870 9013 1304 1236 130 1 0 149 16 0 82 1 83 0 0 0 21
871 9004 1307 1239 133 1 0 149 16 0 82 1 83 0 0 0 21
872 9002 1306 1239 136 1 0 149 16 0 83 1 82 0 0 0 21
873 9006 1305 1237 135 1 0 149 16 0 82 1 83 0 0 0 21
874 9002 1305 1237 139 1 0 149 16 0 82 1 83 0 0 0 21
875 9006 1302 1234 140 1 0 149 16 0 82 1 83 0 0 0 22
876 9012 1299 1231 138 1 0 149 17 0 82 1 84 0 0 0 22
877 9008 1302 1233 134 1 0 150 17 0 82 1 85 0 0 0 23
878 9009 1302 1233 133 1 0 150 17 0 82 1 85 0 0 0 23
879 9017 1299 1231 128 1 0 150 18 0 83 1 85 0 0 0 23
880 9015 1301 1233 126 1 0 150 18 0 83 1 85 0 0 0 23
881 9012 1300 1233 130 1 0 150 18 0 84 1 84 0 0 0 23
882 9013 1301 1231 128 1 0 153 16 0 84 1 85 0 0 0 23
883 9013 1301 1231 128 1 0 153 16 0 84 1 85 0 0 0 23
884 9017 1300 1229 127 1 0 153 16 0 83 1 86 0 0 0 23
885 9024 1296 1226 127 1 0 153 16 0 84 1 85 0 0 0 23
886 9015 1301 1232 125 1 0 152 17 0 84 1 85 0 0 0 23
887 9012 1301 1232 128 1 0 152 17 0 84 1 85 0 0 0 23
888 9007 1302 1233 131 1 0 152 17 0 84 1 85 0 0 0 23
889 9014 1297 1229 133 1 0 152 17 0 85 1 84 0 0 0 23
890 9011 1298 1229 135 1 0 153 16 0 85 1 84 0 0 0 23
891 9001 1301 1232 139 1 0 153 16 0 85 1 84 0 0 0 23
892 8996 1303 1235 139 1 0 153 16 0 86 1 83 0 0 0 23
893 8987 1307 1239 140 1 0 153 16 0 86 1 83 0 0 0 23
894 8985 1309 1241 138 1 0 153 16 0 86 1 83 0 0 0 23
895 8994 1305 1236 138 1 0 153 16 0 85 1 84 0 0 0 23
896 8989 1306 1238 140 1 0 153 16 0 86 1 83 0 0 0 23
897 8989 1305 1237 142 1 0 153 16 0 86 1 83 0 0 0 23
898 8981 1306 1239 147 1 0 153 16 1 86 0 83 0 0 0 23
899 8963 1315 1248 147 1 0 153 16 1 86 0 83 0 0 0 23
900 8956 1316 1249 150 1 0 154 16 1 87 0 83 0 0 0 23
901 8954 1318 1251 146 1 0 155 16 1 88 0 83 0 0 0 23
902 8940 1323 1257 149 1 0 155 16 1 89 0 82 0 0 0 23
903 8946 1319 1254 150 1 0 155 16 1 90 0 81 0 0 0 23
904 8953 1316 1250 148 1 0 156 16 1 90 0 82 0 0 0 23
905 8962 1311 1245 149 1 0 156 16 1 90 0 82 0 0 0 23
906 8969 1310 1243 145 1 0 156 16 1 89 0 83 0 0 0 23
907 8966 1313 1246 142 1 0 156 16 1 89 0 83 0 0 0 23
908 8961 1314 1247 145 1 0 156 16 1 89 0 83 0 0 0 23
909 8971 1307 1240 149 1 0 156 16 1 89 0 83 0 0 0 23
910 8972 1306 1240 149 1 0 156 16 1 90 0 82 0 0 0 23
911 8982 1301 1235 149 1 0 156 16 1 90 0 82 0 0 0 23
912 8979 1301 1235 152 1 0 156 16 1 90 0 82 0 0 0 23
913 8982 1300 1233 152 1 0 157 15 1 90 0 82 0 0 0 23
914 8973 1304 1237 153 1 0 157 15 1 90 0 82 0 0 0 23
915 8969 1305 1238 155 1 0 157 15 1 90 0 82 0 0 0 23
916 8962 1306 1240 159 1 0 156 16 1 90 0 82 0 0 0 23
917 8957 1309 1243 158 1 0 156 16 1 90 0 82 0 0 0 23
918 8952 1311 1245 159 1 0 156 16 1 90 0 82 0 0 0 23
919 8942 1316 1249 156 1 0 157 17 1 90 0 84 0 0 0 23
920 8933 1320 1253 157 1 0 157 17 1 90 0 84 0 0 0 23
921 8926 1322 1254 159 1 0 158 17 1 90 0 85 0 0 0 23
922 8937 1318 1251 155 1 0 158 17 1 91 0 84 0 0 0 23
923 8932 1319 1252 158 1 0 158 17 1 91 0 84 0 0 0 23
924 8945 1313 1246 156 1 0 159 16 1 92 0 83 0 0 0 24
925 8936 1317 1250 157 1 0 159 16 1 92 0 83 0 0 0 24
926 8941 1316 1248 153 1 0 160 16 1 92 0 84 0 0 0 24
927 8939 1315 1246 154 1 0 162 16 1 93 0 85 0 0 0 24
928 8933 1319 1249 151 1 0 163 16 1 93 0 86 0 0 0 24
929 8931 1321 1251 149 1 0 163 16 1 93 0 86 0 0 0 24
930 8941 1314 1243 152 1 0 164 16 1 93 0 87 0 0 0 24
931 8958 1305 1234 151 1 0 165 16 1 94 0 87 0 0 0 24
932 8967 1304 1233 144 1 0 165 16 1 94 0 87 0 0 0 24
933 8967 1303 1233 143 1 0 165 17 1 95 0 87 0 0 0 24
934 8960 1307 1237 142 1 0 165 17 1 95 0 87 0 0 0 24
935 8941 1313 1244 148 1 0 165 17 1 96 0 86 0 0 0 24
936 8937 1313 1243 149 1 0 167 17 1 97 0 87 0 0 0 24
937 8937 1314 1241 148 1 0 169 16 1 96 0 89 0 0 0 24
938 8939 1313 1240 148 1 0 169 16 1 96 0 89 0 0 0 24
939 8938 1312 1238 150 1 0 170 16 1 96 0 90 0 0 0 24
940 8932 1312 1239 155 1 0 170 16 1 97 0 89 0 0 0 24
941 8940 1309 1237 152 1 0 170 16 1 98 0 88 0 0 0 24
942 8943 1306 1235 154 1 0 170 16 1 99 0 87 0 0 0 24
943 8940 1306 1237 155 1 0 170 16 1 101 0 85 0 0 0 24
944 8939 1303 1234 161 1 0 171 15 1 102 0 84 0 0 0 25
945 8940 1301 1235 157 1 0 171 17 1 105 0 83 0 0 0 25
946 8945 1297 1233 158 1 0 171 17 1 107 0 81 0 0 0 25
947 8942 1299 1235 157 1 0 171 17 1 107 0 81 0 0 0 25
948 8936 1300 1237 160 1 0 171 17 1 108 0 80 0 0 0 25
949 8929 1303 1238 161 1 0 172 17 1 107 0 82 0 0 0 25
950 8924 1306 1242 159 1 0 172 17 1 108 0 81 0 0 0 25
951 8914 1310 1247 158 1 0 172 18 1 109 0 81 0 0 0 25
952 8914 1310 1247 156 1 0 173 18 1 110 0 81 0 0 0 25
953 8911 1310 1249 157 1 0 173 18 1 112 0 79 0 0 0 25
954 8906 1313 1251 156 1 0 174 17 1 112 0 79 0 0 0 26
955 8894 1317 1256 157 1 0 174 18 1 113 0 79 0 0 0 26
956 8900 1315 1254 153 1 0 174 19 1 113 0 80 0 0 0 26
957 8899 1315 1252 152 1 0 176 19 1 113 0 82 0 0 0 26
958 8887 1320 1257 154 1 0 176 19 1 113 0 82 0 0 0 26
959 8890 1317 1256 152 1 0 176 20 1 115 0 81 0 0 0 27
960 8893 1315 1253 152 1 0 177 20 1 115 0 82 0 0 0 27
961 8896 1314 1252 151 1 0 177 20 1 115 0 82 0 0 0 27
962 8888 1316 1255 154 1 0 176 21 1 115 0 82 0 0 0 27
963 8887 1317 1256 153 1 0 176 21 1 115 0 82 0 0 0 27
964 8883 1318 1258 154 1 0 176 21 1 116 0 81 0 0 0 27
965 8873 1321 1262 157 1 0 176 21 1 117 0 80 0 0 0 27
966 8851 1332 1273 157 1 0 176 21 1 117 0 80 0 0 0 27
967 8848 1333 1273 157 1 0 177 21 1 117 0 81 0 0 0 27
968 8840 1336 1274 159 1 0 179 20 1 117 0 82 0 0 0 27
969 8824 1341 1279 164 1 0 179 20 1 117 0 82 0 0 0 28
970 8834 1337 1274 163 1 0 180 19 1 117 0 82 0 0 0 28
971 8833 1336 1275 164 1 0 178 21 1 117 0 82 0 0 0 28
972 8836 1335 1272 163 1 0 179 21 1 116 0 84 0 0 0 28
973 8829 1338 1274 163 1 0 180 21 1 116 0 85 0 0 0 28
974 8825 1340 1276 163 1 0 180 21 1 116 0 85 0 0 0 28
975 8813 1344 1277 164 1 0 183 21 1 116 0 88 0 0 0 28
976 8801 1349 1282 166 1 0 183 21 1 116 0 88 0 0 0 28
977 8793 1352 1284 167 1 0 184 21 1 116 0 89 0 0 0 28
978 8800 1346 1278 169 1 0 186 20 1 118 0 88 0 0 0 29
979 8799 1347 1278 167 1 0 187 20 1 118 0 89 0 0 0 29
980 8801 1346 1277 165 1 0 187 21 1 118 0 90 0 0 0 29
981 8798 1346 1274 165 1 0 190 21 1 118 0 93 0 0 0 29
982 8793 1348 1276 164 1 0 191 21 1 119 0 93 0 0 0 29
983 8774 1356 1283 166 1 0 192 21 1 119 0 94 0 0 0 29
984 8759 1364 1291 164 1 0 192 21 1 119 0 94 0 0 0 30
985 8764 1362 1289 163 1 0 192 21 1 119 0 94 0 0 0 30
986 8770 1359 1286 161 1 0 193 21 1 120 0 94 0 0 0 30
987 8761 1363 1289 161 1 0 194 21 1 120 0 95 0 0 0 30
988 8759 1363 1287 159 1 0 196 22 1 120 0 98 0 0 0 30
989 8751 1368 1292 157 1 0 196 22 1 120 0 98 0 0 0 30
990 8750 1366 1291 161 1 0 195 23 1 120 0 98 0 0 0 30
991 8743 1368 1296 161 1 0 194 24 1 122 0 96 0 0 0 30
992 8745 1367 1295 161 1 0 194 24 1 122 0 96 0 0 0 30
993 8744 1367 1294 161 1 0 195 24 1 122 0 97 0 0 0 30
994 8728 1372 1300 166 1 0 194 25 1 122 0 97 0 0 0 30
995 8716 1377 1305 168 1 0 194 25 1 122 0 97 0 0 0 30
996 8715 1376 1304 171 1 0 194 25 1 122 0 97 0 0 0 30
997 8715 1377 1304 170 1 0 194 25 1 121 0 98 0 0 0 30
998 8715 1377 1304 168 1 0 194 26 1 121 0 99 0 0 0 30
999 8711 1378 1305 170 1 0 194 26 1 121 0 99 0 0 0 30
1000 8712 1378 1306 168 1 0 194 26 1 122 0 98 0 0 0 30
1001 8714 1376 1305 169 1 0 193 27 1 122 0 98 0 0 0 30
1002 8707 1379 1308 169 1 0 194 26 1 123 0 97 0 0 0 31
1003 8702 1381 1310 170 1 0 194 26 1 123 0 97 0 0 0 31
1004 8713 1377 1306 167 1 0 194 26 1 123 0 97 0 0 0 31
1005 8718 1375 1304 166 1 0 194 26 1 123 0 97 0 0 0 31
1006 8718 1376 1303 165 1 0 196 24 1 123 0 97 0 0 0 32
1007 8716 1375 1302 167 1 0 197 24 1 124 0 97 0 0 0 32
1008 8712 1376 1302 168 1 0 198 24 1 124 0 98 0 0 0 32
1009 8705 1377 1304 170 1 0 197 26 1 124 0 99 0 0 0 32
1010 8698 1381 1308 167 1 0 196 28 1 123 0 101 0 0 0 32
1011 8706 1376 1304 168 1 0 196 28 1 124 0 100 0 0 0 32
1012 8698 1380 1308 168 1 0 196 28 0 125 1 99 0 0 0 32
1013 8695 1380 1308 171 1 0 196 28 0 125 1 99 0 0 0 32
1014 8698 1378 1306 170 1 0 197 28 0 126 1 99 0 0 0 32
1015 8688 1383 1309 170 1 0 198 28 0 125 1 101 0 0 0 32
1016 8690 1382 1307 169 1 0 199 28 0 125 1 102 0 0 0 32
1017 8671 1390 1316 171 1 0 199 28 0 126 1 101 0 0 0 32
1018 8666 1391 1318 173 1 0 199 28 0 127 1 100 0 0 0 32
1019 8675 1387 1315 169 1 0 199 29 0 128 1 100 0 0 0 32
1020 8676 1387 1314 167 1 0 200 29 0 128 1 101 0 0 0 32
1021 8692 1378 1308 166 1 0 199 30 0 130 1 99 0 0 0 32
1022 8678 1382 1313 171 1 0 198 31 0 130 1 99 0 0 0 32
1023 8667 1387 1315 170 1 0 201 30 0 130 1 101 0 0 0 33
1024 8658 1389 1317 173 1 0 202 30 0 131 1 101 0 0 0 33
1025 8656 1391 1318 168 1 0 203 30 0 131 1 102 0 0 0 35
1026 8660 1390 1317 164 1 0 204 30 0 132 1 102 0 0 0 35
1027 8662 1386 1314 167 1 0 205 30 0 134 1 101 0 0 0 35
1028 8660 1386 1316 167 1 0 204 31 0 135 1 100 0 0 0 35
1029 8666 1384 1313 166 1 0 205 30 0 135 1 100 0 0 0 35
1030 8660 1386 1316 167 1 0 206 29 0 137 1 98 0 0 0 35
1031 8668 1381 1311 167 1 0 207 29 0 138 1 98 0 0 0 35
1032 8679 1376 1306 166 1 0 207 29 0 138 1 98 0 0 0 35
1033 8683 1375 1304 163 1 0 209 27 0 139 1 97 0 0 0 37
1034 8682 1375 1303 164 1 0 210 26 0 139 1 97 0 0 0 38
1035 8689 1373 1300 162 1 0 210 26 0 138 1 98 0 0 0 38
1036 8677 1375 1303 169 1 0 210 26 0 139 1 97 0 0 0 38
1037 8687 1369 1296 170 1 0 211 26 0 139 1 98 0 0 0 38
1038 8687 1371 1299 165 1 0 211 26 0 140 1 97 0 0 0 38
1039 8692 1369 1296 161 1 0 213 26 0 141 1 98 0 0 0 38
1040 8685 1373 1300 160 1 0 213 26 0 141 1 98 0 0 0 38
1041 8691 1370 1296 159 1 0 214 26 0 141 1 99 0 0 0 38
1042 8684 1373 1300 158 1 0 214 26 0 142 1 98 0 0 0 39
1043 8683 1374 1299 158 1 0 217 23 0 143 1 97 0 0 0 40
1044 8686 1374 1299 155 1 0 217 23 0 143 1 97 0 0 0 40
1045 8691 1370 1295 156 1 0 218 23 0 144 1 97 0 0 0 40
1046 8693 1369 1293 155 1 0 219 23 0 144 1 98 0 0 0 40
1047 8686 1371 1294 157 1 0 220 23 0 144 1 99 0 0 0 40
1048 8690 1369 1293 156 1 0 220 22 0 145 1 97 0 0 0 42
1049 8674 1378 1302 152 1 0 221 22 0 146 1 97 0 0 0 42
1050 8665 1381 1306 154 1 0 221 22 0 147 1 96 0 0 0 42
1051 8674 1377 1303 152 1 0 220 23 0 147 1 96 0 0 0 42
1052 8678 1377 1305 144 1 0 221 23 0 150 1 94 0 0 0 42
1053 8683 1375 1304 142 1 0 221 23 1 150 0 94 0 0 0 42
1054 8683 1374 1303 144 2 0 220 23 1 150 1 93 0 0 0 42
1055 8677 1376 1306 145 2 0 219 24 1 150 1 93 0 0 0 42
1056 8668 1380 1312 144 2 0 218 25 1 151 1 92 0 0 0 42
1057 8657 1384 1317 146 2 0 218 24 1 152 1 90 0 0 0 44
1058 8661 1382 1315 146 2 0 218 24 1 152 1 90 0 0 0 44
1059 8660 1380 1314 150 2 0 218 24 1 153 1 89 0 0 0 44
1060 8652 1384 1316 150 2 0 220 23 1 153 1 90 0 0 0 44
1061 8661 1379 1311 151 2 0 220 23 1 153 1 90 0 0 0 44
1062 8658 1382 1314 148 2 0 220 23 1 153 1 90 0 0 0 44
1063 8648 1387 1319 148 2 0 220 23 1 153 1 90 0 0 0 44
1064 8663 1380 1311 147 2 0 220 23 1 152 1 91 0 0 0 45
1065 8676 1375 1306 144 2 0 220 23 1 152 1 91 0 0 0 45
1066 8663 1380 1311 145 2 0 221 23 1 153 1 91 0 0 0 45
1067 8668 1376 1307 148 2 0 221 23 1 153 1 91 0 0 0 45
1068 8676 1373 1303 147 2 0 221 23 1 152 1 92 0 0 0 45
1069 8676 1374 1305 144 2 0 221 23 1 153 1 91 0 0 0 45
1070 8685 1370 1300 141 2 0 223 22 1 154 1 91 0 0 0 46
1071 8678 1375 1305 138 2 0 223 22 1 154 1 91 0 0 0 46
1072 8674 1377 1307 138 2 0 223 22 1 154 1 91 0 0 0 46
1073 8683 1371 1303 139 2 0 223 22 1 156 1 89 0 0 0 46
1074 8674 1373 1306 143 2 0 223 22 1 157 1 88 0 0 0 46
1075 8675 1373 1306 142 2 0 223 22 1 157 1 88 0 0 0 46
1076 8666 1378 1311 141 2 0 223 22 1 157 1 88 0 0 0 46
1077 8667 1378 1309 140 2 0 224 22 1 156 1 90 0 0 0 46
1078 8674 1373 1305 142 2 0 223 23 1 156 1 90 0 0 0 46
1079 8682 1369 1301 138 2 0 223 25 1 156 1 92 0 0 0 46
1080 8690 1364 1296 140 2 0 223 25 1 156 1 92 0 0 0 46
1081 8692 1363 1295 140 2 0 223 25 1 156 1 92 0 0 0 46
1082 8691 1363 1296 140 2 0 223 25 1 157 1 91 0 0 0 46
1083 8704 1357 1290 139 2 0 223 25 1 157 1 91 0 0 0 46
1084 8704 1356 1290 140 2 0 223 25 1 158 1 90 0 0 0 46
1085 8706 1354 1289 141 2 0 223 25 1 159 1 89 0 0 0 46
1086 8698 1360 1295 137 2 0 223 25 1 159 1 89 0 0 0 46
1087 8703 1357 1291 137 2 0 224 25 1 159 1 90 0 0 0 46
1088 8696 1359 1292 140 2 0 225 23 1 159 1 89 0 0 0 49
1089 8695 1359 1293 140 2 0 225 23 1 160 1 88 0 0 0 49
1090 8689 1361 1295 142 2 0 225 23 1 160 1 88 0 0 0 49
1091 8698 1356 1290 141 2 0 226 23 1 161 1 88 0 0 0 49
1092 8694 1357 1290 140 2 0 228 23 1 162 1 89 0 0 0 49
1093 8692 1357 1290 140 2 0 229 23 1 163 1 89 0 0 0 49
1094 8700 1354 1288 137 2 0 229 23 1 164 1 88 0 0 0 49
1095 8695 1355 1290 138 2 0 230 22 1 166 1 86 0 0 0 50
1096 8704 1352 1287 135 2 0 230 22 1 166 1 86 0 0 0 50
1097 8709 1348 1284 137 2 0 230 22 1 167 1 85 0 0 0 50
1098 8707 1348 1285 138 2 0 230 22 1 168 1 84 0 0 0 50
1099 8717 1343 1280 138 2 0 230 22 1 168 1 84 0 0 0 50
1100 8706 1348 1285 138 2 0 230 22 1 168 1 84 0 0 0 51
1101 8700 1350 1287 138 2 0 230 23 1 168 1 85 0 0 0 51
1102 8704 1347 1283 139 2 0 230 24 1 167 1 87 0 0 0 51
1103 8713 1342 1279 139 2 0 230 24 1 168 1 86 0 0 0 51
1104 8702 1348 1284 139 2 0 232 22 1 169 1 85 0 0 0 51
1105 8702 1347 1285 139 2 0 231 23 1 170 1 84 0 0 0 51
1106 8713 1343 1280 137 2 0 231 23 1 169 1 85 0 0 0 51
1107 8707 1343 1281 142 2 0 231 23 1 170 1 84 0 0 0 51
1108 8717 1339 1277 140 2 0 231 23 1 170 1 84 0 0 0 51
1109 8702 1347 1285 139 2 0 231 23 1 170 1 84 0 0 0 51
1110 8700 1347 1286 140 2 0 231 23 1 171 1 83 0 0 0 51
1111 8700 1348 1284 141 2 0 232 22 1 169 1 85 0 0 0 51
1112 8704 1347 1283 139 2 0 232 22 1 169 1 85 0 0 0 51
1113 8701 1348 1284 140 2 0 232 22 1 169 1 85 0 0 0 51
1114 8704 1346 1282 141 2 0 232 22 1 169 1 85 0 0 0 51
1115 8714 1341 1277 139 2 0 233 22 1 170 1 85 0 0 0 51
1116 8719 1339 1274 139 2 0 234 21 1 170 1 85 0 0 0 51
1117 8738 1329 1264 140 2 0 234 21 1 170 1 85 0 0 0 51
1118 8730 1330 1268 143 2 0 234 21 1 173 1 82 0 0 0 51
1119 8736 1327 1265 143 2 0 234 21 1 173 1 82 0 0 0 51
1120 8737 1327 1265 142 2 0 233 22 1 172 1 83 0 0 0 51
1121 8732 1327 1265 145 1 0 235 22 0 174 2 82 0 1 0 50
1122 8727 1329 1266 145 1 0 236 22 0 174 2 83 0 1 0 50
1123 8723 1331 1269 144 1 0 235 23 0 174 2 83 0 1 0 50
1124 8718 1333 1270 146 1 0 236 22 1 173 1 84 0 1 0 50
1125 8711 1336 1273 145 1 0 237 22 1 174 1 84 0 1 0 50
1126 8720 1331 1267 146 1 0 238 21 1 174 1 84 0 1 0 51
1127 8728 1328 1262 146 1 0 239 20 1 173 1 85 0 1 0 51
1128 8721 1331 1265 147 1 0 239 20 1 173 1 85 0 1 0 51
1129 8730 1326 1262 146 1 0 238 21 1 174 1 84 0 1 0 51
1130 8732 1324 1261 147 1 0 237 22 1 174 1 84 0 1 0 51
1131 8729 1326 1264 145 1 0 238 21 1 176 1 82 0 1 0 51
1132 8729 1327 1267 141 1 0 238 21 1 178 1 80 0 1 0 51
