0 1979 195 0 0 0 0 0 0 0 0 0 0 0 0 0 0
1 11642 197 197 0 0 0 0 0 0 0 0 0 0 0 0 0
2 11642 197 197 0 0 0 0 0 0 0 0 0 0 0 0 0
3 11641 197 197 1 0 0 0 0 0 0 0 0 0 0 0 0
4 11639 198 198 1 0 0 0 0 0 0 0 0 0 0 0 0
5 11639 198 198 1 0 0 0 0 0 0 0 0 0 0 0 0
6 11635 200 200 1 0 0 0 0 0 0 0 0 0 0 0 0
7 11631 202 202 1 0 0 0 0 0 0 0 0 0 0 0 0
8 11629 203 203 1 0 0 0 0 0 0 0 0 0 0 0 0
9 11629 203 203 1 0 0 0 0 0 0 0 0 0 0 0 0
10 11631 202 202 1 0 0 0 0 0 0 0 0 0 0 0 0
11 11633 201 201 1 0 0 0 0 0 0 0 0 0 0 0 0
12 11639 198 198 1 0 0 0 0 0 0 0 0 0 0 0 0
13 11633 201 201 1 0 0 0 0 0 0 0 0 0 0 0 0
14 11632 201 201 2 0 0 0 0 0 0 0 0 0 0 0 0
15 11630 202 202 2 0 0 0 0 0 0 0 0 0 0 0 0
16 11630 202 202 2 0 0 0 0 0 0 0 0 0 0 0 0
17 11632 201 201 2 0 0 0 0 0 0 0 0 0 0 0 0
18 11634 200 200 2 0 0 0 0 0 0 0 0 0 0 0 0
19 11634 200 200 2 0 0 0 0 0 0 0 0 0 0 0 0
20 11632 201 201 2 0 0 0 0 0 0 0 0 0 0 0 0
21 11626 204 204 2 0 0 0 0 0 0 0 0 0 0 0 0
22 11625 204 204 3 0 0 0 0 0 0 0 0 0 0 0 0
23 11629 202 202 3 0 0 0 0 0 0 0 0 0 0 0 0
24 11629 202 202 3 0 0 0 0 0 0 0 0 0 0 0 0
25 11634 200 200 2 0 0 0 0 0 0 0 0 0 0 0 0
26 11628 203 203 2 0 0 0 0 0 0 0 0 0 0 0 0
27 11620 207 207 2 0 0 0 0 0 0 0 0 0 0 0 0
28 11624 205 205 2 0 0 0 0 0 0 0 0 0 0 0 0
29 11618 208 208 2 0 0 0 0 0 0 0 0 0 0 0 0
30 11618 208 208 2 0 0 0 0 0 0 0 0 0 0 0 0
31 11614 210 210 2 0 0 0 0 0 0 0 0 0 0 0 0
32 11618 208 208 2 0 0 0 0 0 0 0 0 0 0 0 0
33 11616 209 209 2 0 0 0 0 0 0 0 0 0 0 0 0
34 11616 209 209 2 0 0 0 0 0 0 0 0 0 0 0 0
35 11610 212 212 2 0 0 0 0 0 0 0 0 0 0 0 0
36 11606 214 214 2 0 0 0 0 0 0 0 0 0 0 0 0
37 11596 218 218 4 0 0 0 0 0 0 0 0 0 0 0 0
38 11586 223 223 4 0 0 0 0 0 0 0 0 0 0 0 0
39 11578 227 227 4 0 0 0 0 0 0 0 0 0 0 0 0
40 11575 228 228 5 0 0 0 0 0 0 0 0 0 0 0 0
41 11572 229 229 6 0 0 0 0 0 0 0 0 0 0 0 0
42 11568 231 230 5 0 0 1 0 0 0 0 1 0 0 0 0
43 11564 233 232 5 0 0 1 0 0 0 0 1 0 0 0 0
44 11565 233 232 4 0 0 1 0 0 0 0 1 0 0 0 0
45 11557 237 236 4 0 0 1 0 0 0 0 1 0 0 0 0
46 11554 239 238 3 0 0 1 0 0 0 0 1 0 0 0 0
47 11543 244 243 4 0 0 1 0 0 0 0 1 0 0 0 0
48 11523 254 253 4 0 0 1 0 0 0 0 1 0 0 0 0
49 11514 258 257 5 0 0 1 0 0 0 0 1 0 0 0 0
50 11508 261 260 5 0 0 1 0 0 0 0 1 0 0 0 0
51 11508 261 260 5 0 0 1 0 0 0 0 1 0 0 0 0
52 11496 267 266 5 0 0 1 0 0 0 0 1 0 0 0 0
53 11489 270 269 6 0 0 1 0 0 0 0 1 0 0 0 0
54 11481 274 273 6 0 0 1 0 0 0 0 1 0 0 0 0
55 11465 282 281 6 0 0 1 0 0 0 0 1 0 0 0 0
56 11451 289 288 6 0 0 1 0 0 0 0 1 0 0 0 0
57 11441 294 293 6 0 0 1 0 0 0 0 1 0 0 0 0
58 11433 298 297 6 0 0 1 0 0 0 0 1 0 0 0 0
59 11426 301 300 7 0 0 1 0 0 0 0 1 0 0 0 0
60 11419 304 303 8 0 0 1 0 0 0 0 1 0 0 0 0
61 11413 307 306 8 0 0 1 0 0 0 0 1 0 0 0 0
62 11405 311 310 8 0 0 1 0 0 0 0 1 0 0 0 0
63 11393 317 316 8 0 0 1 0 0 0 0 1 0 0 0 0
64 11389 319 318 8 0 0 1 0 0 0 0 1 0 0 0 0
65 11378 324 323 9 0 0 1 0 0 0 0 1 0 0 0 0
66 11350 338 337 9 0 0 1 0 0 0 0 1 0 0 0 0
67 11338 343 343 10 0 0 1 0 0 1 0 0 0 0 0 0
68 11327 348 348 11 0 0 1 0 0 1 0 0 0 0 0 0
69 11308 358 358 10 0 0 1 0 0 1 0 0 0 0 0 0
70 11294 365 365 10 0 0 1 0 0 1 0 0 0 0 0 0
71 11282 371 371 10 0 0 1 0 0 1 0 0 0 0 0 0
72 11278 372 372 12 0 0 1 0 0 1 0 0 0 0 0 0
73 11265 377 377 15 0 0 1 0 0 1 0 0 0 0 0 0
74 11253 383 383 15 0 0 1 0 0 1 0 0 0 0 0 0
75 11242 388 388 16 0 0 1 0 0 1 0 0 0 0 0 0
76 11227 395 395 17 0 0 1 0 0 1 0 0 0 0 0 0
77 11213 402 402 17 0 0 1 0 0 1 0 0 0 0 0 0
78 11200 408 408 18 0 0 1 0 0 1 0 0 0 0 0 0
79 11194 411 411 18 0 0 1 0 0 1 0 0 0 0 0 0
80 11183 416 416 19 0 0 1 0 0 1 0 0 0 0 0 0
81 11171 422 422 19 0 0 1 0 0 1 0 0 0 0 0 0
82 11165 425 425 19 0 0 1 0 0 1 0 0 0 0 0 0
83 11149 433 433 19 0 0 1 0 0 1 0 0 0 0 0 0
84 11137 439 439 19 0 0 1 0 0 1 0 0 0 0 0 0
85 11129 443 442 18 0 0 2 0 0 1 0 1 0 0 0 0
86 11122 446 445 19 0 0 2 0 0 1 0 1 0 0 0 0
87 11107 454 453 18 0 0 2 0 0 1 0 1 0 0 0 0
88 11101 457 456 18 0 0 2 0 0 1 0 1 0 0 0 0
89 11094 461 460 17 0 0 2 0 0 1 0 1 0 0 0 0
90 11069 473 472 18 0 0 2 0 0 1 0 1 0 0 0 0
91 11063 475 473 19 0 0 3 0 0 1 0 2 0 0 0 0
92 11062 476 474 18 0 0 3 0 0 1 0 2 0 0 0 0
93 11058 478 476 18 0 0 3 0 0 1 0 2 0 0 0 0
94 11048 483 481 18 0 0 3 0 0 1 0 2 0 0 0 0
95 11048 483 481 18 0 0 3 0 0 1 0 2 0 0 0 0
96 11046 483 481 20 0 0 3 0 0 1 0 2 0 0 0 0
97 11032 489 487 22 0 0 3 0 0 1 0 2 0 0 0 0
98 11032 489 487 22 0 0 3 0 0 1 0 2 0 0 0 0
99 11021 494 492 23 0 0 3 0 0 1 0 2 0 0 0 0
100 11011 499 497 23 0 0 3 0 0 1 0 2 0 0 0 0
101 11005 501 499 25 0 0 3 0 0 1 0 2 0 0 0 0
102 10998 504 502 26 0 0 3 0 0 1 0 2 0 0 0 0
103 10994 506 504 26 0 0 3 0 0 1 0 2 0 0 0 0
104 10986 510 508 26 0 0 3 0 0 1 0 2 0 0 0 0
105 10983 511 509 27 0 0 3 0 0 1 0 2 0 0 0 0
106 10981 512 510 27 0 0 3 0 0 1 0 2 0 0 0 0
107 10975 515 513 27 0 0 3 0 0 1 0 2 0 0 0 0
108 10976 515 513 26 0 0 3 0 0 1 0 2 0 0 0 0
109 10973 515 514 28 0 0 3 0 0 2 0 1 0 0 0 0
110 10982 511 508 25 0 0 5 0 0 2 0 3 0 0 0 0
111 10988 508 505 25 0 0 5 0 0 2 0 3 0 0 0 0
112 10991 506 503 26 0 0 5 0 0 2 0 3 0 0 0 0
113 10991 506 503 26 0 0 5 0 0 2 0 3 0 0 0 0
114 10991 506 503 26 0 0 5 0 0 2 0 3 0 0 0 0
115 10987 508 505 26 0 0 5 0 0 2 0 3 0 0 0 0
116 10985 509 505 25 0 0 6 0 0 2 0 4 0 0 0 0
117 10983 510 506 25 0 0 6 0 0 2 0 4 0 0 0 0
118 10986 508 504 26 0 0 6 0 0 2 0 4 0 0 0 0
119 10985 508 504 27 0 0 6 0 0 2 0 4 0 0 0 0
120 10984 508 504 28 0 0 6 0 0 2 0 4 0 0 0 0
121 10989 506 502 27 0 0 6 0 0 2 0 4 0 0 0 0
122 10981 510 506 27 0 0 6 0 0 2 0 4 0 0 0 0
123 10982 510 506 26 0 0 6 0 0 2 0 4 0 0 0 0
124 10984 509 505 26 0 0 6 0 0 2 0 4 0 0 0 0
125 10982 510 506 26 0 0 6 0 0 2 0 4 0 0 0 0
126 10987 508 504 25 0 0 6 0 0 2 0 4 0 0 0 0
127 10977 513 509 25 0 0 6 0 0 2 0 4 0 0 0 0
128 10970 517 513 24 0 0 6 0 0 2 0 4 0 0 0 0
129 10962 519 515 28 0 0 6 0 0 2 0 4 0 0 0 0
130 10954 523 519 28 0 0 6 0 0 2 0 4 0 0 0 0
131 10949 526 522 27 0 0 6 0 0 2 0 4 0 0 0 0
132 10951 525 521 27 0 0 6 0 0 2 0 4 0 0 0 0
133 10947 527 523 27 0 0 6 0 0 2 0 4 0 0 0 0
134 10947 527 523 27 0 0 6 0 0 2 0 4 0 0 0 0
135 10946 528 524 26 0 0 6 0 0 2 0 4 0 0 0 0
136 10939 532 527 24 0 0 7 0 0 2 0 5 0 0 0 0
137 10936 533 528 25 0 0 7 0 0 2 0 5 0 0 0 0
138 10925 539 534 24 0 0 7 0 0 2 0 5 0 0 0 0
139 10927 538 533 24 0 0 7 0 0 2 0 5 0 0 0 0
140 10915 544 539 24 0 0 7 0 0 2 0 5 0 0 0 0
141 10896 553 548 25 0 0 7 0 0 2 0 5 0 0 0 0
142 10893 555 550 24 0 0 7 0 0 2 0 5 0 0 0 0
143 10901 551 546 24 0 0 7 0 0 2 0 5 0 0 0 0
144 10892 555 550 25 0 0 7 0 0 2 0 5 0 0 0 0
145 10895 553 548 26 0 0 7 0 0 2 0 5 0 0 0 0
146 10894 554 549 25 0 0 7 0 0 2 0 5 0 0 0 0
147 10892 555 550 25 0 0 7 0 0 2 0 5 0 0 0 0
148 10895 554 549 24 0 0 7 0 0 2 0 5 0 0 0 0
149 10893 555 550 24 0 0 7 0 0 2 0 5 0 0 0 0
150 10901 551 546 24 0 0 7 0 0 2 0 5 0 0 0 0
151 10903 550 545 24 0 0 7 0 0 2 0 5 0 0 0 0
152 10902 551 546 23 0 0 7 0 0 2 0 5 0 0 0 0
153 10896 553 548 25 0 0 7 0 0 2 0 5 0 0 0 0
154 10893 553 548 28 0 0 7 0 0 2 0 5 0 0 0 0
155 10885 557 552 28 0 0 7 0 0 2 0 5 0 0 0 0
156 10888 555 550 29 0 0 7 0 0 2 0 5 0 0 0 0
157 10888 555 550 29 0 0 7 0 0 2 0 5 0 0 0 0
158 10876 561 556 29 0 0 7 0 0 2 0 5 0 0 0 0
159 10874 562 557 29 0 0 7 0 0 2 0 5 0 0 0 0
160 10872 563 558 29 0 0 7 0 0 2 0 5 0 0 0 0
161 10861 569 564 28 0 0 7 0 0 2 0 5 0 0 0 0
162 10858 571 566 27 0 0 7 0 0 2 0 5 0 0 0 0
163 10846 577 572 27 0 0 7 0 0 2 0 5 0 0 0 0
164 10833 584 579 26 0 0 7 0 0 2 0 5 0 0 0 0
165 10836 582 577 27 0 0 7 0 0 2 0 5 0 0 0 0
166 10833 583 578 28 0 0 7 0 0 2 0 5 0 0 0 0
167 10837 581 576 28 0 0 7 0 0 2 0 5 0 0 0 0
168 10840 580 575 27 0 0 7 0 0 2 0 5 0 0 0 0
169 10842 580 575 25 0 0 7 0 0 2 0 5 0 0 0 0
170 10832 584 580 26 0 0 7 0 0 3 0 4 0 0 0 0
171 10836 582 578 26 0 0 7 0 0 3 0 4 0 0 0 0
172 10837 581 577 27 0 0 7 0 0 3 0 4 0 0 0 0
173 10841 579 576 26 0 0 7 0 0 4 0 3 0 0 0 0
174 10841 579 576 26 0 0 7 0 0 4 0 3 0 0 0 0
175 10836 581 578 27 0 0 7 0 0 4 0 3 0 0 0 0
176 10835 581 578 28 0 0 7 0 0 4 0 3 0 0 0 0
177 10834 582 579 27 0 0 7 0 0 4 0 3 0 0 0 0
178 10834 581 578 29 0 0 7 0 0 4 0 3 0 0 0 0
179 10837 579 576 30 0 0 7 0 0 4 0 3 0 0 0 0
180 10837 579 576 30 0 0 7 0 0 4 0 3 0 0 0 0
181 10834 581 578 29 0 0 7 0 0 4 0 3 0 0 0 0
182 10824 586 583 29 0 0 7 0 0 4 0 3 0 0 0 0
183 10815 590 588 29 0 0 6 1 0 4 0 3 0 0 0 0
184 10820 587 585 30 0 0 6 1 0 4 0 3 0 0 0 0
185 10830 582 580 30 0 0 6 1 0 4 0 3 0 0 0 0
186 10830 582 580 30 0 0 6 1 0 4 0 3 0 0 0 0
187 10821 587 585 29 0 0 6 1 0 4 0 3 0 0 0 0
188 10818 589 587 28 0 0 6 1 0 4 0 3 0 0 0 0
189 10814 591 589 28 0 0 6 1 0 4 0 3 0 0 0 0
190 10810 593 591 28 0 0 6 1 0 4 0 3 0 0 0 0
191 10808 594 592 28 0 0 6 1 0 4 0 3 0 0 0 0
192 10807 594 592 29 0 0 6 1 0 4 0 3 0 0 0 0
193 10805 595 593 29 0 0 6 1 0 4 0 3 0 0 0 0
194 10808 593 591 30 0 0 6 1 0 4 0 3 0 0 0 0
195 10805 594 592 31 0 0 6 1 0 4 0 3 0 0 0 0
196 10798 597 595 32 0 0 6 1 0 4 0 3 0 0 0 0
197 10792 600 598 32 0 0 6 1 0 4 0 3 0 0 0 0
198 10792 600 598 32 0 0 6 1 0 4 0 3 0 0 0 0
199 10794 599 597 32 0 0 6 1 0 4 0 3 0 0 0 0
200 10793 598 597 34 0 0 6 1 0 5 0 2 0 0 0 0
201 10797 596 595 34 0 0 6 1 0 5 0 2 0 0 0 0
202 10803 593 592 34 0 0 6 1 0 5 0 2 0 0 0 0
203 10796 596 595 35 0 0 6 1 0 5 0 2 0 0 0 0
204 10788 600 599 35 0 0 6 1 0 5 0 2 0 0 0 0
205 10793 598 597 34 0 0 6 1 0 5 0 2 0 0 0 0
206 10787 601 598 32 0 0 8 1 0 5 0 4 0 0 0 0
207 10781 604 601 32 0 0 8 1 0 5 0 4 0 0 0 0
208 10786 602 599 31 0 0 8 1 0 5 0 4 0 0 0 0
209 10797 596 593 32 0 0 8 1 0 5 0 4 0 0 0 0
210 10801 595 591 29 0 0 9 1 0 5 0 5 0 0 0 0
211 10799 596 592 29 0 0 9 1 0 5 0 5 0 0 0 0
212 10807 592 588 29 0 0 9 1 0 5 0 5 0 0 0 0
213 10806 592 588 30 0 0 9 1 0 5 0 5 0 0 0 0
214 10811 589 585 31 0 0 9 1 0 5 0 5 0 0 0 0
215 10809 590 586 31 0 0 9 1 0 5 0 5 0 0 0 0
216 10805 592 588 31 0 0 9 1 0 5 0 5 0 0 0 0
217 10801 594 590 31 0 0 9 1 0 5 0 5 0 0 0 0
218 10797 596 592 31 0 0 9 1 0 5 0 5 0 0 0 0
219 10802 594 590 30 0 0 9 1 0 5 0 5 0 0 0 0
220 10803 593 589 31 0 0 9 1 0 5 0 5 0 0 0 0
221 10797 596 592 31 0 0 9 1 0 5 0 5 0 0 0 0
222 10796 596 592 32 0 0 9 1 0 5 0 5 0 0 0 0
223 10789 598 594 35 0 0 9 1 0 5 0 5 0 0 0 0
224 10787 600 596 33 0 0 9 1 0 5 0 5 0 0 0 0
225 10777 603 599 37 0 0 9 1 0 5 0 5 0 0 0 0
226 10770 606 602 38 0 0 9 1 0 5 0 5 0 0 0 0
227 10768 607 603 38 0 0 9 1 0 5 0 5 0 0 0 0
228 10763 610 606 37 0 0 9 1 0 5 0 5 0 0 0 0
229 10768 608 604 36 0 0 9 1 0 5 0 5 0 0 0 0
230 10770 607 603 36 0 0 9 1 0 5 0 5 0 0 0 0
231 10770 607 603 36 0 0 9 1 0 5 0 5 0 0 0 0
232 10764 610 606 36 0 0 9 1 0 5 0 5 0 0 0 0
233 10764 610 606 36 0 0 9 1 0 5 0 5 0 0 0 0
234 10751 617 612 34 0 0 10 1 0 5 0 6 0 0 0 0
235 10751 617 612 34 0 0 10 1 0 5 0 6 0 0 0 0
236 10746 619 613 34 0 0 11 1 0 5 0 7 0 0 0 0
237 10737 623 618 34 0 0 11 1 0 6 0 6 0 0 0 0
238 10741 621 616 34 0 0 11 1 0 6 0 6 0 0 0 0
239 10740 621 616 35 0 0 11 1 0 6 0 6 0 0 0 0
240 10734 624 619 35 0 0 11 1 0 6 0 6 0 0 0 0
241 10724 629 624 35 0 0 11 1 0 6 0 6 0 0 0 0
242 10722 630 625 35 0 0 11 1 0 6 0 6 0 0 0 0
243 10697 642 637 36 0 0 11 1 0 6 0 6 0 0 0 0
244 10690 645 640 37 0 0 11 1 0 6 0 6 0 0 0 0
245 10669 655 650 38 0 0 11 1 0 6 0 6 0 0 0 0
246 10654 662 656 38 0 0 12 1 0 6 0 7 0 0 0 0
247 10641 668 662 39 0 0 12 1 0 6 0 7 0 0 0 0
248 10632 672 667 39 0 0 12 1 0 7 0 6 0 0 0 0
249 10629 673 668 40 0 0 12 1 0 7 0 6 0 0 0 0
250 10630 672 668 40 0 0 11 2 0 7 0 6 0 0 0 0
251 10621 675 671 43 0 0 11 2 0 7 0 6 0 0 0 0
252 10614 679 675 42 0 0 11 2 0 7 0 6 0 0 0 0
253 10599 686 682 43 0 0 11 2 0 7 0 6 0 0 0 0
254 10591 690 686 43 0 0 11 2 0 7 0 6 0 0 0 0
255 10587 692 686 41 0 0 13 2 0 7 0 8 0 0 0 0
256 10580 695 689 42 0 0 13 2 0 7 0 8 0 0 0 0
257 10566 702 696 42 0 0 13 2 0 7 0 8 0 0 0 0
258 10563 702 696 45 0 0 13 2 0 7 0 8 0 0 0 0
259 10555 706 700 45 0 0 13 2 0 7 0 8 0 0 0 0
260 10555 705 699 47 0 0 13 2 0 7 0 8 0 0 0 0
261 10537 713 707 49 0 0 13 2 0 7 0 8 0 0 0 0
262 10528 717 711 50 0 0 13 2 0 7 0 8 0 0 0 0
263 10523 719 713 51 0 0 13 2 0 7 0 8 0 0 0 0
264 10508 727 721 50 0 0 13 2 0 7 0 8 0 0 0 0
265 10496 732 726 52 0 0 13 2 0 7 0 8 0 0 0 0
266 10495 732 726 53 0 0 13 2 0 7 0 8 0 0 0 0
267 10487 735 729 55 0 0 13 2 0 7 0 8 0 0 0 0
268 10462 746 740 58 0 0 13 2 0 7 0 8 0 0 0 0
269 10461 746 740 59 0 0 13 2 0 7 0 8 0 0 0 0
270 10445 754 748 59 0 0 13 2 0 7 0 8 0 0 0 0
271 10441 755 749 61 0 0 13 2 0 7 0 8 0 0 0 0
272 10430 761 755 60 0 0 13 2 0 7 0 8 0 0 0 0
273 10428 762 756 60 0 0 13 2 0 7 0 8 0 0 0 0
274 10417 767 760 60 0 0 14 2 0 7 0 9 0 0 0 0
275 10404 774 767 59 0 0 14 2 0 7 0 9 0 0 0 0
276 10400 776 769 59 0 0 14 2 0 7 0 9 0 0 0 0
277 10396 777 770 61 0 0 14 2 0 7 0 9 0 0 0 0
278 10380 783 776 65 0 0 14 2 0 7 0 9 0 0 0 0
279 10373 786 779 66 0 0 14 2 0 7 0 9 0 0 0 0
280 10367 788 781 68 0 0 14 2 0 7 0 9 0 0 0 0
281 10356 793 786 69 0 0 14 2 0 7 0 9 0 0 0 0
282 10343 798 791 72 0 0 14 2 0 7 0 9 0 0 0 0
283 10330 804 797 73 0 0 14 2 0 7 0 9 0 0 0 0
284 10324 807 799 72 0 0 15 2 0 7 0 10 0 0 0 0
285 10308 814 806 74 0 0 15 2 0 7 0 10 0 0 0 0
286 10299 819 811 73 0 0 15 2 0 7 0 10 0 0 0 0
287 10292 822 813 73 0 0 16 2 0 7 0 11 0 0 0 0
288 10282 827 818 73 0 0 16 2 0 7 0 11 0 0 0 0
289 10276 829 820 75 0 0 16 2 0 7 0 11 0 0 0 0
290 10275 830 821 74 0 0 16 2 0 7 0 11 0 0 0 0
291 10271 831 821 75 0 0 17 2 0 7 0 12 0 0 0 0
292 10263 835 825 75 0 0 17 2 0 7 0 12 0 0 0 0
293 10252 841 832 73 0 0 16 3 0 7 0 12 0 0 0 0
294 10253 842 833 70 0 0 16 3 0 7 0 12 0 0 0 0
295 10252 843 834 69 0 0 16 3 0 7 0 12 0 0 0 0
296 10248 844 836 70 0 0 16 3 0 8 0 11 0 0 0 0
297 10249 843 835 71 0 0 16 3 0 8 0 11 0 0 0 0
298 10252 841 833 72 0 0 16 3 0 8 0 11 0 0 0 0
299 10242 845 837 74 0 0 16 3 0 8 0 11 0 0 0 0
300 10244 845 837 72 0 0 16 3 0 8 0 11 0 0 0 0
301 10244 846 838 70 0 0 16 3 0 8 0 11 0 0 0 0
302 10242 847 838 69 0 0 17 3 0 8 0 12 0 0 0 0
303 10240 848 838 68 0 0 18 3 0 8 0 13 0 0 0 0
304 10236 850 840 68 0 0 18 3 0 8 0 13 0 0 0 0
305 10238 849 839 68 0 0 18 3 0 8 0 13 0 0 0 0
306 10230 853 843 68 0 0 18 3 0 8 0 13 0 0 0 0
307 10227 854 844 69 0 0 18 3 0 8 0 13 0 0 0 0
308 10217 859 849 69 0 0 18 3 0 8 0 13 0 0 0 0
309 10216 860 850 68 0 0 18 3 0 8 0 13 0 0 0 0
310 10215 859 849 71 0 0 18 3 0 8 0 13 0 0 0 0
311 10209 862 852 71 0 0 18 3 0 8 0 13 0 0 0 0
312 10213 860 850 71 0 0 18 3 0 8 0 13 0 0 0 0
313 10199 866 856 73 0 0 18 3 0 8 0 13 0 0 0 0
314 10203 864 854 73 0 0 18 3 0 8 0 13 0 0 0 0
315 10198 866 856 74 0 0 18 3 0 8 0 13 0 0 0 0
316 10185 871 861 77 0 0 18 3 0 8 0 13 0 0 0 0
317 10182 872 862 78 0 0 18 3 0 8 0 13 0 0 0 0
318 10170 877 866 79 0 0 19 3 0 8 0 14 0 0 0 0
319 10171 878 867 76 0 0 19 3 0 8 0 14 0 0 0 0
320 10177 876 865 74 0 0 19 3 0 8 0 14 0 0 0 0
321 10170 878 867 77 0 0 19 3 0 8 0 14 0 0 0 0
322 10175 876 865 76 0 0 19 3 0 8 0 14 0 0 0 0
323 10178 874 864 76 0 0 19 3 0 9 0 13 0 0 0 0
324 10179 873 863 77 0 0 19 3 0 9 0 13 0 0 0 0
325 10174 875 865 78 0 0 19 3 0 9 0 13 0 0 0 0
326 10178 871 861 82 0 0 19 3 0 9 0 13 0 0 0 0
327 10186 867 856 81 0 0 20 3 0 9 0 14 0 0 0 0
328 10191 864 852 83 0 0 21 2 0 9 0 14 0 0 0 0
329 10177 870 858 85 0 0 21 2 0 9 0 14 0 0 0 0
330 10170 872 860 88 0 0 21 2 0 9 0 14 0 0 0 0
331 10172 871 859 88 0 0 21 2 0 9 0 14 0 0 0 0
332 10170 872 861 87 0 0 21 2 0 10 0 13 0 0 0 0
333 10183 866 855 86 0 0 21 2 0 10 0 13 0 0 0 0
334 10172 871 860 87 0 0 21 2 0 10 0 13 0 0 0 0
335 10162 875 864 89 0 0 21 2 0 10 0 13 0 0 0 0
336 10155 879 868 88 0 0 21 2 0 10 0 13 0 0 0 0
337 10151 881 870 88 0 0 21 2 0 10 0 13 0 0 0 0
338 10152 881 870 87 0 0 21 2 0 10 0 13 0 0 0 0
339 10140 887 876 87 0 0 21 2 0 10 0 13 0 0 0 0
340 10145 886 875 84 0 0 21 2 0 10 0 13 0 0 0 0
341 10143 887 876 82 0 0 21 3 0 10 0 14 0 0 0 0
342 10139 889 878 82 0 0 21 3 0 10 0 14 0 0 0 0
343 10118 899 887 82 0 0 22 3 0 10 0 15 0 0 0 0
344 10125 895 883 83 0 0 22 3 0 10 0 15 0 0 0 0
345 10121 897 885 83 0 0 22 3 0 10 0 15 0 0 0 0
346 10127 893 881 85 0 0 22 3 0 10 0 15 0 0 0 0
347 10124 895 883 84 0 0 22 3 0 10 0 15 0 0 0 0
348 10119 898 886 83 0 0 22 3 0 10 0 15 0 0 0 0
349 10110 903 891 82 0 0 22 3 0 10 0 15 0 0 0 0
350 10102 907 895 82 0 0 22 3 0 10 0 15 0 0 0 0
351 10109 903 891 83 0 0 22 3 0 10 0 15 0 0 0 0
352 10102 906 894 84 0 0 22 3 0 10 0 15 0 0 0 0
353 10096 908 896 86 0 0 22 3 0 10 0 15 0 0 0 0
354 10096 908 896 86 0 0 22 3 0 10 0 15 0 0 0 0
355 10086 914 902 84 0 0 22 3 0 10 0 15 0 0 0 0
356 10079 917 906 84 0 0 22 3 0 11 0 14 0 0 0 0
357 10083 915 904 84 0 0 22 3 0 11 0 14 0 0 0 0
358 10095 909 898 84 0 0 22 3 0 11 0 14 0 0 0 0
359 10105 905 894 82 0 0 22 3 0 11 0 14 0 0 0 0
360 10109 904 893 80 0 0 22 3 0 11 0 14 0 0 0 0
361 10100 909 898 79 0 0 22 3 0 11 0 14 0 0 0 0
362 10103 907 897 79 0 0 22 3 0 12 0 13 0 0 0 0
363 10107 904 894 81 0 0 22 3 0 12 0 13 0 0 0 0
364 10102 906 897 81 0 0 22 3 0 13 0 12 0 0 0 0
365 10096 910 901 79 0 0 22 3 0 13 0 12 0 0 0 0
366 10096 911 902 77 0 0 22 3 0 13 0 12 0 0 0 0
367 10092 912 904 78 0 0 22 3 0 14 0 11 0 0 0 0
368 10087 915 907 77 0 0 22 3 0 14 0 11 0 0 0 0
369 10073 922 914 77 0 0 22 3 0 14 0 11 0 0 0 0
370 10074 921 913 78 0 0 22 3 0 14 0 11 0 0 0 0
371 10060 928 920 78 0 0 22 3 0 14 0 11 0 0 0 0
372 10057 929 921 79 0 0 22 3 0 14 0 11 0 0 0 0
373 10053 931 923 79 0 0 22 3 0 14 0 11 0 0 0 0
374 10050 934 926 76 0 0 22 3 0 14 0 11 0 0 0 0
375 10051 934 926 75 0 0 22 3 0 14 0 11 0 0 0 0
376 10059 930 922 75 0 0 22 3 0 14 0 11 0 0 0 0
377 10057 931 923 75 0 0 22 3 0 14 0 11 0 0 0 0
378 10056 931 923 76 0 0 22 3 0 14 0 11 0 0 0 0
379 10051 934 926 75 0 0 22 3 0 14 0 11 0 0 0 0
380 10054 933 924 75 0 0 23 2 0 14 0 11 0 0 0 0
381 10057 932 923 74 0 0 23 2 0 14 0 11 0 0 0 0
382 10067 927 918 74 0 0 23 2 0 14 0 11 0 0 0 0
383 10074 924 915 73 0 0 23 2 0 14 0 11 0 0 0 0
384 10071 925 915 73 0 0 24 2 0 14 0 12 0 0 0 0
385 10075 923 913 73 0 0 24 2 0 14 0 12 0 0 0 0
386 10076 923 913 72 0 0 24 2 0 14 0 12 0 0 0 0
387 10074 924 914 72 0 0 24 2 0 14 0 12 0 0 0 0
388 10084 920 910 70 0 0 24 2 0 14 0 12 0 0 0 0
389 10084 920 910 70 0 0 24 2 0 14 0 12 0 0 0 0
390 10086 919 909 70 0 0 24 2 0 14 0 12 0 0 0 0
391 10081 921 911 71 0 0 24 2 0 14 0 12 0 0 0 0
392 10094 914 904 72 0 0 24 2 0 14 0 12 0 0 0 0
393 10089 916 906 73 0 0 24 2 0 14 0 12 0 0 0 0
394 10098 912 902 72 0 0 24 2 0 14 0 12 0 0 0 0
395 10101 911 901 71 0 0 24 2 0 14 0 12 0 0 0 0
396 10119 902 892 71 0 0 24 2 0 14 0 12 0 0 0 0
397 10122 900 890 72 0 0 24 2 0 14 0 12 0 0 0 0
398 10116 903 893 72 0 0 24 2 0 14 0 12 0 0 0 0
399 10122 901 890 71 0 0 25 1 0 14 0 12 0 0 0 0
400 10119 902 891 72 0 0 25 1 0 14 0 12 0 0 0 0
401 10126 898 887 73 0 0 25 1 0 14 0 12 0 0 0 0
402 10126 899 887 70 0 0 26 1 0 14 0 13 0 0 0 0
403 10124 900 888 70 0 0 26 1 0 14 0 13 0 0 0 0
404 10132 896 884 70 0 0 26 1 0 14 0 13 0 0 0 0
405 10139 893 881 69 0 0 26 1 0 14 0 13 0 0 0 0
406 10138 894 882 68 0 0 26 1 0 14 0 13 0 0 0 0
407 10139 893 881 69 0 0 26 1 0 14 0 13 0 0 0 0
408 10150 887 875 70 0 0 26 1 0 14 0 13 0 0 0 0
409 10164 880 868 70 0 0 26 1 0 14 0 13 0 0 0 0
410 10170 877 865 70 0 0 26 1 0 14 0 13 0 0 0 0
411 10181 872 860 69 0 0 26 1 0 14 0 13 0 0 0 0
412 10179 873 861 69 0 0 26 1 0 14 0 13 0 0 0 0
413 10173 876 864 69 0 0 26 1 0 14 0 13 0 0 0 0
414 10190 868 856 68 0 0 26 1 0 14 0 13 0 0 0 0
415 10187 870 858 67 0 0 26 1 0 14 0 13 0 0 0 0
416 10177 875 863 67 0 0 26 1 0 14 0 13 0 0 0 0
417 10179 875 863 65 0 0 26 1 0 14 0 13 0 0 0 0
418 10187 871 859 65 0 0 26 1 0 14 0 13 0 0 0 0
419 10195 868 855 62 0 0 27 1 0 14 0 14 0 0 0 0
420 10195 868 855 62 0 0 27 1 0 14 0 14 0 0 0 0
421 10190 870 857 63 0 0 27 1 0 14 0 14 0 0 0 0
422 10185 872 859 64 0 0 27 1 0 14 0 14 0 0 0 0
423 10170 879 866 65 0 0 27 1 0 14 0 14 0 0 0 0
424 10163 882 869 66 0 0 27 1 0 14 0 14 0 0 0 0
425 10159 883 871 67 0 0 27 1 0 15 0 13 0 0 0 0
426 10149 888 876 67 0 0 27 1 0 15 0 13 0 0 0 0
427 10143 891 879 67 0 0 27 1 0 15 0 13 0 0 0 0
428 10142 891 879 68 0 0 27 1 0 15 0 13 0 0 0 0
429 10151 887 875 67 0 0 27 1 0 15 0 13 0 0 0 0
430 10147 889 877 67 0 0 27 1 0 15 0 13 0 0 0 0
431 10151 887 875 67 0 0 27 1 0 15 0 13 0 0 0 0
432 10143 892 879 64 0 0 28 1 0 15 0 14 0 0 0 0
433 10126 901 888 63 0 0 28 1 0 15 0 14 0 0 0 0
434 10117 904 891 64 0 0 28 2 0 15 0 15 0 0 0 0
435 10125 899 886 66 0 0 28 2 0 15 0 15 0 0 0 0
436 10116 903 890 67 0 0 28 2 0 15 0 15 0 0 0 0
437 10114 902 889 71 0 0 28 2 0 15 0 15 0 0 0 0
438 10097 910 897 72 0 0 28 2 0 15 0 15 0 0 0 0
439 10092 912 898 73 0 0 29 1 0 15 0 15 0 0 0 1
440 10091 913 899 72 0 0 29 1 0 15 0 15 0 0 0 1
441 10094 911 897 73 0 0 29 1 0 15 0 15 0 0 0 1
442 10078 918 902 73 0 0 31 1 0 15 0 17 0 0 0 1
443 10064 924 908 75 0 0 31 1 0 15 0 17 0 0 0 1
444 10078 917 901 75 0 0 31 1 0 15 0 17 0 0 0 1
445 10076 918 902 75 0 0 31 1 0 15 0 17 0 0 0 1
446 10065 923 907 76 0 0 31 1 0 15 0 17 0 0 0 1
447 10049 931 916 75 0 0 30 2 0 15 0 17 0 0 0 1
448 10035 938 923 75 0 0 30 2 0 15 0 17 0 0 0 1
449 10024 944 930 73 0 0 30 2 0 16 0 16 0 0 0 1
450 10004 953 938 74 0 0 31 2 0 16 0 17 0 0 0 1
451 9989 960 945 75 0 0 31 2 0 16 0 17 0 0 0 1
452 9967 970 955 77 0 0 31 2 0 16 0 17 0 0 0 1
453 9960 974 959 76 0 0 31 2 0 16 0 17 0 0 0 1
454 9953 978 963 74 0 0 31 2 0 16 0 17 0 0 0 2
455 9956 976 961 75 0 0 31 2 0 16 0 17 0 0 0 2
456 9956 975 959 76 0 0 32 2 0 16 0 18 0 0 0 2
457 9955 975 958 76 0 0 33 2 0 16 0 19 0 0 0 2
458 9932 987 969 76 0 0 33 2 0 15 0 20 0 0 0 2
459 9917 995 976 74 0 0 34 2 0 15 0 21 0 0 0 2
460 9905 1000 981 76 0 0 34 2 0 15 0 21 0 0 0 2
461 9888 1010 990 73 0 0 34 2 0 14 0 22 0 0 0 3
462 9877 1015 995 72 0 0 35 2 0 15 0 22 0 0 0 3
463 9868 1018 999 74 0 0 34 3 0 15 0 22 0 0 0 3
464 9865 1019 999 74 0 0 35 3 0 15 0 23 0 0 0 3
465 9840 1030 1009 76 0 0 36 3 0 15 0 24 0 0 0 3
466 9835 1030 1009 81 0 0 36 3 0 15 0 24 0 0 0 3
467 9823 1035 1015 82 0 0 36 3 0 16 0 23 0 0 0 3
468 9814 1039 1019 83 0 0 36 3 0 16 0 23 0 0 0 3
469 9790 1050 1030 85 0 0 36 3 0 16 0 23 0 0 0 3
470 9789 1051 1030 83 0 0 37 3 0 16 0 24 0 0 0 3
471 9783 1054 1033 83 0 0 37 3 0 16 0 24 0 0 0 3
472 9764 1062 1041 84 0 0 37 4 0 16 0 25 0 0 0 3
473 9739 1073 1052 87 0 0 37 4 0 16 0 25 0 0 0 3
474 9712 1083 1062 94 0 0 37 4 0 16 0 25 0 0 0 3
475 9701 1088 1066 94 0 0 38 4 0 16 0 26 0 0 0 3
476 9702 1088 1066 93 0 0 38 4 0 16 0 26 0 0 0 3
477 9695 1091 1069 94 0 0 38 4 0 16 0 26 0 0 0 3
478 9687 1095 1072 93 0 0 39 4 0 16 0 27 0 0 0 3
479 9664 1105 1082 94 0 0 39 5 0 16 0 28 0 0 0 3
480 9652 1109 1085 97 0 0 40 5 0 16 0 29 0 0 0 3
481 9633 1118 1094 98 0 0 40 5 0 16 0 29 0 0 0 3
482 9635 1115 1089 100 0 0 42 5 0 16 0 31 0 0 0 3
483 9616 1123 1097 103 0 0 42 5 0 16 0 31 0 0 0 3
484 9605 1127 1100 106 0 0 43 4 0 16 0 31 0 0 0 4
485 9608 1125 1098 107 0 0 43 4 0 16 0 31 0 0 0 4
486 9603 1126 1098 109 0 0 44 4 0 16 0 32 0 0 0 4
487 9592 1131 1103 110 0 0 44 4 0 16 0 32 0 0 0 4
488 9576 1139 1109 108 0 0 46 4 0 16 0 34 0 0 0 4
489 9571 1141 1111 109 0 0 46 4 0 16 0 34 0 0 0 4
490 9561 1145 1115 111 0 0 46 4 0 16 0 34 0 0 0 4
491 9561 1145 1115 111 0 0 46 4 0 16 0 34 0 0 0 4
492 9555 1147 1118 112 0 0 45 5 0 16 0 34 0 0 0 4
493 9561 1144 1116 111 0 0 45 5 0 17 0 33 0 0 0 4
494 9553 1147 1119 113 0 0 45 5 0 17 0 33 0 0 0 4
495 9537 1155 1127 113 0 0 45 5 0 17 0 33 0 0 0 4
496 9546 1149 1121 116 0 0 45 5 0 17 0 33 0 0 0 4
497 9544 1150 1122 116 0 0 45 5 0 17 0 33 0 0 0 4
498 9546 1150 1122 112 0 0 45 6 0 17 0 34 0 0 0 4
499 9548 1149 1122 111 0 0 45 6 0 18 0 33 0 0 0 4
500 9547 1150 1121 106 0 0 47 7 0 18 0 36 0 0 0 4
501 9534 1156 1127 107 0 0 47 7 0 18 0 36 0 0 0 4
502 9541 1153 1124 104 0 0 48 7 0 19 0 36 0 0 0 4
503 9527 1158 1129 108 0 0 48 7 0 19 0 36 0 0 0 4
504 9525 1157 1128 112 0 0 48 7 0 19 0 36 0 0 0 4
505 9522 1157 1128 113 0 0 48 8 0 19 0 37 0 0 0 4
506 9526 1154 1125 113 0 0 48 9 0 19 0 38 0 0 0 4
507 9514 1158 1129 117 0 0 48 9 0 19 0 38 0 0 0 4
508 9512 1159 1130 117 0 0 48 9 0 19 0 38 0 0 0 4
509 9527 1151 1122 118 0 0 48 9 0 19 0 38 0 0 0 4
510 9528 1151 1122 117 0 0 48 9 0 19 0 38 0 0 0 4
511 9522 1155 1125 114 0 0 49 9 0 19 0 39 0 0 0 4
512 9515 1158 1127 115 0 0 50 8 0 19 0 39 0 0 0 5
513 9514 1156 1126 117 0 0 51 8 0 21 0 38 0 0 0 5
514 9519 1154 1124 116 0 0 51 8 0 21 0 38 0 0 0 5
515 9522 1152 1122 117 0 0 51 8 0 21 0 38 0 0 0 5
516 9508 1159 1129 117 0 0 51 8 0 21 0 38 0 0 0 5
517 9517 1154 1125 117 0 0 50 9 0 21 0 38 0 0 0 5
518 9526 1150 1120 115 0 0 51 9 0 21 0 39 0 0 0 5
519 9523 1150 1120 118 0 0 51 9 0 21 0 39 0 0 0 5
520 9520 1152 1122 117 0 0 51 9 0 21 0 39 0 0 0 5
521 9529 1147 1117 118 0 0 51 9 0 21 0 39 0 0 0 5
522 9535 1144 1114 118 0 0 51 9 0 21 0 39 0 0 0 5
523 9527 1148 1117 117 0 0 52 9 0 21 0 40 0 0 0 5
524 9504 1159 1128 118 0 0 52 9 0 21 0 40 0 0 0 5
525 9492 1165 1133 117 0 0 53 9 0 21 0 41 0 0 0 5
526 9490 1166 1134 117 0 0 53 9 0 21 0 41 0 0 0 5
527 9492 1164 1132 119 0 0 53 9 0 21 0 41 0 0 0 5
528 9491 1162 1130 124 0 0 53 9 0 21 0 41 0 0 0 5
529 9490 1162 1130 125 0 0 53 9 0 21 0 41 0 0 0 5
530 9496 1158 1126 127 0 0 53 9 0 21 0 41 0 0 0 5
531 9489 1159 1127 132 0 0 53 9 0 21 0 41 0 0 0 5
532 9485 1161 1129 132 0 0 53 9 0 21 0 41 0 0 0 5
533 9483 1162 1130 132 0 0 53 9 0 21 0 41 0 0 0 5
534 9476 1165 1134 132 0 0 53 9 0 22 0 40 0 0 0 5
535 9474 1166 1134 131 0 0 54 9 0 22 0 41 0 0 0 5
536 9457 1175 1142 129 0 0 55 9 0 22 0 42 0 0 0 5
537 9454 1174 1142 133 0 0 54 10 0 22 0 42 0 0 0 5
538 9442 1179 1147 135 0 0 54 10 0 22 0 42 0 0 0 5
539 9432 1183 1150 136 0 0 55 10 0 22 0 43 0 0 0 5
540 9434 1181 1148 138 0 0 55 10 0 22 0 43 0 0 0 5
541 9422 1186 1153 140 0 0 55 10 0 22 0 43 0 0 0 5
542 9425 1186 1153 137 0 0 55 10 0 22 0 43 0 0 0 5
543 9424 1186 1152 134 0 0 57 10 0 23 0 44 0 0 0 6
544 9427 1183 1148 136 0 0 58 10 0 23 0 45 0 0 0 6
545 9427 1183 1149 135 0 0 58 10 0 24 0 44 0 0 0 6
546 9430 1181 1147 136 0 0 58 10 0 24 0 44 0 0 0 6
547 9424 1183 1148 137 0 0 59 10 0 24 0 45 0 0 0 6
548 9417 1185 1151 139 0 0 59 10 0 25 0 44 0 0 0 6
549 9425 1182 1147 138 0 0 60 9 0 25 0 44 0 0 0 6
550 9425 1182 1147 138 0 0 60 9 0 25 0 44 0 0 0 6
551 9429 1179 1145 139 0 0 60 9 0 26 0 43 0 0 0 6
552 9433 1179 1145 135 0 0 60 9 0 26 0 43 0 0 0 6
553 9424 1184 1150 134 0 0 60 9 0 26 0 43 0 0 0 6
554 9419 1187 1153 133 0 0 60 9 0 26 0 43 0 0 0 6
555 9418 1188 1155 131 0 0 60 9 0 27 0 42 0 0 0 6
556 9409 1193 1159 129 0 0 61 9 0 27 0 43 0 0 0 6
557 9400 1196 1162 132 0 0 61 9 0 27 0 43 0 0 0 6
558 9405 1194 1161 130 0 0 61 9 0 28 0 42 0 0 0 6
559 9413 1190 1157 130 0 0 61 9 0 28 0 42 0 0 0 6
560 9412 1190 1157 131 0 0 61 9 0 28 0 42 0 0 0 6
561 9411 1193 1159 127 0 0 61 9 0 27 0 43 0 0 0 6
562 9409 1193 1159 129 0 0 61 9 0 27 0 43 0 0 0 6
563 9405 1194 1160 131 0 0 61 9 0 27 0 43 0 0 0 6
564 9415 1189 1155 131 0 0 61 9 0 27 0 43 0 0 0 6
565 9410 1192 1157 129 0 0 62 9 0 27 0 44 0 0 0 6
566 9397 1198 1163 130 0 0 62 9 0 27 0 44 0 0 0 6
567 9403 1195 1161 129 1 0 61 9 0 28 1 42 0 0 0 6
568 9403 1195 1161 129 1 0 61 9 0 28 1 42 0 0 0 6
569 9407 1192 1159 130 1 0 61 9 0 29 1 41 0 0 0 6
570 9407 1192 1160 129 1 0 60 10 0 29 1 41 0 0 0 6
571 9407 1191 1157 129 1 0 62 10 0 29 1 43 0 0 0 6
572 9419 1185 1151 129 1 0 62 10 0 29 1 43 0 0 0 6
573 9410 1188 1154 132 1 0 62 10 0 29 1 43 0 0 0 6
574 9415 1186 1152 129 1 0 63 10 0 30 1 43 0 0 0 6
575 9424 1182 1149 127 1 0 63 10 0 31 1 42 0 0 0 6
576 9414 1186 1152 128 1 0 64 10 0 31 1 43 0 0 0 6
577 9412 1187 1151 126 1 0 66 10 0 31 1 45 0 0 0 6
578 9408 1190 1154 124 1 0 66 10 0 31 1 45 0 0 0 6
579 9398 1194 1157 125 1 0 67 10 0 31 1 46 0 0 0 6
580 9411 1187 1151 123 1 0 68 10 0 33 1 45 0 0 0 6
581 9412 1186 1150 124 1 0 68 10 0 33 1 45 0 0 0 6
582 9415 1181 1146 130 1 0 68 10 0 34 1 44 0 0 0 6
583 9423 1177 1143 129 1 0 68 10 0 35 1 43 0 0 0 6
584 9425 1175 1141 131 1 0 68 10 0 35 1 43 0 0 0 6
585 9426 1174 1140 132 1 0 68 10 0 35 1 43 0 0 0 6
586 9438 1169 1135 130 1 0 68 10 0 35 1 43 0 0 0 6
587 9440 1167 1133 132 1 0 68 10 0 35 1 43 0 0 0 6
588 9442 1165 1131 134 1 0 68 10 0 35 1 43 0 0 0 6
589 9443 1164 1130 135 1 0 68 10 0 35 1 43 0 0 0 6
590 9443 1163 1129 137 1 0 68 10 0 35 1 43 0 0 0 6
591 9424 1172 1137 138 1 0 69 9 0 35 1 43 0 0 0 7
592 9421 1173 1138 139 1 0 69 9 0 35 1 43 0 0 0 7
593 9420 1173 1136 138 1 0 71 9 0 35 1 45 0 0 0 7
594 9407 1179 1142 139 1 0 71 9 0 35 1 45 0 0 0 7
595 9404 1179 1143 141 1 0 71 9 0 36 1 44 0 0 0 7
596 9409 1179 1142 135 1 0 72 9 0 36 1 45 0 0 0 7
597 9419 1174 1138 134 1 0 71 10 0 36 1 45 0 0 0 7
598 9417 1175 1139 134 1 0 71 10 0 36 1 45 0 0 0 7
599 9424 1174 1138 127 1 0 71 11 0 36 1 46 0 0 0 7
600 9418 1176 1139 128 1 0 72 11 0 36 1 47 0 0 0 7
601 9419 1175 1138 129 1 0 72 11 0 36 1 47 0 0 0 7
602 9416 1175 1138 132 1 0 72 11 0 36 1 47 0 0 0 7
603 9421 1172 1135 133 1 0 72 11 0 36 1 47 0 0 0 7
604 9423 1172 1135 131 1 0 72 11 0 36 1 47 0 0 0 7
605 9421 1173 1135 132 1 0 72 11 0 35 1 48 0 0 0 7
606 9425 1171 1134 131 1 0 71 12 0 35 1 48 0 0 0 7
607 9425 1172 1135 129 1 0 71 12 0 35 1 48 0 0 0 7
608 9432 1168 1131 130 1 0 71 12 0 35 1 48 0 0 0 7
609 9431 1168 1131 131 1 0 71 12 0 35 1 48 0 0 0 7
610 9435 1166 1129 131 1 0 71 12 0 35 1 48 0 0 0 7
611 9430 1169 1132 130 1 0 71 12 0 35 1 48 0 0 0 7
612 9436 1165 1128 132 1 0 71 12 0 35 1 48 0 0 0 7
613 9447 1160 1124 130 1 0 71 12 0 36 1 47 0 0 0 7
614 9443 1160 1125 133 1 0 70 13 0 36 1 47 0 0 0 7
615 9434 1164 1129 134 1 0 70 13 0 36 1 47 0 0 0 7
616 9436 1164 1128 131 1 0 71 13 0 36 1 48 0 0 0 7
617 9447 1158 1120 132 1 0 73 12 0 36 1 49 0 0 0 7
618 9451 1157 1119 130 1 0 74 11 0 37 1 48 0 0 0 7
619 9450 1157 1119 131 1 0 74 11 0 37 1 48 0 0 0 7
620 9447 1158 1120 132 1 0 74 11 0 37 1 48 0 0 0 7
621 9447 1158 1120 132 1 0 74 11 0 37 1 48 0 0 0 7
622 9446 1159 1121 131 1 0 74 11 0 37 1 48 0 0 0 7
623 9457 1153 1115 132 1 0 74 11 0 37 1 48 0 0 0 7
624 9460 1152 1114 131 1 0 74 11 0 37 1 48 0 0 0 7
625 9455 1154 1113 131 1 0 77 10 0 37 1 50 0 0 0 7
626 9464 1150 1110 129 1 0 77 10 0 38 1 49 0 0 0 7
627 9464 1151 1111 127 1 0 77 10 0 38 1 49 0 0 0 7
628 9451 1157 1118 127 1 0 77 10 0 39 1 48 0 0 0 7
629 9436 1164 1125 128 1 0 77 10 0 39 1 48 0 0 0 7
630 9430 1167 1128 128 1 0 77 10 0 39 1 48 0 0 0 7
631 9433 1167 1128 125 1 0 77 10 0 39 1 48 0 0 0 7
632 9427 1169 1130 127 1 0 77 10 0 39 1 48 0 0 0 7
633 9422 1171 1132 128 1 0 77 10 0 39 1 48 0 0 0 7
634 9413 1175 1135 128 1 0 78 10 0 39 1 49 0 0 0 7
635 9399 1180 1139 132 1 0 79 9 0 39 1 49 0 0 0 8
636 9390 1184 1144 132 1 0 78 10 0 39 1 49 0 0 0 8
637 9372 1191 1153 134 1 0 77 11 0 40 1 48 0 0 0 8
638 9371 1191 1152 134 1 0 78 11 0 40 1 49 0 0 0 8
639 9362 1195 1156 135 1 0 78 11 0 40 1 49 0 0 0 8
640 9356 1197 1158 137 1 0 78 11 0 40 1 49 0 0 0 8
641 9363 1193 1153 139 1 0 78 11 0 39 1 50 0 0 0 8
642 9348 1202 1162 136 1 0 78 11 0 39 1 50 0 0 0 8
643 9339 1206 1164 135 1 0 80 11 0 39 1 52 0 0 0 8
644 9329 1211 1168 134 1 0 81 11 0 39 1 53 0 0 0 8
645 9314 1219 1174 131 1 0 83 11 0 39 1 55 0 0 0 8
646 9315 1219 1173 129 1 0 84 11 0 39 1 56 0 0 0 8
647 9305 1223 1176 130 1 0 85 11 0 39 1 57 0 0 0 8
648 9291 1230 1183 130 1 0 85 11 0 39 1 57 0 0 0 8
649 9289 1230 1184 131 1 0 84 12 0 39 1 57 0 0 0 8
650 9278 1237 1191 128 1 0 84 12 0 39 1 57 0 0 0 8
651 9274 1238 1191 129 1 0 85 12 0 39 1 58 0 0 0 8
652 9267 1241 1194 130 1 0 85 12 0 39 1 58 0 0 0 8
653 9253 1248 1201 130 1 0 85 12 0 39 1 58 0 0 0 8
654 9250 1250 1202 129 1 0 86 11 0 39 1 58 0 0 0 9
655 9234 1256 1209 132 1 0 86 11 0 40 1 57 0 0 0 9
656 9220 1264 1217 130 1 0 86 11 0 40 1 57 0 0 0 9
657 9203 1273 1226 129 1 0 86 11 0 40 1 57 0 0 0 9
658 9191 1277 1230 133 1 0 86 11 0 40 1 57 0 0 0 9
659 9169 1287 1238 133 1 0 88 11 0 40 1 59 0 0 0 9
660 9160 1291 1240 133 1 0 90 10 0 40 1 60 0 0 0 10
661 9146 1297 1245 134 1 0 91 10 0 40 1 61 0 0 0 10
662 9134 1302 1245 133 1 0 96 9 0 40 1 65 0 0 0 10
663 9130 1305 1247 131 1 0 97 8 0 40 1 65 0 0 0 11
664 9124 1307 1249 132 1 0 97 8 0 40 1 65 0 0 0 12
665 9105 1316 1258 133 1 0 97 8 0 40 1 65 0 0 0 12
666 9094 1320 1262 136 1 0 97 8 0 40 1 65 0 0 0 12
667 9085 1323 1267 137 1 0 96 9 0 41 1 64 0 0 0 12
668 9071 1330 1274 137 1 0 96 9 0 41 1 64 0 0 0 12
669 9058 1336 1281 137 1 0 96 9 0 42 1 63 0 0 0 12
670 9050 1340 1285 135 1 0 97 9 0 43 1 63 0 0 0 12
671 9049 1341 1287 133 1 0 96 10 0 43 1 63 0 0 0 12
672 9048 1340 1287 133 1 0 96 11 0 44 1 63 0 0 0 12
673 9047 1340 1287 134 1 0 96 11 0 44 1 63 0 0 0 12
674 9036 1344 1290 135 1 0 98 10 0 45 1 63 0 0 0 13
675 9043 1341 1287 134 1 0 98 10 0 45 1 63 0 0 0 13
676 9029 1348 1293 133 1 0 99 10 0 45 1 64 0 0 0 13
677 9020 1352 1295 130 1 0 101 11 0 45 1 67 0 0 0 13
678 9014 1354 1297 130 1 0 101 12 0 45 1 68 0 0 0 13
679 9009 1357 1298 127 1 0 103 12 0 45 1 70 0 0 0 13
680 9008 1357 1299 127 1 0 102 13 0 45 1 70 0 0 0 13
681 8984 1370 1312 125 1 0 102 13 0 45 1 70 0 0 0 13
682 8981 1372 1315 123 1 0 101 14 0 45 1 70 0 0 0 13
683 8965 1377 1321 128 0 1 101 14 0 45 1 70 0 0 0 13
684 8960 1378 1322 131 0 1 101 14 0 45 1 70 0 0 0 13
685 8946 1383 1329 133 0 1 101 14 0 47 1 68 0 0 0 13
686 8944 1383 1329 133 0 1 101 15 0 47 1 69 0 0 0 13
687 8942 1384 1330 133 0 1 101 15 0 47 1 69 0 0 0 13
688 8931 1389 1336 131 0 1 101 16 0 48 1 69 0 0 0 13
689 8930 1389 1334 132 0 1 102 16 0 47 1 71 0 0 0 13
690 8919 1391 1339 136 0 1 101 17 0 49 1 69 0 0 0 13
691 8921 1389 1335 136 0 1 103 16 0 49 1 70 0 0 0 15
692 8918 1390 1334 133 0 1 105 17 0 49 1 73 0 0 0 15
693 8909 1394 1339 131 0 1 106 17 0 51 1 72 0 0 0 15
694 8913 1392 1337 131 0 1 106 17 0 51 1 72 0 0 0 15
695 8915 1390 1335 131 0 1 106 18 0 51 1 73 0 0 0 15
696 8918 1387 1331 133 0 1 107 18 0 51 1 74 0 0 0 15
697 8904 1392 1335 136 0 1 108 18 0 51 1 75 0 0 0 15
698 8895 1396 1339 137 0 1 108 18 0 51 1 75 0 0 0 15
699 8890 1397 1339 139 0 1 109 18 0 51 1 76 0 0 0 15
700 8877 1404 1346 136 0 1 109 19 0 51 1 77 0 0 0 15
701 8871 1407 1349 136 0 1 109 19 0 51 1 77 0 0 0 15
702 8863 1410 1351 137 0 1 110 19 0 51 1 78 0 0 0 15
703 8853 1414 1356 138 0 1 109 20 0 51 1 78 0 0 0 15
704 8863 1409 1351 136 0 1 110 20 0 52 1 78 0 0 0 15
705 8856 1411 1352 138 0 1 111 20 0 52 1 79 0 0 0 15
706 8854 1413 1354 135 0 1 111 20 0 52 1 79 0 0 0 16
707 8845 1414 1356 139 0 1 112 20 0 54 1 78 0 0 0 16
708 8843 1413 1356 140 0 1 111 22 0 54 1 79 0 0 0 16
709 8845 1408 1352 143 0 1 111 24 0 55 1 80 0 0 0 16
710 8850 1405 1350 143 0 1 111 24 0 56 1 79 0 0 0 16
711 8857 1400 1346 145 0 1 111 24 0 57 1 78 0 0 0 16
712 8857 1398 1345 148 0 1 111 24 0 58 1 77 0 0 0 16
713 8852 1400 1346 150 0 1 112 23 0 58 1 77 0 0 0 16
714 8860 1395 1340 151 0 1 113 23 0 58 1 78 0 0 0 16
715 8861 1393 1339 153 0 1 113 23 0 59 1 77 0 0 0 16
716 8852 1397 1342 153 0 1 114 23 0 59 1 78 0 0 0 16
717 8846 1399 1346 153 0 1 113 24 0 60 1 77 0 0 0 16
718 8854 1395 1342 153 0 1 113 24 0 60 1 77 0 0 0 16
719 8852 1394 1343 155 0 1 113 24 0 62 1 75 0 0 0 16
720 8856 1392 1342 154 0 1 113 24 0 63 1 74 0 0 0 16
721 8861 1391 1341 151 0 1 113 24 0 63 1 74 0 0 0 16
722 8857 1391 1340 154 0 1 114 24 0 63 1 75 0 0 0 16
723 8851 1395 1343 150 0 1 115 24 0 63 1 76 0 0 0 17
724 8850 1394 1341 151 0 1 116 24 0 63 1 77 0 0 0 18
725 8843 1397 1343 151 0 1 117 24 0 63 1 78 0 0 0 18
726 8848 1393 1339 154 0 1 117 24 0 63 1 78 0 0 0 18
727 8842 1395 1341 152 0 1 118 25 0 64 1 79 0 0 0 18
728 8845 1393 1339 153 0 1 118 25 0 64 1 79 0 0 0 18
729 8831 1398 1345 156 0 1 117 26 0 64 1 79 0 0 0 18
730 8841 1394 1341 152 0 1 117 27 0 64 1 80 0 0 0 18
731 8849 1392 1337 148 0 0 119 27 0 64 0 82 0 0 0 18
732 8841 1395 1340 150 0 0 119 27 0 64 0 82 0 0 0 18
733 8838 1395 1341 152 0 0 118 28 0 64 0 82 0 0 0 18
734 8840 1392 1339 155 0 0 118 28 0 65 0 81 0 0 0 18
735 8859 1381 1329 157 0 0 118 28 0 66 0 80 0 0 0 18
736 8867 1376 1324 159 0 0 120 26 0 68 0 78 0 0 0 18
737 8873 1372 1319 160 0 0 121 26 0 68 0 79 0 0 0 18
738 8875 1372 1319 158 0 0 121 25 0 68 0 78 0 0 0 20
739 8882 1366 1314 162 0 0 120 26 0 68 0 78 0 0 0 20
740 8877 1369 1317 161 0 0 120 26 0 68 0 78 0 0 0 20
741 8878 1368 1317 161 0 0 120 26 0 69 0 77 0 0 0 20
742 8878 1367 1317 162 0 0 120 26 0 70 0 76 0 0 0 20
743 8887 1362 1313 162 0 0 120 26 0 71 0 75 0 0 0 20
744 8886 1360 1311 167 0 0 120 26 0 71 0 75 0 0 0 20
745 8883 1360 1313 168 0 0 119 27 0 72 0 74 0 0 0 20
746 8900 1351 1304 169 0 0 119 27 0 72 0 74 0 0 0 20
747 8906 1346 1296 170 0 0 122 27 0 72 0 77 0 0 0 20
748 8905 1345 1295 171 0 0 123 27 0 73 0 77 0 0 0 20
749 8905 1346 1294 165 0 0 125 27 0 73 0 79 0 0 0 22
750 8911 1342 1289 168 0 0 126 26 0 73 0 79 0 0 0 22
751 8910 1341 1289 170 0 0 126 26 0 74 0 78 0 0 0 22
752 8904 1343 1290 173 0 0 127 25 0 74 0 78 0 0 0 22
753 8892 1349 1296 173 0 0 127 25 0 74 0 78 0 0 0 22
754 8890 1350 1296 172 0 0 128 25 0 74 0 79 0 0 0 22
755 8888 1352 1299 169 0 0 128 25 0 75 0 78 0 0 0 22
756 8892 1350 1296 170 0 0 129 24 0 75 0 78 0 0 0 22
757 8897 1348 1296 167 0 0 129 24 0 77 0 76 0 0 0 22
758 8897 1348 1296 167 0 0 129 24 0 77 0 76 0 0 0 22
759 8897 1349 1295 163 0 0 132 23 0 78 0 77 0 0 0 22
760 8890 1353 1299 162 0 0 132 23 0 78 0 77 0 0 0 22
761 8889 1352 1298 165 0 0 132 23 0 78 0 77 0 0 0 22
762 8899 1346 1292 165 0 0 133 23 0 79 0 77 0 0 0 22
763 8907 1343 1289 163 0 0 133 23 0 79 0 77 0 0 0 22
764 8917 1338 1285 162 0 0 133 23 0 80 0 76 0 0 0 22
765 8911 1338 1287 164 0 0 134 23 0 83 0 74 0 0 0 22
766 8905 1342 1290 163 0 0 135 22 0 83 0 74 0 0 0 22
767 8905 1342 1289 162 0 0 137 21 0 84 0 74 0 0 0 22
768 8903 1343 1291 161 0 0 137 21 0 85 0 73 0 0 0 22
769 8913 1338 1286 161 0 0 137 21 0 85 0 73 0 0 0 22
770 8925 1334 1282 157 0 0 137 21 0 85 0 73 0 0 0 22
771 8924 1334 1282 158 0 0 137 21 0 85 0 73 0 0 0 22
772 8923 1335 1283 157 0 0 137 21 0 85 0 73 0 0 0 22
773 8917 1339 1287 155 0 0 137 21 0 85 0 73 0 0 0 22
774 8929 1333 1281 155 0 0 137 21 0 85 0 73 0 0 0 22
775 8926 1334 1282 156 0 0 137 21 0 85 0 73 0 0 0 22
776 8937 1328 1276 157 0 0 137 21 0 85 0 73 0 0 0 22
777 8934 1329 1277 158 0 0 137 21 0 85 0 73 0 0 0 22
778 8930 1328 1276 164 0 0 137 21 0 85 0 73 0 0 0 22
779 8930 1328 1276 164 0 0 137 21 0 85 0 73 0 0 0 22
780 8926 1330 1278 164 0 0 137 21 0 85 0 73 0 0 0 22
781 8925 1330 1279 164 0 0 136 22 0 85 0 73 0 0 0 22
782 8932 1326 1276 164 0 0 136 22 0 86 0 72 0 0 0 22
783 8937 1324 1274 163 0 0 136 22 0 86 0 72 0 0 0 22
784 8940 1323 1273 160 0 0 137 22 0 87 0 72 0 0 0 22
785 8941 1322 1273 160 0 0 137 22 0 88 0 71 0 0 0 22
786 8941 1321 1272 162 0 0 137 22 0 88 0 71 0 0 0 22
787 8942 1321 1273 160 0 0 137 22 0 89 0 70 0 0 0 22
788 8954 1314 1267 159 0 0 138 22 0 91 0 69 0 0 0 22
789 8958 1314 1267 155 0 0 138 22 0 91 0 69 0 0 0 22
790 8961 1314 1266 151 0 0 139 22 0 91 0 70 0 0 0 22
791 8968 1310 1263 151 0 0 139 22 0 92 0 69 0 0 0 22
792 8963 1314 1268 147 0 0 139 22 0 93 0 68 0 0 0 22
793 8957 1317 1271 147 0 0 139 22 0 93 0 68 0 0 0 22
794 8951 1321 1273 143 0 0 141 22 0 93 0 70 0 0 0 22
795 8949 1322 1274 141 0 0 142 22 0 94 0 70 0 0 0 22
796 8952 1321 1273 140 0 0 142 22 0 94 0 70 0 0 0 22
797 8944 1325 1277 140 0 0 142 22 0 94 0 70 0 0 0 22
798 8947 1324 1276 139 0 0 142 22 0 94 0 70 0 0 0 22
799 8969 1310 1266 141 0 0 142 22 0 98 0 66 0 0 0 22
800 8966 1311 1268 141 0 0 142 22 0 99 0 65 0 0 0 22
801 8963 1312 1269 142 0 0 142 22 0 99 0 65 0 0 0 22
802 8957 1315 1272 140 0 0 143 22 0 100 0 65 0 0 0 22
803 8962 1311 1268 143 0 0 143 22 0 100 0 65 0 0 0 22
804 8960 1312 1270 142 0 0 143 22 0 101 0 64 0 0 0 22
805 8949 1317 1275 142 0 0 143 22 0 101 0 64 0 0 0 23
806 8952 1315 1274 142 0 0 143 22 0 102 0 63 0 0 0 23
807 8952 1315 1275 141 0 0 143 22 0 103 0 62 0 0 0 23
808 8963 1310 1270 140 0 0 143 22 0 103 0 62 0 0 0 23
809 8969 1307 1268 139 0 0 143 22 0 104 0 61 0 0 0 23
810 8974 1305 1266 138 0 0 143 22 0 104 0 61 0 0 0 23
811 8979 1303 1264 137 0 0 143 22 0 104 0 61 0 0 0 23
812 8976 1304 1266 137 0 0 143 22 0 105 0 60 0 0 0 23
813 8990 1296 1258 139 0 0 143 22 0 105 0 60 0 0 0 23
814 8989 1297 1258 138 0 0 144 21 0 105 0 60 0 0 0 24
815 8978 1302 1263 139 0 0 144 21 0 105 0 60 0 0 0 24
816 8979 1300 1261 142 0 0 144 21 0 105 0 60 0 0 0 24
817 8985 1296 1256 144 0 0 146 19 0 106 0 59 0 0 0 25
818 8995 1290 1250 146 0 0 146 19 0 106 0 59 0 0 0 25
819 9000 1287 1247 147 0 0 146 19 0 106 0 59 0 0 0 25
820 9000 1287 1247 147 0 0 146 19 0 106 0 59 0 0 0 25
821 9006 1284 1244 147 0 0 147 18 0 107 0 58 0 0 0 25
822 9003 1285 1245 148 0 0 146 19 0 106 0 59 0 0 0 25
823 9011 1281 1240 147 0 0 147 19 0 106 0 60 0 0 0 25
824 9015 1278 1239 147 0 0 147 19 0 108 0 58 0 0 0 25
825 9008 1280 1241 150 0 0 147 19 0 108 0 58 0 0 0 25
826 9003 1282 1243 151 0 0 147 19 0 108 0 58 0 0 0 25
827 9003 1281 1243 152 0 0 146 20 0 108 0 58 0 0 0 25
828 9005 1279 1241 154 0 0 146 20 0 108 0 58 0 0 0 25
829 9014 1276 1237 150 0 0 147 20 0 108 0 59 0 0 0 25
830 9012 1277 1237 151 0 0 148 19 0 108 0 59 0 0 0 25
831 9015 1277 1236 149 0 0 149 18 0 108 0 59 0 0 0 25
832 9018 1275 1235 149 0 0 148 19 0 108 0 59 0 0 0 25
833 9022 1274 1234 147 0 0 148 19 0 108 0 59 0 0 0 25
834 9028 1270 1229 148 0 0 149 19 0 108 0 60 0 0 0 25
835 9024 1272 1232 147 0 0 149 19 0 109 0 59 0 0 0 25
836 9021 1272 1231 149 0 0 150 19 0 109 0 60 0 0 0 25
837 9017 1275 1234 147 0 0 150 19 0 109 0 60 0 0 0 25
838 9013 1277 1236 147 0 0 150 19 0 109 0 60 0 0 0 25
839 9018 1274 1231 146 0 0 152 19 0 109 0 62 0 0 0 25
840 9013 1275 1232 149 0 0 152 19 0 109 0 62 0 0 0 25
841 9030 1265 1224 150 0 0 152 19 0 111 0 60 0 0 0 25
842 9019 1271 1229 150 0 0 154 17 0 112 0 59 0 0 0 25
843 9015 1273 1230 149 0 0 155 17 0 112 0 60 0 0 0 25
844 8998 1281 1237 151 0 0 155 17 0 111 0 61 0 0 0 25
845 9001 1278 1235 153 0 0 155 17 0 112 0 60 0 0 0 25
846 8991 1282 1239 155 0 0 155 17 0 112 0 60 0 0 0 25
847 8987 1284 1241 155 0 0 155 17 0 112 0 60 0 0 0 25
848 8974 1289 1247 157 0 0 154 18 0 112 0 60 0 0 0 25
849 8964 1295 1252 154 0 0 155 18 0 112 0 61 0 0 0 25
850 8960 1297 1253 155 0 0 156 17 0 112 0 61 0 0 0 25
851 8964 1294 1251 156 0 0 156 17 0 113 0 60 0 0 0 25
852 8957 1295 1252 158 0 0 157 17 0 114 0 60 0 0 0 26
853 8946 1302 1259 155 0 0 157 17 0 114 0 60 0 0 0 26
854 8934 1307 1261 155 0 0 160 16 0 114 0 62 0 0 0 27
855 8924 1311 1265 157 0 0 160 16 0 114 0 62 0 0 0 27
856 8926 1309 1260 156 0 0 163 16 0 114 0 65 0 0 0 27
857 8922 1310 1261 158 0 0 163 16 0 114 0 65 0 0 0 27
858 8918 1310 1261 162 0 0 163 16 0 114 0 65 0 0 0 27
859 8908 1314 1264 165 0 0 164 15 0 114 0 65 0 0 0 27
860 8905 1317 1266 161 0 0 165 15 0 114 0 66 0 0 0 27
861 8881 1327 1277 164 0 0 164 16 0 114 0 66 0 0 0 27
862 8876 1329 1276 162 0 0 167 16 0 114 0 69 0 0 0 27
863 8859 1337 1282 163 0 0 169 15 0 114 0 70 0 0 0 27
864 8840 1343 1286 169 0 0 171 14 0 114 0 71 0 0 0 28
865 8836 1343 1286 171 0 0 172 14 0 115 0 71 0 0 0 28
866 8826 1344 1287 177 0 0 172 15 0 115 0 72 0 0 0 28
867 8808 1352 1294 179 0 0 173 14 0 115 0 72 0 0 0 29
868 8797 1356 1296 180 0 0 175 14 0 115 0 74 0 0 0 29
869 8792 1357 1297 181 0 0 175 15 0 115 0 75 0 0 0 29
870 8783 1357 1297 190 0 0 175 15 0 115 0 75 0 0 0 29
871 8775 1360 1300 190 0 0 175 16 0 115 0 76 0 0 0 29
872 8757 1367 1309 192 0 0 175 16 0 117 0 74 0 0 0 29
873 8748 1369 1310 196 0 0 176 16 0 117 0 75 0 0 0 29
874 8734 1375 1314 197 0 0 178 15 0 117 0 76 0 0 0 30
875 8719 1381 1320 200 0 0 178 15 0 117 0 76 0 0 0 30
876 8715 1379 1318 206 0 0 178 16 0 117 0 77 0 0 0 30
877 8720 1377 1316 205 0 0 178 16 0 117 0 77 0 0 0 30
878 8710 1382 1319 203 0 0 180 16 0 117 0 79 0 0 0 30
879 8694 1389 1325 204 0 0 181 16 0 117 0 80 0 0 0 30
880 8695 1390 1326 199 0 0 182 16 0 118 0 80 0 0 0 30
881 8694 1390 1327 198 0 0 182 16 0 119 0 79 0 0 0 31
882 8697 1388 1325 195 0 0 182 18 0 119 0 81 0 0 0 31
883 8697 1389 1325 192 0 0 183 18 0 119 0 82 0 0 0 31
884 8700 1387 1322 192 0 0 185 17 0 120 0 82 0 0 0 31
885 8693 1390 1324 194 0 0 185 17 0 119 0 83 0 0 0 31
886 8695 1391 1325 190 0 0 185 17 0 119 0 83 0 0 0 31
887 8692 1391 1325 190 0 0 186 17 0 120 0 83 0 0 0 32
888 8687 1393 1326 190 0 0 187 17 0 120 0 84 0 0 0 32
889 8684 1393 1326 191 0 0 188 17 0 121 0 84 0 0 0 32
890 8674 1398 1331 191 0 0 189 16 0 122 0 83 0 0 0 32
891 8658 1405 1338 193 0 0 189 16 0 122 0 83 0 0 0 32
892 8667 1399 1333 195 0 0 189 16 0 123 0 82 0 0 0 32
893 8667 1401 1334 190 0 0 190 16 0 123 0 83 0 0 0 32
894 8654 1406 1338 189 0 0 191 17 0 123 0 85 0 0 0 33
895 8644 1411 1343 189 0 0 191 17 0 123 0 85 0 0 0 33
896 8636 1414 1347 190 0 0 191 17 0 124 0 84 0 0 0 33
897 8640 1411 1346 188 0 0 190 19 0 125 0 84 0 0 0 33
898 8656 1402 1338 189 0 0 190 19 0 126 0 83 0 0 0 33
899 8658 1400 1336 189 0 0 190 20 0 126 0 84 0 0 0 33
900 8651 1402 1338 192 0 0 190 20 0 126 0 84 0 0 0 33
901 8643 1406 1341 189 0 0 190 22 0 125 0 87 0 0 0 33
902 8643 1406 1342 188 0 0 190 22 0 126 0 86 0 0 0 33
903 8646 1403 1337 187 0 0 193 22 0 127 0 88 0 0 0 33
904 8631 1410 1344 188 0 0 193 22 0 127 0 88 0 0 0 33
905 8627 1412 1344 188 0 0 195 21 0 127 0 89 0 0 0 33
906 8615 1418 1349 187 0 0 196 21 0 127 0 90 0 0 0 33
907 8623 1415 1346 183 0 0 197 21 0 128 0 90 0 0 0 33
908 8624 1415 1343 181 0 0 200 20 0 128 0 92 0 0 0 33
909 8621 1416 1345 181 0 0 199 21 0 128 0 92 0 0 0 33
910 8621 1416 1343 178 0 0 201 21 0 128 0 94 0 0 0 34
911 8625 1416 1343 172 0 0 202 21 0 129 0 94 0 0 0 34
912 8623 1418 1343 168 0 0 204 21 0 129 0 96 0 0 0 34
913 8621 1419 1343 165 0 0 205 22 0 129 0 98 0 0 0 34
914 8626 1417 1341 164 0 0 205 22 0 129 0 98 0 0 0 34
915 8622 1416 1340 168 0 0 206 22 0 130 0 98 0 0 0 34
916 8613 1420 1343 170 0 0 207 21 0 130 0 98 0 0 0 34
917 8615 1418 1340 169 0 0 208 22 0 130 0 100 0 0 0 34
918 8608 1421 1345 168 0 0 208 22 0 132 0 98 0 0 0 34
919 8607 1422 1345 168 0 0 209 21 0 132 0 98 0 0 0 34
920 8597 1428 1350 167 0 0 210 20 0 132 0 98 0 0 0 34
921 8589 1432 1354 167 0 0 210 20 0 132 0 98 0 0 0 34
922 8595 1428 1348 170 0 0 212 18 0 132 0 98 0 0 0 35
923 8588 1432 1352 169 0 0 212 18 0 132 0 98 0 0 0 35
924 8596 1426 1347 172 0 0 212 18 0 133 0 97 0 0 0 35
925 8603 1423 1344 171 0 0 212 18 0 133 0 97 0 0 0 35
926 8600 1425 1346 170 0 0 212 18 0 133 0 97 0 0 0 35
927 8600 1424 1346 171 0 0 211 19 0 133 0 97 0 0 0 35
928 8608 1419 1341 173 0 0 211 19 0 133 0 97 0 0 0 35
929 8618 1415 1338 170 0 0 211 19 0 134 0 96 0 0 0 35
930 8626 1408 1332 173 0 0 212 19 0 136 0 95 0 0 0 35
931 8615 1413 1339 172 0 0 211 20 0 137 0 94 0 0 0 35
932 8613 1414 1340 172 0 0 211 20 0 137 0 94 0 0 0 35
933 8610 1411 1338 178 0 0 211 21 0 138 0 94 0 0 0 35
934 8614 1409 1337 177 0 0 211 21 0 139 0 93 0 0 0 35
935 8606 1412 1339 178 0 0 212 21 0 139 0 94 0 0 0 35
936 8611 1409 1336 179 0 0 212 21 0 139 0 94 0 0 0 35
937 8618 1406 1331 176 0 0 214 21 0 139 0 96 0 0 0 35
938 8616 1405 1331 177 0 0 213 23 0 139 0 97 0 0 0 35
939 8612 1405 1333 179 0 0 212 24 0 140 0 96 0 0 0 35
940 8611 1406 1332 176 0 0 214 24 0 140 0 98 0 0 0 35
941 8616 1403 1331 175 0 0 214 24 0 142 0 96 0 0 0 35
942 8628 1398 1325 174 0 0 215 23 0 142 0 96 0 0 0 35
943 8615 1403 1330 177 0 0 215 23 0 142 0 96 0 0 0 35
944 8625 1398 1326 176 0 0 215 23 0 143 0 95 0 0 0 35
945 8626 1399 1326 172 0 0 216 23 0 143 0 96 0 0 0 35
946 8626 1399 1328 170 0 0 216 23 0 145 0 94 0 0 0 35
947 8628 1399 1328 168 0 0 216 23 0 145 0 94 0 0 0 35
948 8645 1390 1320 166 0 0 217 23 0 147 0 93 0 0 0 35
949 8638 1391 1322 168 0 0 217 24 0 148 0 93 0 0 0 35
950 8645 1387 1319 168 0 0 217 24 0 149 0 92 0 0 0 35
951 8649 1386 1318 166 0 0 217 24 0 149 0 92 0 0 0 35
952 8653 1385 1315 166 0 0 218 23 0 148 0 93 0 0 0 35
953 8644 1389 1319 167 0 0 218 23 0 148 0 93 0 0 0 35
954 8630 1395 1325 169 0 0 218 23 0 148 0 93 0 0 0 35
955 8642 1390 1321 166 0 0 218 23 0 149 0 92 0 0 0 35
956 8630 1395 1325 169 0 0 218 23 0 148 0 93 0 0 0 35
957 8643 1388 1318 169 0 0 218 23 0 148 0 93 0 0 0 36
958 8637 1390 1321 170 0 0 218 23 0 149 0 92 0 0 0 36
959 8640 1390 1321 167 0 0 218 23 0 149 0 92 0 0 0 36
960 8640 1389 1319 168 0 0 219 23 0 149 0 93 0 0 0 36
961 8653 1383 1313 167 0 0 219 23 0 149 0 93 0 0 0 36
962 8662 1378 1309 167 0 0 219 23 0 150 0 92 0 0 0 36
963 8667 1374 1305 170 0 0 219 23 0 150 0 92 0 0 0 36
964 8660 1381 1309 166 0 0 220 22 0 148 0 94 0 0 0 36
965 8671 1377 1305 163 0 0 220 22 0 148 0 94 0 0 0 36
966 8678 1373 1300 163 0 0 221 22 0 148 0 95 0 0 0 36
967 8676 1374 1300 162 0 0 222 22 0 148 0 96 0 0 0 36
968 8679 1372 1299 162 0 0 222 22 0 149 0 95 0 0 0 36
969 8682 1372 1300 158 0 0 222 22 0 150 0 94 0 0 0 36
970 8681 1373 1303 155 0 0 222 22 0 152 0 92 0 0 0 36
971 8683 1375 1303 151 0 0 223 21 0 151 0 93 0 0 0 36
972 8698 1368 1297 149 0 0 223 21 0 152 0 92 0 0 0 36
973 8694 1370 1299 147 0 0 223 22 0 152 0 93 0 0 0 36
974 8704 1366 1295 145 0 0 223 22 0 152 0 93 0 0 0 36
975 8707 1364 1291 148 0 0 224 21 0 151 0 94 0 0 0 36
976 8711 1360 1291 148 0 0 224 21 0 155 0 90 0 0 0 36
977 8732 1349 1281 146 0 0 224 22 0 156 0 90 0 0 0 36
978 8736 1347 1279 146 0 0 224 22 0 156 0 90 0 0 0 36
979 8741 1344 1277 146 0 0 224 22 0 157 0 89 0 0 0 36
980 8743 1344 1278 143 0 0 224 22 0 158 0 88 0 0 0 36
981 8745 1342 1276 143 0 0 224 23 0 158 0 89 0 0 0 36
982 8738 1346 1280 142 0 0 224 23 0 158 0 89 0 0 0 36
983 8733 1350 1284 139 0 0 224 23 0 158 0 89 0 0 0 36
984 8737 1347 1281 141 0 0 224 23 0 158 0 89 0 0 0 36
985 8736 1345 1279 146 0 0 224 23 0 158 0 89 0 0 0 36
986 8734 1345 1278 147 0 0 225 23 0 158 0 90 0 0 0 36
987 8740 1342 1274 146 0 0 226 23 0 158 0 91 0 0 0 36
988 8741 1341 1272 146 0 0 227 23 0 158 0 92 0 0 0 36
989 8726 1347 1280 147 0 0 227 23 0 160 0 90 0 0 0 36
990 8723 1348 1281 148 0 0 227 23 0 160 0 90 0 0 0 36
991 8715 1351 1283 151 0 0 227 23 0 159 0 91 0 0 0 36
992 8716 1351 1284 149 0 0 227 23 0 160 0 90 0 0 0 36
993 8720 1349 1281 150 0 0 228 22 0 160 0 90 0 0 0 36
994 8722 1347 1278 153 0 0 228 22 0 159 0 91 0 0 0 36
995 8727 1343 1275 154 0 0 227 23 0 159 0 91 0 0 0 37
996 8727 1342 1273 155 0 0 228 23 0 159 0 92 0 0 0 37
997 8743 1333 1265 156 0 0 228 23 0 160 0 91 0 0 0 37
998 8749 1329 1263 156 0 0 228 23 0 162 0 89 0 0 0 37
999 8756 1325 1258 157 0 0 229 22 0 162 0 89 0 0 0 38
1000 8762 1320 1254 158 0 0 229 23 0 163 0 89 0 0 0 38
1001 8764 1318 1255 157 0 0 228 24 0 165 0 87 0 0 0 38
1002 8775 1311 1249 159 0 0 227 25 0 165 0 87 0 0 0 38
1003 8788 1306 1244 156 0 0 227 25 0 165 0 87 0 0 0 38
1004 8794 1302 1241 157 0 0 227 25 0 166 0 86 0 0 0 38
1005 8790 1303 1243 158 0 0 225 27 0 165 0 87 0 0 0 38
1006 8782 1307 1248 157 0 0 225 27 0 166 0 86 0 0 0 38
1007 8779 1306 1250 157 0 0 224 29 0 168 0 85 0 0 0 38
1008 8779 1304 1248 161 0 0 224 29 0 168 0 85 0 0 0 38
1009 8771 1308 1252 161 0 0 224 29 0 168 0 85 0 0 0 38
1010 8769 1309 1254 158 0 0 224 30 0 169 0 85 0 0 0 38
1011 8785 1300 1246 159 0 0 224 30 0 170 0 84 0 0 0 38
1012 8793 1295 1241 161 0 0 223 31 0 169 0 85 0 0 0 38
1013 8795 1293 1241 161 0 0 222 32 0 170 0 84 0 0 0 38
1014 8793 1293 1242 162 0 0 221 33 0 170 0 84 0 0 0 38
1015 8810 1285 1232 161 0 0 223 32 0 170 0 85 0 0 0 38
1016 8810 1286 1232 158 0 0 224 32 0 170 0 86 0 0 0 38
1017 8804 1289 1237 156 0 0 224 32 0 172 0 84 0 0 0 38
1018 8803 1288 1238 157 0 0 224 32 0 174 0 82 0 0 0 38
1019 8802 1287 1238 159 0 0 224 32 0 175 0 81 0 0 0 38
1020 8810 1283 1235 158 0 0 224 32 0 176 0 80 0 0 0 38
1021 8807 1286 1237 156 0 0 225 31 0 176 0 80 0 0 0 38
1022 8802 1288 1239 157 0 0 225 31 0 176 0 80 0 0 0 38
1023 8818 1279 1232 157 0 0 225 31 0 178 0 78 0 0 0 38
1024 8826 1275 1230 153 0 0 225 32 0 180 0 77 0 0 0 38
1025 8832 1271 1227 154 0 0 225 32 0 181 0 76 0 0 0 38
1026 8857 1261 1217 149 0 0 225 32 0 181 0 76 0 0 0 38
1027 8859 1258 1214 153 0 0 225 32 0 181 0 76 0 0 0 38
1028 8859 1257 1213 154 0 0 225 32 0 181 0 76 0 0 0 39
1029 8862 1256 1212 153 0 0 225 32 0 181 0 76 0 0 0 39
1030 8855 1260 1215 153 0 0 226 31 0 181 0 76 0 0 0 39
1031 8857 1259 1215 152 0 0 225 32 0 181 0 76 0 0 0 39
1032 8864 1256 1212 151 0 0 224 33 0 180 0 77 0 0 0 39
1033 8869 1253 1208 153 0 0 225 32 0 180 0 77 0 0 0 39
1034 8871 1253 1208 151 0 0 225 32 0 180 0 77 0 0 0 39
1035 8856 1259 1211 152 0 0 227 32 0 179 0 80 0 0 0 40
1036 8863 1256 1210 149 0 0 226 33 0 180 0 79 0 0 0 40
1037 8866 1254 1209 149 0 0 226 33 0 181 0 78 0 0 0 40
1038 8867 1255 1209 147 0 0 227 32 0 181 0 78 0 0 0 40
1039 8882 1246 1202 148 0 0 227 32 0 183 0 76 0 0 0 40
1040 8876 1249 1205 148 0 0 227 32 0 183 0 76 0 0 0 40
1041 8885 1245 1202 146 0 0 227 32 0 184 0 75 0 0 0 40
1042 8902 1237 1194 145 0 0 227 32 0 184 0 75 0 0 0 40
1043 8900 1238 1193 145 0 0 228 32 0 183 0 77 0 0 0 40
1044 8890 1243 1198 145 0 0 228 32 0 183 0 77 0 0 0 40
1045 8894 1240 1196 146 0 0 228 32 0 184 0 76 0 0 0 40
1046 8887 1243 1200 146 0 0 228 32 0 185 0 75 0 0 0 40
1047 8888 1242 1198 146 0 0 229 32 0 185 0 76 0 0 0 40
1048 8877 1248 1204 145 0 0 229 32 0 185 0 76 0 0 0 40
1049 8889 1243 1198 144 0 0 230 31 0 185 0 76 0 0 0 40
1050 8896 1239 1196 143 0 0 230 31 0 187 0 74 0 0 0 40
1051 8898 1238 1195 143 0 0 231 30 0 188 0 73 0 0 0 40
1052 8899 1237 1193 145 0 0 232 29 0 188 0 73 0 0 0 40
1053 8899 1235 1191 149 0 0 232 29 0 188 0 73 0 0 0 40
1054 8905 1231 1188 150 0 0 232 29 0 189 0 72 0 0 0 40
1055 8918 1224 1181 151 0 0 231 30 0 188 0 73 0 0 0 40
1056 8919 1223 1180 152 0 0 232 29 0 189 0 72 0 0 0 40
1057 8920 1224 1179 151 0 0 233 28 0 188 0 73 0 0 0 40
1058 8917 1225 1180 152 0 0 233 28 0 188 0 73 0 0 0 40
1059 8922 1223 1177 152 0 0 234 27 0 188 0 73 0 0 0 40
1060 8928 1220 1174 152 0 0 234 27 0 188 0 73 0 0 0 40
1061 8941 1212 1166 153 0 0 235 27 0 189 0 73 0 0 0 40
1062 8939 1212 1166 155 0 0 235 27 0 189 0 73 0 0 0 40
1063 8932 1215 1170 155 0 0 234 28 0 189 0 73 0 0 0 40
1064 8947 1207 1160 156 0 0 235 28 0 188 0 75 0 0 0 40
1065 8950 1206 1158 156 0 0 235 28 0 187 0 76 0 0 0 40
1066 8947 1206 1159 158 0 0 235 28 0 188 0 75 0 0 0 40
1067 8963 1201 1153 153 0 0 235 28 0 187 0 76 0 0 0 40
1068 8965 1201 1154 150 0 0 235 28 0 188 0 75 0 0 0 40
1069 8966 1200 1154 150 0 0 235 28 0 189 0 74 0 0 0 40
1070 8968 1200 1154 148 0 0 234 29 0 188 0 75 0 0 0 40
1071 8965 1202 1156 147 0 0 234 29 0 188 0 75 0 0 0 40
1072 8969 1200 1153 148 0 0 235 28 0 188 0 75 0 0 0 40
1073 8972 1198 1153 147 0 0 235 28 0 190 0 73 0 0 0 40
1074 8972 1198 1152 148 0 0 236 27 0 190 0 73 0 0 0 40
1075 8970 1201 1156 143 0 0 235 28 0 190 0 73 0 0 0 40
1076 8970 1202 1157 141 0 0 235 28 0 190 0 73 0 0 0 40
1077 8975 1197 1154 144 0 0 234 29 0 191 0 72 0 0 0 40
1078 8977 1196 1153 142 0 0 235 29 0 192 0 72 0 0 0 40
1079 8986 1189 1148 145 0 0 235 29 0 194 0 70 0 0 0 40
1080 8994 1186 1144 144 0 0 235 29 0 193 0 71 0 0 0 40
1081 8994 1187 1145 142 0 0 235 29 0 193 0 71 0 0 0 40
1082 8995 1188 1146 139 0 0 235 29 0 193 0 71 0 0 0 40
1083 9001 1186 1144 137 0 0 235 29 0 193 0 71 0 0 0 40
1084 9016 1179 1136 137 0 0 236 28 0 193 0 71 0 0 0 40
1085 9025 1174 1131 138 0 0 236 28 0 193 0 71 0 0 0 40
1086 9038 1167 1126 137 0 0 236 28 0 195 0 69 0 0 0 40
1087 9040 1165 1125 138 0 0 236 28 0 196 0 68 0 0 0 40
1088 9053 1158 1120 137 0 0 236 28 0 198 0 66 0 0 0 40
1089 9048 1161 1122 137 0 0 236 28 0 197 0 67 0 0 0 40
1090 9047 1161 1122 138 0 0 235 29 0 196 0 68 0 0 0 40
1091 9039 1166 1128 135 0 0 235 29 0 197 0 67 0 0 0 40
1092 9043 1164 1126 135 0 0 235 29 0 197 0 67 0 0 0 40
1093 9056 1157 1119 136 0 0 235 29 0 197 0 67 0 0 0 40
1094 9058 1155 1117 138 0 0 235 29 0 197 0 67 0 0 0 40
1095 9054 1155 1118 139 0 0 235 30 0 198 0 67 0 0 0 40
1096 9062 1151 1113 140 0 0 236 29 0 198 0 67 0 0 0 40
1097 9066 1150 1112 138 0 0 236 29 0 198 0 67 0 0 0 40
1098 9087 1141 1103 135 0 0 236 29 0 198 0 67 0 0 0 40
1099 9082 1143 1107 134 0 0 236 29 0 200 0 65 0 0 0 40
1100 9077 1146 1110 133 0 0 236 29 0 200 0 65 0 0 0 40
1101 9083 1143 1108 132 0 0 236 29 0 201 0 64 0 0 0 40
1102 9090 1139 1105 132 0 0 236 29 0 202 0 63 0 0 0 40
1103 9083 1142 1107 132 0 0 237 29 0 202 0 64 0 0 0 40
1104 9093 1137 1101 131 0 0 238 29 0 202 0 65 0 0 0 40
1105 9114 1128 1091 129 0 0 239 28 0 202 0 65 0 0 0 40
1106 9111 1129 1092 130 0 0 239 28 0 202 0 65 0 0 0 40
1107 9114 1127 1091 130 0 0 239 28 0 203 0 64 0 0 0 40
1108 9123 1123 1087 129 0 0 239 28 0 203 0 64 0 0 0 40
1109 9140 1116 1080 126 0 0 239 28 0 203 0 64 0 0 0 40
1110 9136 1120 1084 122 0 0 239 28 0 203 0 64 0 0 0 40
1111 9133 1121 1085 123 0 0 239 28 0 203 0 64 0 0 0 40
1112 9133 1122 1085 122 0 0 240 27 0 203 0 64 0 0 0 40
1113 9131 1124 1085 122 0 0 241 26 0 202 0 65 0 0 0 40
1114 9136 1123 1084 118 0 0 241 26 0 202 0 65 0 0 0 41
1115 9144 1119 1079 118 0 0 242 25 0 202 0 65 0 0 0 42
1116 9153 1114 1073 118 0 0 244 24 0 203 0 65 0 0 0 42
1117 9154 1113 1072 119 0 0 244 24 0 203 0 65 0 0 0 42
1118 9166 1107 1066 119 0 0 244 24 0 203 0 65 0 0 0 42
1119 9172 1103 1064 119 0 0 244 24 0 205 0 63 0 0 0 42
1120 9180 1098 1059 121 0 0 244 24 0 205 0 63 0 0 0 42
1121 9187 1094 1055 122 0 0 244 24 0 205 0 63 0 0 0 42
1122 9182 1095 1057 124 0 0 244 24 0 206 0 62 0 0 0 42
1123 9190 1090 1052 126 0 0 244 24 0 206 0 62 0 0 0 42
1124 9192 1089 1051 126 0 0 245 23 0 207 0 61 0 0 0 42
1125 9195 1086 1048 129 0 0 245 23 0 207 0 61 0 0 0 42
1126 9189 1088 1050 131 0 0 245 23 0 207 0 61 0 0 0 42
1127 9197 1084 1046 128 0 0 247 22 0 209 0 60 0 0 0 43
1128 9188 1088 1050 127 0 0 247 23 0 209 0 61 0 0 0 43
1129 9195 1083 1046 129 0 0 247 23 0 210 0 60 0 0 0 43
1130 9194 1083 1046 130 0 0 247 23 0 210 0 60 0 0 0 43
1131 9181 1089 1052 131 0 0 247 22 0 210 0 59 0 0 0 45
1132 9177 1089 1053 134 0 0 247 22 0 211 0 58 0 0 0 45
1133 9180 1088 1052 133 0 0 247 22 0 211 0 58 0 0 0 45
1134 9185 1085 1048 134 0 0 248 21 0 211 0 58 0 0 0 46
1135 9186 1086 1048 131 0 0 249 20 0 211 0 58 0 0 0 47
1136 9197 1081 1044 129 0 0 249 20 0 212 0 57 0 0 0 47
1137 9199 1081 1044 127 0 0 249 20 0 212 0 57 0 0 0 47
1138 9207 1078 1041 125 0 0 249 20 0 212 0 57 0 0 0 47
1139 9199 1082 1043 127 0 0 251 18 0 212 0 57 0 0 0 47
1140 9196 1083 1043 127 0 0 252 18 0 212 0 58 0 0 0 47
1141 9199 1083 1043 124 0 0 252 18 0 212 0 58 0 0 0 47
1142 9199 1082 1044 124 0 0 251 19 0 213 0 57 0 0 0 47
1143 9211 1078 1040 120 0 0 251 19 0 213 0 57 0 0 0 47
1144 9213 1079 1041 116 0 0 251 19 0 213 0 57 0 0 0 47
1145 9222 1075 1038 114 0 0 251 19 0 214 0 56 0 0 0 47
1146 9228 1071 1035 115 0 0 250 20 0 214 0 56 0 0 0 47
1147 9235 1068 1031 115 0 0 251 19 0 214 0 56 0 0 0 47
1148 9238 1067 1030 114 0 0 252 18 0 215 0 55 0 0 0 47
1149 9248 1063 1026 112 0 0 252 18 0 215 0 55 0 0 0 47
1150 9245 1065 1028 111 0 0 252 18 0 215 0 55 0 0 0 47
1151 9251 1063 1026 109 0 0 252 18 0 215 0 55 0 0 0 47
1152 9256 1062 1026 105 0 0 252 18 0 216 0 54 0 0 0 47
1153 9265 1056 1020 108 0 0 252 18 0 216 0 54 0 0 0 47
1154 9268 1054 1018 109 0 0 252 18 0 216 0 54 0 0 0 47
1155 9266 1055 1019 109 0 0 252 18 0 216 0 54 0 0 0 47
1156 9273 1053 1015 108 0 0 253 17 0 215 0 55 0 0 0 47
1157 9276 1052 1014 107 0 0 253 17 0 215 0 55 0 0 0 47
1158 9277 1051 1014 107 0 0 252 18 0 215 0 55 0 0 0 47
1159 9284 1048 1011 106 0 0 252 18 0 215 0 55 0 0 0 47
1160 9285 1048 1010 106 0 0 253 17 0 215 0 55 0 0 0 47
1161 9290 1046 1008 103 0 0 254 17 0 216 0 55 0 0 0 47
1162 9290 1045 1008 104 0 0 254 17 0 217 0 54 0 0 0 47
1163 9297 1041 1004 105 0 0 254 17 0 217 0 54 0 0 0 47
1164 9300 1039 1003 105 0 0 254 17 0 218 0 53 0 0 0 47
1165 9300 1040 1004 103 0 0 254 17 0 218 0 53 0 0 0 47
1166 9310 1035 999 103 0 0 254 17 0 218 0 53 0 0 0 47
1167 9306 1037 1002 102 0 0 253 18 0 218 0 53 0 0 0 47
1168 9318 1031 996 102 0 0 253 18 0 218 0 53 0 0 0 47
1169 9332 1024 989 102 0 0 253 18 0 218 0 53 0 0 0 47
1170 9341 1019 982 103 0 0 254 18 0 217 0 55 0 0 0 47
1171 9345 1018 981 101 0 0 254 18 0 217 0 55 0 0 0 47
1172 9357 1011 976 101 0 0 253 19 0 218 0 54 0 0 0 47
1173 9370 1004 968 103 0 0 253 19 0 217 0 55 0 0 0 47
1174 9376 1001 965 103 0 0 254 18 0 218 0 54 0 0 0 47
1175 9386 996 960 103 0 0 254 18 0 218 0 54 0 0 0 47
1176 9399 990 954 102 0 0 254 18 0 218 0 54 0 0 0 47
1177 9403 987 952 103 0 0 254 18 0 219 0 53 0 0 0 47
1178 9410 983 949 103 0 0 254 18 0 220 0 52 0 0 0 47
1179 9417 980 946 102 0 0 254 18 0 220 0 52 0 0 0 47
1180 9420 978 944 103 0 0 254 18 0 220 0 52 0 0 0 47
1181 9422 978 943 102 0 0 253 19 0 218 0 54 0 0 0 47
1182 9427 976 941 101 0 0 254 18 0 219 0 53 0 0 0 47
1183 9435 971 937 102 0 0 254 18 0 220 0 52 0 0 0 47
1184 9445 966 933 101 0 0 254 18 0 221 0 51 0 0 0 47
1185 9455 961 928 101 0 0 254 18 0 221 0 51 0 0 0 47
1186 9465 958 925 97 0 0 254 18 0 221 0 51 0 0 0 47
1187 9471 954 923 97 0 0 253 19 0 222 0 50 0 0 0 47
1188 9477 951 920 97 0 0 253 19 0 222 0 50 0 0 0 47
1189 9471 954 923 97 0 0 253 19 0 222 0 50 0 0 0 47
1190 9482 947 917 99 0 0 252 20 0 222 0 50 0 0 0 47
1191 9485 943 914 103 0 0 252 20 0 223 0 49 0 0 0 47
1192 9477 947 918 103 0 0 252 20 0 223 0 49 0 0 0 47
1193 9484 943 914 104 0 0 252 20 0 223 0 49 0 0 0 47
1194 9488 942 913 102 0 0 252 20 0 223 0 49 0 0 0 47
1195 9493 940 911 101 0 0 252 20 0 223 0 49 0 0 0 47
1196 9496 938 909 102 0 0 252 20 0 223 0 49 0 0 0 47
1197 9504 934 906 101 0 0 252 20 0 224 0 48 0 0 0 47
1198 9518 927 899 99 0 0 252 21 0 224 0 49 0 0 0 47
1199 9530 922 895 96 0 0 252 21 0 225 0 48 0 0 0 47
1200 9523 925 897 98 0 0 252 21 0 224 0 49 0 0 0 47
1201 9523 925 897 96 0 0 252 22 0 224 0 50 0 0 0 47
1202 9521 925 898 97 0 0 252 22 0 225 0 49 0 0 0 47
1203 9523 924 895 95 0 0 254 22 0 225 0 51 0 0 0 47
1204 9529 921 892 95 0 0 254 22 0 225 0 51 0 0 0 47
1205 9544 914 885 94 0 0 254 22 0 225 0 51 0 0 0 47
1206 9549 912 883 93 0 0 254 22 0 225 0 51 0 0 0 47
1207 9568 901 875 93 0 0 254 22 0 228 0 48 0 0 0 47
1208 9561 905 878 93 0 0 254 22 0 227 0 49 0 0 0 47
1209 9557 906 881 93 1 0 251 24 1 226 0 49 0 0 0 47
1210 9560 905 880 92 1 0 252 23 1 227 0 48 0 0 0 47
1211 9556 907 882 92 1 0 252 23 1 227 0 48 0 0 0 47
1212 9571 900 875 91 1 0 252 23 1 227 0 48 0 0 0 47
1213 9574 899 873 91 1 0 254 21 1 228 0 47 0 0 0 47
1214 9580 896 870 91 1 0 254 21 1 228 0 47 0 0 0 47
1215 9584 895 870 88 1 0 254 21 1 229 0 46 0 0 0 47
1216 9578 898 873 88 1 0 254 21 1 229 0 46 0 0 0 47
1217 9584 894 871 88 1 0 254 21 1 231 0 44 0 0 0 47
1218 9582 895 872 88 1 0 255 20 1 232 0 43 0 0 0 47
1219 9588 892 870 87 1 0 255 20 1 233 0 42 0 0 0 47
1220 9590 891 870 86 1 0 255 20 1 234 0 41 0 0 0 47
1221 9581 895 876 85 2 0 252 22 2 233 0 41 0 0 0 47
1222 9581 896 877 83 2 0 252 22 2 233 0 41 0 0 0 47
1223 9576 899 880 82 2 0 253 21 2 234 0 40 0 0 0 47
1224 9578 899 880 80 2 0 254 20 2 235 0 39 0 0 0 47
1225 9581 897 879 80 2 0 254 20 2 236 0 38 0 0 0 47
1226 9594 892 873 78 2 0 255 19 2 236 0 38 0 0 0 47
1227 9605 886 868 78 2 0 254 20 2 236 0 38 0 0 0 47
1228 9614 882 864 77 2 0 254 20 2 236 0 38 0 0 0 47
1229 9618 880 862 77 2 0 254 20 2 236 0 38 0 0 0 47
1230 9610 883 867 77 2 0 253 21 2 237 0 37 0 0 0 47
1231 9612 882 866 77 2 0 253 21 2 237 0 37 0 0 0 47
1232 9625 875 859 78 2 0 253 21 2 237 0 37 0 0 0 47
1233 9633 871 853 78 2 0 255 20 2 237 0 38 0 0 0 47
1234 9648 865 847 75 2 0 255 20 2 237 0 38 0 0 0 47
1235 9650 865 848 72 2 0 255 20 2 238 0 37 0 0 0 47
1236 9652 864 847 72 2 0 255 20 2 238 0 37 0 0 0 47
1237 9656 862 846 71 2 0 255 20 2 239 0 36 0 0 0 47
1238 9654 864 848 69 2 0 255 20 2 239 0 36 0 0 0 47
1239 9649 867 851 68 2 0 255 20 2 239 0 36 0 0 0 47
1240 9649 868 852 66 2 0 255 20 2 239 0 36 0 0 0 47
1241 9654 865 850 66 2 0 255 20 2 240 0 35 0 0 0 47
1242 9654 864 850 67 2 0 255 20 2 241 0 34 0 0 0 47
1243 9663 861 846 65 2 0 256 19 2 241 0 34 0 0 0 47
1244 9672 857 842 64 2 0 256 19 2 241 0 34 0 0 0 47
1245 9680 853 838 64 2 0 256 19 2 241 0 34 0 0 0 47
1246 9682 851 837 65 2 0 256 19 2 242 0 33 0 0 0 47
1247 9686 848 834 67 2 0 256 19 2 242 0 33 0 0 0 47
1248 9694 844 829 66 2 0 257 19 2 242 0 34 0 0 0 47
1249 9695 843 827 68 2 0 257 19 2 241 0 35 0 0 0 47
1250 9696 842 826 69 2 0 257 19 2 241 0 35 0 0 0 47
1251 9704 838 822 69 2 0 257 19 2 241 0 35 0 0 0 47
1252 9709 836 820 68 2 0 257 19 2 241 0 35 0 0 0 47
1253 9721 831 814 67 2 0 257 19 2 240 0 36 0 0 0 47
1254 9722 830 815 66 2 0 257 19 2 242 0 34 0 0 0 47
1255 9732 826 811 64 2 0 257 19 2 242 0 34 0 0 0 47
1256 9731 826 811 65 2 0 257 19 2 242 0 34 0 0 0 47
1257 9728 827 813 65 2 0 257 19 2 243 0 33 0 0 0 47
1258 9735 824 810 64 2 0 257 19 2 243 0 33 0 0 0 47
1259 9735 825 810 63 2 0 258 18 2 243 0 33 0 0 0 47
1260 9743 821 806 63 2 0 258 18 2 243 0 33 0 0 0 47
1261 9751 817 803 62 2 0 258 18 2 244 0 32 0 0 0 47
1262 9746 818 804 63 2 0 259 18 2 245 0 32 0 0 0 47
1263 9749 817 803 62 2 0 259 18 2 245 0 32 0 0 0 47
1264 9750 815 803 63 2 0 259 18 2 247 0 30 0 0 0 47
1265 9750 815 802 64 2 0 259 18 1 247 1 30 0 0 0 47
1266 9749 815 801 66 2 0 260 17 1 247 1 30 0 0 0 47
1267 9754 812 797 66 2 0 261 17 1 247 1 31 0 0 0 47
1268 9760 808 793 68 2 0 261 17 1 247 1 31 0 0 0 47
1269 9764 806 791 68 2 0 261 17 1 247 1 31 0 0 0 47
1270 9767 805 790 67 2 0 261 17 1 247 1 31 0 0 0 47
1271 9772 802 788 67 2 0 261 17 1 248 1 30 0 0 0 47
1272 9779 799 785 66 2 0 261 17 1 248 1 30 0 0 0 47
1273 9769 804 790 66 2 0 261 17 1 248 1 30 0 0 0 47
1274 9770 802 788 69 2 0 261 17 1 248 1 30 0 0 0 47
1275 9774 800 786 69 2 0 261 17 1 248 1 30 0 0 0 47
1276 9780 798 784 67 2 0 261 17 1 248 1 30 0 0 0 47
1277 9780 798 784 67 2 0 261 17 1 248 1 30 0 0 0 47
1278 9788 794 781 66 2 0 261 17 1 249 1 29 0 0 0 47
1279 9793 791 778 67 2 0 261 17 1 249 1 29 0 0 0 47
1280 9798 788 775 68 2 0 261 17 1 249 1 29 0 0 0 47
1281 9805 784 771 69 2 0 261 17 1 249 1 29 0 0 0 47
1282 9797 788 775 69 2 0 261 17 1 249 1 29 0 0 0 47
1283 9794 790 778 67 2 0 261 17 1 250 1 28 0 0 0 47
1284 9787 793 781 68 2 0 261 17 1 250 1 28 0 0 0 47
1285 9797 788 776 68 2 0 261 17 1 250 1 28 0 0 0 47
1286 9803 785 773 68 2 0 261 17 1 250 1 28 0 0 0 47
1287 9807 782 770 70 2 0 261 17 1 250 1 28 0 0 0 47
1288 9814 780 768 67 2 0 261 17 1 250 1 28 0 0 0 47
1289 9802 786 774 67 2 0 261 17 1 250 1 28 0 0 0 47
1290 9802 786 773 66 2 0 262 17 1 250 1 29 0 0 0 47
1291 9801 787 774 65 2 0 262 17 1 250 1 29 0 0 0 47
1292 9804 785 772 66 2 0 262 17 1 250 1 29 0 0 0 47
1293 9809 783 770 65 2 0 262 17 1 250 1 29 0 0 0 47
1294 9812 782 769 64 2 0 262 17 1 250 1 29 0 0 0 47
1295 9815 780 767 65 2 0 262 17 1 250 1 29 0 0 0 47
1296 9817 779 766 65 2 0 262 17 1 250 1 29 0 0 0 47
1297 9826 774 761 66 2 0 262 17 1 250 1 29 0 0 0 47
1298 9834 771 758 64 2 0 262 17 1 250 1 29 0 0 0 47
1299 9846 765 751 65 2 0 263 16 1 250 1 29 0 0 0 47
1300 9848 764 750 65 2 0 263 16 1 250 1 29 0 0 0 47
1301 9845 765 751 66 2 0 263 16 1 250 1 29 0 0 0 47
1302 9858 760 746 63 2 0 264 15 2 250 0 29 0 0 0 47
1303 9865 757 744 61 2 0 264 15 2 251 0 28 0 0 0 47
1304 9865 757 743 60 2 0 265 15 2 251 0 29 0 0 0 47
1305 9865 757 743 60 2 0 265 15 2 251 0 29 0 0 0 47
1306 9869 755 742 59 2 0 265 15 2 252 0 28 0 0 0 47
1307 9872 754 741 58 2 0 265 15 2 252 0 28 0 0 0 47
1308 9871 755 742 57 2 0 265 15 2 252 0 28 0 0 0 47
1309 9881 751 738 55 2 0 265 15 2 252 0 28 0 0 0 47
1310 9884 750 737 54 2 0 265 15 2 252 0 28 0 0 0 47
1311 9888 749 735 51 2 0 266 15 2 252 0 29 0 0 0 47
1312 9890 748 734 51 2 0 266 15 2 252 0 29 0 0 0 47
1313 9891 748 734 50 2 0 266 15 2 252 0 29 0 0 0 47
1314 9905 742 727 49 2 0 266 15 2 251 0 30 0 0 0 47
1315 9921 734 719 49 2 0 266 15 2 251 0 30 0 0 0 47
1316 9927 732 716 48 2 0 267 14 2 251 0 30 0 0 0 47
1317 9920 735 719 47 2 0 267 15 2 251 0 31 0 0 0 47
1318 9924 733 717 47 2 0 267 15 2 251 0 31 0 0 0 47
1319 9925 733 717 46 2 0 267 15 2 251 0 31 0 0 0 47
1320 9928 731 715 47 2 0 267 15 2 251 0 31 0 0 0 47
1321 9928 731 716 46 2 0 266 16 2 251 0 31 0 0 0 47
1322 9928 731 716 46 2 0 266 16 2 251 0 31 0 0 0 47
1323 9931 730 715 45 2 0 266 16 2 251 0 31 0 0 0 47
1324 9930 731 716 44 2 0 266 16 2 251 0 31 0 0 0 47
1325 9930 731 716 44 2 0 266 16 2 251 0 31 0 0 0 47
1326 9935 729 714 43 2 0 266 16 2 251 0 31 0 0 0 47
1327 9941 726 710 44 2 0 267 15 2 251 0 31 0 0 0 47
1328 9943 725 709 44 2 0 267 15 2 251 0 31 0 0 0 47
1329 9953 720 705 43 2 0 267 15 2 252 0 30 0 0 0 47
1330 9951 720 704 46 2 0 267 15 2 251 0 31 0 0 0 47
1331 9953 720 703 45 2 0 267 15 2 250 0 32 0 0 0 47
1332 9961 716 700 44 2 0 267 15 2 251 0 31 0 0 0 47
1333 9955 720 703 43 2 0 268 14 2 251 0 31 0 0 0 47
1334 9958 719 702 42 2 0 268 14 2 251 0 31 0 0 0 47
1335 9960 718 701 42 2 0 268 14 2 251 0 31 0 0 0 47
1336 9969 714 697 41 2 0 268 14 2 251 0 31 0 0 0 47
1337 9971 712 696 42 2 0 268 14 2 252 0 30 0 0 0 47
1338 9969 713 697 42 2 0 268 14 2 252 0 30 0 0 0 47
1339 9972 712 696 41 3 0 267 14 2 252 0 30 0 0 1 46
1340 9974 709 693 45 3 0 267 14 2 252 0 30 0 0 1 46
1341 9980 706 690 44 3 0 267 14 2 252 0 30 0 0 1 47
1342 9975 709 693 43 3 0 267 14 2 252 0 30 0 0 1 47
1343 9980 707 691 42 3 0 267 14 2 252 0 30 0 0 1 47
1344 9976 709 693 42 3 0 267 14 2 252 0 30 0 0 1 47
1345 9978 709 693 40 3 0 267 14 2 252 0 30 0 0 1 47
1346 9988 704 688 40 3 0 267 14 2 252 0 30 0 0 1 47
1347 10002 697 681 40 3 0 267 14 2 252 0 30 0 0 1 47
1348 10000 697 682 41 3 0 267 14 2 253 0 29 0 0 1 47
1349 10015 689 675 41 3 0 267 14 2 254 0 28 0 0 1 47
1350 10023 686 672 39 3 0 267 14 2 254 0 28 0 0 1 47
1351 10037 680 666 37 3 0 267 14 2 254 0 28 0 0 1 47
1352 10037 680 666 37 3 0 267 14 2 254 0 28 0 0 1 47
1353 10040 679 665 36 3 0 267 14 2 254 0 28 0 0 1 47
1354 10048 675 662 35 3 0 267 14 2 255 0 27 0 0 1 47
1355 10044 678 664 34 3 0 267 14 2 254 0 28 0 0 1 47
1356 10046 677 664 33 3 0 267 14 2 255 0 27 0 0 1 47
1357 10053 674 661 32 3 0 267 14 2 255 0 27 0 0 1 47
1358 10055 673 660 32 3 0 267 14 2 255 0 27 0 0 1 47
1359 10061 671 658 30 3 0 267 14 2 255 0 27 0 0 1 47
1360 10071 666 653 30 3 0 267 14 2 255 0 27 0 0 1 47
1361 10078 664 650 28 3 0 267 14 2 254 0 28 0 0 1 47
1362 10083 662 648 27 3 0 267 14 2 254 0 28 0 0 1 47
1363 10093 657 643 27 3 0 267 14 2 254 0 28 0 0 1 47
1364 10097 655 641 27 3 0 268 13 2 255 0 27 0 0 1 47
1365 10097 656 640 27 3 0 269 12 2 254 0 28 0 0 1 47
1366 10096 656 641 27 3 0 269 12 2 255 0 27 0 0 1 47
1367 10106 651 636 27 3 0 269 12 2 255 0 27 0 0 1 47
1368 10106 651 637 26 3 0 269 12 2 256 0 26 0 0 1 47
1369 10105 651 638 26 3 0 268 13 2 256 0 26 0 0 1 47
1370 10103 652 639 26 3 0 267 14 2 255 0 27 0 0 1 47
1371 10104 651 638 27 3 0 267 14 2 255 0 27 0 0 1 47
1372 10101 653 639 27 3 0 268 13 2 255 0 27 0 0 1 47
1373 10109 649 635 27 3 0 268 13 2 255 0 27 0 0 1 47
1374 10105 651 637 27 3 0 268 13 2 255 0 27 0 0 1 47
1375 10114 646 632 28 3 0 268 13 2 255 0 27 0 0 1 47
1376 10117 645 631 27 3 0 268 13 2 255 0 27 0 0 1 47
1377 10117 645 631 27 3 0 268 13 2 255 0 27 0 0 1 47
1378 10116 645 632 27 3 0 268 13 2 256 0 26 0 0 1 47
1379 10119 644 630 27 3 0 268 13 2 255 0 27 0 0 1 47
1380 10125 641 627 27 3 0 268 13 2 255 0 27 0 0 1 47
1381 10127 640 626 27 3 0 268 13 2 255 0 27 0 0 1 47
1382 10131 638 624 27 3 0 268 13 2 255 0 27 0 0 1 47
1383 10126 640 627 27 3 0 267 14 2 255 0 27 0 0 1 47
1384 10122 642 629 27 3 0 267 14 2 255 0 27 0 0 1 47
1385 10127 639 627 27 3 0 267 14 2 256 0 26 0 0 1 47
1386 10135 635 623 27 3 0 267 14 2 256 0 26 0 0 1 47
1387 10143 631 620 26 3 0 267 14 2 257 0 25 0 0 1 47
1388 10147 629 618 26 3 0 267 14 2 257 0 25 0 0 1 47
1389 10144 630 619 27 3 0 267 14 2 257 0 25 0 0 1 47
1390 10147 629 618 26 3 0 267 14 2 257 0 25 0 0 1 47
1391 10144 631 619 26 3 0 267 14 2 256 0 26 0 0 1 47
1392 10144 631 619 26 3 0 268 13 2 257 0 25 0 0 1 47
1393 10153 627 614 26 3 0 269 12 2 257 0 25 0 0 1 47
1394 10162 623 610 25 3 0 269 12 2 257 0 25 0 0 1 47
1395 10153 628 614 25 3 0 270 11 2 257 0 25 0 0 1 47
1396 10155 627 613 25 3 0 270 11 2 257 0 25 0 0 1 47
1397 10163 623 608 24 3 0 271 11 2 257 0 26 0 0 1 47
1398 10171 619 604 24 3 0 271 11 2 257 0 26 0 0 1 47
1399 10171 618 603 26 3 0 271 11 2 257 0 26 0 0 1 47
1400 10180 614 598 26 3 0 271 11 2 256 0 27 0 0 1 47
1401 10186 611 595 26 3 0 271 11 2 256 0 27 0 0 1 47
1402 10196 605 591 26 3 0 270 12 2 257 0 26 0 0 1 47
1403 10199 603 590 26 3 0 270 12 2 258 0 25 0 0 1 47
1404 10203 601 588 26 3 0 270 12 2 258 0 25 0 0 1 47
1405 10216 595 582 25 3 0 270 12 2 258 0 25 0 0 1 47
1406 10214 596 583 25 3 0 270 12 2 258 0 25 0 0 1 47
1407 10216 595 582 25 3 0 270 12 2 258 0 25 0 0 1 47
1408 10224 591 578 25 3 0 270 12 2 258 0 25 0 0 1 47
1409 10231 587 575 25 3 0 270 12 2 259 0 24 0 0 1 47
1410 10230 588 575 25 3 0 271 11 2 259 0 24 0 0 1 47
1411 10233 587 574 24 3 0 271 11 2 259 0 24 0 0 1 47
1412 10241 583 570 24 3 0 271 11 2 259 0 24 0 0 1 47
1413 10240 584 572 22 3 0 271 11 2 260 0 23 0 0 1 47
1414 10248 581 568 21 3 0 272 10 2 260 0 23 0 0 1 47
1415 10253 578 565 22 3 0 272 10 2 260 0 23 0 0 1 47
1416 10253 578 565 22 3 0 272 10 2 260 0 23 0 0 1 47
1417 10247 581 567 23 3 0 272 10 2 259 0 24 0 0 1 47
1418 10245 582 568 23 3 0 272 10 2 259 0 24 0 0 1 47
1419 10245 582 568 23 3 0 272 10 2 259 0 24 0 0 1 47
1420 10248 580 567 23 3 0 271 11 2 259 0 24 0 0 1 47
1421 10248 580 567 23 3 0 271 11 2 259 0 24 0 0 1 47
1422 10246 581 568 23 3 0 271 11 2 259 0 24 0 0 1 47
1423 10248 580 567 23 3 0 271 11 2 259 0 24 0 0 1 47
1424 10244 582 569 23 3 0 271 11 2 259 0 24 0 0 1 47
1425 10254 577 564 23 3 0 272 10 2 260 0 23 0 0 1 47
1426 10246 581 568 23 3 0 272 10 2 260 0 23 0 0 1 47
1427 10246 581 568 23 3 0 272 10 2 260 0 23 0 0 1 47
1428 10238 585 572 23 3 0 272 10 2 260 0 23 0 0 1 47
1429 10237 586 572 23 3 0 272 10 2 259 0 24 0 0 1 47
1430 10235 587 573 23 3 0 272 10 2 259 0 24 0 0 1 47
1431 10239 585 571 23 3 0 272 10 2 259 0 24 0 0 1 47
1432 10248 581 567 22 3 0 272 10 2 259 0 24 0 0 1 47
1433 10250 579 565 24 3 0 272 10 2 259 0 24 0 0 1 47
1434 10251 579 565 23 3 0 272 10 2 259 0 24 0 0 1 47
1435 10262 574 560 22 3 0 272 10 2 259 0 24 0 0 1 47
1436 10256 577 563 22 3 0 272 10 2 259 0 24 0 0 1 47
1437 10259 575 562 22 3 0 271 11 2 259 0 24 0 0 1 47
1438 10262 574 560 22 3 0 272 10 2 259 0 24 0 0 1 47
1439 10257 576 563 22 3 0 272 10 2 260 0 23 0 0 1 47
1440 10253 578 566 21 3 0 271 11 2 260 0 23 0 0 1 47
1441 10249 580 568 21 3 0 271 11 2 260 0 23 0 0 1 47
1442 10249 580 568 21 3 0 271 11 2 260 0 23 0 0 1 47
1443 10253 578 566 21 3 0 271 11 2 260 0 23 0 0 1 47
1444 10251 579 567 21 3 0 271 11 2 260 0 23 0 0 1 47
1445 10255 576 565 22 3 0 270 12 2 260 0 23 0 0 1 47
1446 10257 575 564 22 3 0 270 12 2 260 0 23 0 0 1 47
1447 10258 574 564 22 3 0 269 13 2 260 0 23 0 0 1 47
1448 10260 573 563 22 3 0 269 13 2 260 0 23 0 0 1 47
1449 10263 571 562 22 3 0 268 14 2 260 0 23 0 0 1 47
1450 10270 568 559 21 3 0 268 14 2 260 0 23 0 0 1 47
1451 10271 567 559 21 3 0 268 14 2 261 0 22 0 0 1 47
1452 10276 565 557 20 3 0 268 14 2 261 0 22 0 0 1 47
1453 10283 562 553 20 3 0 269 13 2 261 0 22 0 0 1 47
1454 10290 558 549 21 3 0 269 13 2 261 0 22 0 0 1 47
1455 10292 557 548 21 3 0 269 13 2 261 0 22 0 0 1 47
1456 10296 556 546 20 3 0 270 12 2 261 0 22 0 0 1 47
1457 10299 555 543 21 3 0 270 12 2 259 0 24 0 0 1 47
1458 10297 556 544 21 3 0 270 12 2 259 0 24 0 0 1 47
1459 10295 557 545 21 3 0 270 12 2 259 0 24 0 0 1 47
1460 10285 562 550 21 3 0 270 12 2 259 0 24 0 0 1 47
1461 10278 566 553 21 3 0 270 12 2 258 0 25 0 0 1 47
1462 10275 567 554 22 3 0 270 12 2 258 0 25 0 0 1 47
1463 10275 567 554 22 3 0 270 12 2 258 0 25 0 0 1 47
1464 10276 567 554 21 3 0 270 12 2 258 0 25 0 0 1 47
1465 10273 568 555 22 3 0 270 12 2 258 0 25 0 0 1 47
1466 10279 565 553 21 3 0 269 13 2 258 0 25 0 0 1 47
1467 10279 565 553 21 3 0 270 12 2 259 0 24 0 0 1 47
1468 10277 566 554 21 3 0 270 12 2 259 0 24 0 0 1 47
1469 10285 562 550 21 3 0 270 12 2 259 0 24 0 0 1 47
1470 10292 558 547 21 3 0 270 12 2 260 0 23 0 0 1 47
1471 10295 556 545 22 3 0 270 12 2 260 0 23 0 0 1 47
1472 10305 552 541 20 3 0 270 12 2 260 0 23 0 0 1 47
1473 10313 548 537 20 3 0 270 12 2 260 0 23 0 0 1 47
1474 10314 547 537 20 3 0 269 13 2 260 0 23 0 0 1 47
1475 10321 544 534 19 3 0 269 13 2 260 0 23 0 0 1 47
1476 10325 542 532 19 3 0 269 13 2 260 0 23 0 0 1 47
1477 10324 543 533 18 3 0 269 13 2 260 0 23 0 0 1 47
1478 10326 542 532 18 3 0 269 13 2 260 0 23 0 0 1 47
1479 10326 542 532 18 3 0 269 13 2 260 0 23 0 0 1 47
1480 10338 536 526 18 3 0 269 13 2 260 0 23 0 0 1 47
1481 10340 535 525 18 3 0 269 13 2 260 0 23 0 0 1 47
1482 10343 534 524 17 3 0 269 13 2 260 0 23 0 0 1 47
1483 10349 531 521 17 3 0 269 13 2 260 0 23 0 0 1 47
1484 10351 530 520 17 3 0 269 13 2 260 0 23 0 0 1 47
1485 10360 526 516 16 3 0 269 13 2 260 0 23 0 0 1 47
1486 10360 526 515 15 3 0 270 13 2 260 0 24 0 0 1 47
1487 10355 528 517 16 3 0 270 13 2 260 0 24 0 0 1 47
1488 10363 524 513 16 3 0 270 13 2 260 0 24 0 0 1 47
1489 10355 528 517 16 3 0 270 13 2 260 0 24 0 0 1 47
1490 10355 529 517 15 3 0 271 12 2 260 0 24 0 0 1 47
1491 10359 527 515 15 3 0 271 12 2 260 0 24 0 0 1 47
1492 10362 525 513 16 3 0 271 12 2 260 0 24 0 0 1 47
1493 10362 525 513 16 4 0 270 12 2 260 0 24 0 0 2 46
1494 10360 526 514 16 4 0 270 12 2 260 0 24 0 0 2 46
1495 10363 524 512 17 4 0 270 12 2 260 0 24 0 0 2 46
1496 10365 524 511 16 4 0 271 11 2 260 0 24 0 0 2 46
1497 10373 520 508 15 4 0 271 11 2 261 0 23 0 0 2 46
1498 10369 522 510 15 4 0 271 11 2 261 0 23 0 0 2 46
1499 10377 518 506 15 4 0 271 11 2 261 0 23 0 0 2 46
1500 10399 507 495 15 5 0 270 11 3 260 0 23 0 0 2 46
