0 4425 6150
1 4345 6230
2 4303 6272
3 4289 6286
4 4279 6296
5 4261 6314
6 4254 6321
7 4255 6320
8 4272 6303
9 4273 6302
10 4278 6297
11 4282 6293
12 4262 6313
13 4278 6297
14 4292 6283
15 4274 6301
16 4268 6307
17 4264 6311
18 4242 6333
19 4254 6321
20 4248 6327
21 4223 6352
22 4236 6339
23 4237 6338
24 4228 6347
25 4249 6326
26 4239 6336
27 4223 6352
28 4205 6370
29 4230 6345
30 4245 6330
31 4245 6330
32 4248 6327
33 4233 6342
34 4229 6346
35 4240 6335
36 4259 6316
37 4247 6328
38 4245 6330
39 4245 6330
40 4237 6338
41 4243 6332
42 4274 6301
43 4310 6265
44 4269 6306
45 4221 6354
46 4216 6359
47 4232 6343
48 4223 6352
49 4210 6365
50 4209 6366
51 4212 6363
52 4225 6350
53 4203 6372
54 4193 6382
55 4203 6372
56 4223 6352
57 4216 6359
58 4182 6393
59 4166 6409
60 4158 6417
61 4187 6388
62 4160 6415
63 4189 6386
64 4218 6357
65 4224 6351
66 4225 6350
67 4231 6344
68 4244 6331
69 4267 6308
70 4270 6305
71 4253 6322
72 4261 6314
73 4265 6310
74 4257 6318
75 4255 6320
76 4248 6327
77 4245 6330
78 4245 6330
79 4232 6343
80 4229 6346
81 4231 6344
82 4229 6346
83 4225 6350
84 4235 6340
85 4210 6365
86 4189 6386
87 4147 6428
88 4134 6441
89 4161 6414
90 4159 6416
91 4143 6432
92 4143 6432
93 4176 6399
94 4159 6416
95 4148 6427
96 4163 6412
97 4192 6383
98 4189 6386
99 4205 6370
100 4227 6348
101 4218 6357
102 4209 6366
103 4238 6337
104 4223 6352
105 4207 6368
106 4206 6369
107 4218 6357
108 4223 6352
109 4220 6355
110 4236 6339
111 4198 6377
112 4232 6343
113 4208 6367
114 4200 6375
115 4210 6365
116 4195 6380
117 4205 6370
118 4246 6329
119 4252 6323
120 4264 6311
121 4270 6305
122 4264 6311
123 4254 6321
124 4239 6336
125 4242 6333
126 4252 6323
127 4252 6323
128 4254 6321
129 4242 6333
130 4208 6367
131 4227 6348
132 4216 6359
133 4224 6351
134 4230 6345
135 4225 6350
136 4209 6366
137 4224 6351
138 4234 6341
139 4265 6310
140 4241 6334
141 4256 6319
142 4240 6335
143 4236 6339
144 4224 6351
145 4225 6350
146 4252 6323
147 4237 6338
148 4254 6321
149 4264 6311
150 4250 6325
151 4254 6321
152 4254 6321
153 4255 6320
154 4254 6321
155 4274 6301
156 4267 6308
157 4288 6287
158 4315 6260
159 4320 6255
160 4316 6259
161 4323 6252
162 4310 6265
163 4313 6262
164 4301 6274
165 4311 6264
166 4316 6259
167 4317 6258
168 4302 6273
169 4334 6241
170 4318 6257
171 4302 6273
172 4346 6229
173 4348 6227
174 4328 6247
175 4368 6207
176 4349 6226
177 4392 6183
178 4363 6212
179 4348 6227
180 4340 6235
181 4362 6213
182 4384 6191
183 4401 6174
184 4402 6173
185 4403 6172
186 4418 6157
187 4417 6158
188 4431 6144
189 4454 6121
190 4430 6145
191 4428 6147
192 4412 6163
193 4425 6150
194 4410 6165
195 4416 6159
196 4433 6142
197 4421 6154
198 4451 6124
199 4417 6158
200 4440 6135
201 4447 6128
202 4471 6104
203 4491 6084
204 4497 6078
205 4518 6057
206 4492 6083
207 4467 6108
208 4477 6098
209 4478 6097
210 4458 6117
211 4438 6137
212 4442 6133
213 4463 6112
214 4442 6133
215 4464 6111
216 4461 6114
217 4494 6081
218 4498 6077
219 4514 6061
220 4538 6037
221 4532 6043
222 4555 6020
223 4542 6033
224 4528 6047
225 4510 6065
226 4525 6050
227 4548 6027
228 4529 6046
229 4517 6058
230 4487 6088
231 4490 6085
232 4504 6071
233 4503 6072
234 4516 6059
235 4499 6076
236 4536 6039
237 4552 6023
238 4546 6029
239 4536 6039
240 4518 6057
241 4511 6064
242 4499 6076
243 4505 6070
244 4515 6060
245 4535 6040
246 4515 6060
247 4503 6072
248 4486 6089
249 4468 6107
250 4462 6113
251 4469 6106
252 4489 6086
253 4478 6097
254 4482 6093
255 4486 6089
256 4483 6092
257 4503 6072
258 4482 6093
259 4473 6102
260 4478 6097
261 4481 6094
262 4491 6084
263 4452 6123
264 4446 6129
265 4442 6133
266 4448 6127
267 4482 6093
268 4435 6140
269 4440 6135
270 4439 6136
271 4452 6123
272 4464 6111
273 4460 6115
274 4455 6120
275 4455 6120
276 4423 6152
277 4422 6153
278 4414 6161
279 4424 6151
280 4405 6170
281 4403 6172
282 4396 6179
283 4414 6161
284 4418 6157
285 4413 6162
286 4408 6167
287 4419 6156
288 4440 6135
289 4416 6159
290 4425 6150
291 4410 6165
292 4405 6170
293 4419 6156
294 4418 6157
295 4438 6137
296 4442 6133
297 4444 6131
298 4459 6116
299 4437 6138
300 4423 6152
301 4423 6152
302 4442 6133
303 4457 6118
304 4477 6098
305 4476 6099
306 4482 6093
307 4468 6107
308 4478 6097
309 4460 6115
310 4471 6104
311 4466 6109
312 4454 6121
313 4493 6082
314 4479 6096
315 4472 6103
316 4449 6126
317 4429 6146
318 4460 6115
319 4452 6123
320 4451 6124
321 4437 6138
322 4453 6122
323 4456 6119
324 4423 6152
325 4419 6156
326 4419 6156
327 4397 6178
328 4383 6192
329 4384 6191
330 4401 6174
331 4399 6176
332 4391 6184
333 4384 6191
334 4384 6191
335 4365 6210
336 4379 6196
337 4358 6217
338 4374 6201
339 4370 6205
340 4372 6203
341 4388 6187
342 4370 6205
343 4369 6206
344 4402 6173
345 4397 6178
346 4411 6164
347 4424 6151
348 4444 6131
349 4431 6144
350 4419 6156
351 4432 6143
352 4449 6126
353 4458 6117
354 4460 6115
355 4471 6104
356 4484 6091
357 4486 6089
358 4512 6063
359 4527 6048
360 4554 6021
361 4535 6040
362 4518 6057
363 4536 6039
364 4556 6019
365 4552 6023
366 4530 6045
367 4555 6020
368 4543 6032
369 4544 6031
370 4567 6008
371 4595 5980
372 4584 5991
373 4559 6016
374 4588 5987
375 4605 5970
376 4611 5964
377 4646 5929
378 4645 5930
379 4646 5929
380 4657 5918
381 4648 5927
382 4681 5894
383 4694 5881
384 4691 5884
385 4698 5877
386 4689 5886
387 4682 5893
388 4693 5882
389 4694 5881
390 4677 5898
391 4683 5892
392 4667 5908
393 4656 5919
394 4658 5917
395 4658 5917
396 4666 5909
397 4679 5896
398 4672 5903
399 4652 5923
400 4647 5928
401 4623 5952
402 4639 5936
403 4669 5906
404 4686 5889
405 4682 5893
406 4681 5894
407 4679 5896
408 4694 5881
409 4685 5890
410 4681 5894
411 4682 5893
412 4714 5861
413 4724 5851
414 4730 5845
415 4730 5845
416 4743 5832
417 4733 5842
418 4715 5860
419 4712 5863
420 4713 5862
421 4687 5888
422 4698 5877
423 4684 5891
424 4689 5886
425 4678 5897
426 4669 5906
427 4684 5891
428 4678 5897
429 4689 5886
430 4685 5890
431 4666 5909
432 4668 5907
433 4669 5906
434 4681 5894
435 4664 5911
436 4642 5933
437 4635 5940
438 4635 5940
439 4635 5940
440 4639 5936
441 4633 5942
442 4640 5935
443 4619 5956
444 4616 5959
445 4622 5953
446 4624 5951
447 4640 5935
448 4629 5946
449 4630 5945
450 4622 5953
451 4586 5989
452 4562 6013
453 4563 6012
454 4579 5996
455 4560 6015
456 4565 6010
457 4576 5999
458 4580 5995
459 4559 6016
460 4580 5995
461 4558 6017
462 4560 6015
463 4554 6021
464 4559 6016
465 4558 6017
466 4550 6025
467 4563 6012
468 4577 5998
469 4578 5997
470 4593 5982
471 4580 5995
472 4614 5961
473 4598 5977
474 4606 5969
475 4587 5988
476 4571 6004
477 4562 6013
478 4566 6009
479 4558 6017
480 4574 6001
481 4575 6000
482 4568 6007
483 4571 6004
484 4580 5995
485 4551 6024
486 4572 6003
487 4592 5983
488 4609 5966
489 4628 5947
490 4635 5940
491 4646 5929
492 4648 5927
493 4646 5929
494 4638 5937
495 4647 5928
496 4643 5932
497 4651 5924
498 4642 5933
499 4658 5917
500 4640 5935
501 4649 5926
502 4661 5914
503 4658 5917
504 4643 5932
505 4652 5923
506 4653 5922
507 4647 5928
508 4658 5917
509 4633 5942
510 4617 5958
511 4592 5983
512 4578 5997
513 4566 6009
514 4579 5996
515 4589 5986
516 4574 6001
517 4561 6014
518 4553 6022
519 4564 6011
520 4563 6012
521 4566 6009
522 4562 6013
523 4566 6009
524 4565 6010
525 4571 6004
526 4573 6002
527 4590 5985
528 4593 5982
529 4577 5998
530 4573 6002
531 4548 6027
532 4570 6005
533 4564 6011
534 4579 5996
535 4567 6008
536 4581 5994
537 4578 5997
538 4582 5993
539 4579 5996
540 4585 5990
541 4566 6009
542 4559 6016
543 4601 5974
544 4607 5968
545 4612 5963
546 4629 5946
547 4610 5965
548 4630 5945
549 4634 5941
550 4633 5942
551 4637 5938
552 4638 5937
553 4643 5932
554 4635 5940
555 4652 5923
556 4614 5961
557 4625 5950
558 4600 5975
559 4604 5971
560 4634 5941
561 4632 5943
562 4640 5935
563 4659 5916
564 4648 5927
565 4643 5932
566 4649 5926
567 4648 5927
568 4649 5926
569 4642 5933
570 4647 5928
571 4690 5885
572 4683 5892
573 4662 5913
574 4687 5888
575 4695 5880
576 4689 5886
577 4713 5862
578 4735 5840
579 4728 5847
580 4740 5835
581 4731 5844
582 4730 5845
583 4735 5840
584 4742 5833
585 4759 5816
586 4756 5819
587 4754 5821
588 4759 5816
589 4792 5783
590 4794 5781
591 4800 5775
592 4808 5767
593 4792 5783
594 4768 5807
595 4774 5801
596 4777 5798
597 4765 5810
598 4756 5819
599 4774 5801
600 4746 5829
601 4759 5816
602 4746 5829
603 4773 5802
604 4799 5776
605 4802 5773
606 4794 5781
607 4814 5761
608 4801 5774
609 4808 5767
610 4812 5763
611 4803 5772
612 4791 5784
613 4785 5790
614 4811 5764
615 4781 5794
616 4793 5782
617 4803 5772
618 4805 5770
619 4821 5754
620 4818 5757
621 4808 5767
622 4817 5758
623 4806 5769
624 4796 5779
625 4808 5767
626 4801 5774
627 4782 5793
628 4784 5791
629 4794 5781
630 4806 5769
631 4829 5746
632 4800 5775
633 4811 5764
634 4819 5756
635 4800 5775
636 4795 5780
637 4818 5757
638 4799 5776
639 4805 5770
640 4780 5795
641 4754 5821
642 4772 5803
643 4768 5807
644 4774 5801
645 4779 5796
646 4773 5802
647 4754 5821
648 4755 5820
649 4772 5803
650 4773 5802
651 4741 5834
652 4767 5808
653 4762 5813
654 4768 5807
655 4796 5779
656 4801 5774
657 4791 5784
658 4771 5804
659 4751 5824
660 4744 5831
661 4765 5810
662 4783 5792
663 4799 5776
664 4793 5782
665 4784 5791
666 4795 5780
667 4808 5767
668 4792 5783
669 4783 5792
670 4778 5797
671 4795 5780
672 4791 5784
673 4803 5772
674 4801 5774
675 4800 5775
676 4775 5800
677 4762 5813
678 4767 5808
679 4746 5829
680 4765 5810
681 4750 5825
682 4761 5814
683 4762 5813
684 4757 5818
685 4734 5841
686 4720 5855
687 4719 5856
688 4735 5840
689 4752 5823
690 4748 5827
691 4778 5797
692 4774 5801
693 4775 5800
694 4795 5780
695 4763 5812
696 4761 5814
697 4774 5801
698 4764 5811
699 4770 5805
700 4757 5818
701 4765 5810
702 4766 5809
703 4733 5842
704 4749 5826
705 4769 5806
706 4777 5798
707 4755 5820
708 4729 5846
709 4732 5843
710 4736 5839
711 4764 5811
712 4757 5818
713 4747 5828
714 4748 5827
715 4752 5823
716 4756 5819
717 4739 5836
718 4722 5853
719 4742 5833
720 4737 5838
721 4738 5837
722 4746 5829
723 4754 5821
724 4753 5822
725 4780 5795
726 4773 5802
727 4759 5816
728 4769 5806
729 4785 5790
730 4809 5766
731 4810 5765
732 4779 5796
733 4773 5802
734 4799 5776
735 4795 5780
736 4792 5783
737 4770 5805
738 4749 5826
739 4770 5805
740 4765 5810
741 4750 5825
742 4754 5821
743 4743 5832
744 4790 5785
745 4798 5777
746 4786 5789
747 4770 5805
748 4764 5811
749 4820 5755
750 4799 5776
751 4788 5787
752 4786 5789
753 4802 5773
754 4801 5774
755 4826 5749
756 4823 5752
757 4858 5717
758 4876 5699
759 4880 5695
760 4876 5699
761 4870 5705
762 4852 5723
763 4865 5710
764 4872 5703
765 4868 5707
766 4887 5688
767 4933 5642
768 4950 5625
769 4945 5630
770 4943 5632
771 4934 5641
772 4952 5623
773 4928 5647
774 4914 5661
775 4927 5648
776 4910 5665
777 4903 5672
778 4906 5669
779 4905 5670
780 4917 5658
781 4916 5659
782 4907 5668
783 4907 5668
784 4907 5668
785 4918 5657
786 4935 5640
787 4911 5664
788 4918 5657
789 4933 5642
790 4927 5648
791 4915 5660
792 4924 5651
793 4939 5636
794 4949 5626
795 4936 5639
796 4948 5627
797 4970 5605
798 4973 5602
799 4976 5599
800 4967 5608
801 4959 5616
802 4974 5601
803 4969 5606
804 4970 5605
805 4960 5615
806 4968 5607
807 4970 5605
808 4972 5603
809 4965 5610
810 4981 5594
811 4975 5600
812 4946 5629
813 4959 5616
814 4955 5620
815 4944 5631
816 4940 5635
817 4930 5645
818 4940 5635
819 4946 5629
820 4930 5645
821 4937 5638
822 4936 5639
823 4902 5673
824 4909 5666
825 4908 5667
826 4902 5673
827 4903 5672
828 4895 5680
829 4898 5677
830 4906 5669
831 4890 5685
832 4900 5675
833 4885 5690
834 4873 5702
835 4867 5708
836 4894 5681
837 4891 5684
838 4869 5706
839 4828 5747
840 4839 5736
841 4824 5751
842 4833 5742
843 4835 5740
844 4867 5708
845 4879 5696
846 4879 5696
847 4885 5690
848 4870 5705
849 4877 5698
850 4874 5701
851 4876 5699
852 4855 5720
853 4883 5692
854 4892 5683
855 4894 5681
856 4852 5723
857 4898 5677
858 4905 5670
859 4898 5677
860 4915 5660
861 4911 5664
862 4905 5670
863 4894 5681
864 4918 5657
865 4927 5648
866 4909 5666
867 4902 5673
868 4919 5656
869 4890 5685
870 4870 5705
871 4870 5705
872 4895 5680
873 4888 5687
874 4908 5667
875 4903 5672
876 4924 5651
877 4923 5652
878 4906 5669
879 4922 5653
880 4914 5661
881 4937 5638
882 4940 5635
883 4938 5637
884 4937 5638
885 4915 5660
886 4923 5652
887 4898 5677
888 4916 5659
889 4938 5637
890 4936 5639
891 4935 5640
892 4935 5640
893 4926 5649
894 4908 5667
895 4895 5680
896 4887 5688
897 4905 5670
898 4910 5665
899 4910 5665
900 4906 5669
901 4910 5665
902 4895 5680
903 4915 5660
904 4917 5658
905 4925 5650
906 4931 5644
907 4938 5637
908 4918 5657
909 4921 5654
910 4922 5653
911 4904 5671
912 4877 5698
913 4894 5681
914 4903 5672
915 4898 5677
916 4886 5689
917 4905 5670
918 4881 5694
919 4903 5672
920 4905 5670
921 4893 5682
922 4885 5690
923 4873 5702
924 4867 5708
925 4877 5698
926 4876 5699
927 4847 5728
928 4841 5734
929 4855 5720
930 4879 5696
931 4873 5702
932 4857 5718
933 4855 5720
934 4851 5724
935 4860 5715
936 4863 5712
937 4873 5702
938 4881 5694
939 4876 5699
940 4864 5711
941 4873 5702
942 4859 5716
943 4846 5729
944 4818 5757
945 4828 5747
946 4822 5753
947 4858 5717
948 4860 5715
949 4872 5703
950 4855 5720
951 4868 5707
952 4866 5709
953 4869 5706
954 4865 5710
955 4860 5715
956 4842 5733
957 4837 5738
958 4842 5733
959 4848 5727
960 4808 5767
961 4804 5771
962 4799 5776
963 4787 5788
964 4791 5784
965 4804 5771
966 4777 5798
967 4759 5816
968 4793 5782
969 4823 5752
970 4808 5767
971 4829 5746
972 4847 5728
973 4859 5716
974 4847 5728
975 4860 5715
976 4868 5707
977 4847 5728
978 4865 5710
979 4888 5687
980 4888 5687
981 4929 5646
982 4909 5666
983 4914 5661
984 4915 5660
985 4918 5657
986 4923 5652
987 4923 5652
988 4926 5649
989 4925 5650
990 4920 5655
991 4929 5646
992 4930 5645
993 4913 5662
994 4920 5655
995 4925 5650
996 4925 5650
997 4913 5662
998 4929 5646
999 4922 5653
1000 4925 5650
1001 4917 5658
1002 4921 5654
1003 4923 5652
1004 4910 5665
1005 4907 5668
1006 4907 5668
1007 4895 5680
1008 4874 5701
1009 4889 5686
1010 4876 5699
1011 4876 5699
1012 4914 5661
1013 4907 5668
1014 4919 5656
1015 4919 5656
1016 4913 5662
1017 4897 5678
1018 4893 5682
1019 4895 5680
1020 4893 5682
1021 4889 5686
1022 4882 5693
1023 4855 5720
1024 4846 5729
1025 4830 5745
1026 4820 5755
1027 4815 5760
1028 4813 5762
1029 4831 5744
1030 4829 5746
1031 4822 5753
1032 4808 5767
1033 4793 5782
1034 4798 5777
1035 4804 5771
1036 4799 5776
1037 4821 5754
1038 4839 5736
1039 4813 5762
1040 4790 5785
1041 4790 5785
1042 4803 5772
1043 4804 5771
1044 4811 5764
1045 4815 5760
1046 4817 5758
1047 4823 5752
1048 4836 5739
1049 4853 5722
1050 4813 5762
1051 4811 5764
1052 4792 5783
1053 4801 5774
1054 4824 5751
1055 4802 5773
1056 4810 5765
1057 4786 5789
1058 4787 5788
1059 4789 5786
1060 4787 5788
1061 4801 5774
1062 4823 5752
1063 4839 5736
1064 4844 5731
1065 4853 5722
1066 4839 5736
1067 4847 5728
1068 4837 5738
1069 4853 5722
1070 4840 5735
1071 4831 5744
1072 4837 5738
1073 4845 5730
1074 4845 5730
1075 4832 5743
1076 4860 5715
1077 4849 5726
1078 4840 5735
1079 4806 5769
1080 4828 5747
1081 4846 5729
1082 4861 5714
1083 4868 5707
1084 4858 5717
1085 4861 5714
1086 4856 5719
1087 4849 5726
1088 4860 5715
1089 4848 5727
1090 4830 5745
1091 4831 5744
1092 4856 5719
1093 4831 5744
1094 4832 5743
1095 4839 5736
1096 4837 5738
1097 4845 5730
1098 4853 5722
1099 4840 5735
1100 4831 5744
1101 4783 5792
1102 4779 5796
1103 4766 5809
1104 4771 5804
1105 4788 5787
1106 4791 5784
1107 4806 5769
1108 4801 5774
1109 4805 5770
1110 4818 5757
1111 4821 5754
1112 4818 5757
1113 4814 5761
1114 4805 5770
1115 4822 5753
1116 4800 5775
1117 4828 5747
1118 4828 5747
1119 4807 5768
1120 4786 5789
1121 4800 5775
1122 4784 5791
1123 4812 5763
1124 4825 5750
1125 4805 5770
1126 4832 5743
1127 4812 5763
1128 4819 5756
1129 4811 5764
1130 4795 5780
1131 4791 5784
1132 4781 5794
1133 4759 5816
1134 4759 5816
1135 4772 5803
1136 4776 5799
1137 4778 5797
1138 4777 5798
1139 4776 5799
1140 4782 5793
1141 4778 5797
1142 4771 5804
1143 4775 5800
1144 4794 5781
1145 4766 5809
1146 4783 5792
1147 4777 5798
1148 4769 5806
1149 4775 5800
1150 4772 5803
1151 4766 5809
1152 4754 5821
1153 4724 5851
1154 4731 5844
1155 4696 5879
1156 4703 5872
1157 4687 5888
1158 4701 5874
1159 4705 5870
1160 4671 5904
1161 4673 5902
1162 4677 5898
1163 4673 5902
1164 4662 5913
1165 4653 5922
1166 4659 5916
1167 4660 5915
1168 4665 5910
1169 4645 5930
1170 4646 5929
1171 4656 5919
1172 4633 5942
1173 4637 5938
1174 4631 5944
1175 4654 5921
1176 4650 5925
1177 4656 5919
1178 4677 5898
1179 4665 5910
1180 4675 5900
1181 4697 5878
1182 4705 5870
1183 4697 5878
1184 4700 5875
1185 4698 5877
1186 4706 5869
1187 4719 5856
1188 4705 5870
1189 4732 5843
1190 4694 5881
1191 4699 5876
1192 4685 5890
1193 4665 5910
1194 4678 5897
1195 4688 5887
1196 4663 5912
1197 4646 5929
1198 4643 5932
1199 4653 5922
1200 4655 5920
1201 4670 5905
1202 4708 5867
1203 4726 5849
1204 4741 5834
1205 4725 5850
1206 4747 5828
1207 4719 5856
1208 4724 5851
1209 4714 5861
1210 4717 5858
1211 4709 5866
1212 4681 5894
1213 4682 5893
1214 4671 5904
1215 4670 5905
1216 4676 5899
1217 4666 5909
1218 4657 5918
1219 4670 5905
1220 4658 5917
1221 4667 5908
1222 4653 5922
1223 4681 5894
1224 4678 5897
1225 4685 5890
1226 4688 5887
1227 4678 5897
1228 4673 5902
1229 4668 5907
1230 4674 5901
1231 4678 5897
1232 4674 5901
1233 4664 5911
1234 4686 5889
1235 4682 5893
1236 4673 5902
1237 4664 5911
1238 4681 5894
1239 4641 5934
1240 4657 5918
1241 4673 5902
1242 4660 5915
1243 4663 5912
1244 4647 5928
1245 4679 5896
1246 4698 5877
1247 4715 5860
1248 4677 5898
1249 4644 5931
1250 4679 5896
1251 4684 5891
1252 4674 5901
1253 4671 5904
1254 4658 5917
1255 4634 5941
1256 4623 5952
1257 4610 5965
1258 4618 5957
1259 4622 5953
1260 4651 5924
1261 4630 5945
1262 4646 5929
1263 4640 5935
1264 4658 5917
1265 4662 5913
1266 4656 5919
1267 4667 5908
1268 4682 5893
1269 4697 5878
1270 4701 5874
1271 4680 5895
1272 4652 5923
1273 4649 5926
1274 4632 5943
1275 4614 5961
1276 4604 5971
1277 4648 5927
1278 4625 5950
1279 4635 5940
1280 4627 5948
1281 4629 5946
1282 4657 5918
1283 4638 5937
1284 4629 5946
1285 4632 5943
1286 4627 5948
1287 4625 5950
1288 4610 5965
1289 4611 5964
1290 4624 5951
1291 4615 5960
1292 4603 5972
1293 4619 5956
1294 4617 5958
1295 4652 5923
1296 4640 5935
1297 4588 5987
1298 4579 5996
1299 4566 6009
1300 4598 5977
1301 4578 5997
1302 4587 5988
1303 4570 6005
1304 4588 5987
1305 4600 5975
1306 4568 6007
1307 4579 5996
1308 4560 6015
1309 4552 6023
1310 4584 5991
1311 4578 5997
1312 4595 5980
1313 4565 6010
1314 4580 5995
1315 4557 6018
1316 4591 5984
1317 4607 5968
1318 4589 5986
1319 4558 6017
1320 4551 6024
1321 4553 6022
1322 4558 6017
1323 4589 5986
1324 4561 6014
1325 4565 6010
1326 4575 6000
1327 4578 5997
1328 4566 6009
1329 4561 6014
1330 4572 6003
1331 4584 5991
1332 4575 6000
1333 4560 6015
1334 4535 6040
1335 4529 6046
1336 4554 6021
1337 4560 6015
1338 4563 6012
1339 4569 6006
1340 4550 6025
1341 4544 6031
1342 4546 6029
1343 4551 6024
1344 4561 6014
1345 4592 5983
1346 4594 5981
1347 4593 5982
1348 4588 5987
1349 4567 6008
1350 4581 5994
1351 4595 5980
1352 4606 5969
1353 4615 5960
1354 4611 5964
1355 4611 5964
1356 4589 5986
1357 4585 5990
1358 4581 5994
1359 4594 5981
1360 4603 5972
1361 4621 5954
1362 4652 5923
1363 4644 5931
1364 4639 5936
1365 4639 5936
1366 4612 5963
1367 4624 5951
1368 4631 5944
1369 4624 5951
1370 4636 5939
1371 4632 5943
1372 4624 5951
1373 4623 5952
1374 4632 5943
1375 4650 5925
1376 4676 5899
1377 4643 5932
1378 4639 5936
1379 4624 5951
1380 4632 5943
1381 4633 5942
1382 4637 5938
1383 4603 5972
1384 4603 5972
1385 4601 5974
1386 4573 6002
1387 4587 5988
1388 4605 5970
1389 4589 5986
1390 4555 6020
1391 4553 6022
1392 4555 6020
1393 4557 6018
1394 4542 6033
1395 4551 6024
1396 4547 6028
1397 4528 6047
1398 4524 6051
1399 4520 6055
1400 4538 6037
1401 4534 6041
1402 4520 6055
1403 4527 6048
1404 4524 6051
1405 4533 6042
1406 4520 6055
1407 4513 6062
1408 4539 6036
1409 4559 6016
1410 4556 6019
1411 4570 6005
1412 4585 5990
1413 4578 5997
1414 4577 5998
1415 4589 5986
1416 4552 6023
1417 4565 6010
1418 4543 6032
1419 4552 6023
1420 4567 6008
1421 4579 5996
1422 4590 5985
1423 4563 6012
1424 4571 6004
1425 4574 6001
1426 4587 5988
1427 4615 5960
1428 4628 5947
1429 4611 5964
1430 4598 5977
1431 4597 5978
1432 4581 5994
1433 4558 6017
1434 4569 6006
1435 4568 6007
1436 4530 6045
1437 4518 6057
1438 4528 6047
1439 4513 6062
1440 4487 6088
1441 4491 6084
1442 4479 6096
1443 4507 6068
1444 4494 6081
1445 4499 6076
1446 4532 6043
1447 4550 6025
1448 4531 6044
1449 4565 6010
1450 4545 6030
1451 4536 6039
1452 4520 6055
1453 4525 6050
1454 4497 6078
1455 4499 6076
1456 4494 6081
1457 4474 6101
1458 4492 6083
1459 4495 6080
1460 4475 6100
1461 4484 6091
1462 4489 6086
1463 4481 6094
1464 4497 6078
1465 4491 6084
1466 4488 6087
1467 4454 6121
1468 4461 6114
1469 4453 6122
1470 4492 6083
1471 4499 6076
1472 4502 6073
1473 4503 6072
1474 4469 6106
1475 4449 6126
1476 4458 6117
1477 4467 6108
1478 4487 6088
1479 4527 6048
1480 4535 6040
1481 4551 6024
1482 4543 6032
1483 4534 6041
1484 4513 6062
1485 4497 6078
1486 4504 6071
1487 4498 6077
1488 4490 6085
1489 4506 6069
1490 4497 6078
1491 4484 6091
1492 4504 6071
1493 4499 6076
1494 4465 6110
1495 4482 6093
1496 4496 6079
1497 4491 6084
1498 4490 6085
1499 4476 6099
1500 4494 6081
1501 4494 6081
1502 4504 6071
1503 4513 6062
1504 4493 6082
1505 4488 6087
1506 4462 6113
1507 4460 6115
1508 4467 6108
1509 4466 6109
1510 4434 6141
1511 4438 6137
1512 4424 6151
1513 4428 6147
1514 4424 6151
1515 4443 6132
1516 4468 6107
1517 4424 6151
1518 4448 6127
1519 4433 6142
1520 4421 6154
1521 4430 6145
1522 4415 6160
1523 4430 6145
1524 4421 6154
1525 4375 6200
1526 4384 6191
1527 4364 6211
1528 4344 6231
1529 4367 6208
1530 4358 6217
1531 4367 6208
1532 4368 6207
1533 4360 6215
1534 4376 6199
1535 4377 6198
1536 4381 6194
1537 4380 6195
1538 4380 6195
1539 4368 6207
1540 4338 6237
1541 4327 6248
1542 4358 6217
1543 4380 6195
1544 4393 6182
1545 4370 6205
1546 4382 6193
1547 4362 6213
1548 4363 6212
1549 4352 6223
1550 4362 6213
1551 4373 6202
1552 4397 6178
1553 4410 6165
1554 4415 6160
1555 4423 6152
1556 4447 6128
1557 4467 6108
1558 4442 6133
1559 4431 6144
1560 4433 6142
1561 4421 6154
1562 4410 6165
1563 4386 6189
1564 4411 6164
1565 4411 6164
1566 4403 6172
1567 4419 6156
1568 4407 6168
1569 4409 6166
1570 4400 6175
1571 4405 6170
1572 4394 6181
1573 4430 6145
1574 4457 6118
1575 4436 6139
1576 4432 6143
1577 4424 6151
1578 4419 6156
1579 4428 6147
1580 4433 6142
1581 4420 6155
1582 4437 6138
1583 4437 6138
1584 4450 6125
1585 4465 6110
1586 4474 6101
1587 4456 6119
1588 4450 6125
1589 4413 6162
1590 4399 6176
1591 4425 6150
1592 4411 6164
1593 4430 6145
1594 4431 6144
1595 4456 6119
1596 4414 6161
1597 4412 6163
1598 4417 6158
1599 4421 6154
1600 4417 6158
1601 4438 6137
1602 4434 6141
1603 4442 6133
1604 4435 6140
1605 4418 6157
1606 4429 6146
1607 4450 6125
1608 4439 6136
1609 4434 6141
1610 4412 6163
1611 4446 6129
1612 4439 6136
1613 4442 6133
1614 4412 6163
1615 4404 6171
1616 4413 6162
1617 4390 6185
1618 4399 6176
1619 4431 6144
1620 4400 6175
1621 4395 6180
1622 4392 6183
1623 4405 6170
1624 4400 6175
1625 4381 6194
1626 4381 6194
1627 4389 6186
1628 4387 6188
1629 4378 6197
1630 4363 6212
1631 4379 6196
1632 4384 6191
1633 4388 6187
1634 4398 6177
1635 4381 6194
1636 4374 6201
1637 4396 6179
1638 4374 6201
1639 4383 6192
1640 4372 6203
1641 4397 6178
1642 4378 6197
1643 4371 6204
1644 4381 6194
1645 4389 6186
1646 4394 6181
1647 4417 6158
1648 4414 6161
1649 4386 6189
1650 4383 6192
1651 4372 6203
1652 4364 6211
1653 4389 6186
1654 4384 6191
1655 4374 6201
1656 4400 6175
1657 4424 6151
1658 4418 6157
1659 4412 6163
1660 4411 6164
1661 4416 6159
1662 4448 6127
1663 4450 6125
1664 4461 6114
1665 4459 6116
1666 4444 6131
1667 4455 6120
1668 4466 6109
1669 4463 6112
1670 4464 6111
1671 4436 6139
1672 4440 6135
1673 4425 6150
1674 4431 6144
1675 4418 6157
1676 4415 6160
1677 4442 6133
1678 4425 6150
1679 4424 6151
1680 4406 6169
1681 4400 6175
1682 4409 6166
1683 4454 6121
1684 4436 6139
1685 4430 6145
1686 4415 6160
1687 4417 6158
1688 4411 6164
1689 4404 6171
1690 4374 6201
1691 4374 6201
1692 4358 6217
1693 4404 6171
1694 4408 6167
1695 4402 6173
1696 4407 6168
1697 4405 6170
1698 4433 6142
1699 4428 6147
1700 4424 6151
1701 4411 6164
1702 4413 6162
1703 4419 6156
1704 4401 6174
1705 4403 6172
1706 4401 6174
1707 4401 6174
1708 4428 6147
1709 4423 6152
1710 4424 6151
1711 4444 6131
1712 4450 6125
1713 4430 6145
1714 4419 6156
1715 4456 6119
1716 4452 6123
1717 4443 6132
1718 4472 6103
1719 4464 6111
1720 4459 6116
1721 4448 6127
1722 4434 6141
1723 4409 6166
1724 4398 6177
1725 4401 6174
1726 4377 6198
1727 4373 6202
1728 4373 6202
1729 4363 6212
1730 4359 6216
1731 4368 6207
1732 4388 6187
1733 4377 6198
1734 4384 6191
1735 4364 6211
1736 4388 6187
1737 4377 6198
1738 4358 6217
1739 4380 6195
1740 4362 6213
1741 4395 6180
1742 4401 6174
1743 4404 6171
1744 4383 6192
1745 4368 6207
1746 4417 6158
1747 4417 6158
1748 4404 6171
1749 4403 6172
1750 4412 6163
1751 4414 6161
1752 4411 6164
1753 4391 6184
1754 4373 6202
1755 4361 6214
1756 4381 6194
1757 4407 6168
1758 4438 6137
1759 4460 6115
1760 4459 6116
1761 4412 6163
1762 4414 6161
1763 4411 6164
1764 4419 6156
1765 4420 6155
1766 4390 6185
1767 4394 6181
1768 4376 6199
1769 4384 6191
1770 4369 6206
1771 4324 6251
1772 4340 6235
1773 4361 6214
1774 4365 6210
1775 4371 6204
1776 4377 6198
1777 4377 6198
1778 4384 6191
1779 4371 6204
1780 4390 6185
1781 4396 6179
1782 4373 6202
1783 4372 6203
1784 4367 6208
1785 4352 6223
1786 4371 6204
1787 4380 6195
1788 4386 6189
1789 4372 6203
1790 4349 6226
1791 4357 6218
1792 4341 6234
1793 4322 6253
1794 4326 6249
1795 4331 6244
1796 4332 6243
1797 4340 6235
1798 4332 6243
1799 4337 6238
1800 4351 6224
1801 4360 6215
1802 4349 6226
1803 4348 6227
1804 4348 6227
1805 4365 6210
1806 4386 6189
1807 4402 6173
1808 4401 6174
1809 4374 6201
1810 4357 6218
1811 4354 6221
1812 4344 6231
1813 4336 6239
1814 4356 6219
1815 4336 6239
1816 4328 6247
1817 4320 6255
1818 4296 6279
1819 4284 6291
1820 4280 6295
1821 4295 6280
1822 4281 6294
1823 4327 6248
1824 4335 6240
1825 4337 6238
1826 4323 6252
1827 4370 6205
1828 4363 6212
1829 4362 6213
1830 4364 6211
1831 4347 6228
1832 4354 6221
1833 4350 6225
1834 4358 6217
1835 4365 6210
1836 4333 6242
1837 4325 6250
1838 4337 6238
1839 4363 6212
1840 4366 6209
1841 4333 6242
1842 4340 6235
1843 4327 6248
1844 4305 6270
1845 4300 6275
1846 4292 6283
1847 4314 6261
1848 4306 6269
1849 4338 6237
1850 4323 6252
1851 4325 6250
1852 4314 6261
1853 4306 6269
1854 4297 6278
1855 4301 6274
1856 4329 6246
1857 4353 6222
1858 4382 6193
1859 4381 6194
1860 4361 6214
1861 4355 6220
1862 4346 6229
1863 4338 6237
1864 4316 6259
1865 4341 6234
1866 4333 6242
1867 4339 6236
1868 4350 6225
1869 4347 6228
1870 4363 6212
1871 4365 6210
1872 4365 6210
1873 4342 6233
1874 4329 6246
1875 4335 6240
1876 4340 6235
1877 4373 6202
1878 4376 6199
1879 4363 6212
1880 4353 6222
1881 4355 6220
1882 4340 6235
1883 4349 6226
1884 4337 6238
1885 4332 6243
1886 4324 6251
1887 4314 6261
1888 4333 6242
1889 4355 6220
1890 4366 6209
1891 4355 6220
1892 4369 6206
1893 4399 6176
1894 4383 6192
1895 4393 6182
1896 4411 6164
1897 4371 6204
1898 4328 6247
1899 4344 6231
1900 4329 6246
1901 4334 6241
1902 4344 6231
1903 4346 6229
1904 4355 6220
1905 4321 6254
1906 4323 6252
1907 4317 6258
1908 4327 6248
1909 4358 6217
1910 4374 6201
1911 4379 6196
1912 4387 6188
1913 4368 6207
1914 4380 6195
1915 4415 6160
1916 4382 6193
1917 4367 6208
1918 4389 6186
1919 4399 6176
1920 4371 6204
1921 4376 6199
1922 4353 6222
1923 4358 6217
1924 4354 6221
1925 4359 6216
1926 4363 6212
1927 4348 6227
1928 4370 6205
1929 4362 6213
1930 4369 6206
1931 4343 6232
1932 4321 6254
1933 4329 6246
1934 4335 6240
1935 4332 6243
1936 4335 6240
1937 4357 6218
1938 4364 6211
1939 4361 6214
1940 4361 6214
1941 4355 6220
1942 4364 6211
1943 4357 6218
1944 4351 6224
1945 4362 6213
1946 4356 6219
1947 4339 6236
1948 4347 6228
1949 4354 6221
1950 4339 6236
1951 4333 6242
1952 4358 6217
1953 4370 6205
1954 4377 6198
1955 4387 6188
1956 4389 6186
1957 4358 6217
1958 4359 6216
1959 4377 6198
1960 4374 6201
1961 4360 6215
1962 4356 6219
1963 4333 6242
1964 4316 6259
1965 4285 6290
1966 4334 6241
1967 4337 6238
1968 4344 6231
1969 4333 6242
1970 4344 6231
1971 4319 6256
1972 4322 6253
1973 4336 6239
1974 4346 6229
1975 4334 6241
1976 4320 6255
1977 4307 6268
1978 4305 6270
1979 4325 6250
1980 4318 6257
1981 4278 6297
1982 4282 6293
1983 4286 6289
1984 4292 6283
1985 4328 6247
1986 4316 6259
1987 4307 6268
1988 4331 6244
1989 4329 6246
1990 4323 6252
1991 4371 6204
1992 4351 6224
1993 4306 6269
1994 4313 6262
1995 4313 6262
1996 4331 6244
1997 4362 6213
1998 4367 6208
1999 4370 6205
2000 4394 6181
2001 4401 6174
2002 4372 6203
2003 4400 6175
2004 4405 6170
2005 4389 6186
2006 4384 6191
2007 4382 6193
2008 4409 6166
2009 4439 6136
2010 4434 6141
2011 4406 6169
2012 4421 6154
2013 4442 6133
2014 4424 6151
2015 4415 6160
2016 4413 6162
2017 4393 6182
2018 4410 6165
2019 4388 6187
2020 4369 6206
2021 4351 6224
2022 4357 6218
2023 4375 6200
2024 4380 6195
2025 4360 6215
2026 4360 6215
2027 4351 6224
2028 4338 6237
2029 4323 6252
2030 4318 6257
2031 4340 6235
2032 4336 6239
2033 4322 6253
2034 4320 6255
2035 4324 6251
2036 4319 6256
2037 4326 6249
2038 4324 6251
2039 4316 6259
2040 4325 6250
2041 4324 6251
2042 4322 6253
2043 4330 6245
2044 4344 6231
2045 4352 6223
2046 4372 6203
2047 4383 6192
2048 4382 6193
2049 4350 6225
2050 4358 6217
2051 4326 6249
2052 4336 6239
2053 4328 6247
2054 4333 6242
2055 4335 6240
2056 4329 6246
2057 4325 6250
2058 4329 6246
2059 4344 6231
2060 4358 6217
2061 4359 6216
2062 4350 6225
2063 4331 6244
2064 4349 6226
2065 4328 6247
2066 4351 6224
2067 4339 6236
2068 4345 6230
2069 4327 6248
2070 4321 6254
2071 4305 6270
2072 4319 6256
2073 4314 6261
2074 4356 6219
2075 4356 6219
2076 4342 6233
2077 4328 6247
2078 4336 6239
2079 4304 6271
2080 4308 6267
2081 4303 6272
2082 4280 6295
2083 4294 6281
2084 4287 6288
2085 4288 6287
2086 4288 6287
2087 4296 6279
2088 4299 6276
2089 4289 6286
2090 4311 6264
2091 4338 6237
2092 4334 6241
2093 4342 6233
2094 4339 6236
2095 4330 6245
2096 4322 6253
2097 4330 6245
2098 4321 6254
2099 4307 6268
2100 4308 6267
2101 4321 6254
2102 4285 6290
2103 4290 6285
2104 4284 6291
2105 4286 6289
2106 4264 6311
2107 4250 6325
2108 4266 6309
2109 4302 6273
2110 4309 6266
2111 4328 6247
2112 4331 6244
2113 4326 6249
2114 4343 6232
2115 4323 6252
2116 4332 6243
2117 4351 6224
2118 4342 6233
2119 4310 6265
2120 4297 6278
2121 4289 6286
2122 4279 6296
2123 4256 6319
2124 4276 6299
2125 4283 6292
2126 4295 6280
2127 4264 6311
2128 4257 6318
2129 4249 6326
2130 4237 6338
2131 4281 6294
2132 4300 6275
2133 4322 6253
2134 4317 6258
2135 4313 6262
2136 4285 6290
2137 4327 6248
2138 4318 6257
2139 4314 6261
2140 4324 6251
2141 4330 6245
2142 4325 6250
2143 4327 6248
2144 4323 6252
2145 4341 6234
2146 4320 6255
2147 4320 6255
2148 4301 6274
2149 4318 6257
2150 4350 6225
2151 4355 6220
2152 4379 6196
2153 4379 6196
2154 4364 6211
2155 4382 6193
2156 4386 6189
2157 4391 6184
2158 4398 6177
2159 4378 6197
2160 4370 6205
2161 4353 6222
2162 4381 6194
2163 4382 6193
2164 4355 6220
2165 4360 6215
2166 4348 6227
2167 4381 6194
2168 4391 6184
2169 4427 6148
2170 4452 6123
2171 4435 6140
2172 4434 6141
2173 4445 6130
2174 4440 6135
2175 4421 6154
2176 4395 6180
2177 4441 6134
2178 4396 6179
2179 4390 6185
2180 4413 6162
2181 4387 6188
2182 4396 6179
2183 4359 6216
2184 4354 6221
2185 4356 6219
2186 4377 6198
2187 4374 6201
2188 4374 6201
2189 4391 6184
2190 4398 6177
2191 4392 6183
2192 4400 6175
2193 4406 6169
2194 4397 6178
2195 4366 6209
2196 4383 6192
2197 4362 6213
2198 4345 6230
2199 4355 6220
2200 4344 6231
2201 4341 6234
2202 4335 6240
2203 4325 6250
2204 4322 6253
2205 4336 6239
2206 4348 6227
2207 4359 6216
2208 4367 6208
2209 4352 6223
2210 4360 6215
2211 4359 6216
2212 4366 6209
2213 4391 6184
2214 4357 6218
2215 4361 6214
2216 4323 6252
2217 4328 6247
2218 4346 6229
2219 4332 6243
2220 4335 6240
2221 4331 6244
2222 4310 6265
2223 4328 6247
2224 4288 6287
2225 4279 6296
2226 4292 6283
2227 4304 6271
2228 4295 6280
2229 4312 6263
2230 4323 6252
2231 4318 6257
2232 4319 6256
2233 4314 6261
2234 4333 6242
2235 4326 6249
2236 4340 6235
2237 4307 6268
2238 4329 6246
2239 4316 6259
2240 4306 6269
2241 4321 6254
2242 4331 6244
2243 4326 6249
2244 4328 6247
2245 4306 6269
2246 4273 6302
2247 4287 6288
2248 4292 6283
2249 4310 6265
2250 4306 6269
2251 4311 6264
2252 4301 6274
2253 4330 6245
2254 4299 6276
2255 4309 6266
2256 4322 6253
2257 4293 6282
2258 4288 6287
2259 4306 6269
2260 4328 6247
2261 4335 6240
2262 4340 6235
2263 4336 6239
2264 4353 6222
2265 4349 6226
2266 4362 6213
2267 4357 6218
2268 4362 6213
2269 4382 6193
2270 4387 6188
2271 4359 6216
2272 4358 6217
2273 4358 6217
2274 4309 6266
2275 4326 6249
2276 4333 6242
2277 4331 6244
2278 4341 6234
2279 4338 6237
2280 4338 6237
2281 4330 6245
2282 4339 6236
2283 4336 6239
2284 4332 6243
2285 4310 6265
2286 4301 6274
2287 4328 6247
2288 4323 6252
2289 4319 6256
2290 4328 6247
2291 4317 6258
2292 4314 6261
2293 4324 6251
2294 4313 6262
2295 4330 6245
2296 4359 6216
2297 4369 6206
2298 4350 6225
2299 4356 6219
2300 4360 6215
2301 4350 6225
2302 4353 6222
2303 4359 6216
2304 4365 6210
2305 4383 6192
2306 4377 6198
2307 4370 6205
2308 4350 6225
2309 4340 6235
2310 4318 6257
2311 4332 6243
2312 4349 6226
2313 4345 6230
2314 4333 6242
2315 4307 6268
2316 4292 6283
2317 4327 6248
2318 4316 6259
2319 4315 6260
2320 4315 6260
2321 4312 6263
2322 4338 6237
2323 4346 6229
2324 4336 6239
2325 4355 6220
2326 4354 6221
2327 4369 6206
2328 4337 6238
2329 4343 6232
2330 4364 6211
2331 4361 6214
2332 4354 6221
2333 4355 6220
2334 4360 6215
2335 4357 6218
2336 4360 6215
2337 4366 6209
2338 4377 6198
2339 4329 6246
2340 4326 6249
2341 4335 6240
2342 4346 6229
2343 4334 6241
2344 4327 6248
2345 4351 6224
2346 4364 6211
2347 4356 6219
2348 4353 6222
2349 4310 6265
2350 4305 6270
2351 4327 6248
2352 4348 6227
2353 4353 6222
2354 4342 6233
2355 4373 6202
2356 4390 6185
2357 4378 6197
2358 4366 6209
2359 4358 6217
2360 4343 6232
2361 4346 6229
2362 4362 6213
2363 4381 6194
2364 4363 6212
2365 4346 6229
2366 4347 6228
2367 4370 6205
2368 4381 6194
2369 4405 6170
2370 4417 6158
2371 4427 6148
2372 4379 6196
2373 4394 6181
2374 4385 6190
2375 4371 6204
2376 4372 6203
2377 4361 6214
2378 4375 6200
2379 4364 6211
2380 4345 6230
2381 4361 6214
2382 4347 6228
2383 4372 6203
2384 4373 6202
2385 4375 6200
2386 4350 6225
2387 4318 6257
2388 4326 6249
2389 4339 6236
2390 4337 6238
2391 4360 6215
2392 4362 6213
2393 4352 6223
2394 4354 6221
2395 4367 6208
2396 4337 6238
2397 4342 6233
2398 4323 6252
2399 4311 6264
2400 4330 6245
2401 4317 6258
2402 4328 6247
2403 4329 6246
2404 4323 6252
2405 4327 6248
2406 4336 6239
2407 4374 6201
2408 4342 6233
2409 4361 6214
2410 4360 6215
2411 4360 6215
2412 4365 6210
2413 4360 6215
2414 4355 6220
2415 4369 6206
2416 4398 6177
2417 4387 6188
2418 4416 6159
2419 4403 6172
2420 4394 6181
2421 4396 6179
2422 4410 6165
2423 4366 6209
2424 4342 6233
2425 4327 6248
2426 4333 6242
2427 4338 6237
2428 4335 6240
2429 4348 6227
2430 4330 6245
2431 4335 6240
2432 4328 6247
2433 4312 6263
2434 4325 6250
2435 4342 6233
2436 4339 6236
2437 4358 6217
2438 4360 6215
2439 4329 6246
2440 4360 6215
2441 4378 6197
2442 4380 6195
2443 4348 6227
2444 4369 6206
2445 4348 6227
2446 4338 6237
2447 4339 6236
2448 4354 6221
2449 4331 6244
2450 4333 6242
2451 4340 6235
2452 4335 6240
2453 4356 6219
2454 4340 6235
2455 4344 6231
2456 4333 6242
2457 4314 6261
2458 4348 6227
2459 4345 6230
2460 4355 6220
2461 4365 6210
2462 4339 6236
2463 4356 6219
2464 4367 6208
2465 4353 6222
2466 4347 6228
2467 4322 6253
2468 4329 6246
2469 4343 6232
2470 4329 6246
2471 4347 6228
2472 4349 6226
2473 4355 6220
2474 4367 6208
2475 4343 6232
2476 4350 6225
2477 4335 6240
2478 4337 6238
2479 4329 6246
2480 4320 6255
2481 4326 6249
2482 4340 6235
2483 4345 6230
2484 4347 6228
2485 4359 6216
2486 4365 6210
2487 4354 6221
2488 4359 6216
2489 4356 6219
2490 4356 6219
2491 4365 6210
2492 4355 6220
2493 4335 6240
2494 4320 6255
2495 4309 6266
2496 4341 6234
2497 4306 6269
2498 4318 6257
2499 4343 6232
2500 4321 6254
2501 4316 6259
2502 4343 6232
2503 4333 6242
2504 4316 6259
2505 4304 6271
2506 4317 6258
2507 4303 6272
2508 4267 6308
2509 4281 6294
2510 4257 6318
2511 4257 6318
2512 4254 6321
2513 4261 6314
2514 4280 6295
2515 4291 6284
2516 4256 6319
2517 4289 6286
2518 4282 6293
2519 4294 6281
2520 4308 6267
2521 4297 6278
2522 4308 6267
2523 4290 6285
2524 4281 6294
2525 4276 6299
2526 4268 6307
2527 4270 6305
2528 4266 6309
2529 4263 6312
2530 4261 6314
2531 4266 6309
2532 4267 6308
2533 4265 6310
2534 4261 6314
2535 4291 6284
2536 4291 6284
2537 4319 6256
2538 4312 6263
2539 4312 6263
2540 4342 6233
2541 4312 6263
2542 4312 6263
2543 4304 6271
2544 4284 6291
2545 4289 6286
2546 4288 6287
2547 4280 6295
2548 4262 6313
2549 4260 6315
2550 4281 6294
2551 4268 6307
2552 4283 6292
2553 4292 6283
2554 4302 6273
2555 4286 6289
2556 4296 6279
2557 4279 6296
2558 4270 6305
2559 4290 6285
2560 4316 6259
2561 4305 6270
2562 4307 6268
2563 4318 6257
2564 4325 6250
2565 4316 6259
2566 4288 6287
2567 4286 6289
2568 4296 6279
2569 4283 6292
2570 4318 6257
2571 4316 6259
2572 4331 6244
2573 4332 6243
2574 4357 6218
2575 4334 6241
2576 4350 6225
2577 4335 6240
2578 4326 6249
2579 4309 6266
2580 4297 6278
2581 4288 6287
2582 4271 6304
2583 4276 6299
2584 4276 6299
2585 4271 6304
2586 4260 6315
2587 4265 6310
2588 4283 6292
2589 4286 6289
2590 4295 6280
2591 4307 6268
2592 4313 6262
2593 4336 6239
2594 4316 6259
2595 4301 6274
2596 4292 6283
2597 4268 6307
2598 4243 6332
2599 4248 6327
2600 4243 6332
2601 4254 6321
2602 4286 6289
2603 4289 6286
2604 4298 6277
2605 4298 6277
2606 4289 6286
2607 4285 6290
2608 4308 6267
2609 4307 6268
2610 4305 6270
2611 4310 6265
2612 4320 6255
2613 4333 6242
2614 4333 6242
2615 4303 6272
2616 4317 6258
2617 4326 6249
2618 4316 6259
2619 4315 6260
2620 4340 6235
2621 4335 6240
2622 4337 6238
2623 4343 6232
2624 4344 6231
2625 4339 6236
2626 4337 6238
2627 4340 6235
2628 4326 6249
2629 4349 6226
2630 4346 6229
2631 4331 6244
2632 4339 6236
2633 4336 6239
2634 4333 6242
2635 4350 6225
2636 4354 6221
2637 4357 6218
2638 4366 6209
2639 4368 6207
2640 4346 6229
2641 4326 6249
2642 4339 6236
2643 4321 6254
2644 4317 6258
2645 4313 6262
2646 4304 6271
2647 4319 6256
2648 4314 6261
2649 4332 6243
2650 4335 6240
2651 4318 6257
2652 4297 6278
2653 4306 6269
2654 4288 6287
2655 4279 6296
2656 4258 6317
2657 4260 6315
2658 4242 6333
2659 4260 6315
2660 4283 6292
2661 4258 6317
2662 4258 6317
2663 4274 6301
2664 4300 6275
2665 4318 6257
2666 4328 6247
2667 4321 6254
2668 4322 6253
2669 4303 6272
2670 4293 6282
2671 4289 6286
2672 4302 6273
2673 4305 6270
2674 4272 6303
2675 4272 6303
2676 4281 6294
2677 4259 6316
2678 4267 6308
2679 4251 6324
2680 4246 6329
2681 4251 6324
2682 4271 6304
2683 4280 6295
2684 4264 6311
2685 4272 6303
2686 4255 6320
2687 4271 6304
2688 4304 6271
2689 4300 6275
2690 4323 6252
2691 4309 6266
2692 4312 6263
2693 4321 6254
2694 4325 6250
2695 4337 6238
2696 4346 6229
2697 4356 6219
2698 4372 6203
2699 4372 6203
2700 4360 6215
2701 4390 6185
2702 4392 6183
2703 4386 6189
2704 4379 6196
2705 4389 6186
2706 4362 6213
2707 4354 6221
2708 4338 6237
2709 4356 6219
2710 4362 6213
2711 4378 6197
2712 4378 6197
2713 4356 6219
2714 4399 6176
2715 4381 6194
2716 4389 6186
2717 4382 6193
2718 4389 6186
2719 4384 6191
2720 4371 6204
2721 4352 6223
2722 4342 6233
2723 4337 6238
2724 4336 6239
2725 4345 6230
2726 4351 6224
2727 4365 6210
2728 4344 6231
2729 4315 6260
2730 4326 6249
2731 4317 6258
2732 4315 6260
2733 4342 6233
2734 4352 6223
2735 4328 6247
2736 4331 6244
2737 4321 6254
2738 4313 6262
2739 4323 6252
2740 4297 6278
2741 4285 6290
2742 4284 6291
2743 4286 6289
2744 4287 6288
2745 4308 6267
2746 4313 6262
2747 4321 6254
2748 4338 6237
2749 4324 6251
2750 4340 6235
2751 4321 6254
2752 4342 6233
2753 4347 6228
2754 4325 6250
2755 4328 6247
2756 4337 6238
2757 4335 6240
2758 4329 6246
2759 4307 6268
2760 4326 6249
2761 4309 6266
2762 4283 6292
2763 4262 6313
2764 4253 6322
2765 4266 6309
2766 4272 6303
2767 4260 6315
2768 4262 6313
2769 4299 6276
2770 4312 6263
2771 4297 6278
2772 4288 6287
2773 4295 6280
2774 4286 6289
2775 4291 6284
2776 4325 6250
2777 4322 6253
2778 4313 6262
2779 4307 6268
2780 4280 6295
2781 4307 6268
2782 4310 6265
2783 4307 6268
2784 4322 6253
2785 4355 6220
2786 4319 6256
2787 4341 6234
2788 4327 6248
2789 4309 6266
2790 4260 6315
2791 4274 6301
2792 4252 6323
2793 4265 6310
2794 4238 6337
2795 4252 6323
2796 4263 6312
2797 4244 6331
2798 4239 6336
2799 4230 6345
2800 4229 6346
2801 4224 6351
2802 4224 6351
2803 4235 6340
2804 4244 6331
2805 4247 6328
2806 4242 6333
2807 4240 6335
2808 4226 6349
2809 4250 6325
2810 4248 6327
2811 4289 6286
2812 4295 6280
2813 4308 6267
2814 4302 6273
2815 4307 6268
2816 4310 6265
2817 4320 6255
2818 4319 6256
2819 4306 6269
2820 4284 6291
2821 4305 6270
2822 4327 6248
2823 4313 6262
2824 4339 6236
2825 4325 6250
2826 4326 6249
2827 4311 6264
2828 4293 6282
2829 4305 6270
2830 4316 6259
2831 4338 6237
2832 4323 6252
2833 4296 6279
2834 4303 6272
2835 4305 6270
2836 4294 6281
2837 4303 6272
2838 4281 6294
2839 4281 6294
2840 4291 6284
2841 4290 6285
2842 4291 6284
2843 4321 6254
2844 4281 6294
2845 4298 6277
2846 4313 6262
2847 4305 6270
2848 4294 6281
2849 4274 6301
2850 4300 6275
2851 4300 6275
2852 4307 6268
2853 4272 6303
2854 4310 6265
2855 4329 6246
2856 4365 6210
2857 4349 6226
2858 4317 6258
2859 4316 6259
2860 4325 6250
2861 4324 6251
2862 4331 6244
2863 4320 6255
2864 4341 6234
2865 4337 6238
2866 4327 6248
2867 4351 6224
2868 4323 6252
2869 4321 6254
2870 4297 6278
2871 4299 6276
2872 4304 6271
2873 4313 6262
2874 4297 6278
2875 4286 6289
2876 4301 6274
2877 4280 6295
2878 4289 6286
2879 4300 6275
2880 4311 6264
2881 4308 6267
2882 4323 6252
2883 4311 6264
2884 4313 6262
2885 4343 6232
2886 4351 6224
2887 4368 6207
2888 4329 6246
2889 4329 6246
2890 4323 6252
2891 4344 6231
2892 4341 6234
2893 4341 6234
2894 4316 6259
2895 4329 6246
2896 4317 6258
2897 4326 6249
2898 4327 6248
2899 4353 6222
2900 4337 6238
2901 4349 6226
2902 4361 6214
2903 4361 6214
2904 4352 6223
2905 4365 6210
2906 4387 6188
2907 4401 6174
2908 4415 6160
2909 4396 6179
2910 4378 6197
2911 4357 6218
2912 4352 6223
2913 4365 6210
2914 4350 6225
2915 4341 6234
2916 4325 6250
2917 4341 6234
2918 4364 6211
2919 4345 6230
2920 4316 6259
2921 4303 6272
2922 4323 6252
2923 4300 6275
2924 4293 6282
2925 4281 6294
2926 4300 6275
2927 4267 6308
2928 4288 6287
2929 4308 6267
2930 4331 6244
2931 4349 6226
2932 4372 6203
2933 4382 6193
2934 4361 6214
2935 4355 6220
2936 4364 6211
2937 4372 6203
2938 4401 6174
2939 4387 6188
2940 4378 6197
2941 4366 6209
2942 4353 6222
2943 4370 6205
2944 4381 6194
2945 4390 6185
2946 4376 6199
2947 4342 6233
2948 4369 6206
2949 4363 6212
2950 4343 6232
2951 4349 6226
2952 4371 6204
2953 4345 6230
2954 4329 6246
2955 4329 6246
2956 4364 6211
2957 4378 6197
2958 4371 6204
2959 4400 6175
2960 4384 6191
2961 4384 6191
2962 4386 6189
2963 4371 6204
2964 4359 6216
2965 4323 6252
2966 4330 6245
2967 4324 6251
2968 4310 6265
2969 4334 6241
2970 4319 6256
2971 4320 6255
2972 4332 6243
2973 4310 6265
2974 4304 6271
2975 4319 6256
2976 4312 6263
2977 4292 6283
2978 4288 6287
2979 4290 6285
2980 4289 6286
2981 4282 6293
2982 4283 6292
2983 4255 6320
2984 4287 6288
2985 4312 6263
2986 4316 6259
2987 4308 6267
2988 4324 6251
2989 4300 6275
2990 4303 6272
2991 4278 6297
2992 4279 6296
2993 4290 6285
2994 4279 6296
2995 4265 6310
2996 4249 6326
2997 4248 6327
2998 4263 6312
2999 4246 6329
3000 4245 6330
