0 1979 195 0 0 0 0 0 0 0 0 0 0 0 0 0 0
1 11646 195 195 0 0 0 0 0 0 0 0 0 0 0 0 0
2 11646 195 195 0 0 0 0 0 0 0 0 0 0 0 0 0
3 11652 192 192 0 0 0 0 0 0 0 0 0 0 0 0 0
4 11656 190 190 0 0 0 0 0 0 0 0 0 0 0 0 0
5 11646 195 195 0 0 0 0 0 0 0 0 0 0 0 0 0
6 11646 195 195 0 0 0 0 0 0 0 0 0 0 0 0 0
7 11644 196 196 0 0 0 0 0 0 0 0 0 0 0 0 0
8 11644 196 196 0 0 0 0 0 0 0 0 0 0 0 0 0
9 11636 200 200 0 0 0 0 0 0 0 0 0 0 0 0 0
10 11642 197 197 0 0 0 0 0 0 0 0 0 0 0 0 0
11 11640 198 198 0 0 0 0 0 0 0 0 0 0 0 0 0
12 11642 197 197 0 0 0 0 0 0 0 0 0 0 0 0 0
13 11644 196 196 0 0 0 0 0 0 0 0 0 0 0 0 0
14 11643 196 196 1 0 0 0 0 0 0 0 0 0 0 0 0
15 11639 198 198 1 0 0 0 0 0 0 0 0 0 0 0 0
16 11637 199 199 1 0 0 0 0 0 0 0 0 0 0 0 0
17 11641 197 197 1 0 0 0 0 0 0 0 0 0 0 0 0
18 11639 198 198 1 0 0 0 0 0 0 0 0 0 0 0 0
19 11639 198 198 1 0 0 0 0 0 0 0 0 0 0 0 0
20 11639 198 198 1 0 0 0 0 0 0 0 0 0 0 0 0
21 11641 197 197 1 0 0 0 0 0 0 0 0 0 0 0 0
22 11639 198 198 1 0 0 0 0 0 0 0 0 0 0 0 0
23 11641 197 197 1 0 0 0 0 0 0 0 0 0 0 0 0
24 11637 199 199 1 0 0 0 0 0 0 0 0 0 0 0 0
25 11637 199 199 1 0 0 0 0 0 0 0 0 0 0 0 0
26 11643 196 196 1 0 0 0 0 0 0 0 0 0 0 0 0
27 11643 196 196 1 0 0 0 0 0 0 0 0 0 0 0 0
28 11639 198 198 1 0 0 0 0 0 0 0 0 0 0 0 0
29 11637 199 199 1 0 0 0 0 0 0 0 0 0 0 0 0
30 11631 202 202 1 0 0 0 0 0 0 0 0 0 0 0 0
31 11626 204 204 2 0 0 0 0 0 0 0 0 0 0 0 0
32 11628 203 203 2 0 0 0 0 0 0 0 0 0 0 0 0
33 11624 205 205 2 0 0 0 0 0 0 0 0 0 0 0 0
34 11620 207 207 2 0 0 0 0 0 0 0 0 0 0 0 0
35 11617 208 208 3 0 0 0 0 0 0 0 0 0 0 0 0
36 11607 213 213 3 0 0 0 0 0 0 0 0 0 0 0 0
37 11609 212 212 3 0 0 0 0 0 0 0 0 0 0 0 0
38 11601 216 216 3 0 0 0 0 0 0 0 0 0 0 0 0
39 11583 225 225 3 0 0 0 0 0 0 0 0 0 0 0 0
40 11579 227 227 3 0 0 0 0 0 0 0 0 0 0 0 0
41 11575 229 229 3 0 0 0 0 0 0 0 0 0 0 0 0
42 11571 231 231 3 0 0 0 0 0 0 0 0 0 0 0 0
43 11557 238 238 3 0 0 0 0 0 0 0 0 0 0 0 0
44 11543 245 245 3 0 0 0 0 0 0 0 0 0 0 0 0
45 11537 248 248 3 0 0 0 0 0 0 0 0 0 0 0 0
46 11535 249 249 3 0 0 0 0 0 0 0 0 0 0 0 0
47 11529 252 252 3 0 0 0 0 0 0 0 0 0 0 0 0
48 11523 255 255 3 0 0 0 0 0 0 0 0 0 0 0 0
49 11518 257 257 4 0 0 0 0 0 0 0 0 0 0 0 0
50 11505 263 263 5 0 0 0 0 0 0 0 0 0 0 0 0
51 11495 268 268 5 0 0 0 0 0 0 0 0 0 0 0 0
52 11491 270 270 5 0 0 0 0 0 0 0 0 0 0 0 0
53 11482 274 274 6 0 0 0 0 0 0 0 0 0 0 0 0
54 11476 277 277 6 0 0 0 0 0 0 0 0 0 0 0 0
55 11468 281 281 6 0 0 0 0 0 0 0 0 0 0 0 0
56 11447 291 291 7 0 0 0 0 0 0 0 0 0 0 0 0
57 11439 295 295 7 0 0 0 0 0 0 0 0 0 0 0 0
58 11425 302 302 7 0 0 0 0 0 0 0 0 0 0 0 0
59 11419 305 305 7 0 0 0 0 0 0 0 0 0 0 0 0
60 11401 314 314 7 0 0 0 0 0 0 0 0 0 0 0 0
61 11383 323 323 7 0 0 0 0 0 0 0 0 0 0 0 0
62 11376 326 326 8 0 0 0 0 0 0 0 0 0 0 0 0
63 11368 330 330 8 0 0 0 0 0 0 0 0 0 0 0 0
64 11352 337 337 10 0 0 0 0 0 0 0 0 0 0 0 0
65 11342 342 342 10 0 0 0 0 0 0 0 0 0 0 0 0
66 11334 346 346 10 0 0 0 0 0 0 0 0 0 0 0 0
67 11330 348 348 10 0 0 0 0 0 0 0 0 0 0 0 0
68 11316 355 355 10 0 0 0 0 0 0 0 0 0 0 0 0
69 11311 357 357 11 0 0 0 0 0 0 0 0 0 0 0 0
70 11303 361 361 11 0 0 0 0 0 0 0 0 0 0 0 0
71 11295 365 365 11 0 0 0 0 0 0 0 0 0 0 0 0
72 11277 374 374 11 0 0 0 0 0 0 0 0 0 0 0 0
73 11263 381 381 11 0 0 0 0 0 0 0 0 0 0 0 0
74 11251 386 386 13 0 0 0 0 0 0 0 0 0 0 0 0
75 11236 393 393 14 0 0 0 0 0 0 0 0 0 0 0 0
76 11228 397 397 14 0 0 0 0 0 0 0 0 0 0 0 0
77 11221 400 400 15 0 0 0 0 0 0 0 0 0 0 0 0
78 11221 400 400 15 0 0 0 0 0 0 0 0 0 0 0 0
79 11213 404 404 15 0 0 0 0 0 0 0 0 0 0 0 0
80 11201 410 410 15 0 0 0 0 0 0 0 0 0 0 0 0
81 11192 414 414 16 0 0 0 0 0 0 0 0 0 0 0 0
82 11184 418 418 16 0 0 0 0 0 0 0 0 0 0 0 0
83 11178 421 421 16 0 0 0 0 0 0 0 0 0 0 0 0
84 11168 426 426 16 0 0 0 0 0 0 0 0 0 0 0 0
85 11151 434 434 17 0 0 0 0 0 0 0 0 0 0 0 0
86 11146 436 436 18 0 0 0 0 0 0 0 0 0 0 0 0
87 11136 441 441 18 0 0 0 0 0 0 0 0 0 0 0 0
88 11136 441 441 18 0 0 0 0 0 0 0 0 0 0 0 0
89 11132 443 443 18 0 0 0 0 0 0 0 0 0 0 0 0
90 11125 447 447 17 0 0 0 0 0 0 0 0 0 0 0 0
91 11121 449 449 17 0 0 0 0 0 0 0 0 0 0 0 0
92 11110 454 454 18 0 0 0 0 0 0 0 0 0 0 0 0
93 11099 459 459 19 0 0 0 0 0 0 0 0 0 0 0 0
94 11099 459 459 19 0 0 0 0 0 0 0 0 0 0 0 0
95 11092 463 463 18 0 0 0 0 0 0 0 0 0 0 0 0
96 11087 465 465 19 0 0 0 0 0 0 0 0 0 0 0 0
97 11074 471 471 20 0 0 0 0 0 0 0 0 0 0 0 0
98 11072 471 471 22 0 0 0 0 0 0 0 0 0 0 0 0
99 11066 474 474 22 0 0 0 0 0 0 0 0 0 0 0 0
100 11058 478 478 22 0 0 0 0 0 0 0 0 0 0 0 0
101 11056 479 479 22 0 0 0 0 0 0 0 0 0 0 0 0
102 11058 478 478 22 0 0 0 0 0 0 0 0 0 0 0 0
103 11047 483 483 23 0 0 0 0 0 0 0 0 0 0 0 0
104 11048 482 482 24 0 0 0 0 0 0 0 0 0 0 0 0
105 11041 486 486 23 0 0 0 0 0 0 0 0 0 0 0 0
106 11035 489 489 23 0 0 0 0 0 0 0 0 0 0 0 0
107 11028 492 492 24 0 0 0 0 0 0 0 0 0 0 0 0
108 11024 494 494 24 0 0 0 0 0 0 0 0 0 0 0 0
109 11018 497 497 24 0 0 0 0 0 0 0 0 0 0 0 0
110 11008 502 502 24 0 0 0 0 0 0 0 0 0 0 0 0
111 11009 502 502 23 0 0 0 0 0 0 0 0 0 0 0 0
112 11005 504 504 23 0 0 0 0 0 0 0 0 0 0 0 0
113 11003 505 505 23 0 0 0 0 0 0 0 0 0 0 0 0
114 11003 505 505 23 0 0 0 0 0 0 0 0 0 0 0 0
115 11011 501 500 22 0 0 1 0 0 0 0 1 0 0 0 0
116 11005 504 503 22 0 0 1 0 0 0 0 1 0 0 0 0
117 11011 502 501 20 0 0 1 0 0 0 0 1 0 0 0 0
118 11009 503 502 20 0 0 1 0 0 0 0 1 0 0 0 0
119 10993 511 510 20 0 0 1 0 0 0 0 1 0 0 0 0
120 10989 513 512 20 0 0 1 0 0 0 0 1 0 0 0 0
121 10982 516 515 21 0 0 1 0 0 0 0 1 0 0 0 0
122 10981 516 515 22 0 0 1 0 0 0 0 1 0 0 0 0
123 10973 520 519 22 0 0 1 0 0 0 0 1 0 0 0 0
124 10973 520 519 22 0 0 1 0 0 0 0 1 0 0 0 0
125 10964 524 523 23 0 0 1 0 0 0 0 1 0 0 0 0
126 10957 527 526 24 0 0 1 0 0 0 0 1 0 0 0 0
127 10951 530 529 24 0 0 1 0 0 0 0 1 0 0 0 0
128 10947 532 531 24 0 0 1 0 0 0 0 1 0 0 0 0
129 10934 538 537 25 0 0 1 0 0 0 0 1 0 0 0 0
130 10929 540 539 26 0 0 1 0 0 0 0 1 0 0 0 0
131 10921 544 543 26 0 0 1 0 0 0 0 1 0 0 0 0
132 10919 545 544 26 0 0 1 0 0 0 0 1 0 0 0 0
133 10913 548 547 26 0 0 1 0 0 0 0 1 0 0 0 0
134 10918 545 544 27 0 0 1 0 0 0 0 1 0 0 0 0
135 10915 546 545 28 0 0 1 0 0 0 0 1 0 0 0 0
136 10918 545 544 27 0 0 1 0 0 0 0 1 0 0 0 0
137 10910 548 547 29 0 0 1 0 0 0 0 1 0 0 0 0
138 10900 553 552 29 0 0 1 0 0 0 0 1 0 0 0 0
139 10898 554 552 28 0 0 2 0 0 0 0 2 0 0 0 0
140 10894 556 554 28 0 0 2 0 0 0 0 2 0 0 0 0
141 10890 558 556 28 0 0 2 0 0 0 0 2 0 0 0 0
142 10886 560 558 28 0 0 2 0 0 0 0 2 0 0 0 0
143 10883 562 560 27 0 0 2 0 0 0 0 2 0 0 0 0
144 10881 563 561 27 0 0 2 0 0 0 0 2 0 0 0 0
145 10875 566 564 27 0 0 2 0 0 0 0 2 0 0 0 0
146 10876 566 564 26 0 0 2 0 0 0 0 2 0 0 0 0
147 10863 573 571 25 0 0 2 0 0 0 0 2 0 0 0 0
148 10877 566 564 25 0 0 2 0 0 0 0 2 0 0 0 0
149 10873 568 566 25 0 0 2 0 0 0 0 2 0 0 0 0
150 10872 568 566 26 0 0 2 0 0 0 0 2 0 0 0 0
151 10866 571 569 26 0 0 2 0 0 0 0 2 0 0 0 0
152 10862 573 571 26 0 0 2 0 0 0 0 2 0 0 0 0
153 10850 579 577 26 0 0 2 0 0 0 0 2 0 0 0 0
154 10854 577 575 26 0 0 2 0 0 0 0 2 0 0 0 0
155 10858 575 573 26 0 0 2 0 0 0 0 2 0 0 0 0
156 10858 575 573 26 0 0 2 0 0 0 0 2 0 0 0 0
157 10854 577 575 26 0 0 2 0 0 0 0 2 0 0 0 0
158 10852 578 576 26 0 0 2 0 0 0 0 2 0 0 0 0
159 10849 579 577 27 0 0 2 0 0 0 0 2 0 0 0 0
160 10845 580 578 29 0 0 2 0 0 0 0 2 0 0 0 0
161 10849 578 576 29 0 0 2 0 0 0 0 2 0 0 0 0
162 10844 580 578 30 0 0 2 0 0 0 0 2 0 0 0 0
163 10838 583 581 30 0 0 2 0 0 0 0 2 0 0 0 0
164 10835 585 583 29 0 0 2 0 0 0 0 2 0 0 0 0
165 10829 588 586 29 0 0 2 0 0 0 0 2 0 0 0 0
166 10824 590 588 30 0 0 2 0 0 0 0 2 0 0 0 0
167 10817 593 591 31 0 0 2 0 0 0 0 2 0 0 0 0
168 10810 596 594 32 0 0 2 0 0 0 0 2 0 0 0 0
169 10813 595 593 31 0 0 2 0 0 0 0 2 0 0 0 0
170 10814 595 593 30 0 0 2 0 0 0 0 2 0 0 0 0
171 10807 598 596 31 0 0 2 0 0 0 0 2 0 0 0 0
172 10811 596 594 31 0 0 2 0 0 0 0 2 0 0 0 0
173 10811 596 594 31 0 0 2 0 0 0 0 2 0 0 0 0
174 10805 599 597 31 0 0 2 0 0 0 0 2 0 0 0 0
175 10802 601 598 29 0 0 3 0 0 0 0 3 0 0 0 0
176 10802 601 597 28 0 0 4 0 0 0 0 4 0 0 0 0
177 10802 602 598 26 0 0 4 0 0 0 0 4 0 0 0 0
178 10789 608 604 27 0 0 4 0 0 0 0 4 0 0 0 0
179 10787 609 605 27 0 0 4 0 0 0 0 4 0 0 0 0
180 10795 605 601 27 0 0 4 0 0 0 0 4 0 0 0 0
181 10794 605 601 28 0 0 4 0 0 0 0 4 0 0 0 0
182 10802 601 597 28 0 0 4 0 0 0 0 4 0 0 0 0
183 10802 601 597 28 0 0 4 0 0 0 0 4 0 0 0 0
184 10812 596 592 28 0 0 4 0 0 0 0 4 0 0 0 0
185 10813 596 592 27 0 0 4 0 0 0 0 4 0 0 0 0
186 10824 590 586 28 0 0 4 0 0 0 0 4 0 0 0 0
187 10825 589 585 29 0 0 4 0 0 0 0 4 0 0 0 0
188 10829 587 583 29 0 0 4 0 0 0 0 4 0 0 0 0
189 10820 591 587 30 0 0 4 0 0 0 0 4 0 0 0 0
190 10818 593 589 28 0 0 4 0 0 0 0 4 0 0 0 0
191 10812 596 592 28 0 0 4 0 0 0 0 4 0 0 0 0
192 10824 590 586 28 0 0 4 0 0 0 0 4 0 0 0 0
193 10821 591 587 29 0 0 4 0 0 0 0 4 0 0 0 0
194 10819 592 588 29 0 0 4 0 0 0 0 4 0 0 0 0
195 10820 591 587 30 0 0 4 0 0 0 0 4 0 0 0 0
196 10817 592 588 31 0 0 4 0 0 0 0 4 0 0 0 0
197 10819 591 587 31 0 0 4 0 0 0 0 4 0 0 0 0
198 10815 592 589 32 0 0 4 0 0 1 0 3 0 0 0 0
199 10821 589 586 32 0 0 4 0 0 1 0 3 0 0 0 0
200 10824 588 585 31 0 0 4 0 0 1 0 3 0 0 0 0
201 10823 588 585 32 0 0 4 0 0 1 0 3 0 0 0 0
202 10815 592 589 32 0 0 4 0 0 1 0 3 0 0 0 0
203 10815 593 590 30 0 0 4 0 0 1 0 3 0 0 0 0
204 10807 597 594 30 0 0 4 0 0 1 0 3 0 0 0 0
205 10815 593 590 30 0 0 4 0 0 1 0 3 0 0 0 0
206 10821 590 587 30 0 0 4 0 0 1 0 3 0 0 0 0
207 10821 590 587 30 0 0 4 0 0 1 0 3 0 0 0 0
208 10820 591 587 28 0 0 5 0 0 1 0 4 0 0 0 0
209 10817 592 588 29 0 0 5 0 0 1 0 4 0 0 0 0
210 10819 590 587 30 0 0 5 0 0 2 0 3 0 0 0 0
211 10816 591 588 31 0 0 5 0 0 2 0 3 0 0 0 0
212 10822 588 585 31 0 0 5 0 0 2 0 3 0 0 0 0
213 10817 590 587 32 0 0 5 0 0 2 0 3 0 0 0 0
214 10814 591 588 33 0 0 5 0 0 2 0 3 0 0 0 0
215 10814 591 588 33 0 0 5 0 0 2 0 3 0 0 0 0
216 10809 593 590 34 0 0 5 0 0 2 0 3 0 0 0 0
217 10808 593 590 35 0 0 5 0 0 2 0 3 0 0 0 0
218 10802 596 593 35 0 0 5 0 0 2 0 3 0 0 0 0
219 10798 598 595 35 0 0 5 0 0 2 0 3 0 0 0 0
220 10798 598 595 35 0 0 5 0 0 2 0 3 0 0 0 0
221 10790 602 599 35 0 0 5 0 0 2 0 3 0 0 0 0
222 10784 605 602 35 0 0 5 0 0 2 0 3 0 0 0 0
223 10777 609 606 34 0 0 5 0 0 2 0 3 0 0 0 0
224 10776 609 606 35 0 0 5 0 0 2 0 3 0 0 0 0
225 10770 612 609 35 0 0 5 0 0 2 0 3 0 0 0 0
226 10759 616 613 38 0 0 5 0 0 2 0 3 0 0 0 0
227 10761 614 611 40 0 0 5 0 0 2 0 3 0 0 0 0
228 10761 614 611 40 0 0 5 0 0 2 0 3 0 0 0 0
229 10762 614 610 38 0 0 6 0 0 2 0 4 0 0 0 0
230 10760 615 611 38 0 0 6 0 0 2 0 4 0 0 0 0
231 10755 618 614 37 0 0 6 0 0 2 0 4 0 0 0 0
232 10759 616 612 37 0 0 6 0 0 2 0 4 0 0 0 0
233 10755 618 614 37 0 0 6 0 0 2 0 4 0 0 0 0
234 10750 621 617 36 0 0 6 0 0 2 0 4 0 0 0 0
235 10747 622 618 37 0 0 6 0 0 2 0 4 0 0 0 0
236 10741 625 620 36 0 0 7 0 0 2 0 5 0 0 0 0
237 10740 626 621 35 0 0 7 0 0 2 0 5 0 0 0 0
238 10718 636 631 37 0 0 7 0 0 2 0 5 0 0 0 0
239 10712 640 635 35 0 0 7 0 0 2 0 5 0 0 0 0
240 10704 644 639 35 0 0 7 0 0 2 0 5 0 0 0 0
241 10686 653 648 35 0 0 7 0 0 2 0 5 0 0 0 0
242 10684 654 649 35 0 0 7 0 0 2 0 5 0 0 0 0
243 10683 655 650 34 0 0 7 0 0 2 0 5 0 0 0 0
244 10678 658 653 33 0 0 7 0 0 2 0 5 0 0 0 0
245 10676 659 654 33 0 0 7 0 0 2 0 5 0 0 0 0
246 10655 669 663 33 0 0 8 0 0 2 0 6 0 0 0 0
247 10645 674 667 32 0 0 9 0 0 2 0 7 0 0 0 0
248 10642 676 669 31 0 0 9 0 0 2 0 7 0 0 0 0
249 10637 678 671 32 0 0 9 0 0 2 0 7 0 0 0 0
250 10626 683 676 33 0 0 9 0 0 2 0 7 0 0 0 0
251 10624 683 676 35 0 0 9 0 0 2 0 7 0 0 0 0
252 10617 686 679 36 0 0 9 0 0 2 0 7 0 0 0 0
253 10615 687 680 36 0 0 9 0 0 2 0 7 0 0 0 0
254 10598 695 688 37 0 0 9 0 0 2 0 7 0 0 0 0
255 10586 701 693 36 0 0 10 0 0 2 0 8 0 0 0 0
256 10570 708 700 38 0 0 10 0 0 2 0 8 0 0 0 0
257 10567 710 702 37 0 0 10 0 0 2 0 8 0 0 0 0
258 10552 717 709 38 0 0 10 0 0 2 0 8 0 0 0 0
259 10539 722 714 41 0 0 10 0 0 2 0 8 0 0 0 0
260 10513 735 727 41 0 0 10 0 0 2 0 8 0 0 0 0
261 10496 743 735 42 0 0 10 0 0 2 0 8 0 0 0 0
262 10486 749 740 39 0 0 11 0 0 2 0 9 0 0 0 0
263 10476 753 744 41 0 0 11 0 0 2 0 9 0 0 0 0
264 10461 758 749 44 0 0 11 1 0 2 0 10 0 0 0 0
265 10452 760 751 49 0 0 11 1 0 2 0 10 0 0 0 0
266 10432 769 759 50 0 0 12 1 0 2 0 11 0 0 0 0
267 10416 777 767 50 0 0 12 1 0 2 0 11 0 0 0 0
268 10386 792 781 49 0 0 13 1 0 2 0 12 0 0 0 0
269 10371 799 788 50 0 0 13 1 0 2 0 12 0 0 0 0
270 10374 796 786 52 0 0 13 1 0 3 0 11 0 0 0 0
271 10367 799 789 53 0 0 13 1 0 3 0 11 0 0 0 0
272 10355 804 794 55 0 0 13 1 0 3 0 11 0 0 0 0
273 10337 813 803 55 0 0 13 1 0 3 0 11 0 0 0 0
274 10334 815 805 54 0 0 13 1 0 3 0 11 0 0 0 0
275 10326 819 809 54 0 0 13 1 0 3 0 11 0 0 0 0
276 10318 822 812 56 0 0 13 1 0 3 0 11 0 0 0 0
277 10307 828 818 55 0 0 13 1 0 3 0 11 0 0 0 0
278 10296 833 823 56 0 0 13 1 0 3 0 11 0 0 0 0
279 10290 836 826 56 0 0 13 1 0 3 0 11 0 0 0 0
280 10280 839 828 59 0 0 14 1 0 3 0 12 0 0 0 0
281 10286 836 825 59 0 0 14 1 0 3 0 12 0 0 0 0
282 10269 843 832 62 0 0 14 1 0 3 0 12 0 0 0 0
283 10258 848 837 63 0 0 14 1 0 3 0 12 0 0 0 0
284 10252 850 839 65 0 0 14 1 0 3 0 12 0 0 0 0
285 10244 854 843 65 0 0 14 1 0 3 0 12 0 0 0 0
286 10231 859 848 68 0 0 14 1 0 3 0 12 0 0 0 0
287 10224 862 851 69 0 0 14 1 0 3 0 12 0 0 0 0
288 10217 866 855 68 0 0 14 1 0 3 0 12 0 0 0 0
289 10210 869 858 69 0 0 14 1 0 3 0 12 0 0 0 0
290 10205 870 859 72 0 0 14 1 0 3 0 12 0 0 0 0
291 10196 874 863 73 0 0 14 1 0 3 0 12 0 0 0 0
292 10174 885 874 73 0 0 14 1 0 3 0 12 0 0 0 0
293 10161 892 881 72 0 0 14 1 0 3 0 12 0 0 0 0
294 10161 892 881 72 0 0 14 1 0 3 0 12 0 0 0 0
295 10158 893 882 73 0 0 14 1 0 3 0 12 0 0 0 0
296 10156 894 883 73 0 0 14 1 0 3 0 12 0 0 0 0
297 10154 895 884 73 0 0 14 1 0 3 0 12 0 0 0 0
298 10148 897 885 74 0 0 15 1 0 3 0 13 0 0 0 0
299 10145 898 886 75 0 0 15 1 0 3 0 13 0 0 0 0
300 10140 901 889 74 0 0 15 1 0 3 0 13 0 0 0 0
301 10141 900 888 75 0 0 15 1 0 3 0 13 0 0 0 0
302 10142 899 886 76 0 0 16 0 0 3 0 13 0 0 0 1
303 10147 897 884 75 0 0 16 0 0 3 0 13 0 0 0 1
304 10129 904 892 78 0 0 16 0 0 4 0 12 0 0 0 1
305 10121 910 898 74 0 0 16 0 0 4 0 12 0 0 0 1
306 10116 912 899 74 0 0 17 0 0 4 0 13 0 0 0 1
307 10110 915 902 74 0 0 17 0 0 4 0 13 0 0 0 1
308 10108 916 903 74 0 0 17 0 0 4 0 13 0 0 0 1
309 10106 917 904 74 0 0 17 0 0 4 0 13 0 0 0 1
310 10111 915 902 73 0 0 17 0 0 4 0 13 0 0 0 1
311 10104 918 905 74 0 0 17 0 0 4 0 13 0 0 0 1
312 10109 916 903 73 0 0 17 0 0 4 0 13 0 0 0 1
313 10105 918 905 73 0 0 17 0 0 4 0 13 0 0 0 1
314 10104 919 905 71 0 0 18 0 0 4 0 14 0 0 0 1
315 10109 916 901 71 0 0 19 0 0 4 0 15 0 0 0 1
316 10102 919 903 71 0 0 20 0 0 4 0 16 0 0 0 1
317 10111 915 899 70 0 0 20 0 0 4 0 16 0 0 0 1
318 10106 916 899 72 0 0 21 0 0 4 0 17 0 0 0 1
319 10091 923 906 73 0 0 21 0 0 4 0 17 0 0 0 1
320 10092 922 906 73 0 0 21 0 0 5 0 16 0 0 0 1
321 10085 926 910 72 0 0 21 0 0 5 0 16 0 0 0 1
322 10085 926 910 72 0 0 21 0 0 5 0 16 0 0 0 1
323 10084 927 911 71 0 0 21 0 0 5 0 16 0 0 0 1
324 10077 931 915 70 0 0 21 0 0 5 0 16 0 0 0 1
325 10084 927 911 71 0 0 21 0 0 5 0 16 0 0 0 1
326 10093 923 907 70 0 0 21 0 0 5 0 16 0 0 0 1
327 10100 920 904 69 0 0 21 0 0 5 0 16 0 0 0 1
328 10101 919 902 69 0 0 22 0 0 5 0 17 0 0 0 1
329 10096 921 904 70 0 0 22 0 0 5 0 17 0 0 0 1
330 10091 923 905 70 0 0 23 0 0 5 0 18 0 0 0 1
331 10090 923 905 71 0 0 23 0 0 5 0 18 0 0 0 1
332 10088 924 906 71 0 0 23 0 0 5 0 18 0 0 0 1
333 10079 927 909 74 0 0 23 0 0 5 0 18 0 0 0 1
334 10087 923 905 74 0 0 23 0 0 5 0 18 0 0 0 1
335 10082 926 908 73 0 0 23 0 0 5 0 18 0 0 0 1
336 10083 925 907 74 0 0 23 0 0 5 0 18 0 0 0 1
337 10083 924 906 76 0 0 23 0 0 5 0 18 0 0 0 1
338 10073 928 911 77 0 0 22 1 0 5 0 18 0 0 0 1
339 10069 930 913 77 0 0 22 1 0 5 0 18 0 0 0 1
340 10066 931 914 78 0 0 22 1 0 5 0 18 0 0 0 1
341 10067 931 914 77 0 0 22 1 0 5 0 18 0 0 0 1
342 10063 932 914 78 0 0 23 1 0 5 0 19 0 0 0 1
343 10059 934 915 77 0 0 24 1 0 5 0 20 0 0 0 1
344 10060 934 915 76 0 0 24 1 0 5 0 20 0 0 0 1
345 10057 935 916 77 0 0 24 1 0 5 0 20 0 0 0 1
346 10057 935 916 77 0 0 24 1 0 5 0 20 0 0 0 1
347 10058 935 916 76 0 0 24 1 0 5 0 20 0 0 0 1
348 10053 937 918 77 0 0 24 1 0 5 0 20 0 0 0 1
349 10059 934 915 77 0 0 24 1 0 5 0 20 0 0 0 1
350 10053 936 917 79 0 0 24 1 0 5 0 20 0 0 0 1
351 10053 936 917 79 0 0 24 1 0 5 0 20 0 0 0 1
352 10048 938 919 78 0 0 25 1 0 6 0 20 0 0 0 1
353 10040 941 921 77 0 0 27 1 0 7 0 21 0 0 0 1
354 10035 942 923 79 0 0 27 1 0 8 0 20 0 0 0 1
355 10030 944 925 80 0 0 27 1 0 8 0 20 0 0 0 1
356 10026 946 927 80 0 0 27 1 0 8 0 20 0 0 0 1
357 10019 950 932 78 0 0 27 1 0 9 0 19 0 0 0 1
358 10016 951 932 78 0 0 28 1 0 9 0 20 0 0 0 1
359 10022 947 926 78 0 0 30 1 0 9 0 22 0 0 0 1
360 10026 946 925 76 0 0 30 1 0 9 0 22 0 0 0 1
361 10041 939 918 75 0 0 30 1 0 9 0 22 0 0 0 1
362 10044 938 917 74 0 0 30 1 0 9 0 22 0 0 0 1
363 10039 940 919 75 0 0 30 1 0 9 0 22 0 0 0 1
364 10040 939 918 76 0 0 30 1 0 9 0 22 0 0 0 1
365 10041 939 918 75 0 0 30 1 0 9 0 22 0 0 0 1
366 10044 938 917 74 0 0 30 1 0 9 0 22 0 0 0 1
367 10048 934 914 77 0 0 30 1 0 10 0 21 0 0 0 1
368 10039 938 918 78 0 0 30 1 0 10 0 21 0 0 0 1
369 10031 941 922 79 0 0 30 1 0 11 0 20 0 0 0 1
370 10028 942 923 80 0 0 30 1 0 11 0 20 0 0 0 1
371 10022 945 926 80 0 0 30 1 0 11 0 20 0 0 0 1
372 10026 942 924 81 0 0 30 1 0 12 0 19 0 0 0 1
373 10026 942 924 81 0 0 30 1 0 12 0 19 0 0 0 1
374 10026 942 924 81 0 0 30 1 0 12 0 19 0 0 0 1
375 10033 939 921 80 0 0 30 1 0 12 0 19 0 0 0 1
376 10029 940 923 81 0 0 30 1 0 13 0 18 0 0 0 1
377 10034 939 922 78 0 0 30 1 0 13 0 18 0 0 0 1
378 10041 936 919 77 0 0 30 1 0 13 0 18 0 0 0 1
379 10045 934 917 77 0 0 30 1 0 13 0 18 0 0 0 1
380 10048 932 915 78 0 0 30 1 0 13 0 18 0 0 0 1
381 10038 937 920 78 0 0 30 1 0 13 0 18 0 0 0 1
382 10042 935 917 77 0 0 31 1 0 13 0 19 0 0 0 1
383 10048 932 914 77 0 0 31 1 0 13 0 19 0 0 0 1
384 10053 929 911 78 0 0 31 1 0 13 0 19 0 0 0 1
385 10053 929 911 78 0 0 31 1 0 13 0 19 0 0 0 1
386 10068 921 904 78 0 0 31 1 0 14 0 18 0 0 0 1
387 10069 920 903 79 0 0 31 1 0 14 0 18 0 0 0 1
388 10072 919 901 77 0 0 32 1 0 14 0 19 0 0 0 1
389 10071 918 902 78 0 0 32 1 0 16 0 17 0 0 0 1
390 10068 920 903 76 0 0 33 1 0 16 0 18 0 0 0 1
391 10068 920 903 76 0 0 33 1 0 16 0 18 0 0 0 1
392 10086 912 894 73 0 0 34 1 0 16 0 19 0 0 0 1
393 10087 911 893 74 0 0 34 1 0 16 0 19 0 0 0 1
394 10102 905 887 71 0 0 34 1 0 16 0 19 0 0 0 1
395 10107 901 883 74 0 0 34 1 0 16 0 19 0 0 0 1
396 10105 902 884 74 0 0 34 1 0 16 0 19 0 0 0 1
397 10106 901 883 75 0 0 34 1 0 16 0 19 0 0 0 1
398 10105 900 882 78 0 0 34 1 0 16 0 19 0 0 0 1
399 10112 896 878 79 0 0 34 1 0 16 0 19 0 0 0 1
400 10110 897 879 79 0 0 34 1 0 16 0 19 0 0 0 1
401 10101 902 884 78 0 0 34 1 0 16 0 19 0 0 0 1
402 10104 901 883 77 0 0 34 1 0 16 0 19 0 0 0 1
403 10089 908 890 78 0 0 34 1 0 16 0 19 0 0 0 1
404 10085 910 892 78 0 0 34 1 0 16 0 19 0 0 0 1
405 10071 917 899 78 0 0 34 1 0 16 0 19 0 0 0 1
406 10064 921 903 77 0 0 34 1 0 16 0 19 0 0 0 1
407 10065 921 904 75 0 0 34 1 0 17 0 18 0 0 0 1
408 10057 925 908 75 0 0 34 1 0 17 0 18 0 0 0 1
409 10062 925 908 70 0 0 34 1 0 17 0 18 0 0 0 1
410 10062 924 907 72 0 0 34 1 0 17 0 18 0 0 0 1
411 10060 925 908 72 0 0 34 1 0 17 0 18 0 0 0 1
412 10068 921 904 72 0 0 34 1 0 17 0 18 0 0 0 1
413 10078 915 898 74 0 0 34 1 0 17 0 18 0 0 0 1
414 10073 917 900 75 0 0 34 1 0 17 0 18 0 0 0 1
415 10078 915 899 73 0 0 34 1 0 18 0 17 0 0 0 1
416 10086 911 895 73 0 0 34 1 0 18 0 17 0 0 0 1
417 10080 914 898 73 0 0 34 1 0 18 0 17 0 0 0 1
418 10077 916 900 72 0 0 34 1 0 18 0 17 0 0 0 1
419 10085 913 896 69 0 0 35 1 0 18 0 18 0 0 0 1
420 10091 910 893 69 0 0 35 1 0 18 0 18 0 0 0 1
421 10086 912 895 70 0 0 35 1 0 18 0 18 0 0 0 1
422 10082 915 898 68 0 0 35 1 0 18 0 18 0 0 0 1
423 10091 913 895 62 0 0 36 1 0 18 0 19 0 0 0 1
424 10083 916 898 64 0 0 36 1 0 18 0 19 0 0 0 1
425 10071 921 904 63 0 0 35 3 0 18 0 20 0 0 0 1
426 10068 922 906 63 0 0 35 3 0 19 0 19 0 0 0 1
427 10069 921 905 64 0 0 35 3 0 19 0 19 0 0 0 1
428 10055 927 911 66 0 0 35 3 0 19 0 19 0 0 0 1
429 10038 933 917 71 0 0 35 3 0 19 0 19 0 0 0 1
430 10043 929 913 72 0 0 36 3 0 20 0 19 0 0 0 1
431 10055 924 908 70 0 0 36 3 0 20 0 19 0 0 0 1
432 10057 923 907 70 0 0 36 3 0 20 0 19 0 0 0 1
433 10051 925 909 72 0 0 36 3 0 20 0 19 0 0 0 1
434 10047 926 910 74 0 0 36 3 0 20 0 19 0 0 0 1
435 10030 935 919 73 0 0 36 3 0 20 0 19 0 0 0 1
436 10014 943 927 73 0 0 36 3 0 20 0 19 0 0 0 1
437 10015 943 927 72 0 0 36 3 0 20 0 19 0 0 0 1
438 10015 943 927 72 0 0 36 3 0 20 0 19 0 0 0 1
439 10003 949 933 72 0 0 36 3 0 20 0 19 0 0 0 1
440 9997 952 935 72 0 0 37 2 0 20 0 19 0 0 0 2
441 9988 956 938 72 0 0 38 2 0 20 0 20 0 0 0 2
442 9977 962 944 71 0 0 38 2 0 20 0 20 0 0 0 2
443 9976 962 944 72 0 0 38 2 0 20 0 20 0 0 0 2
444 9970 966 948 70 0 0 38 2 0 20 0 20 0 0 0 2
445 9936 981 962 73 0 0 39 2 0 20 0 21 0 0 0 2
446 9928 984 966 74 0 0 38 3 0 20 0 21 0 0 0 2
447 9919 988 970 75 0 0 38 3 0 20 0 21 0 0 0 2
448 9906 993 975 78 0 0 38 3 0 20 0 21 0 0 0 2
449 9891 998 980 83 0 0 38 3 0 20 0 21 0 0 0 2
450 9869 1008 989 84 0 0 39 3 0 20 0 22 0 0 0 2
451 9857 1012 993 88 0 0 39 3 0 20 0 22 0 0 0 2
452 9845 1018 999 87 0 0 39 3 0 20 0 22 0 0 0 3
453 9832 1025 1006 86 0 0 39 3 0 20 0 22 0 0 0 3
454 9818 1032 1013 86 0 0 39 3 0 20 0 22 0 0 0 3
455 9809 1035 1016 89 0 0 39 3 0 20 0 22 0 0 0 3
456 9786 1044 1025 90 0 0 40 4 0 21 0 23 0 0 0 3
457 9781 1045 1026 90 0 0 41 4 0 22 0 23 0 0 0 4
458 9779 1046 1027 90 0 0 41 4 0 22 0 23 0 0 0 4
459 9774 1048 1028 90 0 0 42 4 0 22 0 24 0 0 0 4
460 9767 1050 1031 92 0 0 42 4 0 23 0 23 0 0 0 4
461 9759 1054 1033 90 0 0 44 4 0 23 0 25 0 0 0 4
462 9748 1059 1038 91 0 0 44 4 0 23 0 25 0 0 0 4
463 9738 1063 1040 91 0 0 46 4 0 23 0 27 0 0 0 4
464 9713 1074 1051 94 0 0 46 4 0 23 0 27 0 0 0 4
465 9703 1078 1055 96 0 0 46 4 0 23 0 27 0 0 0 4
466 9697 1082 1058 91 0 0 47 5 0 23 0 29 0 0 0 4
467 9684 1088 1064 92 0 0 47 5 0 23 0 29 0 0 0 4
468 9677 1091 1067 93 0 0 47 5 0 23 0 29 0 0 0 4
469 9648 1105 1080 93 0 0 48 5 0 23 0 30 0 0 0 4
470 9645 1107 1082 90 0 0 48 6 0 23 0 31 0 0 0 4
471 9622 1117 1092 93 0 0 48 6 0 23 0 31 0 0 0 4
472 9603 1126 1099 92 0 0 50 6 0 23 0 33 0 0 0 4
473 9598 1129 1099 88 0 0 53 6 0 23 0 36 0 0 0 4
474 9579 1137 1108 90 0 0 53 6 0 24 0 35 0 0 0 4
475 9565 1145 1116 86 0 0 53 7 0 24 0 36 0 0 0 4
476 9555 1150 1121 85 0 0 53 7 0 24 0 36 0 0 0 5
477 9556 1149 1120 86 0 0 53 7 0 24 0 36 0 0 0 5
478 9537 1158 1128 88 0 0 54 6 0 24 0 36 0 0 0 5
479 9528 1161 1130 90 0 0 55 6 0 24 0 37 0 0 0 5
480 9503 1172 1143 91 0 0 54 7 0 25 0 36 0 0 0 5
481 9494 1176 1147 92 0 0 54 7 0 25 0 36 0 0 0 5
482 9486 1179 1150 94 0 0 54 7 0 25 0 36 0 0 0 5
483 9473 1185 1155 94 0 0 55 7 0 25 0 37 0 0 0 5
484 9468 1187 1157 95 0 0 55 7 0 25 0 37 0 0 0 5
485 9464 1189 1157 94 0 0 57 6 0 25 0 38 0 0 0 6
486 9454 1191 1159 100 0 0 57 6 0 25 0 38 0 0 0 6
487 9451 1194 1162 97 0 0 58 5 0 26 0 37 0 0 0 6
488 9435 1202 1170 97 0 0 58 5 0 26 0 37 0 0 0 6
489 9419 1207 1177 101 0 0 57 6 0 27 0 36 0 0 0 6
490 9420 1205 1174 103 0 0 58 6 0 27 0 37 0 0 0 6
491 9418 1206 1175 103 0 0 58 6 0 27 0 37 0 0 0 6
492 9412 1209 1178 103 0 0 58 6 0 27 0 37 0 0 0 6
493 9409 1210 1179 103 0 0 58 6 0 27 0 37 0 0 0 7
494 9410 1210 1179 102 0 0 58 6 0 27 0 37 0 0 0 7
495 9399 1214 1184 104 0 0 58 6 0 28 0 36 0 0 0 7
496 9378 1222 1190 107 0 0 60 6 0 28 0 38 0 0 0 7
497 9369 1226 1194 108 0 0 60 6 0 28 0 38 0 0 0 7
498 9366 1227 1194 108 0 0 61 6 0 28 0 39 0 0 0 7
499 9358 1230 1197 110 0 0 61 6 0 28 0 39 0 0 0 7
500 9356 1231 1198 110 0 0 61 6 0 28 0 39 0 0 0 7
501 9354 1231 1197 111 0 0 62 6 0 28 0 40 0 0 0 7
502 9358 1229 1195 111 0 0 62 6 0 28 0 40 0 0 0 7
503 9353 1229 1195 114 0 0 62 7 0 28 0 41 0 0 0 7
504 9359 1226 1190 112 0 0 65 6 0 29 0 42 0 0 0 7
505 9361 1224 1188 114 0 0 65 6 0 29 0 42 0 0 0 7
506 9355 1223 1189 120 0 0 65 6 0 31 0 40 0 0 0 7
507 9357 1220 1188 122 0 0 64 7 0 32 0 39 0 0 0 7
508 9352 1222 1191 122 0 0 64 7 0 33 0 38 0 0 0 7
509 9354 1221 1191 119 0 0 65 7 0 35 0 37 0 0 0 7
510 9357 1220 1191 115 0 0 65 8 0 36 0 37 0 0 0 7
511 9367 1215 1186 115 0 0 65 8 0 36 0 37 0 0 0 7
512 9357 1220 1192 114 0 0 64 9 0 36 0 37 0 0 0 7
513 9361 1217 1187 114 0 0 66 9 0 36 0 39 0 0 0 7
514 9361 1218 1188 112 0 0 66 9 0 36 0 39 0 0 0 7
515 9368 1214 1184 113 0 0 66 9 0 36 0 39 0 0 0 7
516 9368 1214 1183 112 0 0 67 9 0 36 0 40 0 0 0 7
517 9371 1212 1181 113 0 0 67 9 0 36 0 40 0 0 0 7
518 9376 1209 1179 113 0 0 67 9 0 37 0 39 0 0 0 7
519 9363 1215 1185 114 0 0 67 9 0 37 0 39 0 0 0 7
520 9356 1219 1188 114 0 0 68 8 0 37 0 39 0 0 0 7
521 9360 1217 1186 114 0 0 68 8 0 37 0 39 0 0 0 7
522 9356 1219 1189 113 0 0 68 8 0 38 0 38 0 0 0 7
523 9363 1214 1184 116 0 0 68 8 0 38 0 38 0 0 0 7
524 9353 1218 1188 118 0 0 68 8 0 38 0 38 0 0 0 7
525 9342 1222 1192 121 0 0 68 8 0 38 0 38 0 0 0 7
526 9350 1218 1188 119 0 0 68 9 0 38 0 39 0 0 0 7
527 9356 1213 1182 123 0 0 69 8 0 38 0 39 0 0 0 8
528 9350 1215 1184 125 0 0 69 8 0 38 0 39 0 0 0 8
529 9343 1219 1188 122 0 0 69 9 0 38 0 40 0 0 0 8
530 9334 1221 1190 127 0 0 69 9 0 38 0 40 0 0 0 8
531 9334 1220 1187 129 0 0 70 9 0 37 0 42 0 0 0 8
532 9338 1218 1184 129 0 0 71 8 0 37 0 42 0 0 0 9
533 9335 1219 1185 130 0 0 71 8 0 37 0 42 0 0 0 9
534 9329 1221 1187 130 0 0 72 8 0 38 0 42 0 0 0 9
535 9337 1219 1185 126 0 0 72 8 0 38 0 42 0 0 0 9
536 9333 1220 1186 128 0 0 72 8 0 38 0 42 0 0 0 9
537 9334 1219 1184 127 0 0 73 8 0 38 0 43 0 0 0 10
538 9337 1218 1183 126 0 0 73 8 0 38 0 43 0 0 0 10
539 9338 1217 1182 127 0 0 73 8 0 38 0 43 0 0 0 10
540 9338 1214 1179 133 0 0 73 8 0 38 0 43 0 0 0 10
541 9351 1207 1171 134 0 0 74 7 0 38 0 43 0 0 0 11
542 9354 1206 1170 133 0 0 74 7 0 38 0 43 0 0 0 11
543 9346 1210 1174 131 0 0 74 8 0 38 0 44 0 0 0 11
544 9339 1213 1175 130 0 0 76 8 0 38 0 46 0 0 0 11
545 9328 1218 1179 130 0 0 77 8 0 38 0 47 0 0 0 11
546 9337 1213 1174 131 0 0 77 8 0 38 0 47 0 0 0 11
547 9331 1216 1177 131 0 0 77 8 0 38 0 47 0 0 0 11
548 9331 1216 1176 132 0 0 77 8 0 37 0 48 0 0 0 11
549 9337 1214 1174 130 0 0 77 8 0 37 0 48 0 0 0 11
550 9336 1216 1175 126 0 0 78 8 0 37 0 49 0 0 0 11
551 9327 1220 1180 126 0 0 77 9 0 37 0 49 0 0 0 11
552 9328 1218 1178 129 0 0 77 9 0 37 0 49 0 0 0 11
553 9328 1220 1180 125 0 0 77 9 0 37 0 49 0 0 0 11
554 9327 1221 1181 124 0 0 77 9 0 37 0 49 0 0 0 11
555 9325 1222 1182 124 0 0 77 9 0 37 0 49 0 0 0 11
556 9325 1222 1184 122 0 0 77 9 0 39 0 47 0 0 0 11
557 9325 1221 1183 122 0 0 78 9 0 40 0 47 0 0 0 11
558 9325 1219 1180 125 0 0 79 9 0 40 0 48 0 0 0 11
559 9330 1216 1178 125 0 0 79 9 0 41 0 47 0 0 0 11
560 9326 1218 1180 125 0 0 79 9 0 41 0 47 0 0 0 11
561 9329 1214 1179 127 0 0 79 9 0 44 0 44 0 0 0 11
562 9327 1215 1180 127 0 0 79 9 0 44 0 44 0 0 0 11
563 9322 1216 1180 129 0 0 80 9 0 44 0 45 0 0 0 11
564 9314 1218 1184 131 0 0 80 9 0 46 0 43 0 0 0 11
565 9319 1214 1181 133 0 0 80 9 0 47 0 42 0 0 0 11
566 9307 1220 1187 133 0 0 80 9 0 47 0 42 0 0 0 11
567 9305 1220 1188 134 0 0 80 9 0 48 0 41 0 0 0 11
568 9304 1220 1186 133 0 0 82 9 0 48 0 43 0 0 0 11
569 9301 1221 1186 133 0 0 83 9 0 48 0 44 0 0 0 11
570 9301 1222 1186 132 0 0 84 8 0 48 0 44 0 0 0 11
571 9290 1227 1191 133 0 0 84 8 0 48 0 44 0 0 0 11
572 9287 1229 1192 131 0 0 85 8 0 48 0 45 0 0 0 11
573 9277 1234 1197 131 0 0 85 8 0 48 0 45 0 0 0 11
574 9282 1233 1197 127 0 0 84 9 0 48 0 45 0 0 0 11
575 9285 1231 1195 128 0 0 84 9 0 48 0 45 0 0 0 11
576 9294 1226 1190 129 0 0 84 9 0 48 0 45 0 0 0 11
577 9302 1223 1186 128 0 0 85 8 0 48 0 45 0 0 0 11
578 9294 1226 1189 130 0 0 85 8 0 48 0 45 0 0 0 11
579 9291 1228 1191 129 0 0 85 8 0 48 0 45 0 0 0 11
580 9285 1231 1194 129 0 0 85 8 0 48 0 45 0 0 0 11
581 9282 1232 1195 130 0 0 85 8 0 48 0 45 0 0 0 11
582 9288 1230 1193 128 0 0 85 8 0 48 0 45 0 0 0 11
583 9297 1226 1189 127 0 0 85 8 0 48 0 45 0 0 0 11
584 9303 1221 1184 131 0 0 85 8 0 48 0 45 0 0 0 11
585 9314 1216 1179 130 0 0 85 8 0 48 0 45 0 0 0 11
586 9333 1207 1171 128 0 0 85 8 0 49 0 44 0 0 0 11
587 9336 1205 1170 126 0 0 85 9 0 50 0 44 0 0 0 11
588 9341 1204 1170 122 0 0 85 9 0 51 0 43 0 0 0 11
589 9365 1191 1157 123 0 0 86 8 0 52 0 42 0 0 0 12
590 9369 1189 1155 123 0 0 86 8 0 52 0 42 0 0 0 12
591 9379 1184 1149 122 0 0 87 8 0 52 0 43 0 0 0 12
592 9371 1190 1154 119 0 0 88 7 0 52 0 43 0 0 0 12
593 9365 1190 1155 124 0 0 88 7 0 53 0 42 0 0 0 12
594 9387 1179 1145 122 0 0 89 6 0 55 0 40 0 0 0 13
595 9393 1175 1141 124 0 0 89 6 0 55 0 40 0 0 0 13
596 9387 1178 1143 123 0 0 90 6 0 55 0 41 0 0 0 13
597 9386 1178 1143 124 0 0 90 6 0 55 0 41 0 0 0 13
598 9368 1187 1150 122 0 0 92 6 0 55 0 43 0 0 0 13
599 9367 1188 1151 121 0 0 92 6 0 55 0 43 0 0 0 13
600 9361 1191 1154 121 0 0 92 6 0 55 0 43 0 0 0 13
601 9353 1194 1159 121 0 0 91 7 0 56 0 42 0 0 0 13
602 9348 1197 1162 120 0 0 91 7 0 56 0 42 0 0 0 13
603 9343 1200 1165 119 0 0 91 7 0 56 0 42 0 0 0 13
604 9345 1197 1162 123 0 0 91 7 0 56 0 42 0 0 0 13
605 9340 1201 1166 120 0 0 91 7 0 56 0 42 0 0 0 13
606 9347 1196 1162 122 0 0 91 7 0 57 0 41 0 0 0 13
607 9353 1192 1159 123 0 0 91 7 0 58 0 40 0 0 0 13
608 9360 1189 1156 120 0 0 91 8 0 58 0 41 0 0 0 13
609 9361 1188 1156 120 0 0 91 8 0 59 0 40 0 0 0 13
610 9358 1188 1156 123 0 0 91 8 0 59 0 40 0 0 0 13
611 9364 1186 1154 121 0 0 91 8 0 59 0 40 0 0 0 13
612 9362 1187 1155 121 0 0 91 8 0 59 0 40 0 0 0 13
613 9367 1184 1152 122 0 0 92 7 0 60 0 39 0 0 0 13
614 9366 1186 1153 118 0 0 93 7 0 60 0 40 0 0 0 13
615 9363 1187 1154 119 0 0 93 7 0 60 0 40 0 0 0 13
616 9365 1185 1152 121 0 0 93 7 0 60 0 40 0 0 0 13
617 9369 1183 1150 121 0 0 93 7 0 60 0 40 0 0 0 13
618 9355 1189 1155 124 0 0 94 6 0 60 0 40 0 0 0 13
619 9368 1183 1149 123 0 0 94 6 0 60 0 40 0 0 0 13
620 9371 1182 1147 121 0 0 95 6 0 60 0 41 0 0 0 13
621 9371 1184 1149 117 0 0 95 6 0 60 0 41 0 0 0 13
622 9384 1178 1143 116 0 0 95 6 0 60 0 41 0 0 0 13
623 9394 1173 1137 116 0 0 96 5 0 60 0 41 0 0 0 14
624 9394 1173 1138 115 0 0 96 5 0 61 0 40 0 0 0 14
625 9403 1167 1131 119 0 0 97 4 0 61 0 40 0 0 0 14
626 9404 1168 1132 114 0 0 97 5 0 61 0 41 0 0 0 14
627 9399 1168 1132 117 0 0 98 5 0 62 0 41 0 0 0 14
628 9389 1172 1136 119 0 0 98 5 0 62 0 41 0 0 0 14
629 9370 1181 1145 120 0 0 98 5 0 62 0 41 0 0 0 14
630 9369 1182 1146 117 0 0 99 5 0 63 0 41 0 0 0 14
631 9368 1183 1146 115 0 0 100 5 0 63 0 42 0 0 0 14
632 9369 1182 1145 116 0 0 100 5 0 63 0 42 0 0 0 14
633 9355 1190 1152 115 0 0 100 5 0 62 0 43 0 0 0 14
634 9340 1196 1158 118 0 0 100 5 0 62 0 43 0 0 0 14
635 9337 1197 1159 119 0 0 100 5 0 62 0 43 0 0 0 14
636 9323 1203 1166 118 0 0 99 7 0 62 0 44 0 0 0 14
637 9314 1207 1170 119 0 0 99 7 0 62 0 44 0 0 0 14
638 9305 1211 1174 120 0 0 99 7 0 62 0 44 0 0 0 14
639 9293 1215 1176 122 0 0 101 7 0 62 0 46 0 0 0 14
640 9281 1220 1181 124 0 0 102 6 0 63 0 45 0 0 0 14
641 9272 1224 1185 125 0 0 102 6 0 63 0 45 0 0 0 14
642 9260 1230 1191 125 0 0 102 6 0 63 0 45 0 0 0 14
643 9272 1223 1184 127 0 0 102 6 0 63 0 45 0 0 0 14
644 9258 1228 1189 129 0 0 103 6 0 64 0 45 0 0 0 14
645 9249 1232 1192 129 0 0 104 6 0 64 0 46 0 0 0 14
646 9240 1235 1196 131 0 0 103 7 0 64 0 46 0 0 0 14
647 9241 1233 1194 132 0 0 104 7 0 65 0 46 0 0 0 14
648 9230 1238 1197 131 0 0 106 7 0 65 0 48 0 0 0 14
649 9217 1242 1201 136 0 0 106 7 0 65 0 48 0 0 0 14
650 9204 1246 1205 141 0 0 106 7 0 65 0 48 0 0 0 14
651 9202 1246 1205 143 0 0 106 7 0 65 0 48 0 0 0 14
652 9184 1254 1210 144 0 0 108 7 0 64 0 51 0 0 0 14
653 9180 1255 1210 144 0 0 109 7 0 64 0 52 0 0 0 15
654 9178 1255 1210 146 0 0 109 7 0 64 0 52 0 0 0 15
655 9180 1255 1209 145 0 0 110 6 0 64 0 52 0 0 0 15
656 9182 1253 1208 144 0 0 110 7 0 65 0 52 0 0 0 15
657 9171 1258 1212 144 0 0 111 7 0 65 0 53 0 0 0 15
658 9148 1266 1219 148 0 0 113 7 0 66 0 54 0 0 0 15
659 9132 1273 1226 148 0 0 114 7 0 67 0 54 0 0 0 15
660 9115 1280 1232 150 0 0 115 7 0 67 0 55 0 0 0 15
661 9105 1284 1235 151 0 0 116 7 0 67 0 56 0 0 0 15
662 9096 1287 1238 153 0 0 116 7 0 67 0 56 0 0 0 16
663 9091 1289 1239 149 0 0 117 9 0 67 0 59 0 0 0 16
664 9067 1300 1250 151 0 0 117 9 0 67 0 59 0 0 0 16
665 9048 1309 1257 150 0 0 119 9 0 67 0 61 0 0 0 16
666 9040 1313 1261 149 0 0 119 9 0 67 0 61 0 0 0 17
667 9026 1320 1267 148 0 0 120 9 0 67 0 62 0 0 0 17
668 9003 1331 1277 148 0 0 121 9 0 67 0 63 0 0 0 17
669 8994 1334 1280 151 0 0 121 9 0 67 0 63 0 0 0 17
670 8991 1335 1282 151 0 0 121 9 0 68 0 62 0 0 0 17
671 8979 1340 1285 153 0 0 122 9 0 67 0 64 0 0 0 17
672 8960 1349 1292 152 0 0 124 9 0 67 0 66 0 0 0 17
673 8942 1356 1300 153 0 0 124 10 0 68 0 66 0 0 0 17
674 8933 1357 1301 158 0 0 124 11 0 68 0 67 0 0 0 17
675 8929 1359 1301 158 0 0 126 10 0 68 0 68 0 0 0 17
676 8925 1360 1304 158 0 0 125 11 0 69 0 67 0 0 0 17
677 8917 1363 1307 160 0 0 125 11 0 69 0 67 0 0 0 17
678 8894 1373 1317 160 0 0 125 12 0 69 0 68 0 0 0 18
679 8885 1377 1321 159 0 0 126 12 0 70 0 68 0 0 0 18
680 8884 1377 1322 159 0 0 125 13 0 70 0 68 0 0 0 18
681 8876 1378 1323 165 0 0 125 13 0 70 0 68 0 0 0 18
682 8871 1378 1323 170 0 0 125 13 0 70 0 68 0 0 0 18
683 8853 1385 1328 172 0 0 127 13 0 70 0 70 0 0 0 18
684 8836 1391 1333 176 0 0 128 13 0 70 0 71 0 0 0 18
685 8822 1397 1339 178 0 0 128 13 0 70 0 71 0 0 0 18
686 8820 1399 1340 177 0 0 129 12 0 70 0 71 0 0 0 18
687 8816 1401 1341 173 0 0 131 12 0 71 0 72 0 0 0 19
688 8820 1396 1334 177 0 0 133 12 0 71 0 74 0 0 0 19
689 8807 1400 1337 181 0 0 134 12 0 71 0 75 0 0 0 19
690 8788 1409 1345 182 0 0 134 12 0 70 0 76 0 0 0 20
691 8781 1413 1349 181 0 0 134 12 0 70 0 76 0 0 0 20
692 8774 1414 1350 186 0 0 134 12 0 70 0 76 0 0 0 20
693 8763 1419 1356 186 0 0 134 12 0 71 0 75 0 0 0 20
694 8758 1419 1355 190 0 0 135 12 0 71 0 76 0 0 0 20
695 8756 1419 1354 191 0 0 136 12 0 71 0 77 0 0 0 20
696 8754 1419 1354 191 0 0 137 12 0 72 0 77 0 0 0 20
697 8737 1425 1361 195 0 0 137 12 0 73 0 76 0 0 0 20
698 8734 1426 1361 195 0 0 138 12 0 73 0 77 0 0 0 20
699 8735 1424 1359 198 0 0 138 12 0 73 0 77 0 0 0 20
700 8732 1425 1359 198 0 0 139 12 0 73 0 78 0 0 0 20
701 8731 1425 1359 199 0 0 138 13 0 72 0 79 0 0 0 20
702 8730 1426 1360 198 0 0 138 13 0 72 0 79 0 0 0 20
703 8728 1427 1359 196 0 0 140 13 0 72 0 81 0 0 0 20
704 8719 1432 1364 194 0 0 140 13 0 72 0 81 0 0 0 21
705 8720 1431 1362 192 0 0 142 13 0 73 0 82 0 0 0 21
706 8709 1438 1368 190 0 0 143 12 0 73 0 82 0 0 0 21
707 8727 1430 1361 187 0 0 144 11 0 75 0 80 0 0 0 21
708 8718 1433 1365 189 0 0 144 11 0 76 0 79 0 0 0 21
709 8703 1438 1368 192 0 0 147 10 0 77 0 80 0 0 0 21
710 8691 1442 1373 195 0 0 147 10 0 78 0 79 0 0 0 21
711 8694 1441 1371 193 0 0 148 10 0 78 0 80 0 0 0 21
712 8688 1443 1373 195 0 0 148 10 0 78 0 80 0 0 0 21
713 8685 1443 1373 197 0 0 148 10 0 78 0 80 0 0 0 22
714 8678 1446 1376 198 0 0 148 10 0 78 0 80 0 0 0 22
715 8677 1446 1375 198 0 0 149 10 0 78 0 81 0 0 0 22
716 8676 1446 1374 199 0 0 150 9 0 78 0 81 0 0 0 23
717 8681 1443 1371 200 0 0 150 9 0 78 0 81 0 0 0 23
718 8685 1440 1369 201 0 0 150 9 0 79 0 80 0 0 0 23
719 8688 1438 1367 202 0 0 150 9 0 79 0 80 0 0 0 23
720 8688 1437 1368 202 0 0 150 9 0 81 0 78 0 0 0 23
721 8675 1442 1372 204 0 0 151 9 0 81 0 79 0 0 0 23
722 8665 1446 1376 204 0 0 152 9 0 82 0 79 0 0 0 23
723 8671 1443 1372 203 0 0 153 9 0 82 0 80 0 0 0 23
724 8664 1446 1375 204 0 0 153 9 0 82 0 80 0 0 0 23
725 8665 1443 1373 206 0 0 154 9 0 84 0 79 0 0 0 23
726 8677 1436 1365 205 0 0 155 10 0 84 0 81 0 0 0 23
727 8679 1435 1364 205 0 0 154 11 0 83 0 82 0 0 0 23
728 8673 1436 1366 208 0 0 153 12 0 83 0 82 0 0 0 23
729 8671 1436 1367 209 0 0 153 12 0 84 0 81 0 0 0 23
730 8657 1445 1375 203 0 0 155 11 0 85 0 81 0 0 0 24
731 8643 1452 1382 203 0 0 155 11 0 85 0 81 0 0 0 24
732 8629 1455 1386 208 0 0 154 13 0 85 0 82 0 0 0 24
733 8625 1457 1387 209 0 0 154 13 0 84 0 83 0 0 0 24
734 8626 1457 1386 208 0 0 155 12 0 84 0 83 0 0 0 25
735 8616 1460 1391 210 0 0 153 14 0 84 0 83 0 0 0 25
736 8612 1460 1391 212 0 0 154 14 0 85 0 83 0 0 0 25
737 8610 1460 1392 211 0 0 155 14 0 87 0 82 0 0 0 25
738 8601 1465 1396 207 1 0 155 15 1 86 0 84 0 0 0 25
739 8589 1472 1404 204 1 0 154 16 1 86 0 84 0 0 0 25
740 8604 1466 1399 198 1 0 154 17 1 87 0 84 0 0 0 25
741 8597 1468 1403 199 1 0 154 17 1 89 0 82 0 0 0 25
742 8589 1473 1409 196 1 0 154 17 1 90 0 81 0 0 0 25
743 8596 1471 1407 193 1 0 154 17 1 90 0 81 0 0 0 25
744 8603 1467 1404 193 1 0 153 18 1 90 0 81 0 0 0 25
745 8608 1463 1399 195 1 0 154 18 1 90 0 82 0 0 0 25
746 8610 1463 1400 191 1 0 154 18 1 91 0 81 0 0 0 26
747 8618 1458 1396 190 1 0 153 20 1 91 0 82 0 0 0 26
748 8617 1458 1396 191 1 0 153 20 1 91 0 82 0 0 0 26
749 8615 1457 1396 193 1 0 153 20 1 92 0 81 0 0 0 27
750 8615 1458 1397 191 1 0 153 20 1 92 0 81 0 0 0 27
751 8618 1455 1395 193 1 0 153 20 1 93 0 80 0 0 0 27
752 8625 1453 1393 188 1 0 154 20 1 94 0 80 0 0 0 27
753 8618 1455 1396 190 1 0 154 20 1 95 0 79 0 0 0 27
754 8618 1454 1394 191 1 0 155 20 1 95 0 80 0 0 0 27
755 8625 1450 1390 192 1 0 155 20 1 95 0 80 0 0 0 27
756 8625 1450 1390 192 1 0 155 20 1 95 0 80 0 0 0 27
757 8643 1443 1382 189 1 0 156 19 1 95 0 80 0 0 0 27
758 8646 1442 1381 188 1 0 156 19 1 95 0 80 0 0 0 27
759 8656 1438 1376 187 1 0 157 18 1 95 0 80 0 0 0 27
760 8653 1440 1378 184 1 0 157 19 1 95 0 81 0 0 0 27
761 8650 1440 1378 187 1 0 157 19 1 95 0 81 0 0 0 27
762 8659 1435 1372 187 1 0 158 19 1 95 0 82 0 0 0 27
763 8665 1433 1370 185 1 0 158 19 1 95 0 82 0 0 0 27
764 8661 1436 1374 182 1 0 158 19 1 96 0 81 0 0 0 27
765 8657 1439 1375 180 1 0 160 18 1 96 0 82 0 0 0 27
766 8665 1434 1369 181 1 0 161 18 1 96 0 83 0 0 0 27
767 8665 1434 1369 181 1 0 161 18 1 96 0 83 0 0 0 27
768 8654 1440 1373 178 1 0 163 18 1 96 0 85 0 0 0 27
769 8650 1441 1375 179 1 0 162 19 1 96 0 85 0 0 0 27
770 8649 1441 1375 180 1 0 162 19 1 96 0 85 0 0 0 27
771 8653 1439 1372 179 1 0 163 19 1 96 0 86 0 0 0 27
772 8664 1434 1368 177 1 0 162 20 1 96 0 86 0 0 0 27
773 8671 1430 1365 177 1 0 161 21 1 96 0 86 0 0 0 27
774 8687 1423 1358 175 1 0 161 21 1 96 0 86 0 0 0 27
775 8691 1420 1355 177 1 0 161 21 1 96 0 86 0 0 0 27
776 8691 1421 1357 174 1 0 161 21 1 97 0 85 0 0 0 27
777 8703 1416 1353 171 1 0 161 21 1 98 0 84 0 0 0 27
778 8697 1418 1355 173 1 0 161 21 1 98 0 84 0 0 0 27
779 8692 1419 1357 175 1 0 161 21 1 99 0 83 0 0 0 27
780 8704 1413 1352 174 1 0 161 21 1 100 0 82 0 0 0 27
781 8705 1412 1351 175 1 0 161 21 1 100 0 82 0 0 0 27
782 8714 1409 1348 172 1 0 161 21 1 100 0 82 0 0 0 27
783 8721 1406 1345 171 1 0 161 21 1 100 0 82 0 0 0 27
784 8737 1398 1337 171 1 0 161 21 1 100 0 82 0 0 0 27
785 8739 1396 1337 171 1 0 161 21 1 102 0 80 0 0 0 27
786 8745 1394 1335 169 1 0 161 21 1 102 0 80 0 0 0 27
787 8736 1398 1340 169 1 0 161 21 1 103 0 79 0 0 0 27
788 8742 1396 1337 168 1 0 162 20 1 103 0 79 0 0 0 27
789 8734 1400 1341 168 1 0 162 20 1 103 0 79 0 0 0 27
790 8739 1397 1338 169 1 0 162 20 1 103 0 79 0 0 0 27
791 8744 1396 1337 166 1 0 162 20 1 103 0 79 0 0 0 27
792 8745 1394 1336 168 1 0 162 20 1 104 0 78 0 0 0 27
793 8731 1399 1342 171 1 0 162 20 1 105 0 77 0 0 0 27
794 8733 1397 1342 171 1 0 161 21 1 106 0 76 0 0 0 27
795 8732 1398 1343 170 1 0 161 21 1 106 0 76 0 0 0 27
796 8734 1397 1342 170 1 0 161 21 1 106 0 76 0 0 0 27
797 8732 1399 1342 166 1 0 163 21 1 106 0 78 0 0 0 27
798 8726 1398 1344 171 1 0 161 23 1 107 0 77 0 0 0 27
799 8729 1395 1341 172 1 0 161 24 1 107 0 78 0 0 0 27
800 8733 1393 1339 172 1 0 161 24 1 107 0 78 0 0 0 27
801 8724 1398 1344 171 1 0 161 24 1 107 0 78 0 0 0 27
802 8737 1392 1338 170 1 0 161 24 1 107 0 78 0 0 0 27
803 8748 1387 1334 168 0 0 162 24 0 109 0 77 0 0 0 27
804 8753 1383 1330 171 0 0 162 24 0 109 0 77 0 0 0 27
805 8749 1386 1333 169 0 0 162 24 0 109 0 77 0 0 0 27
806 8757 1381 1329 170 0 0 161 25 0 109 0 77 0 0 0 27
807 8763 1377 1326 171 0 0 161 25 0 110 0 76 0 0 0 27
808 8756 1380 1329 172 1 0 160 25 1 109 0 76 0 0 0 27
809 8774 1372 1322 169 1 0 160 25 1 110 0 75 0 0 0 27
810 8782 1369 1319 167 1 0 160 25 1 110 0 75 0 0 0 27
811 8786 1368 1317 166 1 0 160 25 1 109 0 76 0 0 0 27
812 8781 1367 1316 173 1 0 160 25 1 109 0 76 0 0 0 27
813 8789 1363 1313 172 1 0 159 26 1 109 0 76 0 0 0 27
814 8790 1364 1312 169 1 0 161 25 1 109 0 77 0 0 0 27
815 8788 1366 1314 167 1 0 161 25 1 109 0 77 0 0 0 27
816 8799 1359 1308 169 1 0 162 24 1 111 0 75 0 0 0 27
817 8803 1357 1307 168 1 0 161 25 1 111 0 75 0 0 0 27
818 8809 1354 1305 167 1 0 161 25 1 112 0 74 0 0 0 27
819 8799 1358 1310 168 1 0 160 26 1 112 0 74 0 0 0 27
820 8803 1356 1307 169 1 0 161 25 1 112 0 74 0 0 0 27
821 8806 1353 1305 171 1 0 160 26 1 112 0 74 0 0 0 27
822 8807 1354 1307 167 1 0 160 26 1 113 0 73 0 0 0 27
823 8816 1351 1304 163 1 0 160 26 1 113 0 73 0 0 0 28
824 8804 1359 1312 157 1 0 160 27 1 113 0 74 0 0 0 28
825 8807 1356 1308 161 1 0 161 26 1 113 0 74 0 0 0 28
826 8810 1356 1308 158 1 0 162 25 1 114 0 73 0 0 0 28
827 8811 1356 1309 156 1 0 162 25 1 115 0 72 0 0 0 28
828 8825 1347 1303 157 1 0 161 26 1 117 0 70 0 0 0 28
829 8823 1348 1304 157 1 0 161 26 1 117 0 70 0 0 0 28
830 8825 1349 1306 152 1 0 161 26 1 118 0 69 0 0 0 28
831 8818 1352 1308 152 1 0 162 26 1 118 0 70 0 0 0 28
832 8816 1354 1310 150 1 0 162 26 1 118 0 70 0 0 0 28
833 8816 1353 1310 151 1 0 161 27 1 118 0 70 0 0 0 28
834 8801 1360 1317 152 1 0 161 27 1 118 0 70 0 0 0 28
835 8795 1363 1320 152 1 0 161 27 1 118 0 70 0 0 0 28
836 8778 1370 1326 154 1 0 162 27 1 118 0 71 0 0 0 28
837 8788 1364 1320 156 1 0 162 27 1 118 0 71 0 0 0 28
838 8791 1361 1315 161 1 0 163 26 1 117 0 72 0 0 0 28
839 8796 1359 1311 159 1 0 165 25 1 117 0 73 0 0 0 29
840 8803 1355 1307 158 1 0 165 26 1 117 0 74 0 0 0 29
841 8808 1351 1304 160 1 0 164 27 1 117 0 74 0 0 0 29
842 8799 1356 1308 158 1 0 165 27 1 117 0 75 0 0 0 29
843 8790 1360 1312 157 1 0 166 27 1 118 0 75 0 0 0 29
844 8786 1362 1315 156 1 0 166 27 1 119 0 74 0 0 0 29
845 8786 1361 1314 154 1 0 166 28 1 119 0 75 0 0 0 31
846 8782 1362 1315 156 1 0 166 28 1 119 0 75 0 0 0 31
847 8759 1375 1328 153 1 0 166 28 1 119 0 75 0 0 0 31
848 8753 1377 1330 155 1 0 166 28 1 119 0 75 0 0 0 31
849 8753 1377 1329 154 1 0 167 28 1 119 0 76 0 0 0 31
850 8743 1382 1333 152 1 0 168 28 1 119 0 77 0 0 0 32
851 8736 1385 1336 153 1 0 168 28 1 119 0 77 0 0 0 32
852 8725 1387 1340 158 1 0 167 29 1 120 0 76 0 0 0 32
853 8723 1387 1340 159 1 0 167 29 1 120 0 76 0 0 0 33
854 8707 1393 1347 162 1 0 166 30 1 120 0 76 0 0 0 33
855 8699 1397 1353 160 1 0 164 32 1 120 0 76 0 0 0 33
856 8688 1399 1355 163 1 0 166 32 1 122 0 76 0 0 0 33
857 8675 1404 1360 164 1 0 166 33 1 122 0 77 0 0 0 33
858 8665 1408 1361 163 1 0 169 33 1 122 0 80 0 0 0 33
859 8647 1416 1368 164 1 0 170 33 1 122 0 81 0 0 0 33
860 8640 1420 1369 159 1 0 173 33 1 122 0 84 0 0 0 34
861 8634 1422 1371 159 1 0 174 33 1 123 0 84 0 0 0 34
862 8639 1419 1369 155 1 0 175 34 1 125 0 84 0 0 0 34
863 8639 1419 1368 155 1 0 177 32 1 126 0 83 0 0 0 35
864 8625 1428 1374 152 1 0 179 31 1 125 0 85 0 0 0 35
865 8606 1436 1381 152 1 0 181 31 1 126 0 86 0 0 0 35
866 8585 1444 1388 157 1 0 182 30 1 126 0 86 0 0 0 36
867 8579 1448 1389 152 1 0 185 30 1 126 0 89 0 0 0 36
868 8576 1447 1389 156 1 0 184 31 1 126 0 89 0 0 0 36
869 8577 1447 1387 155 1 0 185 31 1 125 0 91 0 0 0 36
870 8560 1454 1395 157 1 0 185 31 1 126 0 90 0 0 0 36
871 8567 1450 1390 159 1 0 186 30 1 126 0 90 0 0 0 36
872 8562 1451 1392 161 1 0 186 29 1 127 0 88 0 0 0 38
873 8555 1455 1396 160 1 0 186 29 1 127 0 88 0 0 0 38
874 8544 1459 1400 163 1 0 186 29 1 127 0 88 0 0 0 38
875 8529 1464 1405 166 1 0 187 29 1 128 0 88 0 0 0 38
876 8515 1470 1408 166 1 0 189 29 1 127 0 91 0 0 0 39
877 8506 1474 1409 166 1 0 191 29 1 126 0 94 0 0 0 39
878 8485 1484 1419 165 1 0 192 29 1 127 0 94 0 0 0 39
879 8480 1486 1418 164 1 0 196 26 1 128 0 94 0 0 0 42
880 8467 1491 1424 166 1 0 196 26 1 129 0 93 0 0 0 42
881 8448 1499 1433 168 1 0 195 27 1 129 0 93 0 0 0 42
882 8444 1500 1434 170 1 0 195 27 1 129 0 93 0 0 0 42
883 8451 1496 1431 170 1 0 194 28 1 129 0 93 0 0 0 42
884 8445 1497 1428 171 1 0 199 26 1 130 0 95 0 0 0 43
885 8451 1493 1423 172 1 0 200 26 1 130 0 96 0 0 0 43
886 8446 1496 1425 170 1 0 201 26 1 130 0 97 0 0 0 43
887 8455 1489 1420 173 1 0 201 26 1 132 0 95 0 0 0 43
888 8442 1493 1423 177 1 0 202 26 1 132 0 96 0 0 0 43
889 8441 1493 1422 175 1 0 203 27 1 132 0 98 0 0 0 43
890 8429 1496 1425 179 1 0 203 28 1 132 0 99 0 0 0 43
891 8424 1499 1427 177 1 0 204 28 1 132 0 100 0 0 0 43
892 8415 1502 1430 180 1 0 204 28 1 132 0 100 0 0 0 43
893 8419 1499 1425 182 1 0 206 27 1 132 0 101 0 0 0 43
894 8418 1497 1423 187 1 0 206 27 1 132 0 101 0 0 0 43
895 8410 1499 1425 191 1 0 206 27 1 132 0 101 0 0 0 43
896 8398 1502 1428 195 1 0 207 27 1 133 0 101 0 0 0 43
897 8392 1503 1430 198 1 0 206 28 1 133 0 101 0 0 0 43
898 8394 1501 1428 198 1 0 206 29 1 133 0 102 0 0 0 43
899 8407 1492 1419 201 1 0 207 29 1 134 0 102 0 0 0 43
900 8410 1490 1417 202 1 0 207 29 1 134 0 102 0 0 0 43
901 8417 1486 1412 202 1 0 208 29 1 134 0 103 0 0 0 43
902 8410 1490 1416 201 1 0 208 29 1 134 0 103 0 0 0 43
903 8402 1494 1419 198 1 0 210 29 1 135 0 104 0 0 0 43
904 8392 1497 1423 199 1 0 211 29 1 137 0 103 0 0 0 43
905 8396 1496 1421 196 1 0 212 29 1 137 0 104 0 0 0 43
906 8400 1494 1418 193 1 0 214 29 1 138 0 105 0 0 0 43
907 8390 1499 1421 191 1 0 216 29 1 138 0 107 0 0 0 43
908 8391 1497 1420 193 1 0 216 29 1 139 0 106 0 0 0 43
909 8382 1501 1422 196 1 0 218 27 1 139 0 106 0 0 0 43
910 8383 1497 1420 199 1 0 218 28 1 141 0 105 0 0 0 43
911 8391 1493 1415 198 1 0 219 28 1 141 0 106 0 0 0 43
912 8394 1492 1413 196 1 0 220 28 1 141 0 107 0 0 0 43
913 8407 1483 1406 199 1 0 219 29 1 142 0 106 0 0 0 43
914 8412 1481 1403 197 1 0 220 29 1 142 0 107 0 0 0 43
915 8419 1475 1399 200 1 0 219 30 1 143 0 106 0 0 0 43
916 8420 1472 1395 204 1 0 220 30 1 143 0 107 0 0 0 43
917 8418 1474 1396 200 1 0 222 29 1 144 0 107 0 0 0 44
918 8427 1471 1392 194 1 0 223 30 1 144 0 109 0 0 0 44
919 8415 1477 1398 194 1 0 223 30 1 144 0 109 0 0 0 44
920 8423 1473 1393 192 1 0 224 30 1 144 0 110 0 0 0 45
921 8414 1479 1397 189 1 0 226 29 1 144 0 111 0 0 0 45
922 8418 1477 1393 190 1 0 227 28 1 143 0 112 0 0 0 46
923 8412 1481 1397 188 1 0 227 28 1 143 0 112 0 0 0 46
924 8415 1476 1393 194 1 0 227 28 1 144 0 111 0 0 0 46
925 8408 1478 1392 198 1 0 228 28 1 142 0 114 0 0 0 46
926 8404 1479 1392 201 1 0 229 27 1 142 0 114 0 0 0 46
927 8405 1476 1391 204 1 0 228 28 1 143 0 113 0 0 0 46
928 8415 1471 1387 203 1 0 227 29 1 143 0 113 0 0 0 46
929 8416 1469 1385 202 1 0 229 29 1 145 0 113 0 0 0 46
930 8410 1474 1389 197 1 0 230 29 1 145 0 114 0 0 0 46
931 8395 1481 1395 197 1 0 231 29 1 145 0 115 0 0 0 46
932 8394 1481 1395 198 1 0 231 29 1 145 0 115 0 0 0 46
933 8399 1477 1392 200 1 0 230 30 1 145 0 115 0 0 0 46
934 8395 1478 1393 202 1 0 230 30 1 145 0 115 0 0 0 46
935 8393 1476 1392 205 1 0 231 30 1 147 0 114 0 0 0 46
936 8382 1481 1397 206 1 0 231 30 1 147 0 114 0 0 0 46
937 8387 1478 1395 206 1 0 231 30 1 148 0 113 0 0 0 46
938 8378 1482 1396 206 1 0 233 30 1 147 0 116 0 0 0 46
939 8362 1488 1402 210 1 0 233 30 1 147 0 116 0 0 0 46
940 8365 1485 1401 211 1 0 233 30 1 149 0 114 0 0 0 46
941 8377 1479 1395 211 1 0 234 29 1 150 0 113 0 0 0 46
942 8363 1486 1401 212 1 0 235 28 1 150 0 113 0 0 0 46
943 8377 1480 1395 210 1 0 236 27 1 151 0 112 0 0 0 46
944 8375 1479 1396 212 1 0 236 27 1 153 0 110 0 0 0 46
945 8365 1482 1399 214 1 0 237 27 1 154 0 110 0 0 0 46
946 8377 1476 1394 211 1 0 237 28 1 155 0 110 0 0 0 46
947 8369 1480 1398 211 1 0 237 28 1 155 0 110 0 0 0 46
948 8375 1478 1396 209 1 0 237 28 1 155 0 110 0 0 0 46
949 8377 1478 1395 206 1 0 238 28 1 155 0 111 0 0 0 46
950 8393 1470 1387 206 1 0 238 28 1 155 0 111 0 0 0 46
951 8405 1463 1382 206 1 0 238 28 1 157 0 109 0 0 0 46
952 8406 1462 1382 204 1 0 239 28 1 159 0 108 0 0 0 46
953 8406 1462 1382 204 1 0 239 28 1 159 0 108 0 0 0 46
954 8406 1463 1384 201 1 0 238 29 1 159 0 108 0 0 0 46
955 8404 1462 1386 202 1 0 237 30 1 161 0 106 0 0 0 46
956 8412 1458 1382 202 1 0 237 30 1 161 0 106 0 0 0 46
957 8417 1457 1382 198 1 0 237 30 1 162 0 105 0 0 0 46
958 8422 1454 1381 197 1 0 236 31 1 163 0 104 0 0 0 46
959 8425 1453 1382 194 1 0 235 32 1 164 0 103 0 0 0 46
960 8433 1447 1376 198 1 0 235 32 1 164 0 103 0 0 0 46
961 8439 1444 1371 200 1 0 237 30 1 164 0 103 0 0 0 46
962 8448 1440 1367 199 1 0 237 30 1 164 0 103 0 0 0 46
963 8448 1440 1367 199 1 0 237 30 1 164 0 103 0 0 0 46
964 8460 1434 1362 198 1 0 237 30 1 165 0 102 0 0 0 46
965 8453 1435 1362 202 1 0 238 30 1 165 0 103 0 0 0 46
966 8451 1438 1365 198 1 0 238 30 1 165 0 103 0 0 0 46
967 8452 1436 1365 199 1 0 238 30 1 167 0 101 0 0 0 46
968 8463 1431 1360 197 1 0 238 30 1 167 0 101 0 0 0 47
969 8467 1428 1360 196 1 0 238 30 1 170 0 98 0 0 0 47
970 8466 1428 1358 197 1 0 240 29 1 170 0 99 0 0 0 47
971 8470 1424 1356 199 1 0 239 30 1 171 0 98 0 0 0 47
972 8462 1429 1360 198 1 0 239 30 1 170 0 99 0 0 0 47
973 8443 1437 1367 201 1 0 240 29 1 170 0 99 0 0 0 48
974 8444 1434 1367 203 1 0 239 30 1 172 0 97 0 0 0 48
975 8451 1429 1362 206 1 0 239 30 1 172 0 97 0 0 0 48
976 8465 1420 1352 209 1 0 240 30 1 172 0 98 0 0 0 48
977 8461 1421 1354 210 1 0 240 30 1 173 0 97 0 0 0 48
978 8464 1418 1352 210 1 0 242 29 1 176 0 95 0 0 0 48
979 8465 1419 1351 209 1 0 244 27 1 176 0 95 0 0 0 48
980 8466 1419 1349 206 1 0 248 25 1 178 0 95 0 0 0 48
981 8463 1422 1352 203 1 0 248 25 1 178 0 95 0 0 0 48
982 8461 1422 1352 205 1 0 248 25 1 178 0 95 0 0 0 48
983 8471 1417 1348 204 1 0 248 25 1 179 0 94 0 0 0 48
984 8472 1418 1347 201 1 0 248 25 1 177 0 96 0 0 0 50
985 8461 1422 1351 204 1 0 247 26 1 176 0 97 0 0 0 50
986 8461 1422 1350 205 1 0 248 25 1 176 0 97 0 0 0 50
987 8462 1422 1349 204 1 0 249 24 1 176 0 97 0 0 0 51
988 8472 1412 1344 209 1 0 247 26 1 179 0 94 0 0 0 51
989 8480 1408 1341 208 1 0 247 26 1 180 0 93 0 0 0 51
990 8482 1407 1339 209 1 0 248 25 1 180 0 93 0 0 0 51
991 8485 1405 1339 208 1 0 248 25 1 182 0 91 0 0 0 51
992 8484 1404 1339 210 1 0 248 25 1 183 0 90 0 0 0 51
993 8486 1402 1335 210 1 0 250 25 1 183 0 92 0 0 0 51
994 8485 1400 1335 213 1 0 249 26 1 184 0 91 0 0 0 51
995 8485 1398 1334 216 1 0 248 27 1 184 0 91 0 0 0 51
996 8476 1399 1339 219 1 0 247 28 1 187 0 88 0 0 0 51
997 8483 1394 1337 219 1 0 246 29 1 189 0 86 0 0 0 51
998 8496 1387 1331 219 1 0 246 29 1 190 0 85 0 0 0 51
999 8506 1384 1326 217 1 0 247 28 1 189 0 86 0 0 0 51
1000 8510 1382 1325 216 1 0 247 28 1 190 0 85 0 0 0 51
1001 8508 1383 1326 216 1 0 248 27 1 191 0 84 0 0 0 51
1002 8520 1378 1321 214 1 0 248 27 1 191 0 84 0 0 0 51
1003 8521 1378 1320 214 1 0 248 27 1 190 0 85 0 0 0 51
1004 8519 1380 1322 212 1 0 248 27 1 190 0 85 0 0 0 51
1005 8516 1381 1323 213 1 0 248 27 1 190 0 85 0 0 0 51
1006 8522 1376 1321 214 1 0 248 27 1 193 0 82 0 0 0 51
1007 8521 1374 1321 217 1 0 249 26 1 196 0 79 0 0 0 51
1008 8528 1373 1320 212 1 0 249 26 1 196 0 79 0 0 0 51
1009 8531 1372 1320 210 1 0 248 27 1 196 0 79 0 0 0 51
1010 8516 1378 1327 212 1 0 247 28 1 196 0 79 0 0 0 51
1011 8529 1371 1320 213 1 0 247 28 1 196 0 79 0 0 0 51
1012 8526 1371 1322 214 1 0 246 29 1 197 0 78 0 0 0 51
1013 8524 1373 1324 212 1 0 246 29 1 197 0 78 0 0 0 51
1014 8533 1372 1322 206 1 0 247 28 1 197 0 78 0 0 0 51
1015 8545 1366 1316 204 1 0 247 29 1 197 0 79 0 0 0 51
1016 8551 1361 1313 206 1 0 247 29 1 199 0 77 0 0 0 51
1017 8556 1359 1313 203 1 0 247 29 1 201 0 75 0 0 0 51
1018 8553 1360 1312 204 1 0 249 28 1 201 0 76 0 0 0 51
1019 8563 1356 1308 202 1 0 249 28 1 201 0 76 0 0 0 51
1020 8584 1347 1298 198 1 0 250 28 1 201 0 77 0 0 0 51
1021 8589 1345 1296 197 1 0 250 28 1 201 0 77 0 0 0 51
1022 8587 1347 1298 195 1 0 250 28 1 201 0 77 0 0 0 51
1023 8589 1345 1297 196 1 0 249 29 1 201 0 77 0 0 0 51
1024 8590 1349 1297 189 1 0 250 29 1 198 0 81 0 0 0 51
1025 8598 1344 1292 191 1 0 250 29 1 198 0 81 0 0 0 51
1026 8602 1341 1290 192 1 0 250 29 1 199 0 80 0 0 0 51
1027 8593 1342 1294 196 1 0 250 29 1 202 0 77 0 0 0 51
1028 8579 1347 1299 200 1 0 250 29 1 202 0 77 0 0 0 51
1029 8595 1339 1294 197 1 0 249 30 1 204 0 75 0 0 0 51
1030 8602 1337 1292 194 1 0 249 30 1 204 0 75 0 0 0 51
1031 8605 1335 1290 195 1 0 249 30 1 204 0 75 0 0 0 51
1032 8620 1328 1284 193 1 0 249 30 1 205 0 74 0 0 0 51
1033 8631 1323 1280 191 1 0 249 30 1 206 0 73 0 0 0 51
1034 8628 1324 1281 192 1 0 249 30 1 206 0 73 0 0 0 51
1035 8626 1327 1284 188 1 0 250 29 1 207 0 72 0 0 0 51
1036 8633 1323 1281 188 1 0 250 29 1 208 0 71 0 0 0 51
1037 8644 1317 1276 188 1 0 249 30 1 208 0 71 0 0 0 51
1038 8661 1310 1270 182 1 0 249 31 1 209 0 71 0 0 0 51
1039 8657 1313 1273 180 1 0 249 31 1 209 0 71 0 0 0 51
1040 8659 1311 1273 180 1 0 249 31 1 211 0 69 0 0 0 51
1041 8645 1317 1277 184 1 0 249 31 1 209 0 71 0 0 0 51
1042 8646 1315 1276 186 1 0 249 31 1 210 0 70 0 0 0 51
1043 8654 1311 1271 185 1 0 251 30 1 211 0 70 0 0 0 51
1044 8659 1308 1269 185 1 0 251 30 1 212 0 69 0 0 0 51
1045 8662 1306 1266 187 1 0 252 29 1 212 0 69 0 0 0 51
1046 8662 1306 1267 186 1 0 252 29 1 213 0 68 0 0 0 51
1047 8667 1303 1264 187 1 0 252 29 1 213 0 68 0 0 0 51
1048 8667 1303 1264 187 1 0 252 29 1 213 0 68 0 0 0 51
1049 8654 1312 1273 184 1 0 251 29 1 212 0 68 0 0 0 51
1050 8648 1315 1274 184 1 0 252 29 1 211 0 70 0 0 0 51
1051 8650 1312 1275 184 1 0 251 30 1 214 0 67 0 0 0 51
1052 8647 1314 1276 182 1 0 252 30 1 214 0 68 0 0 0 51
1053 8653 1312 1272 180 1 0 254 29 1 214 0 69 0 0 0 51
1054 8652 1314 1274 177 1 0 254 29 1 214 0 69 0 0 0 51
1055 8656 1311 1272 178 1 0 254 29 1 215 0 68 0 0 0 51
1056 8657 1310 1271 179 1 0 254 29 1 215 0 68 0 0 0 51
1057 8652 1313 1272 178 1 0 255 29 1 214 0 70 0 0 0 51
1058 8656 1314 1274 171 1 0 255 29 1 215 0 69 0 0 0 51
1059 8659 1311 1274 168 1 0 255 30 1 218 0 67 0 0 0 52
1060 8663 1309 1274 166 1 0 255 30 1 220 0 65 0 0 0 52
1061 8660 1310 1276 166 1 0 254 31 1 220 0 65 0 0 0 52
1062 8656 1312 1277 165 1 0 255 31 1 220 0 66 0 0 0 52
1063 8673 1305 1269 163 1 0 256 30 1 220 0 66 0 0 0 52
1064 8689 1297 1262 162 1 0 256 30 1 221 0 65 0 0 0 52
1065 8711 1288 1251 160 1 0 258 28 1 221 0 65 0 0 0 52
1066 8724 1281 1245 160 1 0 258 28 1 222 0 64 0 0 0 52
1067 8729 1278 1242 161 1 0 258 28 1 222 0 64 0 0 0 52
1068 8737 1274 1237 162 1 0 260 26 1 223 0 63 0 0 0 52
1069 8746 1270 1231 160 1 0 262 25 1 223 0 64 0 0 0 53
1070 8741 1273 1233 160 1 0 263 24 1 223 0 64 0 0 0 53
1071 8749 1270 1230 158 1 0 263 24 1 223 0 64 0 0 0 53
1072 8760 1265 1225 157 1 0 264 23 1 224 0 63 0 0 0 53
1073 8763 1263 1224 157 1 0 264 23 1 225 0 62 0 0 0 53
1074 8771 1260 1220 154 1 0 265 23 1 225 0 63 0 0 0 53
1075 8769 1260 1221 155 1 0 265 23 1 226 0 62 0 0 0 53
1076 8788 1250 1211 154 1 0 266 23 1 227 0 62 0 0 0 53
1077 8789 1249 1210 155 1 0 266 23 1 227 0 62 0 0 0 53
1078 8788 1249 1213 153 1 0 266 23 1 230 0 59 0 0 0 53
1079 8793 1247 1210 153 1 0 266 23 1 229 0 60 0 0 0 53
1080 8796 1246 1208 153 1 0 266 23 1 228 0 61 0 0 0 53
1081 8798 1245 1208 152 1 0 266 23 2 228 0 60 0 1 0 52
1082 8799 1243 1206 155 1 0 267 22 2 229 0 59 0 1 0 52
1083 8788 1247 1210 158 1 0 267 22 2 229 0 59 0 1 0 52
1084 8790 1245 1209 159 1 0 266 23 2 229 0 59 0 1 0 52
1085 8788 1246 1211 158 1 0 265 24 2 229 0 59 0 1 0 52
1086 8793 1243 1209 156 1 0 265 25 2 230 0 59 0 1 0 52
1087 8797 1239 1207 158 1 0 265 25 2 232 0 57 0 1 0 52
1088 8792 1241 1210 158 1 0 264 26 2 232 0 57 0 1 0 52
1089 8784 1247 1215 155 1 0 264 26 2 231 0 58 0 1 0 52
1090 8798 1242 1208 152 1 0 265 25 2 230 0 59 0 1 0 53
1091 8799 1241 1208 152 1 0 265 25 2 231 0 58 0 1 0 53
1092 8808 1236 1202 154 1 0 266 24 2 231 0 58 0 1 0 53
1093 8816 1232 1199 153 1 0 266 24 2 232 0 57 0 1 0 53
1094 8817 1233 1200 150 1 0 266 24 2 232 0 57 0 1 0 53
1095 8803 1240 1207 150 1 0 266 24 2 232 0 57 0 1 0 53
1096 8807 1238 1205 150 1 0 266 24 2 232 0 57 0 1 0 53
1097 8797 1244 1211 148 1 0 266 24 2 232 0 57 0 1 0 53
1098 8801 1242 1209 148 1 0 266 24 2 232 0 57 0 1 0 53
1099 8821 1233 1201 145 1 0 266 24 2 233 0 56 0 1 0 53
1100 8833 1227 1195 145 1 0 266 24 2 233 0 56 0 1 0 53
1101 8842 1223 1191 144 1 0 265 25 2 232 0 57 0 1 0 53
1102 8852 1218 1187 143 1 0 265 25 2 233 0 56 0 1 0 53
1103 8857 1215 1185 143 1 0 265 25 2 234 0 55 0 1 0 53
1104 8872 1207 1176 143 1 0 266 25 2 234 0 56 0 1 0 53
1105 8865 1210 1179 144 1 0 266 25 2 234 0 56 0 1 0 53
1106 8863 1210 1179 146 1 0 266 25 2 234 0 56 0 1 0 53
1107 8854 1215 1184 145 1 0 266 25 2 234 0 56 0 1 0 53
1108 8857 1213 1183 145 1 0 266 25 2 235 0 55 0 1 0 53
1109 8857 1212 1182 147 1 0 266 25 2 235 0 55 0 1 0 53
1110 8856 1215 1184 142 1 0 267 24 2 235 0 55 0 1 0 54
1111 8850 1216 1186 145 1 0 267 24 2 236 0 54 0 1 0 54
1112 8855 1214 1183 145 1 0 268 23 2 236 0 54 0 1 0 54
1113 8847 1218 1187 145 1 0 268 23 2 236 0 54 0 1 0 54
1114 8842 1222 1191 142 1 0 268 23 2 236 0 54 0 1 0 54
1115 8850 1220 1189 138 1 0 268 23 2 236 0 54 0 1 0 54
1116 8868 1211 1180 138 1 0 268 23 2 236 0 54 0 1 0 54
1117 8874 1209 1178 136 1 0 268 23 2 236 0 54 0 1 0 54
1118 8881 1206 1175 135 1 0 268 23 2 236 0 54 0 1 0 54
1119 8894 1199 1169 135 1 0 268 23 2 237 0 53 0 1 0 54
1120 8901 1195 1164 137 1 0 268 23 2 236 0 54 0 1 0 54
1121 8912 1190 1159 136 1 0 268 23 2 236 0 54 0 1 0 54
1122 8924 1185 1154 132 1 0 269 23 2 237 0 54 0 1 0 54
1123 8936 1180 1148 131 1 0 269 23 2 236 0 55 0 1 0 54
1124 8932 1182 1151 130 1 0 268 24 2 236 0 55 0 1 0 54
1125 8927 1184 1154 130 1 0 267 25 2 236 0 55 0 1 0 54
1126 8926 1185 1155 129 1 0 267 25 2 236 0 55 0 1 0 54
1127 8938 1179 1150 128 1 0 266 26 2 236 0 55 0 1 0 54
1128 8940 1180 1151 124 1 0 266 26 2 236 0 55 0 1 0 54
1129 8943 1177 1149 126 1 0 266 26 2 237 0 54 0 1 0 54
1130 8940 1178 1150 125 1 0 266 27 2 237 0 55 0 1 0 54
1131 8953 1171 1144 125 1 0 266 27 2 238 0 54 0 1 0 54
1132 8949 1173 1146 125 1 0 267 26 2 239 0 53 0 1 0 54
1133 8951 1171 1145 124 1 0 266 28 2 239 0 54 0 1 0 54
1134 8944 1175 1149 123 1 0 266 28 2 239 0 54 0 1 0 54
1135 8947 1174 1148 122 1 0 266 28 2 239 0 54 0 1 0 54
1136 8952 1172 1146 121 1 0 266 28 2 239 0 54 0 1 0 54
1137 8951 1173 1148 119 1 0 266 28 2 240 0 53 0 1 0 54
1138 8964 1165 1141 121 1 0 266 28 2 241 0 52 0 1 0 54
1139 8960 1166 1142 123 1 0 266 28 2 241 0 52 0 1 0 54
1140 8965 1163 1140 123 1 0 265 29 2 241 0 52 0 1 0 54
1141 8964 1164 1141 122 1 0 265 29 2 241 0 52 0 1 0 54
1142 8967 1163 1140 121 1 0 265 29 2 241 0 52 0 1 0 54
1143 8974 1158 1135 124 1 0 265 29 2 241 0 52 0 1 0 54
1144 8982 1155 1131 123 1 0 267 27 2 242 0 51 0 1 0 54
1145 8992 1151 1126 122 1 0 267 27 2 241 0 52 0 1 0 54
1146 9004 1146 1120 121 1 0 268 26 2 241 0 52 0 1 0 54
1147 9007 1144 1118 122 1 0 268 26 2 241 0 52 0 1 0 54
1148 9017 1140 1114 118 1 0 268 27 2 241 0 53 0 1 0 54
1149 9017 1140 1115 115 1 0 268 28 2 242 0 53 0 1 0 54
1150 9015 1142 1116 114 1 0 268 28 2 241 0 54 0 1 0 54
1151 9025 1137 1112 113 1 0 268 28 2 242 0 53 0 1 0 54
1152 9034 1133 1108 112 1 0 268 28 2 242 0 53 0 1 0 54
1153 9030 1135 1110 112 1 0 268 28 2 242 0 53 0 1 0 54
1154 9036 1131 1106 112 1 0 268 29 2 242 0 54 0 1 0 54
1155 9032 1134 1109 110 1 0 268 29 2 242 0 54 0 1 0 54
1156 9039 1131 1106 109 1 0 268 29 2 242 0 54 0 1 0 54
1157 9041 1131 1106 107 1 0 269 28 2 243 0 53 0 1 0 54
1158 9047 1128 1103 106 1 0 269 28 2 243 0 53 0 1 0 55
1159 9047 1127 1102 108 1 0 269 28 2 243 0 53 0 1 0 55
1160 9053 1123 1099 109 1 0 269 28 2 244 0 52 0 1 0 55
1161 9058 1119 1097 110 1 0 268 29 2 245 0 51 0 1 0 55
1162 9063 1117 1095 109 1 0 268 29 2 245 0 51 0 1 0 55
1163 9071 1114 1091 108 1 0 269 28 2 245 0 51 0 1 0 55
1164 9072 1114 1091 107 1 0 269 28 2 245 0 51 0 1 0 55
1165 9072 1115 1090 107 1 0 270 27 2 244 0 52 0 1 0 55
1166 9077 1113 1088 106 1 0 270 27 2 244 0 52 0 1 0 55
1167 9076 1115 1089 104 1 0 270 27 2 243 0 53 0 1 0 55
1168 9077 1115 1088 104 1 0 271 26 2 243 0 53 0 1 0 55
1169 9080 1115 1088 101 1 0 271 26 2 243 0 53 0 1 0 55
1170 9074 1116 1090 104 1 0 271 26 2 244 0 52 0 1 0 55
1171 9075 1114 1090 105 1 0 271 26 2 246 0 50 0 1 0 55
1172 9073 1115 1091 105 1 0 271 26 2 246 0 50 0 1 0 55
1173 9083 1110 1087 104 1 0 270 27 2 246 0 50 0 1 0 55
1174 9096 1103 1081 104 1 0 270 27 2 247 0 49 0 1 0 55
1175 9105 1097 1075 105 1 0 271 27 2 248 0 49 0 1 0 55
1176 9111 1092 1070 109 1 0 271 27 2 248 0 49 0 1 0 55
1177 9117 1091 1069 105 1 0 271 27 2 248 0 49 0 1 0 55
1178 9127 1086 1064 105 1 0 271 27 2 248 0 49 0 1 0 55
1179 9127 1086 1064 105 1 0 271 27 2 248 0 49 0 1 0 55
1180 9120 1089 1067 106 1 0 271 27 2 248 0 49 0 1 0 55
1181 9117 1091 1070 104 1 0 271 27 2 249 0 48 0 1 0 55
1182 9120 1091 1069 102 1 0 272 26 2 249 0 48 0 1 0 55
1183 9117 1093 1070 102 1 0 273 25 2 249 0 48 0 1 0 55
1184 9117 1094 1071 100 1 0 273 25 2 249 0 48 0 1 0 55
1185 9134 1084 1061 103 1 0 273 25 2 249 0 48 0 1 0 55
1186 9133 1084 1061 104 1 0 273 25 2 249 0 48 0 1 0 55
1187 9130 1086 1063 103 1 0 273 25 2 249 0 48 0 1 0 55
1188 9132 1084 1062 103 1 0 273 25 2 250 0 47 0 1 0 56
1189 9130 1085 1063 103 1 0 273 25 2 250 0 47 0 1 0 56
1190 9138 1082 1059 102 1 0 274 24 2 250 0 47 0 1 0 56
1191 9139 1080 1058 104 1 0 274 24 2 251 0 46 0 1 0 56
1192 9140 1080 1057 102 1 0 275 24 2 251 0 47 0 1 0 56
1193 9143 1078 1055 103 1 0 275 24 2 251 0 47 0 1 0 56
1194 9148 1075 1052 104 1 0 275 24 2 251 0 47 0 1 0 56
1195 9152 1073 1051 103 1 0 275 24 2 252 0 46 0 1 0 56
1196 9161 1069 1047 102 1 0 275 24 2 252 0 46 0 1 0 56
1197 9157 1070 1048 104 1 0 275 24 2 252 0 46 0 1 0 56
1198 9154 1071 1050 104 1 0 275 24 2 253 0 45 0 1 0 56
1199 9163 1068 1047 101 1 0 275 24 2 253 0 45 0 1 0 56
1200 9163 1069 1048 99 1 0 274 25 2 252 0 46 0 1 0 56
1201 9164 1067 1047 101 1 0 273 26 2 252 0 46 0 1 0 56
1202 9171 1064 1044 100 1 0 273 26 2 252 0 46 0 1 0 56
1203 9169 1065 1046 99 1 0 272 27 2 252 0 46 0 1 0 56
1204 9167 1066 1046 98 1 0 273 27 2 252 0 47 0 1 0 56
1205 9172 1065 1044 96 1 0 274 26 2 252 0 47 0 1 0 56
1206 9173 1065 1043 96 1 0 274 26 2 251 0 48 0 1 0 56
1207 9178 1063 1041 95 1 0 274 26 2 251 0 48 0 1 0 56
1208 9182 1061 1039 95 1 0 274 26 2 251 0 48 0 1 0 56
1209 9189 1058 1035 95 1 0 275 25 2 251 0 48 0 1 0 56
1210 9195 1057 1034 91 1 0 275 25 2 251 0 48 0 1 0 56
1211 9194 1057 1035 91 1 0 275 25 2 252 0 47 0 1 0 56
1212 9198 1055 1032 90 1 0 276 25 2 252 0 48 0 1 0 56
1213 9204 1052 1029 90 1 0 276 25 2 252 0 48 0 1 0 56
1214 9213 1047 1024 89 1 0 277 25 2 253 0 48 0 1 0 56
1215 9217 1045 1023 88 1 0 277 25 2 254 0 47 0 1 0 56
1216 9219 1046 1023 85 1 0 278 24 2 254 0 47 0 1 0 56
1217 9222 1044 1022 85 1 0 278 24 2 255 0 46 0 1 0 56
1218 9222 1044 1022 85 1 0 278 24 2 255 0 46 0 1 0 56
1219 9233 1038 1015 87 1 0 279 23 2 255 0 46 0 1 0 56
1220 9238 1036 1014 85 1 0 279 23 2 256 0 45 0 1 0 56
1221 9231 1038 1016 88 1 0 279 23 2 256 0 45 0 1 0 56
1222 9238 1033 1013 89 1 0 278 24 2 257 0 44 0 1 0 56
1223 9243 1031 1011 88 1 0 278 24 2 257 0 44 0 1 0 56
1224 9240 1032 1011 88 1 0 279 24 2 257 0 45 0 1 0 56
1225 9257 1024 1003 85 1 0 280 24 2 258 0 45 0 1 0 56
1226 9269 1019 998 83 1 0 280 24 2 258 0 45 0 1 0 56
1227 9281 1013 994 81 1 0 279 25 2 259 0 44 0 1 0 56
1228 9288 1009 990 82 1 0 279 25 2 259 0 44 0 1 0 56
1229 9304 1001 982 82 1 0 279 25 2 259 0 44 0 1 0 56
1230 9304 1002 983 80 1 0 279 25 2 259 0 44 0 1 0 56
1231 9314 998 980 77 1 0 279 25 2 260 0 43 0 1 0 56
1232 9317 998 980 74 1 0 279 25 2 260 0 43 0 1 0 56
1233 9321 996 978 74 1 0 279 25 2 260 0 43 0 1 0 56
1234 9319 997 979 74 1 0 279 25 2 260 0 43 0 1 0 56
1235 9311 1002 984 72 1 0 278 26 2 259 0 44 0 1 0 56
1236 9314 999 982 74 1 0 278 26 2 260 0 43 0 1 0 56
1237 9329 991 975 74 1 0 278 26 2 261 0 42 0 1 0 56
1238 9333 988 972 76 1 0 279 25 2 262 0 41 0 1 0 56
1239 9350 980 964 75 1 0 280 24 2 263 0 40 0 1 0 56
1240 9358 977 961 73 1 0 280 24 2 263 0 40 0 1 0 56
1241 9365 974 958 72 1 0 280 24 2 263 0 40 0 1 0 56
1242 9373 970 955 71 1 0 280 24 2 264 0 39 0 1 0 56
1243 9374 971 956 68 1 0 280 24 2 264 0 39 0 1 0 56
1244 9378 968 955 68 1 0 280 24 2 266 0 37 0 1 0 56
1245 9381 965 953 70 1 0 280 24 2 267 0 36 0 1 0 56
1246 9390 961 949 69 1 0 280 24 2 267 0 36 0 1 0 56
1247 9397 957 945 70 1 0 279 25 2 266 0 37 0 1 0 56
1248 9394 959 947 69 1 0 279 25 2 266 0 37 0 1 0 56
1249 9396 957 945 71 1 0 279 25 2 266 0 37 0 1 0 56
1250 9395 958 946 70 1 0 279 25 2 266 0 37 0 1 0 56
1251 9400 955 943 71 1 0 279 25 2 266 0 37 0 1 0 56
1252 9409 950 938 72 1 0 279 25 2 266 0 37 0 1 0 56
1253 9407 951 938 73 1 0 279 25 2 265 0 38 0 1 0 56
1254 9413 948 935 73 1 0 279 25 2 265 0 38 0 1 0 56
1255 9415 947 934 73 1 0 279 25 2 265 0 38 0 1 0 56
1256 9413 947 934 75 1 0 279 25 2 265 0 38 0 1 0 56
1257 9423 943 930 73 1 0 279 25 2 265 0 38 0 1 0 56
1258 9430 941 928 70 1 0 279 25 2 265 0 38 0 1 0 56
1259 9436 938 925 70 1 0 279 25 2 265 0 38 0 1 0 56
1260 9445 934 920 70 1 0 279 25 2 264 0 39 0 1 0 56
1261 9450 932 918 69 1 0 279 25 2 264 0 39 0 1 0 56
1262 9460 927 914 68 1 0 279 25 2 265 0 38 0 1 0 56
1263 9474 922 908 65 1 0 279 25 2 264 0 39 0 1 0 56
1264 9480 919 904 66 2 0 278 25 3 262 0 40 0 1 0 56
1265 9484 917 902 66 2 0 278 25 3 262 0 40 0 1 0 56
1266 9484 917 903 65 2 0 278 25 3 263 0 39 0 1 0 56
1267 9487 916 901 65 2 0 278 25 3 262 0 40 0 1 0 56
1268 9492 914 898 65 2 0 279 24 3 262 0 40 0 1 0 56
1269 9490 914 899 66 2 0 278 25 3 262 0 40 0 1 0 56
1270 9494 910 897 68 2 0 276 27 3 262 0 40 0 1 0 56
1271 9494 910 896 68 2 0 277 26 3 262 0 40 0 1 0 57
1272 9489 913 899 67 2 0 277 26 3 262 0 40 0 1 0 57
1273 9494 910 897 67 2 0 277 26 3 263 0 39 0 1 0 57
1274 9511 901 888 68 2 0 277 26 3 263 0 39 0 1 0 57
1275 9518 897 884 69 2 0 277 26 3 263 0 39 0 1 0 57
1276 9521 896 883 68 2 0 276 27 3 262 0 40 0 1 0 57
1277 9521 896 883 68 2 0 276 27 3 262 0 40 0 1 0 57
1278 9529 892 879 68 2 0 276 27 3 262 0 40 0 1 0 57
1279 9536 889 877 66 2 0 276 27 3 263 0 39 0 1 0 57
1280 9533 890 879 66 2 0 276 27 3 264 0 38 0 1 0 57
1281 9539 888 877 64 2 0 276 27 3 264 0 38 0 1 0 57
1282 9548 884 873 63 2 0 276 27 3 264 0 38 0 1 0 57
1283 9557 879 868 62 2 0 277 27 3 265 0 38 0 1 0 57
1284 9568 873 862 63 2 0 277 27 3 265 0 38 0 1 0 57
1285 9561 876 866 63 2 0 276 28 3 265 0 38 0 1 0 57
1286 9561 875 865 65 2 0 276 28 3 265 0 38 0 1 0 57
1287 9559 876 865 66 2 0 277 27 3 265 0 38 0 1 0 57
1288 9564 874 863 65 2 0 277 27 3 265 0 38 0 1 0 57
1289 9565 872 862 67 2 0 277 27 3 266 0 37 0 1 0 57
1290 9573 868 858 67 2 0 277 27 3 266 0 37 0 1 0 57
1291 9575 867 857 67 2 0 277 27 3 266 0 37 0 1 0 57
1292 9585 862 851 68 2 0 277 27 3 265 0 38 0 1 0 57
1293 9592 859 847 68 2 0 277 27 3 264 0 39 0 1 0 57
1294 9590 860 847 69 2 0 278 26 3 264 0 39 0 1 0 57
1295 9593 858 845 70 2 0 278 26 3 264 0 39 0 1 0 57
1296 9592 859 845 70 2 0 279 25 3 264 0 39 0 1 0 57
1297 9595 857 844 70 2 0 278 26 3 264 0 39 0 1 0 57
1298 9606 852 839 69 2 0 278 26 3 264 0 39 0 1 0 57
1299 9608 851 838 69 2 0 278 26 3 264 0 39 0 1 0 57
1300 9601 854 841 70 2 0 278 26 3 264 0 39 0 1 0 57
1301 9603 853 840 70 2 0 278 26 3 264 0 39 0 1 0 57
1302 9607 851 839 69 2 0 277 27 3 264 0 39 0 1 0 57
1303 9608 851 839 68 2 0 277 27 3 264 0 39 0 1 0 57
1304 9618 846 834 68 2 0 277 27 3 264 0 39 0 1 0 57
1305 9621 844 831 69 2 0 278 26 3 264 0 39 0 1 0 58
1306 9636 836 823 70 2 0 278 26 3 264 0 39 0 1 0 58
1307 9644 830 817 74 2 0 278 26 3 264 0 39 0 1 0 58
1308 9651 827 814 73 2 0 278 26 3 264 0 39 0 1 0 58
1309 9662 822 809 72 2 0 278 26 3 264 0 39 0 1 0 58
1310 9659 823 810 73 2 0 278 26 3 264 0 39 0 1 0 58
1311 9665 821 810 69 2 0 278 26 3 266 0 37 0 1 0 58
1312 9669 820 810 66 2 0 278 26 3 267 0 36 0 1 0 58
1313 9676 817 806 64 2 0 279 26 3 267 0 37 0 1 0 58
1314 9681 814 803 65 2 0 279 26 3 267 0 37 0 1 0 58
1315 9680 814 803 66 2 0 279 26 3 267 0 37 0 1 0 58
1316 9678 814 803 68 2 0 279 26 3 267 0 37 0 1 0 58
1317 9694 806 795 68 2 0 279 26 3 267 0 37 0 1 0 58
1318 9687 809 798 69 2 0 279 26 3 267 0 37 0 1 0 58
1319 9686 810 798 69 2 0 280 25 3 267 0 37 0 1 0 58
1320 9689 808 794 69 2 0 283 23 3 268 0 37 0 1 0 59
1321 9685 809 795 69 2 0 283 24 3 268 0 38 0 1 0 59
1322 9685 809 795 69 2 0 283 24 3 268 0 38 0 1 0 59
1323 9681 810 797 70 2 0 283 24 3 269 0 37 0 1 0 59
1324 9682 810 797 69 2 0 283 24 3 269 0 37 0 1 0 59
1325 9678 811 798 71 2 0 283 24 3 269 0 37 0 1 0 59
1326 9685 807 795 71 2 0 283 24 3 270 0 36 0 1 0 59
1327 9695 802 789 72 2 0 283 24 3 269 0 37 0 1 0 59
1328 9703 798 786 71 2 0 283 24 3 270 0 36 0 1 0 59
1329 9700 799 787 72 2 0 283 24 3 270 0 36 0 1 0 59
1330 9707 796 782 71 2 0 284 24 3 269 0 38 0 1 0 59
1331 9716 792 778 70 2 0 284 24 3 269 0 38 0 1 0 59
1332 9715 793 779 69 2 0 284 24 3 269 0 38 0 1 0 59
1333 9722 790 776 68 2 0 284 24 3 269 0 38 0 1 0 59
1334 9725 790 775 66 2 0 285 23 3 269 0 38 0 1 0 59
1335 9723 791 777 65 2 0 285 23 3 270 0 37 0 1 0 59
1336 9726 789 775 66 2 0 285 23 3 270 0 37 0 1 0 59
1337 9737 783 771 65 2 0 285 23 3 272 0 35 0 1 0 59
1338 9735 783 772 66 2 0 285 23 3 273 0 34 0 1 0 59
1339 9739 782 771 64 2 0 285 23 3 273 0 34 0 1 0 59
1340 9744 779 768 65 2 0 285 23 3 273 0 34 0 1 0 59
1341 9747 779 768 62 2 0 285 23 3 273 0 34 0 1 0 59
1342 9754 776 764 62 2 0 286 22 3 273 0 34 0 1 0 59
1343 9752 777 765 62 2 0 286 22 3 273 0 34 0 1 0 59
1344 9768 768 757 63 2 0 286 22 3 274 0 33 0 1 0 59
1345 9765 769 760 62 2 0 286 22 3 276 0 31 0 1 0 59
1346 9773 766 756 61 2 0 287 21 3 276 0 31 0 1 0 59
1347 9777 764 754 61 2 0 287 21 3 276 0 31 0 1 0 59
1348 9779 764 753 60 2 0 287 21 3 275 0 32 0 1 0 59
1349 9789 759 748 60 2 0 287 21 3 275 0 32 0 1 0 59
1350 9793 757 746 60 2 0 287 21 3 275 0 32 0 1 0 59
1351 9781 763 751 61 2 0 287 21 3 274 0 33 0 1 0 59
1352 9782 761 750 63 2 0 287 21 3 275 0 32 0 1 0 59
1353 9780 760 750 66 2 0 286 22 3 275 0 32 0 1 0 59
1354 9784 758 748 66 2 0 287 21 3 276 0 31 0 1 0 59
1355 9790 755 745 66 2 0 287 21 3 276 0 31 0 1 0 59
1356 9786 757 748 65 2 0 287 21 3 277 0 30 0 1 0 59
1357 9786 757 748 65 2 0 287 21 3 277 0 30 0 1 0 59
1358 9778 761 752 65 2 0 287 21 3 277 0 30 0 1 0 59
1359 9784 758 749 65 2 0 287 21 3 277 0 30 0 1 0 59
1360 9791 755 745 65 2 0 288 20 3 277 0 30 0 1 0 59
1361 9803 749 741 63 2 0 287 21 3 278 0 29 0 1 0 59
1362 9796 752 744 64 2 0 287 21 3 278 0 29 0 1 0 59
1363 9802 749 740 65 2 0 288 20 3 278 0 29 0 1 0 59
1364 9802 749 741 64 2 0 288 20 3 279 0 28 0 1 0 59
1365 9801 749 741 65 2 0 288 20 3 279 0 28 0 1 0 59
1366 9808 745 737 66 2 0 288 20 3 279 0 28 0 1 0 59
1367 9809 746 738 63 2 0 288 20 3 279 0 28 0 1 0 59
1368 9814 744 736 62 3 0 287 20 4 278 0 28 0 1 0 59
1369 9816 743 735 62 3 0 287 20 4 278 0 28 0 1 0 59
1370 9815 744 736 61 3 0 287 20 4 278 0 28 0 1 0 59
1371 9820 742 733 61 3 0 288 19 4 278 0 28 0 1 0 59
1372 9827 739 731 59 3 0 288 19 4 279 0 27 0 1 0 59
1373 9831 737 729 59 3 0 288 19 4 279 0 27 0 1 0 59
1374 9831 737 729 59 3 0 288 19 4 279 0 27 0 1 0 59
1375 9832 736 729 59 3 0 287 20 4 279 0 27 0 1 0 59
1376 9825 739 732 60 3 0 287 20 4 279 0 27 0 1 0 59
1377 9828 738 731 59 3 0 287 20 4 279 0 27 0 1 0 59
1378 9834 734 727 61 3 0 287 20 4 279 0 27 0 1 0 59
1379 9852 724 719 61 3 0 287 20 4 281 0 25 0 1 0 59
1380 9848 726 721 61 3 0 287 20 4 281 0 25 0 1 0 59
1381 9853 724 718 61 3 0 288 19 4 281 0 25 0 1 0 59
1382 9852 725 719 60 3 0 288 19 4 281 0 25 0 1 0 59
1383 9849 727 721 59 3 0 288 19 4 281 0 25 0 1 0 59
1384 9857 726 719 54 4 0 287 19 5 279 0 26 0 1 0 59
1385 9862 724 717 53 4 0 287 19 5 279 0 26 0 1 0 59
1386 9857 726 719 54 4 0 287 19 5 279 0 26 0 1 0 59
1387 9859 727 719 51 4 0 288 18 5 279 0 26 0 1 0 59
1388 9862 726 718 50 4 0 288 18 5 279 0 26 0 1 0 59
1389 9863 726 718 49 4 0 288 18 5 279 0 26 0 1 0 59
1390 9863 726 718 49 4 0 288 18 5 279 0 26 0 1 0 59
1391 9865 725 717 49 4 0 288 18 5 279 0 26 0 1 0 59
1392 9873 722 712 49 4 0 289 17 5 278 0 27 0 1 0 59
1393 9871 723 713 49 4 0 289 17 5 278 0 27 0 1 0 59
1394 9874 722 712 48 4 0 289 17 5 278 0 27 0 1 0 59
1395 9887 715 705 49 4 0 289 17 5 278 0 27 0 1 0 59
1396 9887 715 705 49 4 0 289 17 5 278 0 27 0 1 0 59
1397 9887 715 704 48 4 0 290 17 5 278 0 28 0 1 0 59
1398 9890 713 702 49 4 0 290 17 5 278 0 28 0 1 0 59
1399 9896 711 700 47 4 0 290 17 5 278 0 28 0 1 0 59
1400 9898 710 699 47 4 0 290 17 5 278 0 28 0 1 0 59
1401 9896 711 700 47 4 0 290 17 5 278 0 28 0 1 0 59
1402 9903 708 698 45 4 0 290 17 5 279 0 27 0 1 0 59
1403 9908 705 696 45 4 0 289 18 5 279 0 27 0 1 0 59
1404 9905 707 697 45 4 0 289 18 5 278 0 28 0 1 0 59
1405 9913 703 694 44 4 0 289 18 5 279 0 27 0 1 0 59
1406 9919 700 691 44 4 0 289 18 5 279 0 27 0 1 0 59
1407 9918 701 692 43 4 0 288 19 5 278 0 28 0 1 0 59
1408 9911 705 696 42 4 0 288 19 5 278 0 28 0 1 0 59
1409 9922 699 690 41 4 0 289 19 5 279 0 28 0 1 0 59
1410 9929 696 687 40 5 0 288 19 6 278 0 28 0 1 0 59
1411 9930 695 686 41 5 0 288 19 6 278 0 28 0 1 0 59
1412 9934 693 684 41 5 0 288 19 6 278 0 28 0 1 0 59
1413 9939 690 683 40 5 0 288 19 6 280 0 26 0 1 0 59
1414 9943 688 681 40 5 0 288 19 6 280 0 26 0 1 0 59
1415 9946 686 680 40 5 0 288 19 6 281 0 25 0 1 0 59
1416 9947 686 680 39 5 0 288 19 6 281 0 25 0 1 0 59
1417 9945 686 680 41 5 0 288 19 6 281 0 25 0 1 0 59
1418 9949 684 677 42 5 0 289 18 6 281 0 25 0 1 0 59
1419 9954 681 675 42 5 0 289 18 6 282 0 24 0 1 0 59
1420 9958 680 674 40 5 0 290 17 6 283 0 23 0 1 0 59
1421 9962 678 673 39 5 0 290 17 6 284 0 22 0 1 0 59
1422 9965 676 672 39 5 0 290 17 6 285 0 21 0 1 0 59
1423 9967 675 671 39 5 0 290 17 6 285 0 21 0 1 0 59
1424 9968 675 672 37 5 0 289 18 6 285 0 21 0 1 0 59
1425 9970 674 671 37 5 0 289 18 6 285 0 21 0 1 0 59
1426 9977 671 668 36 5 0 289 18 6 285 0 21 0 1 0 59
1427 9982 669 666 35 5 0 289 18 6 285 0 21 0 1 0 59
1428 9980 670 667 35 5 0 289 18 6 285 0 21 0 1 0 59
1429 9987 667 663 35 5 0 290 17 6 285 0 21 0 1 0 59
1430 9991 665 661 35 5 0 290 17 6 285 0 21 0 1 0 59
1431 9985 668 664 35 5 0 290 17 6 285 0 21 0 1 0 59
1432 9981 670 665 35 5 0 291 16 6 285 0 21 0 1 0 60
1433 9989 667 661 34 5 0 292 15 6 285 0 21 0 1 0 60
1434 9997 663 657 34 5 0 292 15 6 285 0 21 0 1 0 60
1435 9998 662 656 35 5 0 292 15 6 285 0 21 0 1 0 60
1436 10005 660 653 33 5 0 293 14 6 285 0 21 0 1 0 60
1437 10007 660 653 31 5 0 293 14 6 285 0 21 0 1 0 60
1438 10015 656 649 31 5 0 293 14 6 285 0 21 0 1 0 60
1439 10018 656 647 30 5 0 295 12 6 285 0 21 0 1 0 60
1440 10018 656 647 30 5 0 295 12 6 285 0 21 0 1 0 60
1441 10012 659 650 30 5 0 295 12 6 285 0 21 0 1 0 60
1442 10019 655 647 30 5 0 294 13 6 285 0 21 0 1 0 60
1443 10024 652 644 31 5 0 294 13 6 285 0 21 0 1 0 60
1444 10030 650 642 29 5 0 294 13 6 285 0 21 0 1 0 60
1445 10028 652 643 28 5 0 294 13 6 284 0 22 0 1 0 60
1446 10031 651 642 27 5 0 294 13 6 284 0 22 0 1 0 60
1447 10027 653 644 27 5 0 294 13 6 284 0 22 0 1 0 60
1448 10027 653 644 27 5 0 294 13 6 284 0 22 0 1 0 60
1449 10029 652 643 27 5 0 294 13 6 284 0 22 0 1 0 60
1450 10034 651 641 25 5 0 295 12 6 284 0 22 0 1 0 60
1451 10045 645 635 26 5 0 295 12 6 284 0 22 0 1 0 60
1452 10045 645 635 26 5 0 295 12 6 284 0 22 0 1 0 60
1453 10059 638 628 26 5 0 295 12 6 284 0 22 0 1 0 60
1454 10059 638 628 26 5 0 295 12 6 284 0 22 0 1 0 60
1455 10060 637 628 26 5 0 294 13 6 284 0 22 0 1 0 60
1456 10061 637 628 25 5 0 294 13 6 284 0 22 0 1 0 60
1457 10057 639 630 25 5 0 294 13 6 284 0 22 0 1 0 60
1458 10055 640 631 25 5 0 294 13 6 284 0 22 0 1 0 60
1459 10065 635 626 25 5 0 294 13 6 284 0 22 0 1 0 60
1460 10064 635 626 26 5 0 294 13 6 284 0 22 0 1 0 60
1461 10063 636 627 25 5 0 294 13 6 284 0 22 0 1 0 60
1462 10074 630 621 26 5 0 294 13 6 284 0 22 0 1 0 60
1463 10077 629 620 25 5 0 294 13 6 284 0 22 0 1 0 60
1464 10083 626 617 25 5 0 294 13 6 284 0 22 0 1 0 60
1465 10088 623 614 26 5 0 294 13 6 284 0 22 0 1 0 60
1466 10091 622 613 25 5 0 294 13 6 284 0 22 0 1 0 60
1467 10093 621 612 25 5 0 294 13 6 284 0 22 0 1 0 60
1468 10084 626 617 24 5 0 294 13 6 284 0 22 0 1 0 60
1469 10092 622 613 24 5 0 294 13 6 284 0 22 0 1 0 60
1470 10093 622 614 22 5 0 293 14 6 284 0 22 0 1 0 60
1471 10095 622 615 19 5 0 292 15 6 284 0 22 0 1 0 60
1472 10100 620 613 18 5 0 292 15 6 284 0 22 0 1 0 60
1473 10100 620 614 17 5 0 292 15 6 285 0 21 0 1 0 60
1474 10100 620 614 17 5 0 292 15 6 285 0 21 0 1 0 60
1475 10104 618 612 17 5 0 292 15 6 285 0 21 0 1 0 60
1476 10101 619 613 18 5 0 292 15 6 285 0 21 0 1 0 60
1477 10102 618 613 18 5 0 292 15 6 286 0 20 0 1 0 60
1478 10114 612 607 18 5 0 292 15 6 286 0 20 0 1 0 60
1479 10117 611 605 18 5 0 292 15 6 285 0 21 0 1 0 60
1480 10117 611 605 18 5 0 292 15 6 285 0 21 0 1 0 60
1481 10117 611 605 18 5 0 292 15 6 285 0 21 0 1 0 60
1482 10123 608 602 18 5 0 292 15 6 285 0 21 0 1 0 60
1483 10128 605 600 18 5 0 291 16 6 285 0 21 0 1 0 60
1484 10134 602 597 18 5 0 291 16 6 285 0 21 0 1 0 60
1485 10140 599 594 18 5 0 291 16 6 285 0 21 0 1 0 60
1486 10145 596 591 19 5 0 291 16 6 285 0 21 0 1 0 60
1487 10146 596 591 18 5 0 291 16 6 285 0 21 0 1 0 60
1488 10152 593 588 18 5 0 291 16 6 285 0 21 0 1 0 60
1489 10154 592 587 18 5 0 291 16 6 285 0 21 0 1 0 60
1490 10146 596 591 18 5 0 291 16 6 285 0 21 0 1 0 60
1491 10150 594 589 18 5 0 291 16 6 285 0 21 0 1 0 60
1492 10142 598 593 18 5 0 291 16 6 285 0 21 0 1 0 60
1493 10155 591 587 18 5 0 290 17 6 285 0 21 0 1 0 60
1494 10159 589 585 18 5 0 290 17 6 285 0 21 0 1 0 60
1495 10166 585 581 19 5 0 290 17 6 285 0 21 0 1 0 60
1496 10162 588 582 19 5 0 290 17 6 283 0 23 0 1 0 60
1497 10172 583 577 19 5 0 290 17 6 283 0 23 0 1 0 60
1498 10174 582 576 19 5 0 290 17 6 283 0 23 0 1 0 60
1499 10175 581 575 20 5 0 290 17 6 283 0 23 0 1 0 60
1500 10176 580 574 21 5 0 290 17 6 283 0 23 0 1 0 60
