0 4425 6150
1 4384 6191
2 4323 6252
3 4348 6227
4 4318 6257
5 4284 6291
6 4295 6280
7 4282 6293
8 4275 6300
9 4283 6292
10 4261 6314
11 4263 6312
12 4241 6334
13 4258 6317
14 4259 6316
15 4216 6359
16 4237 6338
17 4262 6313
18 4305 6270
19 4312 6263
20 4290 6285
21 4289 6286
22 4272 6303
23 4243 6332
24 4259 6316
25 4248 6327
26 4243 6332
27 4251 6324
28 4261 6314
29 4293 6282
30 4306 6269
31 4257 6318
32 4263 6312
33 4270 6305
34 4266 6309
35 4276 6299
36 4293 6282
37 4319 6256
38 4318 6257
39 4316 6259
40 4270 6305
41 4271 6304
42 4266 6309
43 4267 6308
44 4246 6329
45 4271 6304
46 4295 6280
47 4294 6281
48 4305 6270
49 4280 6295
50 4252 6323
51 4266 6309
52 4282 6293
53 4262 6313
54 4272 6303
55 4290 6285
56 4266 6309
57 4262 6313
58 4281 6294
59 4276 6299
60 4256 6319
61 4256 6319
62 4269 6306
63 4272 6303
64 4276 6299
65 4281 6294
66 4240 6335
67 4230 6345
68 4229 6346
69 4226 6349
70 4233 6342
71 4225 6350
72 4219 6356
73 4197 6378
74 4190 6385
75 4173 6402
76 4193 6382
77 4167 6408
78 4144 6431
79 4134 6441
80 4143 6432
81 4140 6435
82 4146 6429
83 4149 6426
84 4152 6423
85 4139 6436
86 4143 6432
87 4148 6427
88 4164 6411
89 4175 6400
90 4165 6410
91 4182 6393
92 4195 6380
93 4196 6379
94 4182 6393
95 4215 6360
96 4202 6373
97 4183 6392
98 4146 6429
99 4183 6392
100 4205 6370
101 4184 6391
102 4202 6373
103 4198 6377
104 4213 6362
105 4199 6376
106 4189 6386
107 4174 6401
108 4185 6390
109 4202 6373
110 4211 6364
111 4199 6376
112 4194 6381
113 4218 6357
114 4213 6362
115 4204 6371
116 4216 6359
117 4224 6351
118 4241 6334
119 4257 6318
120 4264 6311
121 4267 6308
122 4244 6331
123 4210 6365
124 4221 6354
125 4247 6328
126 4266 6309
127 4278 6297
128 4269 6306
129 4290 6285
130 4284 6291
131 4255 6320
132 4232 6343
133 4240 6335
134 4248 6327
135 4247 6328
136 4215 6360
137 4233 6342
138 4242 6333
139 4258 6317
140 4230 6345
141 4248 6327
142 4244 6331
143 4248 6327
144 4271 6304
145 4259 6316
146 4271 6304
147 4306 6269
148 4306 6269
149 4274 6301
150 4273 6302
151 4291 6284
152 4305 6270
153 4303 6272
154 4303 6272
155 4302 6273
156 4292 6283
157 4287 6288
158 4268 6307
159 4275 6300
160 4276 6299
161 4283 6292
162 4259 6316
163 4271 6304
164 4272 6303
165 4295 6280
166 4320 6255
167 4336 6239
168 4355 6220
169 4372 6203
170 4344 6231
171 4339 6236
172 4340 6235
173 4345 6230
174 4326 6249
175 4346 6229
176 4372 6203
177 4377 6198
178 4383 6192
179 4392 6183
180 4382 6193
181 4405 6170
182 4403 6172
183 4406 6169
184 4409 6166
185 4380 6195
186 4368 6207
187 4387 6188
188 4375 6200
189 4377 6198
190 4353 6222
191 4350 6225
192 4326 6249
193 4306 6269
194 4318 6257
195 4347 6228
196 4333 6242
197 4315 6260
198 4328 6247
199 4312 6263
200 4303 6272
201 4291 6284
202 4292 6283
203 4315 6260
204 4304 6271
205 4310 6265
206 4296 6279
207 4307 6268
208 4288 6287
209 4299 6276
210 4297 6278
211 4299 6276
212 4276 6299
213 4278 6297
214 4314 6261
215 4319 6256
216 4304 6271
217 4297 6278
218 4320 6255
219 4304 6271
220 4360 6215
221 4363 6212
222 4340 6235
223 4355 6220
224 4335 6240
225 4341 6234
226 4353 6222
227 4353 6222
228 4370 6205
229 4352 6223
230 4330 6245
231 4308 6267
232 4295 6280
233 4281 6294
234 4278 6297
235 4256 6319
236 4237 6338
237 4246 6329
238 4262 6313
239 4276 6299
240 4260 6315
241 4257 6318
242 4231 6344
243 4197 6378
244 4205 6370
245 4219 6356
246 4234 6341
247 4253 6322
248 4278 6297
249 4283 6292
250 4265 6310
251 4277 6298
252 4286 6289
253 4258 6317
254 4266 6309
255 4264 6311
256 4293 6282
257 4337 6238
258 4356 6219
259 4368 6207
260 4369 6206
261 4327 6248
262 4320 6255
263 4325 6250
264 4349 6226
265 4329 6246
266 4335 6240
267 4343 6232
268 4361 6214
269 4351 6224
270 4377 6198
271 4337 6238
272 4358 6217
273 4371 6204
274 4357 6218
275 4349 6226
276 4354 6221
277 4364 6211
278 4368 6207
279 4374 6201
280 4394 6181
281 4392 6183
282 4402 6173
283 4392 6183
284 4368 6207
285 4360 6215
286 4353 6222
287 4338 6237
288 4353 6222
289 4375 6200
290 4346 6229
291 4322 6253
292 4334 6241
293 4343 6232
294 4368 6207
295 4375 6200
296 4364 6211
297 4389 6186
298 4409 6166
299 4399 6176
300 4401 6174
301 4392 6183
302 4370 6205
303 4377 6198
304 4372 6203
305 4382 6193
306 4377 6198
307 4357 6218
308 4327 6248
309 4328 6247
310 4324 6251
311 4321 6254
312 4351 6224
313 4341 6234
314 4336 6239
315 4346 6229
316 4353 6222
317 4346 6229
318 4307 6268
319 4319 6256
320 4325 6250
321 4331 6244
322 4346 6229
323 4302 6273
324 4302 6273
325 4327 6248
326 4283 6292
327 4257 6318
328 4255 6320
329 4304 6271
330 4282 6293
331 4290 6285
332 4291 6284
333 4306 6269
334 4301 6274
335 4317 6258
336 4331 6244
337 4309 6266
338 4325 6250
339 4294 6281
340 4315 6260
341 4323 6252
342 4327 6248
343 4326 6249
344 4309 6266
345 4310 6265
346 4321 6254
347 4325 6250
348 4315 6260
349 4316 6259
350 4314 6261
351 4337 6238
352 4330 6245
353 4327 6248
354 4339 6236
355 4333 6242
356 4351 6224
357 4390 6185
358 4394 6181
359 4376 6199
360 4399 6176
361 4395 6180
362 4412 6163
363 4405 6170
364 4405 6170
365 4393 6182
366 4376 6199
367 4367 6208
368 4364 6211
369 4392 6183
370 4389 6186
371 4402 6173
372 4383 6192
373 4417 6158
374 4445 6130
375 4442 6133
376 4416 6159
377 4425 6150
378 4444 6131
379 4422 6153
380 4434 6141
381 4445 6130
382 4414 6161
383 4437 6138
384 4434 6141
385 4435 6140
386 4427 6148
387 4409 6166
388 4441 6134
389 4450 6125
390 4450 6125
391 4433 6142
392 4417 6158
393 4435 6140
394 4450 6125
395 4452 6123
396 4459 6116
397 4450 6125
398 4427 6148
399 4427 6148
400 4401 6174
401 4376 6199
402 4360 6215
403 4348 6227
404 4386 6189
405 4404 6171
406 4426 6149
407 4427 6148
408 4426 6149
409 4402 6173
410 4407 6168
411 4415 6160
412 4415 6160
413 4392 6183
414 4386 6189
415 4392 6183
416 4415 6160
417 4426 6149
418 4400 6175
419 4394 6181
420 4404 6171
421 4392 6183
422 4407 6168
423 4399 6176
424 4390 6185
425 4383 6192
426 4365 6210
427 4375 6200
428 4359 6216
429 4419 6156
430 4417 6158
431 4408 6167
432 4375 6200
433 4372 6203
434 4413 6162
435 4390 6185
436 4389 6186
437 4397 6178
438 4401 6174
439 4426 6149
440 4433 6142
441 4445 6130
442 4458 6117
443 4450 6125
444 4464 6111
445 4473 6102
446 4466 6109
447 4449 6126
448 4483 6092
449 4461 6114
450 4482 6093
451 4461 6114
452 4438 6137
453 4426 6149
454 4420 6155
455 4442 6133
456 4464 6111
457 4483 6092
458 4469 6106
459 4478 6097
460 4482 6093
461 4463 6112
462 4468 6107
463 4470 6105
464 4483 6092
465 4455 6120
466 4457 6118
467 4438 6137
468 4430 6145
469 4467 6108
470 4474 6101
471 4465 6110
472 4453 6122
473 4438 6137
474 4441 6134
475 4488 6087
476 4465 6110
477 4431 6144
478 4404 6171
479 4415 6160
480 4387 6188
481 4399 6176
482 4387 6188
483 4425 6150
484 4440 6135
485 4435 6140
486 4453 6122
487 4463 6112
488 4453 6122
489 4473 6102
490 4465 6110
491 4498 6077
492 4498 6077
493 4496 6079
494 4469 6106
495 4478 6097
496 4477 6098
497 4463 6112
498 4436 6139
499 4440 6135
500 4441 6134
501 4418 6157
502 4403 6172
503 4383 6192
504 4399 6176
505 4378 6197
506 4352 6223
507 4336 6239
508 4301 6274
509 4294 6281
510 4301 6274
511 4315 6260
512 4323 6252
513 4351 6224
514 4335 6240
515 4322 6253
516 4315 6260
517 4336 6239
518 4347 6228
519 4333 6242
520 4324 6251
521 4344 6231
522 4353 6222
523 4340 6235
524 4359 6216
525 4379 6196
526 4372 6203
527 4382 6193
528 4399 6176
529 4393 6182
530 4399 6176
531 4405 6170
532 4397 6178
533 4391 6184
534 4397 6178
535 4406 6169
536 4402 6173
537 4424 6151
538 4413 6162
539 4411 6164
540 4400 6175
541 4366 6209
542 4384 6191
543 4369 6206
544 4371 6204
545 4360 6215
546 4374 6201
547 4417 6158
548 4429 6146
549 4413 6162
550 4416 6159
551 4438 6137
552 4412 6163
553 4427 6148
554 4411 6164
555 4425 6150
556 4408 6167
557 4427 6148
558 4419 6156
559 4402 6173
560 4372 6203
561 4389 6186
562 4420 6155
563 4419 6156
564 4449 6126
565 4430 6145
566 4432 6143
567 4437 6138
568 4456 6119
569 4441 6134
570 4446 6129
571 4416 6159
572 4399 6176
573 4405 6170
574 4430 6145
575 4452 6123
576 4449 6126
577 4447 6128
578 4483 6092
579 4489 6086
580 4488 6087
581 4471 6104
582 4479 6096
583 4482 6093
584 4481 6094
585 4481 6094
586 4485 6090
587 4479 6096
588 4488 6087
589 4474 6101
590 4468 6107
591 4450 6125
592 4447 6128
593 4458 6117
594 4436 6139
595 4444 6131
596 4441 6134
597 4440 6135
598 4421 6154
599 4424 6151
600 4426 6149
601 4442 6133
602 4440 6135
603 4431 6144
604 4463 6112
605 4455 6120
606 4447 6128
607 4465 6110
608 4466 6109
609 4478 6097
610 4465 6110
611 4481 6094
612 4455 6120
613 4459 6116
614 4471 6104
615 4479 6096
616 4481 6094
617 4476 6099
618 4469 6106
619 4468 6107
620 4461 6114
621 4444 6131
622 4439 6136
623 4436 6139
624 4463 6112
625 4460 6115
626 4495 6080
627 4480 6095
628 4457 6118
629 4445 6130
630 4442 6133
631 4443 6132
632 4460 6115
633 4459 6116
634 4455 6120
635 4435 6140
636 4424 6151
637 4395 6180
638 4382 6193
639 4382 6193
640 4420 6155
641 4420 6155
642 4450 6125
643 4429 6146
644 4430 6145
645 4446 6129
646 4443 6132
647 4447 6128
648 4461 6114
649 4454 6121
650 4425 6150
651 4408 6167
652 4432 6143
653 4409 6166
654 4425 6150
655 4410 6165
656 4396 6179
657 4407 6168
658 4394 6181
659 4420 6155
660 4397 6178
661 4379 6196
662 4389 6186
663 4373 6202
664 4361 6214
665 4367 6208
666 4363 6212
667 4359 6216
668 4364 6211
669 4347 6228
670 4365 6210
671 4370 6205
672 4380 6195
673 4382 6193
674 4403 6172
675 4420 6155
676 4389 6186
677 4383 6192
678 4376 6199
679 4376 6199
680 4362 6213
681 4392 6183
682 4394 6181
683 4376 6199
684 4398 6177
685 4416 6159
686 4422 6153
687 4431 6144
688 4439 6136
689 4441 6134
690 4450 6125
691 4439 6136
692 4447 6128
693 4420 6155
694 4432 6143
695 4414 6161
696 4398 6177
697 4424 6151
698 4412 6163
699 4425 6150
700 4423 6152
701 4439 6136
702 4432 6143
703 4432 6143
704 4425 6150
705 4405 6170
706 4401 6174
707 4414 6161
708 4382 6193
709 4384 6191
710 4383 6192
711 4367 6208
712 4393 6182
713 4379 6196
714 4388 6187
715 4392 6183
716 4399 6176
717 4398 6177
718 4379 6196
719 4392 6183
720 4374 6201
721 4360 6215
722 4350 6225
723 4387 6188
724 4366 6209
725 4374 6201
726 4374 6201
727 4366 6209
728 4355 6220
729 4348 6227
730 4343 6232
731 4351 6224
732 4348 6227
733 4360 6215
734 4365 6210
735 4353 6222
736 4356 6219
737 4375 6200
738 4377 6198
739 4360 6215
740 4361 6214
741 4365 6210
742 4376 6199
743 4411 6164
744 4421 6154
745 4442 6133
746 4443 6132
747 4460 6115
748 4458 6117
749 4457 6118
750 4449 6126
751 4417 6158
752 4409 6166
753 4411 6164
754 4422 6153
755 4403 6172
756 4429 6146
757 4441 6134
758 4471 6104
759 4437 6138
760 4480 6095
761 4472 6103
762 4483 6092
763 4506 6069
764 4542 6033
765 4538 6037
766 4535 6040
767 4528 6047
768 4509 6066
769 4527 6048
770 4523 6052
771 4512 6063
772 4489 6086
773 4484 6091
774 4474 6101
775 4500 6075
776 4496 6079
777 4494 6081
778 4500 6075
779 4526 6049
780 4509 6066
781 4516 6059
782 4517 6058
783 4517 6058
784 4504 6071
785 4519 6056
786 4504 6071
787 4488 6087
788 4488 6087
789 4496 6079
790 4494 6081
791 4518 6057
792 4516 6059
793 4505 6070
794 4507 6068
795 4506 6069
796 4502 6073
797 4482 6093
798 4458 6117
799 4442 6133
800 4447 6128
801 4470 6105
802 4477 6098
803 4489 6086
804 4483 6092
805 4466 6109
806 4467 6108
807 4439 6136
808 4422 6153
809 4432 6143
810 4429 6146
811 4412 6163
812 4404 6171
813 4407 6168
814 4394 6181
815 4367 6208
816 4360 6215
817 4364 6211
818 4347 6228
819 4345 6230
820 4375 6200
821 4391 6184
822 4405 6170
823 4424 6151
824 4430 6145
825 4441 6134
826 4452 6123
827 4417 6158
828 4412 6163
829 4420 6155
830 4395 6180
831 4407 6168
832 4441 6134
833 4436 6139
834 4428 6147
835 4433 6142
836 4449 6126
837 4429 6146
838 4441 6134
839 4446 6129
840 4464 6111
841 4457 6118
842 4443 6132
843 4446 6129
844 4470 6105
845 4442 6133
846 4454 6121
847 4461 6114
848 4488 6087
849 4466 6109
850 4444 6131
851 4447 6128
852 4425 6150
853 4437 6138
854 4443 6132
855 4437 6138
856 4433 6142
857 4436 6139
858 4417 6158
859 4439 6136
860 4423 6152
861 4447 6128
862 4435 6140
863 4471 6104
864 4492 6083
865 4475 6100
866 4451 6124
867 4469 6106
868 4491 6084
869 4494 6081
870 4476 6099
871 4493 6082
872 4502 6073
873 4509 6066
874 4501 6074
875 4496 6079
876 4467 6108
877 4473 6102
878 4456 6119
879 4453 6122
880 4445 6130
881 4439 6136
882 4436 6139
883 4451 6124
884 4452 6123
885 4457 6118
886 4452 6123
887 4470 6105
888 4462 6113
889 4462 6113
890 4442 6133
891 4454 6121
892 4474 6101
893 4481 6094
894 4493 6082
895 4473 6102
896 4481 6094
897 4448 6127
898 4451 6124
899 4459 6116
900 4453 6122
901 4450 6125
902 4454 6121
903 4468 6107
904 4482 6093
905 4487 6088
906 4466 6109
907 4466 6109
908 4488 6087
909 4466 6109
910 4458 6117
911 4456 6119
912 4450 6125
913 4473 6102
914 4464 6111
915 4454 6121
916 4455 6120
917 4444 6131
918 4438 6137
919 4425 6150
920 4380 6195
921 4393 6182
922 4417 6158
923 4408 6167
924 4414 6161
925 4412 6163
926 4388 6187
927 4389 6186
928 4409 6166
929 4412 6163
930 4422 6153
931 4434 6141
932 4420 6155
933 4444 6131
934 4445 6130
935 4431 6144
936 4449 6126
937 4437 6138
938 4440 6135
939 4405 6170
940 4395 6180
941 4418 6157
942 4433 6142
943 4421 6154
944 4410 6165
945 4417 6158
946 4406 6169
947 4424 6151
948 4447 6128
949 4434 6141
950 4448 6127
951 4453 6122
952 4462 6113
953 4453 6122
954 4460 6115
955 4480 6095
956 4463 6112
957 4450 6125
958 4470 6105
959 4484 6091
960 4485 6090
961 4487 6088
962 4495 6080
963 4492 6083
964 4462 6113
965 4490 6085
966 4496 6079
967 4490 6085
968 4480 6095
969 4491 6084
970 4473 6102
971 4479 6096
972 4451 6124
973 4449 6126
974 4479 6096
975 4474 6101
976 4450 6125
977 4483 6092
978 4516 6059
979 4496 6079
980 4501 6074
981 4529 6046
982 4539 6036
983 4548 6027
984 4547 6028
985 4568 6007
986 4574 6001
987 4567 6008
988 4544 6031
989 4570 6005
990 4559 6016
991 4572 6003
992 4550 6025
993 4519 6056
994 4551 6024
995 4546 6029
996 4558 6017
997 4563 6012
998 4542 6033
999 4567 6008
1000 4579 5996
1001 4592 5983
1002 4592 5983
1003 4591 5984
1004 4599 5976
1005 4584 5991
1006 4598 5977
1007 4569 6006
1008 4599 5976
1009 4601 5974
1010 4612 5963
1011 4577 5998
1012 4565 6010
1013 4578 5997
1014 4571 6004
1015 4579 5996
1016 4607 5968
1017 4609 5966
1018 4622 5953
1019 4627 5948
1020 4598 5977
1021 4595 5980
1022 4569 6006
1023 4558 6017
1024 4586 5989
1025 4617 5958
1026 4602 5973
1027 4599 5976
1028 4598 5977
1029 4605 5970
1030 4591 5984
1031 4619 5956
1032 4632 5943
1033 4613 5962
1034 4629 5946
1035 4632 5943
1036 4616 5959
1037 4588 5987
1038 4552 6023
1039 4530 6045
1040 4557 6018
1041 4548 6027
1042 4537 6038
1043 4503 6072
1044 4506 6069
1045 4492 6083
1046 4478 6097
1047 4489 6086
1048 4487 6088
1049 4497 6078
1050 4503 6072
1051 4497 6078
1052 4481 6094
1053 4468 6107
1054 4470 6105
1055 4490 6085
1056 4498 6077
1057 4503 6072
1058 4476 6099
1059 4474 6101
1060 4490 6085
1061 4475 6100
1062 4481 6094
1063 4486 6089
1064 4449 6126
1065 4433 6142
1066 4446 6129
1067 4465 6110
1068 4460 6115
1069 4454 6121
1070 4458 6117
1071 4441 6134
1072 4432 6143
1073 4427 6148
1074 4441 6134
1075 4442 6133
1076 4424 6151
1077 4417 6158
1078 4411 6164
1079 4441 6134
1080 4446 6129
1081 4427 6148
1082 4417 6158
1083 4439 6136
1084 4445 6130
1085 4461 6114
1086 4446 6129
1087 4427 6148
1088 4434 6141
1089 4417 6158
1090 4433 6142
1091 4462 6113
1092 4479 6096
1093 4486 6089
1094 4484 6091
1095 4478 6097
1096 4485 6090
1097 4499 6076
1098 4522 6053
1099 4500 6075
1100 4503 6072
1101 4502 6073
1102 4472 6103
1103 4486 6089
1104 4472 6103
1105 4462 6113
1106 4472 6103
1107 4504 6071
1108 4498 6077
1109 4496 6079
1110 4492 6083
1111 4498 6077
1112 4514 6061
1113 4502 6073
1114 4494 6081
1115 4488 6087
1116 4511 6064
1117 4511 6064
1118 4494 6081
1119 4496 6079
1120 4475 6100
1121 4476 6099
1122 4486 6089
1123 4490 6085
1124 4505 6070
1125 4482 6093
1126 4470 6105
1127 4494 6081
1128 4496 6079
1129 4464 6111
1130 4469 6106
1131 4451 6124
1132 4436 6139
1133 4455 6120
1134 4439 6136
1135 4454 6121
1136 4433 6142
1137 4407 6168
1138 4407 6168
1139 4423 6152
1140 4403 6172
1141 4398 6177
1142 4404 6171
1143 4427 6148
1144 4409 6166
1145 4441 6134
1146 4422 6153
1147 4424 6151
1148 4423 6152
1149 4437 6138
1150 4432 6143
1151 4456 6119
1152 4448 6127
1153 4427 6148
1154 4422 6153
1155 4383 6192
1156 4393 6182
1157 4393 6182
1158 4422 6153
1159 4443 6132
1160 4436 6139
1161 4454 6121
1162 4437 6138
1163 4458 6117
1164 4479 6096
1165 4452 6123
1166 4467 6108
1167 4467 6108
1168 4477 6098
1169 4475 6100
1170 4434 6141
1171 4455 6120
1172 4455 6120
1173 4443 6132
1174 4417 6158
1175 4421 6154
1176 4422 6153
1177 4410 6165
1178 4406 6169
1179 4405 6170
1180 4390 6185
1181 4412 6163
1182 4404 6171
1183 4389 6186
1184 4377 6198
1185 4376 6199
1186 4412 6163
1187 4419 6156
1188 4446 6129
1189 4428 6147
1190 4419 6156
1191 4397 6178
1192 4389 6186
1193 4405 6170
1194 4401 6174
1195 4412 6163
1196 4411 6164
1197 4438 6137
1198 4463 6112
1199 4472 6103
1200 4475 6100
1201 4466 6109
1202 4445 6130
1203 4435 6140
1204 4431 6144
1205 4450 6125
1206 4467 6108
1207 4460 6115
1208 4467 6108
1209 4466 6109
1210 4459 6116
1211 4447 6128
1212 4410 6165
1213 4410 6165
1214 4406 6169
1215 4431 6144
1216 4431 6144
1217 4400 6175
1218 4390 6185
1219 4404 6171
1220 4415 6160
1221 4401 6174
1222 4386 6189
1223 4381 6194
1224 4368 6207
1225 4368 6207
1226 4375 6200
1227 4402 6173
1228 4376 6199
1229 4380 6195
1230 4389 6186
1231 4414 6161
1232 4399 6176
1233 4422 6153
1234 4425 6150
1235 4418 6157
1236 4420 6155
1237 4439 6136
1238 4420 6155
1239 4399 6176
1240 4404 6171
1241 4401 6174
1242 4436 6139
1243 4434 6141
1244 4459 6116
1245 4462 6113
1246 4453 6122
1247 4485 6090
1248 4482 6093
1249 4491 6084
1250 4500 6075
1251 4485 6090
1252 4490 6085
1253 4487 6088
1254 4491 6084
1255 4467 6108
1256 4442 6133
1257 4422 6153
1258 4436 6139
1259 4428 6147
1260 4424 6151
1261 4447 6128
1262 4426 6149
1263 4409 6166
1264 4440 6135
1265 4422 6153
1266 4418 6157
1267 4404 6171
1268 4406 6169
1269 4418 6157
1270 4412 6163
1271 4404 6171
1272 4389 6186
1273 4403 6172
1274 4412 6163
1275 4392 6183
1276 4388 6187
1277 4396 6179
1278 4385 6190
1279 4392 6183
1280 4400 6175
1281 4395 6180
1282 4369 6206
1283 4333 6242
1284 4363 6212
1285 4407 6168
1286 4412 6163
1287 4418 6157
1288 4398 6177
1289 4431 6144
1290 4402 6173
1291 4379 6196
1292 4362 6213
1293 4392 6183
1294 4376 6199
1295 4371 6204
1296 4379 6196
1297 4389 6186
1298 4357 6218
1299 4371 6204
1300 4343 6232
1301 4341 6234
1302 4351 6224
1303 4363 6212
1304 4335 6240
1305 4352 6223
1306 4334 6241
1307 4352 6223
1308 4352 6223
1309 4369 6206
1310 4397 6178
1311 4384 6191
1312 4363 6212
1313 4366 6209
1314 4360 6215
1315 4359 6216
1316 4342 6233
1317 4344 6231
1318 4348 6227
1319 4350 6225
1320 4379 6196
1321 4398 6177
1322 4368 6207
1323 4374 6201
1324 4358 6217
1325 4373 6202
1326 4356 6219
1327 4367 6208
1328 4327 6248
1329 4343 6232
1330 4347 6228
1331 4355 6220
1332 4345 6230
1333 4372 6203
1334 4372 6203
1335 4400 6175
