0 1979 195 0 0 0 0 0 0 0 0 0 0 0 0 0 0
1 11642 197 197 0 0 0 0 0 0 0 0 0 0 0 0 0
2 11640 198 198 0 0 0 0 0 0 0 0 0 0 0 0 0
3 11640 198 198 0 0 0 0 0 0 0 0 0 0 0 0 0
4 11640 198 198 0 0 0 0 0 0 0 0 0 0 0 0 0
5 11640 198 198 0 0 0 0 0 0 0 0 0 0 0 0 0
6 11640 198 198 0 0 0 0 0 0 0 0 0 0 0 0 0
7 11636 200 200 0 0 0 0 0 0 0 0 0 0 0 0 0
8 11642 197 197 0 0 0 0 0 0 0 0 0 0 0 0 0
9 11636 200 200 0 0 0 0 0 0 0 0 0 0 0 0 0
10 11638 199 199 0 0 0 0 0 0 0 0 0 0 0 0 0
11 11640 198 198 0 0 0 0 0 0 0 0 0 0 0 0 0
12 11634 201 201 0 0 0 0 0 0 0 0 0 0 0 0 0
13 11636 200 200 0 0 0 0 0 0 0 0 0 0 0 0 0
14 11642 197 197 0 0 0 0 0 0 0 0 0 0 0 0 0
15 11640 198 198 0 0 0 0 0 0 0 0 0 0 0 0 0
16 11636 200 200 0 0 0 0 0 0 0 0 0 0 0 0 0
17 11632 202 202 0 0 0 0 0 0 0 0 0 0 0 0 0
18 11632 202 202 0 0 0 0 0 0 0 0 0 0 0 0 0
19 11630 203 203 0 0 0 0 0 0 0 0 0 0 0 0 0
20 11634 201 201 0 0 0 0 0 0 0 0 0 0 0 0 0
21 11636 200 200 0 0 0 0 0 0 0 0 0 0 0 0 0
22 11634 201 201 0 0 0 0 0 0 0 0 0 0 0 0 0
23 11630 203 203 0 0 0 0 0 0 0 0 0 0 0 0 0
24 11628 204 204 0 0 0 0 0 0 0 0 0 0 0 0 0
25 11630 203 203 0 0 0 0 0 0 0 0 0 0 0 0 0
26 11632 202 202 0 0 0 0 0 0 0 0 0 0 0 0 0
27 11630 203 203 0 0 0 0 0 0 0 0 0 0 0 0 0
28 11630 203 203 0 0 0 0 0 0 0 0 0 0 0 0 0
29 11632 202 202 0 0 0 0 0 0 0 0 0 0 0 0 0
30 11628 204 204 0 0 0 0 0 0 0 0 0 0 0 0 0
31 11626 205 205 0 0 0 0 0 0 0 0 0 0 0 0 0
32 11624 206 206 0 0 0 0 0 0 0 0 0 0 0 0 0
33 11620 208 208 0 0 0 0 0 0 0 0 0 0 0 0 0
34 11618 209 209 0 0 0 0 0 0 0 0 0 0 0 0 0
35 11612 212 212 0 0 0 0 0 0 0 0 0 0 0 0 0
36 11606 215 215 0 0 0 0 0 0 0 0 0 0 0 0 0
37 11606 215 215 0 0 0 0 0 0 0 0 0 0 0 0 0
38 11600 218 218 0 0 0 0 0 0 0 0 0 0 0 0 0
39 11592 222 222 0 0 0 0 0 0 0 0 0 0 0 0 0
40 11584 226 226 0 0 0 0 0 0 0 0 0 0 0 0 0
41 11574 231 231 0 0 0 0 0 0 0 0 0 0 0 0 0
42 11564 236 236 0 0 0 0 0 0 0 0 0 0 0 0 0
43 11560 238 238 0 0 0 0 0 0 0 0 0 0 0 0 0
44 11558 239 239 0 0 0 0 0 0 0 0 0 0 0 0 0
45 11552 242 242 0 0 0 0 0 0 0 0 0 0 0 0 0
46 11548 244 244 0 0 0 0 0 0 0 0 0 0 0 0 0
47 11539 248 248 1 0 0 0 0 0 0 0 0 0 0 0 0
48 11517 259 259 1 0 0 0 0 0 0 0 0 0 0 0 0
49 11511 262 262 1 0 0 0 0 0 0 0 0 0 0 0 0
50 11503 266 266 1 0 0 0 0 0 0 0 0 0 0 0 0
51 11495 270 270 1 0 0 0 0 0 0 0 0 0 0 0 0
52 11487 274 274 1 0 0 0 0 0 0 0 0 0 0 0 0
53 11477 279 279 1 0 0 0 0 0 0 0 0 0 0 0 0
54 11465 285 285 1 0 0 0 0 0 0 0 0 0 0 0 0
55 11447 294 294 1 0 0 0 0 0 0 0 0 0 0 0 0
56 11433 301 301 1 0 0 0 0 0 0 0 0 0 0 0 0
57 11425 305 305 1 0 0 0 0 0 0 0 0 0 0 0 0
58 11417 309 309 1 0 0 0 0 0 0 0 0 0 0 0 0
59 11403 316 316 1 0 0 0 0 0 0 0 0 0 0 0 0
60 11395 320 320 1 0 0 0 0 0 0 0 0 0 0 0 0
61 11383 326 326 1 0 0 0 0 0 0 0 0 0 0 0 0
62 11371 332 332 1 0 0 0 0 0 0 0 0 0 0 0 0
63 11363 336 336 1 0 0 0 0 0 0 0 0 0 0 0 0
64 11347 344 344 1 0 0 0 0 0 0 0 0 0 0 0 0
65 11331 352 352 1 0 0 0 0 0 0 0 0 0 0 0 0
66 11323 356 356 1 0 0 0 0 0 0 0 0 0 0 0 0
67 11317 359 359 1 0 0 0 0 0 0 0 0 0 0 0 0
68 11313 361 361 1 0 0 0 0 0 0 0 0 0 0 0 0
69 11307 364 364 1 0 0 0 0 0 0 0 0 0 0 0 0
70 11296 369 369 2 0 0 0 0 0 0 0 0 0 0 0 0
71 11296 369 369 2 0 0 0 0 0 0 0 0 0 0 0 0
72 11277 378 378 3 0 0 0 0 0 0 0 0 0 0 0 0
73 11262 385 385 4 0 0 0 0 0 0 0 0 0 0 0 0
74 11260 386 386 4 0 0 0 0 0 0 0 0 0 0 0 0
75 11243 394 394 5 0 0 0 0 0 0 0 0 0 0 0 0
76 11220 405 405 6 0 0 0 0 0 0 0 0 0 0 0 0
77 11216 407 407 6 0 0 0 0 0 0 0 0 0 0 0 0
78 11203 413 413 7 0 0 0 0 0 0 0 0 0 0 0 0
79 11195 417 417 7 0 0 0 0 0 0 0 0 0 0 0 0
80 11186 421 421 8 0 0 0 0 0 0 0 0 0 0 0 0
81 11171 428 428 9 0 0 0 0 0 0 0 0 0 0 0 0
82 11152 437 437 10 0 0 0 0 0 0 0 0 0 0 0 0
83 11151 437 437 11 0 0 0 0 0 0 0 0 0 0 0 0
84 11149 438 438 11 0 0 0 0 0 0 0 0 0 0 0 0
85 11137 444 444 11 0 0 0 0 0 0 0 0 0 0 0 0
86 11122 451 451 12 0 0 0 0 0 0 0 0 0 0 0 0
87 11117 454 454 11 0 0 0 0 0 0 0 0 0 0 0 0
88 11115 455 455 11 0 0 0 0 0 0 0 0 0 0 0 0
89 11113 456 456 11 0 0 0 0 0 0 0 0 0 0 0 0
90 11115 455 455 11 0 0 0 0 0 0 0 0 0 0 0 0
91 11107 459 459 11 0 0 0 0 0 0 0 0 0 0 0 0
92 11109 458 458 11 0 0 0 0 0 0 0 0 0 0 0 0
93 11099 463 463 11 0 0 0 0 0 0 0 0 0 0 0 0
94 11093 466 466 11 0 0 0 0 0 0 0 0 0 0 0 0
95 11083 471 471 11 0 0 0 0 0 0 0 0 0 0 0 0
96 11079 473 473 11 0 0 0 0 0 0 0 0 0 0 0 0
97 11076 475 475 10 0 0 0 0 0 0 0 0 0 0 0 0
98 11077 474 474 11 0 0 0 0 0 0 0 0 0 0 0 0
99 11074 475 475 12 0 0 0 0 0 0 0 0 0 0 0 0
100 11072 476 476 12 0 0 0 0 0 0 0 0 0 0 0 0
101 11063 480 480 13 0 0 0 0 0 0 0 0 0 0 0 0
102 11058 483 483 12 0 0 0 0 0 0 0 0 0 0 0 0
103 11056 484 484 12 0 0 0 0 0 0 0 0 0 0 0 0
104 11054 485 485 12 0 0 0 0 0 0 0 0 0 0 0 0
105 11047 488 488 13 0 0 0 0 0 0 0 0 0 0 0 0
106 11043 490 490 13 0 0 0 0 0 0 0 0 0 0 0 0
107 11036 493 493 14 0 0 0 0 0 0 0 0 0 0 0 0
108 11021 500 500 15 0 0 0 0 0 0 0 0 0 0 0 0
109 11025 498 498 15 0 0 0 0 0 0 0 0 0 0 0 0
110 11017 502 502 15 0 0 0 0 0 0 0 0 0 0 0 0
111 11019 501 501 15 0 0 0 0 0 0 0 0 0 0 0 0
112 11017 502 502 15 0 0 0 0 0 0 0 0 0 0 0 0
113 11004 509 509 14 0 0 0 0 0 0 0 0 0 0 0 0
114 11004 509 509 14 0 0 0 0 0 0 0 0 0 0 0 0
115 11010 506 506 14 0 0 0 0 0 0 0 0 0 0 0 0
116 11006 508 508 14 0 0 0 0 0 0 0 0 0 0 0 0
117 10999 511 511 15 0 0 0 0 0 0 0 0 0 0 0 0
118 10996 512 512 16 0 0 0 0 0 0 0 0 0 0 0 0
119 10990 515 515 16 0 0 0 0 0 0 0 0 0 0 0 0
120 10990 515 515 16 0 0 0 0 0 0 0 0 0 0 0 0
121 10990 514 514 18 0 0 0 0 0 0 0 0 0 0 0 0
122 10984 517 517 18 0 0 0 0 0 0 0 0 0 0 0 0
123 10976 521 521 18 0 0 0 0 0 0 0 0 0 0 0 0
124 10977 520 520 19 0 0 0 0 0 0 0 0 0 0 0 0
125 10962 528 528 18 0 0 0 0 0 0 0 0 0 0 0 0
126 10962 528 528 18 0 0 0 0 0 0 0 0 0 0 0 0
127 10963 528 528 17 0 0 0 0 0 0 0 0 0 0 0 0
128 10953 532 532 19 0 0 0 0 0 0 0 0 0 0 0 0
129 10947 535 535 19 0 0 0 0 0 0 0 0 0 0 0 0
130 10933 542 541 18 0 0 1 0 0 0 0 1 0 0 0 0
131 10923 547 546 18 0 0 1 0 0 0 0 1 0 0 0 0
132 10921 548 547 18 0 0 1 0 0 0 0 1 0 0 0 0
133 10921 547 546 20 0 0 1 0 0 0 0 1 0 0 0 0
134 10924 546 545 19 0 0 1 0 0 0 0 1 0 0 0 0
135 10916 550 549 19 0 0 1 0 0 0 0 1 0 0 0 0
136 10919 548 547 20 0 0 1 0 0 0 0 1 0 0 0 0
137 10914 550 549 21 0 0 1 0 0 0 0 1 0 0 0 0
138 10909 552 551 22 0 0 1 0 0 0 0 1 0 0 0 0
139 10915 549 548 22 0 0 1 0 0 0 0 1 0 0 0 0
140 10911 551 550 22 0 0 1 0 0 0 0 1 0 0 0 0
141 10911 551 550 22 0 0 1 0 0 0 0 1 0 0 0 0
142 10902 555 554 23 0 0 1 0 0 0 0 1 0 0 0 0
143 10896 558 557 23 0 0 1 0 0 0 0 1 0 0 0 0
144 10895 558 557 24 0 0 1 0 0 0 0 1 0 0 0 0
145 10890 560 559 25 0 0 1 0 0 0 0 1 0 0 0 0
146 10894 559 558 23 0 0 1 0 0 0 0 1 0 0 0 0
147 10892 560 559 23 0 0 1 0 0 0 0 1 0 0 0 0
148 10888 562 561 23 0 0 1 0 0 0 0 1 0 0 0 0
149 10883 564 563 24 0 0 1 0 0 0 0 1 0 0 0 0
150 10884 563 562 25 0 0 1 0 0 0 0 1 0 0 0 0
151 10877 567 566 24 0 0 1 0 0 0 0 1 0 0 0 0
152 10878 567 566 23 0 0 1 0 0 0 0 1 0 0 0 0
153 10868 572 571 23 0 0 1 0 0 0 0 1 0 0 0 0
154 10872 570 569 23 0 0 1 0 0 0 0 1 0 0 0 0
155 10869 571 571 23 0 0 1 0 0 1 0 0 0 0 0 0
156 10867 572 572 23 0 0 1 0 0 1 0 0 0 0 0 0
157 10867 572 572 23 0 0 1 0 0 1 0 0 0 0 0 0
158 10865 573 573 23 0 0 1 0 0 1 0 0 0 0 0 0
159 10862 574 574 24 0 0 1 0 0 1 0 0 0 0 0 0
160 10871 569 569 25 0 0 1 0 0 1 0 0 0 0 0 0
161 10873 568 568 25 0 0 1 0 0 1 0 0 0 0 0 0
162 10872 569 569 24 0 0 1 0 0 1 0 0 0 0 0 0
163 10861 574 574 25 0 0 1 0 0 1 0 0 0 0 0 0
164 10858 575 575 26 0 0 1 0 0 1 0 0 0 0 0 0
165 10863 573 573 25 0 0 1 0 0 1 0 0 0 0 0 0
166 10862 573 573 26 0 0 1 0 0 1 0 0 0 0 0 0
167 10856 576 576 26 0 0 1 0 0 1 0 0 0 0 0 0
168 10856 576 576 26 0 0 1 0 0 1 0 0 0 0 0 0
169 10862 573 573 26 0 0 1 0 0 1 0 0 0 0 0 0
170 10865 572 572 25 0 0 1 0 0 1 0 0 0 0 0 0
171 10862 573 573 26 0 0 1 0 0 1 0 0 0 0 0 0
172 10853 577 577 27 0 0 1 0 0 1 0 0 0 0 0 0
173 10849 579 579 27 0 0 1 0 0 1 0 0 0 0 0 0
174 10843 582 582 27 0 0 1 0 0 1 0 0 0 0 0 0
175 10840 583 583 28 0 0 1 0 0 1 0 0 0 0 0 0
176 10833 586 586 29 0 0 1 0 0 1 0 0 0 0 0 0
177 10829 588 588 29 0 0 1 0 0 1 0 0 0 0 0 0
178 10831 587 587 29 0 0 1 0 0 1 0 0 0 0 0 0
179 10826 589 589 30 0 0 1 0 0 1 0 0 0 0 0 0
180 10819 592 592 31 0 0 1 0 0 1 0 0 0 0 0 0
181 10819 592 592 31 0 0 1 0 0 1 0 0 0 0 0 0
182 10816 594 594 30 0 0 1 0 0 1 0 0 0 0 0 0
183 10817 594 594 29 0 0 1 0 0 1 0 0 0 0 0 0
184 10817 594 594 29 0 0 1 0 0 1 0 0 0 0 0 0
185 10821 592 592 29 0 0 1 0 0 1 0 0 0 0 0 0
186 10816 594 594 30 0 0 1 0 0 1 0 0 0 0 0 0
187 10808 598 598 30 0 0 1 0 0 1 0 0 0 0 0 0
188 10804 600 600 30 0 0 1 0 0 1 0 0 0 0 0 0
189 10806 599 599 30 0 0 1 0 0 1 0 0 0 0 0 0
190 10798 603 603 30 0 0 1 0 0 1 0 0 0 0 0 0
191 10796 604 604 30 0 0 1 0 0 1 0 0 0 0 0 0
192 10798 603 603 30 0 0 1 0 0 1 0 0 0 0 0 0
193 10802 601 601 30 0 0 1 0 0 1 0 0 0 0 0 0
194 10802 601 601 30 0 0 1 0 0 1 0 0 0 0 0 0
195 10808 598 598 30 0 0 1 0 0 1 0 0 0 0 0 0
196 10798 603 603 30 0 0 1 0 0 1 0 0 0 0 0 0
197 10796 604 603 29 0 0 2 0 0 1 0 1 0 0 0 0
198 10789 607 606 30 0 0 2 0 0 1 0 1 0 0 0 0
199 10789 606 605 32 0 0 2 0 0 1 0 1 0 0 0 0
200 10790 606 605 31 0 0 2 0 0 1 0 1 0 0 0 0
201 10793 605 604 30 0 0 2 0 0 1 0 1 0 0 0 0
202 10795 604 603 30 0 0 2 0 0 1 0 1 0 0 0 0
203 10794 604 603 31 0 0 2 0 0 1 0 1 0 0 0 0
204 10792 605 604 31 0 0 2 0 0 1 0 1 0 0 0 0
205 10788 607 606 31 0 0 2 0 0 1 0 1 0 0 0 0
206 10794 605 604 29 0 0 2 0 0 1 0 1 0 0 0 0
207 10789 607 606 30 0 0 2 0 0 1 0 1 0 0 0 0
208 10791 606 605 30 0 0 2 0 0 1 0 1 0 0 0 0
209 10790 607 606 29 0 0 2 0 0 1 0 1 0 0 0 0
210 10788 608 607 29 0 0 2 0 0 1 0 1 0 0 0 0
211 10784 610 609 29 0 0 2 0 0 1 0 1 0 0 0 0
212 10788 608 607 29 0 0 2 0 0 1 0 1 0 0 0 0
213 10790 607 606 29 0 0 2 0 0 1 0 1 0 0 0 0
214 10790 606 605 31 0 0 2 0 0 1 0 1 0 0 0 0
215 10789 606 605 32 0 0 2 0 0 1 0 1 0 0 0 0
216 10791 605 604 32 0 0 2 0 0 1 0 1 0 0 0 0
217 10792 605 604 31 0 0 2 0 0 1 0 1 0 0 0 0
218 10790 606 605 31 0 0 2 0 0 1 0 1 0 0 0 0
219 10783 609 608 32 0 0 2 0 0 1 0 1 0 0 0 0
220 10783 609 608 32 0 0 2 0 0 1 0 1 0 0 0 0
221 10789 606 605 32 0 0 2 0 0 1 0 1 0 0 0 0
222 10789 606 605 32 0 0 2 0 0 1 0 1 0 0 0 0
223 10778 611 609 32 0 0 3 0 0 1 0 2 0 0 0 0
224 10773 614 612 31 0 0 3 0 0 1 0 2 0 0 0 0
225 10772 615 612 29 0 0 4 0 0 1 0 3 0 0 0 0
226 10776 613 610 29 0 0 4 0 0 1 0 3 0 0 0 0
227 10772 615 612 29 0 0 4 0 0 1 0 3 0 0 0 0
228 10768 617 614 29 0 0 4 0 0 1 0 3 0 0 0 0
229 10767 618 615 28 0 0 4 0 0 1 0 3 0 0 0 0
230 10763 620 617 28 0 0 4 0 0 1 0 3 0 0 0 0
231 10763 620 617 28 0 0 4 0 0 1 0 3 0 0 0 0
232 10756 623 620 29 0 0 4 0 0 1 0 3 0 0 0 0
233 10750 626 623 29 0 0 4 0 0 1 0 3 0 0 0 0
234 10738 632 629 29 0 0 4 0 0 1 0 3 0 0 0 0
235 10720 641 638 29 0 0 4 0 0 1 0 3 0 0 0 0
236 10719 641 638 28 0 0 5 0 0 2 0 3 0 0 0 0
237 10717 642 639 28 0 0 5 0 0 2 0 3 0 0 0 0
238 10718 641 638 29 0 0 5 0 0 2 0 3 0 0 0 0
239 10713 643 640 30 0 0 5 0 0 2 0 3 0 0 0 0
240 10706 646 643 31 0 0 5 0 0 2 0 3 0 0 0 0
241 10711 642 639 34 0 0 5 0 0 2 0 3 0 0 0 0
242 10709 643 640 34 0 0 5 0 0 2 0 3 0 0 0 0
243 10709 643 640 34 0 0 5 0 0 2 0 3 0 0 0 0
244 10700 646 643 37 0 0 5 0 0 2 0 3 0 0 0 0
245 10690 651 648 37 0 0 5 0 0 2 0 3 0 0 0 0
246 10677 657 654 38 0 0 5 0 0 2 0 3 0 0 0 0
247 10659 666 662 37 0 0 6 0 0 2 0 4 0 0 0 0
248 10643 674 670 37 0 0 6 0 0 2 0 4 0 0 0 0
249 10636 677 673 38 0 0 6 0 0 2 0 4 0 0 0 0
250 10636 677 672 37 0 0 7 0 0 2 0 5 0 0 0 0
251 10632 679 674 37 0 0 7 0 0 2 0 5 0 0 0 0
252 10622 683 678 39 0 0 7 0 0 2 0 5 0 0 0 0
253 10618 685 680 39 0 0 7 0 0 2 0 5 0 0 0 0
254 10618 685 680 39 0 0 7 0 0 2 0 5 0 0 0 0
255 10617 686 681 38 0 0 7 0 0 2 0 5 0 0 0 0
256 10606 690 685 41 0 0 7 0 0 2 0 5 0 0 0 0
257 10594 696 691 41 0 0 7 0 0 2 0 5 0 0 0 0
258 10570 708 703 41 0 0 7 0 0 2 0 5 0 0 0 0
259 10558 713 708 43 0 0 7 0 0 2 0 5 0 0 0 0
260 10542 721 716 43 0 0 7 0 0 2 0 5 0 0 0 0
261 10526 728 723 45 0 0 7 0 0 2 0 5 0 0 0 0
262 10517 732 727 46 0 0 7 0 0 2 0 5 0 0 0 0
263 10507 737 732 46 0 0 7 0 0 2 0 5 0 0 0 0
264 10499 741 736 46 0 0 7 0 0 2 0 5 0 0 0 0
265 10485 748 743 46 0 0 7 0 0 2 0 5 0 0 0 0
266 10472 753 748 49 0 0 7 0 0 2 0 5 0 0 0 0
267 10460 759 753 48 0 0 8 0 0 2 0 6 0 0 0 0
268 10452 762 756 50 0 0 8 0 0 2 0 6 0 0 0 0
269 10446 765 759 50 0 0 8 0 0 2 0 6 0 0 0 0
270 10444 766 760 50 0 0 8 0 0 2 0 6 0 0 0 0
271 10446 765 759 50 0 0 8 0 0 2 0 6 0 0 0 0
272 10431 773 767 49 0 0 8 0 0 2 0 6 0 0 0 0
273 10426 775 769 50 0 0 8 0 0 2 0 6 0 0 0 0
274 10417 780 774 49 0 0 8 0 0 2 0 6 0 0 0 0
275 10406 785 779 50 0 0 8 0 0 2 0 6 0 0 0 0
276 10393 791 785 51 0 0 8 0 0 2 0 6 0 0 0 0
277 10383 795 789 53 0 0 8 0 0 2 0 6 0 0 0 0
278 10377 798 792 53 0 0 8 0 0 2 0 6 0 0 0 0
279 10374 799 793 54 0 0 8 0 0 2 0 6 0 0 0 0
280 10370 801 795 54 0 0 8 0 0 2 0 6 0 0 0 0
281 10357 808 802 53 0 0 8 0 0 2 0 6 0 0 0 0
282 10353 810 803 52 0 0 9 0 0 2 0 7 0 0 0 0
283 10333 820 813 52 0 0 9 0 0 2 0 7 0 0 0 0
284 10319 826 819 54 0 0 9 0 0 2 0 7 0 0 0 0
285 10305 833 826 54 0 0 9 0 0 2 0 7 0 0 0 0
286 10302 834 827 55 0 0 9 0 0 2 0 7 0 0 0 0
287 10291 839 831 55 0 0 10 0 0 2 0 8 0 0 0 0
288 10275 846 838 57 0 0 10 0 0 2 0 8 0 0 0 0
289 10266 849 841 60 0 0 10 0 0 2 0 8 0 0 0 0
290 10250 857 849 60 0 0 10 0 0 2 0 8 0 0 0 0
291 10233 865 857 61 0 0 10 0 0 2 0 8 0 0 0 0
292 10219 872 864 61 0 0 10 0 0 2 0 8 0 0 0 0
293 10222 870 863 61 0 0 9 1 0 2 0 8 0 0 0 0
294 10213 874 866 61 0 0 10 1 0 2 0 9 0 0 0 0
295 10209 876 867 60 0 0 11 1 0 2 0 10 0 0 0 0
296 10216 873 864 59 0 0 11 1 0 2 0 10 0 0 0 0
297 10203 880 871 58 0 0 11 1 0 2 0 10 0 0 0 0
298 10196 883 874 59 0 0 11 1 0 2 0 10 0 0 0 0
299 10196 883 874 59 0 0 11 1 0 2 0 10 0 0 0 0
300 10191 886 877 58 0 0 11 1 0 2 0 10 0 0 0 0
301 10183 890 881 58 0 0 11 1 0 2 0 10 0 0 0 0
302 10182 890 881 59 0 0 11 1 0 2 0 10 0 0 0 0
303 10182 889 880 61 0 0 11 1 0 2 0 10 0 0 0 0
304 10170 895 885 62 0 0 12 0 0 2 0 10 0 0 0 0
305 10173 893 882 62 0 0 13 0 0 2 0 11 0 0 0 0
306 10187 886 875 62 0 0 13 0 0 2 0 11 0 0 0 0
307 10189 885 874 62 0 0 13 0 0 2 0 11 0 0 0 0
308 10183 888 877 62 0 0 13 0 0 2 0 11 0 0 0 0
309 10181 889 877 61 0 0 14 0 0 2 0 12 0 0 0 0
310 10187 885 874 62 0 0 14 0 0 3 0 11 0 0 0 0
311 10186 885 874 63 0 0 14 0 0 3 0 11 0 0 0 0
312 10183 885 874 66 0 0 14 0 0 3 0 11 0 0 0 0
313 10187 883 872 66 0 0 14 0 0 3 0 11 0 0 0 0
314 10192 881 871 64 0 0 13 1 0 3 0 11 0 0 0 0
315 10190 881 872 65 0 0 13 1 0 4 0 10 0 0 0 0
316 10193 880 871 64 0 0 13 1 0 4 0 10 0 0 0 0
317 10195 880 871 62 0 0 13 1 0 4 0 10 0 0 0 0
318 10187 883 874 64 0 0 13 1 0 4 0 10 0 0 0 0
319 10188 882 872 64 0 0 14 1 0 4 0 11 0 0 0 0
320 10180 887 877 62 0 0 14 1 0 4 0 11 0 0 0 0
321 10181 887 876 60 0 0 15 1 0 4 0 12 0 0 0 0
322 10189 884 873 58 0 0 15 1 0 4 0 12 0 0 0 0
323 10187 885 874 58 0 0 15 1 0 4 0 12 0 0 0 0
324 10179 889 878 58 0 0 15 1 0 4 0 12 0 0 0 0
325 10165 896 885 58 0 0 15 1 0 4 0 12 0 0 0 0
326 10165 896 885 58 0 0 15 1 0 4 0 12 0 0 0 0
327 10167 895 884 58 0 0 15 1 0 4 0 12 0 0 0 0
328 10167 894 883 60 0 0 15 1 0 4 0 12 0 0 0 0
329 10156 899 889 60 0 0 15 1 0 5 0 11 0 0 0 0
330 10153 900 890 61 0 0 15 1 0 5 0 11 0 0 0 0
331 10147 903 893 61 0 0 15 1 0 5 0 11 0 0 0 0
332 10150 900 890 64 0 0 15 1 0 5 0 11 0 0 0 0
333 10148 900 890 66 0 0 15 1 0 5 0 11 0 0 0 0
334 10154 897 887 66 0 0 15 1 0 5 0 11 0 0 0 0
335 10144 903 893 64 0 0 15 1 0 5 0 11 0 0 0 0
336 10142 904 893 63 0 0 16 1 0 5 0 12 0 0 0 0
337 10143 903 892 64 0 0 16 1 0 5 0 12 0 0 0 0
338 10129 911 900 62 0 0 16 1 0 5 0 12 0 0 0 0
339 10133 908 898 63 0 0 16 1 0 6 0 11 0 0 0 0
340 10130 910 900 62 0 0 16 1 0 6 0 11 0 0 0 0
341 10127 911 901 63 0 0 16 1 0 6 0 11 0 0 0 0
342 10133 906 896 67 0 0 16 1 0 6 0 11 0 0 0 0
343 10137 903 893 69 0 0 16 1 0 6 0 11 0 0 0 0
344 10134 903 892 71 0 0 17 1 0 6 0 12 0 0 0 0
345 10143 898 888 71 0 0 17 1 0 7 0 11 0 0 0 0
346 10138 900 890 72 0 0 17 1 0 7 0 11 0 0 0 0
347 10137 900 890 73 0 0 17 1 0 7 0 11 0 0 0 0
348 10137 900 890 73 0 0 17 1 0 7 0 11 0 0 0 0
349 10130 903 893 74 0 0 17 1 0 7 0 11 0 0 0 0
350 10141 896 886 77 0 0 17 1 0 7 0 11 0 0 0 0
351 10139 897 887 77 0 0 17 1 0 7 0 11 0 0 0 0
352 10140 897 887 76 0 0 17 1 0 7 0 11 0 0 0 0
353 10150 893 882 71 0 0 18 2 0 7 0 13 0 0 0 0
354 10156 890 879 71 0 0 18 2 0 7 0 13 0 0 0 0
355 10156 889 878 73 0 0 18 2 0 7 0 13 0 0 0 0
356 10162 887 876 71 0 0 18 2 0 7 0 13 0 0 0 0
357 10158 889 878 71 0 0 18 2 0 7 0 13 0 0 0 0
358 10170 883 872 71 0 0 18 2 0 7 0 13 0 0 0 0
359 10173 881 870 72 0 0 18 2 0 7 0 13 0 0 0 0
360 10170 881 870 75 0 0 18 2 0 7 0 13 0 0 0 0
361 10163 884 873 76 0 0 18 2 0 7 0 13 0 0 0 0
362 10166 883 872 75 0 0 18 2 0 7 0 13 0 0 0 0
363 10173 880 869 74 0 0 18 2 0 7 0 13 0 0 0 0
364 10174 879 868 75 0 0 18 2 0 7 0 13 0 0 0 0
365 10182 876 865 73 0 0 18 2 0 7 0 13 0 0 0 0
366 10188 873 862 73 0 0 18 2 0 7 0 13 0 0 0 0
367 10181 876 865 74 0 0 18 2 0 7 0 13 0 0 0 0
368 10188 873 862 73 0 0 18 2 0 7 0 13 0 0 0 0
369 10199 867 856 74 0 0 18 2 0 7 0 13 0 0 0 0
370 10200 866 855 75 0 0 18 2 0 7 0 13 0 0 0 0
371 10205 863 852 76 0 0 18 2 0 7 0 13 0 0 0 0
372 10199 866 856 75 0 0 18 2 0 8 0 12 0 0 0 0
373 10200 865 855 74 0 0 19 2 0 9 0 12 0 0 0 0
374 10189 871 861 73 0 0 19 2 0 9 0 12 0 0 0 0
375 10185 872 862 75 0 0 19 2 0 9 0 12 0 0 0 0
376 10191 868 859 76 0 0 19 2 0 10 0 11 0 0 0 0
377 10182 872 863 77 0 0 19 2 0 10 0 11 0 0 0 0
378 10179 874 865 76 0 0 19 2 0 10 0 11 0 0 0 0
379 10175 876 867 76 0 0 19 2 0 10 0 11 0 0 0 0
380 10167 881 872 74 0 0 19 2 0 10 0 11 0 0 0 0
381 10166 882 873 73 0 0 19 2 0 10 0 11 0 0 0 0
382 10174 878 869 73 0 0 19 2 0 10 0 11 0 0 0 0
383 10176 877 868 73 0 0 19 2 0 10 0 11 0 0 0 0
384 10175 878 868 71 0 0 20 2 0 10 0 12 0 0 0 0
385 10174 878 868 72 0 0 20 2 0 10 0 12 0 0 0 0
386 10178 875 865 74 0 0 20 2 0 10 0 12 0 0 0 0
387 10190 868 858 76 0 0 20 2 0 10 0 12 0 0 0 0
388 10189 868 858 77 0 0 20 2 0 10 0 12 0 0 0 0
389 10184 870 860 78 0 0 20 2 0 10 0 12 0 0 0 0
390 10181 872 862 77 0 0 20 2 0 10 0 12 0 0 0 0
391 10172 877 867 76 0 0 20 2 0 10 0 12 0 0 0 0
392 10177 874 865 76 0 0 20 2 0 11 0 11 0 0 0 0
393 10177 874 865 76 0 0 20 2 0 11 0 11 0 0 0 0
394 10190 868 859 75 0 0 20 2 0 11 0 11 0 0 0 0
395 10194 866 856 74 0 0 21 2 0 11 0 12 0 0 0 0
396 10200 863 854 73 0 0 21 2 0 12 0 11 0 0 0 0
397 10206 860 851 73 0 0 21 2 0 12 0 11 0 0 0 0
398 10217 854 846 73 0 0 21 2 0 13 0 10 0 0 0 0
399 10222 851 843 74 0 0 21 2 0 13 0 10 0 0 0 0
400 10218 854 845 73 0 0 22 1 0 13 0 10 0 0 0 0
401 10212 856 847 75 0 0 22 1 0 13 0 10 0 0 0 0
402 10217 854 845 74 0 0 22 1 0 13 0 10 0 0 0 0
403 10223 851 842 74 0 0 22 1 0 13 0 10 0 0 0 0
404 10218 853 843 74 0 0 23 1 0 13 0 11 0 0 0 0
405 10218 853 843 74 0 0 23 1 0 13 0 11 0 0 0 0
406 10206 859 849 74 0 0 23 1 0 13 0 11 0 0 0 0
407 10208 858 848 74 0 0 23 1 0 13 0 11 0 0 0 0
408 10206 858 849 75 0 0 23 1 0 14 0 10 0 0 0 0
409 10213 854 845 76 0 0 23 1 0 14 0 10 0 0 0 0
410 10212 854 845 77 0 0 23 1 0 14 0 10 0 0 0 0
411 10215 853 844 76 0 0 23 1 0 14 0 10 0 0 0 0
412 10223 850 841 74 0 0 23 1 0 14 0 10 0 0 0 0
413 10236 844 835 73 0 0 23 1 0 14 0 10 0 0 0 0
414 10248 838 829 73 0 0 23 1 0 14 0 10 0 0 0 0
415 10248 838 829 73 0 0 23 1 0 14 0 10 0 0 0 0
416 10253 836 827 72 0 0 23 1 0 14 0 10 0 0 0 0
417 10263 831 822 72 0 0 23 1 0 14 0 10 0 0 0 0
418 10272 827 818 71 0 0 23 1 0 14 0 10 0 0 0 0
419 10271 828 819 70 0 0 23 1 0 14 0 10 0 0 0 0
420 10263 831 822 72 0 0 23 1 0 14 0 10 0 0 0 0
421 10260 832 823 73 0 0 23 1 0 14 0 10 0 0 0 0
422 10271 827 818 72 0 0 23 1 0 14 0 10 0 0 0 0
423 10271 827 818 72 0 0 23 1 0 14 0 10 0 0 0 0
424 10251 837 828 72 0 0 23 1 0 14 0 10 0 0 0 0
425 10242 841 832 73 0 0 23 1 0 14 0 10 0 0 0 0
426 10225 850 840 71 0 0 24 1 0 14 0 11 0 0 0 0
427 10218 854 844 70 0 0 24 1 0 14 0 11 0 0 0 0
428 10231 848 838 69 0 0 24 1 0 14 0 11 0 0 0 0
429 10228 849 838 69 0 0 25 1 0 14 0 12 0 0 0 0
430 10227 851 840 66 0 0 25 1 0 14 0 12 0 0 0 0
431 10228 850 839 67 0 0 25 1 0 14 0 12 0 0 0 0
432 10223 851 841 69 0 0 24 2 0 14 0 12 0 0 0 0
433 10209 858 848 69 0 0 24 2 0 14 0 12 0 0 0 0
434 10207 859 849 69 0 0 24 2 0 14 0 12 0 0 0 0
435 10198 863 852 69 0 0 25 2 0 14 0 13 0 0 0 0
436 10197 862 850 71 0 0 26 2 0 14 0 14 0 0 0 0
437 10179 869 858 72 0 0 27 2 0 16 0 13 0 0 0 0
438 10169 873 862 74 0 0 27 2 0 16 0 13 0 0 0 0
439 10167 873 862 76 0 0 27 2 0 16 0 13 0 0 0 0
440 10151 881 869 77 0 0 28 1 0 16 0 13 0 0 0 0
441 10147 883 871 77 0 0 28 1 0 16 0 13 0 0 0 0
442 10142 885 873 78 0 0 28 1 0 16 0 13 0 0 0 0
443 10136 888 876 78 0 0 28 1 0 16 0 13 0 0 0 0
444 10122 894 882 80 0 0 28 1 0 16 0 13 0 0 0 0
445 10125 891 878 82 0 0 29 1 0 16 0 14 0 0 0 0
446 10108 899 885 82 0 0 30 1 0 16 0 15 0 0 0 0
447 10100 904 889 79 0 0 31 1 0 16 0 16 0 0 0 0
448 10089 909 893 79 0 0 32 1 0 16 0 17 0 0 0 0
449 10070 918 902 80 0 0 32 1 0 16 0 17 0 0 0 0
450 10045 930 914 81 0 0 32 1 0 16 0 17 0 0 0 0
451 10038 933 917 82 0 0 32 1 0 16 0 17 0 0 0 0
452 10017 943 927 83 0 0 32 1 0 16 0 17 0 0 0 0
453 10006 947 930 85 0 0 33 1 0 16 0 18 0 0 0 0
454 9990 954 937 87 0 0 33 1 0 16 0 18 0 0 0 0
455 9985 956 938 87 0 0 34 1 0 16 0 19 0 0 0 0
456 9977 960 942 87 0 0 34 1 0 16 0 19 0 0 0 0
457 9961 968 950 87 0 0 34 1 0 16 0 19 0 0 0 0
458 9941 977 958 88 0 0 35 1 0 16 0 20 0 0 0 0
459 9934 981 962 87 0 0 35 1 0 16 0 20 0 0 0 0
460 9927 985 966 86 0 0 35 1 0 16 0 20 0 0 0 0
461 9922 988 969 85 0 0 35 1 0 16 0 20 0 0 0 0
462 9926 985 966 87 0 0 35 1 0 16 0 20 0 0 0 0
463 9915 990 971 88 0 0 35 1 0 16 0 20 0 0 0 0
464 9901 996 976 89 0 0 36 1 0 16 0 21 0 0 0 0
465 9888 1002 983 89 0 0 35 2 0 16 0 21 0 0 0 0
466 9871 1009 990 92 0 0 35 2 0 16 0 21 0 0 0 0
467 9868 1009 990 95 0 0 35 2 0 16 0 21 0 0 0 0
468 9853 1015 995 95 0 0 36 3 0 16 0 23 0 0 0 0
469 9838 1022 1002 96 0 0 36 3 0 16 0 23 0 0 0 0
470 9818 1031 1010 97 0 0 37 3 0 16 0 24 0 0 0 0
471 9807 1036 1013 97 0 0 39 2 0 16 0 25 0 0 0 1
472 9802 1037 1014 100 0 0 39 2 0 16 0 25 0 0 0 1
473 9787 1043 1020 103 0 0 39 2 0 16 0 25 0 0 0 1
474 9751 1061 1038 103 0 0 39 2 0 16 0 25 0 0 0 1
475 9741 1066 1043 102 0 0 39 2 0 16 0 25 0 0 0 2
476 9738 1066 1043 105 0 0 39 2 0 16 0 25 0 0 0 2
477 9725 1072 1049 106 0 0 39 2 0 16 0 25 0 0 0 2
478 9718 1076 1053 105 0 0 39 2 0 16 0 25 0 0 0 2
479 9701 1084 1061 106 0 0 39 2 0 16 0 25 0 0 0 2
480 9690 1090 1066 104 0 0 40 2 0 16 0 26 0 0 0 2
481 9691 1088 1062 105 0 0 42 2 0 16 0 28 0 0 0 2
482 9683 1092 1066 105 0 0 42 2 0 16 0 28 0 0 0 2
483 9673 1099 1072 102 0 0 42 2 0 15 0 29 0 0 0 2
484 9661 1103 1076 106 0 0 42 2 0 15 0 29 0 0 0 2
485 9658 1103 1076 109 0 0 42 2 0 15 0 29 0 0 0 2
486 9646 1108 1081 111 0 0 42 2 0 15 0 29 0 0 0 2
487 9639 1111 1084 112 0 0 42 2 0 15 0 29 0 0 0 2
488 9638 1112 1085 111 0 0 42 2 0 15 0 29 0 0 0 2
489 9631 1114 1087 114 0 0 42 2 0 15 0 29 0 0 0 2
490 9622 1117 1090 117 0 0 42 2 0 15 0 29 0 0 0 2
491 9622 1117 1089 114 0 0 43 3 0 15 0 31 0 0 0 2
492 9612 1121 1093 116 0 0 43 3 0 15 0 31 0 0 0 2
493 9614 1121 1092 113 0 0 44 3 0 15 0 32 0 0 0 2
494 9601 1127 1098 114 0 0 44 3 0 15 0 32 0 0 0 2
495 9588 1133 1104 115 0 0 44 3 0 15 0 32 0 0 0 2
496 9598 1128 1098 114 0 0 45 3 0 15 0 33 0 0 0 2
497 9597 1127 1097 117 0 0 45 3 0 15 0 33 0 0 0 2
498 9591 1128 1097 120 0 0 46 3 0 15 0 34 0 0 0 2
499 9590 1127 1096 123 0 0 46 3 0 15 0 34 0 0 0 2
500 9591 1126 1095 124 0 0 46 3 0 15 0 34 0 0 0 2
501 9583 1130 1098 123 0 0 47 3 0 15 0 35 0 0 0 2
502 9580 1131 1099 124 0 0 47 3 0 15 0 35 0 0 0 2
503 9572 1134 1102 126 0 0 47 3 0 15 0 35 0 0 0 2
504 9556 1140 1108 130 0 0 47 3 0 15 0 35 0 0 0 2
505 9561 1137 1105 131 0 0 47 3 0 15 0 35 0 0 0 2
506 9556 1139 1106 131 0 0 48 3 0 15 0 36 0 0 0 2
507 9562 1136 1103 129 0 0 48 4 0 15 0 37 0 0 0 2
508 9572 1131 1098 127 0 0 49 4 0 16 0 37 0 0 0 2
509 9565 1134 1101 126 0 0 50 4 0 17 0 37 0 0 0 2
510 9569 1131 1098 128 0 0 50 4 0 17 0 37 0 0 0 2
511 9566 1131 1098 131 0 0 50 4 0 17 0 37 0 0 0 2
512 9558 1135 1101 128 0 0 51 5 0 17 0 39 0 0 0 2
513 9547 1139 1106 130 0 0 50 6 0 17 0 39 0 0 0 2
514 9540 1142 1109 129 0 0 51 6 0 18 0 39 0 0 0 2
515 9538 1144 1111 127 0 0 51 6 0 18 0 39 0 0 0 2
516 9535 1145 1112 128 0 0 51 6 0 18 0 39 0 0 0 2
517 9536 1145 1111 126 0 0 52 6 0 18 0 40 0 0 0 2
518 9532 1147 1112 125 0 0 53 6 0 18 0 41 0 0 0 2
519 9537 1143 1108 128 0 0 53 6 0 18 0 41 0 0 0 2
520 9530 1145 1110 131 0 0 53 6 0 18 0 41 0 0 0 2
521 9530 1146 1109 127 0 0 55 6 0 18 0 43 0 0 0 2
522 9525 1148 1111 128 0 0 55 6 0 18 0 43 0 0 0 2
523 9529 1146 1110 127 0 0 55 6 0 19 0 42 0 0 0 2
524 9525 1148 1112 127 0 0 55 6 0 19 0 42 0 0 0 2
525 9517 1152 1115 126 0 0 56 6 0 19 0 43 0 0 0 2
526 9513 1155 1117 124 0 0 57 5 0 19 0 43 0 0 0 3
527 9499 1162 1124 124 0 0 57 5 0 19 0 43 0 0 0 3
528 9488 1167 1129 125 0 0 57 5 0 19 0 43 0 0 0 3
529 9477 1172 1134 126 0 0 57 5 0 19 0 43 0 0 0 3
530 9467 1177 1139 126 0 0 57 5 0 19 0 43 0 0 0 3
531 9461 1180 1142 126 0 0 57 5 0 19 0 43 0 0 0 3
532 9455 1182 1144 128 0 0 57 5 0 19 0 43 0 0 0 3
533 9452 1183 1145 127 0 0 58 5 0 20 0 43 0 0 0 3
534 9459 1180 1142 126 0 0 58 5 0 20 0 43 0 0 0 3
535 9467 1176 1139 125 0 0 58 5 0 21 0 42 0 0 0 3
536 9465 1176 1139 125 0 0 58 6 0 21 0 43 0 0 0 3
537 9451 1183 1145 124 0 0 59 6 0 21 0 44 0 0 0 3
538 9433 1192 1154 124 0 0 59 6 0 21 0 44 0 0 0 3
539 9438 1189 1151 125 0 0 59 6 0 21 0 44 0 0 0 3
540 9441 1187 1148 125 0 0 60 6 0 21 0 45 0 0 0 3
541 9446 1185 1146 124 0 0 60 6 0 21 0 45 0 0 0 3
542 9436 1189 1150 126 0 0 60 6 0 21 0 45 0 0 0 3
543 9437 1189 1151 124 0 0 60 6 0 22 0 44 0 0 0 3
544 9441 1187 1151 122 0 0 60 6 0 24 0 42 0 0 0 3
545 9457 1179 1143 122 0 0 60 6 0 24 0 42 0 0 0 3
546 9449 1183 1148 121 0 0 60 6 0 25 0 41 0 0 0 3
547 9440 1186 1151 124 0 0 60 6 0 25 0 41 0 0 0 3
548 9437 1188 1152 122 0 0 61 6 0 25 0 42 0 0 0 3
549 9446 1183 1147 123 0 0 61 6 0 25 0 42 0 0 0 3
550 9443 1183 1147 126 0 0 61 6 0 25 0 42 0 0 0 3
551 9444 1182 1145 126 0 0 62 6 0 25 0 43 0 0 0 3
552 9453 1178 1142 124 0 0 62 6 0 26 0 42 0 0 0 3
553 9458 1175 1138 124 0 0 63 6 0 26 0 43 0 0 0 3
554 9461 1173 1137 124 0 0 63 6 0 27 0 42 0 0 0 3
555 9466 1171 1134 124 0 0 63 6 0 26 0 43 0 0 0 3
556 9474 1166 1130 125 0 0 63 6 0 27 0 42 0 0 0 3
557 9482 1163 1127 123 0 0 63 6 0 27 0 42 0 0 0 3
558 9488 1160 1124 123 0 0 63 6 0 27 0 42 0 0 0 3
559 9503 1155 1119 118 0 0 63 6 0 27 0 42 0 0 0 3
560 9500 1155 1120 120 0 0 63 6 0 28 0 41 0 0 0 3
561 9495 1156 1121 123 0 0 63 6 0 28 0 41 0 0 0 3
562 9498 1154 1119 124 0 0 63 6 0 28 0 41 0 0 0 3
563 9507 1150 1115 123 0 0 63 6 0 28 0 41 0 0 0 3
564 9495 1155 1121 124 0 0 63 6 0 29 0 40 0 0 0 3
565 9493 1156 1122 124 0 0 63 6 0 29 0 40 0 0 0 3
566 9486 1159 1125 125 0 0 63 6 0 29 0 40 0 0 0 3
567 9490 1158 1124 123 0 0 63 6 0 29 0 40 0 0 0 3
568 9497 1155 1121 122 0 0 63 6 0 29 0 40 0 0 0 3
569 9484 1161 1127 123 0 0 63 6 0 29 0 40 0 0 0 3
570 9475 1167 1133 120 0 0 63 6 0 29 0 40 0 0 0 3
571 9477 1167 1133 118 0 0 63 6 0 29 0 40 0 0 0 3
572 9500 1157 1123 115 0 0 63 6 0 29 0 40 0 0 0 3
573 9495 1159 1124 117 0 0 64 5 0 29 0 40 0 0 0 3
574 9493 1160 1124 118 0 0 65 4 0 29 0 40 0 0 0 3
575 9499 1157 1122 117 0 0 64 5 0 29 0 40 0 0 0 3
576 9490 1161 1127 117 0 0 64 5 0 30 0 39 0 0 0 3
577 9489 1163 1129 114 0 0 64 5 0 30 0 39 0 0 0 3
578 9487 1164 1129 113 0 0 65 5 0 30 0 40 0 0 0 3
579 9495 1160 1126 112 0 0 65 5 0 31 0 39 0 0 0 3
580 9493 1159 1125 116 0 0 65 5 0 31 0 39 0 0 0 3
581 9490 1161 1127 115 0 0 65 5 0 31 0 39 0 0 0 3
582 9498 1156 1123 116 0 0 65 5 0 32 0 38 0 0 0 3
583 9494 1159 1127 113 0 0 65 5 0 33 0 37 0 0 0 3
584 9500 1157 1125 111 0 0 65 5 0 33 0 37 0 0 0 3
585 9504 1155 1123 111 0 0 65 5 0 33 0 37 0 0 0 3
586 9496 1159 1127 111 0 0 65 5 0 33 0 37 0 0 0 3
587 9498 1159 1127 109 0 0 65 5 0 33 0 37 0 0 0 3
588 9500 1158 1126 109 0 0 65 5 0 33 0 37 0 0 0 3
589 9509 1154 1122 108 0 0 65 5 0 33 0 37 0 0 0 3
590 9504 1156 1123 109 0 0 66 4 0 33 0 37 0 0 0 4
591 9528 1145 1112 107 0 0 66 4 0 33 0 37 0 0 0 4
592 9528 1145 1112 107 0 0 66 4 0 33 0 37 0 0 0 4
593 9519 1149 1116 108 0 0 66 4 0 33 0 37 0 0 0 4
594 9527 1146 1114 103 0 0 67 4 0 35 0 36 0 0 0 4
595 9527 1146 1114 103 0 0 67 4 0 35 0 36 0 0 0 4
596 9533 1142 1111 104 0 0 67 4 0 36 0 35 0 0 0 4
597 9522 1148 1117 103 0 0 67 4 0 36 0 35 0 0 0 4
598 9516 1151 1120 103 0 0 67 4 0 36 0 35 0 0 0 4
599 9517 1151 1119 103 0 0 67 4 0 35 0 36 0 0 0 4
600 9528 1146 1114 102 0 0 67 4 0 35 0 36 0 0 0 4
601 9531 1145 1112 102 0 0 67 4 0 34 0 37 0 0 0 4
602 9531 1145 1112 102 0 0 67 4 0 34 0 37 0 0 0 4
603 9525 1148 1115 102 0 0 67 4 0 34 0 37 0 0 0 4
604 9536 1142 1107 101 0 0 69 4 0 34 0 39 0 0 0 4
605 9532 1144 1109 101 0 0 69 4 0 34 0 39 0 0 0 4
606 9526 1146 1111 103 0 0 69 4 0 34 0 39 0 0 0 4
607 9527 1145 1110 104 0 0 69 4 0 34 0 39 0 0 0 4
608 9521 1147 1112 106 0 0 69 4 0 34 0 39 0 0 0 4
609 9525 1145 1110 106 0 0 69 4 0 34 0 39 0 0 0 4
610 9530 1141 1107 108 0 0 69 4 0 35 0 38 0 0 0 4
611 9529 1141 1108 108 0 0 69 4 0 36 0 37 0 0 0 4
612 9524 1143 1111 108 0 0 69 4 0 37 0 36 0 0 0 4
613 9523 1144 1112 107 0 0 69 4 0 37 0 36 0 0 0 4
614 9529 1141 1109 107 0 0 69 4 0 37 0 36 0 0 0 4
615 9534 1138 1106 108 0 0 69 4 0 37 0 36 0 0 0 4
616 9548 1130 1099 109 0 0 69 4 0 38 0 35 0 0 0 4
617 9549 1129 1098 110 0 0 69 4 0 38 0 35 0 0 0 4
618 9555 1125 1094 112 0 0 69 4 0 38 0 35 0 0 0 4
619 9556 1127 1095 106 0 0 70 4 0 38 0 36 0 0 0 4
620 9557 1127 1096 104 0 0 70 4 0 39 0 35 0 0 0 4
621 9567 1122 1091 104 0 0 70 4 0 39 0 35 0 0 0 4
622 9566 1122 1091 105 0 0 70 4 0 39 0 35 0 0 0 4
623 9555 1128 1097 104 0 0 70 4 0 39 0 35 0 0 0 4
624 9558 1126 1096 104 0 0 70 4 0 40 0 34 0 0 0 4
625 9552 1128 1098 106 0 0 70 4 0 40 0 34 0 0 0 4
626 9538 1136 1106 104 0 0 70 4 0 40 0 34 0 0 0 4
627 9530 1139 1109 106 0 0 70 4 0 40 0 34 0 0 0 4
628 9523 1141 1111 109 0 0 70 4 0 40 0 34 0 0 0 4
629 9519 1142 1112 110 0 0 70 4 0 40 0 34 0 0 0 5
630 9518 1142 1113 110 0 0 69 5 0 40 0 34 0 0 0 5
631 9505 1148 1118 112 0 0 69 5 0 39 0 35 0 0 0 5
632 9500 1151 1120 108 0 0 70 6 0 39 0 37 0 0 0 5
633 9503 1148 1116 110 0 0 71 6 0 39 0 38 0 0 0 5
634 9495 1152 1120 110 0 0 71 6 0 39 0 38 0 0 0 5
635 9506 1146 1114 111 0 0 71 6 0 39 0 38 0 0 0 5
636 9498 1149 1117 111 0 0 72 6 0 40 0 38 0 0 0 5
637 9494 1150 1118 113 0 0 72 6 0 40 0 38 0 0 0 5
638 9490 1150 1119 116 0 0 72 6 0 41 0 37 0 0 0 5
639 9478 1155 1125 117 0 0 72 6 0 42 0 36 0 0 0 5
640 9475 1158 1128 114 0 0 72 6 0 42 0 36 0 0 0 5
641 9479 1156 1126 114 0 0 72 6 0 42 0 36 0 0 0 5
642 9473 1159 1128 113 0 0 73 6 0 42 0 37 0 0 0 5
643 9478 1155 1123 114 0 0 74 6 0 42 0 38 0 0 0 6
644 9455 1166 1133 114 0 0 75 6 0 42 0 39 0 0 0 6
645 9439 1172 1138 117 0 0 76 6 0 42 0 40 0 0 0 6
646 9441 1171 1137 117 0 0 76 6 0 42 0 40 0 0 0 6
647 9440 1170 1136 120 0 0 76 6 0 42 0 40 0 0 0 6
648 9427 1176 1142 121 0 0 76 6 0 42 0 40 0 0 0 6
649 9425 1175 1142 122 0 0 75 8 0 42 0 41 0 0 0 6
650 9424 1176 1141 120 0 0 77 7 0 42 0 42 0 0 0 7
651 9430 1172 1137 122 0 0 77 7 0 42 0 42 0 0 0 7
652 9431 1172 1135 119 0 0 79 7 0 42 0 44 0 0 0 7
653 9410 1181 1144 122 0 0 79 7 0 42 0 44 0 0 0 7
654 9412 1179 1142 122 0 0 79 8 0 42 0 45 0 0 0 7
655 9420 1174 1138 123 0 0 79 8 0 43 0 44 0 0 0 7
656 9407 1179 1143 124 0 0 80 8 0 44 0 44 0 0 0 7
657 9400 1182 1146 125 0 0 80 8 0 44 0 44 0 0 0 7
658 9406 1180 1143 124 0 0 81 7 0 44 0 44 0 0 0 7
659 9388 1188 1150 125 0 0 82 6 0 44 0 44 0 0 0 9
660 9380 1193 1155 123 0 0 82 6 0 44 0 44 0 0 0 9
661 9356 1203 1165 125 0 0 83 6 0 45 0 44 0 0 0 9
662 9347 1205 1167 128 0 0 84 6 0 46 0 44 0 0 0 9
663 9341 1208 1170 128 0 0 84 6 0 46 0 44 0 0 0 9
664 9330 1212 1175 130 0 0 84 6 0 47 0 43 0 0 0 9
665 9315 1220 1180 128 0 0 86 5 0 46 0 45 0 0 0 11
666 9318 1218 1178 129 0 0 86 5 0 46 0 45 0 0 0 11
667 9307 1222 1182 132 0 0 86 5 0 46 0 45 0 0 0 11
668 9299 1226 1186 132 0 0 86 5 0 46 0 45 0 0 0 11
669 9290 1226 1185 138 0 0 87 6 0 46 0 47 0 0 0 11
670 9287 1225 1182 141 0 0 89 6 0 46 0 49 0 0 0 11
671 9276 1229 1187 143 0 0 89 6 0 47 0 48 0 0 0 11
672 9263 1234 1192 146 0 0 89 6 0 47 0 48 0 0 0 11
673 9239 1245 1203 148 0 0 89 6 0 47 0 48 0 0 0 11
674 9229 1249 1208 147 0 0 90 6 0 49 0 47 0 0 0 11
675 9211 1259 1216 140 0 0 92 7 0 49 0 50 0 0 0 12
676 9205 1263 1220 138 0 0 92 7 0 49 0 50 0 0 0 12
677 9200 1266 1222 134 0 0 93 8 0 49 0 52 0 0 0 12
678 9188 1271 1227 136 0 0 93 8 0 49 0 52 0 0 0 12
679 9176 1275 1229 138 0 0 95 8 0 49 0 54 0 0 0 12
680 9173 1276 1230 139 0 0 95 8 0 49 0 54 0 0 0 12
681 9154 1286 1238 136 0 0 97 8 0 49 0 56 0 0 0 12
682 9140 1291 1244 139 0 0 96 9 0 49 0 56 0 0 0 12
683 9144 1288 1241 141 0 0 96 9 0 49 0 56 0 0 0 12
684 9131 1294 1246 141 0 0 97 9 0 49 0 57 0 0 0 12
685 9122 1297 1249 144 0 0 97 9 0 49 0 57 0 0 0 12
686 9111 1302 1253 140 0 0 99 10 0 50 0 59 0 0 0 12
687 9104 1305 1255 140 0 0 100 10 0 50 0 60 0 0 0 12
688 9092 1309 1258 143 0 0 101 10 0 50 0 61 0 0 0 12
689 9074 1318 1265 141 0 0 103 10 0 50 0 63 0 0 0 12
690 9062 1324 1271 141 0 0 103 10 0 50 0 63 0 0 0 12
691 9039 1336 1283 140 0 0 103 10 0 50 0 63 0 0 0 12
692 9040 1333 1280 145 0 0 103 10 0 50 0 63 0 0 0 12
693 9028 1337 1284 149 0 0 103 10 0 50 0 63 0 0 0 12
694 9017 1343 1289 147 0 0 104 10 0 50 0 64 0 0 0 12
695 9013 1344 1290 149 0 0 104 10 0 50 0 64 0 0 0 12
696 9004 1349 1294 149 0 0 104 10 0 49 0 65 0 0 0 12
697 8999 1350 1292 147 0 0 107 11 0 49 0 69 0 0 0 12
698 8977 1359 1301 151 0 0 107 11 0 49 0 69 0 0 0 12
699 8978 1358 1299 151 0 0 108 11 0 49 0 70 0 0 0 12
700 8964 1365 1305 150 0 0 109 11 0 49 0 71 0 0 0 12
701 8957 1368 1309 150 0 0 109 11 0 50 0 70 0 0 0 12
702 8949 1371 1310 150 0 0 111 11 0 50 0 72 0 0 0 12
703 8944 1372 1311 151 0 0 111 12 0 50 0 73 0 0 0 12
704 8945 1371 1307 150 0 0 114 11 0 50 0 75 0 0 0 13
705 8946 1371 1307 149 0 0 114 11 0 50 0 75 0 0 0 13
706 8940 1374 1310 149 0 0 114 11 0 50 0 75 0 0 0 13
707 8938 1375 1310 148 0 0 115 11 0 50 0 76 0 0 0 13
708 8935 1377 1310 145 0 0 117 11 0 50 0 78 0 0 0 13
709 8935 1378 1311 143 0 0 117 11 0 50 0 78 0 0 0 13
710 8926 1383 1316 142 0 0 117 11 0 50 0 78 0 0 0 13
711 8930 1380 1313 144 0 0 117 11 0 50 0 78 0 0 0 13
712 8926 1383 1316 142 0 0 117 11 0 50 0 78 0 0 0 13
713 8924 1382 1315 146 0 0 117 11 0 50 0 78 0 0 0 13
714 8931 1378 1311 147 0 0 117 11 0 50 0 78 0 0 0 13
715 8930 1379 1310 144 0 0 119 11 0 50 0 80 0 0 0 13
716 8943 1372 1304 144 0 0 120 10 0 52 0 78 0 0 0 13
717 8937 1375 1306 144 0 0 121 9 0 52 0 78 0 0 0 14
718 8943 1373 1303 141 0 0 122 9 0 52 0 79 0 0 0 14
719 8952 1369 1300 139 0 0 122 9 0 53 0 78 0 0 0 14
720 8952 1370 1301 137 0 0 122 9 0 53 0 78 0 0 0 14
721 8952 1369 1300 135 0 0 123 10 0 54 0 79 0 0 0 14
722 8951 1369 1300 136 0 0 123 10 0 54 0 79 0 0 0 14
723 8953 1368 1300 133 0 0 122 12 0 54 0 80 0 0 0 14
724 8947 1370 1302 133 0 0 123 12 0 55 0 80 0 0 0 14
725 8957 1365 1297 133 0 0 123 12 0 55 0 80 0 0 0 14
726 8956 1365 1298 133 0 0 122 13 0 55 0 80 0 0 0 14
727 8961 1363 1296 132 0 0 122 13 0 55 0 80 0 0 0 14
728 8959 1364 1296 133 0 0 123 12 0 55 0 80 0 0 0 14
729 8973 1355 1287 133 0 0 125 12 0 57 0 80 0 0 0 14
730 8974 1354 1286 134 0 0 125 12 0 57 0 80 0 0 0 14
731 8968 1358 1290 132 0 0 125 12 0 57 0 80 0 0 0 14
732 8967 1358 1288 131 0 0 127 12 0 57 0 82 0 0 0 14
733 8962 1360 1290 132 0 0 127 12 0 57 0 82 0 0 0 14
734 8954 1363 1294 133 0 0 127 12 0 58 0 81 0 0 0 14
735 8961 1361 1292 130 0 0 127 12 0 58 0 81 0 0 0 14
736 8950 1366 1296 130 0 0 128 12 0 58 0 82 0 0 0 14
737 8954 1363 1294 131 0 0 128 12 0 59 0 81 0 0 0 14
738 8957 1360 1291 134 0 0 128 12 0 59 0 81 0 0 0 14
739 8958 1360 1290 134 0 0 128 12 0 58 0 82 0 0 0 14
740 8960 1360 1290 132 0 0 128 12 0 58 0 82 0 0 0 14
741 8953 1364 1294 131 0 0 128 12 0 58 0 82 0 0 0 14
742 8959 1361 1290 130 0 0 129 12 0 58 0 83 0 0 0 14
743 8958 1360 1290 132 0 0 129 12 0 59 0 82 0 0 0 14
744 8947 1364 1293 134 0 0 130 12 0 59 0 83 0 0 0 14
745 8943 1365 1295 135 0 0 129 13 0 59 0 83 0 0 0 14
746 8942 1363 1294 139 0 0 129 13 0 60 0 82 0 0 0 14
747 8946 1358 1290 144 0 0 129 13 0 61 0 81 0 0 0 14
748 8941 1360 1291 144 0 0 130 13 0 61 0 82 0 0 0 14
749 8941 1359 1289 144 0 0 132 12 0 62 0 82 0 0 0 15
750 8943 1359 1290 141 0 0 132 12 0 63 0 81 0 0 0 15
751 8945 1354 1285 149 0 0 132 12 0 63 0 81 0 0 0 15
752 8951 1351 1284 147 0 0 132 12 0 65 0 79 0 0 0 15
753 8951 1351 1284 147 0 0 132 12 0 65 0 79 0 0 0 15
754 8955 1348 1283 147 0 0 132 12 0 67 0 77 0 0 0 15
755 8964 1342 1278 149 0 0 132 12 0 68 0 76 0 0 0 15
756 8959 1343 1280 149 0 0 132 13 0 69 0 76 0 0 0 15
757 8953 1346 1283 149 0 0 132 13 0 69 0 76 0 0 0 15
758 8957 1344 1282 148 0 0 132 13 0 70 0 75 0 0 0 15
759 8956 1344 1282 149 0 0 132 13 0 70 0 75 0 0 0 15
760 8967 1338 1275 149 0 0 133 13 0 70 0 76 0 0 0 15
761 8969 1334 1274 152 0 0 131 15 0 71 0 75 0 0 0 15
762 8969 1333 1273 154 0 0 131 15 0 71 0 75 0 0 0 15
763 8997 1320 1261 151 0 0 131 15 0 72 0 74 0 0 0 15
764 8996 1320 1261 152 0 0 131 15 0 72 0 74 0 0 0 15
765 9000 1318 1259 150 0 0 131 16 0 72 0 75 0 0 0 15
766 9013 1311 1252 151 0 0 131 16 0 72 0 75 0 0 0 15
767 9026 1304 1245 150 0 0 132 16 0 73 0 75 0 0 0 15
768 9025 1302 1244 154 0 0 131 17 0 73 0 75 0 0 0 15
769 9025 1302 1243 155 0 0 132 16 0 73 0 75 0 0 0 15
770 9012 1309 1249 153 0 0 133 16 0 73 0 76 0 0 0 15
771 8999 1316 1256 152 0 0 134 15 0 74 0 75 0 0 0 15
772 9012 1309 1248 152 0 0 135 15 0 74 0 76 0 0 0 15
773 9000 1314 1253 154 0 0 135 15 0 74 0 76 0 0 0 15
774 9008 1310 1249 154 0 0 135 15 0 74 0 76 0 0 0 15
775 9008 1309 1248 154 0 0 135 16 0 74 0 77 0 0 0 15
776 9010 1306 1245 158 0 0 135 16 0 74 0 77 0 0 0 15
777 9023 1302 1241 153 0 0 135 16 0 74 0 77 0 0 0 15
778 9026 1301 1240 152 0 0 135 16 0 74 0 77 0 0 0 15
779 9026 1299 1240 154 0 0 134 17 0 75 0 76 0 0 0 15
780 9029 1298 1239 153 0 0 134 17 0 75 0 76 0 0 0 15
781 9030 1298 1239 152 0 0 134 17 0 75 0 76 0 0 0 15
782 9036 1294 1235 154 0 0 134 17 0 75 0 76 0 0 0 15
783 9037 1293 1235 154 0 0 134 17 0 76 0 75 0 0 0 15
784 9035 1293 1236 155 0 0 134 17 0 77 0 74 0 0 0 15
785 9049 1286 1230 154 0 0 134 17 0 78 0 73 0 0 0 15
786 9053 1282 1229 155 0 0 134 17 0 81 0 70 0 0 0 15
787 9057 1281 1228 153 0 0 134 17 0 81 0 70 0 0 0 15
788 9052 1282 1230 155 0 0 133 18 0 81 0 70 0 0 0 15
789 9062 1278 1226 153 0 0 133 18 0 81 0 70 0 0 0 15
790 9067 1273 1222 157 0 0 133 18 0 82 0 69 0 0 0 15
791 9073 1270 1220 156 0 0 133 18 0 83 0 68 0 0 0 15
792 9079 1268 1216 154 0 0 135 17 0 83 0 69 0 0 0 15
793 9075 1269 1217 156 0 0 135 17 0 83 0 69 0 0 0 15
794 9069 1273 1221 154 0 0 135 17 0 83 0 69 0 0 0 15
795 9068 1274 1222 151 0 0 136 17 0 84 0 69 0 0 0 15
796 9060 1277 1227 151 0 0 136 17 0 86 0 67 0 0 0 15
797 9070 1272 1222 151 0 0 136 17 0 86 0 67 0 0 0 15
798 9068 1274 1224 149 0 0 136 17 0 86 0 67 0 0 0 15
799 9070 1273 1223 147 0 0 137 17 0 87 0 67 0 0 0 15
800 9069 1276 1226 142 0 0 137 17 0 87 0 67 0 0 0 15
801 9065 1277 1227 144 0 0 137 17 0 87 0 67 0 0 0 15
802 9068 1274 1225 144 0 0 138 17 0 89 0 66 0 0 0 15
803 9075 1268 1220 148 0 0 139 16 0 91 0 64 0 0 0 15
804 9072 1270 1222 147 0 0 139 16 0 91 0 64 0 0 0 15
805 9076 1267 1219 149 0 0 139 16 0 91 0 64 0 0 0 15
806 9075 1269 1221 146 0 0 139 16 0 91 0 64 0 0 0 15
807 9100 1257 1209 145 0 0 139 16 0 91 0 64 0 0 0 15
808 9117 1249 1201 144 0 0 139 16 0 91 0 64 0 0 0 15
809 9138 1239 1191 143 0 0 139 16 0 91 0 64 0 0 0 15
810 9140 1238 1191 142 0 0 139 16 0 92 0 63 0 0 0 15
811 9127 1245 1198 141 0 0 139 16 0 92 0 63 0 0 0 15
812 9125 1245 1198 143 0 0 139 16 0 92 0 63 0 0 0 15
813 9133 1240 1194 144 0 0 139 16 0 93 0 62 0 0 0 15
814 9134 1239 1194 144 0 0 139 16 0 94 0 61 0 0 0 15
815 9135 1237 1191 148 0 0 140 15 0 94 0 61 0 0 0 15
816 9137 1235 1188 151 0 0 141 14 0 94 0 61 0 0 0 15
817 9148 1231 1184 148 0 0 142 13 0 95 0 60 0 0 0 15
818 9159 1227 1179 144 0 0 143 13 0 95 0 61 0 0 0 15
819 9171 1222 1175 141 0 0 143 13 0 96 0 60 0 0 0 15
820 9168 1223 1176 142 0 0 143 13 0 96 0 60 0 0 0 15
821 9167 1222 1175 145 0 0 143 13 0 96 0 60 0 0 0 15
822 9164 1223 1176 146 0 0 143 13 0 96 0 60 0 0 0 15
823 9161 1224 1176 144 0 0 144 14 0 96 0 62 0 0 0 15
824 9153 1227 1179 146 0 0 144 14 0 96 0 62 0 0 0 15
825 9154 1227 1179 145 0 0 144 14 0 96 0 62 0 0 0 15
826 9154 1227 1179 145 0 0 144 14 0 96 0 62 0 0 0 15
827 9154 1227 1178 146 0 0 145 13 0 96 0 62 0 0 0 15
828 9150 1230 1181 144 0 0 145 13 0 96 0 62 0 0 0 15
829 9159 1225 1176 145 0 0 145 13 0 96 0 62 0 0 0 15
830 9162 1222 1172 147 0 0 146 13 0 96 0 63 0 0 0 15
831 9155 1225 1176 147 0 0 146 13 0 97 0 62 0 0 0 15
832 9155 1224 1175 149 0 0 146 13 0 97 0 62 0 0 0 15
833 9160 1221 1172 150 0 0 146 13 0 97 0 62 0 0 0 15
834 9162 1221 1171 147 0 0 147 13 0 97 0 63 0 0 0 15
835 9151 1226 1176 148 0 0 147 13 0 97 0 63 0 0 0 15
836 9143 1230 1180 148 0 0 147 13 0 97 0 63 0 0 0 15
837 9142 1230 1180 149 0 0 147 13 0 97 0 63 0 0 0 15
838 9146 1227 1177 151 0 0 147 13 0 97 0 63 0 0 0 15
839 9128 1237 1187 149 0 0 147 13 0 97 0 63 0 0 0 15
840 9109 1246 1194 148 0 0 149 13 0 97 0 65 0 0 0 15
841 9108 1247 1194 146 0 0 150 13 0 97 0 66 0 0 0 15
842 9107 1247 1194 147 0 0 150 13 0 97 0 66 0 0 0 15
843 9100 1251 1198 146 0 0 150 13 0 97 0 66 0 0 0 15
844 9093 1252 1198 150 0 0 151 13 0 97 0 67 0 0 0 15
845 9090 1251 1197 153 0 0 152 13 0 98 0 67 0 0 0 15
846 9083 1255 1200 150 0 0 153 13 0 98 0 68 0 0 0 16
847 9072 1260 1204 150 0 0 154 13 0 98 0 69 0 0 0 16
848 9065 1263 1204 152 0 0 155 13 0 96 0 72 0 0 0 16
849 9058 1265 1208 153 0 0 154 14 0 97 0 71 0 0 0 16
850 9040 1271 1214 159 0 0 154 14 0 97 0 71 0 0 0 16
851 9028 1277 1220 157 0 0 154 15 0 97 0 72 0 0 0 16
852 9019 1280 1223 160 0 0 154 15 0 97 0 72 0 0 0 16
853 9012 1282 1226 162 0 0 153 16 0 97 0 72 0 0 0 16
854 9012 1279 1224 167 0 0 152 17 0 97 0 72 0 0 0 16
855 8998 1284 1228 167 0 0 154 17 0 98 0 73 0 0 0 17
856 8989 1286 1232 170 0 0 154 17 0 100 0 71 0 0 0 17
857 8977 1291 1237 172 0 0 154 17 0 100 0 71 0 0 0 17
858 8972 1292 1238 175 0 0 154 17 0 100 0 71 0 0 0 17
859 8961 1296 1243 177 0 0 154 17 0 101 0 70 0 0 0 17
860 8949 1301 1246 177 0 0 156 17 0 101 0 72 0 0 0 17
861 8941 1303 1248 179 0 0 156 18 0 101 0 73 0 0 0 17
862 8932 1305 1253 181 0 0 155 19 0 103 0 71 0 0 0 17
863 8927 1309 1259 176 0 0 155 19 0 105 0 69 0 0 0 17
864 8920 1313 1263 175 0 0 156 18 0 106 0 68 0 0 0 17
865 8910 1317 1267 173 0 0 157 19 0 107 0 69 0 0 0 17
866 8900 1321 1270 175 0 0 158 18 0 107 0 69 0 0 0 18
867 8869 1334 1284 179 0 0 158 18 0 108 0 68 0 0 0 18
868 8861 1338 1288 179 0 0 158 18 0 108 0 68 0 0 0 18
869 8843 1346 1295 180 0 0 159 18 0 108 0 69 0 0 0 18
870 8840 1346 1295 181 0 0 159 19 0 108 0 70 0 0 0 18
871 8829 1351 1300 182 0 0 159 19 0 108 0 70 0 0 0 18
872 8812 1358 1305 183 0 0 161 19 0 108 0 72 0 0 0 18
873 8802 1360 1307 187 0 0 162 19 0 109 0 72 0 0 0 18
874 8803 1360 1308 185 0 0 161 20 0 109 0 72 0 0 0 18
875 8796 1363 1312 185 0 0 160 21 0 109 0 72 0 0 0 18
876 8788 1366 1313 185 0 0 162 21 0 109 0 74 0 0 0 18
877 8793 1363 1310 186 0 0 162 21 0 109 0 74 0 0 0 18
878 8774 1373 1319 184 0 0 163 21 0 109 0 75 0 0 0 18
879 8767 1374 1319 186 0 0 164 22 0 109 0 77 0 0 0 18
880 8762 1376 1319 185 0 0 166 22 0 109 0 79 0 0 0 18
881 8752 1379 1322 189 0 0 166 22 0 109 0 79 0 0 0 18
882 8748 1381 1325 186 0 0 166 23 0 110 0 79 0 0 0 18
883 8731 1389 1331 185 0 0 168 23 0 110 0 81 0 0 0 18
884 8724 1393 1335 184 0 0 168 23 0 110 0 81 0 0 0 18
885 8711 1397 1341 187 0 0 167 24 0 111 0 80 0 0 0 18
886 8698 1402 1345 189 0 0 168 24 0 111 0 81 0 0 0 18
887 8697 1402 1344 190 0 0 169 23 0 111 0 81 0 0 0 19
888 8691 1405 1347 186 0 0 170 24 0 112 0 82 0 0 0 19
889 8686 1407 1349 185 0 0 170 25 0 112 0 83 0 0 0 19
890 8681 1407 1349 190 0 0 170 25 0 112 0 83 0 0 0 19
891 8668 1412 1353 192 0 0 171 25 0 112 0 84 0 0 0 19
892 8666 1413 1355 191 0 0 170 26 0 112 0 84 0 0 0 19
893 8676 1409 1351 189 0 0 170 26 0 112 0 84 0 0 0 19
894 8674 1410 1352 189 0 0 170 26 0 112 0 84 0 0 0 19
895 8671 1410 1352 190 0 0 171 26 0 113 0 84 0 0 0 19
896 8672 1410 1351 186 0 0 172 27 0 113 0 86 0 0 0 19
897 8667 1412 1351 185 0 0 174 27 0 113 0 88 0 0 0 19
898 8657 1416 1356 186 0 0 174 27 0 114 0 87 0 0 0 19
899 8663 1413 1352 184 0 0 175 27 0 114 0 88 0 0 0 20
900 8658 1414 1351 187 0 0 177 26 0 114 0 89 0 0 0 20
901 8660 1413 1348 185 0 0 179 26 0 114 0 91 0 0 0 20
902 8658 1413 1349 186 0 0 180 25 0 116 0 89 0 0 0 20
903 8667 1406 1343 190 0 0 179 26 0 116 0 89 0 0 0 20
904 8663 1409 1345 187 0 0 180 26 0 116 0 90 0 0 0 20
905 8665 1410 1346 181 0 0 180 27 0 116 0 91 0 0 0 20
906 8660 1411 1347 184 0 0 180 27 0 116 0 91 0 0 0 20
907 8662 1408 1348 184 0 0 180 27 0 120 0 87 0 0 0 20
908 8662 1406 1345 188 0 0 181 26 0 120 0 87 0 0 0 21
909 8670 1400 1341 190 0 0 181 26 0 122 0 85 0 0 0 21
910 8661 1404 1346 188 0 0 182 26 0 124 0 84 0 0 0 21
911 8654 1405 1346 192 0 0 183 26 0 124 0 85 0 0 0 21
912 8647 1408 1348 192 0 0 184 26 0 124 0 86 0 0 0 21
913 8644 1410 1348 191 0 0 185 26 0 123 0 88 0 0 0 21
914 8633 1415 1352 192 0 0 185 26 0 122 0 89 0 0 0 22
915 8638 1413 1347 188 0 0 188 26 0 122 0 92 0 0 0 22
916 8652 1407 1340 187 0 0 188 26 0 121 0 93 0 0 0 22
917 8652 1404 1341 189 0 0 188 26 0 125 0 89 0 0 0 22
918 8655 1403 1340 188 0 0 188 26 0 125 0 89 0 0 0 22
919 8654 1402 1339 190 0 0 189 25 0 126 0 88 0 0 0 23
920 8656 1401 1339 185 0 0 190 26 0 128 0 88 0 0 0 23
921 8661 1398 1336 186 0 0 190 26 0 128 0 88 0 0 0 23
922 8661 1398 1336 186 0 0 190 26 0 128 0 88 0 0 0 23
923 8663 1398 1334 182 0 0 192 26 0 128 0 90 0 0 0 23
924 8655 1402 1338 182 0 0 192 26 0 128 0 90 0 0 0 23
925 8671 1394 1329 181 0 0 193 26 0 128 0 91 0 0 0 23
926 8665 1397 1332 181 0 0 193 26 0 128 0 91 0 0 0 23
927 8674 1391 1327 183 0 0 193 26 0 129 0 90 0 0 0 23
928 8681 1388 1324 182 0 0 193 26 0 129 0 90 0 0 0 23
929 8677 1390 1327 181 0 0 193 26 0 130 0 89 0 0 0 23
930 8670 1393 1330 182 0 0 193 26 0 130 0 89 0 0 0 23
931 8668 1393 1332 182 0 0 193 26 0 132 0 87 0 0 0 23
932 8679 1387 1326 183 0 0 193 26 0 132 0 87 0 0 0 23
933 8681 1386 1324 184 0 0 193 26 0 131 0 88 0 0 0 23
934 8688 1381 1319 187 0 0 192 27 0 130 0 89 0 0 0 23
935 8689 1381 1320 185 0 0 192 27 0 131 0 88 0 0 0 23
936 8700 1375 1316 184 0 0 192 27 0 133 0 86 0 0 0 23
937 8691 1376 1315 189 0 0 194 27 0 133 0 88 0 0 0 23
938 8698 1373 1312 188 0 0 194 27 0 133 0 88 0 0 0 23
939 8702 1368 1307 192 0 0 194 28 0 133 0 89 0 0 0 23
940 8699 1369 1308 193 0 0 194 28 0 133 0 89 0 0 0 23
941 8698 1368 1307 194 0 0 195 28 0 134 0 89 0 0 0 23
942 8703 1367 1307 190 0 0 194 29 0 134 0 89 0 0 0 23
943 8702 1366 1307 192 0 0 194 29 0 135 0 88 0 0 0 23
944 8711 1362 1302 192 0 0 195 28 0 135 0 88 0 0 0 23
945 8699 1369 1308 191 0 0 196 27 0 135 0 88 0 0 0 23
946 8698 1371 1309 189 0 0 196 27 0 134 0 89 0 0 0 23
947 8701 1369 1306 189 0 0 197 27 0 134 0 90 0 0 0 23
948 8695 1371 1308 191 0 0 197 27 0 134 0 90 0 0 0 23
949 8699 1369 1306 191 0 0 197 27 0 134 0 90 0 0 0 23
950 8699 1369 1305 190 0 0 198 27 0 134 0 91 0 0 0 23
951 8703 1366 1303 191 0 0 198 27 0 135 0 90 0 0 0 23
952 8706 1364 1302 191 0 0 198 27 0 136 0 89 0 0 0 23
953 8704 1365 1302 192 0 0 199 26 0 136 0 89 0 0 0 23
954 8709 1362 1298 190 0 0 200 27 0 136 0 91 0 0 0 23
955 8708 1364 1300 187 0 0 201 26 0 137 0 90 0 0 0 23
956 8700 1370 1307 182 0 0 201 26 0 138 0 89 0 0 0 23
957 8696 1371 1310 182 0 0 200 27 0 139 0 88 0 0 0 23
958 8691 1373 1312 183 0 0 200 27 0 139 0 88 0 0 0 23
959 8685 1375 1315 184 0 0 200 27 0 140 0 87 0 0 0 23
960 8688 1373 1314 184 0 0 200 27 0 141 0 86 0 0 0 23
961 8679 1376 1318 186 0 0 199 28 0 141 0 86 0 0 0 23
962 8693 1369 1310 185 0 0 200 28 0 141 0 87 0 0 0 23
963 8690 1370 1311 186 0 0 200 28 0 141 0 87 0 0 0 23
964 8702 1367 1307 179 0 0 201 28 0 141 0 88 0 0 0 23
965 8704 1364 1306 181 0 0 200 29 0 142 0 87 0 0 0 23
966 8697 1368 1311 177 0 0 200 30 0 143 0 87 0 0 0 23
967 8705 1362 1310 176 0 0 198 32 0 146 0 84 0 0 0 23
968 8712 1358 1305 177 0 0 199 31 0 146 0 84 0 0 0 24
969 8693 1366 1312 177 0 0 200 32 0 146 0 86 0 0 0 24
970 8687 1369 1315 177 0 0 200 32 0 146 0 86 0 0 0 24
971 8686 1371 1318 173 0 0 200 32 0 147 0 85 0 0 0 24
972 8697 1367 1313 170 0 0 201 31 0 147 0 85 0 0 0 25
973 8701 1364 1311 171 0 0 201 31 0 148 0 84 0 0 0 25
974 8695 1366 1313 173 0 0 200 32 0 147 0 85 0 0 0 25
975 8704 1362 1309 171 0 0 200 32 0 147 0 85 0 0 0 26
976 8700 1363 1309 172 0 0 201 32 0 147 0 86 0 0 0 26
977 8693 1367 1311 173 0 0 203 30 0 147 0 86 0 0 0 26
978 8693 1366 1310 175 0 0 203 30 0 147 0 86 0 0 0 26
979 8691 1367 1311 175 0 0 203 30 0 147 0 86 0 0 0 26
980 8683 1371 1316 174 0 0 203 30 0 148 0 85 0 0 0 26
981 8686 1371 1314 171 0 0 204 30 0 147 0 87 0 0 0 26
982 8686 1369 1312 175 0 0 204 30 0 147 0 87 0 0 0 26
983 8702 1363 1306 171 0 0 204 30 0 147 0 87 0 0 0 26
984 8719 1355 1296 168 0 0 206 30 0 147 0 89 0 0 0 26
985 8728 1352 1292 164 0 0 207 29 0 147 0 89 0 0 0 28
986 8738 1346 1287 165 0 0 206 30 0 147 0 89 0 0 0 28
987 8741 1345 1286 164 0 0 206 30 0 147 0 89 0 0 0 28
988 8739 1345 1285 165 0 0 207 30 0 147 0 90 0 0 0 28
989 8741 1345 1285 163 0 0 207 30 0 147 0 90 0 0 0 28
990 8750 1340 1281 163 0 0 207 30 0 148 0 89 0 0 0 28
991 8750 1340 1281 163 0 0 207 30 0 148 0 89 0 0 0 28
992 8745 1341 1282 166 0 0 207 30 0 148 0 89 0 0 0 28
993 8747 1340 1280 167 0 0 207 30 0 147 0 90 0 0 0 28
994 8753 1338 1277 165 0 0 208 29 0 147 0 90 0 0 0 29
995 8755 1336 1276 166 0 0 208 29 0 148 0 89 0 0 0 29
996 8759 1333 1273 168 0 0 208 29 0 148 0 89 0 0 0 29
997 8766 1328 1268 169 0 0 208 30 0 148 0 90 0 0 0 29
998 8763 1330 1270 168 0 0 208 30 0 148 0 90 0 0 0 29
999 8772 1327 1267 165 0 0 208 30 0 148 0 90 0 0 0 29
1000 8776 1326 1265 164 0 0 208 30 0 147 0 91 0 0 0 29
1001 8787 1321 1260 163 0 0 208 30 0 147 0 91 0 0 0 29
1002 8793 1318 1257 163 0 0 208 30 0 147 0 91 0 0 0 29
1003 8805 1313 1254 159 0 0 208 30 0 149 0 89 0 0 0 29
1004 8802 1314 1254 161 0 0 209 29 0 149 0 89 0 0 0 29
1005 8796 1316 1257 162 0 0 209 29 0 150 0 88 0 0 0 29
1006 8798 1317 1257 159 0 0 209 29 0 149 0 89 0 0 0 29
1007 8790 1321 1261 159 0 0 209 29 0 149 0 89 0 0 0 29
1008 8796 1319 1258 158 0 0 210 28 0 149 0 89 0 0 0 29
1009 8793 1321 1260 155 0 0 211 28 0 150 0 89 0 0 0 29
1010 8799 1317 1256 157 0 0 211 28 0 150 0 89 0 0 0 29
1011 8790 1321 1259 157 0 0 213 27 0 151 0 89 0 0 0 29
1012 8780 1325 1263 159 0 0 213 27 0 151 0 89 0 0 0 29
1013 8791 1321 1258 155 0 0 214 27 0 151 0 90 0 0 0 29
1014 8781 1327 1264 153 0 0 214 27 0 151 0 90 0 0 0 29
1015 8762 1336 1272 155 0 0 214 27 0 150 0 91 0 0 0 29
1016 8759 1336 1274 156 0 0 215 26 0 153 0 88 0 0 0 29
1017 8763 1335 1273 154 0 0 215 26 0 153 0 88 0 0 0 29
1018 8768 1333 1271 153 0 0 215 26 0 153 0 88 0 0 0 29
1019 8771 1331 1269 154 0 0 215 26 0 153 0 88 0 0 0 29
1020 8787 1324 1262 152 0 0 215 26 0 153 0 88 0 0 0 29
1021 8794 1321 1259 151 0 0 215 26 0 153 0 88 0 0 0 29
1022 8796 1321 1259 149 0 0 215 26 0 153 0 88 0 0 0 29
1023 8797 1320 1259 149 0 0 215 26 0 154 0 87 0 0 0 29
1024 8789 1323 1261 150 0 0 216 26 0 154 0 88 0 0 0 29
1025 8788 1324 1262 149 0 0 216 26 0 154 0 88 0 0 0 29
1026 8790 1322 1261 150 0 0 217 25 0 156 0 86 0 0 0 29
1027 8791 1321 1262 149 0 0 216 26 0 157 0 85 0 0 0 29
1028 8787 1322 1263 151 0 0 216 26 0 157 0 85 0 0 0 29
1029 8790 1320 1261 152 0 0 217 25 0 158 0 84 0 0 0 29
1030 8805 1313 1254 151 0 0 217 25 0 158 0 84 0 0 0 29
1031 8808 1312 1253 150 0 0 217 25 0 158 0 84 0 0 0 29
1032 8815 1309 1250 149 0 0 217 25 0 158 0 84 0 0 0 29
1033 8821 1306 1247 149 0 0 217 25 0 158 0 84 0 0 0 29
1034 8827 1302 1243 151 0 0 217 25 0 158 0 84 0 0 0 29
1035 8829 1303 1243 148 0 0 217 25 0 157 0 85 0 0 0 29
1036 8844 1295 1234 148 0 0 218 25 0 157 0 86 0 0 0 29
1037 8853 1291 1231 146 0 0 219 24 0 159 0 84 0 0 0 29
1038 8861 1287 1227 146 0 0 219 24 0 159 0 84 0 0 0 29
1039 8867 1284 1224 146 0 0 219 24 0 159 0 84 0 0 0 29
1040 8868 1283 1222 148 0 0 220 23 0 159 0 84 0 0 0 29
1041 8861 1288 1227 145 0 0 220 23 0 159 0 84 0 0 0 29
1042 8878 1279 1219 145 0 0 221 22 0 161 0 82 0 0 0 29
1043 8888 1274 1215 144 0 0 221 22 0 162 0 81 0 0 0 29
1044 8886 1274 1214 145 0 0 222 22 0 162 0 82 0 0 0 29
1045 8894 1270 1211 144 0 0 222 22 0 163 0 81 0 0 0 29
1046 8896 1268 1209 146 0 0 223 21 0 164 0 80 0 0 0 29
1047 8895 1268 1209 145 0 0 224 21 0 165 0 80 0 0 0 29
1048 8904 1265 1206 142 0 0 224 21 0 165 0 80 0 0 0 29
1049 8903 1266 1208 140 0 0 223 22 0 165 0 80 0 0 0 29
1050 8907 1262 1206 141 0 0 224 21 0 168 0 77 0 0 0 30
1051 8914 1258 1203 141 0 0 224 21 0 169 0 76 0 0 0 30
1052 8918 1256 1201 141 0 0 224 21 0 169 0 76 0 0 0 30
1053 8913 1258 1203 142 0 0 224 21 0 169 0 76 0 0 0 30
1054 8924 1253 1199 140 0 0 224 21 0 170 0 75 0 0 0 30
1055 8938 1246 1192 140 0 0 224 21 0 170 0 75 0 0 0 30
1056 8937 1248 1195 136 0 0 224 21 0 171 0 74 0 0 0 30
1057 8943 1244 1191 138 0 0 224 21 0 171 0 74 0 0 0 30
1058 8950 1241 1186 135 0 0 226 21 0 171 0 76 0 0 0 30
1059 8946 1243 1188 134 0 0 226 21 0 171 0 76 0 0 0 31
1060 8947 1242 1189 133 0 0 225 22 0 172 0 75 0 0 0 31
1061 8952 1240 1189 130 0 0 225 22 0 174 0 73 0 0 0 31
1062 8953 1238 1188 132 0 0 225 22 0 175 0 72 0 0 0 31
1063 8960 1233 1186 132 0 0 225 22 0 178 0 69 0 0 0 31
1064 8972 1228 1179 132 0 0 226 21 0 177 0 70 0 0 0 31
1065 8978 1226 1176 129 0 0 227 21 0 177 0 71 0 0 0 31
1066 8981 1224 1176 128 0 0 226 22 0 178 0 70 0 0 0 31
1067 8983 1221 1177 128 0 0 224 24 0 180 0 68 0 0 0 31
1068 8995 1216 1171 127 0 0 225 23 0 180 0 68 0 0 0 31
1069 9017 1206 1161 123 0 0 226 23 0 181 0 68 0 0 0 31
1070 9028 1202 1156 121 0 0 226 23 0 180 0 69 0 0 0 31
1071 9032 1199 1155 121 0 0 224 25 0 180 0 69 0 0 0 31
1072 9044 1193 1149 121 0 0 224 25 0 180 0 69 0 0 0 31
1073 9041 1195 1151 120 0 0 225 24 0 181 0 68 0 0 0 31
1074 9036 1197 1152 120 0 0 226 24 0 181 0 69 0 0 0 31
1075 9029 1199 1154 123 0 0 226 24 0 181 0 69 0 0 0 31
1076 9028 1198 1154 125 0 0 226 24 0 182 0 68 0 0 0 31
1077 9023 1201 1158 123 0 0 226 24 0 183 0 67 0 0 0 31
1078 9024 1198 1158 125 0 0 226 24 0 186 0 64 0 0 0 31
1079 9030 1196 1155 122 0 0 227 24 0 186 0 65 0 0 0 31
1080 9030 1196 1154 123 0 0 227 24 0 185 0 66 0 0 0 31
1081 9033 1194 1152 124 0 0 227 24 0 185 0 66 0 0 0 31
1082 9034 1194 1153 122 0 0 227 24 0 186 0 65 0 0 0 31
1083 9047 1188 1147 121 0 0 227 24 0 186 0 65 0 0 0 31
1084 9052 1185 1144 122 0 0 227 24 0 186 0 65 0 0 0 31
1085 9060 1181 1138 121 0 0 229 23 0 186 0 66 0 0 0 32
1086 9067 1176 1133 122 0 0 230 23 0 187 0 66 0 0 0 32
1087 9073 1174 1130 121 0 0 230 23 0 186 0 67 0 0 0 32
1088 9074 1172 1128 123 0 0 230 23 0 186 0 67 0 0 0 33
1089 9067 1176 1132 122 0 0 230 23 0 186 0 67 0 0 0 33
1090 9065 1175 1132 125 0 0 230 23 0 187 0 66 0 0 0 33
1091 9065 1173 1130 129 0 0 230 23 0 187 0 66 0 0 0 33
1092 9057 1176 1132 132 0 0 230 23 0 186 0 67 0 0 0 33
1093 9054 1178 1133 132 0 0 231 22 0 186 0 67 0 0 0 33
1094 9045 1182 1137 133 0 0 231 22 0 186 0 67 0 0 0 33
1095 9046 1181 1137 133 0 0 231 22 0 187 0 66 0 0 0 33
1096 9045 1182 1137 133 0 0 232 21 0 187 0 66 0 0 0 33
1097 9054 1177 1133 133 0 0 232 21 0 188 0 65 0 0 0 33
1098 9065 1171 1127 134 0 0 232 21 0 188 0 65 0 0 0 33
1099 9072 1168 1124 133 0 0 232 21 0 188 0 65 0 0 0 33
1100 9076 1167 1123 131 0 0 232 21 0 188 0 65 0 0 0 33
1101 9087 1163 1118 125 0 0 234 21 0 189 0 66 0 0 0 33
1102 9089 1162 1117 125 0 0 234 21 0 189 0 66 0 0 0 33
1103 9090 1162 1116 125 0 0 235 20 0 189 0 66 0 0 0 33
1104 9094 1160 1115 122 0 0 235 21 0 190 0 66 0 0 0 33
1105 9096 1159 1114 122 0 0 235 21 0 190 0 66 0 0 0 33
1106 9102 1156 1110 123 0 0 236 20 0 190 0 66 0 0 0 33
1107 9113 1150 1104 124 0 0 236 20 0 190 0 66 0 0 0 33
1108 9104 1155 1107 123 0 0 238 19 0 190 0 67 0 0 0 33
1109 9120 1146 1098 125 0 0 238 19 0 190 0 67 0 0 0 33
1110 9124 1143 1097 125 0 0 238 19 0 192 0 65 0 0 0 33
1111 9142 1134 1088 125 0 0 238 19 0 192 0 65 0 0 0 33
1112 9154 1127 1081 127 0 0 238 19 0 192 0 65 0 0 0 33
1113 9148 1130 1084 127 0 0 238 19 0 192 0 65 0 0 0 33
1114 9141 1133 1087 128 0 0 238 19 0 192 0 65 0 0 0 33
1115 9140 1134 1087 127 0 0 239 18 0 192 0 65 0 0 0 34
1116 9136 1137 1088 127 0 0 240 17 0 191 0 66 0 0 0 34
1117 9149 1131 1082 124 0 0 241 17 0 192 0 66 0 0 0 34
1118 9161 1126 1077 122 0 0 241 17 0 192 0 66 0 0 0 34
1119 9167 1123 1074 122 0 0 241 17 0 192 0 66 0 0 0 34
1120 9162 1125 1076 123 0 0 241 17 0 192 0 66 0 0 0 34
1121 9170 1120 1071 125 0 0 241 17 0 192 0 66 0 0 0 34
1122 9166 1121 1074 125 0 0 241 17 0 194 0 64 0 0 0 34
1123 9177 1115 1068 126 0 0 241 17 0 194 0 64 0 0 0 34
1124 9179 1117 1071 119 0 0 241 17 0 195 0 63 0 0 0 34
1125 9180 1116 1070 120 0 0 242 16 0 196 0 62 0 0 0 34
1126 9182 1115 1069 120 0 0 242 16 0 196 0 62 0 0 0 34
1127 9190 1110 1065 121 0 0 241 17 0 196 0 62 0 0 0 34
1128 9199 1106 1061 120 0 0 241 17 0 196 0 62 0 0 0 34
1129 9207 1101 1056 120 0 0 241 18 0 196 0 63 0 0 0 34
1130 9207 1099 1055 123 0 0 240 19 0 196 0 63 0 0 0 34
1131 9218 1094 1050 122 0 0 240 19 0 196 0 63 0 0 0 34
1132 9223 1091 1047 123 0 0 240 19 0 196 0 63 0 0 0 34
1133 9221 1092 1048 123 0 0 240 19 0 196 0 63 0 0 0 34
1134 9210 1098 1054 122 0 0 240 19 0 196 0 63 0 0 0 34
1135 9215 1097 1053 119 0 0 240 19 0 196 0 63 0 0 0 34
1136 9228 1090 1046 120 0 0 240 19 0 196 0 63 0 0 0 34
1137 9243 1082 1039 120 0 0 240 19 0 197 0 62 0 0 0 34
1138 9241 1084 1041 118 0 0 240 19 0 197 0 62 0 0 0 34
1139 9247 1081 1038 118 0 0 240 19 0 197 0 62 0 0 0 34
1140 9238 1085 1043 118 0 0 239 20 0 197 0 62 0 0 0 34
1141 9233 1088 1045 118 0 0 239 20 0 196 0 63 0 0 0 34
1142 9234 1088 1046 116 0 0 239 20 0 197 0 62 0 0 0 34
1143 9246 1082 1040 116 0 0 239 20 0 197 0 62 0 0 0 34
1144 9255 1077 1035 117 0 0 239 20 0 197 0 62 0 0 0 34
1145 9260 1075 1033 116 0 0 239 20 0 197 0 62 0 0 0 34
1146 9272 1068 1027 117 0 0 239 20 0 198 0 61 0 0 0 34
1147 9285 1062 1022 115 0 0 238 21 0 198 0 61 0 0 0 34
1148 9286 1062 1021 114 0 0 240 19 0 199 0 60 0 0 0 35
1149 9296 1058 1017 112 0 0 240 19 0 199 0 60 0 0 0 35
1150 9306 1053 1013 111 0 0 240 19 0 200 0 59 0 0 0 35
1151 9319 1047 1008 109 0 0 240 19 0 201 0 58 0 0 0 35
1152 9330 1042 1004 107 0 0 240 19 0 202 0 57 0 0 0 35
1153 9338 1039 1000 104 0 0 241 19 0 202 0 58 0 0 0 35
1154 9335 1041 1002 103 0 0 241 19 0 202 0 58 0 0 0 35
1155 9333 1042 1004 102 0 0 241 19 0 203 0 57 0 0 0 35
1156 9340 1039 1001 101 0 0 241 19 0 203 0 57 0 0 0 35
1157 9348 1035 997 101 0 0 241 19 0 203 0 57 0 0 0 35
1158 9350 1034 996 101 0 0 241 19 0 203 0 57 0 0 0 35
1159 9347 1035 998 101 0 0 241 19 0 204 0 56 0 0 0 35
1160 9338 1041 1001 101 0 0 243 17 0 203 0 57 0 0 0 35
1161 9352 1034 994 101 0 0 243 17 0 203 0 57 0 0 0 35
1162 9348 1035 997 101 0 0 243 17 0 205 0 55 0 0 0 35
1163 9350 1034 997 100 0 0 243 17 0 206 0 54 0 0 0 35
1164 9350 1033 996 102 0 0 243 17 0 206 0 54 0 0 0 35
1165 9356 1031 994 100 0 0 244 16 0 207 0 53 0 0 0 35
1166 9356 1032 995 98 0 0 244 16 0 207 0 53 0 0 0 35
1167 9352 1033 996 98 0 0 245 16 0 208 0 53 0 0 0 35
1168 9360 1029 992 98 0 0 245 16 0 208 0 53 0 0 0 35
1169 9364 1027 992 94 0 0 245 17 0 210 0 52 0 0 0 35
1170 9369 1025 990 93 0 0 245 17 0 210 0 52 0 0 0 35
1171 9357 1031 995 93 0 0 246 16 0 210 0 52 0 0 0 36
1172 9349 1036 1000 91 0 0 246 16 0 210 0 52 0 0 0 36
1173 9360 1031 996 89 0 0 246 16 0 211 0 51 0 0 0 36
1174 9362 1029 995 90 0 0 246 16 0 212 0 50 0 0 0 36
1175 9366 1027 994 89 0 0 246 16 0 213 0 49 0 0 0 36
1176 9367 1027 994 88 0 0 246 16 0 213 0 49 0 0 0 36
1177 9375 1024 990 87 0 0 247 15 0 213 0 49 0 0 0 36
1178 9381 1020 986 87 0 0 248 15 0 214 0 49 0 0 0 36
1179 9388 1016 983 87 0 0 248 15 0 215 0 48 0 0 0 36
1180 9402 1007 974 91 0 0 248 15 0 215 0 48 0 0 0 36
1181 9398 1009 975 92 0 0 248 15 0 214 0 49 0 0 0 36
1182 9407 1004 970 91 0 0 248 16 0 214 0 50 0 0 0 36
1183 9407 1003 969 93 0 0 248 16 0 214 0 50 0 0 0 36
1184 9420 996 963 93 0 0 248 16 0 215 0 49 0 0 0 36
1185 9431 990 957 94 0 0 249 15 0 216 0 48 0 0 0 36
1186 9433 990 957 92 0 0 249 15 0 216 0 48 0 0 0 36
1187 9433 990 957 92 0 0 249 15 0 216 0 48 0 0 0 36
1188 9437 989 957 89 0 0 248 16 0 216 0 48 0 0 0 36
1189 9434 991 960 87 0 0 248 16 0 217 0 47 0 0 0 36
1190 9433 991 960 88 0 0 248 16 0 217 0 47 0 0 0 36
1191 9438 989 958 87 0 0 248 16 0 217 0 47 0 0 0 36
1192 9450 983 952 87 0 0 248 16 0 217 0 47 0 0 0 36
1193 9457 978 948 89 0 0 248 16 0 218 0 46 0 0 0 36
1194 9461 976 946 89 0 0 248 16 0 218 0 46 0 0 0 36
1195 9469 973 942 88 0 0 248 16 0 217 0 47 0 0 0 36
1196 9464 975 945 88 0 0 248 16 0 218 0 46 0 0 0 36
1197 9463 978 948 83 0 0 248 16 0 218 0 46 0 0 0 36
1198 9462 978 948 84 0 0 248 16 0 218 0 46 0 0 0 36
1199 9458 980 950 84 0 0 248 16 0 218 0 46 0 0 0 36
1200 9458 980 950 84 0 0 248 16 0 218 0 46 0 0 0 36
1201 9455 980 951 86 0 0 248 16 0 219 0 45 0 0 0 36
1202 9461 976 947 88 0 0 248 16 0 219 0 45 0 0 0 36
1203 9475 969 940 88 0 0 248 16 0 219 0 45 0 0 0 36
1204 9476 969 940 87 0 0 248 16 0 219 0 45 0 0 0 36
1205 9476 968 940 88 0 0 248 16 0 220 0 44 0 0 0 36
1206 9485 964 936 87 0 0 248 16 0 220 0 44 0 0 0 36
1207 9496 959 931 86 0 0 248 16 0 220 0 44 0 0 0 36
1208 9496 960 933 83 0 0 248 16 0 221 0 43 0 0 0 36
1209 9484 966 939 83 0 0 248 16 0 221 0 43 0 0 0 36
1210 9488 964 937 83 0 0 248 16 0 221 0 43 0 0 0 36
1211 9491 963 935 83 0 0 248 16 0 220 0 44 0 0 0 36
1212 9488 964 937 83 0 0 248 16 0 221 0 43 0 0 0 36
1213 9490 962 934 86 0 0 248 16 0 220 0 44 0 0 0 36
1214 9496 959 930 85 0 0 249 16 0 220 0 45 0 0 0 36
1215 9502 956 928 84 0 0 249 16 0 221 0 44 0 0 0 36
1216 9518 950 922 80 0 0 249 16 0 221 0 44 0 0 0 36
1217 9526 946 918 80 0 0 249 16 0 221 0 44 0 0 0 36
1218 9521 948 920 81 0 0 249 16 0 221 0 44 0 0 0 36
1219 9517 950 922 81 0 0 249 16 0 221 0 44 0 0 0 36
1220 9519 946 921 84 0 0 248 17 0 223 0 42 0 0 0 36
1221 9517 948 923 82 0 0 248 17 0 223 0 42 0 0 0 36
1222 9514 948 923 85 0 0 248 17 0 223 0 42 0 0 0 36
1223 9521 947 921 81 0 0 250 15 0 224 0 41 0 0 0 36
1224 9521 946 921 82 0 0 250 15 0 225 0 40 0 0 0 36
1225 9529 941 917 83 0 0 249 16 0 225 0 40 0 0 0 36
1226 9536 939 914 81 0 0 249 16 0 224 0 41 0 0 0 36
1227 9534 941 915 80 0 0 249 16 0 223 0 42 0 0 0 36
1228 9542 937 911 80 0 0 249 16 0 223 0 42 0 0 0 36
1229 9550 933 907 80 0 0 249 16 0 223 0 42 0 0 0 36
1230 9559 929 904 78 0 0 249 16 0 224 0 41 0 0 0 36
1231 9562 927 901 80 0 0 249 16 0 223 0 42 0 0 0 36
1232 9568 924 898 80 0 0 249 16 0 223 0 42 0 0 0 36
1233 9571 921 898 80 0 0 247 18 0 224 0 41 0 0 0 36
1234 9581 916 893 80 0 0 247 18 0 224 0 41 0 0 0 36
1235 9587 913 890 80 0 0 247 18 0 224 0 41 0 0 0 36
1236 9588 913 889 80 0 0 247 18 0 223 0 42 0 0 0 36
1237 9581 916 893 80 0 0 247 18 0 224 0 41 0 0 0 36
1238 9587 914 891 78 0 0 247 18 0 224 0 41 0 0 0 36
1239 9592 912 887 77 0 0 249 17 0 224 0 42 0 0 0 36
1240 9599 908 884 77 0 0 249 17 0 225 0 41 0 0 0 36
1241 9601 906 882 79 0 0 249 17 0 225 0 41 0 0 0 36
1242 9602 907 883 76 0 0 249 17 0 225 0 41 0 0 0 36
1243 9606 905 881 76 0 0 249 17 0 225 0 41 0 0 0 36
1244 9609 904 880 75 0 0 249 17 0 225 0 41 0 0 0 36
1245 9609 904 880 75 0 0 249 17 0 225 0 41 0 0 0 36
1246 9613 902 878 75 0 0 249 17 0 225 0 41 0 0 0 36
1247 9614 902 878 74 0 0 249 17 0 225 0 41 0 0 0 36
1248 9625 897 873 73 0 0 249 17 0 225 0 41 0 0 0 36
1249 9622 897 874 75 0 0 249 17 0 226 0 40 0 0 0 36
1250 9628 894 871 75 0 0 249 17 0 226 0 40 0 0 0 36
1251 9632 892 870 74 0 0 249 17 0 227 0 39 0 0 0 36
1252 9631 893 871 73 0 0 249 17 0 227 0 39 0 0 0 36
1253 9632 893 870 73 0 0 249 17 0 226 0 40 0 0 0 36
1254 9632 893 870 73 0 0 248 18 0 225 0 41 0 0 0 36
1255 9632 893 870 73 0 0 248 18 0 225 0 41 0 0 0 36
1256 9637 891 867 73 0 0 249 17 0 225 0 41 0 0 0 36
1257 9643 887 865 73 0 0 249 17 0 227 0 39 0 0 0 36
1258 9660 879 857 72 0 0 249 17 0 227 0 39 0 0 0 36
1259 9663 878 856 71 0 0 249 17 0 227 0 39 0 0 0 36
1260 9666 878 854 70 0 0 250 16 0 226 0 40 0 0 0 36
1261 9671 876 850 71 0 0 252 14 0 226 0 40 0 0 0 36
1262 9675 875 849 69 0 0 252 14 0 226 0 40 0 0 0 36
1263 9678 873 847 70 0 0 252 14 0 226 0 40 0 0 0 36
1264 9679 873 847 69 0 0 252 14 0 226 0 40 0 0 0 36
1265 9675 875 849 69 0 0 252 14 0 226 0 40 0 0 0 36
1266 9682 873 847 66 0 0 252 14 0 226 0 40 0 0 0 36
1267 9696 866 840 66 0 0 252 14 0 226 0 40 0 0 0 36
1268 9698 865 839 66 0 0 252 14 0 226 0 40 0 0 0 36
1269 9704 863 837 64 0 0 252 14 0 226 0 40 0 0 0 36
1270 9714 858 833 63 0 0 252 14 0 227 0 39 0 0 0 36
1271 9723 854 829 62 0 0 252 14 0 227 0 39 0 0 0 36
1272 9727 853 827 61 0 0 252 14 0 226 0 40 0 0 0 36
1273 9737 848 822 61 0 0 252 14 0 226 0 40 0 0 0 36
1274 9750 841 817 60 0 0 251 15 0 227 0 39 0 0 0 36
1275 9759 836 812 61 0 0 251 15 0 227 0 39 0 0 0 36
1276 9769 831 807 61 0 0 251 15 0 227 0 39 0 0 0 36
1277 9769 831 807 61 0 0 251 15 0 227 0 39 0 0 0 36
1278 9773 829 805 61 0 0 251 15 0 227 0 39 0 0 0 36
1279 9777 826 802 63 0 0 251 15 0 227 0 39 0 0 0 36
1280 9776 826 802 64 0 0 251 15 0 227 0 39 0 0 0 36
1281 9780 824 800 64 0 0 251 15 0 227 0 39 0 0 0 36
1282 9784 822 798 64 0 0 251 15 0 227 0 39 0 0 0 36
1283 9786 821 798 63 0 0 251 15 0 228 0 38 0 0 0 36
1284 9785 822 799 62 0 0 251 15 0 228 0 38 0 0 0 36
1285 9790 819 796 63 0 0 251 15 0 228 0 38 0 0 0 36
1286 9790 820 798 60 0 0 251 15 0 229 0 37 0 0 0 36
1287 9795 817 795 61 0 0 251 15 0 229 0 37 0 0 0 36
1288 9791 819 798 60 0 0 251 15 0 230 0 36 0 0 0 36
1289 9789 820 799 60 0 0 251 15 0 230 0 36 0 0 0 36
1290 9794 817 797 60 0 0 251 15 0 231 0 35 0 0 0 36
1291 9797 817 796 58 0 0 251 15 0 230 0 36 0 0 0 36
1292 9805 814 792 57 0 0 251 15 0 229 0 37 0 0 0 36
1293 9817 808 786 57 0 0 251 15 0 229 0 37 0 0 0 36
1294 9812 810 788 58 0 0 251 15 0 229 0 37 0 0 0 36
1295 9809 811 790 58 0 0 251 15 0 230 0 36 0 0 0 36
1296 9812 810 789 57 0 0 251 15 0 230 0 36 0 0 0 36
1297 9814 808 787 59 0 0 251 15 0 230 0 36 0 0 0 36
1298 9824 804 783 57 0 0 252 14 0 231 0 35 0 0 0 36
1299 9827 802 782 57 0 0 252 14 0 232 0 34 0 0 0 36
1300 9835 797 776 60 0 0 253 13 0 232 0 34 0 0 0 36
1301 9841 794 773 60 0 0 253 13 0 232 0 34 0 0 0 36
1302 9842 794 773 59 0 0 253 13 0 232 0 34 0 0 0 36
1303 9860 786 764 58 0 0 254 12 0 232 0 34 0 0 0 36
1304 9865 783 761 59 0 0 254 12 0 232 0 34 0 0 0 36
1305 9863 783 762 60 0 0 253 13 0 232 0 34 0 0 0 36
1306 9861 784 764 59 0 0 252 14 0 232 0 34 0 0 0 36
1307 9872 780 760 56 0 0 252 14 0 232 0 34 0 0 0 36
1308 9867 783 763 55 0 0 252 14 0 232 0 34 0 0 0 36
1309 9869 781 762 56 0 0 251 15 0 232 0 34 0 0 0 36
1310 9864 783 765 56 0 0 251 15 0 233 0 33 0 0 0 36
1311 9860 785 768 55 0 0 251 15 0 234 0 32 0 0 0 36
1312 9870 780 763 55 0 0 251 15 0 234 0 32 0 0 0 36
1313 9886 772 756 54 0 0 251 15 0 235 0 31 0 0 0 36
1314 9889 770 755 54 0 0 251 15 0 236 0 30 0 0 0 36
1315 9895 767 752 54 0 0 251 15 0 236 0 30 0 0 0 36
1316 9897 765 750 56 0 0 251 15 0 236 0 30 0 0 0 36
1317 9905 761 746 56 0 0 251 15 0 236 0 30 0 0 0 36
1318 9908 760 745 55 0 0 251 15 0 236 0 30 0 0 0 36
1319 9918 755 740 55 0 0 251 15 0 236 0 30 0 0 0 36
1320 9923 753 738 53 0 0 252 14 0 237 0 29 0 0 0 37
1321 9923 753 739 52 0 0 252 14 0 238 0 28 0 0 0 37
1322 9925 751 738 53 0 0 251 15 0 238 0 28 0 0 0 37
1323 9932 747 735 53 0 0 251 15 0 239 0 27 0 0 0 37
1324 9930 747 736 54 0 0 250 16 0 239 0 27 0 0 0 37
1325 9935 744 732 54 1 0 250 16 1 238 0 28 0 0 0 37
1326 9929 748 735 53 1 0 250 16 1 237 0 29 0 0 0 37
1327 9937 744 731 53 2 0 249 16 2 236 0 29 0 0 0 37
1328 9932 745 733 55 2 0 248 17 2 236 0 29 0 0 0 37
1329 9930 746 734 55 2 0 248 17 2 236 0 29 0 0 0 37
1330 9931 745 734 55 2 0 248 17 2 237 0 28 0 0 0 37
1331 9938 740 731 56 2 0 248 17 2 239 0 26 0 0 0 37
1332 9937 741 731 56 2 0 248 17 2 238 0 27 0 0 0 37
1333 9934 743 732 56 2 0 248 17 2 237 0 28 0 0 0 37
1334 9935 743 732 55 2 0 248 17 2 237 0 28 0 0 0 37
1335 9944 738 727 56 2 0 248 17 2 237 0 28 0 0 0 37
1336 9944 737 726 58 2 0 248 17 2 237 0 28 0 0 0 37
1337 9949 735 724 57 2 0 248 17 2 237 0 28 0 0 0 37
1338 9948 736 724 57 2 0 249 16 2 237 0 28 0 0 0 37
1339 9946 738 726 55 2 0 249 16 2 237 0 28 0 0 0 37
1340 9947 737 726 55 2 0 249 16 2 238 0 27 0 0 0 37
1341 9948 737 726 54 2 0 249 16 2 238 0 27 0 0 0 37
1342 9968 727 717 53 2 0 249 16 2 239 0 26 0 0 0 37
1343 9968 727 717 53 2 0 249 16 2 239 0 26 0 0 0 37
1344 9966 728 719 52 2 0 249 16 2 240 0 25 0 0 0 37
1345 9958 731 723 53 2 0 248 17 2 240 0 25 0 0 0 37
1346 9962 729 721 53 2 0 248 17 2 240 0 25 0 0 0 37
1347 9963 728 721 53 2 0 248 17 2 241 0 24 0 0 0 37
1348 9966 727 720 52 2 0 248 17 2 241 0 24 0 0 0 37
1349 9968 727 720 50 2 0 248 17 2 241 0 24 0 0 0 37
1350 9966 728 721 50 2 0 248 17 2 241 0 24 0 0 0 37
1351 9968 727 720 50 2 0 248 17 2 241 0 24 0 0 0 37
1352 9976 724 715 50 2 0 249 16 2 240 0 25 0 0 0 37
1353 9987 719 709 50 2 0 249 16 2 239 0 26 0 0 0 37
1354 9983 721 711 50 2 0 249 16 2 239 0 26 0 0 0 37
1355 9971 727 716 51 2 0 250 15 2 239 0 26 0 0 0 37
1356 9970 728 717 50 2 0 250 15 2 239 0 26 0 0 0 37
1357 9975 725 714 51 2 0 250 15 2 239 0 26 0 0 0 37
1358 9989 718 708 50 2 0 250 15 2 240 0 25 0 0 0 37
1359 9995 715 705 50 2 0 250 15 2 240 0 25 0 0 0 37
1360 9994 717 706 48 2 0 250 15 2 239 0 26 0 0 0 37
1361 9993 718 707 47 2 0 250 15 2 239 0 26 0 0 0 37
1362 9988 721 710 46 2 0 250 15 2 239 0 26 0 0 0 37
1363 10000 715 705 45 2 0 250 15 2 240 0 25 0 0 0 37
1364 10001 714 705 45 2 0 250 15 2 241 0 24 0 0 0 37
1365 10001 714 706 44 2 0 250 15 2 242 0 23 0 0 0 37
1366 10005 712 704 44 2 0 250 15 2 242 0 23 0 0 0 37
1367 10004 712 704 45 2 0 250 15 2 242 0 23 0 0 0 37
1368 10003 712 704 46 2 0 250 15 2 242 0 23 0 0 0 37
1369 10003 712 703 46 2 0 251 14 2 242 0 23 0 0 0 38
1370 10005 711 702 46 2 0 251 14 2 242 0 23 0 0 0 38
1371 10014 707 698 45 2 0 251 14 2 242 0 23 0 0 0 38
1372 10015 707 698 44 2 0 251 14 2 242 0 23 0 0 0 38
1373 10017 706 698 43 2 0 251 14 2 243 0 22 0 0 0 38
1374 10015 707 699 43 2 0 251 14 2 243 0 22 0 0 0 38
1375 10017 706 698 43 2 0 251 14 2 243 0 22 0 0 0 38
1376 10032 699 691 42 2 0 251 14 2 243 0 22 0 0 0 38
1377 10038 696 688 42 2 0 251 14 2 243 0 22 0 0 0 38
1378 10036 697 689 42 2 0 251 14 2 243 0 22 0 0 0 38
1379 10039 696 687 42 2 0 252 13 2 243 0 22 0 0 0 38
1380 10047 692 683 42 2 0 252 13 2 243 0 22 0 0 0 38
1381 10055 688 679 42 2 0 252 13 2 243 0 22 0 0 0 38
1382 10060 686 677 41 2 0 252 13 2 243 0 22 0 0 0 38
1383 10061 686 677 40 2 0 252 13 2 243 0 22 0 0 0 38
1384 10066 683 675 40 2 0 252 13 2 244 0 21 0 0 0 38
1385 10068 681 674 41 2 0 251 14 2 244 0 21 0 0 0 38
1386 10068 681 674 41 2 0 251 14 2 244 0 21 0 0 0 38
1387 10070 681 674 39 2 0 251 14 2 244 0 21 0 0 0 38
1388 10076 677 670 41 2 0 251 14 2 244 0 21 0 0 0 38
1389 10084 673 666 41 2 0 251 14 2 244 0 21 0 0 0 38
1390 10085 673 666 40 2 0 251 14 2 244 0 21 0 0 0 38
1391 10085 674 666 39 2 0 251 14 2 243 0 22 0 0 0 38
1392 10081 676 668 39 2 0 251 14 2 243 0 22 0 0 0 38
1393 10085 674 666 39 2 0 251 14 2 243 0 22 0 0 0 38
1394 10088 672 664 40 2 0 251 14 2 243 0 22 0 0 0 38
1395 10094 669 661 40 2 0 251 14 2 243 0 22 0 0 0 38
1396 10092 670 662 40 2 0 251 14 2 243 0 22 0 0 0 38
1397 10096 668 660 40 2 0 251 14 2 243 0 22 0 0 0 38
1398 10088 672 664 40 2 0 251 14 2 243 0 22 0 0 0 38
1399 10092 670 662 40 2 0 251 14 2 243 0 22 0 0 0 38
1400 10095 669 661 39 2 0 251 14 2 243 0 22 0 0 0 38
1401 10088 672 665 39 2 0 250 15 2 243 0 22 0 0 0 38
1402 10083 675 668 38 2 0 250 15 2 243 0 22 0 0 0 38
1403 10091 670 664 39 2 0 249 16 2 243 0 22 0 0 0 38
1404 10087 672 666 39 2 0 249 16 2 243 0 22 0 0 0 38
1405 10092 670 664 38 2 0 249 16 2 243 0 22 0 0 0 38
1406 10089 671 665 39 2 0 249 16 2 243 0 22 0 0 0 38
1407 10084 673 667 40 2 0 249 16 2 243 0 22 0 0 0 38
1408 10086 672 666 40 2 0 249 16 2 243 0 22 0 0 0 38
1409 10089 671 664 40 2 0 250 15 2 243 0 22 0 0 0 38
1410 10095 669 661 39 2 0 250 15 2 242 0 23 0 0 0 38
1411 10097 668 660 39 2 0 250 15 2 242 0 23 0 0 0 38
1412 10105 664 656 39 2 0 250 15 2 242 0 23 0 0 0 38
1413 10108 662 655 39 2 0 250 15 2 243 0 22 0 0 0 38
1414 10108 663 656 37 2 0 250 15 2 243 0 22 0 0 0 38
1415 10112 661 654 37 2 0 250 15 2 243 0 22 0 0 0 38
1416 10108 663 656 37 2 0 250 15 2 243 0 22 0 0 0 38
1417 10102 666 659 37 2 0 250 15 2 243 0 22 0 0 0 38
1418 10104 665 658 37 2 0 250 15 2 243 0 22 0 0 0 38
1419 10100 667 660 37 2 0 250 15 2 243 0 22 0 0 0 38
1420 10106 664 657 37 2 0 250 15 2 243 0 22 0 0 0 38
1421 10107 663 657 37 2 0 250 15 2 244 0 21 0 0 0 38
1422 10108 663 656 37 2 0 251 14 2 244 0 21 0 0 0 38
1423 10114 660 653 37 2 0 251 14 2 244 0 21 0 0 0 38
1424 10122 656 649 37 2 0 251 14 2 244 0 21 0 0 0 38
1425 10120 658 651 35 2 0 251 14 2 244 0 21 0 0 0 38
1426 10125 656 649 34 2 0 251 14 2 244 0 21 0 0 0 38
1427 10126 656 649 33 2 0 251 14 2 244 0 21 0 0 0 38
1428 10133 653 646 32 2 0 251 14 2 244 0 21 0 0 0 38
1429 10142 649 642 31 2 0 251 14 2 244 0 21 0 0 0 38
1430 10149 646 639 30 2 0 251 14 2 244 0 21 0 0 0 38
1431 10150 646 637 30 2 0 253 12 2 244 0 21 0 0 0 39
1432 10154 644 635 30 2 0 253 12 2 244 0 21 0 0 0 39
1433 10162 640 631 30 2 0 253 12 2 244 0 21 0 0 0 39
1434 10160 641 632 30 2 0 253 12 2 244 0 21 0 0 0 39
1435 10163 640 631 29 2 0 253 12 2 244 0 21 0 0 0 39
1436 10163 640 631 29 2 0 253 12 2 244 0 21 0 0 0 39
1437 10167 638 629 29 2 0 253 12 2 244 0 21 0 0 0 39
1438 10167 638 629 29 2 0 253 12 2 244 0 21 0 0 0 39
1439 10158 642 633 30 2 0 252 13 2 243 0 22 0 0 0 39
1440 10166 638 629 30 2 0 252 13 2 243 0 22 0 0 0 39
1441 10165 638 630 30 2 0 251 14 2 243 0 22 0 0 0 39
1442 10169 636 628 30 2 0 251 14 2 243 0 22 0 0 0 39
1443 10168 636 628 31 2 0 251 14 2 243 0 22 0 0 0 39
1444 10169 636 628 30 2 0 251 14 2 243 0 22 0 0 0 39
1445 10168 636 629 30 2 0 251 14 2 244 0 21 0 0 0 39
1446 10162 639 632 30 2 0 251 14 2 244 0 21 0 0 0 39
1447 10168 635 629 31 2 0 251 14 2 245 0 20 0 0 0 39
1448 10179 630 624 30 2 0 251 14 2 245 0 20 0 0 0 39
1449 10183 628 622 30 2 0 251 14 2 245 0 20 0 0 0 39
1450 10189 625 619 30 2 0 251 14 2 245 0 20 0 0 0 39
1451 10188 626 620 29 2 0 251 14 2 245 0 20 0 0 0 39
1452 10194 623 617 29 2 0 251 14 2 245 0 20 0 0 0 39
1453 10196 622 616 29 2 0 251 14 2 245 0 20 0 0 0 39
1454 10192 624 618 29 2 0 251 14 2 245 0 20 0 0 0 39
1455 10189 626 620 28 2 0 251 14 2 245 0 20 0 0 0 39
1456 10191 625 619 28 2 0 251 14 2 245 0 20 0 0 0 39
1457 10193 624 618 28 2 0 251 14 2 245 0 20 0 0 0 39
1458 10194 624 618 27 2 0 251 14 2 245 0 20 0 0 0 39
1459 10198 622 616 27 2 0 251 14 2 245 0 20 0 0 0 39
1460 10200 621 615 27 2 0 251 14 2 245 0 20 0 0 0 39
1461 10200 621 615 27 2 0 251 14 2 245 0 20 0 0 0 39
1462 10204 619 613 27 2 0 251 14 2 245 0 20 0 0 0 39
1463 10207 618 612 26 2 0 251 14 2 245 0 20 0 0 0 39
1464 10207 618 612 26 2 0 251 14 2 245 0 20 0 0 0 39
1465 10209 617 611 26 2 0 251 14 2 245 0 20 0 0 0 39
1466 10209 617 611 26 2 0 251 14 2 245 0 20 0 0 0 39
1467 10217 613 607 26 2 0 251 14 2 245 0 20 0 0 0 39
1468 10220 612 606 25 2 0 251 14 2 245 0 20 0 0 0 39
1469 10224 610 604 25 2 0 251 14 2 245 0 20 0 0 0 39
1470 10231 607 600 25 2 0 251 14 2 244 0 21 0 0 0 39
1471 10229 608 601 25 2 0 251 14 2 244 0 21 0 0 0 39
1472 10233 606 599 25 2 0 251 14 2 244 0 21 0 0 0 39
1473 10243 601 594 25 2 0 251 14 2 244 0 21 0 0 0 39
1474 10249 598 591 25 2 0 251 14 2 244 0 21 0 0 0 39
1475 10251 597 590 25 2 0 251 14 2 244 0 21 0 0 0 39
1476 10257 594 587 25 2 0 251 14 2 244 0 21 0 0 0 39
1477 10261 592 585 25 2 0 251 14 2 244 0 21 0 0 0 39
1478 10265 590 583 25 2 0 251 14 2 244 0 21 0 0 0 39
1479 10268 588 581 26 2 0 251 14 2 244 0 21 0 0 0 39
1480 10273 586 580 24 2 0 250 15 2 244 0 21 0 0 0 39
1481 10276 585 579 23 2 0 250 15 2 244 0 21 0 0 0 39
1482 10283 582 576 22 2 0 250 15 2 244 0 21 0 0 0 39
1483 10284 582 575 22 2 0 251 14 2 244 0 21 0 0 0 39
1484 10295 577 570 21 2 0 251 14 2 244 0 21 0 0 0 39
1485 10303 573 566 21 2 0 251 14 2 244 0 21 0 0 0 39
1486 10304 572 565 22 2 0 251 14 2 244 0 21 0 0 0 39
1487 10300 574 567 22 2 0 251 14 2 244 0 21 0 0 0 39
1488 10298 575 568 22 2 0 251 14 2 244 0 21 0 0 0 39
1489 10292 578 571 22 2 0 251 14 2 244 0 21 0 0 0 39
1490 10296 576 569 22 2 0 251 14 2 244 0 21 0 0 0 39
1491 10295 576 569 23 2 0 251 14 2 244 0 21 0 0 0 39
1492 10296 576 569 22 2 0 251 14 2 244 0 21 0 0 0 39
1493 10301 574 566 22 2 0 252 13 2 244 0 21 0 0 0 39
1494 10304 572 564 23 2 0 251 14 2 243 0 22 0 0 0 39
1495 10302 573 565 23 2 0 251 14 2 243 0 22 0 0 0 39
1496 10308 570 562 23 2 0 251 14 2 243 0 22 0 0 0 39
1497 10310 569 561 23 2 0 251 14 2 243 0 22 0 0 0 39
1498 10314 567 559 23 2 0 251 14 2 243 0 22 0 0 0 39
1499 10312 568 560 23 2 0 251 14 2 243 0 22 0 0 0 39
1500 10314 567 559 23 2 0 251 14 2 243 0 22 0 0 0 39
