0 1979 195 0 0 0 0 0 0 0 0 0 0 0 0 0 0
1 11644 196 196 0 0 0 0 0 0 0 0 0 0 0 0 0
2 11646 195 195 0 0 0 0 0 0 0 0 0 0 0 0 0
3 11640 198 198 0 0 0 0 0 0 0 0 0 0 0 0 0
4 11638 199 199 0 0 0 0 0 0 0 0 0 0 0 0 0
5 11646 195 195 0 0 0 0 0 0 0 0 0 0 0 0 0
6 11646 195 195 0 0 0 0 0 0 0 0 0 0 0 0 0
7 11642 197 197 0 0 0 0 0 0 0 0 0 0 0 0 0
8 11642 197 197 0 0 0 0 0 0 0 0 0 0 0 0 0
9 11644 196 196 0 0 0 0 0 0 0 0 0 0 0 0 0
10 11646 195 195 0 0 0 0 0 0 0 0 0 0 0 0 0
11 11648 194 194 0 0 0 0 0 0 0 0 0 0 0 0 0
12 11648 194 194 0 0 0 0 0 0 0 0 0 0 0 0 0
13 11642 197 197 0 0 0 0 0 0 0 0 0 0 0 0 0
14 11642 197 197 0 0 0 0 0 0 0 0 0 0 0 0 0
15 11644 196 196 0 0 0 0 0 0 0 0 0 0 0 0 0
16 11644 196 196 0 0 0 0 0 0 0 0 0 0 0 0 0
17 11642 197 197 0 0 0 0 0 0 0 0 0 0 0 0 0
18 11646 195 195 0 0 0 0 0 0 0 0 0 0 0 0 0
19 11646 195 195 0 0 0 0 0 0 0 0 0 0 0 0 0
20 11644 196 196 0 0 0 0 0 0 0 0 0 0 0 0 0
21 11646 195 195 0 0 0 0 0 0 0 0 0 0 0 0 0
22 11644 196 196 0 0 0 0 0 0 0 0 0 0 0 0 0
23 11642 197 197 0 0 0 0 0 0 0 0 0 0 0 0 0
24 11644 196 196 0 0 0 0 0 0 0 0 0 0 0 0 0
25 11644 196 196 0 0 0 0 0 0 0 0 0 0 0 0 0
26 11638 199 199 0 0 0 0 0 0 0 0 0 0 0 0 0
27 11640 198 198 0 0 0 0 0 0 0 0 0 0 0 0 0
28 11638 199 199 0 0 0 0 0 0 0 0 0 0 0 0 0
29 11642 197 197 0 0 0 0 0 0 0 0 0 0 0 0 0
30 11634 201 201 0 0 0 0 0 0 0 0 0 0 0 0 0
31 11634 201 201 0 0 0 0 0 0 0 0 0 0 0 0 0
32 11630 203 203 0 0 0 0 0 0 0 0 0 0 0 0 0
33 11630 203 203 0 0 0 0 0 0 0 0 0 0 0 0 0
34 11630 203 203 0 0 0 0 0 0 0 0 0 0 0 0 0
35 11630 203 203 0 0 0 0 0 0 0 0 0 0 0 0 0
36 11626 205 205 0 0 0 0 0 0 0 0 0 0 0 0 0
37 11615 210 210 1 0 0 0 0 0 0 0 0 0 0 0 0
38 11609 213 213 1 0 0 0 0 0 0 0 0 0 0 0 0
39 11605 215 215 1 0 0 0 0 0 0 0 0 0 0 0 0
40 11591 222 222 1 0 0 0 0 0 0 0 0 0 0 0 0
41 11585 225 225 1 0 0 0 0 0 0 0 0 0 0 0 0
42 11573 231 231 1 0 0 0 0 0 0 0 0 0 0 0 0
43 11565 235 235 1 0 0 0 0 0 0 0 0 0 0 0 0
44 11563 236 236 1 0 0 0 0 0 0 0 0 0 0 0 0
45 11555 240 240 1 0 0 0 0 0 0 0 0 0 0 0 0
46 11543 246 246 1 0 0 0 0 0 0 0 0 0 0 0 0
47 11537 249 249 1 0 0 0 0 0 0 0 0 0 0 0 0
48 11529 253 253 1 0 0 0 0 0 0 0 0 0 0 0 0
49 11523 256 256 1 0 0 0 0 0 0 0 0 0 0 0 0
50 11509 263 263 1 0 0 0 0 0 0 0 0 0 0 0 0
51 11497 269 269 1 0 0 0 0 0 0 0 0 0 0 0 0
52 11487 274 274 1 0 0 0 0 0 0 0 0 0 0 0 0
53 11475 280 280 1 0 0 0 0 0 0 0 0 0 0 0 0
54 11458 288 288 2 0 0 0 0 0 0 0 0 0 0 0 0
55 11443 295 295 3 0 0 0 0 0 0 0 0 0 0 0 0
56 11439 297 297 3 0 0 0 0 0 0 0 0 0 0 0 0
57 11420 306 306 4 0 0 0 0 0 0 0 0 0 0 0 0
58 11420 306 306 4 0 0 0 0 0 0 0 0 0 0 0 0
59 11416 307 307 6 0 0 0 0 0 0 0 0 0 0 0 0
60 11408 311 311 6 0 0 0 0 0 0 0 0 0 0 0 0
61 11387 321 321 7 0 0 0 0 0 0 0 0 0 0 0 0
62 11384 322 322 8 0 0 0 0 0 0 0 0 0 0 0 0
63 11374 327 327 8 0 0 0 0 0 0 0 0 0 0 0 0
64 11362 333 333 8 0 0 0 0 0 0 0 0 0 0 0 0
65 11344 342 342 8 0 0 0 0 0 0 0 0 0 0 0 0
66 11328 349 349 10 0 0 0 0 0 0 0 0 0 0 0 0
67 11310 358 358 10 0 0 0 0 0 0 0 0 0 0 0 0
68 11303 361 361 11 0 0 0 0 0 0 0 0 0 0 0 0
69 11276 374 374 12 0 0 0 0 0 0 0 0 0 0 0 0
70 11256 383 383 14 0 0 0 0 0 0 0 0 0 0 0 0
71 11240 391 391 14 0 0 0 0 0 0 0 0 0 0 0 0
72 11221 400 400 15 0 0 0 0 0 0 0 0 0 0 0 0
73 11207 406 406 17 0 0 0 0 0 0 0 0 0 0 0 0
74 11186 416 416 18 0 0 0 0 0 0 0 0 0 0 0 0
75 11177 421 421 17 0 0 0 0 0 0 0 0 0 0 0 0
76 11163 428 428 17 0 0 0 0 0 0 0 0 0 0 0 0
77 11152 433 433 18 0 0 0 0 0 0 0 0 0 0 0 0
78 11146 436 436 18 0 0 0 0 0 0 0 0 0 0 0 0
79 11138 440 440 18 0 0 0 0 0 0 0 0 0 0 0 0
80 11132 443 443 18 0 0 0 0 0 0 0 0 0 0 0 0
81 11127 446 446 17 0 0 0 0 0 0 0 0 0 0 0 0
82 11124 448 448 16 0 0 0 0 0 0 0 0 0 0 0 0
83 11125 448 448 15 0 0 0 0 0 0 0 0 0 0 0 0
84 11114 454 454 14 0 0 0 0 0 0 0 0 0 0 0 0
85 11097 462 462 15 0 0 0 0 0 0 0 0 0 0 0 0
86 11093 464 464 15 0 0 0 0 0 0 0 0 0 0 0 0
87 11089 466 466 15 0 0 0 0 0 0 0 0 0 0 0 0
88 11079 471 471 15 0 0 0 0 0 0 0 0 0 0 0 0
89 11077 472 472 15 0 0 0 0 0 0 0 0 0 0 0 0
90 11067 477 476 14 0 0 1 0 0 0 0 1 0 0 0 0
91 11057 482 481 14 0 0 1 0 0 0 0 1 0 0 0 0
92 11049 486 485 14 0 0 1 0 0 0 0 1 0 0 0 0
93 11061 481 480 12 0 0 1 0 0 0 0 1 0 0 0 0
94 11059 482 481 12 0 0 1 0 0 0 0 1 0 0 0 0
95 11058 482 481 13 0 0 1 0 0 0 0 1 0 0 0 0
96 11054 484 483 13 0 0 1 0 0 0 0 1 0 0 0 0
97 11050 486 485 13 0 0 1 0 0 0 0 1 0 0 0 0
98 11045 488 487 14 0 0 1 0 0 0 0 1 0 0 0 0
99 11033 494 493 14 0 0 1 0 0 0 0 1 0 0 0 0
100 11029 496 495 14 0 0 1 0 0 0 0 1 0 0 0 0
101 11019 501 500 14 0 0 1 0 0 0 0 1 0 0 0 0
102 11021 500 499 14 0 0 1 0 0 0 0 1 0 0 0 0
103 11013 504 503 14 0 0 1 0 0 0 0 1 0 0 0 0
104 11002 509 508 15 0 0 1 0 0 0 0 1 0 0 0 0
105 10980 520 519 15 0 0 1 0 0 0 0 1 0 0 0 0
106 10982 519 518 15 0 0 1 0 0 0 0 1 0 0 0 0
107 10978 521 520 15 0 0 1 0 0 0 0 1 0 0 0 0
108 10971 525 524 14 0 0 1 0 0 0 0 1 0 0 0 0
109 10964 527 526 17 0 0 1 0 0 0 0 1 0 0 0 0
110 10960 529 528 17 0 0 1 0 0 0 0 1 0 0 0 0
111 10957 530 529 18 0 0 1 0 0 0 0 1 0 0 0 0
112 10956 530 529 19 0 0 1 0 0 0 0 1 0 0 0 0
113 10952 532 531 19 0 0 1 0 0 0 0 1 0 0 0 0
114 10954 531 530 19 0 0 1 0 0 0 0 1 0 0 0 0
115 10959 529 528 18 0 0 1 0 0 0 0 1 0 0 0 0
116 10953 532 531 18 0 0 1 0 0 0 0 1 0 0 0 0
117 10957 530 529 18 0 0 1 0 0 0 0 1 0 0 0 0
118 10958 530 529 17 0 0 1 0 0 0 0 1 0 0 0 0
119 10945 536 535 18 0 0 1 0 0 0 0 1 0 0 0 0
120 10935 541 540 18 0 0 1 0 0 0 0 1 0 0 0 0
121 10923 547 546 18 0 0 1 0 0 0 0 1 0 0 0 0
122 10917 549 548 20 0 0 1 0 0 0 0 1 0 0 0 0
123 10921 547 546 20 0 0 1 0 0 0 0 1 0 0 0 0
124 10920 547 546 21 0 0 1 0 0 0 0 1 0 0 0 0
125 10917 548 547 22 0 0 1 0 0 0 0 1 0 0 0 0
126 10910 551 550 23 0 0 1 0 0 0 0 1 0 0 0 0
127 10908 552 551 23 0 0 1 0 0 0 0 1 0 0 0 0
128 10904 554 553 23 0 0 1 0 0 0 0 1 0 0 0 0
129 10896 558 557 23 0 0 1 0 0 0 0 1 0 0 0 0
130 10894 559 558 23 0 0 1 0 0 0 0 1 0 0 0 0
131 10892 560 559 23 0 0 1 0 0 0 0 1 0 0 0 0
132 10892 560 559 23 0 0 1 0 0 0 0 1 0 0 0 0
133 10884 564 563 23 0 0 1 0 0 0 0 1 0 0 0 0
134 10880 567 566 21 0 0 1 0 0 0 0 1 0 0 0 0
135 10881 565 564 24 0 0 1 0 0 0 0 1 0 0 0 0
136 10868 571 570 25 0 0 1 0 0 0 0 1 0 0 0 0
137 10866 571 570 27 0 0 1 0 0 0 0 1 0 0 0 0
138 10858 574 573 29 0 0 1 0 0 0 0 1 0 0 0 0
139 10861 573 572 28 0 0 1 0 0 0 0 1 0 0 0 0
140 10855 576 575 28 0 0 1 0 0 0 0 1 0 0 0 0
141 10851 578 577 28 0 0 1 0 0 0 0 1 0 0 0 0
142 10849 579 578 28 0 0 1 0 0 0 0 1 0 0 0 0
143 10848 579 578 29 0 0 1 0 0 0 0 1 0 0 0 0
144 10845 580 579 30 0 0 1 0 0 0 0 1 0 0 0 0
145 10841 582 581 30 0 0 1 0 0 0 0 1 0 0 0 0
146 10851 577 576 30 0 0 1 0 0 0 0 1 0 0 0 0
147 10841 580 579 34 0 0 1 0 0 0 0 1 0 0 0 0
148 10838 581 580 35 0 0 1 0 0 0 0 1 0 0 0 0
149 10832 584 583 35 0 0 1 0 0 0 0 1 0 0 0 0
150 10833 583 582 36 0 0 1 0 0 0 0 1 0 0 0 0
151 10827 586 585 36 0 0 1 0 0 0 0 1 0 0 0 0
152 10827 586 585 36 0 0 1 0 0 0 0 1 0 0 0 0
153 10837 582 581 34 0 0 1 0 0 0 0 1 0 0 0 0
154 10836 583 582 33 0 0 1 0 0 0 0 1 0 0 0 0
155 10833 585 584 32 0 0 1 0 0 0 0 1 0 0 0 0
156 10837 583 582 32 0 0 1 0 0 0 0 1 0 0 0 0
157 10844 579 578 33 0 0 1 0 0 0 0 1 0 0 0 0
158 10848 577 576 33 0 0 1 0 0 0 0 1 0 0 0 0
159 10842 580 579 33 0 0 1 0 0 0 0 1 0 0 0 0
160 10837 582 581 34 0 0 1 0 0 0 0 1 0 0 0 0
161 10837 582 581 34 0 0 1 0 0 0 0 1 0 0 0 0
162 10838 581 580 35 0 0 1 0 0 0 0 1 0 0 0 0
163 10832 584 583 35 0 0 1 0 0 0 0 1 0 0 0 0
164 10830 584 583 37 0 0 1 0 0 0 0 1 0 0 0 0
165 10831 584 583 36 0 0 1 0 0 0 0 1 0 0 0 0
166 10841 579 578 36 0 0 1 0 0 0 0 1 0 0 0 0
167 10835 582 581 36 0 0 1 0 0 0 0 1 0 0 0 0
168 10827 586 585 36 0 0 1 0 0 0 0 1 0 0 0 0
169 10823 588 587 36 0 0 1 0 0 0 0 1 0 0 0 0
170 10809 595 594 36 0 0 1 0 0 0 0 1 0 0 0 0
171 10809 595 594 36 0 0 1 0 0 0 0 1 0 0 0 0
172 10809 595 594 36 0 0 1 0 0 0 0 1 0 0 0 0
173 10811 594 593 36 0 0 1 0 0 0 0 1 0 0 0 0
174 10808 596 595 35 0 0 1 0 0 0 0 1 0 0 0 0
175 10804 598 597 35 0 0 1 0 0 0 0 1 0 0 0 0
176 10799 600 599 36 0 0 1 0 0 0 0 1 0 0 0 0
177 10805 597 596 36 0 0 1 0 0 0 0 1 0 0 0 0
178 10801 599 598 36 0 0 1 0 0 0 0 1 0 0 0 0
179 10795 602 601 36 0 0 1 0 0 0 0 1 0 0 0 0
180 10794 603 602 35 0 0 1 0 0 0 0 1 0 0 0 0
181 10791 604 603 36 0 0 1 0 0 0 0 1 0 0 0 0
182 10787 606 605 36 0 0 1 0 0 0 0 1 0 0 0 0
183 10786 607 606 35 0 0 1 0 0 0 0 1 0 0 0 0
184 10783 608 607 36 0 0 1 0 0 0 0 1 0 0 0 0
185 10782 608 607 37 0 0 1 0 0 0 0 1 0 0 0 0
186 10766 616 615 37 0 0 1 0 0 0 0 1 0 0 0 0
187 10769 614 613 38 0 0 1 0 0 0 0 1 0 0 0 0
188 10759 619 618 38 0 0 1 0 0 0 0 1 0 0 0 0
189 10755 621 620 38 0 0 1 0 0 0 0 1 0 0 0 0
190 10762 618 617 37 0 0 1 0 0 0 0 1 0 0 0 0
191 10757 621 619 35 0 0 2 0 0 0 0 2 0 0 0 0
192 10756 621 619 36 0 0 2 0 0 0 0 2 0 0 0 0
193 10750 624 622 36 0 0 2 0 0 0 0 2 0 0 0 0
194 10757 622 620 33 0 0 2 0 0 0 0 2 0 0 0 0
195 10758 622 620 32 0 0 2 0 0 0 0 2 0 0 0 0
196 10765 618 616 33 0 0 2 0 0 0 0 2 0 0 0 0
197 10769 616 614 33 0 0 2 0 0 0 0 2 0 0 0 0
198 10761 620 618 33 0 0 2 0 0 0 0 2 0 0 0 0
199 10767 617 615 33 0 0 2 0 0 0 0 2 0 0 0 0
200 10759 621 619 33 0 0 2 0 0 0 0 2 0 0 0 0
201 10754 624 622 32 0 0 2 0 0 0 0 2 0 0 0 0
202 10754 624 622 32 0 0 2 0 0 0 0 2 0 0 0 0
203 10761 622 620 29 0 0 2 0 0 0 0 2 0 0 0 0
204 10761 622 620 29 0 0 2 0 0 0 0 2 0 0 0 0
205 10752 626 624 30 0 0 2 0 0 0 0 2 0 0 0 0
206 10753 625 623 31 0 0 2 0 0 0 0 2 0 0 0 0
207 10759 622 620 31 0 0 2 0 0 0 0 2 0 0 0 0
208 10753 626 624 29 0 0 2 0 0 0 0 2 0 0 0 0
209 10751 627 625 29 0 0 2 0 0 0 0 2 0 0 0 0
210 10752 626 624 30 0 0 2 0 0 0 0 2 0 0 0 0
211 10754 624 622 32 0 0 2 0 0 0 0 2 0 0 0 0
212 10761 620 618 33 0 0 2 0 0 0 0 2 0 0 0 0
213 10762 619 617 34 0 0 2 0 0 0 0 2 0 0 0 0
214 10768 615 613 36 0 0 2 0 0 0 0 2 0 0 0 0
215 10762 617 615 38 0 0 2 0 0 0 0 2 0 0 0 0
216 10756 619 617 40 0 0 2 0 0 0 0 2 0 0 0 0
217 10753 621 619 39 0 0 2 0 0 0 0 2 0 0 0 0
218 10751 622 620 39 0 0 2 0 0 0 0 2 0 0 0 0
219 10755 620 618 39 0 0 2 0 0 0 0 2 0 0 0 0
220 10751 622 620 39 0 0 2 0 0 0 0 2 0 0 0 0
221 10743 627 625 37 0 0 2 0 0 0 0 2 0 0 0 0
222 10744 626 624 38 0 0 2 0 0 0 0 2 0 0 0 0
223 10754 621 619 38 0 0 2 0 0 0 0 2 0 0 0 0
224 10751 622 620 39 0 0 2 0 0 0 0 2 0 0 0 0
225 10760 617 615 40 0 0 2 0 0 0 0 2 0 0 0 0
226 10765 614 612 41 0 0 2 0 0 0 0 2 0 0 0 0
227 10765 614 612 41 0 0 2 0 0 0 0 2 0 0 0 0
228 10760 617 615 40 0 0 2 0 0 0 0 2 0 0 0 0
229 10750 622 620 40 0 0 2 0 0 0 0 2 0 0 0 0
230 10742 626 624 40 0 0 2 0 0 0 0 2 0 0 0 0
231 10734 631 629 38 0 0 2 0 0 0 0 2 0 0 0 0
232 10726 636 635 35 0 0 2 0 0 1 0 1 0 0 0 0
233 10721 638 637 36 0 0 2 0 0 1 0 1 0 0 0 0
234 10713 642 641 36 0 0 2 0 0 1 0 1 0 0 0 0
235 10707 645 644 36 0 0 2 0 0 1 0 1 0 0 0 0
236 10702 648 647 35 0 0 2 0 0 1 0 1 0 0 0 0
237 10695 652 651 34 0 0 2 0 0 1 0 1 0 0 0 0
238 10691 654 653 34 0 0 2 0 0 1 0 1 0 0 0 0
239 10683 657 656 36 0 0 2 0 0 1 0 1 0 0 0 0
240 10673 662 661 36 0 0 2 0 0 1 0 1 0 0 0 0
241 10665 666 665 36 0 0 2 0 0 1 0 1 0 0 0 0
242 10661 668 667 36 0 0 2 0 0 1 0 1 0 0 0 0
243 10654 671 670 37 0 0 2 0 0 1 0 1 0 0 0 0
244 10652 671 670 39 0 0 2 0 0 1 0 1 0 0 0 0
245 10650 672 671 39 0 0 2 0 0 1 0 1 0 0 0 0
246 10629 683 682 38 0 0 2 0 0 1 0 1 0 0 0 0
247 10616 689 688 39 0 0 2 0 0 1 0 1 0 0 0 0
248 10607 693 692 40 0 0 2 0 0 1 0 1 0 0 0 0
249 10599 697 696 40 0 0 2 0 0 1 0 1 0 0 0 0
250 10574 709 708 41 0 0 2 0 0 1 0 1 0 0 0 0
251 10557 717 716 42 0 0 2 0 0 1 0 1 0 0 0 0
252 10545 723 722 42 0 0 2 0 0 1 0 1 0 0 0 0
253 10536 727 726 43 0 0 2 0 0 1 0 1 0 0 0 0
254 10535 727 726 44 0 0 2 0 0 1 0 1 0 0 0 0
255 10527 731 730 44 0 0 2 0 0 1 0 1 0 0 0 0
256 10515 736 735 46 0 0 2 0 0 1 0 1 0 0 0 0
257 10493 746 744 47 0 0 3 0 0 1 0 2 0 0 0 0
258 10474 755 753 48 0 0 3 0 0 1 0 2 0 0 0 0
259 10456 764 762 48 0 0 3 0 0 1 0 2 0 0 0 0
260 10443 770 768 49 0 0 3 0 0 1 0 2 0 0 0 0
261 10435 774 772 49 0 0 3 0 0 1 0 2 0 0 0 0
262 10418 782 780 50 0 0 3 0 0 1 0 2 0 0 0 0
263 10414 783 781 52 0 0 3 0 0 1 0 2 0 0 0 0
264 10398 791 789 52 0 0 3 0 0 1 0 2 0 0 0 0
265 10396 792 790 52 0 0 3 0 0 1 0 2 0 0 0 0
266 10398 791 789 52 0 0 3 0 0 1 0 2 0 0 0 0
267 10393 794 791 50 0 0 4 0 0 1 0 3 0 0 0 0
268 10376 802 799 51 0 0 4 0 0 1 0 3 0 0 0 0
269 10366 807 804 51 0 0 4 0 0 1 0 3 0 0 0 0
270 10361 809 806 52 0 0 4 0 0 1 0 3 0 0 0 0
271 10351 813 810 54 0 0 4 0 0 1 0 3 0 0 0 0
272 10348 814 810 54 0 0 5 0 0 1 0 4 0 0 0 0
273 10340 818 814 54 0 0 5 0 0 1 0 4 0 0 0 0
274 10319 828 824 55 0 0 5 0 0 1 0 4 0 0 0 0
275 10306 834 830 56 0 0 5 0 0 1 0 4 0 0 0 0
276 10290 842 838 56 0 0 5 0 0 1 0 4 0 0 0 0
277 10288 842 838 58 0 0 5 0 0 1 0 4 0 0 0 0
278 10285 843 839 59 0 0 5 0 0 1 0 4 0 0 0 0
279 10274 849 845 58 0 0 5 0 0 1 0 4 0 0 0 0
280 10268 852 848 58 0 0 5 0 0 1 0 4 0 0 0 0
281 10273 849 844 58 0 0 6 0 0 1 0 5 0 0 0 0
282 10268 852 847 57 0 0 6 0 0 1 0 5 0 0 0 0
283 10265 853 848 58 0 0 6 0 0 1 0 5 0 0 0 0
284 10252 860 855 57 0 0 6 0 0 1 0 5 0 0 0 0
285 10247 861 857 59 0 0 6 0 0 2 0 4 0 0 0 0
286 10239 865 861 57 0 0 6 1 0 2 0 5 0 0 0 0
287 10224 872 868 58 0 0 6 1 0 2 0 5 0 0 0 0
288 10227 871 867 57 0 0 6 1 0 2 0 5 0 0 0 0
289 10216 876 872 58 0 0 6 1 0 2 0 5 0 0 0 0
290 10201 882 877 60 0 0 7 1 0 2 0 6 0 0 0 0
291 10204 881 875 58 0 0 8 1 0 2 0 7 0 0 0 0
292 10185 890 884 59 0 0 8 1 0 2 0 7 0 0 0 0
293 10176 893 887 62 0 0 8 1 0 2 0 7 0 0 0 0
294 10168 896 890 64 0 0 8 1 0 2 0 7 0 0 0 0
295 10158 900 894 66 0 0 8 1 0 2 0 7 0 0 0 0
296 10164 897 891 66 0 0 8 1 0 2 0 7 0 0 0 0
297 10168 896 890 64 0 0 8 1 0 2 0 7 0 0 0 0
298 10173 894 888 63 0 0 8 1 0 2 0 7 0 0 0 0
299 10156 902 896 64 0 0 8 1 0 2 0 7 0 0 0 0
300 10149 904 898 67 0 0 8 1 0 2 0 7 0 0 0 0
301 10145 906 899 66 0 0 9 1 0 2 0 8 0 0 0 0
302 10137 910 903 66 0 0 9 1 0 2 0 8 0 0 0 0
303 10128 914 906 66 0 0 10 1 0 2 0 9 0 0 0 0
304 10124 915 907 68 0 0 10 1 0 2 0 9 0 0 0 0
305 10114 920 912 68 0 0 10 1 0 2 0 9 0 0 0 0
306 10105 925 916 66 0 0 11 1 0 2 0 10 0 0 0 0
307 10110 923 914 65 0 0 11 1 0 2 0 10 0 0 0 0
308 10107 924 915 66 0 0 11 1 0 2 0 10 0 0 0 0
309 10110 923 914 65 0 0 11 1 0 2 0 10 0 0 0 0
310 10101 928 918 63 0 0 12 1 0 2 0 11 0 0 0 0
311 10093 932 922 63 0 0 12 1 0 2 0 11 0 0 0 0
312 10092 933 922 61 0 0 13 1 0 2 0 12 0 0 0 0
313 10090 933 922 63 0 0 13 1 0 2 0 12 0 0 0 0
314 10093 931 920 64 0 0 13 1 0 2 0 12 0 0 0 0
315 10084 935 924 65 0 0 13 1 0 2 0 12 0 0 0 0
316 10079 937 926 66 0 0 13 1 0 2 0 12 0 0 0 0
317 10083 935 924 66 0 0 13 1 0 2 0 12 0 0 0 0
318 10084 934 924 66 0 0 13 1 0 3 0 11 0 0 0 0
319 10080 935 926 67 0 0 13 1 0 4 0 10 0 0 0 0
320 10057 946 937 68 0 0 13 1 0 4 0 10 0 0 0 0
321 10060 945 936 67 0 0 13 1 0 4 0 10 0 0 0 0
322 10058 946 936 68 0 0 13 1 0 3 0 11 0 0 0 0
323 10055 947 937 69 0 0 13 1 0 3 0 11 0 0 0 0
324 10051 949 939 69 0 0 13 1 0 3 0 11 0 0 0 0
325 10054 947 937 70 0 0 13 1 0 3 0 11 0 0 0 0
326 10048 950 940 70 0 0 13 1 0 3 0 11 0 0 0 0
327 10038 955 945 70 0 0 13 1 0 3 0 11 0 0 0 0
328 10026 960 950 72 0 0 13 1 0 3 0 11 0 0 0 0
329 10034 957 947 70 0 0 13 1 0 3 0 11 0 0 0 0
330 10040 952 942 74 0 0 13 1 0 3 0 11 0 0 0 0
331 10034 953 943 78 0 0 13 1 0 3 0 11 0 0 0 0
332 10035 953 943 77 0 0 13 1 0 3 0 11 0 0 0 0
333 10035 952 942 79 0 0 13 1 0 3 0 11 0 0 0 0
334 10033 951 941 83 0 0 13 1 0 3 0 11 0 0 0 0
335 10041 948 938 81 0 0 13 1 0 3 0 11 0 0 0 0
336 10043 947 937 81 0 0 13 1 0 3 0 11 0 0 0 0
337 10047 947 937 77 0 0 13 1 0 3 0 11 0 0 0 0
338 10043 950 940 75 0 0 13 1 0 3 0 11 0 0 0 0
339 10054 945 935 74 0 0 13 1 0 3 0 11 0 0 0 0
340 10064 940 930 74 0 0 13 1 0 3 0 11 0 0 0 0
341 10059 941 932 76 0 0 13 1 0 4 0 10 0 0 0 0
342 10063 938 929 78 0 0 13 1 0 4 0 10 0 0 0 0
343 10060 940 931 77 0 0 13 1 0 4 0 10 0 0 0 0
344 10064 939 930 75 0 0 13 1 0 4 0 10 0 0 0 0
345 10066 937 928 77 0 0 13 1 0 4 0 10 0 0 0 0
346 10073 934 925 76 0 0 13 1 0 4 0 10 0 0 0 0
347 10067 938 928 73 0 0 14 1 0 4 0 11 0 0 0 0
348 10066 938 928 74 0 0 14 1 0 4 0 11 0 0 0 0
349 10056 943 933 74 0 0 14 1 0 4 0 11 0 0 0 0
350 10059 941 930 74 0 0 15 1 0 4 0 12 0 0 0 0
351 10064 938 927 75 0 0 15 1 0 4 0 12 0 0 0 0
352 10062 940 929 73 0 0 15 1 0 4 0 12 0 0 0 0
353 10058 942 931 73 0 0 15 1 0 4 0 12 0 0 0 0
354 10062 940 929 73 0 0 15 1 0 4 0 12 0 0 0 0
355 10067 938 927 72 0 0 15 1 0 4 0 12 0 0 0 0
356 10062 940 929 73 0 0 15 1 0 4 0 12 0 0 0 0
357 10060 941 930 73 0 0 15 1 0 4 0 12 0 0 0 0
358 10062 940 929 73 0 0 15 1 0 4 0 12 0 0 0 0
359 10054 944 933 73 0 0 15 1 0 4 0 12 0 0 0 0
360 10054 944 933 73 0 0 15 1 0 4 0 12 0 0 0 0
361 10050 945 934 75 0 0 15 1 0 4 0 12 0 0 0 0
362 10052 944 933 75 0 0 15 1 0 4 0 12 0 0 0 0
363 10058 941 930 75 0 0 15 1 0 4 0 12 0 0 0 0
364 10059 940 929 76 0 0 15 1 0 4 0 12 0 0 0 0
365 10063 940 929 72 0 0 15 1 0 4 0 12 0 0 0 0
366 10061 940 929 74 0 0 15 1 0 4 0 12 0 0 0 0
367 10059 940 929 76 0 0 15 1 0 4 0 12 0 0 0 0
368 10048 945 934 77 0 0 15 1 0 4 0 12 0 0 0 0
369 10047 945 934 78 0 0 15 1 0 4 0 12 0 0 0 0
370 10048 945 934 77 0 0 15 1 0 4 0 12 0 0 0 0
371 10059 939 928 78 0 0 15 1 0 4 0 12 0 0 0 0
372 10045 946 935 78 0 0 15 1 0 4 0 12 0 0 0 0
373 10048 943 932 81 0 0 15 1 0 4 0 12 0 0 0 0
374 10051 942 931 80 0 0 15 1 0 4 0 12 0 0 0 0
375 10057 938 926 81 0 0 16 1 0 4 0 13 0 0 0 0
376 10045 944 932 81 0 0 16 1 0 4 0 13 0 0 0 0
377 10046 943 931 82 0 0 16 1 0 4 0 13 0 0 0 0
378 10031 950 937 82 0 0 17 1 0 4 0 14 0 0 0 0
379 10025 953 939 81 0 0 18 1 0 4 0 15 0 0 0 0
380 10032 949 935 82 0 0 18 1 0 4 0 15 0 0 0 0
381 10040 945 931 82 0 0 18 1 0 4 0 15 0 0 0 0
382 10042 944 930 82 0 0 18 1 0 4 0 15 0 0 0 0
383 10056 937 923 82 0 0 18 1 0 4 0 15 0 0 0 0
384 10055 937 923 83 0 0 18 1 0 4 0 15 0 0 0 0
385 10053 937 923 85 0 0 18 1 0 4 0 15 0 0 0 0
386 10058 935 921 84 0 0 18 1 0 4 0 15 0 0 0 0
387 10053 938 925 82 0 0 18 1 0 5 0 14 0 0 0 0
388 10045 941 928 84 0 0 18 1 0 5 0 14 0 0 0 0
389 10043 942 929 84 0 0 18 1 0 5 0 14 0 0 0 0
390 10041 943 930 84 0 0 18 1 0 5 0 14 0 0 0 0
391 10041 943 930 84 0 0 18 1 0 5 0 14 0 0 0 0
392 10042 943 930 83 0 0 18 1 0 5 0 14 0 0 0 0
393 10044 942 929 83 0 0 18 1 0 5 0 14 0 0 0 0
394 10041 944 931 82 0 0 18 1 0 5 0 14 0 0 0 0
395 10033 947 935 83 0 0 18 1 0 6 0 13 0 0 0 0
396 10046 941 929 82 0 0 18 1 0 6 0 13 0 0 0 0
397 10042 943 931 82 0 0 18 1 0 6 0 13 0 0 0 0
398 10054 938 926 80 0 0 18 1 0 6 0 13 0 0 0 0
399 10059 937 925 77 0 0 18 1 0 6 0 13 0 0 0 0
400 10062 935 922 77 0 0 19 1 0 6 0 14 0 0 0 0
401 10055 939 926 76 0 0 19 1 0 6 0 14 0 0 0 0
402 10061 937 924 74 0 0 19 1 0 6 0 14 0 0 0 0
403 10066 935 922 73 0 0 19 1 0 6 0 14 0 0 0 0
404 10066 935 922 73 0 0 19 1 0 6 0 14 0 0 0 0
405 10064 936 923 73 0 0 19 1 0 6 0 14 0 0 0 0
406 10067 934 921 74 0 0 19 1 0 6 0 14 0 0 0 0
407 10082 927 914 73 0 0 19 1 0 6 0 14 0 0 0 0
408 10076 930 918 72 0 0 19 1 0 7 0 13 0 0 0 0
409 10074 931 919 72 0 0 19 1 0 7 0 13 0 0 0 0
410 10080 929 916 71 0 0 19 1 0 6 0 14 0 0 0 0
411 10070 934 921 71 0 0 19 1 0 6 0 14 0 0 0 0
412 10065 936 923 72 0 0 19 1 0 6 0 14 0 0 0 0
413 10078 931 918 69 0 0 19 1 0 6 0 14 0 0 0 0
414 10078 931 918 69 0 0 19 1 0 6 0 14 0 0 0 0
415 10089 924 913 70 0 0 19 1 0 8 0 12 0 0 0 0
416 10091 922 911 72 0 0 19 1 0 8 0 12 0 0 0 0
417 10080 927 916 73 0 0 19 1 0 8 0 12 0 0 0 0
418 10086 924 913 73 0 0 19 1 0 8 0 12 0 0 0 0
419 10096 919 907 72 0 0 20 1 0 8 0 13 0 0 0 0
420 10097 916 904 77 0 0 20 1 0 8 0 13 0 0 0 0
421 10107 911 899 77 0 0 20 1 0 8 0 13 0 0 0 0
422 10105 912 900 77 0 0 20 1 0 8 0 13 0 0 0 0
423 10103 913 901 77 0 0 20 1 0 8 0 13 0 0 0 0
424 10105 912 900 77 0 0 20 1 0 8 0 13 0 0 0 0
425 10095 917 905 77 0 0 20 1 0 8 0 13 0 0 0 0
426 10089 920 907 76 0 0 21 1 0 8 0 14 0 0 0 0
427 10085 922 908 75 0 0 22 1 0 8 0 15 0 0 0 0
428 10087 921 907 75 0 0 22 1 0 8 0 15 0 0 0 0
429 10092 919 905 74 0 0 22 1 0 8 0 15 0 0 0 0
430 10084 923 909 74 0 0 22 1 0 8 0 15 0 0 0 0
431 10071 929 915 75 0 0 22 1 0 8 0 15 0 0 0 0
432 10068 930 917 75 0 0 22 1 0 9 0 14 0 0 0 0
433 10065 930 917 78 0 0 22 1 0 9 0 14 0 0 0 0
434 10053 936 921 76 0 0 24 1 0 9 0 16 0 0 0 0
435 10042 942 927 75 0 0 24 1 0 9 0 16 0 0 0 0
436 10029 948 933 76 0 0 24 1 0 9 0 16 0 0 0 0
437 10026 950 935 75 0 0 24 1 0 9 0 16 0 0 0 0
438 10018 953 938 77 0 0 24 1 0 9 0 16 0 0 0 0
439 10012 956 941 77 0 0 24 1 0 9 0 16 0 0 0 0
440 10007 959 944 76 0 0 24 1 0 9 0 16 0 0 0 0
441 9992 965 950 79 0 0 24 1 0 9 0 16 0 0 0 0
442 9985 968 953 80 0 0 24 1 0 9 0 16 0 0 0 0
443 9989 965 950 82 0 0 24 1 0 9 0 16 0 0 0 0
444 9976 971 956 83 0 0 24 1 0 9 0 16 0 0 0 0
445 9954 982 966 82 0 0 25 1 0 9 0 17 0 0 0 0
446 9934 992 976 82 0 0 25 1 0 9 0 17 0 0 0 0
447 9930 993 977 84 0 0 25 1 0 9 0 17 0 0 0 0
448 9923 997 981 83 0 0 25 1 0 9 0 17 0 0 0 0
449 9920 998 983 83 0 0 24 2 0 9 0 17 0 0 0 0
450 9912 1002 986 82 0 0 25 2 0 9 0 18 0 0 0 0
451 9910 1004 987 79 0 0 26 2 0 9 0 19 0 0 0 0
452 9888 1013 996 83 0 0 26 2 0 9 0 19 0 0 0 0
453 9879 1016 1000 83 0 0 27 2 0 11 0 18 0 0 0 0
454 9874 1018 1002 84 0 0 27 2 0 11 0 18 0 0 0 0
455 9869 1021 1004 82 0 0 28 2 0 11 0 19 0 0 0 0
456 9853 1027 1008 84 0 0 30 2 0 11 0 21 0 0 0 0
457 9837 1035 1016 84 0 0 30 2 0 11 0 21 0 0 0 0
458 9839 1033 1014 86 0 0 30 2 0 11 0 21 0 0 0 0
459 9828 1037 1017 88 0 0 31 2 0 11 0 22 0 0 0 0
460 9817 1041 1021 89 0 0 32 2 0 12 0 22 0 0 0 0
461 9806 1046 1025 89 0 0 33 2 0 12 0 23 0 0 0 0
462 9791 1053 1032 90 0 0 33 2 0 12 0 23 0 0 0 0
463 9788 1054 1032 90 0 0 34 2 0 12 0 24 0 0 0 0
464 9766 1063 1040 91 0 0 35 3 0 12 0 26 0 0 0 0
465 9743 1075 1052 90 0 0 35 3 0 12 0 26 0 0 0 0
466 9720 1086 1062 90 0 0 36 3 0 12 0 27 0 0 0 0
467 9704 1092 1066 92 0 0 38 3 0 12 0 29 0 0 0 0
468 9685 1101 1074 92 0 0 39 3 0 12 0 30 0 0 0 0
469 9679 1103 1076 94 0 0 39 3 0 12 0 30 0 0 0 0
470 9665 1111 1084 92 0 0 39 3 0 12 0 30 0 0 0 0
471 9658 1115 1088 91 0 0 39 3 0 12 0 30 0 0 0 0
472 9658 1115 1088 91 0 0 39 3 0 12 0 30 0 0 0 0
473 9634 1125 1098 95 0 0 39 3 0 12 0 30 0 0 0 0
474 9635 1123 1095 97 0 0 40 3 0 12 0 31 0 0 0 0
475 9617 1133 1105 95 0 0 40 3 0 12 0 31 0 0 0 0
476 9610 1136 1108 96 0 0 40 3 0 12 0 31 0 0 0 0
477 9595 1144 1116 95 0 0 40 3 0 12 0 31 0 0 0 0
478 9579 1151 1123 95 0 0 40 4 0 12 0 32 0 0 0 0
479 9583 1149 1121 95 0 0 40 4 0 12 0 32 0 0 0 0
480 9562 1160 1132 94 0 0 40 4 0 12 0 32 0 0 0 0
481 9556 1162 1133 95 0 0 41 4 0 12 0 33 0 0 0 0
482 9547 1164 1135 100 0 0 41 4 0 12 0 33 0 0 0 0
483 9534 1169 1141 102 0 0 41 4 0 13 0 32 0 0 0 0
484 9527 1171 1143 105 0 0 41 4 0 13 0 32 0 0 0 0
485 9522 1172 1144 108 0 0 41 4 0 13 0 32 0 0 0 0
486 9496 1184 1155 109 0 0 42 4 0 13 0 33 0 0 0 0
487 9482 1190 1161 111 0 0 42 4 0 13 0 33 0 0 0 0
488 9476 1194 1165 109 0 0 42 4 0 13 0 33 0 0 0 0
489 9471 1195 1166 110 0 0 43 4 0 14 0 33 0 0 0 0
490 9459 1200 1170 111 0 0 44 4 0 14 0 34 0 0 0 0
491 9456 1201 1170 111 0 0 45 4 0 14 0 35 0 0 0 0
492 9458 1199 1168 113 0 0 45 4 0 14 0 35 0 0 0 0
493 9448 1204 1171 113 0 0 46 4 0 13 0 37 0 0 0 0
494 9450 1203 1170 113 0 0 46 4 0 13 0 37 0 0 0 0
495 9444 1205 1173 114 0 0 46 4 0 14 0 36 0 0 0 0
496 9435 1209 1178 114 0 0 45 5 0 14 0 36 0 0 0 0
497 9435 1209 1177 113 0 0 46 5 0 14 0 37 0 0 0 0
498 9421 1214 1181 115 0 0 48 4 0 15 0 37 0 0 0 1
499 9426 1212 1178 113 0 0 49 4 0 15 0 38 0 0 0 1
500 9424 1213 1179 113 0 0 49 4 0 15 0 38 0 0 0 1
501 9421 1214 1180 114 0 0 49 4 0 15 0 38 0 0 0 1
502 9419 1213 1178 117 0 0 50 4 0 15 0 39 0 0 0 1
503 9414 1215 1180 118 0 0 50 4 0 15 0 39 0 0 0 1
504 9403 1221 1187 116 0 0 50 4 0 16 0 38 0 0 0 1
505 9396 1223 1190 118 0 0 50 4 0 17 0 37 0 0 0 1
506 9385 1230 1195 115 0 0 51 4 0 16 0 39 0 0 0 1
507 9378 1233 1198 116 0 0 51 4 0 16 0 39 0 0 0 1
508 9374 1235 1198 116 0 0 53 3 0 16 0 40 0 0 0 1
509 9365 1238 1201 117 0 0 53 4 0 16 0 41 0 0 0 1
510 9364 1238 1202 117 0 0 53 4 0 17 0 40 0 0 0 1
511 9372 1233 1198 118 0 0 52 5 0 17 0 40 0 0 0 1
512 9366 1235 1200 120 0 0 52 5 0 17 0 40 0 0 0 1
513 9361 1237 1202 119 0 0 53 5 0 18 0 40 0 0 0 1
514 9357 1237 1202 122 0 0 53 5 0 18 0 40 0 0 0 2
515 9349 1241 1209 119 0 0 52 6 0 20 0 38 0 0 0 2
516 9352 1239 1207 120 0 0 52 6 0 20 0 38 0 0 0 2
517 9350 1240 1208 118 0 0 53 6 0 21 0 38 0 0 0 2
518 9341 1243 1211 121 0 0 53 6 0 21 0 38 0 0 0 2
519 9347 1238 1206 125 0 0 53 6 0 21 0 38 0 0 0 2
520 9340 1241 1209 126 0 0 53 6 0 21 0 38 0 0 0 2
521 9340 1240 1208 128 0 0 53 6 0 21 0 38 0 0 0 2
522 9336 1241 1209 130 0 0 53 6 0 21 0 38 0 0 0 2
523 9332 1243 1210 129 0 0 54 6 0 21 0 39 0 0 0 2
524 9319 1247 1214 134 0 0 54 6 0 21 0 39 0 0 0 2
525 9320 1246 1213 135 0 0 54 6 0 21 0 39 0 0 0 2
526 9302 1254 1220 136 0 0 55 6 0 21 0 40 0 0 0 2
527 9293 1258 1224 137 0 0 55 6 0 21 0 40 0 0 0 2
528 9309 1250 1216 137 0 0 55 6 0 21 0 40 0 0 0 2
529 9298 1254 1221 139 0 0 54 7 0 21 0 40 0 0 0 2
530 9300 1252 1218 140 0 0 55 7 0 21 0 41 0 0 0 2
531 9310 1246 1212 142 0 0 55 7 0 21 0 41 0 0 0 2
532 9307 1247 1212 142 0 0 56 7 0 21 0 42 0 0 0 2
533 9311 1244 1208 143 0 0 57 7 0 21 0 43 0 0 0 2
534 9304 1245 1209 146 0 0 58 7 0 22 0 43 0 0 0 2
535 9293 1249 1213 147 0 0 58 8 0 22 0 44 0 0 0 2
536 9290 1251 1216 145 0 0 58 8 0 23 0 43 0 0 0 2
537 9284 1252 1217 149 0 0 58 8 0 23 0 43 0 0 0 2
538 9288 1250 1213 147 0 0 60 8 0 23 0 45 0 0 0 2
539 9301 1245 1207 143 0 0 61 8 0 23 0 46 0 0 0 2
540 9301 1243 1206 146 0 0 61 8 0 24 0 45 0 0 0 2
541 9299 1245 1208 142 0 0 61 9 0 24 0 46 0 0 0 2
542 9284 1252 1215 143 0 0 61 9 0 24 0 46 0 0 0 2
543 9276 1254 1217 147 0 0 61 9 0 24 0 46 0 0 0 2
544 9260 1262 1225 145 0 0 62 9 0 25 0 46 0 0 0 2
545 9263 1260 1223 144 0 0 63 9 0 26 0 46 0 0 0 2
546 9270 1257 1220 143 0 0 63 9 0 26 0 46 0 0 0 2
547 9263 1258 1221 148 0 0 63 9 0 26 0 46 0 0 0 2
548 9263 1257 1220 150 0 0 63 9 0 26 0 46 0 0 0 2
549 9273 1253 1216 148 0 0 63 9 0 26 0 46 0 0 0 2
550 9275 1253 1216 146 0 0 63 9 0 26 0 46 0 0 0 2
551 9281 1251 1214 144 0 0 63 9 0 26 0 46 0 0 0 2
552 9276 1253 1215 144 0 0 64 9 0 26 0 47 0 0 0 2
553 9272 1256 1219 141 0 0 63 10 0 26 0 47 0 0 0 2
554 9269 1257 1219 141 0 0 64 10 0 26 0 48 0 0 0 2
555 9272 1256 1218 140 0 0 64 10 0 26 0 48 0 0 0 2
556 9264 1260 1222 140 0 0 64 10 0 26 0 48 0 0 0 2
557 9274 1256 1217 137 0 0 65 10 0 26 0 49 0 0 0 2
558 9271 1257 1218 138 0 0 65 10 0 26 0 49 0 0 0 2
559 9279 1252 1214 139 0 0 65 10 0 27 0 48 0 0 0 2
560 9283 1249 1213 139 0 0 65 10 0 29 0 46 0 0 0 2
561 9279 1249 1213 141 0 0 66 10 0 30 0 46 0 0 0 2
562 9278 1248 1212 144 0 0 66 10 0 30 0 46 0 0 0 2
563 9281 1246 1210 145 0 0 66 10 0 30 0 46 0 0 0 2
564 9295 1237 1200 148 0 0 67 10 0 30 0 47 0 0 0 2
565 9297 1236 1200 147 0 0 67 10 0 31 0 46 0 0 0 2
566 9297 1235 1199 149 0 0 67 10 0 31 0 46 0 0 0 2
567 9289 1238 1201 150 0 0 68 10 0 31 0 47 0 0 0 2
568 9286 1241 1202 145 0 0 70 10 0 31 0 49 0 0 0 2
569 9287 1242 1203 142 0 0 70 10 0 31 0 49 0 0 0 2
570 9283 1242 1202 147 0 0 71 9 0 31 0 49 0 0 0 2
571 9277 1244 1204 149 0 0 71 9 0 31 0 49 0 0 0 2
572 9283 1240 1200 151 0 0 71 9 0 31 0 49 0 0 0 2
573 9284 1240 1201 149 0 0 71 9 0 32 0 48 0 0 0 2
574 9288 1238 1199 149 0 0 71 9 0 32 0 48 0 0 0 2
575 9290 1237 1199 148 0 0 71 9 0 33 0 47 0 0 0 2
576 9298 1233 1196 147 0 0 71 9 0 34 0 46 0 0 0 2
577 9296 1234 1197 147 0 0 71 9 0 34 0 46 0 0 0 2
578 9292 1236 1199 147 0 0 71 9 0 34 0 46 0 0 0 2
579 9297 1234 1198 145 0 0 71 9 0 35 0 45 0 0 0 2
580 9302 1230 1195 147 0 0 71 9 0 36 0 44 0 0 0 2
581 9309 1227 1192 146 0 0 71 9 0 36 0 44 0 0 0 2
582 9310 1227 1192 145 0 0 71 9 0 36 0 44 0 0 0 2
583 9319 1223 1188 142 0 0 72 9 0 37 0 44 0 0 0 2
584 9323 1220 1185 144 0 0 72 9 0 37 0 44 0 0 0 2
585 9332 1215 1180 143 0 0 73 9 0 38 0 44 0 0 0 2
586 9333 1212 1176 147 0 0 74 9 0 38 0 45 0 0 0 2
587 9321 1217 1181 149 0 0 74 9 0 38 0 45 0 0 0 2
588 9315 1220 1183 150 0 0 75 8 0 38 0 45 0 0 0 2
589 9320 1218 1179 149 0 0 76 8 0 37 0 47 0 0 0 2
590 9317 1220 1180 147 0 0 77 8 0 37 0 48 0 0 0 2
591 9328 1214 1176 146 0 0 77 8 0 39 0 46 0 0 0 2
592 9320 1218 1180 146 0 0 77 8 0 39 0 46 0 0 0 2
593 9317 1220 1182 145 0 0 77 8 0 39 0 46 0 0 0 2
594 9312 1222 1184 146 0 0 77 8 0 39 0 46 0 0 0 2
595 9309 1224 1187 144 0 0 76 9 0 39 0 46 0 0 0 2
596 9313 1222 1185 144 0 0 76 9 0 39 0 46 0 0 0 2
597 9320 1218 1180 144 0 0 77 9 0 39 0 47 0 0 0 2
598 9337 1209 1172 144 0 0 76 10 0 39 0 47 0 0 0 2
599 9334 1210 1173 145 0 0 76 10 0 39 0 47 0 0 0 2
600 9336 1210 1172 142 0 0 78 9 0 40 0 47 0 0 0 2
601 9334 1210 1172 144 0 0 78 9 0 40 0 47 0 0 0 2
602 9337 1208 1168 143 0 0 80 9 0 40 0 49 0 0 0 2
603 9333 1210 1170 143 0 0 80 9 0 40 0 49 0 0 0 2
604 9337 1208 1167 142 0 0 81 9 0 40 0 50 0 0 0 2
605 9339 1207 1166 142 0 0 81 9 0 40 0 50 0 0 0 2
606 9341 1206 1165 142 0 0 81 9 0 40 0 50 0 0 0 2
607 9340 1208 1167 139 0 0 81 9 0 40 0 50 0 0 0 2
608 9349 1204 1162 139 0 0 81 9 0 39 0 51 0 0 0 2
609 9351 1203 1161 139 0 0 81 9 0 39 0 51 0 0 0 2
610 9367 1193 1152 142 0 0 81 9 0 40 0 50 0 0 0 2
611 9373 1190 1149 142 0 0 81 9 0 40 0 50 0 0 0 2
612 9379 1186 1144 143 0 0 82 9 0 40 0 51 0 0 0 2
613 9371 1187 1144 148 0 0 83 9 0 40 0 52 0 0 0 2
614 9376 1183 1140 151 0 0 83 9 0 40 0 52 0 0 0 2
615 9389 1177 1134 150 0 0 83 9 0 40 0 52 0 0 0 2
616 9387 1178 1135 148 0 0 83 10 0 40 0 53 0 0 0 2
617 9397 1174 1130 147 0 0 84 9 0 40 0 53 0 0 0 2
618 9397 1174 1131 146 0 0 83 10 0 40 0 53 0 0 0 2
619 9393 1177 1134 144 0 0 83 10 0 40 0 53 0 0 0 2
620 9381 1184 1140 143 0 0 84 9 0 40 0 53 0 0 0 2
621 9373 1187 1144 144 0 0 84 9 0 41 0 52 0 0 0 2
622 9380 1184 1141 143 0 0 84 9 0 41 0 52 0 0 0 2
623 9385 1183 1140 140 0 0 84 9 0 41 0 52 0 0 0 2
624 9381 1184 1141 142 0 0 84 9 0 41 0 52 0 0 0 2
625 9384 1182 1139 143 0 0 84 9 0 41 0 52 0 0 0 2
626 9383 1182 1139 144 0 0 84 9 0 41 0 52 0 0 0 2
627 9372 1187 1143 144 0 0 85 9 0 41 0 53 0 0 0 2
628 9371 1189 1145 141 0 0 85 9 0 41 0 53 0 0 0 2
629 9357 1196 1153 140 0 0 84 10 0 41 0 53 0 0 0 2
630 9352 1200 1158 134 0 0 83 12 0 41 0 54 0 0 0 2
631 9356 1198 1157 131 0 0 83 13 0 42 0 54 0 0 0 2
632 9349 1201 1160 132 0 0 83 13 0 42 0 54 0 0 0 2
633 9347 1199 1159 137 0 0 83 13 0 43 0 53 0 0 0 2
634 9351 1198 1157 134 0 0 84 13 0 43 0 54 0 0 0 2
635 9349 1201 1158 128 0 0 87 12 0 44 0 55 0 0 0 2
636 9341 1205 1162 128 0 0 87 12 0 44 0 55 0 0 0 2
637 9335 1208 1164 127 0 0 88 12 0 44 0 56 0 0 0 2
638 9328 1210 1166 130 0 0 88 12 0 44 0 56 0 0 0 2
639 9314 1216 1172 132 0 0 88 12 0 44 0 56 0 0 0 2
640 9311 1217 1172 132 0 0 89 12 0 44 0 57 0 0 0 2
641 9300 1223 1178 131 0 0 89 12 0 44 0 57 0 0 0 2
642 9297 1223 1179 133 0 0 89 12 0 45 0 56 0 0 0 2
643 9298 1223 1179 132 0 0 89 12 0 45 0 56 0 0 0 2
644 9292 1227 1182 131 0 0 89 12 0 44 0 57 0 0 0 2
645 9288 1229 1184 131 0 0 89 12 0 44 0 57 0 0 0 2
646 9283 1230 1184 133 0 0 90 12 0 44 0 58 0 0 0 2
647 9271 1235 1189 135 0 0 90 12 0 44 0 58 0 0 0 2
648 9274 1233 1187 136 0 0 90 12 0 44 0 58 0 0 0 2
649 9269 1233 1187 139 0 0 91 12 0 45 0 58 0 0 0 2
650 9261 1236 1190 141 0 0 91 12 0 45 0 58 0 0 0 2
651 9252 1240 1192 142 0 0 93 11 0 45 0 59 0 0 0 2
652 9238 1246 1199 143 0 0 92 12 0 45 0 59 0 0 0 2
653 9243 1243 1196 144 0 0 92 12 0 45 0 59 0 0 0 2
654 9230 1248 1201 147 0 0 92 12 0 45 0 59 0 0 0 2
655 9229 1247 1200 150 0 0 92 12 0 45 0 59 0 0 0 2
656 9223 1250 1202 149 0 0 93 12 0 45 0 60 0 0 0 2
657 9225 1250 1199 146 0 0 96 11 0 45 0 62 0 0 0 2
658 9190 1268 1215 141 0 0 98 12 0 45 0 65 0 0 0 2
659 9173 1274 1222 145 0 0 98 12 0 46 0 64 0 0 0 2
660 9170 1275 1223 144 0 0 99 12 0 47 0 64 0 0 0 2
661 9163 1278 1226 145 0 0 99 12 0 47 0 64 0 0 0 2
662 9145 1286 1233 144 0 0 100 13 0 47 0 66 0 0 0 2
663 9145 1286 1233 144 0 0 100 13 0 47 0 66 0 0 0 2
664 9117 1298 1244 144 0 0 101 14 0 47 0 68 0 0 0 3
665 9101 1304 1249 147 0 0 102 14 0 47 0 69 0 0 0 3
666 9093 1305 1249 152 0 0 103 14 0 47 0 70 0 0 0 3
667 9077 1311 1257 154 0 0 102 15 0 48 0 69 0 0 0 3
668 9062 1316 1263 158 0 0 102 15 0 49 0 68 0 0 0 3
669 9041 1327 1273 156 0 0 103 15 0 49 0 69 0 0 0 3
670 9036 1328 1274 159 0 0 103 15 0 49 0 69 0 0 0 3
671 9018 1335 1278 158 0 0 107 15 0 50 0 72 0 0 0 3
672 9003 1339 1282 163 0 0 108 15 0 51 0 72 0 0 0 3
673 9004 1337 1281 163 0 0 109 15 0 53 0 71 0 0 0 3
674 8998 1339 1282 164 0 0 110 15 0 53 0 72 0 0 0 3
675 8986 1343 1287 167 0 0 110 15 0 54 0 71 0 0 0 3
676 8977 1346 1289 170 0 0 111 14 0 54 0 71 0 0 0 4
677 8960 1352 1296 170 0 0 111 16 0 55 0 72 0 0 0 4
678 8950 1356 1300 172 0 0 111 16 0 55 0 72 0 0 0 4
679 8938 1362 1306 170 0 0 112 16 0 56 0 72 0 0 0 4
680 8925 1367 1311 173 0 0 112 16 0 56 0 72 0 0 0 4
681 8905 1377 1320 169 0 0 113 17 0 56 0 74 0 0 0 5
682 8902 1379 1319 165 0 0 116 17 0 56 0 77 0 0 0 5
683 8899 1380 1320 166 0 0 116 17 0 56 0 77 0 0 0 5
684 8891 1382 1323 169 0 0 116 17 0 57 0 76 0 0 0 5
685 8867 1393 1334 171 0 0 116 17 0 57 0 76 0 0 0 5
686 8869 1393 1332 166 0 0 118 17 0 57 0 78 0 0 0 6
687 8871 1393 1331 162 0 0 119 17 0 57 0 79 0 0 0 7
688 8877 1389 1327 164 0 0 119 17 0 57 0 79 0 0 0 7
689 8871 1390 1329 167 0 0 118 18 0 57 0 79 0 0 0 7
690 8873 1389 1327 168 0 0 118 18 0 56 0 80 0 0 0 7
691 8865 1392 1329 170 0 0 119 17 0 56 0 80 0 0 0 8
692 8858 1395 1331 170 0 0 120 17 0 56 0 81 0 0 0 8
693 8849 1398 1333 172 0 0 121 17 0 56 0 82 0 0 0 8
694 8849 1398 1331 170 0 0 123 17 0 56 0 84 0 0 0 8
695 8849 1396 1327 172 0 0 125 16 0 56 0 85 0 0 0 10
696 8835 1402 1333 172 0 0 126 16 0 57 0 85 0 0 0 10
697 8835 1402 1333 172 0 0 126 16 0 57 0 85 0 0 0 10
698 8841 1397 1327 173 0 0 127 17 0 57 0 87 0 0 0 10
699 8839 1398 1327 172 0 0 128 17 0 57 0 88 0 0 0 10
700 8841 1397 1324 173 0 0 129 16 0 56 0 89 0 0 0 11
701 8824 1404 1331 176 0 0 129 16 0 56 0 89 0 0 0 11
702 8815 1408 1334 176 0 0 130 16 0 56 0 90 0 0 0 11
703 8815 1407 1332 177 0 0 131 16 0 56 0 91 0 0 0 11
704 8805 1413 1338 175 0 0 131 16 0 56 0 91 0 0 0 11
705 8799 1415 1340 177 0 0 131 16 0 56 0 91 0 0 0 11
706 8786 1421 1346 178 0 0 131 16 0 56 0 91 0 0 0 11
707 8776 1426 1352 175 0 0 131 17 0 57 0 91 0 0 0 11
708 8786 1421 1346 174 0 0 132 17 0 57 0 92 0 0 0 11
709 8779 1424 1348 174 0 0 133 17 0 57 0 93 0 0 0 11
710 8783 1423 1347 172 0 0 133 17 0 57 0 93 0 0 0 11
711 8782 1422 1346 175 0 0 133 17 0 57 0 93 0 0 0 11
712 8765 1429 1352 177 0 0 134 17 0 57 0 94 0 0 0 11
713 8778 1424 1347 174 0 0 134 17 0 57 0 94 0 0 0 11
714 8771 1426 1349 177 0 0 134 17 0 57 0 94 0 0 0 11
715 8761 1432 1354 176 0 0 135 16 0 57 0 94 0 0 0 11
716 8755 1434 1355 177 0 0 136 16 0 57 0 95 0 0 0 11
717 8761 1433 1355 172 0 0 136 16 0 58 0 94 0 0 0 11
718 8761 1431 1354 175 0 0 136 16 0 59 0 93 0 0 0 11
719 8753 1433 1355 176 0 0 138 16 0 60 0 94 0 0 0 11
720 8758 1431 1353 175 0 0 138 16 0 60 0 94 0 0 0 11
721 8745 1436 1358 178 0 0 138 16 0 60 0 94 0 0 0 11
722 8733 1443 1364 175 0 0 139 16 0 60 0 95 0 0 0 11
723 8732 1444 1366 173 0 0 139 16 0 61 0 94 0 0 0 11
724 8726 1447 1370 172 0 0 138 17 0 61 0 94 0 0 0 11
725 8732 1444 1366 170 0 0 140 16 0 62 0 94 0 0 0 12
726 8736 1443 1366 167 0 0 140 16 0 63 0 93 0 0 0 12
727 8738 1440 1363 171 0 0 140 16 0 63 0 93 0 0 0 12
728 8736 1441 1362 169 0 0 142 16 0 63 0 95 0 0 0 12
729 8730 1441 1363 174 0 0 142 16 0 64 0 94 0 0 0 12
730 8741 1435 1357 173 0 0 143 16 0 65 0 94 0 0 0 12
731 8739 1437 1357 173 0 0 143 16 0 63 0 96 0 0 0 12
732 8730 1440 1359 174 0 0 145 15 0 64 0 96 0 0 0 13
733 8736 1434 1354 177 0 0 146 15 0 66 0 95 0 0 0 13
734 8734 1435 1355 177 0 0 147 14 0 67 0 94 0 0 0 13
735 8727 1438 1357 177 0 0 148 14 0 67 0 95 0 0 0 13
736 8736 1435 1354 172 0 0 149 14 0 68 0 95 0 0 0 13
737 8736 1434 1353 174 0 0 149 14 0 68 0 95 0 0 0 13
738 8742 1431 1350 174 0 0 149 14 0 68 0 95 0 0 0 13
739 8754 1424 1342 173 0 0 151 14 0 69 0 96 0 0 0 13
740 8774 1412 1331 175 0 0 152 13 0 71 0 94 0 0 0 14
741 8761 1417 1336 178 0 0 152 13 0 71 0 94 0 0 0 14
742 8766 1412 1332 182 0 0 152 13 0 72 0 93 0 0 0 14
743 8768 1411 1331 182 0 0 152 13 0 72 0 93 0 0 0 14
744 8769 1410 1330 183 0 0 152 13 0 72 0 93 0 0 0 14
745 8773 1407 1327 185 0 0 152 13 0 72 0 93 0 0 0 14
746 8778 1403 1322 187 0 0 153 13 0 72 0 94 0 0 0 14
747 8770 1408 1326 184 0 0 154 13 0 72 0 95 0 0 0 14
748 8785 1402 1318 181 0 0 156 12 0 72 0 96 0 0 0 14
749 8771 1407 1323 185 0 0 156 12 0 72 0 96 0 0 0 14
750 8761 1411 1330 184 0 0 155 13 0 74 0 94 0 0 0 14
751 8765 1410 1329 180 0 0 156 13 0 75 0 94 0 0 0 14
752 8769 1407 1328 180 0 0 156 13 0 77 0 92 0 0 0 14
753 8768 1406 1328 182 0 0 156 13 0 78 0 91 0 0 0 14
754 8769 1405 1326 184 0 0 156 13 0 77 0 92 0 0 0 14
755 8774 1403 1323 182 0 0 157 13 0 77 0 93 0 0 0 14
756 8768 1401 1322 189 0 0 156 15 0 77 0 94 0 0 0 14
757 8760 1405 1327 188 0 0 156 15 0 78 0 93 0 0 0 14
758 8760 1404 1326 190 0 0 156 15 0 78 0 93 0 0 0 14
759 8751 1405 1328 196 0 0 156 15 0 79 0 92 0 0 0 14
760 8750 1405 1328 197 0 0 156 15 0 79 0 92 0 0 0 14
761 8735 1410 1333 202 0 0 156 15 0 79 0 92 0 0 0 14
762 8724 1416 1339 201 0 0 156 15 0 79 0 92 0 0 0 14
763 8736 1411 1334 199 0 0 156 15 0 79 0 92 0 0 0 14
764 8737 1411 1334 198 0 0 156 15 0 79 0 92 0 0 0 14
765 8740 1410 1333 197 0 0 156 15 0 79 0 92 0 0 0 14
766 8745 1409 1329 193 0 0 159 14 0 79 0 94 0 0 0 14
767 8752 1406 1326 192 0 0 159 14 0 79 0 94 0 0 0 14
768 8754 1405 1325 192 0 0 159 14 0 79 0 94 0 0 0 14
769 8764 1401 1321 190 0 0 160 13 0 80 0 93 0 0 0 14
770 8755 1405 1324 190 0 0 161 13 0 80 0 94 0 0 0 14
771 8756 1402 1322 192 0 0 162 13 0 82 0 93 0 0 0 14
772 8751 1402 1323 194 0 0 163 13 0 84 0 92 0 0 0 14
773 8752 1401 1322 195 0 0 163 13 0 84 0 92 0 0 0 14
774 8753 1397 1319 201 0 0 163 13 0 85 0 91 0 0 0 14
775 8754 1395 1318 203 0 0 163 13 0 86 0 90 0 0 0 14
776 8767 1388 1311 204 0 0 163 13 0 86 0 90 0 0 0 14
777 8761 1389 1312 208 0 0 163 13 0 86 0 90 0 0 0 14
778 8764 1387 1311 208 0 0 163 13 0 87 0 89 0 0 0 14
779 8756 1391 1316 207 0 0 163 13 0 88 0 88 0 0 0 14
780 8764 1387 1312 207 0 0 163 13 0 88 0 88 0 0 0 14
781 8770 1384 1309 205 0 0 164 13 0 89 0 88 0 0 0 14
782 8758 1391 1314 201 0 0 166 13 0 89 0 90 0 0 0 14
783 8756 1390 1315 203 0 0 166 13 0 91 0 88 0 0 0 14
784 8758 1388 1315 203 0 0 164 15 0 91 0 88 0 0 0 14
785 8761 1386 1313 204 0 0 164 15 0 91 0 88 0 0 0 14
786 8755 1389 1317 203 0 0 164 15 0 92 0 87 0 0 0 14
787 8753 1389 1317 205 0 0 164 15 0 92 0 87 0 0 0 14
788 8756 1387 1316 205 0 0 164 15 0 93 0 86 0 0 0 14
789 8764 1383 1310 205 0 0 166 14 0 93 0 87 0 0 0 14
790 8778 1379 1307 198 0 0 166 14 0 94 0 86 0 0 0 14
791 8780 1377 1305 198 0 0 166 15 0 94 0 87 0 0 0 14
792 8772 1380 1307 199 0 0 167 15 0 94 0 88 0 0 0 14
793 8771 1377 1306 204 0 0 167 15 0 96 0 86 0 0 0 14
794 8777 1374 1303 204 0 0 167 15 0 96 0 86 0 0 0 14
795 8779 1374 1303 202 0 0 167 15 0 96 0 86 0 0 0 14
796 8777 1376 1305 200 0 0 167 15 0 96 0 86 0 0 0 14
797 8773 1378 1307 198 0 0 168 15 0 97 0 86 0 0 0 14
798 8788 1368 1298 202 0 0 167 16 0 97 0 86 0 0 0 14
799 8802 1360 1289 199 0 0 170 16 0 99 0 87 0 0 0 14
800 8811 1355 1284 200 0 0 170 16 0 99 0 87 0 0 0 14
801 8815 1351 1282 202 0 0 170 16 0 101 0 85 0 0 0 14
802 8821 1349 1280 198 0 0 171 16 0 102 0 85 0 0 0 14
803 8825 1347 1278 198 0 0 171 16 0 102 0 85 0 0 0 14
804 8824 1347 1278 199 0 0 171 16 0 102 0 85 0 0 0 14
805 8817 1350 1281 200 0 0 171 16 0 102 0 85 0 0 0 14
806 8814 1351 1282 199 0 0 171 17 0 102 0 86 0 0 0 14
807 8821 1349 1280 194 0 0 172 17 0 103 0 86 0 0 0 14
808 8833 1345 1276 188 0 0 173 17 0 104 0 86 0 0 0 14
809 8858 1334 1266 184 0 0 173 17 0 105 0 85 0 0 0 14
810 8866 1330 1262 182 0 0 174 17 0 106 0 85 0 0 0 14
811 8874 1328 1261 177 0 0 174 17 0 107 0 84 0 0 0 14
812 8876 1327 1260 175 0 0 175 17 0 108 0 84 0 0 0 14
813 8889 1321 1254 174 0 0 175 17 0 108 0 84 0 0 0 14
814 8891 1319 1253 175 0 0 175 17 0 109 0 83 0 0 0 14
815 8894 1316 1251 177 0 0 175 17 0 110 0 82 0 0 0 14
816 8903 1314 1249 172 0 0 175 17 0 110 0 82 0 0 0 14
817 8888 1321 1256 173 0 0 175 17 0 110 0 82 0 0 0 14
818 8889 1320 1255 174 0 0 175 17 0 110 0 82 0 0 0 14
819 8891 1317 1253 177 0 0 175 17 0 111 0 81 0 0 0 14
820 8891 1318 1253 176 0 0 176 16 0 111 0 81 0 0 0 14
821 8893 1317 1252 176 0 0 176 16 0 111 0 81 0 0 0 14
822 8897 1315 1251 175 0 0 176 16 0 112 0 80 0 0 0 14
823 8895 1315 1251 177 0 0 176 16 0 112 0 80 0 0 0 14
824 8887 1317 1254 180 0 0 175 17 0 112 0 80 0 0 0 14
825 8882 1320 1257 177 0 0 176 17 0 113 0 80 0 0 0 14
826 8892 1316 1253 175 0 0 176 17 0 113 0 80 0 0 0 14
827 8895 1314 1251 176 0 0 176 17 0 113 0 80 0 0 0 14
828 8902 1312 1247 173 0 0 178 16 0 113 0 81 0 0 0 14
829 8909 1310 1245 170 0 0 178 16 0 113 0 81 0 0 0 14
830 8915 1309 1244 166 0 0 178 16 0 113 0 81 0 0 0 14
831 8910 1311 1247 166 0 0 178 16 0 114 0 80 0 0 0 14
832 8924 1304 1239 167 0 0 179 15 0 114 0 80 0 0 0 14
833 8925 1303 1239 167 0 0 179 15 0 115 0 79 0 0 0 14
834 8913 1305 1241 175 0 0 179 15 0 115 0 79 0 0 0 14
835 8915 1305 1240 172 0 0 180 15 0 115 0 80 0 0 0 14
836 8911 1307 1240 172 0 0 181 15 0 114 0 82 0 0 0 14
837 8893 1316 1249 172 0 0 181 15 0 114 0 82 0 0 0 14
838 8877 1324 1258 171 0 0 181 15 0 115 0 81 0 0 0 14
839 8865 1331 1262 166 0 0 184 15 0 115 0 84 0 0 0 14
840 8865 1330 1260 169 0 0 184 15 0 114 0 85 0 0 0 14
841 8875 1325 1253 167 0 0 186 15 0 114 0 87 0 0 0 14
842 8872 1325 1252 171 0 0 187 14 0 114 0 87 0 0 0 14
843 8862 1327 1253 174 0 0 189 14 0 115 0 88 0 0 0 14
844 8846 1333 1259 178 0 0 189 14 0 115 0 88 0 0 0 14
845 8841 1337 1263 173 0 0 189 15 0 115 0 89 0 0 0 14
846 8825 1347 1272 166 0 0 191 15 0 116 0 90 0 0 0 14
847 8807 1356 1281 164 0 0 191 16 0 116 0 91 0 0 0 14
848 8801 1358 1280 163 0 0 194 16 0 116 0 94 0 0 0 14
849 8789 1363 1284 164 0 0 195 16 0 116 0 95 0 0 0 14
850 8779 1368 1287 164 0 0 196 16 0 115 0 97 0 0 0 14
851 8781 1366 1287 164 0 0 196 16 0 117 0 95 0 0 0 14
852 8772 1367 1290 169 0 0 196 16 0 119 0 93 0 0 0 14
853 8763 1370 1293 172 0 0 196 16 0 119 0 93 0 0 0 14
854 8750 1376 1298 173 0 0 197 15 0 119 0 93 0 0 0 15
855 8745 1376 1298 174 0 0 197 17 0 119 0 95 0 0 0 15
856 8738 1378 1302 175 0 0 196 18 0 120 0 94 0 0 0 15
857 8723 1381 1308 180 0 0 195 19 0 122 0 92 0 0 0 16
858 8694 1394 1321 181 0 0 196 19 0 123 0 92 0 0 0 16
859 8686 1397 1321 180 0 0 198 20 0 122 0 96 0 0 0 16
860 8673 1402 1326 181 0 0 198 21 0 122 0 97 0 0 0 16
861 8673 1402 1325 178 0 0 200 21 0 123 0 98 0 0 0 16
862 8668 1404 1327 179 0 0 200 21 0 123 0 98 0 0 0 16
863 8658 1410 1333 175 0 0 200 22 0 123 0 99 0 0 0 16
864 8650 1414 1338 174 0 0 200 22 0 124 0 98 0 0 0 16
865 8626 1426 1349 175 0 0 200 22 0 123 0 99 0 0 0 16
866 8627 1426 1348 173 0 0 201 22 0 123 0 100 0 0 0 16
867 8615 1433 1354 170 0 0 202 22 0 123 0 101 0 0 0 16
868 8620 1431 1350 167 0 0 205 21 0 124 0 102 0 0 0 16
869 8604 1437 1356 171 0 0 205 21 0 124 0 102 0 0 0 16
870 8601 1438 1356 171 0 0 206 21 0 124 0 103 0 0 0 16
871 8597 1440 1357 170 0 0 207 21 0 124 0 104 0 0 0 16
872 8583 1446 1364 169 0 0 208 21 0 126 0 103 0 0 0 16
873 8560 1455 1373 174 0 0 208 21 0 126 0 103 0 0 0 16
874 8554 1455 1372 178 0 0 209 21 0 126 0 104 0 0 0 17
875 8544 1460 1377 176 0 0 210 21 0 127 0 104 0 0 0 17
876 8536 1463 1381 177 0 0 210 21 0 128 0 103 0 0 0 17
877 8532 1462 1380 181 0 0 211 21 0 129 0 103 0 0 0 17
878 8526 1467 1385 177 0 0 211 20 0 129 0 102 0 0 0 19
879 8512 1474 1393 176 0 0 210 21 0 129 0 102 0 0 0 19
880 8509 1476 1392 174 0 0 212 20 0 128 0 104 0 0 0 21
881 8499 1480 1398 174 0 0 211 21 0 129 0 103 0 0 0 21
882 8482 1488 1406 174 0 0 211 21 0 129 0 103 0 0 0 22
883 8494 1480 1400 176 0 0 211 21 0 131 0 101 0 0 0 22
884 8502 1477 1397 174 0 0 211 21 0 131 0 101 0 0 0 22
885 8491 1481 1401 176 0 0 212 20 0 132 0 100 0 0 0 23
886 8480 1486 1404 177 0 0 213 20 0 131 0 102 0 0 0 23
887 8471 1488 1408 180 0 0 213 20 0 133 0 100 0 0 0 23
888 8472 1487 1408 180 0 0 213 20 0 134 0 99 0 0 0 23
889 8468 1488 1408 183 0 0 212 21 0 132 0 101 0 0 0 23
890 8472 1484 1403 186 0 0 213 21 0 132 0 102 0 0 0 23
891 8458 1491 1410 186 0 0 213 21 0 132 0 102 0 0 0 23
892 8440 1498 1416 191 0 0 213 21 0 131 0 103 0 0 0 23
893 8440 1500 1416 189 0 0 214 20 0 130 0 104 0 0 0 23
894 8428 1503 1415 193 0 0 217 20 0 129 0 108 0 0 0 23
895 8420 1505 1417 197 0 0 217 20 0 129 0 108 0 0 0 23
896 8430 1499 1412 198 0 0 217 20 0 130 0 107 0 0 0 23
897 8427 1500 1411 197 0 0 219 20 0 130 0 109 0 0 0 23
898 8425 1502 1413 195 0 0 219 20 0 130 0 109 0 0 0 23
899 8430 1500 1411 190 0 0 220 21 0 131 0 110 0 0 0 23
900 8419 1504 1415 193 0 0 220 21 0 131 0 110 0 0 0 23
901 8415 1504 1415 197 0 0 220 21 0 131 0 110 0 0 0 23
902 8410 1505 1417 199 0 0 219 22 0 131 0 110 0 0 0 23
903 8409 1505 1417 198 0 0 219 23 0 131 0 111 0 0 0 23
904 8403 1507 1419 200 0 0 219 23 0 131 0 111 0 0 0 23
905 8399 1508 1420 200 0 0 220 23 0 132 0 111 0 0 0 23
906 8384 1513 1426 202 0 0 219 25 0 132 0 112 0 0 0 23
907 8377 1515 1429 204 0 0 219 25 0 133 0 111 0 0 0 23
908 8370 1520 1434 199 0 0 219 26 0 133 0 112 0 0 0 23
909 8373 1517 1431 202 0 0 219 26 0 133 0 112 0 0 0 23
910 8367 1518 1433 205 0 0 218 27 0 133 0 112 0 0 0 23
911 8368 1516 1432 207 0 0 217 28 0 133 0 112 0 0 0 23
912 8363 1518 1434 206 0 0 219 27 0 135 0 111 0 0 0 23
913 8368 1515 1433 203 0 0 220 27 0 138 0 109 0 0 0 23
914 8372 1512 1429 206 0 0 220 27 0 137 0 110 0 0 0 23
915 8363 1518 1433 203 0 0 221 27 0 136 0 112 0 0 0 23
916 8360 1519 1433 203 0 0 222 27 0 136 0 113 0 0 0 23
917 8370 1513 1427 205 0 0 222 27 0 136 0 113 0 0 0 23
918 8368 1512 1426 209 0 0 222 27 0 136 0 113 0 0 0 23
919 8374 1508 1422 208 0 0 222 28 0 136 0 114 0 0 0 24
920 8376 1508 1423 205 0 0 222 28 0 137 0 113 0 0 0 24
921 8378 1505 1422 207 0 0 221 29 0 138 0 112 0 0 0 24
922 8373 1507 1425 207 0 0 221 29 0 139 0 111 0 0 0 24
923 8362 1509 1426 213 0 0 222 29 0 139 0 112 0 0 0 24
924 8367 1507 1424 212 0 0 222 29 0 139 0 112 0 0 0 24
925 8365 1510 1426 205 0 0 224 29 0 140 0 113 0 0 0 24
926 8384 1501 1416 203 0 0 225 29 0 140 0 114 0 0 0 24
927 8374 1507 1422 201 0 0 225 29 0 140 0 114 0 0 0 24
928 8375 1508 1423 198 0 0 225 29 0 140 0 114 0 0 0 24
929 8381 1506 1421 196 0 0 225 29 0 140 0 114 0 0 0 24
930 8387 1505 1421 191 0 0 225 29 0 141 0 113 0 0 0 24
931 8398 1500 1414 190 0 0 227 28 0 141 0 114 0 0 0 24
932 8382 1508 1422 188 0 0 227 29 0 141 0 115 0 0 0 24
933 8386 1505 1422 187 0 0 226 30 0 143 0 113 0 0 0 24
934 8384 1505 1421 188 0 0 227 29 0 143 0 113 0 0 0 26
935 8383 1506 1422 187 0 0 227 29 0 143 0 113 0 0 0 26
936 8386 1505 1421 186 0 0 227 29 0 143 0 113 0 0 0 26
937 8383 1506 1423 186 0 0 227 29 0 144 0 112 0 0 0 26
938 8375 1511 1427 184 0 0 228 28 0 144 0 112 0 0 0 27
939 8373 1511 1427 186 0 0 228 28 0 144 0 112 0 0 0 27
940 8363 1516 1433 185 0 0 227 29 0 144 0 112 0 0 0 27
941 8352 1521 1438 184 0 0 227 30 0 144 0 113 0 0 0 27
942 8353 1520 1437 185 0 0 227 30 0 144 0 113 0 0 0 27
943 8358 1516 1433 188 0 0 227 30 0 144 0 113 0 0 0 27
944 8377 1506 1423 189 0 0 227 30 0 144 0 113 0 0 0 27
945 8386 1501 1418 190 0 0 227 30 0 144 0 113 0 0 0 27
946 8383 1503 1418 188 0 0 229 29 0 144 0 114 0 0 0 28
947 8388 1498 1414 192 0 0 229 29 0 145 0 113 0 0 0 28
948 8406 1490 1404 188 0 0 231 29 0 145 0 115 0 0 0 28
949 8410 1488 1402 188 0 0 231 29 0 145 0 115 0 0 0 28
950 8408 1487 1403 190 0 0 229 31 0 145 0 115 0 0 0 28
951 8414 1482 1400 192 0 0 227 33 0 145 0 115 0 0 0 28
952 8416 1481 1397 194 0 0 227 33 0 143 0 117 0 0 0 28
953 8426 1476 1393 193 0 0 227 33 0 144 0 116 0 0 0 28
954 8434 1470 1386 198 0 0 228 32 0 144 0 116 0 0 0 28
955 8444 1467 1381 195 0 0 230 30 0 144 0 116 0 0 0 29
956 8445 1465 1381 196 0 0 230 30 0 146 0 114 0 0 0 29
957 8458 1459 1376 192 0 0 229 32 0 146 0 115 0 0 0 29
958 8468 1453 1371 193 0 0 229 32 0 147 0 114 0 0 0 29
959 8472 1450 1370 193 0 0 228 33 0 148 0 113 0 0 0 29
960 8470 1449 1370 196 0 0 228 33 0 149 0 112 0 0 0 29
961 8476 1446 1368 195 0 0 228 33 0 150 0 111 0 0 0 29
962 8476 1446 1369 194 0 0 228 33 0 151 0 110 0 0 0 29
963 8482 1443 1366 194 0 0 229 32 0 152 0 109 0 0 0 29
964 8485 1441 1366 193 0 0 229 32 0 154 0 107 0 0 0 29
965 8494 1437 1363 191 0 0 229 32 0 155 0 106 0 0 0 29
966 8495 1435 1362 193 0 0 228 33 0 155 0 106 0 0 0 29
967 8499 1434 1361 191 0 0 228 33 0 155 0 106 0 0 0 29
968 8500 1434 1359 189 0 0 230 32 0 155 0 107 0 0 0 30
969 8499 1434 1359 190 0 0 230 32 0 155 0 107 0 0 0 30
970 8501 1432 1358 189 0 0 230 33 0 156 0 107 0 0 0 30
971 8489 1438 1362 189 0 0 230 34 0 154 0 110 0 0 0 30
972 8499 1431 1353 191 0 0 232 34 0 154 0 112 0 0 0 30
973 8503 1430 1353 188 0 0 232 34 0 155 0 111 0 0 0 30
974 8500 1432 1354 188 0 0 233 33 0 155 0 111 0 0 0 30
975 8503 1431 1353 187 0 0 233 33 0 155 0 111 0 0 0 30
976 8512 1426 1347 187 0 0 234 33 0 155 0 112 0 0 0 30
977 8514 1426 1347 185 0 0 234 33 0 155 0 112 0 0 0 30
978 8514 1427 1348 183 0 0 234 33 0 155 0 112 0 0 0 30
979 8514 1426 1349 183 0 0 234 33 0 157 0 110 0 0 0 30
980 8516 1423 1347 184 0 0 236 32 0 160 0 108 0 0 0 30
981 8509 1424 1350 187 0 0 235 33 0 161 0 107 0 0 0 30
982 8503 1427 1352 186 0 0 236 33 0 161 0 108 0 0 0 30
983 8516 1421 1347 184 0 0 235 34 0 161 0 108 0 0 0 30
984 8519 1421 1346 182 0 0 237 32 0 162 0 107 0 0 0 30
985 8531 1413 1342 182 0 0 236 33 0 165 0 104 0 0 0 30
986 8521 1417 1348 182 0 0 236 33 0 167 0 102 0 0 0 30
987 8526 1412 1343 187 0 0 236 33 0 167 0 102 0 0 0 30
988 8528 1412 1342 185 0 0 237 32 0 167 0 102 0 0 0 31
989 8550 1400 1332 185 0 0 238 31 0 170 0 99 0 0 0 31
990 8558 1393 1328 188 0 0 236 33 0 171 0 98 0 0 0 31
991 8551 1396 1331 189 0 0 236 33 0 171 0 98 0 0 0 31
992 8560 1390 1326 189 0 0 237 33 0 173 0 97 0 0 0 31
993 8572 1383 1321 189 0 0 237 33 0 175 0 95 0 0 0 31
994 8565 1386 1324 188 0 0 238 33 0 176 0 95 0 0 0 31
995 8555 1388 1329 191 0 0 236 35 0 177 0 94 0 0 0 31
996 8550 1390 1330 193 0 0 236 35 0 176 0 95 0 0 0 31
997 8548 1391 1332 192 0 0 236 35 0 177 0 94 0 0 0 31
998 8557 1387 1329 190 0 0 236 35 0 178 0 93 0 0 0 31
999 8563 1385 1329 186 0 0 236 35 0 180 0 91 0 0 0 31
1000 8562 1385 1330 186 0 0 236 35 0 181 0 90 0 0 0 31
1001 8569 1382 1327 185 0 0 236 35 0 181 0 90 0 0 0 31
1002 8562 1385 1331 184 0 0 235 36 0 181 0 90 0 0 0 32
1003 8544 1393 1340 183 0 0 235 37 0 182 0 90 0 0 0 32
1004 8539 1395 1341 185 0 0 236 36 0 182 0 90 0 0 0 32
1005 8534 1399 1344 182 0 0 237 35 0 182 0 90 0 0 0 33
1006 8541 1397 1340 179 0 0 239 34 0 182 0 91 0 0 0 33
1007 8539 1397 1340 181 0 0 239 34 0 182 0 91 0 0 0 33
1008 8529 1402 1345 181 0 0 239 34 0 182 0 91 0 0 0 33
1009 8528 1403 1345 181 0 0 239 34 0 181 0 92 0 0 0 33
1010 8538 1398 1340 181 0 0 240 33 0 182 0 91 0 0 0 33
1011 8541 1395 1338 181 0 0 240 34 0 183 0 91 0 0 0 33
1012 8548 1391 1335 181 0 0 239 35 0 183 0 91 0 0 0 33
1013 8549 1389 1334 183 0 0 239 35 0 184 0 90 0 0 0 33
1014 8559 1384 1329 181 0 0 240 35 0 185 0 90 0 0 0 33
1015 8571 1378 1324 180 0 0 240 35 0 186 0 89 0 0 0 33
1016 8591 1369 1315 178 0 0 240 35 0 186 0 89 0 0 0 33
1017 8609 1361 1309 174 0 0 239 36 0 187 0 88 0 0 0 33
1018 8614 1359 1306 174 0 0 240 35 0 187 0 88 0 0 0 33
1019 8614 1358 1304 175 0 0 240 36 0 186 0 90 0 0 0 33
1020 8619 1356 1302 174 0 0 240 36 0 186 0 90 0 0 0 33
1021 8620 1355 1301 175 0 0 240 36 0 186 0 90 0 0 0 33
1022 8620 1353 1300 178 0 0 240 36 0 187 0 89 0 0 0 33
1023 8613 1356 1301 179 0 0 242 35 0 187 0 90 0 0 0 33
1024 8619 1353 1299 178 0 0 242 35 0 188 0 89 0 0 0 33
1025 8632 1347 1292 178 0 0 242 35 0 187 0 90 0 0 0 33
1026 8636 1343 1289 181 0 0 241 36 0 187 0 90 0 0 0 33
1027 8629 1348 1294 178 0 0 241 36 0 187 0 90 0 0 0 33
1028 8639 1343 1290 177 0 0 241 36 0 188 0 89 0 0 0 33
1029 8644 1340 1289 174 0 0 241 37 0 190 0 88 0 0 0 33
1030 8652 1337 1285 171 0 0 242 37 0 190 0 89 0 0 0 33
1031 8657 1334 1283 171 0 0 242 37 0 191 0 88 0 0 0 33
1032 8658 1334 1283 170 0 0 243 36 0 192 0 87 0 0 0 33
1033 8668 1330 1278 169 0 0 245 34 0 193 0 86 0 0 0 33
1034 8681 1323 1272 169 0 0 245 34 0 194 0 85 0 0 0 33
1035 8690 1319 1267 169 0 0 246 33 0 194 0 85 0 0 0 33
1036 8691 1317 1265 172 0 0 246 33 0 194 0 85 0 0 0 33
1037 8685 1322 1270 170 0 0 245 33 0 193 0 85 0 0 0 33
1038 8696 1315 1264 172 0 0 245 33 0 194 0 84 0 0 0 33
1039 8697 1312 1262 176 0 0 245 33 0 195 0 83 0 0 0 33
1040 8712 1305 1255 177 0 0 244 33 0 194 0 83 0 0 0 33
1041 8708 1305 1256 180 0 0 244 33 0 195 0 82 0 0 0 33
1042 8705 1305 1255 182 0 0 245 33 0 195 0 83 0 0 0 33
1043 8716 1299 1249 181 0 0 246 33 0 196 0 83 0 0 0 33
1044 8712 1302 1250 179 0 0 247 33 0 195 0 85 0 0 0 33
1045 8721 1298 1246 178 0 0 247 33 0 195 0 85 0 0 0 33
1046 8728 1296 1244 173 0 0 247 34 0 195 0 86 0 0 0 33
1047 8726 1298 1247 170 0 0 247 34 0 196 0 85 0 0 0 33
1048 8726 1299 1248 168 0 0 247 34 0 196 0 85 0 0 0 33
1049 8727 1298 1246 170 0 0 248 33 0 196 0 85 0 0 0 33
1050 8724 1301 1250 166 0 0 248 33 0 197 0 84 0 0 0 33
1051 8729 1298 1246 168 0 0 249 32 0 197 0 84 0 0 0 33
1052 8736 1296 1244 165 0 0 249 32 0 197 0 84 0 0 0 33
1053 8745 1293 1242 161 0 0 249 32 0 198 0 83 0 0 0 33
1054 8743 1295 1244 157 0 0 250 32 0 199 0 83 0 0 0 33
1055 8748 1292 1241 158 0 1 250 31 1 198 0 83 0 0 0 33
1056 8749 1291 1240 159 0 1 250 31 1 198 0 83 0 0 0 33
1057 8744 1292 1241 162 0 1 250 31 1 198 0 83 0 0 0 33
1058 8757 1285 1235 162 0 1 249 32 1 198 0 83 0 0 0 33
1059 8756 1286 1236 161 0 1 249 32 1 198 0 83 0 0 0 33
1060 8768 1280 1230 161 0 1 249 32 1 198 0 83 0 0 0 33
1061 8777 1277 1226 159 0 1 250 31 1 198 0 83 0 0 0 33
1062 8769 1281 1230 157 0 1 250 32 1 198 0 84 0 0 0 33
1063 8765 1284 1233 155 0 1 250 32 1 198 0 84 0 0 0 33
1064 8767 1282 1232 156 0 1 249 33 1 198 0 84 0 0 0 33
1065 8786 1274 1225 151 0 1 249 33 1 199 0 83 0 0 0 34
1066 8802 1266 1217 151 0 1 249 33 1 199 0 83 0 0 0 34
1067 8825 1256 1208 147 0 1 249 33 1 200 0 82 0 0 0 34
1068 8831 1253 1205 147 0 1 249 33 1 200 0 82 0 0 0 34
1069 8837 1250 1202 147 0 1 249 33 1 200 0 82 0 0 0 34
1070 8831 1251 1203 151 0 1 249 33 1 200 0 82 0 0 0 34
1071 8829 1254 1205 148 0 1 250 32 1 200 0 82 0 0 0 34
1072 8829 1255 1206 146 0 1 250 32 1 200 0 82 0 0 0 34
1073 8827 1256 1207 146 0 1 250 32 1 200 0 82 0 0 0 34
1074 8832 1254 1207 143 0 1 249 33 1 201 0 81 0 0 0 34
1075 8831 1254 1206 144 0 1 250 32 1 201 0 81 0 0 0 35
1076 8840 1251 1204 140 0 1 250 32 1 202 0 80 0 0 0 35
1077 8837 1251 1206 140 0 1 250 32 1 204 0 78 0 0 0 36
1078 8839 1251 1204 140 0 1 252 30 1 204 0 78 0 0 0 36
1079 8848 1245 1200 141 0 1 251 31 1 205 0 77 0 0 0 36
1080 8855 1242 1196 137 0 1 252 32 1 205 0 79 0 0 0 36
1081 8852 1244 1198 136 0 1 253 31 1 206 0 78 0 0 0 36
1082 8856 1243 1197 134 0 1 253 31 1 206 0 78 0 0 0 36
1083 8845 1247 1203 135 0 1 253 31 1 208 0 76 0 0 0 36
1084 8858 1242 1198 132 0 1 253 31 1 208 0 76 0 0 0 36
1085 8861 1241 1197 131 0 1 253 31 1 208 0 76 0 0 0 36
1086 8863 1239 1197 131 0 1 252 32 1 209 0 75 0 0 0 36
1087 8874 1234 1192 130 0 1 252 32 1 209 0 75 0 0 0 36
1088 8880 1233 1189 127 0 1 254 30 1 209 0 75 0 0 0 37
1089 8878 1234 1189 128 0 1 255 29 1 209 0 75 0 0 0 37
1090 8879 1231 1188 131 0 1 254 30 1 210 0 74 0 0 0 37
1091 8875 1233 1190 131 0 1 254 30 1 210 0 74 0 0 0 37
1092 8873 1234 1192 130 0 1 254 30 1 211 0 73 0 0 0 37
1093 8898 1222 1179 130 0 1 255 29 1 211 0 73 0 0 0 37
1094 8896 1223 1180 130 0 1 255 29 1 211 0 73 0 0 0 37
1095 8901 1221 1178 127 0 1 256 29 1 212 0 73 0 0 0 37
1096 8898 1222 1180 125 0 1 256 30 1 213 0 73 0 0 0 37
1097 8891 1226 1183 124 0 1 257 29 1 213 0 73 0 0 0 38
1098 8886 1227 1185 126 0 1 256 30 1 213 0 73 0 0 0 38
1099 8901 1220 1179 124 0 1 256 30 1 214 0 72 0 0 0 38
1100 8906 1216 1178 124 0 1 256 30 1 217 0 69 0 0 0 38
1101 8905 1216 1178 125 0 1 256 30 1 217 0 69 0 0 0 38
1102 8912 1213 1176 123 0 1 256 30 1 218 0 68 0 0 0 38
1103 8917 1209 1173 125 0 1 255 31 1 218 0 68 0 0 0 38
1104 8919 1209 1172 122 0 1 256 31 1 218 0 69 0 0 0 38
1105 8931 1202 1167 122 0 1 256 31 1 220 0 67 0 0 0 38
1106 8943 1197 1161 121 0 1 257 30 1 220 0 67 0 0 0 38
1107 8948 1195 1159 120 0 1 257 30 1 220 0 67 0 0 0 38
1108 8941 1197 1162 122 0 1 257 30 1 221 0 66 0 0 0 38
1109 8941 1197 1162 122 0 1 257 30 1 221 0 66 0 0 0 38
1110 8944 1193 1158 127 0 1 257 30 1 221 0 66 0 0 0 38
1111 8953 1192 1155 122 0 1 257 30 1 219 0 68 0 0 0 38
1112 8958 1191 1155 118 0 1 257 30 1 220 0 67 0 0 0 38
1113 8954 1191 1158 119 0 1 255 32 1 221 0 66 0 0 0 38
1114 8969 1183 1152 118 0 1 254 33 1 222 0 65 0 0 0 38
1115 8978 1180 1146 116 0 1 257 31 1 222 0 66 0 0 0 38
1116 8994 1172 1138 116 0 1 257 31 1 222 0 66 0 0 0 38
1117 8988 1174 1141 117 0 1 257 31 1 223 0 65 0 0 0 38
1118 8991 1172 1140 116 0 1 256 32 1 223 0 65 0 0 0 39
1119 8996 1170 1138 113 0 1 257 32 1 224 0 65 0 0 0 39
1120 9003 1169 1138 107 0 1 257 32 1 225 0 64 0 0 0 39
1121 9008 1166 1134 109 0 1 257 32 1 224 0 65 0 0 0 39
1122 9013 1164 1132 108 0 1 257 32 1 224 0 65 0 0 0 39
1123 9019 1161 1128 109 0 1 258 31 1 224 0 65 0 0 0 39
1124 9001 1168 1137 111 0 1 257 32 1 225 0 64 0 0 0 39
1125 9003 1167 1136 111 0 1 257 32 1 225 0 64 0 0 0 39
1126 9005 1167 1137 108 0 1 257 32 1 226 0 63 0 0 0 39
1127 9000 1169 1140 108 0 1 256 33 1 226 0 63 0 0 0 39
1128 9005 1166 1137 109 0 1 256 33 1 226 0 63 0 0 0 39
1129 9010 1163 1135 109 0 1 256 33 1 227 0 62 0 0 0 39
1130 9012 1161 1134 110 0 1 256 33 1 228 0 61 0 0 0 39
1131 9012 1160 1134 111 0 1 256 33 1 229 0 60 0 0 0 39
1132 9013 1159 1135 110 0 1 255 34 1 230 0 59 0 0 0 39
1133 9019 1157 1132 107 0 1 256 34 1 230 0 60 0 0 0 39
1134 9026 1154 1129 106 0 1 257 33 1 231 0 59 0 0 0 39
1135 9023 1156 1131 105 0 1 258 32 1 232 0 58 0 0 0 39
1136 9030 1152 1126 107 0 1 259 31 1 232 0 58 0 0 0 39
1137 9024 1154 1128 109 0 1 259 31 1 232 0 58 0 0 0 39
1138 9021 1156 1131 107 0 1 259 31 1 233 0 57 0 0 0 39
1139 9046 1144 1117 107 0 1 261 29 1 233 0 57 0 0 0 40
1140 9047 1143 1117 107 0 1 260 30 1 233 0 57 0 0 0 40
1141 9065 1134 1108 107 0 1 260 30 1 233 0 57 0 0 0 40
1142 9068 1132 1106 108 0 1 260 30 1 233 0 57 0 0 0 40
1143 9066 1132 1106 110 0 1 260 30 1 233 0 57 0 0 0 40
1144 9078 1126 1099 109 0 1 261 30 1 233 0 58 0 0 0 40
1145 9082 1125 1098 107 0 1 261 30 1 233 0 58 0 0 0 40
1146 9096 1117 1090 107 0 1 261 31 1 233 0 59 0 0 0 40
1147 9097 1116 1090 107 0 1 261 31 1 234 0 58 0 0 0 40
1148 9108 1109 1083 110 0 1 261 31 1 234 0 58 0 0 0 40
1149 9115 1106 1080 109 0 1 261 31 1 234 0 58 0 0 0 40
1150 9121 1104 1078 107 0 1 261 31 1 234 0 58 0 0 0 40
1151 9123 1102 1077 108 0 1 260 32 1 234 0 58 0 0 0 40
1152 9128 1099 1075 108 0 1 260 32 1 235 0 57 0 0 0 40
1153 9135 1095 1072 108 0 1 260 32 1 236 0 56 0 0 0 40
1154 9140 1094 1070 106 0 1 260 32 1 235 0 57 0 0 0 40
1155 9142 1092 1068 108 0 1 260 32 1 235 0 57 0 0 0 40
1156 9152 1088 1063 107 0 1 261 31 1 235 0 57 0 0 0 40
1157 9152 1088 1063 107 0 1 261 31 1 235 0 57 0 0 0 40
1158 9152 1087 1064 107 0 1 261 31 1 237 0 55 0 0 0 40
1159 9155 1086 1062 107 1 0 262 30 1 238 0 54 0 0 0 40
1160 9153 1086 1061 110 1 0 262 30 1 237 0 55 0 0 0 40
1161 9160 1082 1058 110 1 0 262 30 1 238 0 54 0 0 0 40
1162 9159 1083 1059 109 1 0 262 30 1 238 0 54 0 0 0 40
1163 9159 1083 1060 108 1 0 262 30 1 239 0 53 0 0 0 40
1164 9160 1083 1060 107 1 0 262 30 1 239 0 53 0 0 0 40
1165 9173 1078 1055 104 1 1 263 28 2 239 0 52 0 0 0 40
1166 9178 1076 1052 102 1 1 264 28 2 239 0 53 0 0 0 40
1167 9182 1075 1052 99 1 1 263 29 2 239 0 53 0 0 0 40
1168 9186 1074 1052 96 1 1 263 29 2 240 0 52 0 0 0 40
1169 9190 1072 1050 96 1 1 263 29 2 240 0 52 0 0 0 40
1170 9196 1069 1047 96 1 1 263 29 2 240 0 52 0 0 0 40
1171 9202 1066 1044 96 1 1 263 29 2 240 0 52 0 0 0 40
1172 9189 1073 1051 95 1 1 263 29 2 240 0 52 0 0 0 40
1173 9197 1069 1047 95 1 1 263 29 2 240 0 52 0 0 0 40
1174 9204 1065 1043 96 1 1 263 29 2 240 0 52 0 0 0 40
1175 9210 1062 1041 95 1 1 262 30 2 240 0 52 0 0 0 40
1176 9228 1053 1033 94 1 1 261 31 2 240 0 52 0 0 0 40
1177 9237 1048 1029 94 1 1 261 31 2 241 0 51 0 0 0 40
1178 9245 1044 1025 94 1 1 261 31 2 241 0 51 0 0 0 40
1179 9248 1042 1023 94 1 1 262 30 2 242 0 50 0 0 0 41
1180 9246 1043 1024 94 1 1 262 30 2 242 0 50 0 0 0 41
1181 9254 1040 1021 92 1 1 262 30 2 242 0 50 0 0 0 41
1182 9255 1040 1019 93 1 1 262 30 2 240 0 52 0 0 0 41
1183 9251 1042 1021 93 1 1 262 30 2 240 0 52 0 0 0 41
1184 9253 1040 1019 95 1 1 263 29 2 241 0 51 0 0 0 41
1185 9247 1045 1024 91 1 1 263 29 2 241 0 51 0 0 0 41
1186 9253 1041 1020 91 1 1 263 30 2 241 0 52 0 0 0 41
1187 9254 1041 1020 90 1 1 263 30 2 241 0 52 0 0 0 41
1188 9261 1036 1017 91 1 1 262 31 2 242 0 51 0 0 0 41
1189 9256 1039 1019 89 1 1 263 31 2 242 0 52 0 0 0 41
1190 9250 1040 1020 93 1 1 263 31 2 242 0 52 0 0 0 41
1191 9243 1043 1022 95 1 1 263 31 2 241 0 53 0 0 0 41
1192 9258 1035 1014 96 1 1 263 31 2 241 0 53 0 0 0 41
1193 9257 1035 1014 97 1 1 263 31 2 241 0 53 0 0 0 41
1194 9264 1032 1011 96 1 1 263 31 2 241 0 53 0 0 0 41
1195 9282 1022 1001 98 1 1 263 31 2 241 0 53 0 0 0 41
1196 9287 1020 999 97 1 1 263 31 2 241 0 53 0 0 0 41
1197 9291 1018 996 96 1 1 264 31 2 241 0 54 0 0 0 41
1198 9292 1019 996 94 1 1 264 31 2 240 0 55 0 0 0 41
1199 9305 1013 990 93 1 1 264 31 2 240 0 55 0 0 0 41
1200 9313 1008 986 94 1 1 264 31 2 241 0 54 0 0 0 41
1201 9322 1004 981 94 1 1 265 30 2 241 0 54 0 0 0 41
1202 9326 1002 979 94 1 1 265 30 2 241 0 54 0 0 0 41
1203 9329 1001 978 93 1 1 265 30 2 241 0 54 0 0 0 41
1204 9327 1002 979 93 1 1 266 29 2 242 0 53 0 0 0 41
1205 9332 999 976 94 1 1 266 29 2 242 0 53 0 0 0 41
1206 9342 994 971 94 1 1 266 29 2 242 0 53 0 0 0 41
1207 9351 989 967 94 1 1 266 29 2 243 0 52 0 0 0 41
1208 9355 988 965 93 1 1 267 28 2 243 0 52 0 0 0 41
1209 9360 985 962 94 1 1 267 28 2 243 0 52 0 0 0 41
1210 9360 983 962 96 1 1 267 28 2 245 0 50 0 0 0 41
1211 9359 985 964 93 1 1 267 28 2 245 0 50 0 0 0 41
1212 9371 980 958 90 1 1 268 28 2 245 0 51 0 0 0 41
1213 9360 986 964 89 1 1 268 28 2 245 0 51 0 0 0 41
1214 9374 979 957 89 1 1 268 28 2 245 0 51 0 0 0 41
1215 9383 975 953 88 1 1 268 28 2 245 0 51 0 0 0 41
1216 9382 974 953 90 1 1 267 29 2 245 0 51 0 0 0 41
1217 9382 974 953 90 1 1 267 29 2 245 0 51 0 0 0 41
1218 9377 977 956 89 1 1 267 29 2 245 0 51 0 0 0 41
1219 9387 971 953 88 1 1 267 29 2 248 0 48 0 0 0 41
1220 9408 960 942 89 1 1 267 29 2 248 0 48 0 0 0 41
1221 9416 954 938 91 1 1 267 29 2 250 0 46 0 0 0 41
1222 9423 951 935 90 1 1 267 29 2 250 0 46 0 0 0 41
1223 9427 950 933 89 1 1 267 29 2 249 0 47 0 0 0 41
1224 9434 946 930 89 1 1 266 30 2 249 0 47 0 0 0 41
1225 9428 949 932 88 1 1 267 30 2 249 0 48 0 0 0 41
1226 9431 948 931 87 1 1 267 30 2 249 0 48 0 0 0 41
1227 9441 942 926 88 1 1 267 30 2 250 0 47 0 0 0 41
1228 9437 943 927 90 2 1 266 30 3 249 0 47 0 0 0 41
1229 9439 942 926 90 2 1 266 30 3 249 0 47 0 0 0 41
1230 9441 941 925 90 2 1 267 29 3 250 0 46 0 0 0 41
1231 9438 942 927 90 2 1 266 30 3 250 0 46 0 0 0 41
1232 9437 943 927 90 2 1 266 30 3 249 0 47 0 0 0 41
1233 9441 941 925 90 2 1 266 30 3 249 0 47 0 0 0 41
1234 9447 938 922 90 2 1 266 30 3 249 0 47 0 0 0 41
1235 9448 937 921 91 2 1 266 30 3 249 0 47 0 0 0 41
1236 9451 936 920 90 2 1 266 30 3 249 0 47 0 0 0 41
1237 9453 934 917 93 2 1 267 29 3 249 0 47 0 0 0 41
1238 9454 933 916 94 2 1 267 29 3 249 0 47 0 0 0 41
1239 9460 932 915 90 2 1 267 29 3 249 0 47 0 0 0 41
1240 9459 932 915 91 2 1 267 29 3 249 0 47 0 0 0 41
1241 9467 929 912 89 2 1 267 29 3 249 0 47 0 0 0 41
1242 9471 926 910 90 2 1 267 29 3 250 0 46 0 0 0 41
1243 9475 924 908 90 2 1 267 29 3 250 0 46 0 0 0 41
1244 9465 929 914 89 2 1 267 29 3 251 0 45 0 0 0 41
1245 9466 927 913 91 2 1 267 29 3 252 0 44 0 0 0 41
1246 9470 925 911 91 2 1 267 29 3 252 0 44 0 0 0 41
1247 9487 919 905 86 2 1 267 29 3 252 0 44 0 0 0 41
1248 9484 920 906 87 2 1 267 29 3 252 0 44 0 0 0 41
1249 9487 919 906 85 2 1 267 29 3 253 0 43 0 0 0 41
1250 9499 914 901 83 2 1 267 29 3 253 0 43 0 0 0 41
1251 9508 909 897 83 2 1 267 29 3 254 0 42 0 0 0 41
1252 9514 907 896 80 2 1 267 29 3 255 0 41 0 0 0 41
1253 9517 907 895 78 2 1 268 28 3 255 0 41 0 0 0 41
1254 9521 901 891 84 2 1 267 29 3 256 0 40 0 0 0 41
1255 9520 903 893 81 2 1 267 29 3 256 0 40 0 0 0 41
1256 9523 902 890 80 2 1 269 28 3 256 0 41 0 0 0 41
1257 9530 899 886 80 2 1 270 27 3 256 0 41 0 0 0 41
1258 9536 897 883 78 2 1 271 26 3 256 0 41 0 0 0 42
1259 9544 892 878 80 2 1 271 26 3 256 0 41 0 0 0 42
1260 9547 891 877 79 2 1 271 26 3 256 0 41 0 0 0 42
1261 9553 888 874 79 2 1 271 26 3 256 0 41 0 0 0 42
1262 9558 886 872 78 2 1 271 26 3 256 0 41 0 0 0 42
1263 9558 886 871 77 2 1 272 26 3 256 0 42 0 0 0 42
1264 9561 885 870 76 2 1 272 26 3 256 0 42 0 0 0 42
1265 9571 879 864 78 2 1 272 26 3 256 0 42 0 0 0 42
1266 9576 876 863 77 2 1 271 27 3 257 0 41 0 0 0 42
1267 9586 872 858 76 2 1 271 27 3 256 0 42 0 0 0 42
1268 9592 869 855 76 2 1 271 27 3 256 0 42 0 0 0 42
1269 9592 869 855 76 2 1 271 27 3 256 0 42 0 0 0 42
1270 9586 871 857 78 2 1 271 27 3 256 0 42 0 0 0 42
1271 9592 870 854 76 2 1 273 25 3 256 0 42 0 0 0 42
1272 9602 865 848 75 2 1 274 25 3 256 0 43 0 0 0 42
1273 9610 862 843 75 2 1 276 23 3 256 0 43 0 0 0 42
1274 9612 861 842 75 2 1 276 23 3 256 0 43 0 0 0 42
1275 9620 857 838 75 2 1 276 23 3 256 0 43 0 0 0 42
1276 9620 858 838 72 2 1 277 23 3 256 0 44 0 0 0 42
1277 9630 855 835 68 2 1 277 23 3 256 0 44 0 0 0 42
1278 9641 849 830 68 2 1 277 23 3 257 0 43 0 0 0 42
1279 9649 846 827 66 2 1 277 23 3 257 0 43 0 0 0 42
1280 9657 842 824 65 2 1 277 23 3 258 0 42 0 0 0 42
1281 9661 840 822 65 2 1 277 23 3 258 0 42 0 0 0 42
1282 9666 837 820 65 2 1 277 23 3 259 0 41 0 0 0 42
1283 9664 837 821 66 2 1 277 23 3 260 0 40 0 0 0 42
1284 9657 841 824 66 2 1 278 22 3 260 0 40 0 0 0 42
1285 9654 842 826 66 2 1 277 23 3 260 0 40 0 0 0 42
1286 9656 842 825 65 3 0 277 23 3 260 0 40 0 0 0 42
1287 9654 844 827 63 3 0 278 22 3 261 0 39 0 0 0 42
1288 9655 845 828 60 3 0 278 22 3 261 0 39 0 0 0 42
1289 9661 842 825 60 3 0 278 22 3 261 0 39 0 0 0 42
1290 9672 837 820 59 3 0 278 22 3 261 0 39 0 0 0 42
1291 9685 831 814 58 3 0 278 22 3 261 0 39 0 0 0 42
1292 9692 827 810 59 3 0 278 22 3 261 0 39 0 0 0 42
1293 9699 824 807 58 2 0 279 22 2 262 0 39 0 0 0 42
1294 9700 823 806 59 2 0 279 22 2 262 0 39 0 0 0 42
1295 9705 820 803 60 2 0 279 22 2 262 0 39 0 0 0 42
1296 9696 825 808 59 2 0 279 22 2 262 0 39 0 0 0 42
1297 9700 825 806 57 2 0 279 22 2 260 0 41 0 0 0 42
1298 9709 821 803 55 2 0 278 23 2 260 0 41 0 0 0 42
1299 9716 818 800 54 2 0 278 23 2 260 0 41 0 0 0 42
1300 9726 814 795 53 2 0 279 22 2 260 0 41 0 0 0 42
1301 9729 813 794 52 2 0 279 22 2 260 0 41 0 0 0 42
1302 9727 814 795 52 2 0 279 22 2 260 0 41 0 0 0 42
1303 9736 809 791 52 2 0 279 22 2 261 0 40 0 0 0 42
1304 9741 806 789 52 2 0 279 22 2 262 0 39 0 0 0 42
1305 9740 807 790 51 2 0 279 22 2 262 0 39 0 0 0 42
1306 9749 802 785 52 2 0 279 22 2 262 1 38 0 1 0 41
1307 9745 804 787 52 2 0 279 22 2 262 1 38 0 1 0 41
1308 9748 802 785 53 2 0 279 22 2 262 1 38 0 1 0 41
1309 9757 797 781 53 2 0 279 22 2 263 1 37 0 1 0 41
1310 9763 794 778 53 2 0 279 22 2 263 1 37 0 1 0 41
1311 9759 796 780 53 2 0 279 22 2 263 1 37 0 1 0 41
1312 9760 795 780 53 2 0 279 22 2 264 1 36 0 1 0 41
1313 9751 799 784 54 2 0 279 22 2 264 1 36 0 1 0 41
1314 9756 796 781 55 2 0 279 22 2 264 1 36 0 1 0 41
1315 9760 794 780 54 2 0 279 22 2 265 1 35 0 1 0 41
1316 9763 792 779 54 2 0 279 22 2 266 1 34 0 1 0 41
1317 9772 787 775 54 2 0 278 23 2 266 1 34 0 1 0 41
1318 9768 789 777 54 2 0 278 23 2 266 1 34 0 1 0 41
1319 9777 784 772 55 2 0 278 23 2 266 1 34 0 1 0 41
1320 9775 786 773 54 2 0 279 22 2 266 1 34 0 1 0 41
1321 9778 784 771 55 2 0 279 22 2 266 1 34 0 1 0 41
1322 9782 782 768 56 2 0 280 21 2 266 1 34 0 1 0 41
1323 9786 780 766 56 2 0 280 21 2 266 1 34 0 1 0 41
1324 9794 776 762 56 2 0 280 21 2 266 1 34 0 1 0 41
1325 9798 773 759 58 2 0 280 21 2 266 1 34 0 1 0 41
1326 9804 771 757 56 2 0 280 21 2 266 1 34 0 1 0 41
1327 9796 775 760 55 2 0 281 21 2 266 1 35 0 1 0 41
1328 9789 778 763 56 2 0 281 21 2 266 1 35 0 1 0 41
1329 9789 778 764 55 2 0 280 22 2 266 1 35 0 1 0 41
1330 9784 781 765 56 2 0 281 21 2 265 1 36 0 1 0 41
1331 9789 779 764 54 2 0 280 22 2 265 1 36 0 1 0 41
1332 9792 778 763 53 2 0 280 22 2 265 1 36 0 1 0 41
1333 9790 779 764 53 2 0 280 22 2 265 1 36 0 1 0 41
1334 9788 780 764 54 2 0 280 22 2 264 1 37 0 1 0 41
1335 9785 782 766 53 2 0 280 22 2 264 1 37 0 1 0 41
1336 9799 776 760 51 2 0 280 22 2 264 1 37 0 1 0 41
1337 9799 775 759 53 2 0 280 22 2 264 1 37 0 1 0 41
1338 9801 773 757 55 2 0 280 22 2 264 1 37 0 1 0 41
1339 9803 772 757 54 2 0 279 23 2 264 1 37 0 1 0 41
1340 9805 771 756 54 2 0 279 23 2 264 1 37 0 1 0 41
1341 9815 766 752 53 2 0 279 23 2 265 1 36 0 1 0 41
1342 9825 761 746 54 2 0 280 22 2 265 1 36 0 1 0 41
1343 9840 753 740 53 1 1 280 22 2 266 1 35 0 1 0 41
1344 9842 752 739 53 1 1 281 21 2 267 1 34 0 1 0 41
1345 9842 752 739 53 1 1 281 21 2 267 1 34 0 1 0 41
1346 9850 749 736 51 1 1 281 21 2 267 1 34 0 1 0 41
1347 9851 749 736 50 1 1 281 21 2 267 1 34 0 1 0 41
1348 9865 743 730 48 1 1 281 21 2 267 1 34 0 1 0 41
1349 9868 743 727 48 1 1 283 19 2 266 1 35 0 1 0 41
1350 9872 741 725 48 1 1 283 19 2 266 1 35 0 1 0 41
1351 9873 741 725 47 1 1 283 19 2 266 1 35 0 1 0 41
1352 9876 739 723 48 1 1 283 19 2 266 1 35 0 1 0 41
1353 9884 734 718 50 1 1 283 19 2 266 1 35 0 1 0 41
1354 9884 734 718 48 1 1 284 19 2 267 1 35 0 1 0 41
1355 9881 735 720 48 1 1 284 19 2 268 1 34 0 1 0 41
1356 9881 734 719 50 1 1 284 19 2 268 1 34 0 1 0 41
1357 9886 731 716 51 1 1 284 19 2 268 1 34 0 1 0 41
1358 9895 728 712 49 1 1 285 18 2 268 1 34 0 1 0 41
1359 9897 727 711 49 1 1 285 18 2 268 1 34 0 1 0 41
1360 9900 725 711 48 1 1 284 19 2 269 1 33 0 1 0 41
1361 9897 726 713 48 1 1 284 19 2 270 1 32 0 1 0 41
1362 9900 725 712 47 1 1 284 19 2 270 1 32 0 1 0 41
1363 9913 719 706 46 1 1 284 19 2 270 1 32 0 1 0 41
1364 9922 715 703 44 1 1 284 19 2 271 1 31 0 1 0 41
1365 9927 713 701 43 1 1 284 19 2 271 1 31 0 1 0 41
1366 9921 718 706 39 1 1 284 19 2 271 1 31 0 1 0 41
1367 9919 719 707 39 1 1 284 19 2 271 1 31 0 1 0 41
1368 9925 715 705 39 1 1 283 20 2 272 1 30 0 1 0 41
1369 9931 712 702 39 1 1 283 20 2 272 1 30 0 1 0 41
1370 9932 711 701 40 1 1 283 20 2 272 1 30 0 1 0 41
1371 9945 706 696 37 1 1 283 20 2 272 1 30 0 1 0 41
1372 9945 706 696 37 1 1 283 20 2 272 1 30 0 1 0 41
1373 9947 705 695 37 1 1 283 20 2 272 1 30 0 1 0 41
1374 9949 704 693 38 1 1 284 19 2 272 1 30 0 1 0 41
1375 9947 706 694 37 1 1 284 19 2 271 1 31 0 1 0 41
1376 9951 704 692 37 1 1 284 19 2 271 1 31 0 1 0 41
1377 9953 703 690 38 1 1 285 18 2 271 1 31 0 1 0 41
1378 9958 700 688 38 1 1 285 18 2 272 1 30 0 1 0 41
1379 9955 701 690 38 1 1 284 19 2 272 1 30 0 1 0 41
1380 9973 693 681 37 2 0 284 19 2 272 1 30 0 1 0 41
1381 9977 691 679 37 2 0 284 19 2 272 1 30 0 1 0 41
1382 9974 691 680 39 2 0 283 20 2 272 1 30 0 1 0 41
1383 9975 691 680 38 2 0 283 20 2 272 1 30 0 1 0 41
1384 9974 692 681 37 2 0 283 20 2 272 1 30 0 1 0 41
1385 9975 692 680 37 2 0 283 20 2 271 1 31 0 1 0 41
1386 9974 692 681 37 2 0 282 21 2 271 1 31 0 1 0 41
1387 9972 693 682 37 2 0 282 21 2 271 1 31 0 1 0 41
1388 9969 695 684 36 2 0 282 21 2 271 1 31 0 1 0 41
1389 9976 690 680 38 2 0 281 22 2 271 1 31 0 1 0 41
1390 9977 690 679 38 2 0 281 22 2 270 1 32 0 1 0 41
1391 9975 691 681 37 2 0 281 22 2 271 1 31 0 1 0 41
1392 9985 686 676 37 2 0 281 22 2 271 1 31 0 1 0 41
1393 10003 678 667 36 2 0 281 22 2 270 1 32 0 1 0 41
1394 10007 676 665 36 2 0 281 22 2 270 1 32 0 1 0 41
1395 10014 673 662 35 2 0 281 22 2 270 1 32 0 1 0 41
1396 10018 670 661 35 2 0 280 23 2 271 1 31 0 1 0 41
1397 10020 669 660 35 2 0 280 23 2 271 1 31 0 1 0 41
1398 10027 665 656 36 2 0 280 23 2 271 1 31 0 1 0 41
1399 10033 661 653 37 2 0 280 23 2 272 1 30 0 1 0 41
1400 10042 657 649 36 2 0 280 23 2 272 1 30 0 1 0 41
1401 10045 655 647 37 2 0 280 23 2 272 1 30 0 1 0 41
1402 10046 655 647 36 2 0 280 23 2 272 1 30 0 1 0 41
1403 10050 653 646 35 2 0 280 23 2 273 1 29 0 1 0 41
1404 10051 652 645 36 2 0 280 23 2 273 1 29 0 1 0 41
1405 10057 649 642 36 2 0 280 23 2 273 1 29 0 1 0 41
1406 10059 648 639 37 2 0 282 21 2 273 1 29 0 1 0 42
1407 10058 649 639 37 2 0 282 21 2 272 1 30 0 1 0 42
1408 10064 647 637 35 2 0 282 21 2 272 1 30 0 1 0 42
1409 10068 645 635 35 2 0 282 21 2 272 1 30 0 1 0 42
1410 10068 646 635 34 2 0 283 20 2 272 1 30 0 1 0 42
1411 10071 644 632 36 2 0 283 20 2 271 1 31 0 1 0 42
1412 10064 647 635 37 2 0 283 20 2 271 1 31 0 1 0 42
1413 10070 644 632 37 2 0 283 20 2 271 1 31 0 1 0 42
1414 10070 644 632 37 2 0 283 20 2 271 1 31 0 1 0 42
1415 10070 644 632 37 2 0 283 20 2 271 1 31 0 1 0 42
1416 10076 641 629 37 2 0 283 20 2 271 1 31 0 1 0 42
1417 10070 644 632 37 2 0 283 20 2 271 1 31 0 1 0 42
1418 10074 642 630 37 2 0 283 20 2 271 1 31 0 1 0 42
1419 10083 637 625 38 2 0 283 20 2 271 1 31 0 1 0 42
1420 10078 639 627 39 2 0 283 20 2 271 1 31 0 1 0 42
1421 10079 639 627 38 2 0 283 20 2 271 1 31 0 1 0 42
1422 10081 638 626 38 2 0 283 20 2 271 1 31 0 1 0 42
1423 10092 632 621 38 2 0 283 20 2 272 1 30 0 1 0 42
1424 10098 628 617 40 2 0 283 20 2 272 1 30 0 1 0 42
1425 10094 630 618 41 2 0 283 20 2 271 1 31 0 1 0 42
1426 10096 629 617 41 2 0 283 20 2 271 1 31 0 1 0 42
1427 10094 630 618 41 2 0 283 20 2 271 1 31 0 1 0 42
1428 10093 630 619 41 2 0 283 20 3 271 0 31 0 1 0 42
1429 10100 626 617 40 2 0 282 21 3 272 0 30 0 1 0 42
1430 10104 624 616 39 2 0 282 21 3 273 0 29 0 1 0 42
1431 10098 627 619 39 2 0 282 21 3 273 0 29 0 1 0 42
1432 10103 624 617 39 2 0 282 21 3 274 0 28 0 1 0 42
1433 10105 623 616 39 2 0 282 21 3 274 0 28 0 1 0 42
1434 10109 621 614 39 2 0 282 21 3 274 0 28 0 1 0 42
1435 10111 620 613 39 2 0 282 21 3 274 0 28 0 1 0 42
1436 10113 618 612 40 2 0 281 22 3 274 0 28 0 1 0 42
1437 10113 618 613 39 2 0 280 23 3 274 0 28 0 1 0 42
1438 10117 617 612 37 2 0 280 23 3 274 0 28 0 1 0 42
1439 10120 615 611 37 2 0 280 23 3 275 0 27 0 1 0 42
1440 10115 618 614 36 2 0 280 23 3 275 0 27 0 1 0 42
1441 10112 619 616 36 2 0 279 24 3 275 0 27 0 1 0 42
1442 10109 620 617 37 2 0 279 24 3 275 0 27 0 1 0 42
1443 10117 616 613 37 2 0 279 24 3 275 0 27 0 1 0 42
1444 10121 613 611 38 2 0 279 24 3 276 0 26 0 1 0 42
1445 10119 614 612 38 2 0 279 24 3 276 0 26 0 1 0 42
1446 10128 609 608 38 2 0 279 24 3 277 0 25 0 1 0 42
1447 10129 608 607 39 2 0 279 24 3 277 0 25 0 1 0 42
1448 10133 606 605 39 2 0 279 24 3 277 0 25 0 1 0 42
1449 10123 611 610 39 2 0 279 24 3 277 0 25 0 1 0 42
1450 10126 609 610 38 2 0 279 24 3 279 0 23 0 1 0 42
1451 10121 612 613 37 2 0 279 24 3 279 0 23 0 1 0 42
1452 10124 611 612 36 2 0 279 24 3 279 0 23 0 1 0 42
1453 10130 607 609 37 2 0 279 24 3 280 0 22 0 1 0 42
1454 10131 607 608 35 2 0 280 24 3 280 0 23 0 1 0 42
1455 10139 603 604 35 2 0 280 24 3 280 0 23 0 1 0 42
1456 10135 605 606 35 2 0 281 23 3 281 0 22 0 1 0 42
1457 10135 604 606 36 2 0 281 23 3 282 0 21 0 1 0 42
1458 10136 604 606 35 2 0 281 23 3 282 0 21 0 1 0 42
1459 10139 602 605 35 2 0 281 23 3 283 0 20 0 1 0 42
1460 10144 600 603 34 2 0 281 23 3 283 0 20 0 1 0 42
1461 10153 596 598 34 2 0 282 22 3 283 0 20 0 1 0 42
1462 10164 592 591 34 2 0 285 19 3 283 0 20 0 1 0 42
1463 10165 592 590 34 2 0 286 18 3 283 0 20 0 1 0 42
1464 10170 590 588 33 2 0 286 18 3 283 0 20 0 1 0 42
1465 10174 587 586 34 2 0 286 18 3 284 0 19 0 1 0 42
1466 10176 586 585 34 2 0 285 19 3 283 0 20 0 1 0 42
1467 10186 582 580 33 2 0 286 18 3 283 0 20 0 1 0 42
1468 10182 584 582 33 2 0 286 18 3 283 0 20 0 1 0 42
1469 10186 582 580 33 2 0 286 18 3 283 0 20 0 1 0 42
1470 10186 582 580 33 2 0 286 18 3 283 0 20 0 1 0 42
1471 10193 579 577 32 2 0 286 18 3 283 0 20 0 1 0 42
1472 10192 580 578 31 2 0 286 18 3 283 0 20 0 1 0 42
1473 10195 579 577 30 2 0 286 18 3 283 0 20 0 1 0 42
1474 10196 578 577 30 2 0 286 18 3 284 0 19 0 1 0 42
1475 10196 578 577 30 2 0 286 18 3 284 0 19 0 1 0 42
1476 10198 576 576 31 2 0 286 18 3 285 0 18 0 1 0 42
1477 10205 572 573 31 2 0 286 18 3 286 0 17 0 1 0 42
1478 10208 571 571 31 2 0 287 17 3 286 0 17 0 1 0 42
1479 10203 574 574 30 2 0 287 17 3 286 0 17 0 1 0 42
1480 10208 571 571 31 2 0 287 17 3 286 0 17 0 1 0 42
1481 10210 569 569 33 2 0 287 17 3 286 0 17 0 1 0 42
1482 10210 569 568 33 2 0 288 16 3 286 0 17 0 1 0 43
1483 10213 567 566 34 2 0 288 16 3 286 0 17 0 1 0 43
1484 10224 561 561 34 2 0 288 16 3 287 0 16 0 1 0 43
1485 10221 563 563 33 2 0 288 16 3 287 0 16 0 1 0 43
1486 10228 559 559 34 2 0 288 16 3 287 0 16 0 1 0 43
1487 10231 557 557 35 2 0 288 16 3 287 0 16 0 1 0 43
1488 10229 558 558 35 2 0 288 16 3 287 0 16 0 1 0 43
1489 10231 557 557 35 2 0 288 16 3 287 0 16 0 1 0 43
1490 10224 561 560 35 2 0 289 15 3 287 0 16 0 1 0 43
1491 10231 559 555 35 2 0 292 12 3 287 0 16 0 1 0 43
1492 10243 553 550 34 2 0 292 12 3 288 0 15 0 1 0 43
1493 10246 552 549 33 2 0 292 12 3 288 0 15 0 1 0 43
1494 10246 552 549 33 2 0 292 12 3 288 0 15 0 1 0 43
1495 10246 552 549 33 2 0 292 12 3 288 0 15 0 1 0 43
1496 10252 549 546 33 2 0 292 12 3 288 0 15 0 1 0 43
1497 10246 552 549 33 2 0 292 12 3 288 0 15 0 1 0 43
1498 10243 553 550 34 2 0 292 12 3 288 0 15 0 1 0 43
1499 10251 549 546 34 2 0 292 12 3 288 0 15 0 1 0 43
1500 10257 546 544 33 2 0 292 12 3 289 0 14 0 1 0 43
