0 4425 6150
1 4345 6230
2 4321 6254
3 4306 6269
4 4289 6286
5 4284 6291
6 4241 6334
7 4242 6333
8 4203 6372
9 4215 6360
10 4213 6362
11 4213 6362
12 4216 6359
13 4231 6344
14 4207 6368
15 4208 6367
16 4194 6381
17 4215 6360
18 4202 6373
19 4190 6385
20 4189 6386
21 4172 6403
22 4190 6385
23 4174 6401
24 4177 6398
25 4185 6390
26 4219 6356
27 4200 6375
28 4182 6393
29 4187 6388
30 4189 6386
31 4202 6373
32 4190 6385
33 4212 6363
34 4210 6365
35 4195 6380
36 4174 6401
37 4165 6410
38 4205 6370
39 4186 6389
40 4208 6367
41 4199 6376
42 4209 6366
43 4201 6374
44 4180 6395
45 4213 6362
46 4211 6364
47 4208 6367
48 4218 6357
49 4202 6373
50 4228 6347
51 4235 6340
52 4236 6339
53 4218 6357
54 4243 6332
55 4257 6318
56 4264 6311
57 4268 6307
58 4276 6299
59 4264 6311
60 4273 6302
61 4288 6287
62 4273 6302
63 4270 6305
64 4284 6291
65 4270 6305
66 4267 6308
67 4292 6283
68 4292 6283
69 4298 6277
70 4271 6304
71 4247 6328
72 4240 6335
73 4234 6341
74 4236 6339
75 4249 6326
76 4248 6327
77 4245 6330
78 4240 6335
79 4243 6332
80 4219 6356
81 4237 6338
82 4226 6349
83 4217 6358
84 4214 6361
85 4212 6363
86 4191 6384
87 4189 6386
88 4182 6393
89 4180 6395
90 4206 6369
91 4202 6373
92 4240 6335
93 4244 6331
94 4245 6330
95 4205 6370
96 4226 6349
97 4237 6338
98 4270 6305
99 4243 6332
100 4247 6328
101 4240 6335
102 4244 6331
103 4212 6363
104 4211 6364
105 4202 6373
106 4235 6340
107 4226 6349
108 4218 6357
109 4208 6367
110 4183 6392
111 4190 6385
112 4206 6369
113 4210 6365
114 4218 6357
115 4226 6349
116 4250 6325
117 4241 6334
118 4255 6320
119 4234 6341
120 4220 6355
121 4260 6315
122 4267 6308
123 4247 6328
124 4240 6335
125 4211 6364
126 4209 6366
127 4202 6373
128 4197 6378
129 4204 6371
130 4194 6381
131 4215 6360
132 4211 6364
133 4196 6379
134 4215 6360
135 4210 6365
136 4206 6369
137 4187 6388
138 4226 6349
139 4237 6338
140 4249 6326
141 4279 6296
142 4262 6313
143 4261 6314
144 4276 6299
145 4270 6305
146 4289 6286
147 4294 6281
148 4283 6292
149 4324 6251
150 4336 6239
151 4315 6260
152 4320 6255
153 4345 6230
154 4327 6248
155 4319 6256
156 4312 6263
157 4326 6249
158 4332 6243
159 4336 6239
160 4350 6225
161 4345 6230
162 4352 6223
163 4390 6185
164 4381 6194
165 4383 6192
166 4397 6178
167 4412 6163
168 4427 6148
169 4418 6157
170 4417 6158
171 4415 6160
172 4397 6178
173 4401 6174
174 4442 6133
175 4464 6111
176 4455 6120
177 4439 6136
178 4465 6110
179 4448 6127
180 4461 6114
181 4478 6097
182 4469 6106
183 4493 6082
184 4503 6072
185 4504 6071
186 4511 6064
187 4499 6076
188 4486 6089
189 4488 6087
190 4502 6073
191 4503 6072
192 4503 6072
193 4490 6085
194 4504 6071
195 4526 6049
196 4506 6069
197 4548 6027
198 4536 6039
199 4554 6021
200 4537 6038
201 4525 6050
202 4531 6044
203 4554 6021
204 4546 6029
205 4542 6033
206 4537 6038
207 4541 6034
208 4554 6021
209 4548 6027
210 4540 6035
211 4526 6049
212 4523 6052
213 4540 6035
214 4550 6025
215 4563 6012
216 4559 6016
217 4560 6015
218 4569 6006
219 4546 6029
220 4547 6028
221 4543 6032
222 4547 6028
223 4547 6028
224 4548 6027
225 4557 6018
226 4544 6031
227 4541 6034
228 4526 6049
229 4524 6051
230 4521 6054
231 4517 6058
232 4552 6023
233 4535 6040
234 4536 6039
235 4562 6013
236 4597 5978
237 4601 5974
238 4597 5978
239 4617 5958
240 4594 5981
241 4611 5964
242 4626 5949
243 4611 5964
244 4593 5982
245 4581 5994
246 4574 6001
247 4574 6001
248 4590 5985
249 4586 5989
250 4592 5983
251 4624 5951
252 4622 5953
253 4611 5964
254 4627 5948
255 4576 5999
256 4581 5994
257 4595 5980
258 4602 5973
259 4596 5979
260 4612 5963
261 4614 5961
262 4609 5966
263 4618 5957
264 4619 5956
265 4631 5944
266 4587 5988
267 4594 5981
268 4587 5988
269 4565 6010
270 4583 5992
271 4612 5963
272 4619 5956
273 4615 5960
274 4601 5974
275 4614 5961
276 4587 5988
277 4582 5993
278 4567 6008
279 4591 5984
280 4590 5985
281 4589 5986
282 4613 5962
283 4603 5972
284 4591 5984
285 4567 6008
286 4563 6012
287 4573 6002
288 4568 6007
289 4577 5998
290 4593 5982
291 4589 5986
292 4581 5994
293 4595 5980
294 4571 6004
295 4553 6022
296 4563 6012
297 4592 5983
298 4594 5981
299 4587 5988
300 4573 6002
301 4587 5988
302 4592 5983
303 4597 5978
304 4603 5972
305 4610 5965
306 4597 5978
307 4595 5980
308 4607 5968
309 4620 5955
310 4626 5949
311 4646 5929
312 4632 5943
313 4649 5926
314 4653 5922
315 4653 5922
316 4674 5901
317 4673 5902
318 4640 5935
319 4654 5921
320 4642 5933
321 4614 5961
322 4623 5952
323 4627 5948
324 4631 5944
325 4628 5947
326 4623 5952
327 4616 5959
328 4642 5933
329 4625 5950
330 4634 5941
331 4617 5958
332 4612 5963
333 4590 5985
334 4605 5970
335 4588 5987
336 4629 5946
337 4633 5942
338 4621 5954
339 4638 5937
340 4606 5969
341 4614 5961
342 4620 5955
343 4604 5971
344 4585 5990
345 4604 5971
346 4626 5949
347 4631 5944
348 4630 5945
349 4668 5907
350 4654 5921
351 4660 5915
352 4666 5909
353 4676 5899
354 4706 5869
355 4701 5874
356 4684 5891
357 4694 5881
358 4703 5872
359 4721 5854
360 4726 5849
361 4724 5851
362 4718 5857
363 4735 5840
364 4754 5821
365 4768 5807
366 4797 5778
367 4823 5752
368 4816 5759
369 4819 5756
370 4829 5746
371 4825 5750
372 4815 5760
373 4832 5743
374 4834 5741
375 4870 5705
376 4873 5702
377 4902 5673
378 4919 5656
379 4938 5637
380 4916 5659
381 4899 5676
382 4889 5686
383 4871 5704
384 4872 5703
385 4874 5701
386 4873 5702
387 4874 5701
388 4874 5701
389 4889 5686
390 4889 5686
391 4902 5673
392 4899 5676
393 4916 5659
394 4921 5654
395 4918 5657
396 4906 5669
397 4902 5673
398 4905 5670
399 4925 5650
400 4898 5677
401 4885 5690
402 4915 5660
403 4926 5649
404 4934 5641
405 4942 5633
406 4940 5635
407 4943 5632
408 4959 5616
409 4957 5618
410 4957 5618
411 4950 5625
412 4950 5625
413 4980 5595
414 4986 5589
415 4983 5592
416 4967 5608
417 4981 5594
418 4983 5592
419 4969 5606
420 4988 5587
421 4977 5598
422 4952 5623
423 4964 5611
424 4951 5624
425 4946 5629
426 4917 5658
427 4890 5685
428 4871 5704
429 4871 5704
430 4873 5702
431 4876 5699
432 4915 5660
433 4919 5656
434 4916 5659
435 4949 5626
436 4970 5605
437 4948 5627
438 4934 5641
439 4962 5613
440 4959 5616
441 4944 5631
442 4922 5653
443 4921 5654
444 4942 5633
445 4924 5651
446 4930 5645
447 4942 5633
448 4953 5622
449 4951 5624
450 4939 5636
451 4934 5641
452 4935 5640
453 4963 5612
454 4950 5625
455 4938 5637
456 4945 5630
457 4952 5623
458 4977 5598
459 4966 5609
460 4956 5619
461 4937 5638
462 4965 5610
463 4975 5600
464 4966 5609
465 4988 5587
466 4971 5604
467 4982 5593
468 4992 5583
469 4979 5596
470 4977 5598
471 4998 5577
472 4981 5594
473 4981 5594
474 4963 5612
475 4963 5612
476 4969 5606
477 4980 5595
478 4994 5581
479 4973 5602
480 4984 5591
481 4976 5599
482 5004 5571
483 4992 5583
484 4977 5598
485 4975 5600
486 4997 5578
487 4993 5582
488 4985 5590
489 4996 5579
490 5021 5554
491 5004 5571
492 4986 5589
493 4994 5581
494 5013 5562
495 5023 5552
496 5013 5562
497 4992 5583
498 5026 5549
499 5004 5571
500 5017 5558
501 5014 5561
502 5017 5558
503 5019 5556
504 5016 5559
505 5014 5561
506 5017 5558
507 5019 5556
508 5002 5573
509 5010 5565
510 4992 5583
511 5012 5563
512 5013 5562
513 5030 5545
514 5058 5517
515 5029 5546
516 5052 5523
517 5036 5539
518 5039 5536
519 5036 5539
520 5045 5530
521 5033 5542
522 5041 5534
523 5058 5517
524 5061 5514
525 5031 5544
526 5030 5545
527 5051 5524
528 5042 5533
529 5042 5533
530 5033 5542
531 5036 5539
532 5026 5549
533 5021 5554
534 5036 5539
535 5057 5518
536 5061 5514
537 5050 5525
538 5068 5507
539 5075 5500
540 5075 5500
541 5085 5490
542 5081 5494
543 5095 5480
544 5103 5472
545 5117 5458
546 5094 5481
547 5083 5492
548 5099 5476
549 5088 5487
550 5094 5481
551 5113 5462
552 5099 5476
553 5124 5451
554 5130 5445
555 5158 5417
556 5142 5433
557 5147 5428
558 5143 5432
559 5125 5450
560 5119 5456
561 5108 5467
562 5100 5475
563 5104 5471
564 5096 5479
565 5091 5484
566 5099 5476
567 5138 5437
568 5134 5441
569 5131 5444
570 5130 5445
571 5134 5441
572 5117 5458
573 5150 5425
574 5142 5433
575 5160 5415
576 5163 5412
577 5170 5405
578 5173 5402
579 5161 5414
580 5168 5407
581 5174 5401
582 5187 5388
583 5195 5380
584 5192 5383
585 5179 5396
586 5189 5386
587 5202 5373
588 5213 5362
589 5181 5394
590 5156 5419
591 5167 5408
592 5164 5411
593 5193 5382
594 5200 5375
595 5214 5361
596 5236 5339
597 5239 5336
598 5224 5351
599 5212 5363
600 5215 5360
601 5213 5362
602 5237 5338
603 5240 5335
604 5238 5337
605 5255 5320
606 5251 5324
607 5247 5328
608 5269 5306
609 5265 5310
610 5253 5322
611 5260 5315
612 5268 5307
613 5249 5326
614 5233 5342
615 5219 5356
616 5226 5349
617 5231 5344
618 5214 5361
619 5226 5349
620 5247 5328
621 5216 5359
622 5206 5369
623 5234 5341
624 5227 5348
625 5240 5335
626 5255 5320
627 5243 5332
628 5255 5320
629 5266 5309
630 5257 5318
631 5250 5325
632 5261 5314
633 5277 5298
634 5257 5318
635 5274 5301
636 5266 5309
637 5251 5324
638 5281 5294
639 5289 5286
640 5254 5321
641 5261 5314
642 5262 5313
643 5270 5305
644 5257 5318
645 5260 5315
646 5275 5300
647 5273 5302
648 5282 5293
649 5291 5284
650 5272 5303
651 5288 5287
652 5267 5308
653 5243 5332
654 5248 5327
655 5254 5321
656 5243 5332
657 5262 5313
658 5248 5327
659 5241 5334
660 5230 5345
661 5215 5360
662 5229 5346
663 5267 5308
664 5258 5317
665 5230 5345
666 5249 5326
667 5257 5318
668 5239 5336
669 5241 5334
670 5241 5334
671 5256 5319
672 5248 5327
673 5241 5334
674 5237 5338
675 5230 5345
676 5260 5315
677 5251 5324
678 5229 5346
679 5225 5350
680 5241 5334
681 5224 5351
682 5232 5343
683 5248 5327
684 5229 5346
685 5230 5345
686 5238 5337
687 5231 5344
688 5241 5334
689 5252 5323
690 5251 5324
691 5244 5331
692 5239 5336
693 5258 5317
694 5282 5293
695 5276 5299
696 5261 5314
697 5263 5312
698 5252 5323
699 5260 5315
700 5276 5299
701 5271 5304
702 5266 5309
703 5266 5309
704 5283 5292
705 5267 5308
706 5271 5304
707 5254 5321
708 5268 5307
709 5268 5307
710 5253 5322
711 5270 5305
712 5265 5310
713 5260 5315
714 5223 5352
715 5236 5339
716 5249 5326
717 5255 5320
718 5254 5321
719 5258 5317
720 5261 5314
721 5263 5312
722 5274 5301
723 5268 5307
724 5252 5323
725 5246 5329
726 5245 5330
727 5248 5327
728 5245 5330
729 5270 5305
730 5300 5275
731 5299 5276
732 5312 5263
733 5303 5272
734 5307 5268
735 5307 5268
736 5302 5273
737 5300 5275
738 5304 5271
739 5318 5257
740 5324 5251
741 5314 5261
742 5314 5261
743 5331 5244
744 5339 5236
745 5347 5228
746 5342 5233
747 5362 5213
748 5359 5216
749 5359 5216
750 5357 5218
751 5350 5225
752 5352 5223
753 5349 5226
754 5366 5209
755 5359 5216
756 5339 5236
757 5354 5221
758 5366 5209
759 5380 5195
760 5369 5206
761 5358 5217
762 5352 5223
763 5366 5209
764 5368 5207
765 5357 5218
766 5351 5224
767 5362 5213
768 5357 5218
769 5370 5205
770 5369 5206
771 5373 5202
772 5376 5199
773 5377 5198
774 5404 5171
775 5402 5173
776 5418 5157
777 5388 5187
778 5398 5177
779 5399 5176
780 5410 5165
781 5419 5156
782 5423 5152
783 5413 5162
784 5415 5160
785 5433 5142
786 5428 5147
787 5459 5116
788 5461 5114
789 5482 5093
790 5451 5124
791 5431 5144
792 5454 5121
793 5459 5116
794 5474 5101
795 5493 5082
796 5497 5078
797 5488 5087
798 5483 5092
799 5451 5124
800 5476 5099
801 5486 5089
802 5486 5089
803 5484 5091
804 5485 5090
805 5491 5084
806 5473 5102
807 5458 5117
808 5471 5104
809 5469 5106
810 5477 5098
811 5461 5114
812 5488 5087
813 5494 5081
814 5495 5080
815 5464 5111
816 5426 5149
817 5445 5130
818 5446 5129
819 5434 5141
820 5439 5136
821 5430 5145
822 5438 5137
823 5443 5132
824 5448 5127
825 5460 5115
826 5471 5104
827 5474 5101
828 5458 5117
829 5462 5113
830 5465 5110
831 5482 5093
832 5490 5085
833 5485 5090
834 5477 5098
835 5473 5102
836 5462 5113
837 5479 5096
838 5475 5100
839 5464 5111
840 5449 5126
841 5469 5106
842 5454 5121
843 5468 5107
844 5499 5076
845 5489 5086
846 5482 5093
847 5513 5062
848 5509 5066
849 5516 5059
850 5519 5056
851 5517 5058
852 5502 5073
853 5494 5081
854 5490 5085
855 5471 5104
856 5499 5076
857 5491 5084
858 5492 5083
859 5517 5058
860 5513 5062
861 5500 5075
862 5485 5090
863 5495 5080
864 5485 5090
865 5497 5078
866 5521 5054
867 5513 5062
868 5492 5083
869 5510 5065
870 5476 5099
871 5498 5077
872 5506 5069
873 5504 5071
874 5502 5073
875 5531 5044
876 5532 5043
877 5528 5047
878 5526 5049
879 5524 5051
880 5545 5030
881 5548 5027
882 5535 5040
883 5555 5020
884 5541 5034
885 5523 5052
886 5523 5052
887 5510 5065
888 5510 5065
889 5516 5059
890 5476 5099
891 5479 5096
892 5495 5080
893 5489 5086
894 5502 5073
895 5503 5072
896 5503 5072
897 5510 5065
898 5496 5079
899 5484 5091
900 5490 5085
901 5498 5077
902 5497 5078
903 5472 5103
904 5478 5097
905 5473 5102
906 5472 5103
907 5468 5107
908 5487 5088
909 5484 5091
910 5481 5094
911 5486 5089
912 5494 5081
913 5488 5087
914 5473 5102
915 5485 5090
916 5474 5101
917 5472 5103
918 5480 5095
919 5480 5095
920 5463 5112
921 5484 5091
922 5483 5092
923 5483 5092
924 5471 5104
925 5472 5103
926 5476 5099
927 5472 5103
928 5480 5095
929 5449 5126
930 5479 5096
931 5474 5101
932 5459 5116
933 5464 5111
934 5487 5088
935 5486 5089
936 5503 5072
937 5492 5083
938 5487 5088
939 5498 5077
940 5493 5082
941 5469 5106
942 5450 5125
943 5450 5125
944 5463 5112
945 5467 5108
946 5478 5097
947 5498 5077
948 5490 5085
949 5492 5083
950 5519 5056
951 5532 5043
952 5525 5050
953 5518 5057
954 5533 5042
955 5500 5075
956 5508 5067
957 5529 5046
958 5540 5035
959 5533 5042
960 5546 5029
961 5543 5032
962 5591 4984
963 5575 5000
964 5586 4989
965 5570 5005
966 5583 4992
967 5585 4990
968 5601 4974
969 5582 4993
970 5593 4982
971 5589 4986
972 5611 4964
973 5620 4955
974 5630 4945
975 5625 4950
976 5654 4921
977 5667 4908
978 5671 4904
979 5688 4887
980 5696 4879
981 5698 4877
982 5711 4864
983 5709 4866
984 5709 4866
985 5709 4866
986 5712 4863
987 5716 4859
988 5718 4857
989 5703 4872
990 5702 4873
991 5705 4870
992 5712 4863
993 5725 4850
994 5728 4847
995 5738 4837
996 5742 4833
997 5762 4813
998 5744 4831
999 5742 4833
1000 5744 4831
1001 5752 4823
1002 5758 4817
1003 5769 4806
1004 5764 4811
1005 5762 4813
1006 5763 4812
1007 5733 4842
1008 5745 4830
1009 5746 4829
1010 5740 4835
1011 5746 4829
1012 5736 4839
1013 5734 4841
1014 5746 4829
1015 5751 4824
1016 5738 4837
1017 5743 4832
1018 5748 4827
1019 5727 4848
1020 5738 4837
1021 5745 4830
1022 5753 4822
1023 5746 4829
1024 5750 4825
1025 5746 4829
1026 5750 4825
1027 5748 4827
1028 5724 4851
1029 5730 4845
1030 5720 4855
1031 5715 4860
1032 5722 4853
1033 5731 4844
1034 5755 4820
1035 5753 4822
1036 5742 4833
1037 5736 4839
1038 5753 4822
1039 5741 4834
1040 5748 4827
1041 5742 4833
1042 5738 4837
1043 5725 4850
1044 5722 4853
1045 5738 4837
1046 5728 4847
1047 5750 4825
1048 5776 4799
1049 5809 4766
1050 5801 4774
1051 5800 4775
1052 5798 4777
1053 5804 4771
1054 5810 4765
1055 5810 4765
1056 5836 4739
1057 5803 4772
1058 5812 4763
1059 5794 4781
1060 5807 4768
1061 5795 4780
1062 5786 4789
1063 5780 4795
1064 5775 4800
1065 5767 4808
1066 5760 4815
1067 5772 4803
1068 5774 4801
1069 5774 4801
1070 5767 4808
1071 5760 4815
1072 5758 4817
1073 5762 4813
1074 5748 4827
1075 5736 4839
1076 5732 4843
1077 5734 4841
1078 5761 4814
1079 5769 4806
1080 5788 4787
1081 5785 4790
1082 5781 4794
1083 5798 4777
1084 5788 4787
1085 5780 4795
1086 5804 4771
1087 5799 4776
1088 5796 4779
1089 5814 4761
1090 5791 4784
1091 5791 4784
1092 5804 4771
1093 5807 4768
1094 5795 4780
1095 5799 4776
1096 5809 4766
1097 5838 4737
1098 5828 4747
1099 5823 4752
1100 5841 4734
1101 5827 4748
1102 5801 4774
1103 5807 4768
1104 5791 4784
1105 5797 4778
1106 5794 4781
1107 5804 4771
1108 5811 4764
1109 5800 4775
1110 5778 4797
1111 5796 4779
1112 5798 4777
1113 5821 4754
1114 5794 4781
1115 5804 4771
1116 5798 4777
1117 5774 4801
1118 5778 4797
1119 5799 4776
1120 5779 4796
1121 5812 4763
1122 5786 4789
1123 5748 4827
1124 5742 4833
1125 5773 4802
1126 5768 4807
1127 5795 4780
1128 5778 4797
1129 5747 4828
1130 5735 4840
1131 5714 4861
1132 5705 4870
1133 5698 4877
1134 5716 4859
1135 5718 4857
1136 5705 4870
1137 5696 4879
1138 5701 4874
1139 5698 4877
1140 5705 4870
1141 5720 4855
1142 5698 4877
1143 5683 4892
1144 5671 4904
1145 5672 4903
1146 5672 4903
1147 5684 4891
1148 5698 4877
1149 5701 4874
1150 5708 4867
1151 5717 4858
1152 5736 4839
1153 5727 4848
1154 5738 4837
1155 5748 4827
1156 5752 4823
1157 5736 4839
1158 5740 4835
1159 5730 4845
1160 5722 4853
1161 5742 4833
1162 5747 4828
1163 5745 4830
1164 5737 4838
1165 5713 4862
1166 5714 4861
1167 5681 4894
1168 5685 4890
1169 5686 4889
1170 5686 4889
1171 5689 4886
1172 5692 4883
1173 5712 4863
1174 5748 4827
1175 5760 4815
1176 5731 4844
1177 5728 4847
1178 5717 4858
1179 5696 4879
1180 5717 4858
1181 5732 4843
1182 5727 4848
1183 5723 4852
1184 5717 4858
1185 5697 4878
1186 5676 4899
1187 5711 4864
1188 5703 4872
1189 5705 4870
1190 5732 4843
1191 5743 4832
1192 5741 4834
1193 5739 4836
1194 5721 4854
1195 5725 4850
1196 5708 4867
1197 5725 4850
1198 5726 4849
1199 5724 4851
1200 5726 4849
1201 5723 4852
1202 5712 4863
1203 5713 4862
1204 5701 4874
1205 5702 4873
1206 5710 4865
1207 5713 4862
1208 5730 4845
1209 5737 4838
1210 5740 4835
1211 5718 4857
1212 5731 4844
1213 5726 4849
1214 5706 4869
1215 5731 4844
1216 5695 4880
1217 5703 4872
1218 5690 4885
1219 5690 4885
1220 5690 4885
1221 5703 4872
1222 5707 4868
1223 5710 4865
1224 5706 4869
1225 5718 4857
1226 5708 4867
1227 5708 4867
1228 5684 4891
1229 5706 4869
1230 5695 4880
1231 5682 4893
1232 5696 4879
1233 5689 4886
1234 5670 4905
1235 5681 4894
1236 5678 4897
1237 5685 4890
1238 5695 4880
1239 5697 4878
1240 5687 4888
1241 5667 4908
1242 5664 4911
1243 5660 4915
1244 5650 4925
1245 5650 4925
1246 5643 4932
1247 5636 4939
1248 5655 4920
1249 5658 4917
1250 5654 4921
1251 5621 4954
1252 5613 4962
1253 5614 4961
1254 5608 4967
1255 5574 5001
1256 5576 4999
1257 5574 5001
1258 5578 4997
1259 5563 5012
1260 5567 5008
1261 5567 5008
1262 5580 4995
1263 5567 5008
1264 5586 4989
1265 5582 4993
1266 5584 4991
1267 5559 5016
1268 5557 5018
1269 5540 5035
1270 5541 5034
1271 5532 5043
1272 5539 5036
1273 5556 5019
1274 5545 5030
1275 5561 5014
1276 5569 5006
1277 5563 5012
1278 5567 5008
1279 5588 4987
1280 5602 4973
1281 5597 4978
1282 5572 5003
1283 5581 4994
1284 5563 5012
1285 5555 5020
1286 5567 5008
1287 5558 5017
1288 5548 5027
1289 5537 5038
1290 5527 5048
1291 5525 5050
1292 5518 5057
1293 5544 5031
1294 5526 5049
1295 5512 5063
1296 5534 5041
1297 5525 5050
1298 5548 5027
1299 5535 5040
1300 5539 5036
1301 5525 5050
1302 5516 5059
1303 5519 5056
1304 5525 5050
1305 5516 5059
1306 5529 5046
1307 5526 5049
1308 5522 5053
1309 5515 5060
1310 5519 5056
1311 5501 5074
1312 5525 5050
1313 5523 5052
1314 5521 5054
1315 5498 5077
1316 5508 5067
1317 5516 5059
1318 5515 5060
1319 5485 5090
1320 5481 5094
1321 5463 5112
1322 5432 5143
1323 5416 5159
1324 5417 5158
1325 5414 5161
1326 5417 5158
1327 5432 5143
1328 5444 5131
1329 5434 5141
1330 5460 5115
1331 5451 5124
1332 5461 5114
1333 5474 5101
1334 5461 5114
1335 5465 5110
1336 5482 5093
1337 5484 5091
1338 5483 5092
1339 5502 5073
1340 5490 5085
1341 5482 5093
1342 5441 5134
1343 5446 5129
1344 5457 5118
1345 5450 5125
1346 5450 5125
1347 5464 5111
1348 5479 5096
1349 5469 5106
1350 5489 5086
1351 5499 5076
1352 5512 5063
1353 5517 5058
1354 5505 5070
1355 5479 5096
1356 5499 5076
1357 5497 5078
1358 5500 5075
1359 5516 5059
1360 5509 5066
1361 5506 5069
1362 5504 5071
1363 5465 5110
1364 5469 5106
1365 5472 5103
1366 5479 5096
1367 5467 5108
1368 5462 5113
1369 5470 5105
1370 5484 5091
1371 5486 5089
1372 5478 5097
1373 5453 5122
1374 5468 5107
1375 5482 5093
1376 5464 5111
1377 5456 5119
1378 5456 5119
1379 5495 5080
1380 5477 5098
1381 5485 5090
1382 5459 5116
1383 5444 5131
1384 5471 5104
1385 5474 5101
1386 5494 5081
1387 5473 5102
1388 5485 5090
1389 5486 5089
1390 5490 5085
1391 5471 5104
1392 5503 5072
1393 5503 5072
1394 5473 5102
1395 5473 5102
1396 5490 5085
1397 5472 5103
1398 5465 5110
1399 5482 5093
1400 5478 5097
1401 5491 5084
1402 5498 5077
1403 5484 5091
1404 5485 5090
1405 5458 5117
1406 5462 5113
1407 5447 5128
1408 5435 5140
1409 5447 5128
1410 5430 5145
1411 5456 5119
1412 5422 5153
1413 5435 5140
1414 5448 5127
1415 5463 5112
1416 5447 5128
1417 5430 5145
1418 5438 5137
1419 5425 5150
1420 5407 5168
1421 5412 5163
1422 5420 5155
1423 5427 5148
1424 5414 5161
1425 5416 5159
1426 5434 5141
1427 5380 5195
1428 5381 5194
1429 5378 5197
1430 5372 5203
1431 5374 5201
1432 5361 5214
1433 5368 5207
1434 5356 5219
1435 5353 5222
1436 5332 5243
1437 5331 5244
1438 5347 5228
1439 5319 5256
1440 5307 5268
1441 5320 5255
1442 5306 5269
1443 5313 5262
1444 5308 5267
1445 5320 5255
1446 5335 5240
1447 5339 5236
1448 5332 5243
1449 5308 5267
1450 5320 5255
1451 5323 5252
1452 5316 5259
1453 5290 5285
1454 5314 5261
1455 5294 5281
1456 5281 5294
1457 5309 5266
1458 5296 5279
1459 5293 5282
1460 5324 5251
1461 5309 5266
1462 5308 5267
1463 5312 5263
1464 5311 5264
1465 5318 5257
1466 5318 5257
1467 5343 5232
1468 5344 5231
1469 5351 5224
1470 5353 5222
1471 5346 5229
1472 5317 5258
1473 5333 5242
1474 5334 5241
1475 5354 5221
1476 5355 5220
1477 5354 5221
1478 5344 5231
1479 5365 5210
1480 5378 5197
1481 5366 5209
1482 5354 5221
1483 5361 5214
1484 5342 5233
1485 5382 5193
1486 5370 5205
1487 5355 5220
1488 5368 5207
1489 5332 5243
1490 5345 5230
1491 5350 5225
1492 5329 5246
1493 5348 5227
1494 5327 5248
1495 5335 5240
1496 5322 5253
1497 5335 5240
1498 5333 5242
1499 5332 5243
1500 5338 5237
1501 5341 5234
1502 5365 5210
1503 5372 5203
1504 5356 5219
1505 5327 5248
1506 5341 5234
1507 5340 5235
1508 5319 5256
1509 5308 5267
1510 5308 5267
1511 5326 5249
1512 5307 5268
1513 5297 5278
1514 5279 5296
1515 5286 5289
1516 5279 5296
1517 5288 5287
1518 5290 5285
1519 5286 5289
1520 5291 5284
1521 5253 5322
1522 5231 5344
1523 5229 5346
1524 5244 5331
1525 5241 5334
1526 5263 5312
1527 5231 5344
1528 5214 5361
1529 5230 5345
1530 5238 5337
1531 5235 5340
1532 5211 5364
1533 5221 5354
1534 5235 5340
1535 5221 5354
1536 5222 5353
1537 5251 5324
1538 5242 5333
1539 5232 5343
1540 5211 5364
1541 5227 5348
1542 5235 5340
1543 5226 5349
1544 5217 5358
1545 5215 5360
1546 5253 5322
1547 5246 5329
1548 5234 5341
1549 5256 5319
1550 5254 5321
1551 5251 5324
1552 5246 5329
1553 5237 5338
1554 5215 5360
1555 5203 5372
1556 5205 5370
1557 5217 5358
1558 5232 5343
1559 5238 5337
1560 5225 5350
1561 5238 5337
1562 5231 5344
1563 5230 5345
1564 5215 5360
1565 5223 5352
1566 5206 5369
1567 5207 5368
1568 5218 5357
1569 5216 5359
1570 5224 5351
1571 5234 5341
1572 5232 5343
1573 5227 5348
1574 5231 5344
1575 5223 5352
1576 5215 5360
1577 5184 5391
1578 5198 5377
1579 5200 5375
1580 5192 5383
1581 5199 5376
1582 5198 5377
1583 5205 5370
1584 5195 5380
1585 5227 5348
1586 5223 5352
1587 5230 5345
1588 5226 5349
1589 5226 5349
1590 5246 5329
1591 5243 5332
1592 5246 5329
1593 5243 5332
1594 5235 5340
1595 5210 5365
1596 5212 5363
1597 5189 5386
1598 5181 5394
1599 5187 5388
1600 5178 5397
1601 5176 5399
1602 5177 5398
1603 5164 5411
1604 5147 5428
1605 5151 5424
1606 5139 5436
1607 5157 5418
1608 5151 5424
1609 5134 5441
1610 5101 5474
1611 5083 5492
1612 5074 5501
1613 5065 5510
1614 5052 5523
1615 5063 5512
1616 5050 5525
1617 5078 5497
1618 5071 5504
1619 5091 5484
1620 5080 5495
1621 5080 5495
1622 5094 5481
1623 5120 5455
1624 5114 5461
1625 5100 5475
1626 5098 5477
1627 5092 5483
1628 5119 5456
1629 5129 5446
1630 5141 5434
1631 5155 5420
1632 5135 5440
1633 5135 5440
1634 5144 5431
1635 5167 5408
1636 5185 5390
1637 5171 5404
1638 5177 5398
1639 5168 5407
1640 5148 5427
1641 5148 5427
1642 5158 5417
1643 5179 5396
1644 5163 5412
1645 5167 5408
1646 5153 5422
1647 5157 5418
1648 5149 5426
1649 5144 5431
1650 5147 5428
1651 5169 5406
1652 5170 5405
1653 5167 5408
1654 5184 5391
1655 5168 5407
1656 5157 5418
1657 5163 5412
1658 5164 5411
1659 5183 5392
1660 5176 5399
1661 5157 5418
1662 5137 5438
1663 5147 5428
1664 5143 5432
1665 5159 5416
1666 5156 5419
1667 5148 5427
1668 5153 5422
1669 5175 5400
1670 5137 5438
1671 5159 5416
1672 5177 5398
1673 5182 5393
1674 5169 5406
1675 5151 5424
1676 5147 5428
1677 5127 5448
1678 5111 5464
1679 5114 5461
1680 5104 5471
1681 5096 5479
1682 5102 5473
1683 5090 5485
1684 5099 5476
1685 5108 5467
1686 5122 5453
1687 5139 5436
1688 5119 5456
1689 5110 5465
1690 5122 5453
1691 5137 5438
1692 5130 5445
1693 5115 5460
1694 5116 5459
1695 5106 5469
1696 5093 5482
1697 5107 5468
1698 5122 5453
1699 5115 5460
1700 5109 5466
1701 5132 5443
1702 5117 5458
1703 5119 5456
1704 5123 5452
1705 5118 5457
1706 5110 5465
1707 5122 5453
1708 5120 5455
1709 5127 5448
1710 5138 5437
1711 5147 5428
1712 5184 5391
1713 5183 5392
1714 5182 5393
1715 5211 5364
1716 5193 5382
1717 5205 5370
1718 5195 5380
1719 5181 5394
1720 5175 5400
1721 5181 5394
1722 5185 5390
1723 5183 5392
1724 5198 5377
1725 5205 5370
1726 5190 5385
1727 5201 5374
1728 5192 5383
1729 5184 5391
1730 5202 5373
1731 5191 5384
1732 5189 5386
1733 5164 5411
1734 5145 5430
1735 5137 5438
1736 5155 5420
1737 5164 5411
1738 5160 5415
1739 5153 5422
1740 5140 5435
1741 5116 5459
1742 5116 5459
1743 5103 5472
1744 5113 5462
1745 5123 5452
1746 5124 5451
1747 5126 5449
1748 5143 5432
1749 5143 5432
1750 5156 5419
1751 5168 5407
1752 5149 5426
1753 5143 5432
1754 5123 5452
1755 5091 5484
1756 5073 5502
1757 5103 5472
1758 5077 5498
1759 5086 5489
1760 5085 5490
1761 5072 5503
1762 5078 5497
1763 5076 5499
1764 5060 5515
1765 5064 5511
1766 5053 5522
1767 5023 5552
1768 5028 5547
1769 5027 5548
1770 5040 5535
1771 5044 5531
1772 5057 5518
1773 5078 5497
1774 5084 5491
1775 5074 5501
1776 5074 5501
1777 5063 5512
1778 5060 5515
1779 5065 5510
1780 5051 5524
1781 5026 5549
1782 5032 5543
1783 5037 5538
1784 5041 5534
1785 5035 5540
1786 5051 5524
1787 5067 5508
1788 5060 5515
1789 5046 5529
1790 5067 5508
1791 5046 5529
1792 5018 5557
1793 4992 5583
1794 4984 5591
1795 4998 5577
1796 5004 5571
1797 4999 5576
1798 4987 5588
1799 4995 5580
1800 5016 5559
1801 5017 5558
1802 5033 5542
1803 5009 5566
1804 5037 5538
1805 5031 5544
1806 5034 5541
1807 5046 5529
1808 5036 5539
1809 5050 5525
1810 5046 5529
1811 5039 5536
1812 5043 5532
1813 5055 5520
1814 5050 5525
1815 5059 5516
1816 5044 5531
1817 5050 5525
1818 5032 5543
1819 5005 5570
1820 4985 5590
1821 4988 5587
1822 4997 5578
1823 4982 5593
1824 4997 5578
1825 4992 5583
1826 4999 5576
1827 5021 5554
1828 5029 5546
1829 5033 5542
1830 5040 5535
1831 5013 5562
1832 5037 5538
1833 5045 5530
1834 5021 5554
1835 5017 5558
1836 5035 5540
1837 5029 5546
1838 5003 5572
1839 5011 5564
1840 5003 5572
1841 5022 5553
1842 5018 5557
1843 5004 5571
1844 5004 5571
1845 4997 5578
1846 4996 5579
1847 4964 5611
1848 4940 5635
1849 4930 5645
1850 4930 5645
1851 4929 5646
1852 4932 5643
1853 4939 5636
1854 4929 5646
1855 4930 5645
1856 4944 5631
1857 4956 5619
1858 4952 5623
1859 4933 5642
1860 4925 5650
1861 4916 5659
1862 4892 5683
1863 4891 5684
1864 4924 5651
1865 4937 5638
1866 4934 5641
1867 4939 5636
1868 4983 5592
1869 4972 5603
1870 4968 5607
1871 4971 5604
1872 4966 5609
1873 4993 5582
1874 4980 5595
1875 4977 5598
1876 4973 5602
1877 4968 5607
1878 4986 5589
1879 4963 5612
1880 4962 5613
1881 4969 5606
1882 4981 5594
1883 4974 5601
1884 4973 5602
1885 4995 5580
1886 4994 5581
1887 5010 5565
1888 4982 5593
1889 4990 5585
1890 4972 5603
1891 4985 5590
1892 4974 5601
1893 4989 5586
1894 4984 5591
1895 4996 5579
1896 4996 5579
1897 4970 5605
1898 4977 5598
1899 4979 5596
1900 4955 5620
1901 4970 5605
1902 4978 5597
1903 4992 5583
1904 4957 5618
1905 4973 5602
1906 4959 5616
1907 4984 5591
1908 4992 5583
1909 5003 5572
1910 4991 5584
1911 4966 5609
1912 4947 5628
1913 4937 5638
1914 4939 5636
1915 4959 5616
1916 4949 5626
1917 4949 5626
1918 4939 5636
1919 4964 5611
1920 4974 5601
1921 4964 5611
1922 4998 5577
1923 4978 5597
1924 4971 5604
1925 4967 5608
1926 4959 5616
1927 4965 5610
1928 4951 5624
1929 4956 5619
1930 4946 5629
1931 4929 5646
1932 4941 5634
1933 4935 5640
1934 4933 5642
1935 4919 5656
1936 4910 5665
1937 4893 5682
1938 4896 5679
1939 4933 5642
1940 4922 5653
1941 4929 5646
1942 4921 5654
1943 4922 5653
1944 4915 5660
1945 4925 5650
1946 4929 5646
1947 4923 5652
1948 4941 5634
1949 4924 5651
1950 4922 5653
1951 4906 5669
1952 4891 5684
1953 4902 5673
1954 4910 5665
1955 4910 5665
1956 4896 5679
1957 4881 5694
1958 4892 5683
1959 4903 5672
1960 4905 5670
1961 4907 5668
1962 4912 5663
1963 4926 5649
1964 4932 5643
1965 4955 5620
1966 4923 5652
1967 4906 5669
1968 4891 5684
1969 4911 5664
1970 4886 5689
1971 4876 5699
1972 4893 5682
1973 4890 5685
1974 4887 5688
1975 4885 5690
1976 4911 5664
1977 4966 5609
1978 4978 5597
1979 4984 5591
1980 4938 5637
1981 4959 5616
1982 4964 5611
1983 4943 5632
1984 4931 5644
1985 4948 5627
1986 4907 5668
1987 4913 5662
1988 4893 5682
1989 4892 5683
1990 4891 5684
1991 4938 5637
1992 4977 5598
1993 4966 5609
1994 4946 5629
1995 4938 5637
1996 4913 5662
1997 4908 5667
1998 4900 5675
1999 4912 5663
2000 4908 5667
2001 4907 5668
2002 4913 5662
2003 4895 5680
2004 4874 5701
2005 4884 5691
2006 4891 5684
2007 4925 5650
2008 4922 5653
2009 4916 5659
2010 4917 5658
2011 4894 5681
2012 4890 5685
2013 4889 5686
2014 4889 5686
2015 4902 5673
2016 4896 5679
2017 4891 5684
2018 4869 5706
2019 4886 5689
2020 4901 5674
2021 4911 5664
2022 4915 5660
2023 4909 5666
2024 4912 5663
2025 4897 5678
2026 4888 5687
2027 4888 5687
2028 4871 5704
2029 4875 5700
2030 4894 5681
2031 4881 5694
2032 4881 5694
2033 4866 5709
2034 4864 5711
2035 4875 5700
2036 4883 5692
2037 4851 5724
2038 4857 5718
2039 4867 5708
2040 4859 5716
2041 4864 5711
2042 4869 5706
2043 4885 5690
2044 4877 5698
2045 4877 5698
2046 4864 5711
2047 4865 5710
2048 4837 5738
2049 4855 5720
2050 4865 5710
2051 4846 5729
2052 4837 5738
2053 4849 5726
2054 4833 5742
2055 4808 5767
2056 4815 5760
2057 4826 5749
2058 4833 5742
2059 4826 5749
2060 4834 5741
2061 4855 5720
2062 4856 5719
2063 4878 5697
2064 4881 5694
2065 4904 5671
2066 4899 5676
2067 4885 5690
2068 4918 5657
2069 4894 5681
2070 4880 5695
2071 4847 5728
2072 4856 5719
2073 4876 5699
2074 4899 5676
2075 4889 5686
2076 4884 5691
2077 4907 5668
2078 4907 5668
2079 4920 5655
2080 4927 5648
2081 4940 5635
2082 4910 5665
2083 4898 5677
2084 4904 5671
2085 4885 5690
2086 4881 5694
2087 4883 5692
2088 4890 5685
2089 4885 5690
2090 4867 5708
2091 4851 5724
2092 4843 5732
2093 4854 5721
2094 4853 5722
2095 4859 5716
2096 4861 5714
2097 4843 5732
2098 4842 5733
2099 4824 5751
2100 4816 5759
2101 4796 5779
2102 4799 5776
2103 4789 5786
2104 4795 5780
2105 4801 5774
2106 4781 5794
2107 4776 5799
2108 4789 5786
2109 4815 5760
2110 4824 5751
2111 4819 5756
2112 4800 5775
2113 4785 5790
2114 4786 5789
2115 4804 5771
2116 4795 5780
2117 4788 5787
2118 4795 5780
2119 4814 5761
2120 4823 5752
2121 4815 5760
2122 4839 5736
2123 4846 5729
2124 4866 5709
2125 4860 5715
2126 4826 5749
2127 4843 5732
2128 4831 5744
2129 4843 5732
2130 4859 5716
2131 4849 5726
2132 4840 5735
2133 4836 5739
2134 4831 5744
2135 4835 5740
2136 4860 5715
2137 4877 5698
2138 4862 5713
2139 4851 5724
2140 4864 5711
2141 4893 5682
2142 4900 5675
2143 4906 5669
2144 4901 5674
2145 4897 5678
2146 4923 5652
2147 4936 5639
2148 4925 5650
2149 4905 5670
2150 4915 5660
2151 4893 5682
2152 4887 5688
2153 4888 5687
2154 4881 5694
2155 4890 5685
2156 4892 5683
2157 4893 5682
2158 4875 5700
2159 4889 5686
2160 4888 5687
2161 4882 5693
2162 4892 5683
2163 4879 5696
2164 4867 5708
2165 4884 5691
2166 4872 5703
2167 4866 5709
2168 4888 5687
2169 4869 5706
2170 4867 5708
2171 4874 5701
2172 4888 5687
2173 4890 5685
2174 4900 5675
2175 4889 5686
2176 4881 5694
2177 4869 5706
2178 4878 5697
2179 4874 5701
2180 4884 5691
2181 4868 5707
2182 4871 5704
2183 4874 5701
2184 4863 5712
2185 4868 5707
2186 4869 5706
2187 4840 5735
2188 4842 5733
2189 4835 5740
2190 4810 5765
2191 4817 5758
2192 4801 5774
2193 4802 5773
2194 4777 5798
2195 4784 5791
2196 4814 5761
2197 4835 5740
2198 4836 5739
2199 4848 5727
2200 4852 5723
2201 4813 5762
2202 4826 5749
2203 4818 5757
2204 4790 5785
2205 4792 5783
2206 4788 5787
2207 4775 5800
2208 4786 5789
2209 4785 5790
2210 4789 5786
2211 4816 5759
2212 4816 5759
2213 4803 5772
2214 4824 5751
2215 4832 5743
2216 4836 5739
2217 4815 5760
2218 4810 5765
2219 4808 5767
2220 4819 5756
2221 4819 5756
2222 4802 5773
2223 4809 5766
2224 4796 5779
2225 4805 5770
2226 4775 5800
2227 4770 5805
2228 4781 5794
2229 4776 5799
2230 4794 5781
2231 4800 5775
2232 4816 5759
2233 4856 5719
2234 4847 5728
2235 4860 5715
2236 4849 5726
2237 4823 5752
2238 4825 5750
2239 4821 5754
2240 4824 5751
2241 4831 5744
2242 4820 5755
2243 4825 5750
2244 4834 5741
2245 4813 5762
2246 4792 5783
2247 4812 5763
2248 4799 5776
2249 4789 5786
2250 4804 5771
2251 4820 5755
2252 4810 5765
2253 4792 5783
2254 4808 5767
2255 4817 5758
2256 4833 5742
2257 4795 5780
2258 4811 5764
2259 4780 5795
2260 4791 5784
2261 4799 5776
2262 4820 5755
2263 4822 5753
2264 4829 5746
2265 4822 5753
2266 4832 5743
2267 4820 5755
2268 4828 5747
2269 4816 5759
2270 4832 5743
2271 4829 5746
2272 4825 5750
2273 4814 5761
2274 4820 5755
2275 4784 5791
2276 4755 5820
2277 4741 5834
2278 4758 5817
2279 4784 5791
2280 4761 5814
2281 4770 5805
2282 4781 5794
2283 4775 5800
2284 4794 5781
2285 4767 5808
2286 4780 5795
2287 4787 5788
2288 4764 5811
2289 4757 5818
2290 4745 5830
2291 4772 5803
2292 4742 5833
2293 4749 5826
2294 4759 5816
2295 4793 5782
2296 4786 5789
2297 4795 5780
2298 4793 5782
2299 4797 5778
2300 4794 5781
2301 4798 5777
2302 4801 5774
2303 4805 5770
2304 4804 5771
2305 4784 5791
2306 4781 5794
2307 4778 5797
2308 4773 5802
2309 4795 5780
2310 4798 5777
2311 4797 5778
2312 4813 5762
2313 4798 5777
2314 4797 5778
2315 4830 5745
2316 4844 5731
2317 4856 5719
2318 4865 5710
2319 4894 5681
2320 4884 5691
2321 4864 5711
2322 4857 5718
2323 4844 5731
2324 4843 5732
2325 4855 5720
2326 4858 5717
2327 4859 5716
2328 4866 5709
2329 4889 5686
2330 4869 5706
2331 4864 5711
2332 4862 5713
2333 4870 5705
2334 4847 5728
2335 4825 5750
2336 4839 5736
2337 4838 5737
2338 4843 5732
2339 4867 5708
2340 4876 5699
2341 4892 5683
2342 4874 5701
2343 4881 5694
2344 4880 5695
2345 4850 5725
2346 4849 5726
2347 4828 5747
2348 4806 5769
2349 4817 5758
2350 4803 5772
2351 4796 5779
2352 4822 5753
2353 4804 5771
2354 4799 5776
2355 4784 5791
2356 4796 5779
2357 4795 5780
2358 4810 5765
2359 4793 5782
2360 4804 5771
2361 4790 5785
2362 4795 5780
2363 4770 5805
2364 4775 5800
2365 4773 5802
2366 4763 5812
2367 4775 5800
2368 4760 5815
2369 4766 5809
2370 4765 5810
2371 4751 5824
2372 4756 5819
2373 4768 5807
2374 4745 5830
2375 4757 5818
2376 4793 5782
2377 4771 5804
2378 4786 5789
2379 4781 5794
2380 4804 5771
2381 4827 5748
2382 4818 5757
2383 4828 5747
2384 4809 5766
2385 4819 5756
2386 4837 5738
2387 4839 5736
2388 4836 5739
2389 4824 5751
2390 4833 5742
2391 4809 5766
2392 4827 5748
2393 4824 5751
2394 4804 5771
2395 4806 5769
2396 4812 5763
2397 4796 5779
2398 4794 5781
2399 4751 5824
2400 4750 5825
2401 4774 5801
2402 4786 5789
2403 4791 5784
2404 4798 5777
2405 4783 5792
2406 4798 5777
2407 4790 5785
2408 4780 5795
2409 4814 5761
2410 4778 5797
2411 4776 5799
2412 4800 5775
2413 4816 5759
2414 4814 5761
2415 4777 5798
2416 4795 5780
2417 4801 5774
2418 4793 5782
2419 4778 5797
2420 4767 5808
2421 4787 5788
2422 4807 5768
2423 4799 5776
2424 4799 5776
2425 4789 5786
2426 4764 5811
2427 4774 5801
2428 4757 5818
2429 4793 5782
2430 4799 5776
2431 4816 5759
2432 4820 5755
2433 4816 5759
2434 4831 5744
2435 4824 5751
2436 4774 5801
2437 4730 5845
2438 4746 5829
2439 4754 5821
2440 4751 5824
2441 4752 5823
2442 4776 5799
2443 4784 5791
2444 4777 5798
2445 4781 5794
2446 4782 5793
2447 4770 5805
2448 4789 5786
2449 4799 5776
2450 4787 5788
2451 4805 5770
2452 4802 5773
2453 4797 5778
2454 4818 5757
2455 4817 5758
2456 4799 5776
2457 4792 5783
2458 4818 5757
2459 4809 5766
2460 4806 5769
2461 4784 5791
2462 4793 5782
2463 4794 5781
2464 4823 5752
2465 4832 5743
2466 4817 5758
2467 4806 5769
2468 4786 5789
2469 4790 5785
2470 4772 5803
2471 4772 5803
2472 4768 5807
2473 4771 5804
2474 4771 5804
2475 4742 5833
2476 4732 5843
2477 4718 5857
2478 4716 5859
2479 4715 5860
2480 4730 5845
2481 4730 5845
2482 4708 5867
2483 4722 5853
2484 4729 5846
2485 4725 5850
2486 4762 5813
2487 4751 5824
2488 4761 5814
2489 4749 5826
2490 4767 5808
2491 4762 5813
2492 4762 5813
2493 4774 5801
2494 4763 5812
2495 4766 5809
2496 4777 5798
2497 4794 5781
2498 4803 5772
2499 4794 5781
2500 4802 5773
2501 4798 5777
2502 4801 5774
2503 4798 5777
2504 4805 5770
2505 4822 5753
2506 4823 5752
2507 4823 5752
2508 4800 5775
2509 4795 5780
2510 4784 5791
2511 4816 5759
2512 4830 5745
2513 4815 5760
2514 4798 5777
2515 4787 5788
2516 4777 5798
2517 4791 5784
2518 4823 5752
2519 4810 5765
2520 4809 5766
2521 4833 5742
2522 4824 5751
2523 4820 5755
2524 4812 5763
2525 4793 5782
2526 4799 5776
2527 4785 5790
2528 4778 5797
2529 4775 5800
2530 4785 5790
2531 4811 5764
2532 4782 5793
2533 4762 5813
2534 4765 5810
2535 4757 5818
2536 4771 5804
2537 4802 5773
2538 4796 5779
2539 4817 5758
2540 4797 5778
2541 4807 5768
2542 4800 5775
2543 4812 5763
2544 4821 5754
2545 4814 5761
2546 4804 5771
2547 4818 5757
2548 4805 5770
2549 4794 5781
2550 4789 5786
2551 4778 5797
2552 4784 5791
2553 4770 5805
2554 4787 5788
2555 4778 5797
2556 4798 5777
2557 4772 5803
2558 4783 5792
2559 4790 5785
2560 4777 5798
2561 4773 5802
2562 4763 5812
2563 4784 5791
2564 4773 5802
2565 4770 5805
2566 4811 5764
2567 4809 5766
2568 4823 5752
2569 4805 5770
2570 4807 5768
2571 4815 5760
2572 4815 5760
2573 4778 5797
2574 4741 5834
2575 4744 5831
2576 4754 5821
2577 4766 5809
2578 4739 5836
2579 4729 5846
2580 4735 5840
2581 4734 5841
2582 4740 5835
2583 4755 5820
2584 4765 5810
2585 4774 5801
2586 4743 5832
2587 4736 5839
2588 4749 5826
2589 4757 5818
2590 4763 5812
2591 4757 5818
2592 4761 5814
2593 4766 5809
2594 4767 5808
2595 4781 5794
2596 4801 5774
2597 4761 5814
2598 4775 5800
2599 4791 5784
2600 4742 5833
2601 4756 5819
2602 4756 5819
2603 4765 5810
2604 4799 5776
2605 4813 5762
2606 4795 5780
2607 4768 5807
2608 4768 5807
2609 4753 5822
2610 4749 5826
2611 4765 5810
2612 4736 5839
2613 4720 5855
2614 4747 5828
2615 4758 5817
2616 4751 5824
2617 4769 5806
2618 4746 5829
2619 4768 5807
2620 4791 5784
2621 4783 5792
2622 4755 5820
2623 4759 5816
2624 4773 5802
2625 4772 5803
2626 4771 5804
2627 4786 5789
2628 4786 5789
2629 4757 5818
2630 4774 5801
2631 4769 5806
2632 4764 5811
2633 4765 5810
2634 4795 5780
2635 4749 5826
2636 4757 5818
2637 4746 5829
2638 4769 5806
2639 4748 5827
2640 4760 5815
2641 4780 5795
2642 4787 5788
2643 4763 5812
2644 4791 5784
2645 4823 5752
2646 4835 5740
2647 4833 5742
2648 4853 5722
2649 4840 5735
2650 4843 5732
2651 4855 5720
2652 4816 5759
2653 4844 5731
2654 4830 5745
2655 4793 5782
2656 4779 5796
2657 4796 5779
2658 4771 5804
2659 4787 5788
2660 4780 5795
2661 4769 5806
2662 4770 5805
2663 4762 5813
2664 4761 5814
2665 4757 5818
2666 4752 5823
2667 4773 5802
2668 4768 5807
2669 4755 5820
2670 4766 5809
2671 4772 5803
2672 4765 5810
2673 4759 5816
2674 4741 5834
2675 4754 5821
2676 4769 5806
2677 4774 5801
2678 4772 5803
2679 4795 5780
2680 4793 5782
2681 4772 5803
2682 4770 5805
2683 4786 5789
2684 4820 5755
2685 4849 5726
2686 4846 5729
2687 4832 5743
2688 4808 5767
2689 4806 5769
2690 4811 5764
2691 4831 5744
2692 4817 5758
2693 4802 5773
2694 4784 5791
2695 4827 5748
2696 4851 5724
2697 4854 5721
2698 4836 5739
2699 4812 5763
2700 4827 5748
2701 4833 5742
2702 4834 5741
2703 4832 5743
2704 4822 5753
2705 4831 5744
2706 4828 5747
2707 4818 5757
2708 4825 5750
2709 4822 5753
2710 4816 5759
2711 4817 5758
2712 4803 5772
2713 4795 5780
2714 4767 5808
2715 4756 5819
2716 4766 5809
2717 4774 5801
2718 4753 5822
2719 4753 5822
2720 4772 5803
2721 4806 5769
2722 4809 5766
2723 4808 5767
2724 4810 5765
2725 4819 5756
2726 4817 5758
2727 4807 5768
2728 4798 5777
2729 4802 5773
2730 4801 5774
2731 4829 5746
2732 4827 5748
2733 4822 5753
2734 4833 5742
2735 4806 5769
2736 4809 5766
2737 4808 5767
2738 4813 5762
2739 4796 5779
2740 4785 5790
2741 4788 5787
2742 4765 5810
2743 4744 5831
2744 4748 5827
2745 4756 5819
2746 4733 5842
2747 4744 5831
2748 4756 5819
2749 4744 5831
2750 4757 5818
2751 4767 5808
2752 4767 5808
2753 4776 5799
2754 4791 5784
2755 4798 5777
2756 4781 5794
2757 4784 5791
2758 4758 5817
2759 4762 5813
2760 4788 5787
2761 4825 5750
2762 4755 5820
2763 4750 5825
2764 4755 5820
2765 4722 5853
2766 4725 5850
2767 4744 5831
2768 4744 5831
2769 4727 5848
2770 4741 5834
2771 4731 5844
2772 4758 5817
2773 4760 5815
2774 4796 5779
2775 4788 5787
2776 4802 5773
2777 4811 5764
2778 4771 5804
2779 4772 5803
2780 4751 5824
2781 4771 5804
2782 4773 5802
2783 4779 5796
2784 4767 5808
2785 4756 5819
2786 4732 5843
2787 4756 5819
2788 4751 5824
2789 4743 5832
2790 4740 5835
2791 4735 5840
2792 4741 5834
2793 4718 5857
2794 4731 5844
2795 4730 5845
2796 4728 5847
2797 4743 5832
2798 4764 5811
2799 4749 5826
2800 4746 5829
2801 4761 5814
2802 4766 5809
2803 4739 5836
2804 4745 5830
2805 4751 5824
2806 4768 5807
2807 4763 5812
2808 4760 5815
2809 4758 5817
2810 4753 5822
2811 4772 5803
2812 4789 5786
2813 4777 5798
2814 4751 5824
2815 4736 5839
2816 4735 5840
2817 4739 5836
2818 4734 5841
2819 4745 5830
2820 4719 5856
2821 4733 5842
2822 4757 5818
2823 4765 5810
2824 4755 5820
2825 4752 5823
2826 4734 5841
2827 4726 5849
2828 4728 5847
2829 4723 5852
2830 4716 5859
2831 4704 5871
2832 4732 5843
2833 4717 5858
2834 4704 5871
2835 4694 5881
2836 4696 5879
2837 4685 5890
2838 4701 5874
2839 4676 5899
2840 4679 5896
2841 4696 5879
2842 4693 5882
2843 4685 5890
2844 4691 5884
2845 4721 5854
2846 4731 5844
2847 4744 5831
2848 4740 5835
2849 4717 5858
2850 4717 5858
2851 4718 5857
2852 4716 5859
2853 4716 5859
2854 4715 5860
2855 4727 5848
2856 4691 5884
2857 4728 5847
2858 4731 5844
2859 4766 5809
2860 4755 5820
2861 4764 5811
2862 4776 5799
2863 4785 5790
2864 4816 5759
2865 4794 5781
2866 4794 5781
2867 4762 5813
2868 4772 5803
2869 4755 5820
2870 4752 5823
2871 4754 5821
2872 4756 5819
2873 4754 5821
2874 4719 5856
2875 4724 5851
2876 4746 5829
2877 4744 5831
2878 4753 5822
2879 4737 5838
2880 4741 5834
2881 4723 5852
2882 4709 5866
2883 4718 5857
2884 4715 5860
2885 4713 5862
2886 4700 5875
2887 4700 5875
2888 4669 5906
2889 4665 5910
2890 4678 5897
2891 4678 5897
2892 4720 5855
2893 4674 5901
2894 4687 5888
2895 4691 5884
2896 4690 5885
2897 4682 5893
2898 4682 5893
2899 4657 5918
2900 4664 5911
2901 4697 5878
2902 4699 5876
2903 4698 5877
2904 4681 5894
2905 4653 5922
2906 4665 5910
2907 4663 5912
2908 4666 5909
2909 4665 5910
2910 4645 5930
2911 4667 5908
2912 4642 5933
2913 4668 5907
2914 4672 5903
2915 4680 5895
2916 4671 5904
2917 4680 5895
2918 4689 5886
2919 4701 5874
2920 4681 5894
2921 4676 5899
2922 4663 5912
2923 4678 5897
2924 4698 5877
2925 4758 5817
2926 4745 5830
2927 4762 5813
2928 4762 5813
2929 4770 5805
2930 4781 5794
2931 4795 5780
2932 4765 5810
2933 4775 5800
2934 4763 5812
2935 4761 5814
2936 4734 5841
2937 4743 5832
2938 4748 5827
2939 4742 5833
2940 4761 5814
2941 4776 5799
2942 4800 5775
2943 4815 5760
2944 4783 5792
2945 4768 5807
2946 4748 5827
2947 4749 5826
2948 4760 5815
2949 4744 5831
2950 4739 5836
2951 4702 5873
2952 4715 5860
2953 4708 5867
2954 4736 5839
2955 4733 5842
2956 4732 5843
2957 4695 5880
2958 4695 5880
2959 4655 5920
2960 4644 5931
2961 4666 5909
2962 4647 5928
2963 4663 5912
2964 4681 5894
2965 4671 5904
2966 4700 5875
2967 4694 5881
2968 4719 5856
2969 4724 5851
2970 4710 5865
2971 4718 5857
2972 4736 5839
2973 4729 5846
2974 4762 5813
2975 4766 5809
2976 4768 5807
2977 4769 5806
2978 4780 5795
2979 4779 5796
2980 4756 5819
2981 4745 5830
2982 4750 5825
2983 4747 5828
2984 4731 5844
2985 4733 5842
2986 4730 5845
2987 4724 5851
2988 4729 5846
2989 4736 5839
2990 4748 5827
2991 4733 5842
2992 4728 5847
2993 4725 5850
2994 4723 5852
2995 4732 5843
2996 4727 5848
2997 4752 5823
2998 4755 5820
2999 4750 5825
3000 4752 5823
