0 1979 195 0 0 0 0 0 0 0 0 0 0 0 0 0 0
1 11648 194 194 0 0 0 0 0 0 0 0 0 0 0 0 0
2 11642 197 197 0 0 0 0 0 0 0 0 0 0 0 0 0
3 11642 197 197 0 0 0 0 0 0 0 0 0 0 0 0 0
4 11642 197 197 0 0 0 0 0 0 0 0 0 0 0 0 0
5 11639 198 198 1 0 0 0 0 0 0 0 0 0 0 0 0
6 11641 197 197 1 0 0 0 0 0 0 0 0 0 0 0 0
7 11639 198 198 1 0 0 0 0 0 0 0 0 0 0 0 0
8 11637 199 199 1 0 0 0 0 0 0 0 0 0 0 0 0
9 11635 200 200 1 0 0 0 0 0 0 0 0 0 0 0 0
10 11631 202 202 1 0 0 0 0 0 0 0 0 0 0 0 0
11 11635 200 200 1 0 0 0 0 0 0 0 0 0 0 0 0
12 11633 201 201 1 0 0 0 0 0 0 0 0 0 0 0 0
13 11633 201 201 1 0 0 0 0 0 0 0 0 0 0 0 0
14 11631 202 202 1 0 0 0 0 0 0 0 0 0 0 0 0
15 11631 202 202 1 0 0 0 0 0 0 0 0 0 0 0 0
16 11631 202 202 1 0 0 0 0 0 0 0 0 0 0 0 0
17 11632 201 201 2 0 0 0 0 0 0 0 0 0 0 0 0
18 11632 201 201 2 0 0 0 0 0 0 0 0 0 0 0 0
19 11634 200 200 2 0 0 0 0 0 0 0 0 0 0 0 0
20 11640 197 197 2 0 0 0 0 0 0 0 0 0 0 0 0
21 11642 196 196 2 0 0 0 0 0 0 0 0 0 0 0 0
22 11643 195 195 3 0 0 0 0 0 0 0 0 0 0 0 0
23 11642 195 195 4 0 0 0 0 0 0 0 0 0 0 0 0
24 11638 197 197 4 0 0 0 0 0 0 0 0 0 0 0 0
25 11636 198 198 4 0 0 0 0 0 0 0 0 0 0 0 0
26 11634 199 199 4 0 0 0 0 0 0 0 0 0 0 0 0
27 11626 203 203 4 0 0 0 0 0 0 0 0 0 0 0 0
28 11625 203 203 5 0 0 0 0 0 0 0 0 0 0 0 0
29 11625 203 203 5 0 0 0 0 0 0 0 0 0 0 0 0
30 11623 204 204 5 0 0 0 0 0 0 0 0 0 0 0 0
31 11623 204 204 5 0 0 0 0 0 0 0 0 0 0 0 0
32 11623 204 204 5 0 0 0 0 0 0 0 0 0 0 0 0
33 11619 206 206 5 0 0 0 0 0 0 0 0 0 0 0 0
34 11617 207 207 5 0 0 0 0 0 0 0 0 0 0 0 0
35 11613 209 209 5 0 0 0 0 0 0 0 0 0 0 0 0
36 11607 212 212 5 0 0 0 0 0 0 0 0 0 0 0 0
37 11602 214 214 6 0 0 0 0 0 0 0 0 0 0 0 0
38 11592 219 219 6 0 0 0 0 0 0 0 0 0 0 0 0
39 11588 221 221 6 0 0 0 0 0 0 0 0 0 0 0 0
40 11584 223 223 6 0 0 0 0 0 0 0 0 0 0 0 0
41 11583 224 224 5 0 0 0 0 0 0 0 0 0 0 0 0
42 11573 229 229 5 0 0 0 0 0 0 0 0 0 0 0 0
43 11553 239 239 5 0 0 0 0 0 0 0 0 0 0 0 0
44 11543 244 244 5 0 0 0 0 0 0 0 0 0 0 0 0
45 11531 250 250 5 0 0 0 0 0 0 0 0 0 0 0 0
46 11523 253 253 7 0 0 0 0 0 0 0 0 0 0 0 0
47 11521 254 254 7 0 0 0 0 0 0 0 0 0 0 0 0
48 11510 259 259 8 0 0 0 0 0 0 0 0 0 0 0 0
49 11504 262 262 8 0 0 0 0 0 0 0 0 0 0 0 0
50 11494 267 267 8 0 0 0 0 0 0 0 0 0 0 0 0
51 11482 273 272 7 0 0 1 0 0 0 0 1 0 0 0 0
52 11475 277 276 6 0 0 1 0 0 0 0 1 0 0 0 0
53 11470 280 279 5 0 0 1 0 0 0 0 1 0 0 0 0
54 11451 289 288 6 0 0 1 0 0 0 0 1 0 0 0 0
55 11437 296 295 6 0 0 1 0 0 0 0 1 0 0 0 0
56 11421 304 303 6 0 0 1 0 0 0 0 1 0 0 0 0
57 11411 308 307 8 0 0 1 0 0 0 0 1 0 0 0 0
58 11403 311 310 10 0 0 1 0 0 0 0 1 0 0 0 0
59 11398 313 312 11 0 0 1 0 0 0 0 1 0 0 0 0
60 11387 318 317 12 0 0 1 0 0 0 0 1 0 0 0 0
61 11375 324 323 12 0 0 1 0 0 0 0 1 0 0 0 0
62 11370 327 326 11 0 0 1 0 0 0 0 1 0 0 0 0
63 11364 330 329 11 0 0 1 0 0 0 0 1 0 0 0 0
64 11344 339 338 13 0 0 1 0 0 0 0 1 0 0 0 0
65 11343 339 338 14 0 0 1 0 0 0 0 1 0 0 0 0
66 11337 341 340 16 0 0 1 0 0 0 0 1 0 0 0 0
67 11320 349 348 17 0 0 1 0 0 0 0 1 0 0 0 0
68 11302 358 357 17 0 0 1 0 0 0 0 1 0 0 0 0
69 11282 368 367 17 0 0 1 0 0 0 0 1 0 0 0 0
70 11273 372 371 18 0 0 1 0 0 0 0 1 0 0 0 0
71 11269 374 373 18 0 0 1 0 0 0 0 1 0 0 0 0
72 11256 380 379 19 0 0 1 0 0 0 0 1 0 0 0 0
73 11242 387 386 19 0 0 1 0 0 0 0 1 0 0 0 0
74 11242 388 387 17 0 0 1 0 0 0 0 1 0 0 0 0
75 11231 393 392 18 0 0 1 0 0 0 0 1 0 0 0 0
76 11214 401 400 19 0 0 1 0 0 0 0 1 0 0 0 0
77 11196 410 409 19 0 0 1 0 0 0 0 1 0 0 0 0
78 11185 415 414 20 0 0 1 0 0 0 0 1 0 0 0 0
79 11176 420 419 19 0 0 1 0 0 0 0 1 0 0 0 0
80 11172 422 421 19 0 0 1 0 0 0 0 1 0 0 0 0
81 11168 424 423 19 0 0 1 0 0 0 0 1 0 0 0 0
82 11156 430 429 19 0 0 1 0 0 0 0 1 0 0 0 0
83 11158 429 428 19 0 0 1 0 0 0 0 1 0 0 0 0
84 11146 435 434 19 0 0 1 0 0 0 0 1 0 0 0 0
85 11144 436 435 19 0 0 1 0 0 0 0 1 0 0 0 0
86 11139 438 438 19 0 0 0 1 0 0 0 1 0 0 0 0
87 11135 440 440 19 0 0 0 1 0 0 0 1 0 0 0 0
88 11122 446 446 20 0 0 0 1 0 0 0 1 0 0 0 0
89 11125 444 444 21 0 0 0 1 0 0 0 1 0 0 0 0
90 11117 448 448 21 0 0 0 1 0 0 0 1 0 0 0 0
91 11108 452 452 22 0 0 0 1 0 0 0 1 0 0 0 0
92 11105 453 453 23 0 0 0 1 0 0 0 1 0 0 0 0
93 11101 455 455 23 0 0 0 1 0 0 0 1 0 0 0 0
94 11100 456 456 22 0 0 0 1 0 0 0 1 0 0 0 0
95 11102 455 455 22 0 0 0 1 0 0 0 1 0 0 0 0
96 11092 460 460 22 0 0 0 1 0 0 0 1 0 0 0 0
97 11083 464 464 23 0 0 0 1 0 0 0 1 0 0 0 0
98 11077 467 467 23 0 0 0 1 0 0 0 1 0 0 0 0
99 11071 470 470 23 0 0 0 1 0 0 0 1 0 0 0 0
100 11066 473 472 23 0 0 1 0 0 0 0 1 0 0 0 0
101 11044 484 483 23 0 0 1 0 0 0 0 1 0 0 0 0
102 11048 482 481 23 0 0 1 0 0 0 0 1 0 0 0 0
103 11033 489 488 24 0 0 1 0 0 0 0 1 0 0 0 0
104 11027 492 491 24 0 0 1 0 0 0 0 1 0 0 0 0
105 11011 500 499 24 0 0 1 0 0 0 0 1 0 0 0 0
106 11004 503 502 25 0 0 1 0 0 0 0 1 0 0 0 0
107 10990 510 509 25 0 0 1 0 0 0 0 1 0 0 0 0
108 10994 508 507 25 0 0 1 0 0 0 0 1 0 0 0 0
109 10993 509 508 24 0 0 1 0 0 0 0 1 0 0 0 0
110 10993 509 508 24 0 0 1 0 0 0 0 1 0 0 0 0
111 10992 510 509 23 0 0 1 0 0 0 0 1 0 0 0 0
112 10990 511 510 23 0 0 1 0 0 0 0 1 0 0 0 0
113 10996 508 507 23 0 0 1 0 0 0 0 1 0 0 0 0
114 10996 507 506 25 0 0 1 0 0 0 0 1 0 0 0 0
115 11000 505 504 25 0 0 1 0 0 0 0 1 0 0 0 0
116 10992 509 508 25 0 0 1 0 0 0 0 1 0 0 0 0
117 10995 508 507 24 0 0 1 0 0 0 0 1 0 0 0 0
118 10983 514 513 24 0 0 1 0 0 0 0 1 0 0 0 0
119 10979 516 515 24 0 0 1 0 0 0 0 1 0 0 0 0
120 10961 525 524 24 0 0 1 0 0 0 0 1 0 0 0 0
121 10965 522 521 26 0 0 1 0 0 0 0 1 0 0 0 0
122 10965 522 521 26 0 0 1 0 0 0 0 1 0 0 0 0
123 10953 528 527 26 0 0 1 0 0 0 0 1 0 0 0 0
124 10943 533 532 26 0 0 1 0 0 0 0 1 0 0 0 0
125 10937 535 534 28 0 0 1 0 0 0 0 1 0 0 0 0
126 10936 536 535 27 0 0 1 0 0 0 0 1 0 0 0 0
127 10937 536 535 26 0 0 1 0 0 0 0 1 0 0 0 0
128 10931 539 538 26 0 0 1 0 0 0 0 1 0 0 0 0
129 10933 538 537 26 0 0 1 0 0 0 0 1 0 0 0 0
130 10927 541 540 26 0 0 1 0 0 0 0 1 0 0 0 0
131 10923 543 542 26 0 0 1 0 0 0 0 1 0 0 0 0
132 10922 543 542 27 0 0 1 0 0 0 0 1 0 0 0 0
133 10929 539 538 28 0 0 1 0 0 0 0 1 0 0 0 0
134 10935 536 535 28 0 0 1 0 0 0 0 1 0 0 0 0
135 10935 536 535 28 0 0 1 0 0 0 0 1 0 0 0 0
136 10926 541 540 27 0 0 1 0 0 0 0 1 0 0 0 0
137 10919 544 543 28 0 0 1 0 0 0 0 1 0 0 0 0
138 10921 543 542 28 0 0 1 0 0 0 0 1 0 0 0 0
139 10921 543 541 27 0 0 2 0 0 0 0 2 0 0 0 0
140 10924 541 539 26 0 0 2 1 0 0 0 3 0 0 0 0
141 10919 543 542 26 0 0 2 1 0 1 0 2 0 0 0 0
142 10911 547 546 26 0 0 2 1 0 1 0 2 0 0 0 0
143 10907 549 548 26 0 0 2 1 0 1 0 2 0 0 0 0
144 10907 549 548 26 0 0 2 1 0 1 0 2 0 0 0 0
145 10915 546 545 24 0 0 2 1 0 1 0 2 0 0 0 0
146 10915 546 545 24 0 0 2 1 0 1 0 2 0 0 0 0
147 10906 551 550 23 0 0 2 1 0 1 0 2 0 0 0 0
148 10904 552 551 23 0 0 2 1 0 1 0 2 0 0 0 0
149 10902 553 552 23 0 0 2 1 0 1 0 2 0 0 0 0
150 10895 557 556 22 0 0 2 1 0 1 0 2 0 0 0 0
151 10899 555 554 22 0 0 2 1 0 1 0 2 0 0 0 0
152 10899 555 554 22 0 0 2 1 0 1 0 2 0 0 0 0
153 10905 552 551 22 0 0 2 1 0 1 0 2 0 0 0 0
154 10903 553 552 22 0 0 2 1 0 1 0 2 0 0 0 0
155 10897 556 555 22 0 0 2 1 0 1 0 2 0 0 0 0
156 10897 556 555 22 0 0 2 1 0 1 0 2 0 0 0 0
157 10896 556 555 23 0 0 2 1 0 1 0 2 0 0 0 0
158 10898 555 554 23 0 0 2 1 0 1 0 2 0 0 0 0
159 10894 557 556 23 0 0 2 1 0 1 0 2 0 0 0 0
160 10898 555 554 23 0 0 2 1 0 1 0 2 0 0 0 0
161 10901 554 553 22 0 0 2 1 0 1 0 2 0 0 0 0
162 10901 554 553 22 0 0 2 1 0 1 0 2 0 0 0 0
163 10903 553 552 22 0 0 2 1 0 1 0 2 0 0 0 0
164 10913 548 547 22 0 0 2 1 0 1 0 2 0 0 0 0
165 10901 554 553 22 0 0 2 1 0 1 0 2 0 0 0 0
166 10897 556 555 22 0 0 2 1 0 1 0 2 0 0 0 0
167 10894 557 556 23 0 0 2 1 0 1 0 2 0 0 0 0
168 10888 560 559 23 0 0 2 1 0 1 0 2 0 0 0 0
169 10881 564 563 22 0 0 2 1 0 1 0 2 0 0 0 0
170 10877 565 565 23 0 0 2 1 0 2 0 1 0 0 0 0
171 10884 561 561 24 0 0 2 1 0 2 0 1 0 0 0 0
172 10876 565 565 24 0 0 2 1 0 2 0 1 0 0 0 0
173 10871 567 567 25 0 0 2 1 0 2 0 1 0 0 0 0
174 10861 572 572 25 0 0 2 1 0 2 0 1 0 0 0 0
175 10852 576 576 26 0 0 2 1 0 2 0 1 0 0 0 0
176 10857 574 574 25 0 0 2 1 0 2 0 1 0 0 0 0
177 10862 571 571 26 0 0 2 1 0 2 0 1 0 0 0 0
178 10858 573 573 26 0 0 2 1 0 2 0 1 0 0 0 0
179 10848 579 578 25 0 0 3 0 0 2 0 1 0 0 0 0
180 10848 579 578 25 0 0 3 0 0 2 0 1 0 0 0 0
181 10842 582 581 25 0 0 3 0 0 2 0 1 0 0 0 0
182 10852 577 576 25 0 0 3 0 0 2 0 1 0 0 0 0
183 10854 575 574 27 0 0 3 0 0 2 0 1 0 0 0 0
184 10860 572 571 27 0 0 3 0 0 2 0 1 0 0 0 0
185 10860 572 571 27 0 0 3 0 0 2 0 1 0 0 0 0
186 10860 572 571 27 0 0 3 0 0 2 0 1 0 0 0 0
187 10860 572 571 27 0 0 3 0 0 2 0 1 0 0 0 0
188 10851 576 575 28 0 0 3 0 0 2 0 1 0 0 0 0
189 10850 576 575 29 0 0 3 0 0 2 0 1 0 0 0 0
190 10859 571 568 28 0 0 5 0 0 2 0 3 0 0 0 0
191 10864 569 566 27 0 0 5 0 0 2 0 3 0 0 0 0
192 10865 569 566 26 0 0 5 0 0 2 0 3 0 0 0 0
193 10862 570 567 27 0 0 5 0 0 2 0 3 0 0 0 0
194 10862 570 567 27 0 0 5 0 0 2 0 3 0 0 0 0
195 10856 572 569 29 0 0 5 0 0 2 0 3 0 0 0 0
196 10860 570 567 29 0 0 5 0 0 2 0 3 0 0 0 0
197 10861 570 567 28 0 0 5 0 0 2 0 3 0 0 0 0
198 10862 569 566 29 0 0 5 0 0 2 0 3 0 0 0 0
199 10854 573 570 29 0 0 5 0 0 2 0 3 0 0 0 0
200 10852 573 570 31 0 0 5 0 0 2 0 3 0 0 0 0
201 10854 572 569 31 0 0 5 0 0 2 0 3 0 0 0 0
202 10858 570 567 31 0 0 5 0 0 2 0 3 0 0 0 0
203 10853 573 570 30 0 0 5 0 0 2 0 3 0 0 0 0
204 10847 576 573 30 0 0 5 0 0 2 0 3 0 0 0 0
205 10843 577 574 32 0 0 5 0 0 2 0 3 0 0 0 0
206 10843 577 574 32 0 0 5 0 0 2 0 3 0 0 0 0
207 10845 576 573 32 0 0 5 0 0 2 0 3 0 0 0 0
208 10843 577 574 32 0 0 5 0 0 2 0 3 0 0 0 0
209 10845 576 573 32 0 0 5 0 0 2 0 3 0 0 0 0
210 10850 574 571 31 0 0 5 0 0 2 0 3 0 0 0 0
211 10857 570 566 31 0 0 6 0 0 2 0 4 0 0 0 0
212 10853 573 569 29 0 0 6 0 0 2 0 4 0 0 0 0
213 10845 577 573 29 0 0 6 0 0 2 0 4 0 0 0 0
214 10833 583 578 28 0 0 7 0 0 2 0 5 0 0 0 0
215 10835 582 577 28 0 0 7 0 0 2 0 5 0 0 0 0
216 10837 581 576 28 0 0 7 0 0 2 0 5 0 0 0 0
217 10837 581 576 28 0 0 7 0 0 2 0 5 0 0 0 0
218 10836 581 576 29 0 0 7 0 0 2 0 5 0 0 0 0
219 10835 581 576 30 0 0 7 0 0 2 0 5 0 0 0 0
220 10835 581 576 30 0 0 7 0 0 2 0 5 0 0 0 0
221 10834 581 576 31 0 0 7 0 0 2 0 5 0 0 0 0
222 10830 583 578 31 0 0 7 0 0 2 0 5 0 0 0 0
223 10831 582 577 32 0 0 7 0 0 2 0 5 0 0 0 0
224 10829 583 578 32 0 0 7 0 0 2 0 5 0 0 0 0
225 10825 585 580 32 0 0 7 0 0 2 0 5 0 0 0 0
226 10826 585 580 31 0 0 7 0 0 2 0 5 0 0 0 0
227 10821 587 582 32 0 0 7 0 0 2 0 5 0 0 0 0
228 10813 591 586 32 0 0 7 0 0 2 0 5 0 0 0 0
229 10800 597 592 33 0 0 7 0 0 2 0 5 0 0 0 0
230 10796 599 594 33 0 0 7 0 0 2 0 5 0 0 0 0
231 10786 605 600 31 0 0 7 0 0 2 0 5 0 0 0 0
232 10789 603 598 32 0 0 7 0 0 2 0 5 0 0 0 0
233 10789 603 598 32 0 0 7 0 0 2 0 5 0 0 0 0
234 10789 604 599 30 0 0 7 0 0 2 0 5 0 0 0 0
235 10776 610 605 31 0 0 7 0 0 2 0 5 0 0 0 0
236 10775 610 605 32 0 0 7 0 0 2 0 5 0 0 0 0
237 10763 616 611 32 0 0 7 0 0 2 0 5 0 0 0 0
238 10754 620 615 33 0 0 7 0 0 2 0 5 0 0 0 0
239 10749 623 618 32 0 0 7 0 0 2 0 5 0 0 0 0
240 10751 622 617 32 0 0 7 0 0 2 0 5 0 0 0 0
241 10745 625 620 32 0 0 7 0 0 2 0 5 0 0 0 0
242 10742 627 622 31 0 0 7 0 0 2 0 5 0 0 0 0
243 10731 632 628 31 0 0 7 0 0 3 0 4 0 0 0 0
244 10717 639 635 31 0 0 7 0 0 3 0 4 0 0 0 0
245 10707 643 639 33 0 0 7 0 0 3 0 4 0 0 0 0
246 10698 647 643 34 0 0 7 0 0 3 0 4 0 0 0 0
247 10683 653 649 37 0 0 7 0 0 3 0 4 0 0 0 0
248 10681 654 649 36 0 0 8 0 0 3 0 5 0 0 0 0
249 10673 658 653 36 0 0 8 0 0 3 0 5 0 0 0 0
250 10657 666 661 36 0 0 8 0 0 3 0 5 0 0 0 0
251 10648 670 665 37 0 0 8 0 0 3 0 5 0 0 0 0
252 10637 675 670 38 0 0 8 0 0 3 0 5 0 0 0 0
253 10617 685 680 38 0 0 8 0 0 3 0 5 0 0 0 0
254 10602 692 687 39 0 0 8 0 0 3 0 5 0 0 0 0
255 10592 696 691 41 0 0 8 0 0 3 0 5 0 0 0 0
256 10590 697 692 41 0 0 8 0 0 3 0 5 0 0 0 0
257 10587 698 693 42 0 0 8 0 0 3 0 5 0 0 0 0
258 10580 701 696 43 0 0 8 0 0 3 0 5 0 0 0 0
259 10563 710 705 42 0 0 8 0 0 3 0 5 0 0 0 0
260 10554 713 708 45 0 0 8 0 0 3 0 5 0 0 0 0
261 10548 716 710 44 0 0 9 0 0 3 0 6 0 0 0 0
262 10532 723 717 46 0 0 9 0 0 3 0 6 0 0 0 0
263 10519 730 724 45 0 0 9 0 0 3 0 6 0 0 0 0
264 10515 731 725 47 0 0 9 0 0 3 0 6 0 0 0 0
265 10505 736 730 47 0 0 9 0 0 3 0 6 0 0 0 0
266 10478 747 741 52 0 0 9 0 0 3 0 6 0 0 0 0
267 10464 753 747 54 0 0 9 0 0 3 0 6 0 0 0 0
268 10451 760 754 51 0 0 9 1 0 3 0 7 0 0 0 0
269 10442 764 758 52 0 0 9 1 0 3 0 7 0 0 0 0
270 10432 769 763 52 0 0 9 1 0 3 0 7 0 0 0 0
271 10426 772 766 52 0 0 9 1 0 3 0 7 0 0 0 0
272 10422 772 766 56 0 0 9 1 0 3 0 7 0 0 0 0
273 10412 776 769 57 0 0 10 1 0 3 0 8 0 0 0 0
274 10399 782 775 58 0 0 10 1 0 3 0 8 0 0 0 0
275 10391 785 777 59 0 0 11 1 0 3 0 9 0 0 0 0
276 10384 787 779 62 0 0 11 1 0 3 0 9 0 0 0 0
277 10379 790 781 60 0 0 12 1 0 3 0 10 0 0 0 0
278 10366 796 787 61 0 0 12 1 0 3 0 10 0 0 0 0
279 10346 806 797 61 0 0 12 1 0 3 0 10 0 0 0 0
280 10334 811 801 62 0 0 13 1 0 3 0 11 0 0 0 0
281 10324 816 806 62 0 0 13 1 0 3 0 11 0 0 0 0
282 10308 823 811 62 0 0 15 1 0 3 0 13 0 0 0 0
283 10297 829 816 62 0 0 16 0 0 3 0 13 0 0 0 0
284 10294 830 816 60 0 0 18 0 0 4 0 14 0 0 0 0
285 10285 833 820 62 0 0 18 0 0 5 0 13 0 0 0 0
286 10283 834 821 62 0 0 18 0 0 5 0 13 0 0 0 0
287 10275 838 825 62 0 0 18 0 0 5 0 13 0 0 0 0
288 10275 838 825 62 0 0 18 0 0 5 0 13 0 0 0 0
289 10270 840 827 63 0 0 18 0 0 5 0 13 0 0 0 0
290 10268 841 828 63 0 0 18 0 0 5 0 13 0 0 0 0
291 10262 844 830 62 0 0 19 0 0 5 0 14 0 0 0 0
292 10256 848 834 60 0 0 19 0 0 5 0 14 0 0 0 0
293 10250 850 836 62 0 0 19 0 0 5 0 14 0 0 0 0
294 10238 856 843 61 0 0 19 0 0 6 0 13 0 0 0 0
295 10230 860 847 61 0 0 19 0 0 6 0 13 0 0 0 0
296 10234 858 844 60 0 0 20 0 0 6 0 14 0 0 0 0
297 10236 858 844 58 0 0 20 0 0 6 0 14 0 0 0 0
298 10237 857 843 57 0 0 21 0 0 7 0 14 0 0 0 0
299 10241 855 841 57 0 0 21 0 0 7 0 14 0 0 0 0
300 10236 858 844 56 0 0 21 0 0 7 0 14 0 0 0 0
301 10237 858 844 55 0 0 21 0 0 7 0 14 0 0 0 0
302 10238 858 844 54 0 0 21 0 0 7 0 14 0 0 0 0
303 10224 865 851 54 0 0 21 0 0 7 0 14 0 0 0 0
304 10207 874 860 53 0 0 21 0 0 7 0 14 0 0 0 0
305 10200 877 863 54 0 0 21 0 0 7 0 14 0 0 0 0
306 10199 878 864 53 0 0 21 0 0 7 0 14 0 0 0 0
307 10201 876 862 55 0 0 21 0 0 7 0 14 0 0 0 0
308 10204 874 860 56 0 0 21 0 0 7 0 14 0 0 0 0
309 10198 875 861 60 0 0 21 0 0 7 0 14 0 0 0 0
310 10189 879 865 61 0 0 21 0 0 7 0 14 0 0 0 0
311 10188 878 864 64 0 0 21 0 0 7 0 14 0 0 0 0
312 10182 881 867 64 0 0 21 0 0 7 0 14 0 0 0 0
313 10176 883 869 66 0 0 21 0 0 7 0 14 0 0 0 0
314 10175 883 868 66 0 0 22 0 0 7 0 15 0 0 0 0
315 10180 881 866 65 0 0 22 0 0 7 0 15 0 0 0 0
316 10182 881 866 63 0 0 22 0 0 7 0 15 0 0 0 0
317 10182 881 866 63 0 0 22 0 0 7 0 15 0 0 0 0
318 10184 880 865 63 0 0 22 0 0 7 0 15 0 0 0 0
319 10185 879 865 63 0 0 22 0 0 8 0 14 0 0 0 0
320 10184 880 866 62 0 0 22 0 0 8 0 14 0 0 0 0
321 10172 885 871 64 0 0 22 0 0 8 0 14 0 0 0 0
322 10176 883 869 64 0 0 22 0 0 8 0 14 0 0 0 0
323 10171 885 871 65 0 0 22 0 0 8 0 14 0 0 0 0
324 10163 889 875 65 0 0 22 0 0 8 0 14 0 0 0 0
325 10169 886 872 65 0 0 22 0 0 8 0 14 0 0 0 0
326 10164 888 874 66 0 0 22 0 0 8 0 14 0 0 0 0
327 10155 892 878 67 0 0 22 0 0 8 0 14 0 0 0 0
328 10153 892 878 69 0 0 22 0 0 8 0 14 0 0 0 0
329 10169 885 871 67 0 0 22 0 0 8 0 14 0 0 0 0
330 10172 883 871 66 0 0 22 0 0 10 0 12 0 0 0 0
331 10175 881 869 67 0 0 22 0 0 10 0 12 0 0 0 0
332 10167 885 873 67 0 0 22 0 0 10 0 12 0 0 0 0
333 10159 889 877 67 0 0 22 0 0 10 0 12 0 0 0 0
334 10160 888 876 68 0 0 22 0 0 10 0 12 0 0 0 0
335 10154 891 879 68 0 0 22 0 0 10 0 12 0 0 0 0
336 10154 891 879 68 0 0 22 0 0 10 0 12 0 0 0 0
337 10143 897 885 67 0 0 22 0 0 10 0 12 0 0 0 0
338 10152 893 881 66 0 0 22 0 0 10 0 12 0 0 0 0
339 10150 894 882 66 0 0 22 0 0 10 0 12 0 0 0 0
340 10150 894 882 66 0 0 22 0 0 10 0 12 0 0 0 0
341 10159 890 878 65 0 0 22 0 0 10 0 12 0 0 0 0
342 10156 892 880 64 0 0 22 0 0 10 0 12 0 0 0 0
343 10164 889 877 62 0 0 22 0 0 10 0 12 0 0 0 0
344 10160 891 879 62 0 0 22 0 0 10 0 12 0 0 0 0
345 10155 894 882 61 0 0 22 0 0 10 0 12 0 0 0 0
346 10150 896 884 62 0 0 22 0 0 10 0 12 0 0 0 0
347 10149 897 885 61 0 0 22 0 0 10 0 12 0 0 0 0
348 10143 899 887 63 0 0 22 0 0 10 0 12 0 0 0 0
349 10132 904 892 64 0 0 22 0 0 10 0 12 0 0 0 0
350 10129 905 893 65 0 0 22 0 0 10 0 12 0 0 0 0
351 10117 910 898 67 0 0 22 0 0 10 0 12 0 0 0 0
352 10117 909 898 68 0 0 22 0 0 11 0 11 0 0 0 0
353 10124 905 894 69 0 0 22 0 0 11 0 11 0 0 0 0
354 10123 906 896 67 0 0 22 0 0 12 0 10 0 0 0 0
355 10121 907 896 66 0 0 23 0 0 12 0 11 0 0 0 0
356 10111 911 900 68 0 0 23 0 0 12 0 11 0 0 0 0
357 10107 913 902 68 0 0 23 0 0 12 0 11 0 0 0 0
358 10105 914 903 68 0 0 23 0 0 12 0 11 0 0 0 0
359 10102 916 905 67 0 0 23 0 0 12 0 11 0 0 0 0
360 10101 917 906 66 0 0 23 0 0 12 0 11 0 0 0 0
361 10108 914 903 65 0 0 23 0 0 12 0 11 0 0 0 0
362 10108 914 903 65 0 0 23 0 0 12 0 11 0 0 0 0
363 10107 914 903 66 0 0 23 0 0 12 0 11 0 0 0 0
364 10105 914 902 67 0 0 24 0 0 12 0 12 0 0 0 0
365 10110 912 901 65 0 0 24 0 0 13 0 11 0 0 0 0
366 10111 911 900 66 0 0 24 0 0 13 0 11 0 0 0 0
367 10115 909 898 66 0 0 24 0 0 13 0 11 0 0 0 0
368 10116 909 898 65 0 0 24 0 0 13 0 11 0 0 0 0
369 10126 904 893 65 0 0 24 0 0 13 0 11 0 0 0 0
370 10132 901 890 65 0 0 24 0 0 13 0 11 0 0 0 0
371 10133 901 890 64 0 0 24 0 0 13 0 11 0 0 0 0
372 10141 897 885 63 0 0 25 0 0 13 0 12 0 0 0 0
373 10139 897 885 65 0 0 25 0 0 13 0 12 0 0 0 0
374 10138 897 885 66 0 0 25 0 0 13 0 12 0 0 0 0
375 10143 895 883 65 0 0 25 0 0 13 0 12 0 0 0 0
376 10140 896 885 65 0 0 24 1 0 13 0 12 0 0 0 0
377 10145 894 883 64 0 0 24 1 0 13 0 12 0 0 0 0
378 10154 889 879 64 0 0 24 1 0 14 0 11 0 0 0 0
379 10150 891 881 64 0 0 24 1 0 14 0 11 0 0 0 0
380 10160 886 876 64 0 0 24 1 0 14 0 11 0 0 0 0
381 10158 887 876 63 0 0 25 1 0 14 0 12 0 0 0 0
382 10157 887 876 64 0 0 25 1 0 14 0 12 0 0 0 0
383 10158 887 877 62 0 0 25 1 0 15 0 11 0 0 0 0
384 10156 888 877 61 0 0 26 1 0 15 0 12 0 0 0 0
385 10156 887 876 63 0 0 26 1 0 15 0 12 0 0 0 0
386 10153 888 875 62 0 0 28 1 0 15 0 14 0 0 0 0
387 10158 886 873 61 0 0 28 1 0 15 0 14 0 0 0 0
388 10169 880 867 62 0 0 28 1 0 15 0 14 0 0 0 0
389 10179 875 862 62 0 0 28 1 0 15 0 14 0 0 0 0
390 10186 871 858 63 0 0 28 1 0 15 0 14 0 0 0 0
391 10181 873 860 64 0 0 28 1 0 15 0 14 0 0 0 0
392 10192 868 855 63 0 0 28 1 0 15 0 14 0 0 0 0
393 10192 868 855 63 0 0 28 1 0 15 0 14 0 0 0 0
394 10202 863 850 63 0 0 28 1 0 15 0 14 0 0 0 0
395 10213 858 845 62 0 0 28 1 0 15 0 14 0 0 0 0
396 10202 864 851 61 0 0 28 1 0 15 0 14 0 0 0 0
397 10202 863 850 63 0 0 28 1 0 15 0 14 0 0 0 0
398 10210 859 846 63 0 0 28 1 0 15 0 14 0 0 0 0
399 10217 856 843 62 0 0 28 1 0 15 0 14 0 0 0 0
400 10215 857 844 62 0 0 28 1 0 15 0 14 0 0 0 0
401 10213 859 847 59 0 0 27 2 0 15 0 14 0 0 0 0
402 10215 858 846 59 0 0 27 2 0 15 0 14 0 0 0 0
403 10221 855 842 58 0 0 28 2 0 15 0 15 0 0 0 0
404 10221 855 842 58 0 0 28 2 0 15 0 15 0 0 0 0
405 10227 851 838 60 0 0 28 2 0 15 0 15 0 0 0 0
406 10229 850 837 60 0 0 28 2 0 15 0 15 0 0 0 0
407 10232 849 835 60 0 0 29 1 0 15 0 15 0 0 0 0
408 10231 849 835 61 0 0 29 1 0 15 0 15 0 0 0 0
409 10232 849 835 60 0 0 29 1 0 15 0 15 0 0 0 0
410 10231 851 837 57 0 0 29 1 0 15 0 15 0 0 0 0
411 10234 849 835 58 0 0 29 1 0 15 0 15 0 0 0 0
412 10235 848 834 59 0 0 29 1 0 15 0 15 0 0 0 0
413 10230 850 836 60 0 0 29 1 0 15 0 15 0 0 0 0
414 10234 848 834 60 0 0 29 1 0 15 0 15 0 0 0 0
415 10228 850 836 62 0 0 29 1 0 15 0 15 0 0 0 0
416 10227 850 836 63 0 0 29 1 0 15 0 15 0 0 0 0
417 10223 852 838 63 0 0 29 1 0 15 0 15 0 0 0 0
418 10225 851 837 63 0 0 29 1 0 15 0 15 0 0 0 0
419 10231 848 834 63 0 0 29 1 0 15 0 15 0 0 0 0
420 10236 846 832 62 0 0 29 1 0 15 0 15 0 0 0 0
421 10243 843 829 61 0 0 29 1 0 15 0 15 0 0 0 0
422 10251 839 826 60 0 0 29 1 0 16 0 14 0 0 0 0
423 10235 846 833 62 0 0 29 1 0 16 0 14 0 0 0 0
424 10232 847 833 62 0 0 30 1 0 16 0 15 0 0 0 0
425 10226 850 836 60 0 0 30 2 0 16 0 16 0 0 0 0
426 10217 855 841 59 0 0 30 2 0 16 0 16 0 0 0 0
427 10201 863 848 58 0 0 31 2 0 16 0 17 0 0 0 0
428 10207 860 845 58 0 0 31 2 0 16 0 17 0 0 0 0
429 10193 864 851 62 0 0 31 2 0 18 0 15 0 0 0 0
430 10197 862 849 62 0 0 31 2 0 18 0 15 0 0 0 0
431 10191 865 852 62 0 0 31 2 0 18 0 15 0 0 0 0
432 10188 867 853 60 0 0 32 2 0 18 0 16 0 0 0 0
433 10190 867 852 57 0 0 33 2 0 18 0 17 0 0 0 0
434 10173 875 861 57 0 0 33 2 0 19 0 16 0 0 0 0
435 10163 879 864 60 0 0 34 1 0 19 0 16 0 0 0 0
436 10146 887 872 61 0 0 34 1 0 19 0 16 0 0 0 0
437 10136 890 875 65 0 0 34 1 0 19 0 16 0 0 0 0
438 10134 890 875 67 0 0 34 1 0 19 0 16 0 0 0 0
439 10122 895 880 69 0 0 34 1 0 19 0 16 0 0 0 0
440 10120 896 881 69 0 0 34 1 0 19 0 16 0 0 0 0
441 10116 897 882 71 0 0 34 1 0 19 0 16 0 0 0 0
442 10109 899 884 74 0 0 34 1 0 19 0 16 0 0 0 0
443 10105 900 884 75 0 0 35 1 0 19 0 17 0 0 0 0
444 10094 905 888 75 0 0 36 1 0 19 0 18 0 0 0 0
445 10073 915 898 76 0 0 36 1 0 19 0 18 0 0 0 0
446 10058 922 905 77 0 0 36 1 0 19 0 18 0 0 0 0
447 10035 934 917 76 0 0 36 1 0 19 0 18 0 0 0 0
448 10034 934 916 76 0 0 37 1 0 19 0 19 0 0 0 0
449 10034 934 916 76 0 0 37 1 0 19 0 19 0 0 0 0
450 10028 936 918 78 0 0 37 1 0 19 0 19 0 0 0 0
451 10015 942 924 79 0 0 37 1 0 19 0 19 0 0 0 0
452 10006 946 928 80 0 0 37 1 0 19 0 19 0 0 0 0
453 10001 949 931 79 0 0 37 1 0 19 0 19 0 0 0 0
454 10004 947 929 80 0 0 37 1 0 19 0 19 0 0 0 0
455 9997 949 932 82 0 0 36 2 0 19 0 19 0 0 0 0
456 9985 954 937 82 0 0 36 3 0 19 0 20 0 0 0 0
457 9973 956 939 90 0 0 36 3 0 19 0 20 0 0 0 0
458 9964 960 942 90 0 0 37 3 0 19 0 21 0 0 0 0
459 9958 963 945 90 0 0 37 3 0 19 0 21 0 0 0 0
460 9960 961 943 92 0 0 37 3 0 19 0 21 0 0 0 0
461 9936 973 954 91 0 0 38 3 0 19 0 22 0 0 0 0
462 9938 971 951 92 0 0 39 3 0 19 0 23 0 0 0 0
463 9924 979 956 89 0 0 41 3 0 18 0 26 0 0 0 0
464 9917 982 957 88 0 0 43 3 0 18 0 28 0 0 0 0
465 9904 988 963 87 0 0 43 4 0 18 0 29 0 0 0 0
466 9891 994 968 87 0 0 44 4 0 18 0 30 0 0 0 0
467 9862 1007 981 90 0 0 44 4 0 18 0 30 0 0 0 0
468 9833 1020 992 93 0 0 45 4 0 17 0 32 0 0 0 0
469 9822 1025 997 94 0 0 45 4 0 17 0 32 0 0 0 0
470 9808 1032 1004 94 0 0 45 4 0 17 0 32 0 0 0 0
471 9804 1034 1005 93 0 0 46 4 0 17 0 33 0 0 0 0
472 9773 1050 1020 91 0 0 47 4 0 17 0 34 0 0 0 0
473 9765 1054 1024 91 0 0 47 4 0 17 0 34 0 0 0 0
474 9738 1066 1036 94 0 0 47 4 0 17 0 34 0 0 0 0
475 9727 1069 1040 96 0 0 47 5 0 18 0 34 0 0 0 0
476 9725 1069 1040 98 0 0 47 5 0 18 0 34 0 0 0 0
477 9729 1067 1036 97 0 0 49 4 0 18 0 35 0 0 0 1
478 9732 1063 1031 101 0 0 50 4 0 18 0 36 0 0 0 1
479 9712 1071 1039 105 0 0 50 4 0 18 0 36 0 0 0 1
480 9703 1074 1043 107 0 0 50 4 0 19 0 35 0 0 0 1
481 9695 1078 1046 104 0 0 51 5 0 19 0 37 0 0 0 1
482 9686 1080 1048 109 0 0 51 5 0 19 0 37 0 0 0 1
483 9674 1086 1053 108 0 0 52 5 0 19 0 38 0 0 0 1
484 9654 1096 1063 108 0 0 52 5 0 19 0 38 0 0 0 1
485 9644 1100 1067 108 0 0 53 5 0 20 0 38 0 0 0 1
486 9644 1100 1067 106 0 0 53 6 0 20 0 39 0 0 0 1
487 9638 1103 1069 105 0 0 54 6 0 20 0 40 0 0 0 1
488 9641 1103 1068 103 0 0 55 5 0 20 0 40 0 0 0 1
489 9623 1111 1076 103 0 0 55 6 0 20 0 41 0 0 0 1
490 9605 1119 1084 105 0 0 55 6 0 20 0 41 0 0 0 1
491 9600 1121 1086 106 0 0 55 6 0 20 0 41 0 0 0 1
492 9591 1123 1089 110 0 0 55 6 0 21 0 40 0 0 0 1
493 9576 1130 1096 111 0 0 55 6 0 21 0 40 0 0 0 1
494 9566 1134 1099 112 0 0 56 6 0 21 0 41 0 0 0 1
495 9566 1134 1099 112 0 0 56 6 0 21 0 41 0 0 0 1
496 9558 1137 1101 113 0 0 57 6 0 21 0 42 0 0 0 1
497 9549 1141 1106 113 0 0 57 6 0 22 0 41 0 0 0 1
498 9560 1136 1101 112 0 0 57 6 0 22 0 41 0 0 0 1
499 9558 1138 1102 111 0 0 57 6 0 21 0 42 0 0 0 1
500 9546 1144 1108 111 0 0 57 6 0 21 0 42 0 0 0 1
501 9534 1151 1115 109 0 0 57 6 0 21 0 42 0 0 0 1
502 9536 1149 1114 110 0 0 57 6 0 22 0 41 0 0 0 1
503 9528 1153 1118 110 0 0 57 6 0 22 0 41 0 0 0 1
504 9533 1150 1115 111 0 0 57 6 0 22 0 41 0 0 0 1
505 9537 1148 1113 111 0 0 57 6 0 22 0 41 0 0 0 1
506 9531 1149 1114 115 0 0 57 6 0 22 0 41 0 0 0 1
507 9529 1149 1114 117 0 0 57 6 0 22 0 41 0 0 0 1
508 9521 1155 1120 113 0 0 57 6 0 22 0 41 0 0 0 1
509 9505 1162 1127 115 0 0 57 6 0 22 0 41 0 0 0 1
510 9500 1164 1128 115 0 0 58 6 0 22 0 42 0 0 0 1
511 9496 1167 1131 113 0 0 58 6 0 22 0 42 0 0 0 1
512 9488 1170 1133 114 0 0 59 6 0 22 0 43 0 0 0 1
513 9492 1168 1131 114 0 0 59 6 0 22 0 43 0 0 0 1
514 9476 1175 1137 115 0 0 60 6 0 22 0 44 0 0 0 1
515 9477 1173 1134 117 0 0 61 6 0 22 0 45 0 0 0 1
516 9478 1173 1134 116 0 0 61 6 0 22 0 45 0 0 0 1
517 9464 1180 1141 116 0 0 61 6 0 22 0 45 0 0 0 1
518 9466 1178 1141 116 0 0 60 7 0 23 0 44 0 0 0 1
519 9467 1176 1138 118 0 0 61 7 0 23 0 45 0 0 0 1
520 9473 1172 1135 119 0 0 60 8 0 23 0 45 0 0 0 1
521 9459 1178 1141 121 0 0 60 8 0 23 0 45 0 0 0 1
522 9467 1173 1136 123 0 0 60 8 0 23 0 45 0 0 0 1
523 9460 1177 1140 122 0 0 60 8 0 23 0 45 0 0 0 1
524 9461 1177 1140 121 0 0 60 8 0 23 0 45 0 0 0 1
525 9461 1178 1141 119 0 0 60 8 0 23 0 45 0 0 0 1
526 9461 1178 1141 119 0 0 60 8 0 23 0 45 0 0 0 1
527 9461 1178 1142 118 0 0 60 8 0 24 0 44 0 0 0 1
528 9461 1176 1141 121 0 0 60 8 0 25 0 43 0 0 0 1
529 9459 1178 1143 119 0 0 60 8 0 25 0 43 0 0 0 1
530 9455 1181 1146 117 0 0 60 8 0 25 0 43 0 0 0 1
531 9454 1182 1147 116 0 0 60 8 0 25 0 43 0 0 0 1
532 9455 1181 1147 114 0 0 61 8 0 27 0 42 0 0 0 1
533 9443 1186 1151 115 0 0 62 8 0 27 0 43 0 0 0 1
534 9439 1187 1152 117 0 0 62 8 0 27 0 43 0 0 0 1
535 9427 1193 1159 116 0 0 61 9 0 27 0 43 0 0 0 1
536 9434 1188 1154 119 0 0 61 9 0 27 0 43 0 0 0 1
537 9438 1185 1151 121 0 0 61 9 0 27 0 43 0 0 0 1
538 9442 1183 1150 118 0 0 60 11 0 27 0 44 0 0 0 1
539 9451 1179 1145 116 0 0 61 11 0 27 0 45 0 0 0 1
540 9448 1179 1145 119 0 0 61 11 0 27 0 45 0 0 0 1
541 9445 1180 1146 120 0 0 61 11 0 27 0 45 0 0 0 1
542 9442 1181 1147 119 0 0 62 11 0 28 0 45 0 0 0 1
543 9457 1174 1140 118 0 0 62 11 0 28 0 45 0 0 0 1
544 9452 1177 1143 117 0 0 62 11 0 28 0 45 0 0 0 1
545 9443 1180 1146 120 0 0 62 11 0 28 0 45 0 0 0 1
546 9432 1185 1152 120 0 0 62 11 0 29 0 44 0 0 0 1
547 9436 1182 1149 122 0 0 62 11 0 29 0 44 0 0 0 1
548 9437 1182 1148 122 0 0 63 10 0 29 0 44 0 0 0 1
549 9429 1187 1153 120 0 0 63 10 0 29 0 44 0 0 0 1
550 9433 1183 1150 123 0 0 62 11 0 29 0 44 0 0 0 1
551 9427 1187 1154 119 0 0 62 12 0 29 0 45 0 0 0 1
552 9417 1191 1158 121 0 0 62 12 0 29 0 45 0 0 0 1
553 9412 1193 1160 122 0 0 62 12 0 29 0 45 0 0 0 1
554 9409 1194 1161 123 0 0 62 12 0 29 0 45 0 0 0 1
555 9401 1198 1165 123 0 0 62 12 0 29 0 45 0 0 0 1
556 9393 1201 1169 124 0 0 62 12 0 30 0 44 0 0 0 1
557 9400 1198 1165 124 0 0 63 11 0 30 0 44 0 0 0 1
558 9398 1197 1165 127 0 0 63 11 0 31 0 43 0 0 0 1
559 9400 1196 1163 127 0 0 64 10 0 31 0 43 0 0 0 2
560 9391 1200 1167 128 0 0 64 10 0 31 0 43 0 0 0 2
561 9386 1203 1170 127 0 0 64 10 0 31 0 43 0 0 0 2
562 9387 1202 1169 128 0 0 64 10 0 31 0 43 0 0 0 2
563 9381 1206 1173 126 0 0 64 10 0 31 0 43 0 0 0 2
564 9386 1204 1171 125 0 0 64 10 0 31 0 43 0 0 0 2
565 9389 1202 1169 126 0 0 64 10 0 31 0 43 0 0 0 2
566 9388 1203 1169 126 0 0 64 10 0 30 0 44 0 0 0 2
567 9397 1199 1164 124 0 0 65 10 0 30 0 45 0 0 0 2
568 9397 1199 1165 123 0 0 65 10 0 31 0 44 0 0 0 2
569 9405 1195 1162 122 0 0 65 10 0 32 0 43 0 0 0 2
570 9398 1199 1167 120 0 0 65 10 0 33 0 42 0 0 0 2
571 9394 1200 1169 121 0 0 64 11 0 33 0 42 0 0 0 2
572 9387 1203 1172 122 0 0 64 11 0 33 0 42 0 0 0 2
573 9393 1199 1169 123 0 0 64 11 0 34 0 41 0 0 0 2
574 9390 1201 1170 123 0 0 64 11 0 33 0 42 0 0 0 2
575 9395 1199 1168 122 0 0 64 11 0 33 0 42 0 0 0 2
576 9393 1197 1166 128 0 0 64 11 0 33 0 42 0 0 0 2
577 9395 1196 1166 127 0 0 64 11 0 34 0 41 0 0 0 2
578 9403 1190 1161 130 0 0 64 11 0 35 0 40 0 0 0 2
579 9403 1189 1160 132 0 0 64 11 0 35 0 40 0 0 0 2
580 9402 1189 1160 133 0 0 64 11 0 35 0 40 0 0 0 2
581 9400 1191 1162 131 0 0 64 11 0 35 0 40 0 0 0 2
582 9392 1194 1165 133 0 0 64 11 0 35 0 40 0 0 0 2
583 9396 1194 1164 128 0 0 65 11 0 35 0 41 0 0 0 2
584 9395 1195 1165 127 0 0 66 10 0 36 0 40 0 0 0 2
585 9388 1199 1169 126 0 0 66 10 0 36 0 40 0 0 0 2
586 9384 1201 1171 126 0 0 66 10 0 36 0 40 0 0 0 2
587 9374 1206 1177 125 0 0 66 10 0 37 0 39 0 0 0 2
588 9378 1204 1175 125 0 0 66 10 0 37 0 39 0 0 0 2
589 9383 1201 1172 126 0 0 66 10 0 37 0 39 0 0 0 2
590 9377 1204 1175 126 0 0 66 10 0 37 0 39 0 0 0 2
591 9378 1204 1175 123 0 0 67 10 0 38 0 39 0 0 0 2
592 9366 1210 1181 123 0 0 67 10 0 38 0 39 0 0 0 2
593 9370 1209 1180 121 0 0 67 10 0 38 0 39 0 0 0 2
594 9372 1209 1179 120 0 0 67 10 0 37 0 40 0 0 0 2
595 9374 1206 1178 122 0 0 66 11 0 38 0 39 0 0 0 2
596 9374 1206 1178 122 0 0 66 11 0 38 0 39 0 0 0 2
597 9369 1208 1179 124 0 0 67 10 0 38 0 39 0 0 0 2
598 9375 1205 1177 123 0 0 67 10 0 39 0 38 0 0 0 2
599 9390 1197 1169 124 0 0 67 10 0 39 0 38 0 0 0 2
600 9400 1191 1162 125 0 0 68 10 0 39 0 39 0 0 0 2
601 9409 1185 1158 126 0 0 68 10 0 41 0 37 0 0 0 2
602 9413 1185 1158 122 0 0 68 10 0 41 0 37 0 0 0 2
603 9427 1179 1150 120 0 0 70 9 0 41 0 38 0 0 0 2
604 9421 1183 1155 117 0 0 70 9 0 42 0 37 0 0 0 2
605 9414 1185 1156 121 0 0 70 9 0 41 0 38 0 0 0 2
606 9423 1180 1151 122 0 0 70 9 0 41 0 38 0 0 0 2
607 9419 1183 1153 117 0 0 71 10 0 41 0 40 0 0 0 2
608 9433 1176 1146 117 0 0 71 10 0 41 0 40 0 0 0 2
609 9434 1175 1146 117 0 0 71 10 0 42 0 39 0 0 0 2
610 9433 1176 1147 116 0 0 71 10 0 42 0 39 0 0 0 2
611 9430 1176 1147 119 0 0 71 10 0 42 0 39 0 0 0 2
612 9436 1174 1144 118 0 0 72 9 0 42 0 39 0 0 0 2
613 9440 1172 1142 112 0 0 74 10 0 44 0 40 0 0 0 2
614 9445 1169 1139 113 0 0 74 10 0 44 0 40 0 0 0 2
615 9447 1167 1137 115 0 0 74 10 0 44 0 40 0 0 0 2
616 9458 1161 1131 114 0 0 75 10 0 45 0 40 0 0 0 2
617 9452 1161 1132 119 0 0 75 10 0 46 0 39 0 0 0 2
618 9452 1162 1133 117 0 0 75 10 0 46 0 39 0 0 0 2
619 9458 1159 1131 116 0 0 75 10 0 47 0 38 0 0 0 2
620 9469 1152 1126 117 0 0 75 10 0 49 0 36 0 0 0 2
621 9455 1159 1132 116 0 0 76 10 0 49 0 37 0 0 0 2
622 9446 1164 1137 115 0 0 76 10 0 49 0 37 0 0 0 2
623 9442 1165 1139 116 0 0 76 10 0 50 0 36 0 0 0 2
624 9444 1165 1139 114 0 0 76 10 0 50 0 36 0 0 0 2
625 9445 1164 1138 115 0 0 76 10 0 50 0 36 0 0 0 2
626 9434 1169 1143 116 0 0 76 10 0 50 0 36 0 0 0 2
627 9434 1168 1141 118 0 0 77 9 0 50 0 36 0 0 0 3
628 9427 1171 1143 119 0 0 78 8 0 50 0 36 0 0 0 4
629 9410 1178 1151 121 0 0 77 9 0 50 0 36 0 0 0 4
630 9407 1177 1150 126 0 0 77 9 0 50 0 36 0 0 0 4
631 9396 1181 1154 129 0 0 77 9 0 50 0 36 0 0 0 4
632 9390 1183 1155 130 0 0 78 9 0 50 0 37 0 0 0 4
633 9395 1182 1154 127 0 0 78 9 0 50 0 37 0 0 0 4
634 9382 1188 1160 128 0 0 78 9 0 50 0 37 0 0 0 4
635 9374 1192 1163 127 0 0 79 9 0 50 0 38 0 0 0 4
636 9367 1195 1166 128 0 0 79 9 0 50 0 38 0 0 0 4
637 9370 1193 1165 128 0 0 79 9 0 51 0 37 0 0 0 4
638 9359 1198 1170 129 0 0 79 9 0 51 0 37 0 0 0 4
639 9357 1200 1172 127 0 0 79 9 0 51 0 37 0 0 0 4
640 9351 1203 1175 127 0 0 79 9 0 51 0 37 0 0 0 4
641 9331 1213 1185 127 0 0 79 9 0 51 0 37 0 0 0 4
642 9324 1215 1187 130 0 0 79 9 0 51 0 37 0 0 0 4
643 9318 1219 1191 128 0 0 79 9 0 51 0 37 0 0 0 4
644 9319 1217 1189 131 0 0 79 9 0 51 0 37 0 0 0 4
645 9330 1214 1184 126 0 0 80 9 0 50 0 39 0 0 0 4
646 9316 1217 1189 132 0 0 79 10 0 51 0 38 0 0 0 4
647 9309 1219 1191 135 0 0 79 10 0 51 0 38 0 0 0 4
648 9295 1226 1197 134 0 0 80 10 0 51 0 39 0 0 0 4
649 9291 1227 1198 136 0 0 80 10 0 51 0 39 0 0 0 4
650 9286 1231 1202 133 0 0 80 10 0 51 0 39 0 0 0 4
651 9284 1232 1202 130 0 0 81 11 0 51 0 41 0 0 0 4
652 9271 1238 1208 131 0 0 81 11 0 51 0 41 0 0 0 4
653 9258 1244 1213 131 0 0 82 11 0 51 0 42 0 0 0 4
654 9246 1248 1217 135 0 0 82 11 0 51 0 42 0 0 0 4
655 9251 1245 1213 135 0 0 83 11 0 51 0 43 0 0 0 4
656 9237 1251 1218 136 0 0 84 11 0 51 0 44 0 0 0 4
657 9230 1254 1219 137 0 0 86 10 0 51 0 45 0 0 0 4
658 9218 1259 1224 139 0 0 86 10 0 51 0 45 0 0 0 4
659 9215 1259 1223 141 0 0 87 10 0 51 0 46 0 0 0 4
660 9217 1257 1221 143 0 0 87 10 0 51 0 46 0 0 0 4
661 9198 1266 1229 143 0 0 88 10 0 51 0 47 0 0 0 4
662 9192 1268 1230 144 0 0 89 10 0 51 0 48 0 0 0 4
663 9175 1276 1238 143 0 0 90 10 0 52 0 48 0 0 0 4
664 9176 1275 1237 144 0 0 90 10 0 52 0 48 0 0 0 4
665 9169 1278 1238 144 0 0 92 9 0 52 0 49 0 0 0 5
666 9155 1283 1243 148 0 0 92 9 0 52 0 49 0 0 0 5
667 9152 1283 1243 151 0 0 92 9 0 52 0 49 0 0 0 5
668 9146 1284 1244 155 0 0 92 9 0 52 0 49 0 0 0 5
669 9132 1290 1250 155 0 0 92 10 0 52 0 50 0 0 0 5
670 9116 1297 1257 157 0 0 92 10 0 52 0 50 0 0 0 5
671 9107 1302 1261 155 0 0 93 10 0 52 0 51 0 0 0 5
672 9082 1312 1271 160 0 0 93 10 0 52 0 51 0 0 0 5
673 9052 1326 1283 160 0 0 95 10 0 52 0 53 0 0 0 5
674 9047 1328 1285 161 0 0 95 10 0 52 0 53 0 0 0 5
675 9048 1325 1282 166 0 0 95 10 0 52 0 53 0 0 0 5
676 9044 1326 1284 167 0 0 94 11 0 52 0 53 0 0 0 5
677 9019 1337 1296 169 0 0 94 11 0 53 0 52 0 0 0 5
678 9017 1338 1295 167 0 0 96 11 0 53 0 54 0 0 0 5
679 9010 1341 1298 166 0 0 96 12 0 53 0 55 0 0 0 5
680 8997 1347 1304 167 0 0 96 12 0 53 0 55 0 0 0 5
681 8988 1350 1306 169 0 0 97 12 0 53 0 56 0 0 0 5
682 8975 1354 1310 174 0 0 97 12 0 53 0 56 0 0 0 5
683 8957 1363 1319 174 0 0 97 12 0 53 0 56 0 0 0 5
684 8946 1369 1322 174 0 0 100 10 0 53 0 57 0 0 0 5
685 8935 1375 1326 173 0 0 101 10 0 52 0 59 0 0 0 5
686 8929 1377 1328 175 0 0 101 10 0 52 0 59 0 0 0 5
687 8922 1381 1330 175 0 0 103 8 0 52 0 59 0 0 0 6
688 8927 1377 1325 177 0 0 104 8 0 52 0 60 0 0 0 6
689 8918 1380 1328 180 0 0 104 8 0 52 0 60 0 0 0 6
690 8920 1379 1326 179 0 0 105 8 0 52 0 61 0 0 0 6
691 8911 1383 1329 179 0 0 106 8 0 52 0 62 0 0 0 6
692 8908 1385 1330 175 0 0 107 9 0 52 0 64 0 0 0 6
693 8901 1389 1333 173 0 0 108 9 0 52 0 65 0 0 0 6
694 8906 1388 1331 169 0 0 109 9 0 52 0 66 0 0 0 6
695 8906 1388 1330 168 0 0 110 9 0 52 0 67 0 0 0 6
696 8888 1396 1338 170 0 0 110 9 0 52 0 67 0 0 0 6
697 8882 1398 1340 172 0 0 110 9 0 52 0 67 0 0 0 6
698 8887 1395 1337 173 0 0 110 9 0 52 0 67 0 0 0 6
699 8895 1389 1332 176 0 0 110 9 0 53 0 66 0 0 0 6
700 8898 1388 1331 175 0 0 110 9 0 53 0 66 0 0 0 6
701 8906 1383 1325 174 0 0 112 9 0 54 0 67 0 0 0 6
702 8895 1386 1329 178 0 0 112 9 0 55 0 66 0 0 0 6
703 8899 1385 1328 176 0 0 112 9 0 55 0 66 0 0 0 6
704 8896 1385 1330 177 0 0 111 10 0 56 0 65 0 0 0 6
705 8889 1390 1336 173 0 0 110 11 0 56 0 65 0 0 0 6
706 8873 1398 1344 172 0 0 110 11 0 56 0 65 0 0 0 7
707 8871 1398 1344 172 0 0 111 11 0 57 0 65 0 0 0 7
708 8860 1403 1349 171 0 0 112 11 0 58 0 65 0 0 0 7
709 8854 1406 1351 172 0 0 113 10 0 58 0 65 0 0 0 7
710 8851 1406 1353 173 0 0 112 11 0 59 0 64 0 0 0 7
711 8846 1407 1352 176 0 0 113 11 0 58 0 66 0 0 0 7
712 8852 1406 1349 172 0 0 115 10 0 58 0 67 0 0 0 7
713 8850 1407 1350 172 0 0 115 10 0 58 0 67 0 0 0 7
714 8852 1405 1349 171 0 0 115 11 0 59 0 67 0 0 0 7
715 8846 1408 1351 172 0 0 115 11 0 58 0 68 0 0 0 7
716 8843 1410 1352 170 0 0 116 11 0 58 0 69 0 0 0 7
717 8839 1412 1354 170 0 0 116 11 0 58 0 69 0 0 0 7
718 8845 1408 1350 172 0 0 116 11 0 58 0 69 0 0 0 7
719 8850 1406 1347 170 0 0 117 11 0 58 0 70 0 0 0 7
720 8850 1407 1348 168 0 0 117 11 0 58 0 70 0 0 0 7
721 8859 1402 1342 168 0 0 118 11 0 58 0 71 0 0 0 7
722 8859 1403 1344 165 0 0 118 11 0 59 0 70 0 0 0 7
723 8855 1404 1346 166 0 0 118 11 0 60 0 69 0 0 0 7
724 8849 1407 1347 164 0 0 120 11 0 60 0 71 0 0 0 7
725 8849 1407 1347 164 0 0 120 11 0 60 0 71 0 0 0 7
726 8848 1408 1349 162 0 0 120 11 0 61 0 70 0 0 0 7
727 8853 1404 1344 166 0 0 120 11 0 60 0 71 0 0 0 7
728 8851 1405 1344 165 0 0 121 11 0 60 0 72 0 0 0 7
729 8843 1409 1347 162 0 0 122 12 0 60 0 74 0 0 0 7
730 8848 1407 1344 160 0 0 123 12 0 60 0 75 0 0 0 7
731 8852 1404 1341 162 0 0 123 12 0 60 0 75 0 0 0 7
732 8851 1404 1341 163 0 0 123 12 0 60 0 75 0 0 0 7
733 8855 1403 1339 160 0 0 124 12 0 60 0 76 0 0 0 7
734 8857 1401 1337 162 0 0 124 12 0 60 0 76 0 0 0 7
735 8868 1396 1332 161 0 0 124 12 0 60 0 76 0 0 0 7
736 8881 1388 1324 164 0 0 124 12 0 60 0 76 0 0 0 7
737 8888 1385 1320 162 0 0 125 12 0 60 0 77 0 0 0 7
738 8897 1381 1316 161 0 0 125 12 0 60 0 77 0 0 0 7
739 8906 1377 1311 159 0 0 126 12 0 60 0 78 0 0 0 7
740 8902 1376 1312 163 0 0 126 12 0 62 0 76 0 0 0 7
741 8896 1378 1314 164 0 0 126 12 0 62 0 76 0 0 0 8
742 8887 1382 1318 165 0 0 126 12 0 62 0 76 0 0 0 8
743 8892 1380 1315 165 0 0 127 11 0 62 0 76 0 0 0 8
744 8886 1381 1317 168 0 0 126 12 0 62 0 76 0 0 0 8
745 8881 1383 1318 170 0 0 126 12 0 61 0 77 0 0 0 8
746 8881 1384 1319 168 0 0 126 12 0 61 0 77 0 0 0 8
747 8880 1385 1320 167 0 0 126 12 0 61 0 77 0 0 0 8
748 8887 1381 1316 168 0 0 126 12 0 61 0 77 0 0 0 8
749 8882 1382 1316 170 0 0 127 12 0 61 0 78 0 0 0 8
750 8882 1383 1316 167 0 0 128 12 0 61 0 79 0 0 0 8
751 8874 1386 1318 168 0 0 129 12 0 61 0 80 0 0 0 8
752 8871 1385 1318 170 0 0 129 13 0 62 0 80 0 0 0 8
753 8874 1383 1316 169 0 0 130 13 0 63 0 80 0 0 0 8
754 8872 1383 1316 171 0 0 130 13 0 63 0 80 0 0 0 8
755 8861 1387 1322 172 0 0 129 14 0 64 0 79 0 0 0 8
756 8868 1381 1318 175 0 0 129 14 0 66 0 77 0 0 0 8
757 8867 1381 1318 176 0 0 129 14 0 66 0 77 0 0 0 8
758 8865 1384 1317 170 0 0 132 14 0 65 0 81 0 0 0 8
759 8866 1383 1315 169 0 0 133 14 0 65 0 82 0 0 0 9
760 8871 1382 1314 166 0 0 133 14 0 65 0 82 0 0 0 9
761 8883 1376 1305 165 0 0 135 14 0 64 0 85 0 0 0 9
762 8890 1372 1302 163 0 0 136 14 0 66 0 84 0 0 0 9
763 8883 1376 1306 162 0 0 136 14 0 66 0 84 0 0 0 9
764 8888 1373 1303 163 0 0 136 14 0 66 0 84 0 0 0 9
765 8876 1380 1310 161 0 0 136 14 0 66 0 84 0 0 0 9
766 8877 1378 1308 164 0 0 136 14 0 66 0 84 0 0 0 9
767 8898 1368 1299 162 0 0 136 14 0 67 0 83 0 0 0 9
768 8887 1372 1303 165 0 0 136 14 0 67 0 83 0 0 0 9
769 8896 1367 1302 162 0 0 136 14 0 71 0 79 0 0 0 9
770 8890 1369 1305 163 0 0 136 14 0 72 0 78 0 0 0 9
771 8905 1363 1297 158 0 0 138 14 0 72 0 80 0 0 0 9
772 8910 1362 1296 155 0 0 138 14 0 72 0 80 0 0 0 9
773 8916 1360 1294 153 0 0 138 14 0 72 0 80 0 0 0 9
774 8935 1352 1286 150 0 0 138 14 0 72 0 80 0 0 0 9
775 8937 1351 1285 150 0 0 138 14 0 72 0 80 0 0 0 9
776 8941 1346 1281 155 0 0 138 14 0 73 0 79 0 0 0 9
777 8936 1348 1283 156 0 0 138 14 0 73 0 79 0 0 0 9
778 8936 1348 1283 156 0 0 138 14 0 73 0 79 0 0 0 9
779 8934 1349 1285 155 0 0 139 13 0 75 0 77 0 0 0 9
780 8953 1340 1276 154 0 0 139 13 0 75 0 77 0 0 0 9
781 8948 1342 1278 153 0 0 140 13 0 76 0 77 0 0 0 9
782 8951 1341 1277 152 0 0 140 13 0 76 0 77 0 0 0 9
783 8949 1341 1277 154 0 0 140 13 0 76 0 77 0 0 0 9
784 8948 1341 1277 155 0 0 140 13 0 76 0 77 0 0 0 9
785 8947 1342 1279 153 0 0 140 13 0 77 0 76 0 0 0 9
786 8957 1336 1274 152 0 0 141 13 0 79 0 75 0 0 0 9
787 8962 1333 1271 153 0 0 141 13 0 79 0 75 0 0 0 9
788 8964 1330 1269 156 0 0 141 13 0 80 0 74 0 0 0 9
789 8980 1322 1261 156 0 0 141 13 0 80 0 74 0 0 0 9
790 8986 1319 1258 156 0 0 141 13 0 80 0 74 0 0 0 9
791 9003 1310 1251 155 0 0 140 14 0 81 0 73 0 0 0 9
792 8988 1316 1256 157 0 0 141 14 0 81 0 74 0 0 0 9
793 8999 1310 1250 158 0 0 141 14 0 81 0 74 0 0 0 9
794 8988 1315 1255 159 0 0 141 14 0 81 0 74 0 0 0 9
795 9001 1310 1249 156 0 0 142 13 0 81 0 74 0 0 0 10
796 8992 1315 1254 155 0 0 142 13 0 81 0 74 0 0 0 10
797 9003 1309 1250 154 0 0 142 13 0 83 0 72 0 0 0 10
798 9009 1306 1249 152 0 0 141 14 0 84 0 71 0 0 0 10
799 9016 1303 1246 151 0 0 141 14 0 84 0 71 0 0 0 10
800 9023 1300 1242 150 0 0 142 13 0 84 0 71 0 0 0 11
801 9023 1300 1242 150 0 0 142 13 0 84 0 71 0 0 0 11
802 9018 1301 1244 152 0 0 142 13 0 85 0 70 0 0 0 11
803 9023 1297 1241 154 0 0 141 14 0 85 0 70 0 0 0 11
804 9017 1297 1243 158 0 0 141 14 0 87 0 68 0 0 0 11
805 9029 1291 1237 158 0 0 141 14 0 87 0 68 0 0 0 11
806 9037 1286 1233 159 0 0 141 14 0 88 0 67 0 0 0 11
807 9040 1283 1232 160 0 0 140 15 0 89 0 66 0 0 0 11
808 9043 1282 1231 157 0 0 141 15 0 90 0 66 0 0 0 11
809 9052 1276 1225 159 0 0 142 14 0 91 0 65 0 0 0 12
810 9051 1275 1225 161 0 0 142 14 0 92 0 64 0 0 0 12
811 9053 1272 1222 163 0 0 143 14 0 93 0 64 0 0 0 12
812 9053 1271 1223 163 0 0 142 15 0 94 0 63 0 0 0 12
813 9044 1276 1229 161 0 0 141 16 0 94 0 63 0 0 0 12
814 9051 1272 1224 161 0 0 142 16 0 94 0 64 0 0 0 12
815 9050 1271 1223 164 0 0 142 16 0 94 0 64 0 0 0 12
816 9059 1266 1220 163 0 0 142 16 0 96 0 62 0 0 0 12
817 9053 1268 1221 162 0 0 144 16 0 97 0 63 0 0 0 12
818 9065 1262 1214 159 0 0 145 17 0 97 0 65 0 0 0 12
819 9077 1257 1211 155 0 0 144 18 0 98 0 64 0 0 0 12
820 9089 1251 1205 155 0 0 144 18 0 98 0 64 0 0 0 12
821 9095 1245 1201 159 0 0 144 18 0 100 0 62 0 0 0 12
822 9092 1246 1202 158 0 0 145 18 0 101 0 62 0 0 0 12
823 9090 1248 1204 156 0 0 145 18 0 101 0 62 0 0 0 12
824 9099 1244 1200 155 0 0 145 18 0 101 0 62 0 0 0 12
825 9094 1247 1204 153 0 0 145 18 0 102 0 61 0 0 0 12
826 9089 1250 1207 152 0 0 145 18 0 102 0 61 0 0 0 12
827 9092 1248 1205 153 0 0 145 18 0 102 0 61 0 0 0 12
828 9094 1247 1202 154 0 0 147 16 0 102 0 61 0 0 0 13
829 9081 1253 1208 155 0 0 147 16 0 102 0 61 0 0 0 13
830 9085 1252 1207 153 0 0 147 16 0 102 0 61 0 0 0 13
831 9084 1252 1207 152 0 0 148 16 0 103 0 61 0 0 0 13
832 9080 1254 1209 152 0 0 148 16 0 103 0 61 0 0 0 13
833 9071 1259 1213 150 0 0 149 16 0 103 0 62 0 0 0 13
834 9059 1264 1218 152 0 0 149 16 0 103 0 62 0 0 0 13
835 9057 1265 1218 151 0 0 150 16 0 103 0 63 0 0 0 13
836 9050 1268 1221 152 0 0 150 16 0 103 0 63 0 0 0 13
837 9048 1268 1220 153 0 0 151 16 0 103 0 64 0 0 0 13
838 9034 1274 1226 155 0 0 151 16 0 103 0 64 0 0 0 13
839 9025 1277 1227 156 0 0 153 16 0 103 0 66 0 0 0 13
840 9015 1280 1232 156 0 0 151 19 0 103 0 67 0 0 0 13
841 9009 1283 1237 154 0 0 151 19 0 105 0 65 0 0 0 13
842 9004 1286 1241 152 0 0 150 20 0 105 0 65 0 0 0 13
843 8996 1289 1244 154 0 0 150 20 0 105 0 65 0 0 0 13
844 8994 1291 1247 151 0 0 150 20 0 106 0 64 0 0 0 13
845 8988 1292 1245 154 0 0 152 20 0 105 0 67 0 0 0 13
846 8987 1292 1246 154 0 0 152 20 0 106 0 66 0 0 0 13
847 8980 1296 1249 150 0 0 153 21 0 106 0 68 0 0 0 13
848 8966 1302 1254 152 0 0 154 20 0 106 0 68 0 0 0 14
849 8959 1303 1254 157 0 0 155 19 0 106 0 68 0 0 0 15
850 8965 1301 1251 156 0 0 156 18 0 106 0 68 0 0 0 15
851 8969 1297 1246 157 0 0 158 18 0 107 0 69 0 0 0 15
852 8954 1304 1253 158 0 0 158 18 0 107 0 69 0 0 0 15
853 8949 1307 1253 154 0 0 161 18 0 107 0 72 0 0 0 15
854 8942 1310 1258 153 0 0 161 18 0 109 0 70 0 0 0 15
855 8931 1316 1264 152 0 0 161 18 0 109 0 70 0 0 0 15
856 8921 1320 1267 153 0 0 162 18 0 109 0 71 0 0 0 15
857 8922 1319 1263 153 0 0 164 18 0 108 0 74 0 0 0 15
858 8906 1326 1271 153 0 0 163 19 0 108 0 74 0 0 0 16
859 8906 1326 1272 152 0 0 163 19 0 109 0 73 0 0 0 16
860 8893 1332 1279 152 0 0 163 18 0 110 0 71 0 0 0 18
861 8892 1331 1279 154 0 0 162 19 0 110 0 71 0 0 0 18
862 8876 1337 1286 157 0 0 161 20 0 110 0 71 0 0 0 18
863 8869 1338 1285 158 0 0 163 21 0 110 0 74 0 0 0 18
864 8867 1339 1286 158 0 0 163 21 0 110 0 74 0 0 0 18
865 8859 1340 1287 162 0 0 164 21 0 111 0 74 0 0 0 18
866 8847 1345 1291 161 0 0 165 22 0 111 0 76 0 0 0 18
867 8834 1350 1296 164 0 0 165 22 0 111 0 76 0 0 0 18
868 8819 1358 1302 161 0 0 167 22 0 111 0 78 0 0 0 18
869 8808 1360 1303 165 0 0 168 22 0 111 0 79 0 0 0 20
870 8792 1367 1310 167 0 0 168 22 0 111 0 79 0 0 0 20
871 8786 1371 1314 165 0 0 168 22 0 111 0 79 0 0 0 20
872 8784 1369 1312 169 0 0 169 22 0 112 0 79 0 0 0 20
873 8777 1370 1313 172 0 0 169 23 0 112 0 80 0 0 0 20
874 8774 1371 1314 171 0 0 170 23 0 113 0 80 0 0 0 20
875 8759 1378 1320 171 0 0 171 23 0 113 0 81 0 0 0 20
876 8754 1380 1320 168 0 0 172 25 0 112 0 85 0 0 0 20
877 8747 1384 1324 167 0 0 172 25 0 112 0 85 0 0 0 20
878 8743 1386 1325 166 0 0 173 25 0 112 0 86 0 0 0 20
879 8744 1385 1324 167 0 0 173 25 0 112 0 86 0 0 0 20
880 8741 1387 1325 166 0 0 174 24 0 112 0 86 0 0 0 21
881 8726 1394 1331 168 0 0 174 24 0 111 0 87 0 0 0 21
882 8717 1397 1332 171 0 0 176 23 0 111 0 88 0 0 0 21
883 8708 1401 1333 173 0 0 178 22 0 110 0 90 0 0 0 21
884 8714 1398 1329 172 0 0 179 22 0 110 0 91 0 0 0 21
885 8706 1403 1334 169 0 0 179 22 0 110 0 91 0 0 0 22
886 8700 1408 1338 162 0 0 181 22 0 111 0 92 0 0 0 22
887 8690 1412 1344 162 0 0 179 24 0 111 0 92 0 0 0 22
888 8684 1415 1344 161 0 0 182 23 0 111 0 94 0 0 0 22
889 8672 1419 1348 164 0 0 182 23 0 111 0 94 0 0 0 23
890 8686 1410 1340 165 0 0 182 24 0 112 0 94 0 0 0 23
891 8664 1420 1350 167 0 0 182 24 0 112 0 94 0 0 0 23
892 8652 1425 1355 169 0 0 182 24 0 112 0 94 0 0 0 23
893 8645 1428 1356 168 0 0 184 24 0 112 0 96 0 0 0 23
894 8643 1429 1355 168 0 0 185 23 0 111 0 97 0 0 0 25
895 8646 1428 1354 167 0 0 185 23 0 111 0 97 0 0 0 25
896 8637 1430 1357 169 0 0 185 24 0 112 0 97 0 0 0 25
897 8648 1423 1350 172 0 0 185 24 0 112 0 97 0 0 0 25
898 8645 1425 1352 171 0 0 185 24 0 112 0 97 0 0 0 25
899 8647 1422 1350 174 0 0 184 25 0 112 0 97 0 0 0 25
900 8645 1422 1349 173 0 0 186 25 0 113 0 98 0 0 0 25
901 8652 1417 1345 175 0 0 186 25 0 114 0 97 0 0 0 25
902 8638 1422 1351 178 0 0 186 25 0 115 0 96 0 0 0 25
903 8642 1421 1350 176 0 0 187 24 0 116 0 95 0 0 0 25
904 8645 1418 1348 178 0 0 187 24 0 117 0 94 0 0 0 25
905 8643 1422 1351 172 0 0 188 23 0 117 0 94 0 0 0 26
906 8637 1426 1356 169 0 0 188 23 0 118 0 93 0 0 0 26
907 8630 1428 1358 170 0 0 189 23 0 119 0 93 0 0 0 26
908 8622 1432 1361 171 0 0 189 23 0 118 0 94 0 0 0 26
909 8624 1431 1360 169 0 0 190 23 0 119 0 94 0 0 0 26
910 8626 1429 1359 170 0 0 190 23 0 120 0 93 0 0 0 26
911 8623 1430 1360 171 0 0 190 23 0 120 0 93 0 0 0 26
912 8620 1432 1362 170 0 0 191 22 0 121 0 92 0 0 0 26
913 8618 1433 1363 168 0 0 192 22 0 122 0 92 0 0 0 26
914 8609 1436 1366 171 0 0 192 22 0 122 0 92 0 0 0 26
915 8621 1430 1359 170 0 0 193 22 0 122 0 93 0 0 0 26
916 8613 1436 1364 167 0 0 193 22 0 121 0 94 0 0 0 26
917 8615 1434 1364 167 0 0 192 23 0 122 0 93 0 0 0 26
918 8612 1435 1366 167 0 0 192 23 0 123 0 92 0 0 0 26
919 8608 1436 1367 167 0 0 192 24 0 123 0 93 0 0 0 26
920 8597 1442 1372 167 0 0 191 25 0 121 0 95 0 0 0 26
921 8602 1440 1369 167 0 0 191 25 0 120 0 96 0 0 0 26
922 8595 1442 1372 167 0 0 192 25 0 122 0 95 0 0 0 26
923 8596 1441 1372 167 0 0 192 25 0 123 0 94 0 0 0 26
924 8601 1438 1368 167 0 0 193 25 0 123 0 95 0 0 0 26
925 8599 1438 1368 168 0 0 193 25 0 123 0 95 0 0 0 27
926 8601 1436 1366 170 0 0 193 25 0 123 0 95 0 0 0 27
927 8609 1433 1363 168 0 0 193 25 0 123 0 95 0 0 0 27
928 8603 1436 1366 167 0 0 193 25 0 123 0 95 0 0 0 28
929 8605 1435 1364 166 0 0 194 25 0 123 0 96 0 0 0 28
930 8604 1438 1367 161 0 0 194 25 0 123 0 96 0 0 0 28
931 8604 1437 1367 160 0 0 195 25 0 125 0 95 0 0 0 28
932 8608 1435 1364 159 0 0 196 25 0 125 0 96 0 0 0 28
933 8604 1434 1365 163 0 0 196 25 0 127 0 94 0 0 0 28
934 8599 1437 1367 163 0 0 197 24 0 127 0 94 0 0 0 28
935 8598 1437 1367 164 0 0 197 24 0 127 0 94 0 0 0 28
936 8602 1436 1364 162 0 0 199 23 0 127 0 95 0 0 0 28
937 8607 1434 1362 161 0 0 199 23 0 127 0 95 0 0 0 28
938 8612 1432 1360 160 0 0 199 23 0 127 0 95 0 0 0 28
939 8612 1430 1358 164 0 0 199 23 0 127 0 95 0 0 0 28
940 8611 1430 1354 163 0 0 203 22 0 127 0 98 0 0 0 28
941 8642 1414 1340 162 0 0 203 22 0 129 0 96 0 0 0 28
942 8644 1413 1338 161 0 0 204 22 0 129 0 97 0 0 0 28
943 8645 1411 1335 163 0 0 205 22 0 129 0 98 0 0 0 28
944 8641 1413 1337 159 0 0 205 24 0 129 0 100 0 0 0 28
945 8640 1415 1339 156 0 0 205 24 0 129 0 100 0 0 0 28
946 8641 1411 1336 162 0 0 205 24 0 130 0 99 0 0 0 28
947 8640 1413 1338 159 0 0 205 24 0 130 0 99 0 0 0 28
948 8637 1414 1339 160 0 0 205 24 0 130 0 99 0 0 0 28
949 8639 1413 1339 159 0 0 205 24 0 131 0 98 0 0 0 28
950 8635 1416 1343 156 0 0 204 25 0 131 0 98 0 0 0 28
951 8634 1417 1343 154 0 0 205 25 0 131 0 99 0 0 0 28
952 8629 1419 1345 155 0 0 205 25 0 131 0 99 0 0 0 28
953 8635 1416 1343 154 0 0 205 25 0 132 0 98 0 0 0 28
954 8627 1419 1348 154 0 0 203 27 0 132 0 98 0 0 0 28
955 8626 1420 1347 153 0 0 205 26 0 132 0 99 0 0 0 28
956 8620 1423 1348 153 0 0 207 25 0 132 0 100 0 0 0 28
957 8619 1423 1347 150 0 0 209 25 0 133 0 101 0 0 0 29
958 8620 1423 1347 149 0 0 209 25 0 133 0 101 0 0 0 29
959 8628 1419 1344 148 0 0 208 26 0 133 0 101 0 0 0 29
960 8637 1414 1339 149 0 0 208 26 0 133 0 101 0 0 0 29
961 8633 1416 1342 148 0 0 207 27 0 133 0 101 0 0 0 29
962 8630 1419 1344 146 0 0 208 26 0 133 0 101 0 0 0 29
963 8628 1421 1346 144 0 0 208 26 0 133 0 101 0 0 0 29
964 8627 1420 1347 145 0 0 208 26 0 135 0 99 0 0 0 29
965 8645 1411 1339 142 0 0 208 27 0 136 0 99 0 0 0 29
966 8656 1404 1334 143 0 0 208 27 0 138 0 97 0 0 0 29
967 8657 1403 1333 144 0 0 208 27 0 138 0 97 0 0 0 29
968 8659 1401 1332 143 0 0 209 27 0 140 0 96 0 0 0 29
969 8658 1401 1332 144 0 0 209 27 0 140 0 96 0 0 0 29
970 8661 1401 1331 142 0 0 210 26 0 140 0 96 0 0 0 29
971 8666 1398 1327 144 0 0 211 25 0 140 0 96 0 0 0 29
972 8669 1397 1326 143 0 0 211 25 0 140 0 96 0 0 0 29
973 8668 1395 1325 145 0 0 212 25 0 142 0 95 0 0 0 29
974 8681 1388 1319 145 0 0 212 25 0 143 0 94 0 0 0 29
975 8680 1387 1315 147 0 0 215 24 0 143 0 96 0 0 0 29
976 8687 1382 1311 149 0 0 214 25 0 143 0 96 0 0 0 29
977 8694 1376 1306 151 0 0 214 26 0 144 0 96 0 0 0 29
978 8694 1376 1304 153 0 0 215 25 0 143 0 97 0 0 0 29
979 8699 1374 1302 152 0 0 215 25 0 143 0 97 0 0 0 29
980 8692 1377 1305 153 0 0 215 25 0 143 0 97 0 0 0 29
981 8699 1373 1300 153 0 0 216 25 0 143 0 98 0 0 0 29
982 8708 1368 1297 152 0 0 215 26 0 144 0 97 0 0 0 29
983 8712 1366 1295 152 0 0 215 26 0 144 0 97 0 0 0 29
984 8714 1365 1294 152 0 0 215 26 0 144 0 97 0 0 0 29
985 8725 1359 1288 152 0 0 216 25 0 145 0 96 0 0 0 30
986 8728 1356 1286 154 0 0 216 25 0 146 0 95 0 0 0 30
987 8721 1360 1290 153 0 0 216 25 0 146 0 95 0 0 0 30
988 8718 1362 1291 153 0 0 216 25 0 145 0 96 0 0 0 30
989 8723 1359 1290 152 0 0 216 25 0 147 0 94 0 0 0 30
990 8727 1358 1288 151 0 0 216 25 0 146 0 95 0 0 0 30
991 8720 1362 1291 151 0 0 216 25 0 145 0 96 0 0 0 30
992 8728 1357 1287 152 0 0 216 25 0 146 0 95 0 0 0 30
993 8730 1357 1287 150 0 0 216 25 0 146 0 95 0 0 0 30
994 8735 1355 1285 149 0 0 216 25 0 146 0 95 0 0 0 30
995 8738 1354 1284 146 0 0 217 25 0 147 0 95 0 0 0 30
996 8739 1354 1284 145 0 0 217 25 0 147 0 95 0 0 0 30
997 8760 1345 1273 143 0 0 219 23 0 147 0 95 0 0 0 31
998 8763 1343 1272 143 0 0 219 23 0 148 0 94 0 0 0 31
999 8745 1352 1282 142 0 0 219 23 0 149 0 93 0 0 0 31
1000 8754 1347 1277 143 0 0 219 23 0 149 0 93 0 0 0 31
1001 8756 1344 1275 146 0 0 219 23 0 150 0 92 0 0 0 31
1002 8775 1333 1265 148 0 0 218 24 0 150 0 92 0 0 0 31
1003 8776 1332 1265 148 0 0 217 25 0 150 0 92 0 0 0 31
1004 8781 1329 1262 149 0 0 217 25 0 150 0 92 0 0 0 31
1005 8791 1324 1258 148 0 0 216 26 0 150 0 92 0 0 0 31
1006 8789 1323 1259 150 0 0 216 26 0 152 0 90 0 0 0 31
1007 8793 1321 1257 150 0 0 216 26 0 152 0 90 0 0 0 31
1008 8783 1325 1261 152 0 0 216 26 0 152 0 90 0 0 0 31
1009 8797 1317 1253 154 0 0 216 26 0 152 0 90 0 0 0 31
1010 8797 1315 1253 156 0 0 215 27 0 153 0 89 0 0 0 31
1011 8804 1310 1250 157 0 0 214 28 0 154 0 88 0 0 0 31
1012 8804 1310 1251 156 0 0 213 29 0 154 0 88 0 0 0 31
1013 8801 1312 1253 155 0 0 213 29 0 154 0 88 0 0 0 31
1014 8793 1315 1256 157 0 0 213 29 0 154 0 88 0 0 0 31
1015 8793 1313 1254 161 0 0 213 29 0 154 0 88 0 0 0 31
1016 8805 1309 1250 157 0 0 212 30 0 153 0 89 0 0 0 31
1017 8806 1307 1249 159 0 0 212 30 0 154 0 88 0 0 0 31
1018 8794 1312 1254 161 0 0 212 30 0 154 0 88 0 0 0 31
1019 8791 1312 1255 163 0 0 211 31 0 154 0 88 0 0 0 31
1020 8799 1309 1252 161 0 0 211 31 0 154 0 88 0 0 0 31
1021 8806 1307 1250 158 0 0 211 31 0 154 0 88 0 0 0 31
1022 8800 1309 1252 160 0 0 211 31 0 154 0 88 0 0 0 31
1023 8810 1304 1247 160 0 0 211 31 0 154 0 88 0 0 0 31
1024 8803 1308 1252 158 0 0 211 31 0 155 0 87 0 0 0 31
1025 8809 1305 1249 158 0 0 211 31 0 155 0 87 0 0 0 31
1026 8807 1306 1249 157 0 0 212 31 0 155 0 88 0 0 0 31
1027 8819 1300 1244 156 0 0 211 32 0 155 0 88 0 0 0 31
1028 8811 1305 1247 152 0 0 213 32 0 155 0 90 0 0 0 31
1029 8813 1303 1246 153 0 0 213 32 0 156 0 89 0 0 0 31
1030 8823 1301 1241 149 0 0 215 30 0 155 0 90 0 0 0 32
1031 8834 1296 1235 149 0 0 215 30 0 154 0 91 0 0 0 32
1032 8849 1288 1228 149 0 0 215 30 0 155 0 90 0 0 0 32
1033 8866 1279 1218 149 0 0 216 30 0 155 0 91 0 0 0 32
1034 8874 1276 1213 147 0 0 218 29 0 155 0 92 0 0 0 32
1035 8874 1275 1214 147 0 0 218 29 0 157 0 90 0 0 0 32
1036 8889 1268 1207 144 0 0 219 29 0 158 0 90 0 0 0 32
1037 8888 1267 1207 146 0 0 219 29 0 159 0 89 0 0 0 32
1038 8890 1267 1207 144 0 0 219 29 0 159 0 89 0 0 0 32
1039 8882 1270 1211 145 0 0 218 30 0 159 0 89 0 0 0 32
1040 8878 1273 1216 141 0 0 218 30 0 161 0 87 0 0 0 32
1041 8887 1268 1214 139 0 0 218 30 0 164 0 84 0 0 0 32
1042 8881 1269 1215 143 0 0 218 30 0 164 0 84 0 0 0 32
1043 8886 1266 1212 144 0 0 218 30 0 164 0 84 0 0 0 32
1044 8879 1270 1216 143 0 0 219 29 0 165 0 83 0 0 0 32
1045 8879 1271 1214 142 0 0 222 27 0 165 0 84 0 0 0 32
1046 8878 1272 1214 142 0 0 223 26 0 165 0 84 0 0 0 32
1047 8878 1273 1215 140 0 0 223 26 0 165 0 84 0 0 0 32
1048 8874 1273 1215 142 0 0 223 27 0 165 0 85 0 0 0 32
1049 8877 1273 1216 138 0 0 223 27 0 166 0 84 0 0 0 32
1050 8884 1270 1212 136 0 0 225 26 0 167 0 84 0 0 0 32
1051 8881 1271 1212 136 0 0 226 26 0 167 0 85 0 0 0 32
1052 8872 1275 1215 136 0 0 228 25 0 168 0 85 0 0 0 32
1053 8878 1272 1210 136 0 0 230 24 0 168 0 86 0 0 0 32
1054 8895 1263 1204 134 0 0 230 24 0 171 0 83 0 0 0 32
1055 8902 1259 1200 135 0 0 230 24 0 171 0 83 0 0 0 32
1056 8900 1260 1200 134 0 0 231 24 0 171 0 84 0 0 0 32
1057 8912 1254 1194 134 0 0 231 24 0 171 0 84 0 0 0 32
1058 8916 1252 1192 134 0 0 231 24 0 171 0 84 0 0 0 32
1059 8917 1252 1191 134 0 0 232 23 0 171 0 84 0 0 0 32
1060 8916 1253 1193 132 0 0 232 23 0 172 0 83 0 0 0 32
1061 8913 1254 1195 132 0 0 232 23 0 173 0 82 0 0 0 32
1062 8915 1254 1195 130 0 0 233 22 0 174 0 81 0 0 0 32
1063 8925 1249 1190 130 0 0 233 22 0 174 0 81 0 0 0 32
1064 8923 1249 1188 130 0 0 235 22 0 174 0 83 0 0 0 32
1065 8932 1243 1183 132 0 0 235 22 0 175 0 82 0 0 0 32
1066 8933 1240 1182 134 0 0 235 22 0 177 0 80 0 0 0 33
1067 8943 1233 1175 138 0 0 235 22 0 177 0 80 0 0 0 33
1068 8949 1230 1173 137 0 0 234 23 0 177 0 80 0 0 0 33
1069 8951 1228 1171 139 0 0 234 23 0 177 0 80 0 0 0 33
1070 8954 1227 1170 138 0 0 234 23 0 177 0 80 0 0 0 33
1071 8950 1228 1170 137 0 0 236 23 0 178 0 81 0 0 0 33
1072 8954 1225 1168 138 0 0 235 24 0 178 0 81 0 0 0 33
1073 8977 1214 1158 136 0 0 235 24 0 179 0 80 0 0 0 33
1074 8963 1220 1164 138 0 0 235 24 0 179 0 80 0 0 0 33
1075 8962 1219 1163 139 0 0 236 24 0 180 0 80 0 0 0 33
1076 8973 1213 1157 140 0 0 236 24 0 180 0 80 0 0 0 33
1077 8981 1209 1156 137 0 0 236 24 0 183 0 77 0 0 0 33
1078 8998 1201 1150 134 0 0 236 24 0 185 0 75 0 0 0 33
1079 9005 1198 1147 133 0 0 236 24 0 185 0 75 0 0 0 33
1080 9013 1194 1143 133 0 0 237 23 0 186 0 74 0 0 0 33
1081 9016 1193 1141 131 0 0 238 23 0 186 0 75 0 0 0 33
1082 9017 1193 1141 130 0 0 238 23 0 186 0 75 0 0 0 33
1083 9019 1193 1143 126 0 0 238 23 0 188 0 73 0 0 0 33
1084 9020 1192 1143 126 0 0 238 23 0 189 0 72 0 0 0 33
1085 9017 1194 1145 125 0 0 238 23 0 189 0 72 0 0 0 33
1086 9022 1192 1143 124 0 0 238 23 0 189 0 72 0 0 0 33
1087 9030 1187 1138 126 0 0 238 23 0 189 0 72 0 0 0 33
1088 9051 1176 1128 126 0 0 237 24 0 189 0 72 0 0 0 33
1089 9057 1172 1125 126 0 0 237 24 0 190 0 71 0 0 0 34
1090 9054 1174 1127 125 0 0 237 24 0 190 0 71 0 0 0 34
1091 9042 1180 1134 124 0 0 236 25 0 190 0 71 0 0 0 34
1092 9055 1174 1127 124 0 0 237 24 0 190 0 71 0 0 0 34
1093 9051 1176 1130 123 0 0 237 24 0 191 0 70 0 0 0 34
1094 9048 1179 1133 120 0 0 237 24 0 191 0 70 0 0 0 34
1095 9050 1179 1133 118 0 0 237 24 0 191 0 70 0 0 0 34
1096 9052 1178 1131 117 0 0 238 24 0 191 0 71 0 0 0 34
1097 9056 1175 1128 119 0 0 238 24 0 191 0 71 0 0 0 34
1098 9057 1175 1128 118 0 0 238 24 0 191 0 71 0 0 0 34
1099 9065 1170 1124 119 0 0 238 24 0 192 0 70 0 0 0 34
1100 9063 1171 1125 119 0 0 238 24 0 192 0 70 0 0 0 34
1101 9072 1166 1121 119 0 0 238 24 0 193 0 69 0 0 0 34
1102 9071 1167 1123 117 0 0 237 25 0 193 0 69 0 0 0 34
1103 9070 1167 1123 118 0 0 237 25 0 193 0 69 0 0 0 34
1104 9079 1161 1116 116 0 0 239 25 0 194 0 70 0 0 0 36
1105 9087 1157 1113 115 0 0 239 25 0 195 0 69 0 0 0 36
1106 9085 1158 1113 114 0 0 240 25 0 195 0 70 0 0 0 36
1107 9086 1158 1112 114 0 0 240 25 0 194 0 71 0 0 0 36
1108 9099 1153 1107 111 0 0 240 25 0 194 0 71 0 0 0 36
1109 9102 1152 1106 110 0 0 240 25 0 194 0 71 0 0 0 36
1110 9106 1150 1105 109 0 0 240 25 0 195 0 70 0 0 0 36
1111 9102 1151 1106 111 0 0 240 25 0 195 0 70 0 0 0 36
1112 9106 1148 1105 111 0 0 240 25 0 197 0 68 0 0 0 36
1113 9104 1148 1107 111 0 0 239 26 0 198 0 67 0 0 0 36
1114 9116 1143 1102 109 0 0 239 26 0 198 0 67 0 0 0 36
1115 9121 1139 1099 111 0 0 239 26 0 199 0 66 0 0 0 36
1116 9132 1135 1095 108 0 0 239 26 0 199 0 66 0 0 0 36
1117 9141 1132 1091 106 0 0 240 25 0 199 0 66 0 0 0 36
1118 9146 1129 1088 107 0 0 240 25 0 199 0 66 0 0 0 36
1119 9147 1129 1087 107 0 0 241 24 0 199 0 66 0 0 0 36
1120 9150 1128 1086 106 0 0 241 24 0 199 0 66 0 0 0 36
1121 9158 1125 1083 104 0 0 241 24 0 199 0 66 0 0 0 36
1122 9157 1127 1085 101 0 0 241 24 0 199 0 66 0 0 0 36
1123 9157 1127 1086 100 0 0 240 25 0 199 0 66 0 0 0 36
1124 9161 1127 1085 95 0 0 241 25 0 199 0 67 0 0 0 36
1125 9175 1118 1077 97 0 0 241 25 0 200 0 66 0 0 0 37
1126 9180 1116 1075 96 0 0 241 25 0 200 0 66 0 0 0 37
1127 9181 1115 1074 97 0 0 241 25 0 200 0 66 0 0 0 37
1128 9188 1110 1071 98 0 0 240 26 0 201 0 65 0 0 0 37
1129 9191 1108 1069 99 0 0 241 25 0 202 0 64 0 0 0 37
1130 9189 1109 1070 99 0 0 241 25 0 202 0 64 0 0 0 37
1131 9181 1113 1074 99 0 0 241 25 0 202 0 64 0 0 0 37
1132 9195 1107 1068 97 0 0 241 25 0 202 0 64 0 0 0 37
1133 9193 1108 1069 97 0 0 241 25 0 202 0 64 0 0 0 37
1134 9195 1107 1068 97 0 0 241 25 0 202 0 64 0 0 0 37
1135 9195 1108 1069 95 0 0 241 25 0 202 0 64 0 0 0 37
1136 9199 1106 1068 93 0 0 241 25 0 203 0 63 0 0 0 38
1137 9192 1109 1071 94 0 0 241 25 0 203 0 63 0 0 0 38
1138 9195 1106 1070 95 0 0 241 25 0 205 0 61 0 0 0 38
1139 9200 1103 1067 96 0 0 241 25 0 205 0 61 0 0 0 38
1140 9211 1097 1062 96 0 0 241 25 0 206 0 60 0 0 0 38
1141 9220 1091 1059 96 0 0 241 25 0 209 0 57 0 0 0 38
1142 9213 1092 1061 98 0 0 241 26 0 210 0 57 0 0 0 38
1143 9227 1086 1055 96 0 0 241 26 0 210 0 57 0 0 0 38
1144 9232 1084 1053 95 0 0 241 26 0 210 0 57 0 0 0 38
1145 9238 1080 1049 97 0 0 241 26 0 210 0 57 0 0 0 38
1146 9244 1078 1045 95 0 0 243 25 0 210 0 58 0 0 0 38
1147 9248 1076 1042 96 0 0 244 24 0 210 0 58 0 0 0 38
1148 9245 1078 1043 96 0 0 245 23 0 210 0 58 0 0 0 38
1149 9247 1077 1041 96 0 0 246 22 0 210 0 58 0 0 0 39
1150 9244 1077 1041 97 0 0 246 23 0 210 0 59 0 0 0 39
1151 9243 1077 1041 98 0 0 246 23 0 210 0 59 0 0 0 39
1152 9241 1079 1043 96 0 0 246 23 0 210 0 59 0 0 0 39
1153 9244 1078 1042 95 0 0 246 23 0 210 0 59 0 0 0 39
1154 9245 1077 1041 94 0 0 247 23 0 211 0 59 0 0 0 39
1155 9254 1073 1036 94 0 0 248 22 0 211 0 59 0 0 0 39
1156 9257 1071 1035 94 0 0 248 22 0 212 0 58 0 0 0 39
1157 9261 1069 1033 94 0 0 248 22 0 212 0 58 0 0 0 39
1158 9251 1074 1038 94 0 0 248 22 0 212 0 58 0 0 0 39
1159 9261 1069 1032 95 0 0 248 22 0 211 0 59 0 0 0 39
1160 9263 1068 1031 95 0 0 248 22 0 211 0 59 0 0 0 39
1161 9259 1070 1033 95 0 0 248 22 0 211 0 59 0 0 0 39
1162 9262 1067 1032 96 0 0 248 22 0 213 0 57 0 0 0 39
1163 9267 1064 1029 96 0 0 249 21 0 214 0 56 0 0 0 40
1164 9279 1058 1024 95 0 0 249 21 0 215 0 55 0 0 0 40
1165 9291 1052 1018 95 0 0 249 21 0 215 0 55 0 0 0 40
1166 9295 1051 1016 94 0 0 250 20 0 215 0 55 0 0 0 40
1167 9299 1049 1013 95 0 0 250 20 0 214 0 56 0 0 0 40
1168 9312 1042 1006 94 0 0 251 20 0 215 0 56 0 0 0 40
1169 9311 1041 1006 96 0 0 251 20 0 216 0 55 0 0 0 40
1170 9315 1039 1004 96 0 0 251 20 0 216 0 55 0 0 0 40
1171 9323 1035 1000 96 0 0 251 20 0 216 0 55 0 0 0 40
1172 9331 1032 997 94 0 0 251 20 0 216 0 55 0 0 0 40
1173 9337 1028 993 96 0 0 251 20 0 216 0 55 0 0 0 40
1174 9332 1031 996 95 0 0 251 20 0 216 0 55 0 0 0 40
1175 9349 1024 989 92 0 0 251 20 0 216 0 55 0 0 0 40
1176 9362 1017 983 92 0 0 251 20 0 217 0 54 0 0 0 40
1177 9366 1015 981 92 0 0 251 20 0 217 0 54 0 0 0 40
1178 9367 1013 979 95 0 0 251 20 0 217 0 54 0 0 0 40
1179 9372 1010 976 96 0 0 251 20 0 217 0 54 0 0 0 40
1180 9373 1010 978 93 0 0 251 20 0 219 0 52 0 0 0 40
1181 9378 1007 975 94 0 0 251 20 0 219 0 52 0 0 0 40
1182 9369 1013 981 91 0 0 251 20 0 219 0 52 0 0 0 40
1183 9371 1011 978 94 0 0 251 20 0 218 0 53 0 0 0 40
1184 9372 1010 977 95 0 0 251 20 0 218 0 53 0 0 0 40
1185 9382 1006 972 94 0 0 252 19 0 218 0 53 0 0 0 40
1186 9386 1005 970 91 0 0 253 19 0 218 0 54 0 0 0 40
1187 9395 1001 966 90 0 0 254 18 0 219 0 53 0 0 0 40
1188 9404 997 962 89 0 0 254 18 0 219 0 53 0 0 0 40
1189 9404 997 962 89 0 0 254 18 0 219 0 53 0 0 0 40
1190 9413 993 957 89 0 0 255 17 0 219 0 53 0 0 0 40
1191 9416 991 955 88 0 0 256 17 0 220 0 53 0 0 0 40
1192 9416 990 953 91 0 0 256 17 0 219 0 54 0 0 0 40
1193 9418 989 952 91 0 0 256 17 0 219 0 54 0 0 0 40
1194 9426 987 949 86 0 0 257 17 0 219 0 55 0 0 0 40
1195 9434 982 945 87 0 0 257 17 0 220 0 54 0 0 0 40
1196 9431 984 946 87 0 0 257 17 0 219 0 55 0 0 0 40
1197 9436 981 944 87 0 0 257 17 0 220 0 54 0 0 0 40
1198 9430 984 947 87 0 0 257 17 0 220 0 54 0 0 0 40
1199 9422 987 950 89 0 0 257 17 0 220 0 54 0 0 0 40
1200 9428 983 946 89 0 0 258 17 0 221 0 54 0 0 0 40
1201 9431 981 944 90 0 0 258 17 0 221 0 54 0 0 0 40
1202 9442 975 939 90 0 0 258 17 0 222 0 53 0 0 0 40
1203 9436 977 941 92 0 0 258 17 0 222 0 53 0 0 0 40
1204 9436 977 941 92 0 0 258 17 0 222 0 53 0 0 0 40
1205 9436 976 940 94 0 0 258 17 0 222 0 53 0 0 0 40
1206 9443 971 935 97 0 0 258 17 0 222 0 53 0 0 0 40
1207 9455 966 929 96 0 0 259 16 0 222 0 53 0 0 0 40
1208 9465 962 924 95 0 0 260 15 0 222 0 53 0 0 0 40
1209 9463 962 925 96 0 0 259 16 0 222 0 53 0 0 0 40
1210 9462 962 925 97 0 0 259 16 0 222 0 53 0 0 0 40
1211 9464 960 922 99 0 0 261 14 0 223 0 52 0 0 0 41
1212 9471 956 918 100 0 0 261 14 0 223 0 52 0 0 0 41
1213 9481 950 913 101 0 0 261 14 0 224 0 51 0 0 0 41
1214 9485 949 912 99 0 0 261 14 0 224 0 51 0 0 0 41
1215 9493 945 908 99 0 0 261 14 0 224 0 51 0 0 0 41
1216 9492 947 910 96 0 0 262 13 0 225 0 50 0 0 0 41
1217 9490 948 911 96 0 0 262 13 0 225 0 50 0 0 0 41
1218 9494 946 909 96 0 0 262 13 0 225 0 50 0 0 0 41
1219 9498 942 905 98 0 0 263 13 0 226 0 50 0 0 0 41
1220 9500 941 904 98 0 0 263 13 0 226 0 50 0 0 0 41
1221 9497 942 906 98 0 0 263 13 0 227 0 49 0 0 0 41
1222 9505 937 901 100 0 0 263 13 0 227 0 49 0 0 0 41
1223 9510 935 900 98 0 0 262 14 0 227 0 49 0 0 0 41
1224 9514 933 898 98 0 0 262 14 0 227 0 49 0 0 0 41
1225 9514 932 898 99 0 0 262 14 0 228 0 48 0 0 0 41
1226 9516 931 897 99 0 0 261 15 0 227 0 49 0 0 0 41
1227 9521 929 895 98 0 0 261 15 0 227 0 49 0 0 0 41
1228 9535 923 889 96 0 0 261 15 0 227 0 49 0 0 0 41
1229 9537 921 889 96 0 0 260 16 0 228 0 48 0 0 0 41
1230 9548 916 883 96 0 0 261 15 0 228 0 48 0 0 0 41
1231 9559 910 877 97 0 0 261 15 0 228 0 48 0 0 0 41
1232 9565 907 874 97 0 0 261 15 0 228 0 48 0 0 0 41
1233 9567 907 874 95 0 0 261 15 0 228 0 48 0 0 0 41
1234 9577 903 869 94 0 0 261 15 0 227 0 49 0 0 0 41
1235 9579 903 869 92 0 0 261 15 0 227 0 49 0 0 0 41
1236 9590 896 863 94 0 0 261 15 0 228 0 48 0 0 0 41
1237 9597 893 860 93 0 0 261 15 0 228 0 48 0 0 0 41
1238 9599 892 859 93 0 0 261 15 0 228 0 48 0 0 0 41
1239 9605 889 855 94 0 0 261 15 0 227 0 49 0 0 0 41
1240 9608 889 854 92 0 0 261 15 0 226 0 50 0 0 0 41
1241 9623 881 847 92 0 0 261 15 0 227 0 49 0 0 0 41
1242 9628 877 845 93 0 0 261 15 0 229 0 47 0 0 0 41
1243 9622 879 847 95 0 0 261 15 0 229 0 47 0 0 0 41
1244 9631 875 843 94 0 0 261 15 0 229 0 47 0 0 0 41
1245 9646 867 836 94 0 0 261 15 0 230 0 46 0 0 0 41
1246 9643 867 835 96 0 0 262 15 0 230 0 47 0 0 0 41
1247 9641 868 836 96 0 0 262 15 0 230 0 47 0 0 0 41
1248 9649 863 831 98 0 0 262 15 0 230 0 47 0 0 0 41
1249 9655 860 828 98 0 0 262 15 0 230 0 47 0 0 0 41
1250 9654 860 828 99 0 0 262 15 0 230 0 47 0 0 0 41
1251 9665 854 822 100 0 0 262 15 0 230 0 47 0 0 0 41
1252 9669 853 821 98 0 0 262 15 0 230 0 47 0 0 0 41
1253 9671 852 821 97 0 0 262 15 0 231 0 46 0 0 0 41
1254 9676 849 819 97 0 0 262 15 0 232 0 45 0 0 0 41
1255 9695 841 811 94 0 0 262 15 0 232 0 45 0 0 0 41
1256 9701 839 809 92 0 0 262 15 0 232 0 45 0 0 0 41
1257 9714 833 804 90 0 0 262 15 0 233 0 44 0 0 0 41
1258 9715 833 804 89 0 0 262 15 0 233 0 44 0 0 0 41
1259 9723 829 800 89 0 0 262 15 0 233 0 44 0 0 0 41
1260 9738 822 793 88 0 0 262 15 0 233 0 44 0 0 0 41
1261 9728 825 796 92 0 0 262 15 0 233 0 44 0 0 0 41
1262 9734 822 793 92 0 0 262 15 0 233 0 44 0 0 0 41
1263 9729 824 795 93 0 0 262 15 0 233 0 44 0 0 0 41
1264 9729 824 795 93 0 0 262 15 0 233 0 44 0 0 0 41
1265 9719 829 800 93 0 0 262 15 0 233 0 44 0 0 0 41
1266 9718 830 801 92 0 0 262 15 0 233 0 44 0 0 0 41
1267 9731 824 795 91 0 0 262 15 0 233 0 44 0 0 0 41
1268 9740 821 792 88 0 0 263 14 0 234 0 43 0 0 0 41
1269 9748 816 789 88 0 0 262 15 0 235 0 42 0 0 0 41
1270 9758 811 784 88 0 0 262 15 0 235 0 42 0 0 0 41
1271 9758 810 784 89 0 0 262 15 0 236 0 41 0 0 0 41
1272 9758 809 783 91 0 0 262 15 0 236 0 41 0 0 0 41
1273 9763 807 780 91 0 0 262 15 0 235 0 42 0 0 0 41
1274 9767 806 779 89 0 0 262 15 0 235 0 42 0 0 0 41
1275 9768 806 779 88 0 0 262 15 0 235 0 42 0 0 0 41
1276 9765 809 780 87 0 0 264 13 0 235 0 42 0 0 0 41
1277 9772 806 777 86 0 0 264 13 0 235 0 42 0 0 0 41
1278 9770 808 779 84 0 0 264 13 0 235 0 42 0 0 0 41
1279 9778 804 776 83 0 0 264 13 0 236 0 41 0 0 0 41
1280 9777 805 777 82 0 0 264 13 0 236 0 41 0 0 0 41
1281 9789 800 771 81 0 0 265 12 0 236 0 41 0 0 0 41
1282 9792 799 770 80 0 0 265 12 0 236 0 41 0 0 0 41
1283 9795 798 769 79 0 0 266 11 0 237 0 40 0 0 0 41
1284 9799 797 768 77 0 0 266 11 0 237 0 40 0 0 0 41
1285 9807 794 765 75 0 0 266 11 0 237 0 40 0 0 0 41
1286 9815 790 762 74 0 0 265 12 0 237 0 40 0 0 0 41
1287 9818 789 760 74 0 0 265 12 0 236 0 41 0 0 0 41
1288 9822 786 758 75 0 0 265 12 0 237 0 40 0 0 0 41
1289 9827 783 755 76 0 0 265 12 0 237 0 40 0 0 0 41
1290 9835 782 754 70 0 0 265 12 0 237 0 40 0 0 0 41
1291 9842 779 751 69 0 0 265 12 0 237 0 40 0 0 0 41
1292 9836 782 754 69 0 0 265 12 0 237 0 40 0 0 0 41
1293 9836 783 755 67 0 0 265 12 0 237 0 40 0 0 0 41
1294 9847 778 750 66 0 0 265 12 0 237 0 40 0 0 0 41
1295 9848 777 749 67 0 0 265 12 0 237 0 40 0 0 0 41
1296 9854 774 746 67 0 0 265 12 0 237 0 40 0 0 0 41
1297 9860 771 743 67 0 0 265 12 0 237 0 40 0 0 0 41
1298 9866 768 740 67 0 0 264 13 0 236 0 41 0 0 0 41
1299 9868 767 739 67 0 0 264 13 0 236 0 41 0 0 0 41
1300 9865 767 740 69 0 0 263 14 0 236 0 41 0 0 0 41
1301 9860 769 743 69 0 0 263 14 0 237 0 40 0 0 0 41
1302 9868 765 739 69 0 0 263 14 0 237 0 40 0 0 0 41
1303 9868 765 739 69 0 0 263 14 0 237 0 40 0 0 0 41
1304 9864 768 741 68 0 0 264 13 0 237 0 40 0 0 0 41
1305 9864 768 741 68 0 0 264 13 0 237 0 40 0 0 0 41
1306 9867 766 739 69 0 0 264 13 0 237 0 40 0 0 0 41
1307 9871 764 736 70 0 0 265 12 0 237 0 40 0 0 0 41
1308 9867 766 738 70 0 0 265 12 0 237 0 40 0 0 0 41
1309 9870 765 737 69 0 0 265 12 0 237 0 40 0 0 0 41
1310 9861 769 742 69 0 0 264 13 0 237 0 40 0 0 0 41
1311 9862 768 741 70 0 0 264 13 0 237 0 40 0 0 0 41
1312 9870 764 737 70 0 0 264 13 0 237 0 40 0 0 0 41
1313 9878 760 732 69 0 0 265 13 0 237 0 41 0 0 0 41
1314 9883 758 730 68 0 0 265 13 0 237 0 41 0 0 0 41
1315 9888 755 727 69 0 0 265 13 0 237 0 41 0 0 0 41
1316 9886 757 729 65 0 0 265 14 0 237 0 42 0 0 0 41
1317 9889 755 728 65 0 0 265 14 0 238 0 41 0 0 0 41
1318 9887 755 728 67 0 0 265 14 0 238 0 41 0 0 0 41
1319 9888 754 728 67 0 0 264 15 0 238 0 41 0 0 0 41
1320 9900 748 722 67 0 0 264 15 0 238 0 41 0 0 0 41
1321 9901 747 721 68 0 0 264 15 0 238 0 41 0 0 0 41
1322 9902 747 721 67 0 0 264 15 0 238 0 41 0 0 0 41
1323 9909 743 716 69 0 0 265 14 0 238 0 41 0 0 0 41
1324 9913 741 713 70 0 0 266 13 0 238 0 41 0 0 0 41
1325 9920 737 709 71 0 0 266 13 0 238 0 41 0 0 0 41
1326 9925 733 707 72 0 0 266 13 0 240 0 39 0 0 0 41
1327 9923 735 709 70 0 0 266 13 0 240 0 39 0 0 0 41
1328 9932 731 705 69 0 0 266 13 0 240 0 39 0 0 0 41
1329 9939 728 702 68 0 0 266 13 0 240 0 39 0 0 0 41
1330 9946 724 698 69 0 0 266 13 0 240 0 39 0 0 0 41
1331 9942 727 701 67 0 0 266 13 0 240 0 39 0 0 0 41
1332 9939 729 703 66 0 0 266 13 0 240 0 39 0 0 0 41
1333 9944 727 702 64 0 0 266 13 0 241 0 38 0 0 0 41
1334 9950 724 699 64 0 0 266 13 0 241 0 38 0 0 0 41
1335 9957 720 696 64 0 0 265 14 0 241 0 38 0 0 0 41
1336 9951 724 700 62 0 0 265 14 0 241 0 38 0 0 0 41
1337 9949 725 701 62 0 0 265 14 0 241 0 38 0 0 0 41
1338 9950 725 700 62 0 0 265 14 0 240 0 39 0 0 0 41
1339 9961 720 695 61 0 0 265 14 0 240 0 39 0 0 0 41
1340 9959 720 696 62 0 0 264 15 0 240 0 39 0 0 0 41
1341 9958 721 697 61 0 0 264 15 0 240 0 39 0 0 0 41
1342 9964 718 694 61 0 0 264 15 0 240 0 39 0 0 0 41
1343 9966 717 693 61 0 0 264 15 0 240 0 39 0 0 0 41
1344 9965 718 695 59 0 0 264 15 0 241 0 38 0 0 0 41
1345 9969 715 692 61 0 0 264 15 0 241 0 38 0 0 0 41
1346 9977 711 688 61 0 0 264 15 0 241 0 38 0 0 0 41
1347 9974 713 689 61 0 0 264 15 0 240 0 39 0 0 0 41
1348 9975 712 689 61 0 0 264 15 0 241 0 38 0 0 0 41
1349 9986 707 684 60 0 0 264 15 0 241 0 38 0 0 0 41
1350 9994 702 679 62 0 0 264 15 0 241 0 38 0 0 0 41
1351 10002 698 675 62 0 0 264 15 0 241 0 38 0 0 0 41
1352 10003 697 674 63 0 0 264 15 0 241 0 38 0 0 0 41
1353 10006 694 673 64 0 0 263 16 0 242 0 37 0 0 0 41
1354 10011 692 671 63 0 0 263 16 0 242 0 37 0 0 0 41
1355 10024 687 666 60 0 0 263 16 0 242 0 37 0 0 0 41
1356 10024 687 665 61 0 0 263 16 0 241 0 38 0 0 0 41
1357 10030 684 662 61 0 0 263 16 0 241 0 38 0 0 0 41
1358 10036 681 659 61 0 0 263 16 0 241 0 38 0 0 0 41
1359 10038 680 658 61 0 0 263 16 0 241 0 38 0 0 0 41
1360 10033 681 661 62 0 0 263 16 0 243 0 36 0 0 0 41
1361 10031 682 662 62 0 0 263 16 0 243 0 36 0 0 0 41
1362 10039 679 658 61 0 0 264 15 0 243 0 36 0 0 0 41
1363 10035 680 660 62 0 0 264 15 0 244 0 35 0 0 0 41
1364 10041 676 655 63 0 0 265 15 0 244 0 36 0 0 0 41
1365 10041 677 655 62 0 0 266 14 0 244 0 36 0 0 0 41
1366 10041 677 655 62 0 0 266 14 0 244 0 36 0 0 0 41
1367 10047 675 653 60 0 0 266 14 0 244 0 36 0 0 0 41
1368 10046 676 654 59 0 0 266 14 0 244 0 36 0 0 0 41
1369 10039 679 657 60 0 0 266 14 0 244 0 36 0 0 0 41
1370 10044 678 657 56 0 0 266 14 0 245 0 35 0 0 0 41
1371 10056 672 651 56 0 0 266 14 0 245 0 35 0 0 0 41
1372 10066 667 646 56 0 0 266 14 0 245 0 35 0 0 0 41
1373 10074 663 643 55 0 0 266 14 0 246 0 34 0 0 0 41
1374 10078 661 641 55 0 0 266 14 0 246 0 34 0 0 0 41
1375 10084 659 639 53 0 0 266 14 0 246 0 34 0 0 0 41
1376 10101 651 631 52 0 0 266 14 0 246 0 34 0 0 0 41
1377 10111 646 626 52 0 0 266 14 0 246 0 34 0 0 0 41
1378 10111 646 626 52 0 0 266 14 0 246 0 34 0 0 0 41
1379 10125 639 619 52 0 0 266 14 0 246 0 34 0 0 0 41
1380 10119 642 622 52 0 0 266 14 0 246 0 34 0 0 0 41
1381 10123 639 620 53 0 0 266 14 0 247 0 33 0 0 0 41
1382 10131 635 616 53 0 0 266 14 0 247 0 33 0 0 0 41
1383 10132 635 616 52 0 0 266 14 0 247 0 33 0 0 0 41
1384 10136 633 615 51 0 0 266 14 0 248 0 32 0 0 0 41
1385 10138 632 614 51 0 0 266 14 0 248 0 32 0 0 0 41
1386 10143 630 612 50 0 0 266 14 0 248 0 32 0 0 0 41
1387 10144 630 612 49 0 0 266 14 0 248 0 32 0 0 0 41
1388 10143 629 613 50 0 0 265 15 0 249 0 31 0 0 0 41
1389 10137 632 616 50 0 0 265 15 0 249 0 31 0 0 0 41
1390 10140 629 614 52 0 0 265 15 0 250 0 30 0 0 0 41
1391 10136 630 615 54 0 0 265 15 0 250 0 30 0 0 0 41
1392 10142 627 612 54 0 0 265 15 0 250 0 30 0 0 0 41
1393 10148 624 609 54 0 0 265 15 0 250 0 30 0 0 0 41
1394 10152 622 607 54 0 0 265 15 0 250 0 30 0 0 0 41
1395 10155 621 605 53 0 0 266 14 0 250 0 30 0 0 0 42
1396 10159 619 603 53 0 0 266 14 0 250 0 30 0 0 0 42
1397 10157 620 604 53 0 0 266 14 0 250 0 30 0 0 0 42
1398 10153 623 607 51 0 0 266 14 0 250 0 30 0 0 0 42
1399 10167 616 600 51 1 0 265 14 1 249 0 30 0 0 0 42
1400 10168 614 598 54 1 0 265 14 1 249 0 30 0 0 0 42
1401 10174 611 595 54 1 0 265 14 1 249 0 30 0 0 0 42
1402 10179 609 593 53 1 0 265 14 1 249 0 30 0 0 0 42
1403 10183 607 591 53 1 0 265 14 1 249 0 30 0 0 0 42
1404 10195 601 585 53 1 0 265 14 1 249 0 30 0 0 0 42
1405 10202 597 582 53 1 0 265 14 1 250 0 29 0 0 0 42
1406 10205 596 581 52 1 0 265 14 1 250 0 29 0 0 0 42
1407 10212 593 577 52 1 0 266 13 1 250 0 29 0 0 0 42
1408 10221 589 573 51 1 0 266 13 1 250 0 29 0 0 0 42
1409 10227 586 570 51 1 0 266 13 1 250 0 29 0 0 0 42
1410 10231 584 568 51 1 0 266 13 1 250 0 29 0 0 0 42
1411 10226 587 571 50 1 0 266 13 1 250 0 29 0 0 0 42
1412 10232 585 568 49 1 0 266 13 1 249 0 30 0 0 0 42
1413 10232 585 568 49 1 0 266 13 1 249 0 30 0 0 0 42
1414 10244 579 562 49 1 0 266 13 1 249 0 30 0 0 0 42
1415 10238 583 566 47 1 0 266 13 1 249 0 30 0 0 0 42
1416 10242 580 564 48 1 0 266 13 1 250 0 29 0 0 0 42
1417 10231 584 568 51 1 0 266 13 1 250 0 29 0 0 0 42
1418 10235 582 566 51 1 0 266 13 1 250 0 29 0 0 0 42
1419 10234 582 566 52 1 0 266 13 1 250 0 29 0 0 0 42
1420 10232 582 568 52 1 0 265 14 1 251 0 28 0 0 0 42
1421 10234 582 568 50 1 0 265 14 1 251 0 28 0 0 0 42
1422 10236 581 567 50 1 0 265 14 1 251 0 28 0 0 0 42
1423 10237 580 566 51 2 0 264 14 2 250 0 28 0 0 0 42
1424 10230 583 570 51 2 0 264 14 2 251 0 27 0 0 0 42
1425 10234 581 568 51 2 0 264 14 2 251 0 27 0 0 0 42
1426 10244 576 563 51 2 0 264 14 2 251 0 27 0 0 0 42
1427 10245 575 562 52 2 0 264 14 2 251 0 27 0 0 0 42
1428 10254 572 557 51 2 0 265 13 2 250 0 28 0 0 0 42
1429 10255 572 557 50 2 0 265 13 2 250 0 28 0 0 0 42
1430 10253 573 558 50 2 0 265 13 2 250 0 28 0 0 0 42
1431 10269 565 551 49 2 0 264 14 2 250 0 28 0 0 0 42
1432 10273 563 549 49 2 0 264 14 2 250 0 28 0 0 0 42
1433 10267 566 552 49 2 0 264 14 2 250 0 28 0 0 0 42
1434 10266 566 552 50 2 0 264 14 2 250 0 28 0 0 0 42
1435 10274 562 548 50 2 0 264 14 2 250 0 28 0 0 0 42
1436 10275 562 548 49 2 0 264 14 2 250 0 28 0 0 0 42
1437 10288 555 543 48 2 0 264 14 2 252 0 26 0 0 0 42
1438 10287 556 544 47 2 0 264 14 2 252 0 26 0 0 0 42
1439 10284 558 546 46 3 0 263 14 3 251 0 26 0 0 0 42
1440 10286 556 546 46 3 0 263 14 3 253 0 24 0 0 0 42
1441 10280 559 549 46 3 0 263 14 3 253 0 24 0 0 0 42
1442 10282 558 548 46 3 0 263 14 3 253 0 24 0 0 0 42
1443 10294 554 544 42 3 0 263 14 3 253 0 24 0 0 0 42
1444 10294 554 544 42 3 0 263 14 3 253 0 24 0 0 0 42
1445 10298 552 542 42 3 0 263 14 3 253 0 24 0 0 0 42
1446 10299 551 541 43 3 0 263 14 3 253 0 24 0 0 0 42
1447 10297 552 542 43 3 0 263 14 3 253 0 24 0 0 0 42
1448 10301 550 540 43 3 0 263 14 3 253 0 24 0 0 0 42
1449 10299 551 541 43 3 0 263 14 3 253 0 24 0 0 0 42
1450 10298 551 541 44 3 0 263 14 3 253 0 24 0 0 0 42
1451 10297 552 541 44 3 0 263 14 3 252 0 25 0 0 0 42
1452 10301 550 539 44 3 0 263 14 3 252 0 25 0 0 0 42
1453 10301 550 540 43 3 0 263 14 3 253 0 24 0 0 0 42
1454 10300 551 540 43 3 0 263 14 3 252 0 25 0 0 0 42
1455 10302 550 539 43 3 0 263 14 3 252 0 25 0 0 0 42
1456 10307 548 537 40 3 0 264 14 3 253 0 25 0 0 0 42
1457 10299 552 541 40 3 0 264 14 3 253 0 25 0 0 0 42
1458 10306 549 538 39 3 0 264 14 3 253 0 25 0 0 0 42
1459 10315 544 533 40 3 0 264 14 3 253 0 25 0 0 0 42
1460 10325 539 528 40 3 0 264 14 3 253 0 25 0 0 0 42
1461 10328 538 527 39 3 0 264 14 3 253 0 25 0 0 0 42
1462 10332 536 525 39 3 0 264 14 3 253 0 25 0 0 0 42
1463 10330 537 526 39 3 0 264 14 3 253 0 25 0 0 0 42
1464 10333 536 525 38 3 0 264 14 3 253 0 25 0 0 0 42
1465 10331 537 526 38 3 0 264 14 3 253 0 25 0 0 0 42
1466 10339 533 523 37 3 0 264 14 3 254 0 24 0 0 0 42
1467 10337 534 524 37 3 0 264 14 3 254 0 24 0 0 0 42
1468 10339 533 523 37 3 0 263 15 3 253 0 25 0 0 0 42
1469 10343 531 521 37 3 0 263 15 3 253 0 25 0 0 0 42
1470 10348 528 518 38 3 0 263 15 3 253 0 25 0 0 0 42
1471 10356 524 514 38 3 0 263 15 3 253 0 25 0 0 0 42
1472 10349 527 518 38 3 0 263 15 3 254 0 24 0 0 0 42
1473 10352 526 516 38 3 0 264 14 3 254 0 24 0 0 0 42
1474 10349 527 517 39 3 0 264 14 3 254 0 24 0 0 0 42
1475 10350 526 516 40 3 0 264 14 3 254 0 24 0 0 0 42
1476 10352 525 515 40 3 0 264 14 3 254 0 24 0 0 0 42
1477 10360 521 511 40 3 0 264 14 3 254 0 24 0 0 0 42
1478 10362 520 510 40 3 0 264 14 3 254 0 24 0 0 0 42
1479 10364 519 509 40 3 0 264 14 3 254 0 24 0 0 0 42
1480 10361 520 510 41 3 0 264 14 3 254 0 24 0 0 0 42
1481 10361 521 511 39 3 0 264 14 3 254 0 24 0 0 0 42
1482 10371 516 507 38 3 0 264 14 3 255 0 23 0 0 0 42
1483 10376 513 504 39 3 0 264 14 4 254 0 23 0 1 0 41
1484 10380 511 502 39 3 0 264 14 4 254 0 23 0 1 0 41
1485 10379 511 502 40 3 0 264 14 4 254 0 23 0 1 0 41
1486 10381 510 501 40 3 0 264 14 4 254 0 23 0 1 0 41
1487 10381 510 501 40 3 0 264 14 5 253 0 23 0 2 0 40
1488 10387 507 498 40 3 0 264 14 5 253 0 23 0 2 0 40
1489 10395 503 494 40 3 0 264 14 5 253 0 23 0 2 0 40
1490 10393 504 495 40 3 0 264 14 5 253 0 23 0 2 0 40
1491 10394 503 494 41 3 0 264 14 5 253 0 23 0 2 0 40
1492 10401 500 490 39 3 0 265 14 5 253 0 24 0 2 0 40
1493 10398 501 492 39 3 0 264 15 5 253 0 24 0 2 0 40
1494 10394 503 494 39 3 0 264 15 5 253 0 24 0 2 0 40
1495 10395 503 494 38 3 0 264 15 5 253 0 24 0 2 0 40
1496 10397 502 493 38 3 0 264 15 5 253 0 24 0 2 0 40
1497 10400 501 491 38 3 0 264 15 5 252 0 25 0 2 0 40
1498 10411 495 486 38 3 0 264 15 5 253 0 24 0 2 0 40
1499 10417 492 483 38 3 0 264 15 5 253 0 24 0 2 0 40
1500 10416 493 484 37 3 0 264 15 5 253 0 24 0 2 0 40
