0 1979 195 0 0 0 0 0 0 0 0 0 0 0 0 0 0
1 11644 196 196 0 0 0 0 0 0 0 0 0 0 0 0 0
2 11638 199 199 0 0 0 0 0 0 0 0 0 0 0 0 0
3 11636 200 200 0 0 0 0 0 0 0 0 0 0 0 0 0
4 11634 201 201 0 0 0 0 0 0 0 0 0 0 0 0 0
5 11634 201 201 0 0 0 0 0 0 0 0 0 0 0 0 0
6 11628 204 204 0 0 0 0 0 0 0 0 0 0 0 0 0
7 11630 203 203 0 0 0 0 0 0 0 0 0 0 0 0 0
8 11627 204 204 1 0 0 0 0 0 0 0 0 0 0 0 0
9 11626 204 204 2 0 0 0 0 0 0 0 0 0 0 0 0
10 11622 206 206 2 0 0 0 0 0 0 0 0 0 0 0 0
11 11622 206 206 2 0 0 0 0 0 0 0 0 0 0 0 0
12 11622 206 206 2 0 0 0 0 0 0 0 0 0 0 0 0
13 11620 207 207 2 0 0 0 0 0 0 0 0 0 0 0 0
14 11618 208 208 2 0 0 0 0 0 0 0 0 0 0 0 0
15 11622 206 206 2 0 0 0 0 0 0 0 0 0 0 0 0
16 11628 203 203 2 0 0 0 0 0 0 0 0 0 0 0 0
17 11626 204 204 2 0 0 0 0 0 0 0 0 0 0 0 0
18 11622 206 206 2 0 0 0 0 0 0 0 0 0 0 0 0
19 11618 208 208 2 0 0 0 0 0 0 0 0 0 0 0 0
20 11620 207 207 2 0 0 0 0 0 0 0 0 0 0 0 0
21 11622 206 206 2 0 0 0 0 0 0 0 0 0 0 0 0
22 11622 206 206 2 0 0 0 0 0 0 0 0 0 0 0 0
23 11622 206 206 2 0 0 0 0 0 0 0 0 0 0 0 0
24 11622 206 206 2 0 0 0 0 0 0 0 0 0 0 0 0
25 11620 207 207 2 0 0 0 0 0 0 0 0 0 0 0 0
26 11620 207 207 2 0 0 0 0 0 0 0 0 0 0 0 0
27 11614 210 210 2 0 0 0 0 0 0 0 0 0 0 0 0
28 11616 209 209 2 0 0 0 0 0 0 0 0 0 0 0 0
29 11618 208 208 2 0 0 0 0 0 0 0 0 0 0 0 0
30 11612 210 210 4 0 0 0 0 0 0 0 0 0 0 0 0
31 11610 211 211 4 0 0 0 0 0 0 0 0 0 0 0 0
32 11608 212 212 4 0 0 0 0 0 0 0 0 0 0 0 0
33 11608 212 212 4 0 0 0 0 0 0 0 0 0 0 0 0
34 11608 212 212 4 0 0 0 0 0 0 0 0 0 0 0 0
35 11606 213 213 4 0 0 0 0 0 0 0 0 0 0 0 0
36 11602 215 215 4 0 0 0 0 0 0 0 0 0 0 0 0
37 11600 216 216 4 0 0 0 0 0 0 0 0 0 0 0 0
38 11596 218 218 4 0 0 0 0 0 0 0 0 0 0 0 0
39 11596 218 218 4 0 0 0 0 0 0 0 0 0 0 0 0
40 11593 219 219 5 0 0 0 0 0 0 0 0 0 0 0 0
41 11593 219 219 5 0 0 0 0 0 0 0 0 0 0 0 0
42 11595 218 218 5 0 0 0 0 0 0 0 0 0 0 0 0
43 11591 220 220 5 0 0 0 0 0 0 0 0 0 0 0 0
44 11591 220 220 5 0 0 0 0 0 0 0 0 0 0 0 0
45 11577 227 227 5 0 0 0 0 0 0 0 0 0 0 0 0
46 11569 231 231 5 0 0 0 0 0 0 0 0 0 0 0 0
47 11564 234 234 4 0 0 0 0 0 0 0 0 0 0 0 0
48 11559 236 236 5 0 0 0 0 0 0 0 0 0 0 0 0
49 11541 244 244 7 0 0 0 0 0 0 0 0 0 0 0 0
50 11527 251 251 7 0 0 0 0 0 0 0 0 0 0 0 0
51 11517 256 256 7 0 0 0 0 0 0 0 0 0 0 0 0
52 11505 262 262 7 0 0 0 0 0 0 0 0 0 0 0 0
53 11493 268 268 7 0 0 0 0 0 0 0 0 0 0 0 0
54 11471 279 279 7 0 0 0 0 0 0 0 0 0 0 0 0
55 11463 283 283 7 0 0 0 0 0 0 0 0 0 0 0 0
56 11451 289 289 7 0 0 0 0 0 0 0 0 0 0 0 0
57 11439 295 295 7 0 0 0 0 0 0 0 0 0 0 0 0
58 11420 304 304 8 0 0 0 0 0 0 0 0 0 0 0 0
59 11411 308 308 9 0 0 0 0 0 0 0 0 0 0 0 0
60 11404 311 311 10 0 0 0 0 0 0 0 0 0 0 0 0
61 11386 320 320 10 0 0 0 0 0 0 0 0 0 0 0 0
62 11364 331 331 10 0 0 0 0 0 0 0 0 0 0 0 0
63 11359 334 334 9 0 0 0 0 0 0 0 0 0 0 0 0
64 11354 336 336 10 0 0 0 0 0 0 0 0 0 0 0 0
65 11348 339 339 10 0 0 0 0 0 0 0 0 0 0 0 0
66 11324 351 351 10 0 0 0 0 0 0 0 0 0 0 0 0
67 11311 358 358 9 0 0 0 0 0 0 0 0 0 0 0 0
68 11290 368 368 10 0 0 0 0 0 0 0 0 0 0 0 0
69 11261 382 382 11 0 0 0 0 0 0 0 0 0 0 0 0
70 11256 384 384 12 0 0 0 0 0 0 0 0 0 0 0 0
71 11244 390 390 12 0 0 0 0 0 0 0 0 0 0 0 0
72 11229 398 397 10 0 0 1 0 0 0 0 1 0 0 0 0
73 11215 405 404 10 0 0 1 0 0 0 0 1 0 0 0 0
74 11208 409 408 9 0 0 1 0 0 0 0 1 0 0 0 0
75 11202 412 411 9 0 0 1 0 0 0 0 1 0 0 0 0
76 11184 421 420 9 0 0 1 0 0 0 0 1 0 0 0 0
77 11169 428 427 10 0 0 1 0 0 0 0 1 0 0 0 0
78 11144 440 439 11 0 0 1 0 0 0 0 1 0 0 0 0
79 11134 445 442 9 0 0 3 0 0 0 0 3 0 0 0 0
80 11126 449 446 9 0 0 3 0 0 0 0 3 0 0 0 0
81 11099 463 460 8 0 0 3 0 0 0 0 3 0 0 0 0
82 11078 473 470 9 0 0 3 0 0 0 0 3 0 0 0 0
83 11069 477 474 10 0 0 3 0 0 0 0 3 0 0 0 0
84 11048 486 483 13 0 0 3 0 0 0 0 3 0 0 0 0
85 11032 494 491 13 0 0 3 0 0 0 0 3 0 0 0 0
86 11019 501 498 12 0 0 3 0 0 0 0 3 0 0 0 0
87 11010 505 502 13 0 0 3 0 0 0 0 3 0 0 0 0
88 10999 510 507 14 0 0 3 0 0 0 0 3 0 0 0 0
89 10980 519 516 15 0 0 3 0 0 0 0 3 0 0 0 0
90 10960 529 526 15 0 0 3 0 0 0 0 3 0 0 0 0
91 10954 532 529 15 0 0 3 0 0 0 0 3 0 0 0 0
92 10949 534 530 15 0 0 4 0 0 0 0 4 0 0 0 0
93 10935 541 537 15 0 0 4 0 0 0 0 4 0 0 0 0
94 10921 547 543 17 0 0 4 0 0 0 0 4 0 0 0 0
95 10907 553 549 19 0 0 4 0 0 0 0 4 0 0 0 0
96 10896 559 554 17 0 0 5 0 0 0 0 5 0 0 0 0
97 10893 560 555 18 0 0 5 0 0 0 0 5 0 0 0 0
98 10882 565 560 19 0 0 5 0 0 0 0 5 0 0 0 0
99 10870 571 566 19 0 0 5 0 0 0 0 5 0 0 0 0
100 10853 579 574 20 0 0 5 0 0 0 0 5 0 0 0 0
101 10835 588 583 20 0 0 5 0 0 0 0 5 0 0 0 0
102 10829 591 586 20 0 0 5 0 0 0 0 5 0 0 0 0
103 10822 594 589 21 0 0 5 0 0 0 0 5 0 0 0 0
104 10802 604 599 21 0 0 5 0 0 0 0 5 0 0 0 0
105 10779 615 610 22 0 0 5 0 0 0 0 5 0 0 0 0
106 10773 618 613 22 0 0 5 0 0 0 0 5 0 0 0 0
107 10763 623 618 22 0 0 5 0 0 0 0 5 0 0 0 0
108 10752 628 623 23 0 0 5 0 0 0 0 5 0 0 0 0
109 10741 634 629 22 0 0 5 0 0 0 0 5 0 0 0 0
110 10726 642 637 21 0 0 5 0 0 0 0 5 0 0 0 0
111 10716 647 642 21 0 0 5 0 0 0 0 5 0 0 0 0
112 10700 655 649 20 0 0 6 0 0 0 0 6 0 0 0 0
113 10693 658 652 21 0 0 6 0 0 0 0 6 0 0 0 0
114 10691 659 653 21 0 0 6 0 0 0 0 6 0 0 0 0
115 10693 658 652 21 0 0 6 0 0 0 0 6 0 0 0 0
116 10691 659 653 21 0 0 6 0 0 0 0 6 0 0 0 0
117 10678 665 658 21 0 0 7 0 0 0 0 7 0 0 0 0
118 10672 668 661 21 0 0 7 0 0 0 0 7 0 0 0 0
119 10663 672 665 22 0 0 7 0 0 0 0 7 0 0 0 0
120 10661 673 666 22 0 0 7 0 0 0 0 7 0 0 0 0
121 10658 674 667 23 0 0 7 0 0 0 0 7 0 0 0 0
122 10651 678 671 22 0 0 7 0 0 0 0 7 0 0 0 0
123 10640 683 676 23 0 0 7 0 0 0 0 7 0 0 0 0
124 10629 688 681 24 0 0 7 0 0 0 0 7 0 0 0 0
125 10622 691 684 25 0 0 7 0 0 0 0 7 0 0 0 0
126 10599 701 693 27 0 0 8 0 0 0 0 8 0 0 0 0
127 10588 706 698 28 0 0 8 0 0 0 0 8 0 0 0 0
128 10574 713 705 28 0 0 8 0 0 0 0 8 0 0 0 0
129 10568 716 708 28 0 0 8 0 0 0 0 8 0 0 0 0
130 10561 720 712 27 0 0 8 0 0 0 0 8 0 0 0 0
131 10543 728 720 29 0 0 8 0 0 0 0 8 0 0 0 0
132 10530 734 726 30 0 0 8 0 0 0 0 8 0 0 0 0
133 10532 733 725 30 0 0 8 0 0 0 0 8 0 0 0 0
134 10517 740 731 30 0 0 9 0 0 0 0 9 0 0 0 0
135 10506 745 736 31 0 0 9 0 0 0 0 9 0 0 0 0
136 10497 749 740 32 0 0 9 0 0 0 0 9 0 0 0 0
137 10489 752 742 33 0 0 10 0 0 0 0 10 0 0 0 0
138 10484 754 743 33 0 0 11 0 0 0 0 11 0 0 0 0
139 10467 760 749 38 0 0 11 0 0 0 0 11 0 0 0 0
140 10456 765 754 39 0 0 11 0 0 0 0 11 0 0 0 0
141 10431 777 766 40 0 0 11 0 0 0 0 11 0 0 0 0
142 10424 780 769 41 0 0 11 0 0 0 0 11 0 0 0 0
143 10413 784 773 44 0 0 11 0 0 0 0 11 0 0 0 0
144 10391 795 784 44 0 0 11 0 0 0 0 11 0 0 0 0
145 10375 803 792 44 0 0 11 0 0 0 0 11 0 0 0 0
146 10360 811 799 42 0 0 12 0 0 0 0 12 0 0 0 0
147 10342 820 808 42 0 0 12 0 0 0 0 12 0 0 0 0
148 10326 827 814 43 0 0 13 0 0 0 0 13 0 0 0 0
149 10325 826 814 45 0 0 13 0 0 1 0 12 0 0 0 0
150 10315 832 820 43 0 0 13 0 0 1 0 12 0 0 0 0
151 10282 848 836 44 0 0 13 0 0 1 0 12 0 0 0 0
152 10275 851 839 45 0 0 13 0 0 1 0 12 0 0 0 0
153 10239 868 856 47 0 0 13 0 0 1 0 12 0 0 0 0
154 10222 875 863 50 0 0 13 0 0 1 0 12 0 0 0 0
155 10210 882 869 47 0 0 14 0 0 1 0 13 0 0 0 0
156 10183 893 880 52 0 0 14 0 0 1 0 13 0 0 0 0
157 10164 900 887 57 0 0 14 0 0 1 0 13 0 0 0 0
158 10146 907 894 61 0 0 14 0 0 1 0 13 0 0 0 0
159 10141 910 897 60 0 0 14 0 0 1 0 13 0 0 0 0
160 10119 920 907 62 0 0 14 0 0 1 0 13 0 0 0 0
161 10096 930 917 65 0 0 14 0 0 1 0 13 0 0 0 0
162 10070 942 929 67 0 0 14 0 0 1 0 13 0 0 0 0
163 10029 960 947 72 0 0 14 0 0 1 0 13 0 0 0 0
164 10015 966 953 74 0 0 14 0 0 1 0 13 0 0 0 0
165 9994 975 962 77 0 0 14 0 0 1 0 13 0 0 0 0
166 9972 984 970 80 0 0 15 0 0 1 0 14 0 0 0 0
167 9945 995 982 84 0 0 15 0 0 2 0 13 0 0 0 0
168 9921 1007 994 84 0 0 15 0 0 2 0 13 0 0 0 0
169 9889 1022 1008 85 0 0 16 0 0 2 0 14 0 0 0 0
170 9877 1027 1013 87 0 0 16 0 0 2 0 14 0 0 0 0
171 9853 1038 1024 87 0 0 16 1 0 2 0 15 0 0 0 0
172 9830 1047 1032 91 0 0 17 1 0 2 0 16 0 0 0 0
173 9808 1056 1041 95 0 0 17 1 0 2 0 16 0 0 0 0
174 9782 1068 1050 94 0 0 20 1 0 2 0 19 0 0 0 0
175 9772 1073 1055 94 0 0 20 1 0 2 0 19 0 0 0 0
176 9748 1083 1065 98 0 0 20 1 0 2 0 19 0 0 0 0
177 9732 1089 1071 100 0 0 20 2 0 2 0 20 0 0 0 0
178 9715 1097 1078 100 0 0 21 2 0 2 0 21 0 0 0 0
179 9698 1105 1084 99 0 0 23 2 0 2 0 23 0 0 0 0
180 9675 1115 1093 101 0 0 24 2 0 2 0 24 0 0 0 0
181 9655 1125 1102 100 0 0 25 2 0 2 0 25 0 0 0 0
182 9647 1127 1104 104 0 0 25 2 0 2 0 25 0 0 0 0
183 9625 1136 1113 108 0 0 25 2 0 2 0 25 0 0 0 0
184 9610 1143 1119 108 0 0 26 2 0 2 0 26 0 0 0 0
185 9601 1146 1122 109 0 0 26 3 0 2 0 27 0 0 0 0
186 9583 1155 1131 107 0 0 27 3 0 3 0 27 0 0 0 0
187 9571 1160 1135 108 0 0 28 3 0 3 0 28 0 0 0 0
188 9557 1167 1142 108 0 0 28 3 0 3 0 28 0 0 0 0
189 9540 1174 1149 111 0 0 28 3 0 3 0 28 0 0 0 0
190 9535 1173 1148 118 0 0 28 3 0 3 0 28 0 0 0 0
191 9520 1178 1153 123 0 0 28 3 0 3 0 28 0 0 0 0
192 9511 1181 1156 126 0 0 28 3 0 3 0 28 0 0 0 0
193 9503 1185 1160 126 0 0 28 3 0 3 0 28 0 0 0 0
194 9494 1189 1163 124 0 0 30 3 0 4 0 29 0 0 0 0
195 9487 1192 1166 125 0 0 30 3 0 4 0 29 0 0 0 0
196 9479 1198 1172 121 0 0 30 3 0 4 0 29 0 0 0 0
197 9464 1205 1178 121 0 0 31 3 0 4 0 30 0 0 0 0
198 9447 1213 1186 122 0 0 31 3 0 4 0 30 0 0 0 0
199 9447 1214 1187 120 0 0 31 3 0 4 0 30 0 0 0 0
200 9447 1213 1185 121 0 0 32 3 0 4 0 31 0 0 0 0
201 9439 1216 1187 122 0 0 33 3 0 4 0 32 0 0 0 0
202 9433 1220 1189 118 0 0 35 3 0 4 0 34 0 0 0 0
203 9428 1223 1193 116 0 0 34 4 0 4 0 34 0 0 0 0
204 9424 1224 1193 117 0 0 35 4 0 4 0 35 0 0 0 0
205 9415 1226 1195 122 0 0 35 4 0 4 0 35 0 0 0 0
206 9404 1230 1200 124 0 0 35 4 0 5 0 34 0 0 0 0
207 9397 1233 1203 125 0 0 35 4 0 5 0 34 0 0 0 0
208 9394 1234 1203 125 0 0 36 4 0 5 0 35 0 0 0 0
209 9390 1235 1205 126 0 0 36 4 0 6 0 34 0 0 0 0
210 9381 1239 1208 126 0 0 37 4 0 6 0 35 0 0 0 0
211 9381 1242 1211 120 0 0 37 4 0 6 0 35 0 0 0 0
212 9359 1252 1222 121 0 0 37 4 0 7 0 34 0 0 0 0
213 9365 1248 1218 123 0 0 37 4 0 7 0 34 0 0 0 0
214 9370 1247 1217 120 0 0 37 4 0 7 0 34 0 0 0 0
215 9363 1250 1220 121 0 0 37 4 0 7 0 34 0 0 0 0
216 9351 1255 1225 123 0 0 37 4 0 7 0 34 0 0 0 0
217 9359 1251 1220 122 0 0 38 4 0 7 0 35 0 0 0 0
218 9369 1246 1216 121 0 0 38 4 0 8 0 34 0 0 0 0
219 9361 1249 1219 123 0 0 38 4 0 8 0 34 0 0 0 0
220 9362 1247 1217 126 0 0 38 4 0 8 0 34 0 0 0 0
221 9368 1243 1212 127 0 0 39 4 0 8 0 35 0 0 0 0
222 9350 1250 1219 127 0 0 39 6 0 8 0 37 0 0 0 0
223 9343 1253 1222 128 0 0 39 6 0 8 0 37 0 0 0 0
224 9333 1258 1227 127 0 0 39 6 0 8 0 37 0 0 0 1
225 9327 1260 1229 129 0 0 39 6 0 8 0 37 0 0 0 1
226 9326 1260 1229 130 0 0 39 6 0 8 0 37 0 0 0 1
227 9329 1257 1227 132 0 0 39 6 0 9 0 36 0 0 0 1
228 9324 1260 1229 131 0 0 40 5 0 9 0 36 0 0 0 2
229 9325 1257 1226 132 0 0 42 5 0 11 0 36 0 0 0 2
230 9330 1254 1223 129 0 0 42 7 0 11 0 38 0 0 0 2
231 9329 1254 1220 127 0 0 45 7 0 11 0 41 0 0 0 2
232 9318 1260 1224 124 0 0 47 7 0 11 0 43 0 0 0 2
233 9314 1261 1225 126 0 0 47 7 0 11 0 43 0 0 0 2
234 9310 1263 1227 126 0 0 47 7 0 11 0 43 0 0 0 2
235 9294 1270 1233 127 0 0 48 7 0 11 0 44 0 0 0 2
236 9281 1276 1239 128 0 0 48 7 0 11 0 44 0 0 0 2
237 9262 1285 1247 128 0 0 49 7 0 11 0 45 0 0 0 2
238 9243 1295 1256 126 0 0 50 7 0 11 0 46 0 0 0 2
239 9238 1297 1259 126 0 0 50 7 0 12 0 45 0 0 0 2
240 9243 1292 1254 131 0 0 50 7 0 12 0 45 0 0 0 2
241 9248 1289 1251 132 0 0 50 7 0 12 0 45 0 0 0 2
242 9245 1289 1250 134 0 0 51 7 0 12 0 46 0 0 0 2
243 9234 1293 1250 133 0 0 55 7 0 12 0 50 0 0 0 2
244 9232 1294 1250 132 0 0 56 7 0 12 0 51 0 0 0 2
245 9220 1299 1255 132 0 0 57 7 0 13 0 51 0 0 0 2
246 9208 1302 1258 138 0 0 57 7 0 13 0 51 0 0 0 2
247 9199 1306 1261 138 0 0 58 7 0 13 0 52 0 0 0 2
248 9192 1307 1262 142 0 0 59 6 0 14 0 51 0 0 0 3
249 9188 1309 1263 141 0 0 60 6 0 14 0 52 0 0 0 3
250 9179 1312 1266 144 0 0 60 6 0 14 0 52 0 0 0 3
251 9179 1312 1266 142 0 0 60 7 0 14 0 53 0 0 0 3
252 9159 1321 1274 143 0 0 61 7 0 14 0 54 0 0 0 3
253 9150 1324 1278 145 0 0 61 7 0 15 0 53 0 0 0 3
254 9153 1322 1276 146 0 0 61 7 0 15 0 53 0 0 0 3
255 9134 1329 1283 151 0 0 61 7 0 15 0 53 0 0 0 3
256 9127 1331 1286 153 0 0 60 8 0 15 0 53 0 0 0 3
257 9119 1334 1288 154 0 0 61 8 0 15 0 54 0 0 0 3
258 9101 1341 1296 155 0 0 61 9 0 16 0 54 0 0 0 3
259 9083 1349 1307 154 0 0 61 9 0 19 0 51 0 0 0 3
260 9067 1355 1312 157 0 0 62 9 0 19 0 52 0 0 0 3
261 9065 1356 1312 156 0 0 63 9 0 19 0 53 0 0 0 3
262 9052 1362 1318 157 0 0 63 9 0 19 0 53 0 0 0 3
263 9036 1369 1324 158 0 0 64 9 0 19 0 54 0 0 0 3
264 9011 1378 1333 165 0 0 64 9 0 19 0 54 0 0 0 3
265 8992 1385 1341 169 0 0 63 10 0 19 0 54 0 0 0 3
266 8993 1384 1341 169 0 0 63 10 0 20 0 53 0 0 0 3
267 8990 1386 1344 167 0 0 62 11 0 20 0 53 0 0 0 3
268 8978 1391 1346 166 0 0 65 11 0 20 0 56 0 0 0 3
269 8959 1400 1356 164 0 0 64 13 0 20 0 57 0 0 0 3
270 8936 1409 1364 168 0 0 65 13 0 20 0 58 0 0 0 3
271 8929 1411 1365 170 0 0 66 13 0 20 0 59 0 0 0 3
272 8915 1417 1371 172 0 0 66 13 0 20 0 59 0 0 0 3
273 8920 1413 1365 173 0 0 68 13 0 20 0 61 0 0 0 3
274 8893 1424 1376 176 0 0 68 14 0 20 0 62 0 0 0 3
275 8872 1432 1383 178 0 0 69 15 0 20 0 64 0 0 0 3
276 8859 1435 1388 183 0 0 69 15 0 22 0 62 0 0 0 3
277 8838 1444 1397 184 0 0 70 15 0 23 0 62 0 0 0 3
278 8824 1448 1400 189 0 0 71 15 0 23 0 63 0 0 0 3
279 8820 1450 1402 189 0 0 71 15 0 23 0 63 0 0 0 3
280 8811 1454 1406 190 0 0 71 15 0 23 0 63 0 0 0 3
281 8814 1452 1402 187 0 0 72 17 0 22 0 67 0 0 0 3
282 8815 1452 1401 185 0 0 74 15 0 23 0 66 0 0 0 5
283 8800 1460 1409 184 0 0 74 15 0 23 0 66 0 0 0 5
284 8784 1465 1414 188 0 0 75 15 0 24 0 66 0 0 0 5
285 8778 1466 1415 192 0 0 75 15 0 24 0 66 0 0 0 5
286 8758 1475 1424 194 0 0 75 15 0 24 0 66 0 0 0 5
287 8735 1485 1435 194 0 0 76 15 0 26 0 65 0 0 0 5
288 8723 1490 1440 194 0 0 76 16 0 26 0 66 0 0 0 5
289 8743 1481 1432 191 0 0 76 16 0 27 0 65 0 0 0 5
290 8729 1486 1436 194 0 0 77 16 0 27 0 66 0 0 0 5
291 8711 1492 1443 199 0 0 77 16 0 28 0 65 0 0 0 5
292 8711 1493 1443 196 0 0 78 16 0 28 0 66 0 0 0 5
293 8699 1497 1446 199 0 0 79 16 0 28 0 67 0 0 0 5
294 8696 1498 1448 199 0 0 79 16 0 29 0 66 0 0 0 5
295 8689 1501 1450 195 0 0 81 17 0 30 0 68 0 0 0 5
296 8696 1498 1446 195 0 0 82 16 0 30 0 68 0 0 0 5
297 8688 1502 1448 193 0 0 84 16 0 30 0 70 0 0 0 5
298 8689 1501 1447 192 0 0 85 16 0 31 0 70 0 0 0 5
299 8683 1503 1449 192 0 0 85 17 0 31 0 71 0 0 0 5
300 8672 1508 1455 192 0 0 84 18 0 31 0 71 0 0 0 5
301 8675 1507 1454 190 0 0 85 17 0 32 0 70 0 0 0 6
302 8686 1502 1449 189 0 0 85 17 0 32 0 70 0 0 0 6
303 8674 1507 1453 188 0 0 87 17 0 33 0 71 0 0 0 6
304 8665 1512 1458 187 0 0 87 17 0 33 0 71 0 0 0 6
305 8647 1521 1467 185 0 0 87 18 0 33 0 72 0 0 0 6
306 8641 1523 1470 186 0 0 87 18 0 34 0 71 0 0 0 6
307 8635 1522 1469 192 0 0 88 18 0 35 0 71 0 0 0 6
308 8629 1524 1471 194 0 0 88 18 0 35 0 71 0 0 0 6
309 8614 1530 1477 195 0 0 89 18 0 36 0 71 0 0 0 6
310 8622 1525 1472 197 0 0 89 18 0 36 0 71 0 0 0 6
311 8620 1525 1473 197 0 0 90 17 0 38 0 69 0 0 0 7
312 8644 1513 1459 195 0 0 92 17 0 38 0 71 0 0 0 7
313 8652 1508 1454 196 0 0 92 17 0 38 0 71 0 0 0 8
314 8649 1510 1455 194 0 0 93 17 0 38 0 72 0 0 0 8
315 8651 1510 1454 193 0 0 94 16 0 38 0 72 0 0 0 8
316 8650 1508 1452 196 0 0 95 16 0 39 0 72 0 0 0 8
317 8654 1506 1450 196 0 0 95 16 0 39 0 72 0 0 0 8
318 8649 1511 1453 192 0 0 97 14 0 39 0 72 0 0 0 9
319 8635 1518 1459 193 0 0 97 14 0 38 0 73 0 0 0 9
320 8629 1519 1457 194 0 0 100 14 0 38 0 76 0 0 0 9
321 8626 1519 1458 196 0 0 100 14 0 39 0 75 0 0 0 9
322 8616 1521 1459 201 0 0 101 14 0 39 0 76 0 0 0 9
323 8618 1520 1457 200 0 0 102 14 0 39 0 77 0 0 0 9
324 8608 1522 1460 205 0 0 101 15 0 39 0 77 0 0 0 9
325 8614 1519 1457 205 0 0 101 15 0 39 0 77 0 0 0 9
326 8617 1519 1457 202 0 0 101 15 0 39 0 77 0 0 0 9
327 8626 1516 1454 197 0 0 102 15 0 40 0 77 0 0 0 9
328 8611 1520 1458 204 0 0 102 15 0 40 0 77 0 0 0 9
329 8595 1527 1465 206 0 0 102 15 0 40 0 77 0 0 0 9
330 8581 1531 1469 212 0 0 102 15 0 40 0 77 0 0 0 9
331 8575 1531 1470 217 0 0 103 14 0 42 0 75 0 0 0 9
332 8570 1533 1473 217 0 0 103 14 0 43 0 74 0 0 0 9
333 8549 1540 1478 222 0 0 105 14 0 43 0 76 0 0 0 9
334 8557 1536 1472 218 0 0 108 14 0 44 0 78 0 0 0 9
335 8546 1539 1476 222 0 0 107 15 0 44 0 78 0 0 0 9
336 8556 1532 1470 225 0 0 106 16 0 44 0 78 0 0 0 9
337 8558 1529 1466 228 0 0 107 16 0 44 0 79 0 0 0 9
338 8541 1536 1473 231 0 0 107 16 0 44 0 79 0 0 0 9
339 8546 1534 1471 230 0 0 107 16 0 44 0 79 0 0 0 9
340 8528 1541 1479 233 0 0 107 16 0 45 0 78 0 0 0 9
341 8535 1539 1477 230 0 0 107 16 0 45 0 78 0 0 0 9
342 8532 1539 1477 233 0 0 107 16 0 45 0 78 0 0 0 9
343 8524 1542 1479 234 0 0 108 16 0 45 0 79 0 0 0 9
344 8522 1542 1479 236 0 0 108 16 0 45 0 79 0 0 0 9
345 8501 1551 1488 236 0 0 110 15 0 47 0 78 0 0 0 10
346 8489 1555 1492 238 0 0 110 16 0 47 0 79 0 0 0 10
347 8473 1561 1499 241 0 0 110 16 0 48 0 78 0 0 0 10
348 8457 1570 1508 239 0 0 110 16 0 48 0 78 0 0 0 10
349 8449 1572 1508 243 0 0 111 16 0 47 0 80 0 0 0 10
350 8425 1583 1518 242 0 0 113 16 0 48 0 81 0 0 0 10
351 8413 1590 1523 239 0 0 115 15 0 48 0 82 0 0 0 11
352 8399 1594 1527 245 0 0 115 15 0 48 0 82 0 0 0 11
353 8396 1596 1528 243 0 0 116 15 0 48 0 83 0 0 0 11
354 8375 1605 1536 245 0 0 117 15 0 48 0 84 0 0 0 11
355 8349 1615 1543 251 0 0 119 14 0 47 0 86 0 0 0 12
356 8349 1614 1543 249 0 0 119 15 0 48 0 86 0 0 0 13
357 8342 1615 1543 253 0 0 120 15 0 48 0 87 0 0 0 13
358 8323 1622 1547 257 0 0 123 14 0 48 0 89 0 0 0 13
359 8302 1630 1554 260 0 0 124 14 0 48 0 90 0 0 0 14
360 8289 1635 1558 262 0 0 125 14 0 48 0 91 0 0 0 14
361 8275 1637 1560 272 0 0 125 14 0 48 0 91 0 0 0 14
362 8265 1641 1563 273 0 0 126 14 0 48 0 92 0 0 0 14
363 8255 1644 1565 276 0 0 127 14 0 48 0 93 0 0 0 14
364 8235 1652 1571 278 0 0 129 14 0 48 0 95 0 0 0 14
365 8222 1657 1576 281 0 0 129 14 0 48 0 95 0 0 0 14
366 8201 1662 1581 288 0 0 130 15 0 49 0 96 0 0 0 14
367 8186 1667 1586 291 0 0 131 15 0 50 0 96 0 0 0 14
368 8189 1665 1584 290 0 0 132 15 0 51 0 96 0 0 0 14
369 8195 1660 1578 291 0 0 134 15 0 52 0 97 0 0 0 14
370 8193 1660 1580 291 0 0 134 15 0 54 0 95 0 0 0 14
371 8186 1660 1580 297 0 0 134 15 0 54 0 95 0 0 0 15
372 8172 1665 1583 297 0 0 136 16 0 54 0 98 0 0 0 15
373 8176 1661 1580 298 0 0 136 17 0 55 0 98 0 0 0 15
374 8172 1663 1581 297 0 0 137 17 0 55 0 99 0 0 0 15
375 8156 1671 1590 296 0 0 137 17 0 56 0 98 0 0 0 15
376 8136 1677 1599 301 0 0 137 17 0 59 0 95 0 0 0 15
377 8127 1679 1601 304 0 0 137 18 0 59 0 96 0 0 0 15
378 8114 1684 1607 305 0 0 135 20 0 58 0 97 0 0 0 16
379 8106 1689 1609 302 0 0 138 19 0 58 0 99 0 0 0 16
380 8103 1689 1607 300 0 0 141 19 0 59 0 101 0 0 0 17
381 8083 1699 1613 298 0 0 144 19 0 58 0 105 0 0 0 17
382 8079 1699 1614 299 0 0 143 21 0 58 0 106 0 0 0 17
383 8062 1705 1619 303 0 0 144 21 0 58 0 107 0 0 0 17
384 8052 1709 1623 304 0 0 144 21 0 58 0 107 0 0 0 18
385 8075 1695 1611 301 0 0 144 24 0 60 0 108 0 0 0 18
386 8072 1696 1612 302 0 0 144 24 0 60 0 108 0 0 0 18
387 8068 1698 1614 302 0 0 144 24 0 60 0 108 0 0 0 18
388 8067 1697 1610 302 0 0 147 24 0 60 0 111 0 0 0 18
389 8059 1701 1613 301 0 0 148 24 0 60 0 112 0 0 0 18
390 8055 1701 1614 302 0 0 147 26 0 60 0 113 0 0 0 18
391 8045 1705 1618 302 0 0 148 26 0 61 0 113 0 0 0 18
392 8054 1699 1612 305 0 0 148 26 0 61 0 113 0 0 0 18
393 8048 1701 1613 306 0 0 150 25 0 62 0 113 0 0 0 18
394 8041 1706 1617 304 0 0 151 24 0 62 0 113 0 0 0 18
395 8054 1698 1608 306 0 0 152 24 0 62 0 114 0 0 0 18
396 8058 1697 1607 304 0 0 153 23 0 63 0 113 0 0 0 18
397 8062 1694 1603 305 0 0 154 23 0 63 0 114 0 0 0 18
398 8064 1691 1600 309 0 0 154 23 0 63 0 114 0 0 0 18
399 8056 1695 1605 308 0 0 154 23 0 64 0 113 0 0 0 18
400 8047 1699 1611 305 0 0 154 24 0 66 0 112 0 0 0 18
401 8049 1699 1611 303 0 0 154 24 0 66 0 112 0 0 0 18
402 8033 1707 1619 301 0 0 154 25 0 66 0 113 0 0 0 18
403 8038 1704 1617 300 0 0 154 25 0 67 0 112 0 0 0 19
404 8046 1700 1612 301 0 0 155 24 0 67 0 112 0 0 0 19
405 8045 1700 1610 300 0 0 157 24 0 67 0 114 0 0 0 19
406 8030 1707 1617 301 0 0 157 24 0 67 0 114 0 0 0 19
407 8028 1708 1617 300 0 0 158 24 0 67 0 115 0 0 0 19
408 8031 1708 1617 297 0 0 158 24 0 67 0 115 0 0 0 19
409 8032 1706 1615 298 0 0 160 22 0 69 0 113 0 0 0 21
410 8051 1695 1605 300 0 0 159 23 0 69 0 113 0 0 0 21
411 8055 1694 1604 294 0 0 160 24 0 70 0 114 0 0 0 21
412 8062 1689 1600 296 0 0 159 25 0 70 0 114 0 0 0 21
413 8054 1694 1604 293 0 0 160 25 0 70 0 115 0 0 0 21
414 8050 1694 1600 293 0 0 164 24 0 70 0 118 0 0 0 23
415 8048 1692 1598 297 0 0 165 24 0 71 0 118 0 0 0 23
416 8058 1689 1594 291 0 0 166 24 0 71 0 119 0 0 0 24
417 8069 1686 1590 285 0 0 167 24 0 71 0 120 0 0 0 24
418 8067 1688 1592 283 0 0 167 24 0 71 0 120 0 0 0 24
419 8073 1686 1589 280 0 0 168 24 0 71 0 121 0 0 0 24
420 8068 1687 1591 282 0 0 168 24 0 72 0 120 0 0 0 24
421 8082 1680 1584 278 0 0 169 25 0 73 0 121 0 0 0 24
422 8065 1684 1588 285 0 0 169 26 0 73 0 122 0 0 0 24
423 8068 1684 1588 282 0 0 169 26 0 73 0 122 0 0 0 24
424 8069 1680 1585 285 0 0 171 25 0 76 0 120 0 0 0 25
425 8056 1684 1592 287 0 0 171 25 0 79 0 117 0 0 0 25
426 8066 1679 1586 286 0 0 172 25 0 79 0 118 0 0 0 25
427 8060 1681 1589 287 0 0 172 25 0 80 0 117 0 0 0 25
428 8060 1680 1588 287 0 0 173 25 0 81 0 117 0 0 0 25
429 8051 1685 1591 285 0 0 176 23 0 82 0 117 0 0 0 26
430 8043 1690 1595 282 0 0 177 23 0 82 0 118 0 0 0 26
431 8043 1688 1593 284 0 0 178 23 0 83 0 118 0 0 0 26
432 8040 1688 1593 286 0 0 178 23 0 83 0 118 0 0 0 27
433 8038 1688 1595 286 0 0 178 22 0 85 0 115 0 0 0 29
434 8036 1687 1594 288 0 0 178 23 0 85 0 116 0 0 0 29
435 8027 1687 1594 293 0 0 180 23 0 87 0 116 0 0 0 29
436 8011 1691 1597 296 0 0 181 25 0 87 0 119 0 0 0 29
437 8011 1691 1597 296 0 0 181 25 0 87 0 119 0 0 0 29
438 8009 1693 1599 294 0 0 181 25 0 87 0 119 0 0 0 29
439 7996 1697 1604 297 0 0 180 26 0 87 0 119 0 0 0 30
440 7990 1700 1605 293 0 0 183 26 0 88 0 121 0 0 0 30
441 7997 1695 1601 291 0 0 183 28 0 89 0 122 0 0 0 30
442 7995 1694 1598 291 0 0 186 28 0 90 0 124 0 0 0 30
443 7994 1694 1599 289 0 0 186 29 0 91 0 124 0 0 0 30
444 7984 1694 1600 296 0 0 186 30 0 92 0 124 0 0 0 30
445 7969 1701 1605 295 0 0 188 30 0 92 0 126 0 0 0 30
446 7955 1705 1610 300 0 0 188 30 0 93 0 125 0 0 0 30
447 7943 1710 1614 299 0 0 189 31 0 93 0 127 0 0 0 30
448 7929 1715 1618 300 0 0 190 32 0 93 0 129 0 0 0 30
449 7904 1725 1628 305 0 0 190 32 0 93 0 129 0 0 0 30
450 7903 1725 1628 302 0 0 192 32 0 95 0 129 0 0 0 30
451 7903 1724 1626 303 0 0 193 32 0 95 0 130 0 0 0 30
452 7899 1724 1625 304 0 0 195 32 0 96 0 131 0 0 0 30
453 7893 1724 1625 308 0 0 196 32 0 97 0 131 0 0 0 30
454 7873 1732 1630 311 0 0 199 31 0 97 0 133 0 0 0 30
455 7862 1734 1631 315 0 0 200 32 0 97 0 135 0 0 0 30
456 7847 1742 1639 312 0 0 201 32 0 98 0 135 0 0 0 30
457 7843 1741 1635 314 0 0 205 31 0 99 0 137 0 0 0 31
458 7841 1741 1634 313 0 0 206 32 0 99 0 139 0 0 0 31
459 7839 1739 1631 316 0 0 206 34 0 98 0 142 0 0 0 31
460 7835 1741 1632 315 0 0 207 34 0 98 0 143 0 0 0 31
461 7837 1741 1630 313 0 0 208 34 0 97 0 145 0 0 0 31
462 7822 1746 1631 316 0 0 209 36 0 94 0 151 0 0 0 31
463 7816 1745 1628 323 0 0 211 35 0 94 0 152 0 0 0 32
464 7794 1753 1637 324 0 0 211 37 0 95 0 153 0 0 0 32
465 7793 1754 1639 320 0 0 212 37 0 97 0 152 0 0 0 32
466 7793 1752 1635 318 0 0 214 39 0 97 0 156 0 0 0 32
467 7777 1758 1640 323 0 0 215 38 0 97 0 156 0 0 0 32
468 7767 1762 1642 323 0 0 217 38 0 97 0 158 0 0 0 32
469 7750 1769 1649 324 0 0 217 39 0 97 0 159 0 0 0 32
470 7734 1775 1654 327 0 0 218 39 0 97 0 160 0 0 0 32
471 7725 1777 1653 329 0 0 221 39 0 97 0 163 0 0 0 32
472 7704 1785 1661 334 0 0 221 39 0 97 0 163 0 0 0 32
473 7690 1790 1667 335 0 0 222 39 0 99 0 162 0 0 0 32
474 7698 1786 1661 334 0 0 224 38 0 99 0 163 0 0 0 33
475 7686 1791 1665 335 0 0 225 38 0 99 0 164 0 0 0 33
476 7678 1791 1666 342 0 0 225 38 0 100 0 163 0 0 0 33
477 7676 1791 1666 342 0 0 226 38 0 101 0 163 0 0 0 33
478 7674 1790 1665 344 0 0 226 39 0 101 0 164 0 0 0 33
479 7670 1789 1666 344 0 0 227 40 0 104 0 163 0 0 0 33
480 7666 1793 1667 337 0 0 229 41 0 103 0 167 0 0 0 33
481 7672 1789 1665 335 0 0 228 43 0 104 0 167 0 0 0 33
482 7666 1786 1663 341 0 0 229 44 0 106 0 167 0 0 0 34
483 7658 1788 1666 341 0 0 230 44 0 108 0 166 0 0 0 35
484 7647 1791 1666 343 0 0 232 45 0 107 0 170 0 0 0 35
485 7636 1795 1673 341 0 0 231 47 0 109 0 169 0 0 0 35
486 7618 1805 1684 338 0 0 231 47 0 110 0 168 0 0 0 35
487 7614 1804 1682 342 0 0 233 46 0 111 0 168 0 0 0 36
488 7606 1805 1684 347 0 0 232 47 0 111 0 168 0 0 0 36
489 7615 1799 1680 345 0 0 232 48 0 113 0 167 0 0 0 37
490 7601 1806 1686 344 0 0 234 47 0 114 0 167 0 0 0 37
491 7593 1811 1689 338 0 0 237 47 0 115 0 169 0 0 0 37
492 7587 1816 1690 332 0 0 240 47 0 114 0 173 0 0 0 37
493 7593 1813 1687 332 0 0 240 46 0 114 0 172 0 0 0 39
494 7581 1818 1690 334 0 0 242 45 0 114 0 173 0 0 0 39
495 7579 1818 1690 334 0 0 242 46 0 114 0 174 0 0 0 39
496 7578 1818 1691 334 0 0 242 46 0 115 0 173 0 0 0 39
497 7581 1816 1688 336 0 0 242 46 0 114 0 174 0 0 0 39
498 7583 1814 1685 333 0 0 244 47 0 115 0 176 0 0 0 39
499 7566 1820 1691 333 0 0 244 49 0 115 0 178 0 0 0 40
500 7568 1818 1689 331 0 0 245 50 0 116 0 179 0 0 0 40
501 7571 1815 1685 331 0 0 246 51 0 116 0 181 0 0 0 40
502 7569 1813 1684 336 0 0 246 51 0 117 0 180 0 0 0 40
503 7567 1816 1686 331 0 0 247 51 0 117 0 181 0 0 0 40
504 7561 1817 1687 335 0 0 248 50 0 118 0 180 0 0 0 40
505 7556 1819 1688 333 0 0 250 50 0 119 0 181 0 0 0 40
506 7554 1817 1686 337 0 0 252 49 0 121 0 180 0 0 0 40
507 7557 1815 1684 338 0 0 253 48 0 122 0 179 0 0 0 40
508 7551 1818 1687 334 0 0 253 50 0 122 0 181 0 0 0 40
509 7571 1809 1677 333 0 0 254 49 0 122 0 181 0 0 0 40
510 7564 1812 1679 329 0 0 256 50 0 123 0 183 0 0 0 40
511 7564 1808 1677 334 0 0 256 50 0 125 0 181 0 0 0 41
512 7569 1807 1676 329 0 0 257 50 0 126 0 181 0 0 0 41
513 7569 1807 1673 328 0 0 260 49 0 126 0 183 0 0 0 41
514 7565 1806 1673 333 0 0 260 49 0 127 0 182 0 0 0 41
515 7566 1806 1674 331 0 0 260 49 0 128 0 181 0 0 0 41
516 7584 1800 1668 325 0 0 260 49 0 128 0 181 0 0 0 41
517 7576 1801 1671 323 0 0 260 52 0 130 0 182 0 0 0 41
518 7576 1801 1669 319 0 0 261 54 0 129 0 186 0 0 0 41
519 7579 1800 1667 317 0 0 262 54 0 129 0 187 0 0 0 41
520 7577 1801 1669 314 0 0 261 56 0 129 0 188 0 0 0 41
521 7584 1799 1665 311 0 0 263 55 0 129 0 189 0 0 0 41
522 7583 1801 1667 306 0 0 264 55 0 130 0 189 0 0 0 41
523 7569 1805 1674 309 0 0 264 55 0 133 0 186 0 0 0 41
524 7580 1798 1667 311 0 0 264 55 0 133 0 186 0 0 0 42
525 7600 1788 1658 310 0 0 265 54 0 135 0 184 0 0 0 42
526 7597 1789 1658 308 0 0 267 54 0 136 0 185 0 0 0 42
527 7601 1788 1657 304 0 0 268 54 0 137 0 185 0 0 0 42
528 7593 1790 1657 306 0 0 271 53 0 138 0 186 0 0 0 42
529 7589 1790 1658 307 0 0 272 53 0 140 0 185 0 0 0 42
530 7586 1788 1655 310 0 0 275 52 0 142 0 185 0 0 0 43
531 7580 1790 1657 311 0 0 275 52 0 142 0 185 0 0 0 44
532 7584 1786 1654 314 0 0 274 53 0 142 0 185 0 0 0 44
533 7580 1787 1654 311 0 0 276 54 0 143 0 187 0 0 0 44
534 7583 1785 1654 310 0 0 276 54 0 145 0 185 0 0 0 44
535 7576 1789 1655 310 0 0 278 52 0 144 0 186 0 0 0 46
536 7579 1788 1655 308 0 0 277 53 0 144 0 186 0 0 0 46
537 7584 1783 1653 309 0 0 276 54 0 146 0 184 0 0 0 47
538 7591 1779 1647 308 0 0 278 54 0 146 0 186 0 0 0 47
539 7594 1777 1643 306 0 0 280 54 0 146 0 188 0 0 0 48
540 7590 1777 1642 309 0 0 281 54 0 146 0 189 0 0 0 48
541 7590 1776 1640 310 0 0 284 52 0 148 0 188 0 0 0 48
542 7599 1772 1637 308 0 0 284 52 0 149 0 187 0 0 0 48
543 7601 1771 1634 306 0 0 286 52 0 149 0 189 0 0 0 48
544 7604 1771 1635 302 0 0 284 54 0 148 0 190 0 0 0 48
545 7602 1772 1636 299 0 0 285 54 0 149 0 190 0 0 0 49
546 7607 1767 1633 302 0 0 284 55 0 150 0 189 0 0 0 49
547 7606 1766 1633 302 0 0 285 55 0 152 0 188 0 0 0 49
548 7613 1765 1631 296 0 0 286 55 0 152 0 189 0 0 0 49
549 7606 1767 1636 296 0 0 285 56 0 154 0 187 0 0 0 49
550 7622 1762 1629 288 0 0 287 56 0 154 0 189 0 0 0 49
551 7631 1758 1628 284 0 0 285 58 0 155 0 188 0 0 0 49
552 7623 1764 1634 280 0 0 285 58 0 155 0 188 0 0 0 49
553 7622 1764 1634 281 0 0 285 58 0 155 0 188 0 0 0 49
554 7627 1759 1630 285 0 0 285 58 0 156 0 187 0 0 0 49
555 7642 1751 1620 284 0 0 286 59 0 155 0 190 0 0 0 49
556 7638 1751 1620 287 0 0 287 58 0 156 0 189 0 0 0 50
557 7651 1742 1616 287 0 0 286 59 0 160 0 185 0 0 0 50
558 7644 1745 1618 287 0 0 288 58 0 161 0 185 0 0 0 50
559 7655 1743 1616 280 0 0 288 58 0 161 0 185 0 0 0 50
560 7651 1746 1619 278 0 0 288 58 0 161 0 185 0 0 0 50
561 7666 1736 1609 283 0 0 288 58 0 161 0 185 0 0 0 50
562 7659 1738 1612 283 0 0 290 57 0 164 0 183 0 0 0 50
563 7659 1737 1611 285 0 0 290 57 0 164 0 183 0 0 0 50
564 7666 1732 1609 283 0 0 291 57 0 168 0 180 0 0 0 50
565 7682 1722 1602 284 0 0 291 57 0 171 0 177 0 0 0 50
566 7673 1726 1606 285 0 0 292 56 0 172 0 176 0 0 0 50
567 7665 1727 1607 290 0 0 292 56 0 172 0 176 0 0 0 51
568 7666 1725 1606 289 0 0 293 56 0 174 0 175 0 0 0 52
569 7682 1718 1600 284 0 0 292 58 0 174 0 176 0 0 0 52
570 7682 1718 1600 282 0 0 294 57 0 176 0 175 0 0 0 52
571 7684 1714 1597 286 0 0 294 57 0 177 0 174 0 0 0 53
572 7687 1713 1596 285 0 0 294 57 0 177 0 174 0 0 0 53
573 7706 1702 1587 284 0 0 295 57 0 180 0 172 0 0 0 53
574 7681 1711 1595 288 0 0 295 59 0 179 0 175 0 0 0 53
575 7694 1705 1590 286 0 0 295 59 0 180 0 174 0 0 0 53
576 7701 1700 1586 288 0 0 294 60 0 180 0 174 0 0 0 53
577 7710 1698 1584 283 0 0 295 59 0 181 0 173 0 0 0 53
578 7714 1695 1582 284 0 0 295 59 0 182 0 172 0 0 0 53
579 7725 1689 1576 284 0 0 295 59 0 182 0 172 0 0 0 54
580 7718 1692 1578 286 0 0 296 58 0 182 0 172 0 0 0 54
581 7726 1688 1575 285 0 0 295 59 0 182 0 172 0 0 0 54
582 7733 1683 1572 285 0 0 294 60 0 183 0 171 0 0 0 55
583 7721 1687 1574 289 0 0 296 59 0 183 0 172 0 0 0 55
584 7720 1689 1578 282 0 0 297 59 0 186 0 170 0 0 0 55
585 7723 1688 1577 281 0 0 297 59 0 186 0 170 0 0 0 55
586 7718 1690 1580 281 0 0 297 59 0 187 0 169 0 0 0 55
587 7719 1688 1579 282 0 0 297 59 0 188 0 168 0 0 0 56
588 7712 1691 1580 285 0 0 299 57 0 188 0 168 0 0 0 56
589 7709 1690 1581 288 0 0 298 58 0 189 0 167 0 0 0 56
590 7709 1690 1581 286 0 0 301 56 0 192 0 165 0 0 0 56
591 7712 1686 1581 287 0 0 301 56 0 196 0 161 0 0 0 56
592 7718 1682 1576 287 0 0 303 55 0 197 0 161 0 0 0 57
593 7724 1679 1571 287 0 0 305 54 0 197 0 162 0 0 0 57
594 7736 1673 1566 284 0 0 305 55 0 198 0 162 0 0 0 57
595 7719 1682 1575 283 0 0 306 54 0 199 0 161 0 0 0 57
596 7731 1675 1567 286 0 0 307 53 0 199 0 161 0 0 0 57
597 7742 1671 1564 282 0 0 308 52 0 201 0 159 0 0 0 57
598 7749 1665 1562 283 0 0 308 52 0 205 0 155 0 0 0 57
599 7761 1659 1555 282 0 0 309 52 0 205 0 156 0 0 0 57
600 7760 1659 1555 281 0 0 310 52 0 206 0 156 0 0 0 57
601 7778 1653 1548 276 0 0 311 51 0 206 0 156 0 0 0 57
602 7779 1652 1546 276 0 0 312 51 0 206 0 157 0 0 0 57
603 7780 1652 1547 274 0 0 312 51 0 207 0 156 0 0 0 57
604 7775 1652 1548 278 0 0 313 50 0 209 0 154 0 0 0 57
605 7764 1658 1553 274 0 0 314 51 0 209 0 156 0 0 0 57
606 7756 1660 1555 275 0 0 315 51 0 210 0 156 0 0 0 58
607 7755 1661 1557 273 0 0 314 52 0 210 0 156 0 0 0 58
608 7757 1660 1555 272 0 0 315 52 0 210 0 157 0 0 0 58
609 7758 1660 1555 271 0 0 315 52 0 210 0 157 0 0 0 58
610 7757 1659 1555 273 0 0 315 52 0 211 0 156 0 0 0 58
611 7762 1656 1552 274 0 0 316 51 0 212 0 155 0 0 0 58
612 7760 1658 1554 271 0 0 316 51 0 212 0 155 0 0 0 59
613 7783 1645 1543 270 0 0 316 52 0 214 0 154 0 0 0 59
614 7780 1646 1544 271 0 0 316 52 0 214 0 154 0 0 0 59
615 7785 1643 1542 269 0 0 317 52 0 216 0 153 0 0 0 59
616 7801 1636 1535 267 0 0 317 52 0 216 0 153 0 0 0 59
617 7818 1626 1527 268 0 0 317 52 0 218 0 151 0 0 0 59
618 7810 1628 1530 269 0 0 318 52 0 220 0 150 0 0 0 59
619 7819 1622 1526 269 0 0 318 52 0 222 0 148 0 0 0 60
620 7833 1617 1520 266 0 0 318 52 0 221 0 149 0 0 0 60
621 7856 1607 1510 263 0 0 319 51 0 222 0 148 0 0 0 60
622 7859 1607 1510 260 0 0 321 49 0 224 0 146 0 0 0 60
623 7849 1611 1514 262 0 0 321 48 0 224 0 145 0 0 0 62
624 7846 1612 1515 263 0 0 321 48 0 224 0 145 0 0 0 62
625 7836 1617 1520 263 0 0 321 48 0 224 0 145 0 0 0 62
626 7838 1615 1518 263 0 0 322 48 0 225 0 145 0 0 0 62
627 7833 1617 1520 264 0 0 322 48 0 225 0 145 0 0 0 62
628 7824 1624 1528 258 0 0 321 48 0 225 0 144 0 0 0 64
629 7829 1622 1527 256 0 0 321 48 0 226 0 143 0 0 0 64
630 7843 1614 1519 258 0 0 321 48 0 226 0 143 0 0 0 64
631 7853 1607 1513 261 0 0 322 47 0 228 0 141 0 0 0 64
632 7863 1603 1508 260 0 0 322 47 0 227 0 142 0 0 0 64
633 7872 1596 1503 263 0 0 323 46 0 230 0 139 0 0 0 64
634 7869 1596 1503 264 0 0 324 46 0 231 0 139 0 0 0 64
635 7874 1594 1502 262 0 0 324 46 0 232 0 138 0 0 0 64
636 7868 1595 1503 266 0 0 324 46 0 232 0 138 0 0 0 64
637 7869 1596 1502 263 0 0 327 44 0 233 0 138 0 0 0 64
638 7869 1596 1504 261 0 0 326 45 0 234 0 137 0 0 0 64
639 7873 1595 1503 259 0 0 326 45 0 234 0 137 0 0 0 64
640 7867 1598 1506 257 0 0 327 45 0 235 0 137 0 0 0 64
641 7879 1593 1502 254 0 0 327 45 0 236 0 136 0 0 0 64
642 7876 1594 1505 253 0 0 326 46 0 237 0 135 0 0 0 64
643 7885 1591 1502 246 0 0 327 47 0 238 0 136 0 0 0 64
644 7890 1588 1498 246 0 0 328 47 0 238 0 137 0 0 0 64
645 7887 1589 1500 246 0 0 327 48 0 238 0 137 0 0 0 64
646 7886 1590 1501 245 0 0 327 48 0 238 0 137 0 0 0 64
647 7888 1587 1499 248 0 0 326 49 0 238 0 137 0 0 0 64
648 7892 1585 1498 247 0 0 327 48 0 240 0 135 0 0 0 64
649 7895 1583 1495 247 0 0 328 48 0 240 0 136 0 0 0 64
650 7895 1581 1493 251 0 0 328 48 0 240 0 136 0 0 0 64
651 7900 1580 1493 247 0 0 329 47 0 242 0 134 0 0 0 64
652 7900 1580 1495 245 0 0 329 47 0 244 0 132 0 0 0 64
653 7914 1575 1490 237 0 0 330 48 0 245 0 133 0 0 0 64
654 7920 1571 1485 238 0 0 331 48 0 245 0 134 0 0 0 64
655 7929 1568 1481 234 0 0 332 48 0 245 0 135 0 0 0 64
656 7937 1564 1475 232 0 0 334 48 0 245 0 137 0 0 0 64
657 7945 1560 1471 232 0 0 334 48 0 245 0 137 0 0 0 64
658 7950 1559 1470 229 0 0 334 48 0 245 0 137 0 0 0 64
659 7964 1551 1463 230 0 0 334 48 0 246 0 136 0 0 0 64
660 7964 1549 1464 230 0 0 334 48 0 249 0 133 0 0 0 65
661 7971 1543 1462 231 0 0 334 48 0 253 0 129 0 0 0 65
662 7965 1545 1464 233 0 0 334 48 0 253 0 129 0 0 0 65
663 7964 1545 1464 234 0 0 334 48 0 253 0 129 0 0 0 65
664 7979 1539 1456 233 0 0 335 47 0 252 0 130 0 0 0 65
665 7979 1538 1459 231 0 0 335 47 0 256 0 126 0 0 0 65
666 7996 1529 1450 232 0 0 335 47 0 256 0 126 0 0 0 65
667 8003 1527 1448 229 0 0 335 47 0 256 0 126 0 0 0 65
668 8002 1529 1450 226 0 0 335 47 0 256 0 126 0 0 0 65
669 7993 1533 1454 227 0 0 335 47 0 256 0 126 0 0 0 65
670 7994 1534 1450 226 0 0 340 43 0 256 0 127 0 0 0 66
671 8003 1529 1446 226 0 0 340 43 0 257 0 126 0 0 0 66
672 7992 1536 1451 225 0 0 340 43 0 255 0 128 0 0 0 66
673 8010 1527 1442 225 0 0 340 43 0 255 0 128 0 0 0 66
674 8024 1519 1434 227 0 0 340 43 0 255 0 128 0 0 0 66
675 8029 1518 1432 225 0 0 340 43 0 254 0 129 0 0 0 66
676 8028 1517 1432 227 0 0 340 43 0 255 0 128 0 0 0 66
677 8024 1520 1435 223 0 0 341 43 0 256 0 128 0 0 0 66
678 8029 1518 1432 223 0 0 341 43 0 255 0 129 0 0 0 66
679 8032 1517 1431 222 0 0 341 43 0 255 0 129 0 0 0 66
680 8037 1516 1428 219 0 0 344 41 0 256 0 129 0 0 0 66
681 8032 1517 1429 222 0 0 344 41 0 256 0 129 0 0 0 66
682 8037 1514 1426 223 0 0 344 41 0 256 0 129 0 0 0 66
683 8048 1510 1423 219 0 0 344 41 0 257 0 128 0 0 0 66
684 8052 1509 1422 215 0 0 344 42 0 257 0 129 0 0 0 66
685 8055 1505 1420 218 0 0 344 42 0 259 0 127 0 0 0 66
686 8057 1504 1420 217 0 0 345 41 0 261 0 125 0 0 0 66
687 8063 1502 1417 214 0 0 346 41 0 261 0 126 0 0 0 66
688 8070 1501 1417 208 0 0 346 41 0 262 0 125 0 0 0 66
689 8065 1504 1420 207 0 0 347 40 0 263 0 124 0 0 0 66
690 8076 1498 1415 207 0 0 347 40 0 264 0 123 0 0 0 66
691 8079 1496 1413 208 0 0 348 39 0 265 0 122 0 0 0 66
692 8084 1493 1409 208 0 0 349 39 0 265 0 123 0 0 0 66
693 8077 1497 1415 205 0 0 348 39 0 266 0 121 0 0 0 68
694 8086 1494 1412 202 0 0 348 39 0 266 0 121 0 0 0 68
695 8100 1487 1404 203 0 0 348 39 0 265 0 122 0 0 0 68
696 8095 1488 1405 206 0 0 348 39 0 265 0 122 0 0 0 68
697 8104 1481 1398 211 0 0 348 39 0 265 0 122 0 0 0 68
698 8115 1475 1393 211 0 0 348 39 0 266 0 121 0 0 0 68
699 8115 1474 1392 213 0 0 349 38 0 267 0 120 0 0 0 68
700 8127 1466 1386 215 0 0 348 39 0 268 0 119 0 0 0 68
701 8140 1459 1379 216 0 0 347 40 0 267 0 120 0 0 0 68
702 8135 1460 1381 218 0 0 345 42 0 266 0 121 0 0 0 68
703 8151 1452 1374 217 0 0 345 42 0 267 0 120 0 0 0 68
704 8152 1450 1372 220 0 0 345 42 0 267 0 120 0 0 0 68
705 8147 1453 1375 219 0 0 346 41 0 268 0 119 0 0 0 68
706 8159 1446 1369 220 0 0 346 41 0 269 0 118 0 0 0 68
707 8169 1443 1364 216 0 0 347 41 0 268 0 120 0 0 0 68
708 8171 1440 1362 219 0 0 346 42 0 268 0 120 0 0 0 68
709 8170 1441 1362 217 0 0 346 43 0 267 0 122 0 0 0 68
710 8174 1439 1362 215 0 0 346 43 0 269 0 120 0 0 0 68
711 8192 1429 1355 214 0 0 346 43 0 272 0 117 0 0 0 68
712 8192 1428 1355 215 0 0 346 43 0 273 0 116 0 0 0 68
713 8204 1424 1351 209 0 0 347 43 0 274 0 116 0 0 0 68
714 8210 1421 1349 208 0 0 347 43 0 275 0 115 0 0 0 68
715 8216 1418 1347 207 0 0 346 44 0 275 0 115 0 0 0 68
716 8212 1422 1350 204 0 0 347 43 0 275 0 115 0 0 0 68
717 8217 1419 1347 205 0 0 347 43 0 275 0 115 0 0 0 68
718 8223 1415 1342 208 0 0 348 42 0 275 0 115 0 0 0 68
719 8240 1408 1336 204 0 0 349 41 0 277 0 113 0 0 0 68
720 8234 1409 1340 205 0 0 348 42 0 279 0 111 0 0 0 68
721 8230 1411 1342 205 0 0 348 42 0 279 0 111 0 0 0 68
722 8235 1408 1338 207 0 0 349 41 0 279 0 111 0 0 0 68
723 8230 1410 1341 207 0 0 348 42 0 279 0 111 0 0 0 68
724 8234 1410 1341 203 0 0 348 42 0 279 0 111 0 0 0 68
725 8227 1411 1342 208 0 0 348 42 0 279 0 111 0 0 0 68
726 8224 1412 1344 208 0 0 348 42 0 280 0 110 0 0 0 68
727 8225 1413 1345 205 0 0 348 42 0 280 0 110 0 0 0 68
728 8235 1410 1341 202 0 0 349 41 0 280 0 110 0 0 0 68
729 8233 1411 1341 201 0 0 350 41 0 280 0 111 0 0 0 68
730 8229 1413 1342 202 0 0 351 40 0 280 0 111 0 0 0 68
731 8235 1412 1342 197 0 0 351 40 0 281 0 110 0 0 0 68
732 8245 1408 1338 195 0 0 351 40 0 281 0 110 0 0 0 68
733 8252 1403 1334 197 0 0 351 40 0 282 0 109 0 0 0 68
734 8260 1399 1331 196 0 0 351 40 0 283 0 108 0 0 0 68
735 8263 1396 1328 199 0 0 351 40 0 283 0 108 0 0 0 68
736 8264 1395 1327 200 0 0 351 40 0 283 0 108 0 0 0 68
737 8262 1395 1328 201 0 0 351 40 0 284 0 107 0 0 0 68
738 8273 1391 1324 198 0 0 351 40 0 284 0 107 0 0 0 68
739 8256 1398 1332 200 0 0 350 41 0 284 0 107 0 0 0 68
740 8262 1396 1330 198 0 0 350 41 0 284 0 107 0 0 0 68
741 8255 1399 1334 198 0 0 350 41 0 285 0 106 0 0 0 68
742 8253 1400 1336 197 0 0 350 41 0 286 0 105 0 0 0 68
743 8249 1401 1340 196 0 0 349 42 0 288 0 103 0 0 0 68
744 8257 1396 1336 197 0 0 348 43 0 288 0 103 0 0 0 68
745 8262 1392 1333 198 0 0 347 44 0 288 0 103 0 0 0 69
746 8267 1390 1331 197 0 0 347 44 0 288 0 103 0 0 0 69
747 8262 1392 1333 198 0 0 347 44 0 288 0 103 0 0 0 69
748 8284 1380 1323 198 0 0 347 44 0 290 0 101 0 0 0 69
749 8287 1380 1321 195 0 0 349 43 0 290 0 102 0 0 0 69
750 8302 1373 1316 192 0 0 349 43 0 292 0 100 0 0 0 69
751 8323 1364 1306 188 0 0 350 41 0 292 0 99 0 0 0 73
752 8343 1357 1298 183 0 0 350 41 0 291 0 100 0 0 0 73
753 8342 1359 1298 182 0 0 353 38 0 292 0 99 0 0 0 73
754 8362 1349 1289 181 0 0 353 38 0 293 0 98 0 0 0 73
755 8379 1341 1281 180 0 0 354 37 0 294 0 97 0 0 0 73
756 8391 1336 1276 178 0 0 354 37 0 294 0 97 0 0 0 73
757 8391 1335 1277 178 0 0 354 37 0 296 0 95 0 0 0 73
758 8401 1332 1274 174 0 0 354 37 0 296 0 95 0 0 0 73
759 8412 1327 1270 172 0 0 354 37 0 297 0 94 0 0 0 73
760 8413 1325 1267 176 0 0 353 38 0 295 0 96 0 0 0 73
761 8419 1322 1265 175 0 0 353 38 0 296 0 95 0 0 0 73
762 8424 1319 1262 176 0 0 353 38 0 296 0 95 0 0 0 73
763 8429 1318 1259 173 0 0 355 37 0 296 0 96 0 0 0 73
764 8432 1318 1260 169 0 0 355 37 0 297 0 95 0 0 0 73
765 8445 1311 1254 169 0 0 354 38 0 297 0 95 0 0 0 73
766 8455 1306 1246 169 0 0 356 37 0 296 0 97 0 0 0 74
767 8461 1301 1242 172 0 0 355 38 0 296 0 97 0 0 0 74
768 8469 1297 1238 172 0 0 355 38 0 296 0 97 0 0 0 74
769 8484 1291 1231 170 0 0 356 37 0 296 0 97 0 0 0 74
770 8490 1288 1230 168 0 0 356 37 0 298 0 95 0 0 0 74
771 8498 1284 1226 168 0 0 356 37 0 298 0 95 0 0 0 74
772 8503 1284 1226 163 0 0 356 37 0 298 0 95 0 0 0 74
773 8503 1284 1226 163 0 0 356 37 0 298 0 95 0 0 0 74
774 8501 1284 1226 165 0 0 356 37 0 298 0 95 0 0 0 74
775 8496 1284 1228 168 0 0 355 38 0 299 0 94 0 0 0 74
776 8505 1279 1224 168 0 0 355 38 0 300 0 93 0 0 0 74
777 8510 1277 1222 165 0 0 356 38 0 301 0 93 0 0 0 74
778 8516 1277 1222 159 0 0 356 38 0 301 0 93 0 0 0 74
779 8514 1280 1220 157 0 0 359 36 0 299 0 96 0 0 0 75
780 8517 1279 1219 156 0 0 359 36 0 299 0 96 0 0 0 75
781 8527 1274 1213 157 0 0 360 35 0 299 0 96 0 0 0 75
782 8517 1281 1218 155 0 0 362 33 0 299 0 96 0 0 0 75
783 8517 1280 1218 156 0 0 361 34 0 299 0 96 0 0 0 75
784 8522 1277 1215 157 0 0 361 34 0 299 0 96 0 0 0 75
785 8528 1274 1214 155 0 0 361 34 0 301 0 94 0 0 0 75
786 8531 1273 1213 154 0 0 360 35 0 300 0 95 0 0 0 75
787 8532 1272 1212 155 0 0 360 35 0 300 0 95 0 0 0 75
788 8547 1266 1207 151 0 0 359 36 0 300 0 95 0 0 0 75
789 8553 1263 1205 148 0 0 360 36 0 302 0 94 0 0 0 75
790 8554 1262 1205 148 0 0 360 36 0 303 0 93 0 0 0 75
791 8573 1253 1197 146 0 0 359 37 0 303 0 93 0 0 0 75
792 8571 1253 1197 148 0 0 359 37 0 303 0 93 0 0 0 75
793 8567 1252 1197 153 0 0 358 38 0 303 0 93 0 0 0 75
794 8580 1246 1192 151 0 0 358 38 0 304 0 92 0 0 0 75
795 8593 1241 1185 150 0 0 359 37 0 303 0 93 0 0 0 75
796 8596 1241 1184 148 0 0 361 35 0 304 0 92 0 0 0 75
797 8596 1241 1184 148 0 0 361 35 0 304 0 92 0 0 0 75
798 8601 1240 1182 144 0 0 363 34 0 305 0 92 0 0 0 75
799 8609 1236 1178 144 0 0 363 34 0 305 0 92 0 0 0 75
800 8626 1228 1170 143 0 0 362 35 0 304 0 93 0 0 0 75
801 8636 1224 1166 141 0 0 362 35 0 304 0 93 0 0 0 75
802 8638 1222 1165 142 0 0 361 36 0 304 0 93 0 0 0 75
803 8645 1218 1161 141 0 0 362 36 0 305 0 93 0 0 0 75
804 8645 1218 1160 141 0 0 364 34 0 306 0 92 0 0 0 76
805 8651 1215 1157 141 0 0 364 34 0 306 0 92 0 0 0 76
806 8654 1213 1155 142 0 0 364 34 0 306 0 92 0 0 0 76
807 8665 1208 1150 141 0 0 364 34 0 306 0 92 0 0 0 76
808 8668 1206 1148 142 0 0 364 34 0 306 0 92 0 0 0 76
809 8664 1208 1149 143 0 0 365 33 0 306 0 92 0 0 0 76
810 8661 1210 1150 143 0 0 365 33 0 305 0 93 0 0 0 76
811 8668 1206 1146 144 0 0 365 33 0 305 0 93 0 0 0 76
812 8674 1205 1145 140 0 0 365 33 0 305 0 93 0 0 0 76
813 8678 1203 1144 139 0 0 365 33 0 306 0 92 0 0 0 76
814 8679 1202 1143 140 0 0 365 33 0 306 0 92 0 0 0 76
815 8684 1199 1139 142 0 0 366 32 0 306 0 92 0 0 0 76
816 8692 1194 1136 142 0 0 365 33 0 307 0 91 0 0 0 76
817 8696 1193 1135 140 0 0 365 33 0 307 0 91 0 0 0 76
818 8706 1186 1129 143 0 0 365 33 0 308 0 90 0 0 0 76
819 8711 1180 1124 149 0 0 365 33 0 309 0 89 0 0 0 76
820 8709 1180 1124 151 0 0 365 33 0 309 0 89 0 0 0 76
821 8704 1183 1126 151 0 0 366 32 0 309 0 89 0 0 0 76
822 8714 1179 1123 148 0 0 366 32 0 310 0 88 0 0 0 76
823 8728 1171 1117 148 0 0 366 32 0 312 0 86 0 0 0 76
824 8730 1169 1115 148 0 0 366 33 0 312 0 87 0 0 0 76
825 8742 1164 1110 146 0 0 366 33 0 312 0 87 0 0 0 76
826 8752 1159 1105 146 0 0 366 33 0 312 0 87 0 0 0 76
827 8752 1159 1106 145 0 0 366 33 0 313 0 86 0 0 0 76
828 8764 1154 1103 141 0 0 366 33 0 315 0 84 0 0 0 76
829 8758 1156 1104 144 0 0 367 32 0 315 0 84 0 0 0 76
830 8765 1152 1100 145 0 0 367 32 0 315 0 84 0 0 0 76
831 8769 1152 1100 141 0 0 367 32 0 315 0 84 0 0 0 76
832 8768 1152 1100 142 0 0 367 32 0 315 0 84 0 0 0 76
833 8783 1145 1093 141 0 0 367 32 0 315 0 84 0 0 0 76
834 8782 1145 1093 142 0 0 367 32 0 315 0 84 0 0 0 76
835 8786 1143 1090 142 0 0 367 32 0 314 0 85 0 0 0 77
836 8800 1135 1085 141 0 0 366 33 0 316 0 83 0 0 0 77
837 8794 1139 1089 139 0 0 366 33 0 316 0 83 0 0 0 77
838 8796 1139 1089 137 0 0 366 33 0 316 0 83 0 0 0 77
839 8796 1140 1088 135 0 0 368 32 0 316 0 84 0 0 0 77
840 8799 1139 1087 134 0 0 368 32 0 316 0 84 0 0 0 77
841 8804 1138 1085 132 0 0 369 31 0 316 0 84 0 0 0 77
842 8811 1135 1082 131 0 0 369 31 0 316 0 84 0 0 0 77
843 8808 1136 1082 131 0 0 370 30 0 316 0 84 0 0 0 79
844 8819 1129 1077 132 0 0 370 30 0 318 0 82 0 0 0 79
845 8828 1125 1073 129 0 0 371 30 0 319 0 82 0 0 0 79
846 8823 1127 1075 130 0 0 371 30 0 319 0 82 0 0 0 79
847 8829 1126 1071 129 0 0 374 27 0 319 0 82 0 0 0 79
848 8842 1120 1064 127 0 0 375 27 0 319 0 83 0 0 0 79
849 8856 1114 1057 126 0 0 376 26 0 319 0 83 0 0 0 79
850 8860 1112 1055 126 0 0 376 26 0 319 0 83 0 0 0 79
851 8865 1110 1053 123 0 0 377 26 0 320 0 83 0 0 0 79
852 8883 1101 1044 123 0 0 377 26 0 320 0 83 0 0 0 79
853 8886 1100 1043 122 0 0 377 26 0 320 0 83 0 0 0 79
854 8893 1096 1042 120 0 0 376 27 0 322 0 81 0 0 0 79
855 8901 1092 1038 120 0 0 376 27 0 322 0 81 0 0 0 79
856 8911 1087 1033 120 0 0 376 27 0 322 0 81 0 0 0 79
857 8916 1084 1030 121 0 0 377 26 0 323 0 80 0 0 0 79
858 8927 1079 1024 121 0 0 379 24 0 324 0 79 0 0 0 79
859 8923 1080 1025 123 0 0 379 24 0 324 0 79 0 0 0 79
860 8923 1080 1025 123 0 0 379 24 0 324 0 79 0 0 0 79
861 8930 1077 1022 122 0 0 379 24 0 324 0 79 0 0 0 79
862 8945 1069 1013 124 0 0 380 23 0 324 0 79 0 0 0 79
863 8950 1065 1009 127 0 0 380 23 0 324 0 79 0 0 0 79
864 8961 1061 1004 125 0 0 381 22 0 324 0 79 0 0 0 79
865 8955 1064 1007 125 0 0 381 22 0 324 0 79 0 0 0 79
866 8955 1063 1006 125 0 0 382 22 0 325 0 79 0 0 0 79
867 8959 1061 1003 126 0 0 382 22 0 324 0 80 0 0 0 79
868 8967 1058 1001 123 0 0 382 22 0 325 0 79 0 0 0 79
869 8965 1059 1003 122 0 0 382 22 0 326 0 78 0 0 0 79
870 8965 1059 1003 122 0 0 382 22 0 326 0 78 0 0 0 79
871 8969 1058 1001 119 0 0 383 22 0 326 0 79 0 0 0 79
872 8979 1053 996 119 0 0 383 22 0 326 0 79 0 0 0 79
873 8976 1054 996 119 0 0 384 22 0 326 0 80 0 0 0 79
874 8987 1048 992 118 0 0 384 22 0 328 0 78 0 0 0 79
875 8986 1047 992 120 0 0 384 22 0 329 0 77 0 0 0 79
876 8989 1046 990 120 0 0 385 21 0 329 0 77 0 0 0 79
877 9007 1037 981 120 0 0 385 21 0 329 0 77 0 0 0 79
878 9015 1032 977 121 0 0 384 22 0 329 0 77 0 0 0 79
879 9024 1030 974 117 0 0 385 21 0 329 0 77 0 0 0 79
880 9021 1033 977 114 0 0 385 21 0 329 0 77 0 0 0 79
881 9006 1039 984 116 0 0 384 22 0 329 0 77 0 0 0 79
882 9013 1035 981 116 0 0 384 22 0 330 0 76 0 0 0 79
883 9019 1032 979 115 0 0 384 22 0 331 0 75 0 0 0 79
884 9027 1028 975 115 0 0 384 22 0 331 0 75 0 0 0 79
885 9043 1021 967 114 0 0 385 21 0 331 0 75 0 0 0 79
886 9044 1021 967 113 0 0 385 21 0 331 0 75 0 0 0 79
887 9055 1016 963 111 0 0 385 21 0 332 0 74 0 0 0 79
888 9057 1015 962 111 0 0 385 21 0 332 0 74 0 0 0 79
889 9064 1013 959 109 0 0 386 20 0 332 0 74 0 0 0 79
890 9065 1013 959 108 0 0 386 20 0 332 0 74 0 0 0 79
891 9070 1011 957 107 0 0 386 20 0 332 0 74 0 0 0 79
892 9075 1008 955 107 0 0 386 20 0 333 0 73 0 0 0 79
893 9080 1004 953 108 0 0 386 20 0 335 0 71 0 0 0 79
894 9088 1001 948 108 0 0 388 18 0 335 0 71 0 0 0 79
895 9101 994 943 107 0 0 388 18 0 337 0 69 0 0 0 79
896 9099 995 944 107 0 0 388 18 0 337 0 69 0 0 0 79
897 9096 996 947 106 0 0 388 18 0 339 0 67 0 0 0 79
898 9091 998 951 105 0 0 388 18 0 341 0 65 0 0 0 79
899 9091 998 950 104 0 0 389 18 0 341 0 66 0 0 0 79
900 9097 995 947 104 0 0 389 18 0 341 0 66 0 0 0 79
901 9098 994 946 105 0 0 389 18 0 341 0 66 0 0 0 79
902 9100 993 945 105 0 0 389 18 0 341 0 66 0 0 0 79
903 9105 994 946 98 0 0 390 17 0 342 0 65 0 0 0 79
904 9107 994 946 96 0 0 390 17 0 342 0 65 0 0 0 79
905 9106 994 946 97 0 0 390 17 0 342 0 65 0 0 0 79
906 9106 993 945 99 0 0 389 18 0 341 0 66 0 0 0 79
907 9117 989 941 96 0 0 389 18 0 341 0 66 0 0 0 79
908 9119 988 940 96 0 0 389 18 0 341 0 66 0 0 0 79
909 9134 980 933 96 0 0 389 18 0 342 0 65 0 0 0 79
910 9140 979 932 92 0 0 389 18 0 342 0 65 0 0 0 79
911 9151 973 928 91 0 0 389 18 0 344 0 63 0 0 0 79
912 9160 969 924 90 0 0 389 18 0 344 0 63 0 0 0 79
913 9174 962 918 89 0 0 389 18 0 345 0 62 0 0 0 79
914 9176 961 917 89 0 0 388 19 0 344 0 63 0 0 0 79
915 9170 964 920 89 0 0 388 19 0 344 0 63 0 0 0 79
916 9168 964 922 89 0 0 388 19 0 346 0 61 0 0 0 79
917 9168 965 923 87 0 0 388 19 0 346 0 61 0 0 0 79
918 9166 965 924 88 0 0 388 19 0 347 0 60 0 0 0 79
919 9170 963 923 87 0 0 388 19 0 348 0 59 0 0 0 79
920 9169 962 921 89 0 0 389 19 0 348 0 60 0 0 0 79
921 9165 964 923 89 0 0 389 19 0 348 0 60 0 0 0 79
922 9166 964 923 88 0 0 389 19 0 348 0 60 0 0 0 79
923 9174 960 919 88 0 0 389 19 0 348 0 60 0 0 0 79
924 9173 960 919 89 0 0 389 19 0 348 0 60 0 0 0 79
925 9179 957 916 89 0 0 389 19 0 348 0 60 0 0 0 79
926 9178 958 918 87 0 0 389 19 0 349 0 59 0 0 0 79
927 9183 956 916 86 0 0 389 19 0 349 0 59 0 0 0 79
928 9190 952 912 87 0 0 389 19 0 349 0 59 0 0 0 79
929 9185 956 916 84 0 0 389 19 0 349 0 59 0 0 0 79
930 9194 951 912 84 0 0 389 19 0 350 0 58 0 0 0 79
931 9195 951 912 83 0 0 389 19 0 350 0 58 0 0 0 79
932 9204 946 908 83 0 0 389 19 0 351 0 57 0 0 0 79
933 9218 940 901 80 0 0 390 19 0 351 0 58 0 0 0 79
934 9225 936 898 80 0 0 390 19 0 352 0 57 0 0 0 79
935 9221 939 900 79 0 0 390 19 0 351 0 58 0 0 0 79
936 9224 938 900 77 0 0 389 20 0 351 0 58 0 0 0 79
937 9231 933 896 79 0 0 388 21 0 351 0 58 0 0 0 79
938 9236 930 894 79 0 0 388 21 0 352 0 57 0 0 0 79
939 9233 933 894 79 0 0 389 20 0 350 0 59 0 0 0 79
940 9229 935 896 79 0 0 389 20 0 350 0 59 0 0 0 79
941 9231 934 895 79 0 0 389 20 0 350 0 59 0 0 0 79
942 9240 929 891 79 0 0 388 20 0 350 0 58 0 0 0 81
943 9246 927 889 77 0 0 388 20 0 350 0 58 0 0 0 81
944 9246 926 888 79 0 0 388 20 0 350 0 58 0 0 0 81
945 9241 927 891 80 0 0 387 21 0 351 0 57 0 0 0 81
946 9253 921 885 80 0 0 387 20 0 351 0 56 0 0 0 83
947 9254 919 886 80 0 0 386 21 0 353 0 54 0 0 0 83
948 9248 923 888 80 0 0 386 21 0 351 0 56 0 0 0 83
949 9251 921 887 80 0 0 385 22 0 351 0 56 0 0 0 83
950 9255 918 885 81 0 0 385 22 0 352 0 55 0 0 0 83
951 9257 917 884 81 0 0 385 22 0 352 0 55 0 0 0 83
952 9260 915 882 82 0 0 385 22 0 352 0 55 0 0 0 83
953 9262 914 881 82 0 0 385 22 0 352 0 55 0 0 0 83
954 9264 913 880 82 0 0 385 22 0 352 0 55 0 0 0 83
955 9269 910 877 83 0 0 385 22 0 352 0 55 0 0 0 83
956 9289 900 867 83 0 0 385 22 0 352 0 55 0 0 0 83
957 9296 897 863 83 0 0 386 21 0 352 0 55 0 0 0 83
958 9305 892 858 84 0 0 386 21 0 352 0 55 0 0 0 83
959 9309 890 856 84 0 0 386 21 0 352 0 55 0 0 0 83
960 9304 892 857 86 0 0 386 21 0 351 0 56 0 0 0 83
961 9300 894 859 86 0 0 386 21 0 351 0 56 0 0 0 83
962 9311 888 855 85 0 0 386 21 0 353 0 54 0 0 0 83
963 9315 888 855 81 0 0 386 21 0 353 0 54 0 0 0 83
964 9319 885 852 83 0 0 386 21 0 353 0 54 0 0 0 83
965 9317 886 853 83 0 0 386 21 0 353 0 54 0 0 0 83
966 9310 889 856 84 0 0 386 21 0 353 0 54 0 0 0 83
967 9320 883 850 86 0 0 386 21 0 353 0 54 0 0 0 83
968 9318 885 852 84 0 0 386 21 0 353 0 54 0 0 0 83
969 9333 878 844 84 0 0 387 20 0 353 0 54 0 0 0 83
970 9335 879 844 81 0 0 387 20 0 352 0 55 0 0 0 83
971 9336 878 844 81 0 0 386 21 0 352 0 55 0 0 0 83
972 9336 878 845 80 0 0 385 22 0 352 0 55 0 0 0 83
973 9351 871 839 78 0 0 385 22 0 353 0 54 0 0 0 83
974 9349 872 841 77 0 0 384 23 0 353 0 54 0 0 0 83
975 9352 869 840 78 0 0 384 23 0 355 0 52 0 0 0 83
976 9349 869 840 81 0 0 384 23 0 355 0 52 0 0 0 83
977 9350 868 840 81 0 0 384 23 0 356 0 51 0 0 0 83
978 9347 870 841 81 0 0 384 23 0 355 0 52 0 0 0 83
979 9365 861 832 81 0 0 384 23 0 355 0 52 0 0 0 83
980 9375 857 828 79 0 0 384 23 0 355 0 52 0 0 0 83
981 9383 853 824 79 0 0 384 23 0 355 0 52 0 0 0 83
982 9377 856 827 79 0 0 384 23 0 355 0 52 0 0 0 83
983 9385 853 824 77 0 0 385 22 0 356 0 51 0 0 0 83
984 9387 852 823 77 0 0 385 22 0 356 0 51 0 0 0 83
985 9397 847 819 76 0 0 385 22 0 357 0 50 0 0 0 83
986 9398 847 818 76 0 0 385 22 0 356 0 51 0 0 0 83
987 9405 846 816 73 1 0 385 21 1 355 0 51 0 0 0 82
988 9414 842 811 73 1 0 385 21 1 354 0 52 0 0 0 82
989 9411 843 812 74 1 0 385 21 1 354 0 52 0 0 0 82
990 9415 841 810 74 1 0 385 21 1 354 0 52 0 0 0 82
991 9425 835 805 75 1 0 385 21 1 355 0 51 0 0 0 82
992 9418 840 810 72 1 0 385 21 1 355 0 51 0 0 0 82
993 9429 835 805 71 1 0 385 21 1 355 0 51 0 0 0 82
994 9429 834 804 73 1 0 385 21 1 355 0 51 0 0 0 82
995 9429 834 804 73 1 0 385 21 1 355 0 51 0 0 0 82
996 9421 836 809 74 1 0 384 22 1 357 0 49 0 0 0 82
997 9430 832 805 73 1 0 384 22 1 357 0 49 0 0 0 82
998 9435 830 803 72 1 0 384 22 1 357 0 49 0 0 0 82
999 9448 823 798 71 1 0 383 23 1 358 0 48 0 0 0 82
1000 9459 818 793 70 1 0 383 23 1 358 0 48 0 0 0 82
1001 9456 820 795 69 1 0 383 23 1 358 0 48 0 0 0 82
1002 9457 819 795 69 1 0 382 24 1 358 0 48 0 0 0 82
1003 9460 818 794 68 1 0 382 24 1 358 0 48 0 0 0 82
1004 9464 816 793 67 1 0 382 24 1 359 0 47 0 0 0 82
1005 9469 814 791 66 1 0 382 24 1 359 0 47 0 0 0 82
1006 9477 810 788 65 1 0 382 24 1 360 0 46 0 0 0 82
1007 9483 808 786 63 1 0 382 24 1 360 0 46 0 0 0 82
1008 9494 803 781 62 1 0 382 24 1 360 0 46 0 0 0 82
1009 9498 801 778 63 1 0 382 24 1 359 0 47 0 0 0 82
1010 9500 800 777 63 1 0 382 24 1 359 0 47 0 0 0 82
1011 9501 800 777 62 1 0 382 24 1 359 0 47 0 0 0 82
1012 9507 797 774 62 1 0 382 24 1 359 0 47 0 0 0 82
1013 9512 794 772 62 1 0 382 24 1 360 0 46 0 0 0 82
1014 9519 792 770 59 1 0 382 24 1 360 0 46 0 0 0 82
1015 9517 792 770 61 1 0 382 24 1 360 0 46 0 0 0 82
1016 9521 790 768 61 1 0 382 24 1 360 0 46 0 0 0 82
1017 9536 783 761 60 1 0 382 24 1 360 0 46 0 0 0 82
1018 9531 787 763 59 1 0 384 22 1 360 0 46 0 0 0 82
1019 9534 786 762 58 1 0 384 22 1 360 0 46 0 0 0 82
1020 9542 782 758 58 1 0 384 22 1 360 0 46 0 0 0 82
1021 9544 781 757 58 1 0 384 22 1 360 0 46 0 0 0 82
1022 9539 784 760 57 1 0 384 22 1 360 0 46 0 0 0 82
1023 9545 781 757 57 1 0 384 22 1 360 0 46 0 0 0 82
1024 9544 782 758 56 1 0 384 22 1 360 0 46 0 0 0 82
1025 9554 776 753 57 1 0 384 22 1 361 0 45 0 0 0 82
1026 9550 777 754 59 1 0 384 22 1 361 0 45 0 0 0 82
1027 9542 781 758 59 1 0 384 22 1 361 0 45 0 0 0 82
1028 9545 780 756 57 1 0 385 22 1 361 0 46 0 0 0 82
1029 9559 773 749 57 1 0 385 22 1 361 0 46 0 0 0 82
1030 9562 771 748 57 1 0 384 23 1 361 0 46 0 0 0 82
1031 9565 769 746 58 1 0 384 23 1 361 0 46 0 0 0 82
1032 9560 772 749 57 1 0 384 23 1 361 0 46 0 0 0 82
1033 9560 772 749 57 1 0 384 23 1 361 0 46 0 0 0 82
1034 9567 768 745 58 1 0 384 23 1 361 0 46 0 0 0 82
1035 9571 766 743 58 1 0 384 23 1 361 0 46 0 0 0 82
1036 9567 768 746 57 1 0 384 23 1 362 0 45 0 0 0 82
1037 9576 764 742 56 1 0 384 23 1 362 0 45 0 0 0 82
1038 9578 763 741 56 1 0 384 23 1 362 0 45 0 0 0 82
1039 9576 764 742 56 1 0 384 23 1 362 0 45 0 0 0 82
1040 9578 762 740 58 1 0 384 23 1 362 0 45 0 0 0 82
1041 9590 756 734 58 1 0 384 23 1 362 0 45 0 0 0 82
1042 9598 753 731 56 1 0 385 22 1 363 0 44 0 0 0 82
1043 9602 750 730 56 1 0 384 23 1 364 0 43 0 0 0 82
1044 9610 747 726 55 1 0 385 22 1 364 0 43 0 0 0 82
1045 9612 747 726 53 1 0 385 22 1 364 0 43 0 0 0 82
1046 9610 747 727 54 1 0 384 23 1 364 0 43 0 0 0 82
1047 9610 748 727 51 1 0 385 23 1 364 0 44 0 0 0 82
1048 9608 749 727 52 1 0 385 23 1 363 0 45 0 0 0 82
1049 9610 748 726 52 1 0 385 23 1 363 0 45 0 0 0 82
1050 9612 747 725 52 1 0 385 23 1 363 0 45 0 0 0 82
1051 9612 747 725 52 1 0 385 23 1 363 0 45 0 0 0 82
1052 9615 745 724 52 1 0 386 22 1 365 0 43 0 0 0 82
1053 9617 743 722 54 1 0 386 22 1 365 0 43 0 0 0 82
1054 9621 740 720 55 1 0 385 23 1 365 0 43 0 0 0 82
1055 9630 736 716 54 1 0 385 23 1 365 0 43 0 0 0 82
1056 9634 734 714 54 1 0 385 23 1 365 0 43 0 0 0 82
1057 9639 732 712 53 1 0 385 23 1 365 0 43 0 0 0 82
1058 9639 732 712 53 1 0 385 23 1 365 0 43 0 0 0 82
1059 9645 730 710 51 1 0 385 23 1 365 0 43 0 0 0 82
1060 9643 731 711 51 1 0 385 23 1 365 0 43 0 0 0 82
1061 9641 731 712 52 1 0 384 24 1 365 0 43 0 0 0 82
1062 9643 730 712 51 1 0 383 25 1 365 0 43 0 0 0 82
1063 9649 727 710 50 1 0 383 25 1 366 0 42 0 0 0 82
1064 9653 725 708 50 1 0 383 25 1 366 0 42 0 0 0 82
1065 9649 727 710 50 1 0 383 25 1 366 0 42 0 0 0 82
1066 9650 727 710 49 1 0 383 25 1 366 0 42 0 0 0 82
1067 9638 731 715 52 1 0 383 25 1 367 0 41 0 0 0 82
1068 9646 727 712 51 1 0 383 25 1 368 0 40 0 0 0 82
1069 9646 727 712 51 1 0 383 25 1 368 0 40 0 0 0 82
1070 9650 725 710 51 1 0 383 25 1 368 0 40 0 0 0 82
1071 9655 722 708 51 1 0 382 26 1 368 0 40 0 0 0 82
1072 9661 720 704 51 1 0 384 24 1 368 0 40 0 0 0 82
1073 9665 719 702 50 1 0 385 23 1 368 0 40 0 0 0 82
1074 9663 720 702 49 1 0 387 22 1 369 0 40 0 0 0 82
1075 9672 716 698 48 1 0 386 23 1 368 0 41 0 0 0 82
1076 9672 716 698 48 1 0 386 23 1 368 0 41 0 0 0 82
1077 9677 714 696 47 1 0 386 23 1 368 0 41 0 0 0 82
1078 9682 712 694 46 1 0 387 22 1 369 0 40 0 0 0 82
1079 9680 713 695 46 1 0 387 22 1 369 0 40 0 0 0 82
1080 9687 710 692 45 1 0 387 22 1 369 0 40 0 0 0 82
1081 9687 710 692 45 1 0 387 22 1 369 0 40 0 0 0 82
1082 9693 707 689 45 1 0 387 22 1 369 0 40 0 0 0 82
1083 9701 703 685 45 1 0 387 22 1 369 0 40 0 0 0 82
1084 9705 701 683 45 1 0 387 22 1 369 0 40 0 0 0 82
1085 9710 699 679 45 1 0 389 20 1 369 0 40 0 0 0 83
1086 9708 700 679 46 1 0 389 20 1 368 0 41 0 0 0 83
1087 9717 695 675 46 1 0 389 20 1 369 0 40 0 0 0 83
1088 9729 688 669 47 1 0 389 20 1 370 0 39 0 0 0 83
1089 9734 686 666 47 1 0 390 19 1 370 0 39 0 0 0 83
1090 9738 684 665 46 1 0 389 20 1 370 0 39 0 0 0 83
1091 9743 682 663 45 1 0 389 20 1 370 0 39 0 0 0 83
1092 9743 682 662 46 1 0 390 19 1 370 0 39 0 0 0 83
1093 9751 678 658 46 1 0 390 19 1 370 0 39 0 0 0 83
1094 9748 678 659 48 1 0 389 20 1 370 0 39 0 0 0 83
1095 9750 678 659 46 1 0 389 20 1 370 0 39 0 0 0 83
1096 9747 679 660 47 2 0 388 20 2 369 0 39 0 0 0 83
1097 9751 677 658 47 2 0 388 20 2 369 0 39 0 0 0 83
1098 9757 674 655 47 2 0 389 19 2 370 0 38 0 0 0 83
1099 9761 672 653 47 2 0 389 19 2 370 0 38 0 0 0 83
1100 9774 667 648 44 2 0 389 19 2 370 0 38 0 0 0 83
1101 9774 667 648 44 2 0 389 19 2 370 0 38 0 0 0 83
1102 9772 669 649 43 2 0 390 18 2 370 0 38 0 0 0 83
1103 9779 666 646 41 2 0 390 18 2 370 0 38 0 0 0 84
1104 9779 666 645 41 2 0 391 17 2 370 0 38 0 0 0 85
1105 9781 665 644 41 2 0 391 17 2 370 0 38 0 0 0 85
1106 9784 664 642 41 2 0 391 17 2 369 0 39 0 0 0 85
1107 9787 663 641 40 2 0 391 17 2 369 0 39 0 0 0 85
1108 9795 660 638 38 2 0 391 17 2 369 0 39 0 0 0 85
1109 9799 658 636 38 3 0 390 17 3 368 0 39 0 0 0 85
1110 9802 657 635 37 3 0 390 17 3 368 0 39 0 0 0 85
1111 9808 654 632 37 3 0 390 17 3 368 0 39 0 1 1 83
1112 9817 649 628 37 3 0 390 17 3 369 0 38 0 1 1 83
1113 9819 648 627 37 3 0 390 17 3 369 0 38 0 1 1 83
1114 9828 644 622 37 3 0 391 16 3 369 0 38 0 1 1 83
1115 9822 646 624 39 3 0 391 16 3 369 0 38 0 1 1 83
1116 9826 644 622 39 3 0 391 16 3 369 0 38 0 1 1 83
1117 9835 639 618 39 3 0 391 16 3 370 0 37 0 1 1 83
1118 9843 635 614 39 3 0 391 16 3 370 0 37 0 1 1 83
1119 9845 634 613 39 3 0 391 16 3 370 0 37 0 1 1 83
1120 9843 634 615 39 3 0 390 17 3 371 0 36 0 1 1 83
1121 9851 631 612 37 3 0 390 17 3 371 0 36 0 1 1 83
1122 9855 629 610 37 4 0 389 17 4 370 0 36 0 1 1 83
1123 9861 625 606 39 4 0 389 17 4 370 0 36 0 1 1 83
1124 9864 624 605 38 4 0 389 17 4 370 0 36 0 1 1 83
1125 9866 623 604 38 4 0 389 17 4 370 0 36 0 1 1 83
1126 9864 624 605 38 4 0 389 17 4 370 0 36 0 1 1 83
1127 9859 626 607 39 4 0 389 17 4 370 0 36 0 1 1 83
1128 9856 627 610 38 4 0 388 18 4 371 0 35 0 1 1 83
1129 9862 624 607 38 4 0 388 18 4 371 0 35 0 1 1 83
1130 9866 622 604 39 4 0 388 18 4 370 0 36 0 1 1 83
1131 9879 615 598 39 4 0 388 18 4 371 0 35 0 1 1 83
1132 9883 613 596 39 4 0 388 18 4 371 0 35 0 1 1 83
1133 9898 607 589 37 4 0 388 18 4 370 0 36 0 1 1 83
1134 9898 607 588 36 4 0 389 18 4 370 0 37 0 1 1 83
1135 9906 603 584 36 4 0 389 18 4 370 0 37 0 1 1 83
1136 9915 598 579 37 4 0 389 18 4 370 0 37 0 1 1 83
1137 9920 596 577 36 4 0 389 18 4 370 0 37 0 1 1 83
1138 9918 597 578 36 4 0 389 18 4 370 0 37 0 1 1 83
1139 9921 595 577 36 4 0 388 19 4 370 0 37 0 1 1 83
1140 9918 597 579 35 4 0 388 19 4 370 0 37 0 1 1 83
1141 9919 597 578 35 4 0 388 19 4 369 0 38 0 1 1 83
1142 9915 599 580 35 4 0 388 19 4 369 0 38 0 1 1 83
1143 9918 598 579 34 5 0 387 19 5 368 0 38 0 1 1 83
1144 9920 597 578 34 5 0 387 19 5 368 0 38 0 1 1 83
1145 9922 596 577 34 5 0 387 19 5 368 0 38 0 1 1 83
1146 9923 596 577 33 5 0 387 19 5 368 0 38 0 1 1 83
1147 9920 598 579 32 5 0 387 19 5 368 0 38 0 1 1 83
1148 9921 597 578 33 5 0 387 19 5 368 0 38 0 1 1 83
1149 9925 594 576 34 5 0 387 19 5 369 0 37 0 1 1 83
1150 9929 592 574 34 5 0 387 19 5 369 0 37 0 1 1 83
1151 9930 591 573 35 5 0 387 19 5 369 0 37 0 1 1 83
1152 9932 590 572 35 5 0 387 19 5 369 0 37 0 1 1 83
1153 9933 589 572 35 5 0 387 19 5 370 0 36 0 1 1 83
1154 9937 587 570 35 5 0 387 19 5 370 0 36 0 1 1 83
1155 9945 583 566 35 5 0 387 19 5 370 0 36 0 1 1 83
1156 9955 578 562 34 5 0 387 19 5 371 0 35 0 1 1 83
1157 9958 576 561 34 5 0 387 19 5 372 0 34 0 1 1 83
1158 9954 578 563 34 5 0 387 19 5 372 0 34 0 1 1 83
1159 9952 579 564 34 5 0 387 19 5 372 0 34 0 1 1 83
1160 9956 577 561 33 5 0 388 19 5 372 0 35 0 1 1 83
1161 9964 573 557 33 5 0 388 19 5 372 0 35 0 1 1 83
1162 9974 568 552 33 5 0 388 19 5 372 0 35 0 1 1 83
1163 9975 568 552 32 5 0 388 19 5 372 0 35 0 1 1 83
1164 9985 563 547 32 5 0 388 19 5 372 0 35 0 1 1 83
1165 9983 564 548 32 5 0 388 19 5 372 0 35 0 1 1 83
1166 9979 566 550 32 5 0 388 19 5 372 0 35 0 1 1 83
1167 9982 565 549 31 5 0 388 19 5 372 0 35 0 1 1 83
1168 9992 560 544 31 5 0 388 19 5 372 0 35 0 1 1 83
1169 9999 556 540 32 5 0 388 19 5 372 0 35 0 1 1 83
1170 9998 556 540 33 5 0 388 19 5 372 0 35 0 1 1 83
1171 10004 553 537 33 5 0 388 19 5 372 0 35 0 1 1 83
1172 10009 551 534 33 5 0 389 18 5 372 0 35 0 1 1 83
1173 10009 551 534 33 5 0 389 18 5 372 0 35 0 1 1 83
1174 10011 550 533 33 5 0 389 18 5 372 0 35 0 1 1 83
1175 10019 546 529 33 5 0 390 17 5 373 0 34 0 1 1 83
1176 10024 543 527 33 5 0 389 18 5 373 0 34 0 1 1 83
1177 10024 543 527 33 5 0 389 18 5 373 0 34 0 1 1 83
1178 10028 541 525 33 5 0 389 18 5 373 0 34 0 1 1 83
1179 10028 541 525 33 5 0 389 18 5 373 0 34 0 1 1 83
1180 10028 541 527 31 5 0 387 20 5 373 0 34 0 1 1 83
1181 10034 538 524 31 5 0 387 20 5 373 0 34 0 1 1 83
1182 10026 541 529 31 5 0 386 21 5 374 0 33 0 1 1 83
1183 10023 543 530 31 6 0 385 21 6 372 0 34 0 1 1 83
1184 10027 540 529 31 6 0 385 21 6 374 0 32 0 1 1 83
1185 10030 538 527 32 6 0 385 21 6 374 0 32 0 1 1 83
1186 10030 538 526 33 6 0 385 21 6 373 0 33 0 1 1 83
1187 10026 539 528 34 6 0 385 21 6 374 0 32 0 1 1 83
1188 10029 538 527 33 6 0 385 21 6 374 0 32 0 1 1 83
1189 10028 538 528 33 6 0 385 21 6 375 0 31 0 1 1 83
1190 10030 537 527 33 6 0 385 21 6 375 0 31 0 1 1 83
1191 10043 531 522 31 6 0 384 22 6 375 0 31 0 1 1 83
1192 10045 530 521 31 6 0 384 22 6 375 0 31 0 1 1 83
1193 10048 529 521 29 6 0 384 22 6 376 0 30 0 1 1 83
1194 10055 526 518 28 6 0 384 22 6 376 0 30 0 1 1 83
1195 10060 524 514 28 6 0 386 20 6 376 0 30 0 1 1 84
1196 10058 525 515 28 6 0 386 20 6 376 0 30 0 1 1 84
1197 10058 525 515 28 6 0 386 20 6 376 0 30 0 1 1 84
1198 10068 520 510 28 6 0 386 20 6 376 0 30 0 1 1 84
1199 10067 520 510 29 6 0 386 20 6 376 0 30 0 1 1 84
1200 10068 520 509 29 6 0 386 20 6 375 0 31 0 1 1 84
1201 10071 519 508 28 6 0 386 20 6 375 0 31 0 1 1 84
1202 10078 516 504 28 6 0 386 20 6 374 0 32 0 1 1 84
1203 10081 514 503 28 6 0 386 20 6 375 0 31 0 1 1 84
1204 10086 512 501 27 6 0 386 20 6 375 0 31 0 1 1 84
1205 10088 511 500 27 6 0 386 20 6 375 0 31 0 1 1 84
1206 10093 509 498 26 6 0 386 20 6 375 0 31 0 1 1 84
1207 10095 508 497 26 6 0 386 20 6 375 0 31 0 1 1 84
1208 10092 510 498 26 6 0 386 20 6 374 0 32 0 1 1 84
1209 10092 510 497 27 6 0 387 19 6 374 0 32 0 1 1 84
1210 10086 513 499 28 6 0 387 19 6 373 0 33 0 1 1 84
1211 10084 514 500 28 6 0 387 19 6 373 0 33 0 1 1 84
1212 10086 513 499 28 6 0 387 19 6 373 0 33 0 1 1 84
1213 10084 513 501 28 6 0 386 20 6 374 0 32 0 1 1 84
1214 10087 511 499 29 6 0 386 20 6 374 0 32 0 1 1 84
1215 10091 509 497 29 6 0 386 20 6 374 0 32 0 1 1 84
1216 10096 506 495 29 6 0 386 20 6 375 0 31 0 1 1 84
1217 10099 505 494 28 6 0 386 20 6 375 0 31 0 1 1 84
1218 10097 506 495 28 6 0 386 20 6 375 0 31 0 1 1 84
1219 10101 504 493 28 6 0 386 20 6 375 0 31 0 1 1 84
1220 10108 500 490 28 6 0 386 20 6 376 0 30 0 1 1 84
1221 10116 496 486 28 6 0 386 20 6 376 0 30 0 1 1 84
1222 10117 495 486 28 5 1 386 20 6 376 0 30 0 1 1 84
1223 10126 491 481 28 5 1 387 19 6 376 0 30 0 1 1 84
1224 10128 490 480 28 5 1 387 19 6 376 0 30 0 1 1 84
1225 10134 487 477 28 5 1 387 19 6 376 0 30 0 1 1 84
1226 10137 486 476 27 5 1 387 19 6 376 0 30 0 1 1 84
1227 10142 484 474 26 5 1 387 19 6 376 0 30 0 1 1 84
1228 10138 486 476 26 5 1 387 19 6 376 0 30 0 1 1 84
1229 10136 487 477 26 5 1 387 19 6 376 0 30 0 1 1 84
1230 10142 484 474 26 5 1 387 19 6 376 0 30 0 1 1 84
1231 10147 482 472 25 5 1 387 19 6 376 0 30 0 1 1 84
1232 10151 479 471 25 5 1 387 19 6 378 0 28 0 1 1 84
1233 10148 481 473 24 5 1 387 19 6 378 0 28 0 1 1 84
1234 10154 478 470 24 5 1 387 19 6 378 0 28 0 1 1 84
1235 10161 475 467 23 5 1 387 19 6 378 0 28 0 1 1 84
1236 10157 477 469 23 5 1 386 20 6 377 0 29 0 1 1 84
1237 10159 476 468 23 5 1 386 20 6 377 0 29 0 1 1 84
1238 10159 475 468 24 5 1 386 20 6 378 0 28 0 1 1 84
1239 10155 477 470 24 5 1 386 20 6 378 0 28 0 1 1 84
1240 10156 477 470 23 5 1 386 20 6 378 0 28 0 1 1 84
1241 10159 476 468 23 5 1 387 19 6 378 0 28 0 1 1 84
1242 10157 477 469 23 5 1 387 19 6 378 0 28 0 1 1 84
1243 10157 477 469 23 5 1 387 19 6 378 0 28 0 1 1 84
1244 10155 478 470 23 5 1 387 19 6 378 0 28 0 1 1 84
1245 10163 473 466 24 5 1 387 19 6 379 0 27 0 1 1 84
1246 10164 472 466 24 5 1 386 20 6 379 0 27 0 1 1 84
1247 10159 474 469 24 5 1 386 20 6 380 0 26 0 1 1 84
1248 10164 471 467 24 5 1 386 20 6 381 0 25 0 1 1 84
1249 10162 472 468 24 5 1 386 20 6 381 0 25 0 1 1 84
1250 10168 469 465 24 5 1 386 20 6 381 0 25 0 1 1 84
1251 10168 469 465 24 5 1 386 20 6 381 0 25 0 1 1 84
1252 10170 468 464 24 5 1 386 20 6 381 0 25 0 1 1 84
1253 10174 466 462 24 5 1 386 20 6 381 0 25 0 1 1 84
1254 10174 466 462 24 5 1 386 20 6 381 0 25 0 1 1 84
1255 10178 464 460 24 5 1 386 20 6 381 0 25 0 1 1 84
1256 10178 464 460 24 5 1 386 20 6 381 0 25 0 1 1 84
1257 10174 466 462 24 5 1 386 20 6 381 0 25 0 1 1 84
1258 10172 467 462 25 5 1 386 20 6 380 0 26 0 1 1 84
1259 10176 465 460 25 5 1 386 20 6 380 0 26 0 1 1 84
1260 10176 465 460 25 5 1 386 20 6 380 0 26 0 1 1 84
1261 10181 462 458 25 5 1 385 21 6 380 0 26 0 1 1 84
1262 10188 458 455 25 5 1 384 22 6 380 0 26 0 1 1 84
1263 10190 457 454 25 5 1 384 22 6 380 0 26 0 1 1 84
1264 10190 457 454 25 5 1 384 22 6 380 0 26 0 1 1 84
1265 10192 456 453 25 5 1 384 22 6 380 0 26 0 1 1 84
1266 10188 458 456 24 5 1 384 22 6 381 0 25 0 1 1 84
1267 10190 458 455 23 5 1 385 21 6 381 0 25 0 1 1 84
1268 10183 462 458 23 5 1 386 20 6 381 0 25 0 1 1 84
1269 10186 460 456 24 5 1 386 20 6 381 0 25 0 1 1 84
1270 10180 463 459 24 5 1 386 20 6 381 0 25 0 1 1 84
1271 10178 464 460 24 5 1 386 20 6 381 0 25 0 1 1 84
1272 10178 464 460 24 5 1 386 20 6 381 0 25 0 1 1 84
1273 10189 459 454 24 5 1 387 19 6 381 0 25 0 1 1 84
1274 10197 456 451 22 5 1 387 19 6 381 0 25 0 1 1 84
1275 10199 455 450 22 5 1 387 19 6 381 0 25 0 1 1 84
1276 10204 453 448 21 5 1 387 19 6 381 0 25 0 1 1 84
1277 10200 455 450 21 5 1 387 19 6 381 0 25 0 1 1 84
1278 10198 455 451 22 5 1 387 19 6 382 0 24 0 1 1 84
1279 10202 453 449 22 5 1 387 19 6 382 0 24 0 1 1 84
1280 10208 450 447 21 5 1 387 19 6 383 0 23 0 1 1 84
1281 10210 449 446 21 5 1 387 19 6 383 0 23 0 1 1 84
1282 10213 447 445 21 5 1 386 20 6 383 0 23 0 1 1 84
1283 10221 443 441 21 5 1 386 20 6 383 0 23 0 1 1 84
1284 10226 440 439 21 5 1 386 20 6 384 0 22 0 1 1 84
1285 10230 438 437 21 5 1 386 20 6 384 0 22 0 1 1 84
1286 10232 437 437 20 5 1 386 20 6 385 0 21 0 1 1 84
1287 10233 437 436 20 5 1 386 20 6 384 0 22 0 1 1 84
1288 10238 435 434 19 5 1 386 20 6 384 0 22 0 1 1 84
1289 10239 435 433 19 5 1 387 19 6 384 0 22 0 1 1 84
1290 10250 429 427 20 5 1 387 19 6 384 0 22 0 1 1 84
1291 10254 427 425 20 5 1 387 19 6 384 0 22 0 1 1 84
1292 10256 426 424 20 5 1 387 19 6 384 0 22 0 1 1 84
1293 10262 423 421 20 5 1 387 19 6 384 0 22 0 1 1 84
1294 10266 421 419 20 5 1 387 19 6 384 0 22 0 1 1 84
1295 10273 418 415 20 6 0 387 19 6 384 0 22 0 1 1 84
1296 10271 419 416 20 6 0 387 19 6 384 0 22 0 1 1 84
1297 10273 418 415 20 6 0 387 19 6 384 0 22 0 1 1 84
1298 10273 418 415 20 6 0 387 19 6 384 0 22 0 1 1 84
1299 10277 416 413 20 6 0 387 19 6 384 0 22 0 1 1 84
1300 10277 416 413 20 6 0 387 19 6 384 0 22 0 1 1 84
1301 10272 418 415 21 6 0 387 19 6 384 0 22 0 1 1 84
1302 10277 415 412 22 6 0 387 19 6 384 0 22 0 1 1 84
1303 10278 415 411 22 6 0 388 18 6 384 0 22 0 1 1 84
1304 10286 411 407 22 7 0 387 18 6 384 0 22 0 1 2 83
1305 10284 412 408 22 7 0 387 18 6 384 0 22 0 1 2 83
1306 10283 413 408 22 7 0 387 18 6 383 0 23 0 1 2 83
1307 10283 413 408 22 7 0 387 18 6 383 0 23 0 1 2 83
1308 10289 410 405 22 7 0 387 18 6 383 0 23 0 1 2 83
1309 10281 414 409 22 7 0 387 18 6 383 0 23 0 1 2 83
1310 10282 413 408 23 7 0 387 18 6 383 0 23 0 1 2 83
1311 10288 410 405 23 7 0 387 18 6 383 0 23 0 1 2 83
1312 10292 409 402 23 7 0 387 18 6 381 0 25 0 1 2 83
1313 10292 409 402 23 7 0 387 18 6 381 0 25 0 1 2 83
1314 10296 407 400 23 7 0 387 18 6 381 0 25 0 1 2 83
1315 10295 407 401 23 7 0 387 18 6 382 0 24 0 1 2 83
1316 10304 403 398 21 8 0 386 18 7 382 0 23 0 1 2 83
1317 10301 404 399 22 8 0 386 18 7 382 0 23 0 1 2 83
1318 10302 404 399 21 8 0 386 18 7 382 0 23 0 1 2 83
1319 10305 402 398 21 7 1 386 18 7 382 0 23 0 1 2 83
1320 10302 403 400 21 6 1 387 18 7 383 0 22 0 1 1 84
1321 10306 401 398 21 7 1 386 18 7 383 0 22 0 1 2 83
1322 10305 401 398 22 7 1 386 18 7 383 0 22 0 1 2 83
1323 10307 400 397 22 7 1 386 18 7 383 0 22 0 1 2 83
1324 10310 400 395 21 7 1 387 17 7 382 0 23 0 1 2 83
1325 10319 397 392 18 7 1 387 17 7 382 0 23 0 1 2 83
1326 10319 397 392 18 8 1 386 17 8 381 0 23 0 1 2 83
1327 10325 394 389 18 8 1 386 17 8 381 0 23 0 1 2 83
1328 10327 393 388 18 9 1 386 16 9 381 0 22 0 1 2 83
1329 10327 393 388 18 9 1 386 16 9 381 0 22 0 1 2 83
1330 10329 392 387 18 9 1 386 16 9 381 0 22 0 1 2 83
1331 10325 393 389 19 9 1 385 17 9 381 0 22 0 1 2 83
1332 10325 393 389 19 9 1 385 17 9 381 0 22 0 1 2 83
1333 10334 389 385 18 9 1 385 17 9 381 0 22 0 1 2 83
1334 10332 390 386 18 9 1 385 17 9 381 0 22 0 1 2 83
1335 10330 391 387 18 9 1 385 17 9 381 0 22 0 1 2 83
1336 10329 392 388 17 9 1 384 18 8 381 1 22 0 1 2 83
1337 10327 393 389 17 9 1 384 18 8 381 1 22 0 1 2 83
1338 10325 394 390 17 9 1 384 18 8 381 1 22 0 1 2 83
1339 10335 389 385 17 9 1 384 18 8 381 1 22 0 1 2 83
1340 10333 390 386 17 10 1 383 18 8 381 1 22 0 1 3 82
1341 10329 392 388 17 10 1 383 18 8 381 1 22 0 1 3 82
1342 10337 388 384 17 10 1 383 18 8 381 1 22 0 1 3 82
1343 10337 388 384 17 10 1 383 18 8 381 1 22 0 1 3 82
1344 10343 385 381 17 10 1 383 18 8 381 1 22 0 1 3 82
1345 10346 384 380 16 10 1 383 18 8 381 1 22 0 1 3 82
1346 10349 383 378 16 10 1 384 17 8 381 1 22 0 1 3 82
1347 10348 384 378 16 10 1 384 17 8 380 1 23 0 1 3 82
1348 10347 384 379 16 11 1 383 17 9 380 1 22 0 1 3 82
1349 10351 382 376 17 11 1 384 16 9 380 1 22 0 1 3 82
1350 10353 381 375 17 11 1 384 16 9 380 1 22 0 1 3 82
1351 10345 385 379 18 10 1 385 16 9 380 1 22 0 1 2 82
1352 10349 383 376 19 10 1 385 16 9 379 1 23 0 1 2 82
1353 10348 383 376 20 10 1 385 16 9 379 1 23 0 1 2 82
1354 10356 379 372 20 10 1 385 16 9 379 1 23 0 1 2 82
1355 10356 378 372 21 10 1 385 16 9 380 1 22 0 1 2 82
1356 10353 380 373 21 10 1 385 16 9 379 1 23 0 1 2 82
1357 10364 375 367 21 10 1 386 15 9 379 1 23 0 1 2 82
1358 10361 376 369 21 11 1 385 15 10 379 1 22 0 1 2 82
1359 10363 376 368 20 11 1 385 15 10 378 1 23 0 1 2 82
1360 10364 376 367 20 12 0 385 15 10 378 1 23 0 1 2 82
1361 10366 375 366 20 12 0 385 15 10 378 1 23 0 1 2 82
1362 10367 374 365 21 12 0 385 15 10 378 1 23 0 1 2 82
1363 10364 375 367 21 12 0 385 15 10 379 1 22 0 1 2 82
1364 10369 372 365 21 12 0 384 16 10 379 1 22 0 1 2 82
1365 10370 372 365 20 13 0 383 16 10 379 2 21 0 1 2 82
1366 10374 369 362 22 13 0 383 16 10 379 2 21 0 1 2 82
1367 10379 367 360 21 13 0 383 16 10 379 2 21 0 1 2 82
1368 10372 370 363 22 13 0 383 16 10 379 2 21 0 1 2 82
1369 10374 369 362 22 13 0 383 16 10 379 2 21 0 1 2 82
1370 10376 368 361 22 13 0 383 16 10 379 2 21 0 1 2 82
1371 10376 368 361 22 13 0 383 16 10 379 2 21 0 1 2 82
1372 10379 367 360 21 13 0 383 16 10 379 2 21 0 1 2 82
1373 10380 366 360 21 13 0 382 17 10 379 2 21 0 1 2 82
1374 10384 364 358 21 13 0 382 17 10 379 2 21 0 1 2 82
1375 10385 363 357 22 13 0 382 17 10 379 2 21 0 1 2 82
1376 10389 361 355 22 13 0 382 17 10 379 2 21 0 1 2 82
1377 10391 360 354 22 13 0 382 17 10 379 2 21 0 1 2 82
1378 10399 356 350 22 13 0 382 17 10 379 2 21 0 1 2 82
1379 10403 354 348 22 13 0 382 17 10 379 2 21 0 1 2 82
1380 10405 353 347 22 13 0 382 17 10 379 2 21 0 1 2 82
1381 10409 351 346 21 13 0 382 17 10 380 2 20 0 1 2 82
1382 10407 352 347 21 13 0 382 17 10 380 2 20 0 1 2 82
1383 10407 352 347 21 13 0 382 17 10 380 2 20 0 1 2 82
1384 10406 352 347 22 13 0 382 17 10 380 2 20 0 1 2 82
1385 10411 350 344 22 13 0 382 17 10 379 2 21 0 1 2 82
1386 10421 345 339 22 13 0 382 17 10 379 2 21 0 1 2 82
1387 10418 347 341 21 13 0 382 17 10 379 2 21 0 1 2 82
1388 10414 349 343 21 13 0 382 17 10 379 2 21 0 1 2 82
1389 10412 350 344 21 13 0 382 17 10 379 2 21 0 1 2 82
1390 10416 348 342 21 13 0 382 17 10 379 2 21 0 1 2 82
1391 10418 348 341 20 13 0 383 16 10 379 2 21 0 1 2 82
1392 10420 347 340 20 13 0 383 16 10 379 2 21 0 1 2 82
1393 10423 345 338 21 13 0 383 16 10 379 2 21 0 1 2 82
1394 10426 344 338 19 12 1 384 15 11 379 1 21 0 1 2 82
1395 10427 344 337 19 12 1 386 13 11 380 1 20 0 1 2 82
1396 10431 342 335 19 12 1 386 13 11 380 1 20 0 1 2 82
1397 10430 342 336 19 12 1 385 14 11 380 1 20 0 1 2 82
1398 10430 342 336 19 12 1 385 14 11 380 1 20 0 1 2 82
1399 10434 340 334 19 12 1 385 14 11 380 1 20 0 1 2 82
1400 10432 341 335 19 13 1 384 14 12 379 1 20 0 1 2 82
1401 10438 338 332 19 13 1 384 14 12 379 1 20 0 1 2 82
1402 10439 338 332 18 13 1 384 14 12 379 1 20 0 1 2 82
1403 10437 339 333 18 13 1 384 14 12 379 1 20 0 1 2 82
1404 10439 338 332 18 13 1 384 14 12 379 1 20 0 1 2 82
1405 10440 338 331 18 13 1 384 14 12 378 1 21 0 1 2 82
1406 10440 338 330 17 13 1 385 14 12 378 1 22 0 1 2 82
1407 10444 336 328 17 13 1 385 14 12 378 1 22 0 1 2 82
1408 10446 335 327 17 13 1 385 14 12 378 1 22 0 1 2 82
1409 10451 333 325 16 13 1 385 14 12 378 1 22 0 1 2 82
1410 10453 332 324 16 13 1 385 14 12 378 1 22 0 1 2 82
1411 10453 332 324 16 13 1 385 14 12 378 1 22 0 1 2 82
1412 10454 331 323 17 13 1 385 14 12 378 1 22 0 1 2 82
1413 10454 331 323 17 13 1 385 14 12 378 1 22 0 1 2 82
1414 10451 332 324 18 13 1 385 14 12 378 1 22 0 1 2 82
1415 10452 332 324 17 13 1 385 14 12 378 1 22 0 1 2 82
1416 10456 331 323 15 13 1 385 14 12 378 1 22 0 1 2 82
1417 10452 333 325 15 13 1 385 14 12 378 1 22 0 1 2 82
1418 10462 328 320 15 13 1 385 14 12 378 1 22 0 1 2 82
1419 10458 330 322 15 14 1 384 14 13 377 1 22 0 1 2 82
1420 10460 329 321 15 14 1 384 14 13 377 1 22 0 1 2 82
1421 10455 331 323 16 14 1 384 14 13 377 1 22 0 1 2 82
1422 10458 329 321 17 14 1 384 14 13 377 1 22 0 1 2 82
1423 10460 328 320 17 14 1 384 14 13 377 1 22 0 1 2 82
1424 10460 328 321 16 14 1 384 14 13 378 1 21 0 1 2 82
1425 10462 328 321 14 14 1 384 14 13 378 1 21 0 1 2 82
1426 10464 327 320 14 14 1 384 14 13 378 1 21 0 1 2 82
1427 10465 327 320 13 14 1 384 14 13 378 1 21 0 1 2 82
1428 10467 326 319 13 14 1 384 14 13 378 1 21 0 1 2 82
1429 10468 325 319 13 14 1 384 14 13 379 1 20 0 1 2 82
1430 10468 325 319 13 14 1 384 14 13 379 1 20 0 1 2 82
1431 10470 324 318 13 14 1 384 14 13 379 1 20 0 1 2 82
1432 10472 323 317 13 14 1 384 14 13 379 1 20 0 1 2 82
1433 10472 323 317 13 14 1 384 14 13 379 1 20 0 1 2 82
1434 10474 322 316 13 14 1 384 14 13 379 1 20 0 1 2 82
1435 10474 322 317 12 14 1 383 15 13 379 1 20 0 1 2 82
1436 10473 323 317 12 14 1 383 15 13 378 1 21 0 1 2 82
1437 10469 325 319 12 14 1 383 15 13 378 1 21 0 1 2 82
1438 10473 323 317 12 14 1 383 15 13 378 1 21 0 1 2 82
1439 10474 323 316 12 14 1 384 14 13 378 1 21 0 1 2 82
1440 10479 320 314 12 14 1 384 14 13 379 1 20 0 1 2 82
1441 10480 320 313 12 14 1 384 14 13 378 1 21 0 1 2 82
1442 10476 321 315 13 14 1 383 15 13 378 1 21 0 1 2 82
1443 10471 323 317 14 14 1 383 15 13 378 1 21 0 1 2 82
1444 10477 320 314 14 14 1 383 15 13 378 1 21 0 1 2 82
1445 10483 317 311 14 14 1 383 15 13 378 1 21 0 1 2 82
1446 10487 315 309 14 14 1 383 15 13 378 1 21 0 1 2 82
1447 10488 314 309 14 14 1 382 16 13 378 1 21 0 1 2 82
1448 10493 312 306 14 14 1 383 15 13 378 1 21 0 1 2 82
1449 10495 311 305 14 14 1 383 15 13 378 1 21 0 1 2 82
1450 10495 311 305 14 14 1 383 15 13 378 1 21 0 1 2 82
1451 10493 312 306 14 14 1 383 15 13 378 1 21 0 1 2 82
1452 10495 311 305 14 14 1 383 15 13 378 1 21 0 1 2 82
1453 10496 310 305 14 14 1 383 15 13 379 1 20 0 1 2 82
1454 10499 309 304 13 14 1 383 15 13 379 1 20 0 1 2 82
1455 10508 305 299 13 14 1 384 14 13 379 1 20 0 1 2 82
1456 10507 305 300 13 14 1 384 14 13 380 1 19 0 1 2 82
1457 10509 304 299 13 14 1 384 14 13 380 1 19 0 1 2 82
1458 10515 301 296 13 14 1 384 14 13 380 1 19 0 1 2 82
1459 10519 299 294 13 14 1 384 14 13 380 1 19 0 1 2 82
1460 10522 298 293 12 14 1 384 14 13 380 1 19 0 1 2 82
1461 10525 296 291 13 14 1 384 14 13 380 1 19 0 1 2 82
1462 10527 295 290 13 14 1 384 14 13 380 1 19 0 1 2 82
1463 10534 291 287 13 14 1 384 14 13 381 1 18 0 1 2 82
1464 10539 288 285 13 14 1 384 14 13 382 1 17 0 1 2 82
1465 10539 288 285 13 14 1 384 14 13 382 1 17 0 1 2 82
1466 10544 285 283 13 14 1 384 14 13 383 1 16 0 1 2 82
1467 10550 282 280 13 14 1 384 14 13 383 1 16 0 1 2 82
1468 10548 283 281 13 14 1 383 15 13 382 1 17 0 1 2 82
1469 10546 284 282 13 14 1 383 15 13 382 1 17 0 1 2 82
1470 10552 281 279 13 14 1 383 15 13 382 1 17 0 1 2 82
1471 10552 281 279 13 14 1 383 15 13 382 1 17 0 1 2 82
1472 10555 280 278 12 14 1 383 15 13 382 1 17 0 1 2 82
1473 10553 281 279 12 14 1 383 15 13 382 1 17 0 1 2 82
1474 10552 282 280 11 14 1 383 15 13 382 1 17 0 1 2 82
1475 10546 285 283 11 14 1 383 15 13 382 1 17 0 1 2 82
1476 10545 286 284 10 14 1 383 15 13 382 1 17 0 1 2 82
1477 10538 290 287 10 14 1 383 15 13 381 1 18 0 1 2 82
1478 10541 289 285 10 14 1 383 15 12 381 2 18 0 1 2 82
1479 10544 288 284 9 14 1 383 15 12 381 2 18 0 1 2 82
1480 10546 287 283 9 14 1 383 15 12 381 2 18 0 1 2 82
1481 10558 281 277 9 14 1 383 15 12 381 2 18 0 1 2 82
1482 10560 280 276 9 14 1 383 15 12 381 2 18 0 1 2 82
1483 10564 278 274 9 14 1 383 15 12 381 2 18 0 1 2 82
1484 10562 279 275 9 14 1 383 15 12 381 2 18 0 1 2 82
1485 10560 280 276 9 14 1 383 15 12 381 2 18 0 1 2 82
1486 10555 283 278 9 14 1 384 14 12 381 2 18 0 1 2 82
1487 10557 282 277 9 14 1 384 14 12 381 2 18 0 1 2 82
1488 10560 280 275 10 14 1 384 14 12 381 2 18 0 1 2 82
1489 10558 281 276 10 14 1 384 14 12 381 2 18 0 1 2 82
1490 10560 280 275 10 14 1 384 14 12 381 2 18 0 1 2 82
1491 10556 282 277 10 14 1 384 14 12 381 2 18 0 1 2 82
1492 10552 284 279 10 14 1 384 14 12 381 2 18 0 1 2 82
1493 10550 285 280 10 14 1 384 14 12 381 2 18 0 1 2 82
1494 10558 281 276 10 14 1 384 14 12 381 2 18 0 1 2 82
1495 10558 281 276 10 14 1 384 14 12 381 2 18 0 1 2 82
1496 10560 280 275 10 14 1 384 14 12 381 2 18 0 1 2 82
1497 10562 279 274 10 14 1 384 14 12 381 2 18 0 1 2 82
1498 10567 276 272 10 14 1 384 14 12 382 2 17 0 1 2 82
1499 10575 273 269 8 14 1 385 13 12 383 2 16 0 1 2 82
1500 10581 270 266 8 14 1 385 13 12 383 2 16 0 1 2 82
