0 1979 195 0 0 0 0 0 0 0 0 0 0 0 0 0 0
1 11648 194 194 0 0 0 0 0 0 0 0 0 0 0 0 0
2 11640 198 198 0 0 0 0 0 0 0 0 0 0 0 0 0
3 11640 198 198 0 0 0 0 0 0 0 0 0 0 0 0 0
4 11640 198 198 0 0 0 0 0 0 0 0 0 0 0 0 0
5 11638 199 199 0 0 0 0 0 0 0 0 0 0 0 0 0
6 11636 200 200 0 0 0 0 0 0 0 0 0 0 0 0 0
7 11634 201 201 0 0 0 0 0 0 0 0 0 0 0 0 0
8 11636 200 200 0 0 0 0 0 0 0 0 0 0 0 0 0
9 11630 203 203 0 0 0 0 0 0 0 0 0 0 0 0 0
10 11636 200 200 0 0 0 0 0 0 0 0 0 0 0 0 0
11 11638 199 199 0 0 0 0 0 0 0 0 0 0 0 0 0
12 11640 198 198 0 0 0 0 0 0 0 0 0 0 0 0 0
13 11642 197 197 0 0 0 0 0 0 0 0 0 0 0 0 0
14 11648 194 194 0 0 0 0 0 0 0 0 0 0 0 0 0
15 11650 193 193 0 0 0 0 0 0 0 0 0 0 0 0 0
16 11654 191 191 0 0 0 0 0 0 0 0 0 0 0 0 0
17 11650 193 193 0 0 0 0 0 0 0 0 0 0 0 0 0
18 11648 194 194 0 0 0 0 0 0 0 0 0 0 0 0 0
19 11640 198 198 0 0 0 0 0 0 0 0 0 0 0 0 0
20 11636 200 200 0 0 0 0 0 0 0 0 0 0 0 0 0
21 11634 201 201 0 0 0 0 0 0 0 0 0 0 0 0 0
22 11634 201 201 0 0 0 0 0 0 0 0 0 0 0 0 0
23 11630 203 203 0 0 0 0 0 0 0 0 0 0 0 0 0
24 11626 205 205 0 0 0 0 0 0 0 0 0 0 0 0 0
25 11624 206 206 0 0 0 0 0 0 0 0 0 0 0 0 0
26 11624 206 206 0 0 0 0 0 0 0 0 0 0 0 0 0
27 11622 207 207 0 0 0 0 0 0 0 0 0 0 0 0 0
28 11626 205 205 0 0 0 0 0 0 0 0 0 0 0 0 0
29 11624 206 206 0 0 0 0 0 0 0 0 0 0 0 0 0
30 11620 208 208 0 0 0 0 0 0 0 0 0 0 0 0 0
31 11618 209 209 0 0 0 0 0 0 0 0 0 0 0 0 0
32 11618 209 209 0 0 0 0 0 0 0 0 0 0 0 0 0
33 11622 207 207 0 0 0 0 0 0 0 0 0 0 0 0 0
34 11620 208 208 0 0 0 0 0 0 0 0 0 0 0 0 0
35 11620 208 208 0 0 0 0 0 0 0 0 0 0 0 0 0
36 11614 211 211 0 0 0 0 0 0 0 0 0 0 0 0 0
37 11605 215 215 1 0 0 0 0 0 0 0 0 0 0 0 0
38 11605 215 215 1 0 0 0 0 0 0 0 0 0 0 0 0
39 11609 213 213 1 0 0 0 0 0 0 0 0 0 0 0 0
40 11595 220 220 1 0 0 0 0 0 0 0 0 0 0 0 0
41 11591 222 222 1 0 0 0 0 0 0 0 0 0 0 0 0
42 11591 222 222 1 0 0 0 0 0 0 0 0 0 0 0 0
43 11587 224 224 1 0 0 0 0 0 0 0 0 0 0 0 0
44 11581 227 227 1 0 0 0 0 0 0 0 0 0 0 0 0
45 11569 233 233 1 0 0 0 0 0 0 0 0 0 0 0 0
46 11567 234 234 1 0 0 0 0 0 0 0 0 0 0 0 0
47 11563 236 236 1 0 0 0 0 0 0 0 0 0 0 0 0
48 11557 239 239 1 0 0 0 0 0 0 0 0 0 0 0 0
49 11551 242 242 1 0 0 0 0 0 0 0 0 0 0 0 0
50 11540 247 247 2 0 0 0 0 0 0 0 0 0 0 0 0
51 11535 249 249 3 0 0 0 0 0 0 0 0 0 0 0 0
52 11526 253 253 4 0 0 0 0 0 0 0 0 0 0 0 0
53 11514 259 259 4 0 0 0 0 0 0 0 0 0 0 0 0
54 11506 262 262 6 0 0 0 0 0 0 0 0 0 0 0 0
55 11488 271 271 6 0 0 0 0 0 0 0 0 0 0 0 0
56 11474 278 278 6 0 0 0 0 0 0 0 0 0 0 0 0
57 11460 285 285 6 0 0 0 0 0 0 0 0 0 0 0 0
58 11452 289 289 6 0 0 0 0 0 0 0 0 0 0 0 0
59 11439 296 296 5 0 0 0 0 0 0 0 0 0 0 0 0
60 11431 300 300 5 0 0 0 0 0 0 0 0 0 0 0 0
61 11418 306 306 6 0 0 0 0 0 0 0 0 0 0 0 0
62 11403 313 313 7 0 0 0 0 0 0 0 0 0 0 0 0
63 11401 314 314 7 0 0 0 0 0 0 0 0 0 0 0 0
64 11395 316 316 9 0 0 0 0 0 0 0 0 0 0 0 0
65 11383 321 321 11 0 0 0 0 0 0 0 0 0 0 0 0
66 11373 326 326 11 0 0 0 0 0 0 0 0 0 0 0 0
67 11353 336 336 11 0 0 0 0 0 0 0 0 0 0 0 0
68 11345 340 340 11 0 0 0 0 0 0 0 0 0 0 0 0
69 11329 348 348 11 0 0 0 0 0 0 0 0 0 0 0 0
70 11317 354 354 11 0 0 0 0 0 0 0 0 0 0 0 0
71 11307 358 358 13 0 0 0 0 0 0 0 0 0 0 0 0
72 11294 364 364 14 0 0 0 0 0 0 0 0 0 0 0 0
73 11283 369 369 15 0 0 0 0 0 0 0 0 0 0 0 0
74 11255 383 383 15 0 0 0 0 0 0 0 0 0 0 0 0
75 11243 389 389 15 0 0 0 0 0 0 0 0 0 0 0 0
76 11218 401 401 16 0 0 0 0 0 0 0 0 0 0 0 0
77 11206 407 407 16 0 0 0 0 0 0 0 0 0 0 0 0
78 11178 420 420 18 0 0 0 0 0 0 0 0 0 0 0 0
79 11163 427 427 19 0 0 0 0 0 0 0 0 0 0 0 0
80 11146 435 435 20 0 0 0 0 0 0 0 0 0 0 0 0
81 11128 444 444 20 0 0 0 0 0 0 0 0 0 0 0 0
82 11104 455 455 22 0 0 0 0 0 0 0 0 0 0 0 0
83 11092 461 461 22 0 0 0 0 0 0 0 0 0 0 0 0
84 11084 465 465 22 0 0 0 0 0 0 0 0 0 0 0 0
85 11082 466 466 22 0 0 0 0 0 0 0 0 0 0 0 0
86 11078 468 468 22 0 0 0 0 0 0 0 0 0 0 0 0
87 11065 474 474 23 0 0 0 0 0 0 0 0 0 0 0 0
88 11047 482 482 25 0 0 0 0 0 0 0 0 0 0 0 0
89 11041 485 485 25 0 0 0 0 0 0 0 0 0 0 0 0
90 11031 490 490 25 0 0 0 0 0 0 0 0 0 0 0 0
91 11014 498 498 26 0 0 0 0 0 0 0 0 0 0 0 0
92 11004 503 503 26 0 0 0 0 0 0 0 0 0 0 0 0
93 10999 505 505 27 0 0 0 0 0 0 0 0 0 0 0 0
94 10997 506 505 26 0 0 1 0 0 0 0 1 0 0 0 0
95 10989 510 508 25 0 0 2 0 0 0 0 2 0 0 0 0
96 10981 514 512 25 0 0 2 0 0 0 0 2 0 0 0 0
97 10971 519 517 25 0 0 2 0 0 0 0 2 0 0 0 0
98 10957 526 524 25 0 0 2 0 0 0 0 2 0 0 0 0
99 10943 533 531 25 0 0 2 0 0 0 0 2 0 0 0 0
100 10934 537 535 26 0 0 2 0 0 0 0 2 0 0 0 0
101 10922 543 541 26 0 0 2 0 0 0 0 2 0 0 0 0
102 10918 545 543 26 0 0 2 0 0 0 0 2 0 0 0 0
103 10916 546 544 26 0 0 2 0 0 0 0 2 0 0 0 0
104 10904 552 550 26 0 0 2 0 0 0 0 2 0 0 0 0
105 10900 554 552 26 0 0 2 0 0 0 0 2 0 0 0 0
106 10881 563 561 27 0 0 2 0 0 0 0 2 0 0 0 0
107 10869 568 566 29 0 0 2 0 0 0 0 2 0 0 0 0
108 10857 573 571 31 0 0 2 0 0 0 0 2 0 0 0 0
109 10855 573 571 33 0 0 2 0 0 0 0 2 0 0 0 0
110 10843 578 575 34 0 0 3 0 0 0 0 3 0 0 0 0
111 10842 578 575 35 0 0 3 0 0 0 0 3 0 0 0 0
112 10841 579 576 34 0 0 3 0 0 0 0 3 0 0 0 0
113 10837 581 578 34 0 0 3 0 0 0 0 3 0 0 0 0
114 10826 587 584 33 0 0 3 0 0 0 0 3 0 0 0 0
115 10820 590 587 33 0 0 3 0 0 0 0 3 0 0 0 0
116 10821 589 586 34 0 0 3 0 0 0 0 3 0 0 0 0
117 10811 593 590 36 0 0 3 0 0 0 0 3 0 0 0 0
118 10805 595 590 36 0 0 5 0 0 0 0 5 0 0 0 0
119 10799 598 593 36 0 0 5 0 0 0 0 5 0 0 0 0
120 10782 606 601 37 0 0 5 0 0 0 0 5 0 0 0 0
121 10787 604 599 36 0 0 5 0 0 0 0 5 0 0 0 0
122 10774 611 606 35 0 0 5 0 0 0 0 5 0 0 0 0
123 10764 616 611 35 0 0 5 0 0 0 0 5 0 0 0 0
124 10752 622 617 35 0 0 5 0 0 0 0 5 0 0 0 0
125 10740 628 623 35 0 0 5 0 0 0 0 5 0 0 0 0
126 10733 631 626 36 0 0 5 0 0 0 0 5 0 0 0 0
127 10726 634 629 37 0 0 5 0 0 0 0 5 0 0 0 0
128 10712 641 636 37 0 0 5 0 0 0 0 5 0 0 0 0
129 10701 646 641 38 0 0 5 0 0 0 0 5 0 0 0 0
130 10689 652 646 37 0 0 6 0 0 0 0 6 0 0 0 0
131 10673 658 652 41 0 0 6 0 0 0 0 6 0 0 0 0
132 10667 661 655 41 0 0 6 0 0 0 0 6 0 0 0 0
133 10649 668 662 45 0 0 6 0 0 0 0 6 0 0 0 0
134 10629 678 672 45 0 0 6 0 0 0 0 6 0 0 0 0
135 10617 684 678 45 0 0 6 0 0 0 0 6 0 0 0 0
136 10619 683 677 45 0 0 6 0 0 0 0 6 0 0 0 0
137 10611 686 680 47 0 0 6 0 0 0 0 6 0 0 0 0
138 10589 697 691 47 0 0 6 0 0 0 0 6 0 0 0 0
139 10579 701 695 49 0 0 6 0 0 0 0 6 0 0 0 0
140 10557 711 704 50 0 0 7 0 0 0 0 7 0 0 0 0
141 10543 716 709 54 0 0 7 0 0 0 0 7 0 0 0 0
142 10530 722 715 55 0 0 7 0 0 0 0 7 0 0 0 0
143 10521 727 720 54 0 0 7 0 0 0 0 7 0 0 0 0
144 10499 738 730 53 0 0 8 0 0 0 0 8 0 0 0 0
145 10476 749 739 52 0 0 10 0 0 0 0 10 0 0 0 0
146 10459 757 746 52 0 0 11 0 0 0 0 11 0 0 0 0
147 10449 762 751 52 0 0 11 0 0 0 0 11 0 0 0 0
148 10438 768 757 51 0 0 11 0 0 0 0 11 0 0 0 0
149 10428 773 762 51 0 0 11 0 0 0 0 11 0 0 0 0
150 10421 776 764 51 0 0 12 0 0 0 0 12 0 0 0 0
151 10406 783 771 52 0 0 12 0 0 0 0 12 0 0 0 0
152 10386 793 780 51 0 0 13 0 0 0 0 13 0 0 0 0
153 10379 796 784 51 0 0 12 1 0 0 0 13 0 0 0 0
154 10360 802 790 58 0 0 12 1 0 0 0 13 0 0 0 0
155 10333 814 802 61 0 0 12 1 0 0 0 13 0 0 0 0
156 10318 821 809 62 0 0 12 1 0 0 0 13 0 0 0 0
157 10294 832 819 63 0 0 13 1 0 0 0 14 0 0 0 0
158 10265 844 831 68 0 0 13 1 0 0 0 14 0 0 0 0
159 10225 863 851 69 0 0 13 1 0 1 0 13 0 0 0 0
160 10195 876 864 71 0 0 14 1 0 2 0 13 0 0 0 0
161 10178 883 870 73 0 0 15 1 0 2 0 14 0 0 0 0
162 10155 893 880 76 0 0 15 1 0 2 0 14 0 0 0 0
163 10125 908 895 76 0 0 15 1 0 2 0 14 0 0 0 0
164 10104 918 904 76 0 0 16 1 0 2 0 15 0 0 0 0
165 10073 933 918 76 0 0 17 1 0 2 0 16 0 0 0 0
166 10043 946 930 79 0 0 18 1 0 2 0 17 0 0 0 0
167 10009 961 944 82 0 0 19 1 0 2 0 18 0 0 0 0
168 9965 980 962 87 0 0 20 1 0 2 0 19 0 0 0 0
169 9947 987 968 90 0 0 21 1 0 2 0 20 0 0 0 0
170 9914 1003 983 90 0 0 22 1 0 2 0 21 0 0 0 0
171 9890 1014 992 90 0 0 24 1 0 2 0 23 0 0 0 0
172 9884 1016 994 88 0 0 25 2 0 3 0 24 0 0 0 0
173 9862 1027 1005 88 0 0 25 2 0 3 0 24 0 0 0 0
174 9846 1034 1011 89 0 0 26 2 0 3 0 25 0 0 0 0
175 9835 1039 1016 90 0 0 26 2 0 3 0 25 0 0 0 0
176 9825 1042 1020 93 0 0 26 2 0 4 0 24 0 0 0 0
177 9800 1054 1032 92 0 0 26 3 0 4 0 25 0 0 0 0
178 9776 1065 1042 93 0 0 27 3 0 4 0 26 0 0 0 0
179 9752 1077 1053 92 0 0 28 3 0 4 0 27 0 0 0 0
180 9731 1088 1062 89 0 0 30 3 0 4 0 29 0 0 0 0
181 9710 1096 1070 93 0 0 30 3 0 4 0 29 0 0 0 1
182 9690 1106 1081 92 0 0 30 3 0 5 0 28 0 0 0 1
183 9664 1117 1091 95 0 0 31 3 0 5 0 29 0 0 0 1
184 9650 1123 1097 97 0 0 31 3 0 5 0 29 0 0 0 1
185 9650 1122 1096 99 0 0 31 3 0 5 0 29 0 0 0 1
186 9651 1122 1096 96 0 0 32 3 0 6 0 29 0 0 0 1
187 9630 1132 1105 96 0 0 33 3 0 6 0 30 0 0 0 1
188 9630 1131 1104 98 0 0 33 3 0 6 0 30 0 0 0 1
189 9635 1127 1101 99 0 0 33 3 0 7 0 29 0 0 0 2
190 9617 1136 1110 99 0 0 33 3 0 7 0 29 0 0 0 2
191 9599 1144 1118 101 0 0 33 3 0 7 0 29 0 0 0 2
192 9583 1150 1123 104 0 0 34 3 0 7 0 30 0 0 0 2
193 9586 1148 1119 103 0 0 36 3 0 7 0 32 0 0 0 2
194 9563 1158 1128 105 0 0 37 3 0 7 0 33 0 0 0 2
195 9563 1157 1127 107 0 0 37 3 0 7 0 33 0 0 0 2
196 9551 1163 1133 107 0 0 37 3 0 7 0 33 0 0 0 2
197 9538 1166 1136 114 0 0 37 3 0 7 0 33 0 0 0 2
198 9533 1167 1138 114 0 0 37 4 0 8 0 33 0 0 0 2
199 9531 1168 1139 114 0 0 37 4 0 8 0 33 0 0 0 2
200 9508 1179 1150 115 0 0 37 4 0 8 0 33 0 0 0 2
201 9500 1181 1152 119 0 0 37 4 0 8 0 33 0 0 0 2
202 9497 1181 1152 120 0 0 38 4 0 9 0 33 0 0 0 2
203 9476 1191 1162 121 0 0 38 4 0 9 0 33 0 0 0 2
204 9467 1194 1165 124 0 0 38 4 0 9 0 33 0 0 0 2
205 9464 1196 1167 123 0 0 38 4 0 9 0 33 0 0 0 2
206 9458 1199 1168 121 0 0 40 4 0 9 0 35 0 0 0 2
207 9447 1202 1170 123 0 0 41 5 0 9 0 37 0 0 0 2
208 9436 1208 1175 123 0 0 41 5 0 8 0 38 0 0 0 2
209 9436 1209 1176 121 0 0 41 5 0 8 0 38 0 0 0 2
210 9440 1207 1174 121 0 0 41 5 0 8 0 38 0 0 0 2
211 9433 1209 1175 123 0 0 42 5 0 8 0 39 0 0 0 2
212 9429 1209 1175 127 0 0 42 5 0 8 0 39 0 0 0 2
213 9435 1207 1173 125 0 0 42 5 0 8 0 39 0 0 0 2
214 9433 1207 1172 126 0 0 43 5 0 8 0 40 0 0 0 2
215 9431 1208 1173 126 0 0 43 5 0 8 0 40 0 0 0 2
216 9413 1215 1181 129 0 0 43 5 0 9 0 39 0 0 0 2
217 9413 1214 1180 131 0 0 43 5 0 9 0 39 0 0 0 2
218 9414 1213 1180 131 0 0 43 5 0 10 0 38 0 0 0 2
219 9415 1211 1177 133 0 0 44 5 0 10 0 39 0 0 0 2
220 9409 1215 1180 130 0 0 45 5 0 10 0 40 0 0 0 2
221 9414 1213 1176 128 0 0 47 4 0 10 0 41 0 0 0 3
222 9401 1219 1183 128 0 0 45 6 0 9 0 42 0 0 0 3
223 9397 1219 1184 131 0 0 45 6 0 10 0 41 0 0 0 3
224 9382 1224 1189 136 0 0 45 6 0 10 0 41 0 0 0 3
225 9373 1229 1194 135 0 0 45 6 0 10 0 41 0 0 0 3
226 9372 1230 1195 134 0 0 45 6 0 10 0 41 0 0 0 3
227 9363 1232 1196 138 0 0 46 6 0 10 0 42 0 0 0 3
228 9370 1228 1192 139 0 0 46 6 0 10 0 42 0 0 0 3
229 9380 1220 1184 145 0 0 46 6 0 10 0 42 0 0 0 3
230 9360 1228 1191 148 0 0 47 6 0 10 0 43 0 0 0 3
231 9353 1231 1193 148 0 0 48 6 0 10 0 44 0 0 0 3
232 9349 1233 1195 148 0 0 48 6 0 10 0 44 0 0 0 3
233 9347 1234 1196 146 0 0 48 7 0 10 0 45 0 0 0 3
234 9350 1233 1195 145 0 0 48 7 0 10 0 45 0 0 0 3
235 9343 1235 1196 147 0 0 49 7 0 10 0 46 0 0 0 3
236 9336 1237 1198 148 0 0 49 8 0 10 0 47 0 0 0 3
237 9338 1236 1197 148 0 0 49 8 0 10 0 47 0 0 0 3
238 9324 1240 1200 153 0 0 50 8 0 10 0 48 0 0 0 3
239 9325 1239 1199 154 0 0 50 8 0 10 0 48 0 0 0 3
240 9323 1240 1200 154 0 0 50 8 0 10 0 48 0 0 0 3
241 9320 1238 1200 159 0 0 50 8 0 12 0 46 0 0 0 3
242 9329 1234 1194 156 0 0 52 8 0 12 0 48 0 0 0 3
243 9312 1240 1200 159 0 0 52 9 0 12 0 49 0 0 0 3
244 9311 1239 1200 161 0 0 52 9 0 13 0 48 0 0 0 3
245 9304 1241 1201 163 0 0 53 9 0 13 0 49 0 0 0 3
246 9303 1242 1202 161 0 0 54 8 0 14 0 48 0 0 0 4
247 9303 1241 1202 162 0 0 54 7 0 15 0 46 0 0 0 6
248 9287 1247 1206 164 0 0 56 7 0 15 0 48 0 0 0 6
249 9298 1242 1200 160 0 0 57 8 0 15 0 50 0 0 0 6
250 9285 1248 1206 160 0 0 57 8 0 15 0 50 0 0 0 7
251 9276 1252 1209 160 0 0 58 8 0 15 0 51 0 0 0 7
252 9283 1248 1205 161 0 0 58 8 0 15 0 51 0 0 0 7
253 9268 1254 1211 164 0 0 58 8 0 15 0 51 0 0 0 7
254 9251 1259 1218 169 0 0 58 8 0 17 0 49 0 0 0 7
255 9218 1273 1232 174 0 0 58 8 0 17 0 49 0 0 0 7
256 9210 1276 1235 176 0 0 58 8 0 17 0 49 0 0 0 7
257 9196 1282 1241 178 0 0 58 8 0 17 0 49 0 0 0 7
258 9168 1295 1254 180 0 0 58 8 0 17 0 49 0 0 0 7
259 9147 1304 1260 180 0 0 61 8 0 17 0 52 0 0 0 7
260 9130 1313 1266 176 0 0 64 8 0 17 0 55 0 0 0 7
261 9118 1319 1271 175 0 0 65 8 0 17 0 56 0 0 0 7
262 9113 1322 1274 172 0 0 66 8 0 18 0 56 0 0 0 7
263 9112 1319 1273 175 0 0 64 11 0 18 0 57 0 0 0 7
264 9107 1323 1277 172 0 0 64 11 0 18 0 57 0 0 0 7
265 9095 1326 1280 178 0 0 64 11 0 18 0 57 0 0 0 7
266 9071 1336 1290 182 0 0 64 11 0 18 0 57 0 0 0 7
267 9055 1344 1297 183 0 0 64 11 0 17 0 58 0 0 0 7
268 9047 1344 1298 188 0 0 65 11 0 19 0 57 0 0 0 7
269 9040 1346 1301 187 0 0 65 12 0 20 0 57 0 0 0 8
270 9027 1351 1306 190 0 0 65 12 0 20 0 57 0 0 0 8
271 9008 1359 1311 190 0 0 68 12 0 20 0 60 0 0 0 8
272 8982 1372 1323 187 0 0 69 13 0 20 0 62 0 0 0 8
273 8968 1379 1329 185 0 0 70 13 0 20 0 63 0 0 0 9
274 8962 1380 1329 190 0 0 71 12 0 20 0 63 0 0 0 9
275 8940 1389 1339 193 0 0 71 12 0 21 0 62 0 0 0 9
276 8923 1398 1348 190 0 0 72 12 0 22 0 62 0 0 0 9
277 8905 1404 1353 195 0 0 73 12 0 22 0 63 0 0 0 9
278 8896 1407 1353 196 0 0 76 11 0 22 0 65 0 0 0 10
279 8878 1414 1359 201 0 0 77 10 0 22 0 65 0 0 0 10
280 8872 1416 1360 202 0 0 78 10 0 22 0 66 0 0 0 10
281 8861 1420 1362 201 0 0 80 11 0 22 0 69 0 0 0 10
282 8849 1424 1364 203 0 0 82 11 0 22 0 71 0 0 0 10
283 8838 1429 1368 203 0 0 83 11 0 22 0 72 0 0 0 10
284 8825 1434 1372 205 0 0 84 11 0 22 0 73 0 0 0 10
285 8818 1434 1372 210 0 0 84 12 0 22 0 74 0 0 0 10
286 8812 1435 1372 213 0 0 85 12 0 22 0 75 0 0 0 10
287 8798 1443 1379 210 0 0 86 12 0 22 0 76 0 0 0 10
288 8789 1448 1383 208 0 0 87 12 0 22 0 77 0 0 0 10
289 8778 1454 1387 205 0 0 89 12 0 22 0 79 0 0 0 10
290 8766 1459 1392 205 0 0 90 12 0 23 0 79 0 0 0 10
291 8757 1465 1397 197 0 0 92 13 0 24 0 81 0 0 0 10
292 8749 1468 1398 197 0 0 94 13 0 24 0 83 0 0 0 10
293 8738 1471 1400 201 0 0 95 13 0 24 0 84 0 0 0 10
294 8725 1477 1404 201 0 0 97 12 0 24 0 85 0 0 0 11
295 8710 1483 1410 202 0 0 97 13 0 24 0 86 0 0 0 11
296 8696 1489 1416 202 0 0 98 13 0 25 0 86 0 0 0 11
297 8687 1494 1419 201 0 0 100 12 0 25 0 87 0 0 0 11
298 8696 1490 1414 199 0 0 101 12 0 25 0 88 0 0 0 11
299 8700 1487 1411 201 0 0 101 12 0 25 0 88 0 0 0 11
300 8692 1491 1415 200 0 0 101 12 0 25 0 88 0 0 0 12
301 8677 1496 1420 203 0 0 102 12 0 26 0 88 0 0 0 12
302 8673 1496 1421 204 0 0 102 13 0 27 0 88 0 0 0 12
303 8677 1493 1418 206 0 0 102 13 0 27 0 88 0 0 0 12
304 8664 1498 1421 205 0 0 105 13 0 28 0 90 0 0 0 12
305 8683 1489 1411 205 0 0 105 13 0 27 0 91 0 0 0 12
306 8681 1489 1411 207 0 0 105 13 0 27 0 91 0 0 0 12
307 8683 1487 1409 209 0 0 105 13 0 27 0 91 0 0 0 12
308 8684 1487 1411 206 0 0 105 13 0 29 0 89 0 0 0 12
309 8675 1491 1414 206 0 0 106 13 0 29 0 90 0 0 0 12
310 8677 1490 1413 206 0 0 106 13 0 29 0 90 0 0 0 12
311 8661 1495 1417 210 0 0 107 13 0 29 0 91 0 0 0 13
312 8651 1501 1423 208 0 0 107 13 0 29 0 91 0 0 0 13
313 8647 1503 1425 205 0 0 109 12 0 31 0 90 0 0 0 14
314 8630 1510 1433 207 0 0 109 12 0 32 0 89 0 0 0 14
315 8630 1510 1432 206 0 0 111 11 0 33 0 89 0 0 0 14
316 8635 1509 1430 200 0 0 112 12 0 33 0 91 0 0 0 14
317 8624 1514 1434 198 0 0 114 12 0 34 0 92 0 0 0 14
318 8628 1513 1430 195 0 0 117 11 0 34 0 94 0 0 0 14
319 8613 1519 1436 198 0 0 117 11 0 34 0 94 0 0 0 14
320 8604 1523 1439 196 0 0 120 10 0 36 0 94 0 0 0 14
321 8613 1518 1434 195 0 0 121 10 0 37 0 94 0 0 0 14
322 8604 1520 1436 200 0 0 121 10 0 37 0 94 0 0 0 14
323 8597 1522 1438 202 0 0 121 10 0 37 0 94 0 0 0 15
324 8606 1518 1432 200 0 0 123 9 0 37 0 95 0 0 0 16
325 8593 1524 1438 201 0 0 123 9 0 37 0 95 0 0 0 16
326 8598 1519 1433 206 0 0 123 9 0 37 0 95 0 0 0 16
327 8598 1517 1434 205 0 0 124 9 0 41 0 92 0 0 0 16
328 8596 1516 1431 209 0 0 126 8 0 41 0 93 0 0 0 16
329 8590 1520 1435 207 0 0 126 8 0 41 0 93 0 0 0 16
330 8591 1520 1435 206 0 0 126 8 0 41 0 93 0 0 0 16
331 8594 1520 1435 203 0 0 126 8 0 41 0 93 0 0 0 16
332 8589 1523 1438 202 0 0 126 8 0 41 0 93 0 0 0 16
333 8592 1522 1437 199 0 0 127 8 0 42 0 93 0 0 0 16
334 8590 1523 1438 197 0 0 127 9 0 42 0 94 0 0 0 16
335 8580 1529 1443 192 0 0 128 10 0 42 0 96 0 0 0 16
336 8569 1532 1446 197 0 0 128 10 0 42 0 96 0 0 0 16
337 8556 1537 1450 197 0 0 129 11 0 42 0 98 0 0 0 16
338 8539 1543 1455 201 0 0 130 11 0 42 0 99 0 0 0 16
339 8531 1546 1457 200 0 0 131 12 0 42 0 101 0 0 0 16
340 8519 1549 1462 202 0 0 131 13 0 44 0 100 0 0 0 16
341 8505 1555 1467 203 0 0 132 13 0 44 0 101 0 0 0 16
342 8511 1553 1465 199 0 0 133 13 0 45 0 101 0 0 0 16
343 8500 1553 1462 206 0 0 136 13 0 45 0 104 0 0 0 17
344 8486 1558 1465 206 0 0 138 14 0 45 0 107 0 0 0 17
345 8467 1566 1471 207 0 0 140 14 0 45 0 109 0 0 0 17
346 8457 1569 1476 209 0 0 140 14 0 47 0 107 0 0 0 17
347 8433 1579 1486 213 0 0 140 14 0 47 0 107 0 0 0 17
348 8422 1582 1489 218 0 0 140 14 0 47 0 107 0 0 0 17
349 8428 1580 1487 216 0 0 140 14 0 47 0 107 0 0 0 17
350 8422 1581 1490 214 0 0 140 16 0 49 0 107 0 0 0 17
351 8408 1584 1493 214 0 0 142 18 0 51 0 109 0 0 0 17
352 8390 1590 1499 220 0 0 142 18 0 51 0 109 0 0 0 17
353 8380 1592 1502 223 0 0 142 19 0 52 0 109 0 0 0 17
354 8367 1597 1508 221 0 0 143 20 0 54 0 109 0 0 0 17
355 8339 1610 1520 222 0 0 144 20 0 54 0 110 0 0 0 17
356 8333 1612 1522 221 0 0 144 21 0 54 0 111 0 0 0 18
357 8318 1618 1524 220 0 0 148 21 0 54 0 115 0 0 0 18
358 8309 1620 1522 222 0 0 152 20 0 54 0 118 0 0 0 19
359 8298 1621 1525 223 0 0 153 22 0 57 0 118 0 0 0 19
360 8277 1630 1533 226 0 0 154 21 0 57 0 118 0 0 0 20
361 8264 1636 1537 225 0 0 156 21 0 57 0 120 0 0 0 20
362 8250 1643 1543 224 0 0 157 21 0 57 0 121 0 0 0 20
363 8248 1641 1543 226 0 0 158 21 0 60 0 119 0 0 0 20
364 8247 1642 1543 226 0 0 159 20 0 60 0 119 0 0 0 20
365 8242 1643 1544 229 0 0 160 19 0 61 0 118 0 0 0 20
366 8236 1643 1547 232 0 0 160 19 0 64 0 115 0 0 0 20
367 8220 1649 1552 235 0 0 161 19 0 64 0 116 0 0 0 20
368 8211 1653 1556 236 0 0 161 19 0 64 0 116 0 0 0 20
369 8193 1660 1563 236 0 0 161 20 0 64 0 117 0 0 0 22
370 8181 1663 1566 241 0 0 162 19 0 65 0 116 0 0 0 23
371 8168 1669 1572 238 0 0 162 20 0 65 0 117 0 0 0 25
372 8158 1674 1577 238 0 0 162 20 0 65 0 117 0 0 0 25
373 8148 1679 1581 237 0 0 163 20 0 65 0 118 0 0 0 25
374 8138 1681 1580 238 0 0 166 21 0 65 0 122 0 0 0 25
375 8118 1690 1587 238 0 0 168 21 0 65 0 124 0 0 0 25
376 8114 1690 1587 240 0 0 169 21 0 66 0 124 0 0 0 25
377 8123 1686 1582 236 0 0 171 21 0 67 0 125 0 0 0 25
378 8110 1692 1587 234 0 0 172 22 0 67 0 127 0 0 0 25
379 8112 1690 1583 233 0 0 174 22 0 67 0 129 0 0 0 26
380 8104 1692 1586 236 0 0 174 22 0 68 0 128 0 0 0 26
381 8106 1691 1586 232 0 0 175 22 0 70 0 127 0 0 0 27
382 8101 1690 1587 235 0 0 174 24 0 71 0 127 0 0 0 27
383 8093 1692 1586 235 0 0 178 23 0 72 0 129 0 0 0 28
384 8096 1689 1582 237 0 0 180 22 0 73 0 129 0 0 0 28
385 8096 1687 1582 239 0 0 179 23 0 74 0 128 0 0 0 28
386 8089 1689 1583 241 0 0 181 22 0 75 0 128 0 0 0 28
387 8090 1684 1578 250 0 0 181 22 0 75 0 128 0 0 0 28
388 8073 1689 1584 256 0 0 181 22 0 76 0 127 0 0 0 28
389 8076 1687 1581 256 0 0 182 22 0 76 0 128 0 0 0 28
390 8080 1684 1578 254 0 0 183 23 0 77 0 129 0 0 0 28
391 8087 1678 1571 258 0 0 184 23 0 77 0 130 0 0 0 28
392 8086 1678 1571 258 0 0 184 23 0 77 0 130 0 0 0 29
393 8090 1674 1569 260 0 0 183 24 0 78 0 129 0 0 0 29
394 8064 1685 1580 262 0 0 183 25 0 78 0 130 0 0 0 29
395 8051 1690 1585 265 0 0 183 25 0 78 0 130 0 0 0 29
396 8054 1687 1582 267 0 0 184 24 0 79 0 129 0 0 0 30
397 8054 1687 1582 267 0 0 184 24 0 79 0 129 0 0 0 30
398 8050 1689 1583 265 0 0 185 24 0 79 0 130 0 0 0 31
399 8050 1690 1584 260 0 0 185 24 0 79 0 130 0 0 0 34
400 8061 1683 1577 259 0 0 187 24 0 81 0 130 0 0 0 34
401 8074 1675 1569 256 0 0 189 25 0 83 0 131 0 0 0 34
402 8070 1677 1570 255 0 0 190 25 0 83 0 132 0 0 0 34
403 8068 1678 1568 254 0 0 192 25 0 82 0 135 0 0 0 34
404 8072 1678 1568 248 0 0 193 24 0 83 0 134 0 0 0 36
405 8064 1681 1570 251 0 0 194 23 0 83 0 134 0 0 0 36
406 8066 1681 1568 247 0 0 196 23 0 83 0 136 0 0 0 36
407 8063 1682 1568 245 0 0 199 22 0 85 0 136 0 0 0 36
408 8065 1684 1570 239 0 0 199 22 0 85 0 136 0 0 0 36
409 8060 1684 1571 243 0 0 198 23 0 85 0 136 0 0 0 36
410 8049 1689 1577 243 0 0 198 23 0 86 0 135 0 0 0 36
411 8057 1685 1574 242 0 0 198 23 0 87 0 134 0 0 0 36
412 8058 1681 1569 248 0 0 199 23 0 87 0 135 0 0 0 36
413 8049 1685 1570 246 0 0 202 23 0 87 0 138 0 0 0 36
414 8064 1676 1562 248 0 0 201 24 0 87 0 138 0 0 0 36
415 8066 1675 1561 246 0 0 202 24 0 88 0 138 0 0 0 36
416 8083 1669 1555 241 0 0 203 23 0 89 0 137 0 0 0 36
417 8093 1663 1548 241 0 0 204 23 0 89 0 138 0 0 0 37
418 8090 1664 1550 240 0 0 204 23 0 90 0 137 0 0 0 38
419 8111 1653 1539 239 0 0 205 23 0 91 0 137 0 0 0 38
420 8113 1651 1538 238 0 0 205 24 0 92 0 137 0 0 0 38
421 8117 1648 1536 239 0 0 205 24 0 93 0 136 0 0 0 38
422 8127 1642 1530 239 0 0 205 25 0 93 0 137 0 0 0 38
423 8111 1649 1537 240 0 0 205 25 0 93 0 137 0 0 0 39
424 8108 1647 1535 244 0 0 206 25 0 94 0 137 0 0 0 40
425 8115 1645 1533 241 0 0 206 25 0 94 0 137 0 0 0 40
426 8103 1650 1537 242 0 0 207 25 0 94 0 138 0 0 0 40
427 8107 1649 1536 240 0 0 207 25 0 94 0 138 0 0 0 40
428 8101 1649 1535 245 0 0 208 25 0 94 0 139 0 0 0 40
429 8115 1640 1525 248 0 0 209 25 0 94 0 140 0 0 0 40
430 8115 1640 1523 246 0 0 211 25 0 94 0 142 0 0 0 40
431 8117 1638 1523 246 0 0 211 25 0 96 0 140 0 0 0 40
432 8104 1643 1527 248 0 0 212 25 0 96 0 141 0 0 0 40
433 8100 1644 1528 250 0 0 211 26 0 95 0 142 0 0 0 40
434 8104 1641 1525 251 0 0 212 25 0 96 0 141 0 0 0 41
435 8096 1643 1528 250 0 0 213 26 0 98 0 141 0 0 0 41
436 8086 1647 1531 253 0 0 214 25 0 98 0 141 0 0 0 41
437 8095 1641 1524 255 0 0 215 25 0 98 0 142 0 0 0 41
438 8081 1644 1527 261 0 0 216 24 0 99 0 141 0 0 0 43
439 8075 1647 1531 260 0 0 216 24 0 100 0 140 0 0 0 43
440 8072 1647 1531 259 0 0 218 24 0 102 0 140 0 0 0 43
441 8052 1656 1540 257 0 0 218 25 0 102 0 141 0 0 0 45
442 8050 1652 1536 262 0 0 221 24 0 105 0 140 0 0 0 46
443 8048 1652 1536 264 0 0 221 24 0 105 0 140 0 0 0 46
444 8030 1660 1543 265 0 0 222 23 0 105 0 140 0 0 0 48
445 8015 1668 1552 263 1 0 221 23 1 105 0 139 0 0 0 48
446 8003 1670 1552 267 1 0 223 24 1 105 0 142 0 0 0 48
447 8004 1672 1556 258 1 0 223 25 1 107 0 141 0 0 0 48
448 7994 1675 1559 260 1 0 224 25 1 108 0 141 0 0 0 48
449 7993 1678 1563 254 1 0 224 25 1 109 0 140 0 0 0 48
450 7987 1682 1567 252 1 0 224 25 1 109 0 140 0 0 0 48
451 7968 1689 1574 257 1 0 223 26 1 108 0 141 0 0 0 48
452 7962 1691 1573 261 1 0 225 24 1 107 0 142 0 0 0 49
453 7938 1702 1582 261 1 0 227 24 1 107 0 144 0 0 0 49
454 7923 1707 1586 265 1 0 228 24 1 107 0 145 0 0 0 49
455 7905 1713 1591 270 1 0 229 24 1 107 0 146 0 0 0 49
456 7892 1718 1595 272 1 0 230 24 1 107 0 147 0 0 0 49
457 7886 1721 1600 267 1 0 231 24 1 110 0 145 0 0 0 50
458 7877 1726 1603 264 1 0 234 23 1 111 0 146 0 0 0 50
459 7864 1731 1606 265 1 0 236 23 1 111 0 148 0 0 0 50
460 7852 1735 1608 267 1 0 238 23 1 111 0 150 0 0 0 50
461 7839 1743 1616 261 1 0 239 23 1 112 0 150 0 0 0 51
462 7807 1757 1627 264 1 0 241 23 1 111 0 153 0 0 0 51
463 7802 1757 1625 267 1 0 244 21 1 112 0 153 0 0 0 53
464 7793 1760 1628 266 1 0 246 21 1 114 0 153 0 0 0 53
465 7784 1763 1632 268 1 0 246 21 1 115 0 152 0 0 0 53
466 7774 1766 1635 270 1 0 247 21 1 116 0 152 0 0 0 53
467 7753 1778 1647 267 1 0 247 21 1 116 0 152 0 0 0 53
468 7752 1776 1647 270 1 0 247 21 1 118 0 150 0 0 0 53
469 7723 1788 1657 275 1 0 248 21 1 117 0 152 0 0 0 53
470 7723 1786 1656 278 1 0 248 21 1 118 0 151 0 0 0 53
471 7719 1784 1654 284 1 0 248 22 1 118 0 152 0 0 0 53
472 7704 1791 1661 285 1 0 248 22 1 118 0 152 0 0 0 53
473 7696 1792 1660 288 1 0 251 21 1 119 0 153 0 0 0 54
474 7691 1793 1662 289 1 0 250 22 1 119 0 153 0 0 0 55
475 7682 1796 1664 289 1 0 251 23 1 119 0 155 0 0 0 55
476 7679 1796 1665 288 1 0 251 24 1 120 0 155 0 0 0 56
477 7672 1796 1663 293 1 0 253 24 1 120 0 157 0 0 0 56
478 7667 1794 1662 296 1 0 254 25 1 122 0 157 0 0 0 57
479 7656 1798 1663 294 1 0 257 26 1 122 0 161 0 0 0 57
480 7646 1803 1668 292 1 0 257 27 1 122 0 162 0 0 0 57
481 7638 1807 1672 292 1 0 258 26 1 123 0 161 0 0 0 57
482 7637 1806 1671 291 1 0 258 28 1 123 0 163 0 0 0 57
483 7631 1808 1674 285 1 0 259 30 1 125 0 164 0 0 0 58
484 7643 1801 1665 283 1 0 262 30 1 126 0 166 0 0 0 58
485 7652 1795 1658 285 1 0 263 30 1 126 0 167 0 0 0 58
486 7657 1794 1657 282 1 0 263 30 1 126 0 167 0 0 0 58
487 7646 1799 1662 281 1 0 263 31 1 126 0 168 0 0 0 58
488 7640 1798 1662 288 1 0 262 32 1 126 0 168 0 0 0 58
489 7630 1801 1662 290 1 0 265 31 1 126 0 170 0 0 0 59
490 7632 1802 1662 287 1 0 266 30 1 126 0 170 0 0 0 59
491 7626 1803 1662 287 1 0 267 31 1 126 0 172 0 0 0 60
492 7605 1811 1670 291 1 0 267 31 1 126 0 172 0 0 0 61
493 7592 1813 1669 294 1 0 271 31 1 127 0 175 0 0 0 62
494 7589 1813 1670 296 1 0 270 32 1 127 0 175 0 0 0 62
495 7579 1817 1673 295 1 0 271 33 1 127 0 177 0 0 0 62
496 7575 1818 1674 297 1 0 271 33 1 127 0 177 0 0 0 62
497 7564 1820 1676 298 1 0 272 35 1 128 0 179 0 0 0 62
498 7565 1819 1675 293 1 0 273 36 1 129 0 180 0 0 0 64
499 7570 1817 1673 292 1 0 273 36 1 129 0 180 0 0 0 64
500 7570 1816 1672 290 1 0 275 36 1 131 0 180 0 0 0 64
501 7581 1811 1667 288 1 0 275 36 1 131 0 180 0 0 0 65
502 7569 1819 1675 282 1 0 275 37 1 131 0 181 0 0 0 65
503 7562 1820 1674 285 1 0 277 37 1 131 0 183 0 0 0 65
504 7556 1822 1676 285 1 0 277 38 1 131 0 184 0 0 0 65
505 7553 1822 1675 287 1 0 279 37 1 132 0 184 0 0 0 65
506 7563 1816 1667 288 1 0 281 36 1 132 0 185 0 0 0 66
507 7569 1812 1661 288 1 0 283 36 1 132 0 187 0 0 0 66
508 7577 1807 1657 288 1 0 283 36 1 133 0 186 0 0 0 67
509 7587 1801 1651 290 1 0 283 36 1 133 0 186 0 0 0 67
510 7587 1801 1649 288 1 0 285 36 1 133 0 188 0 0 0 67
511 7578 1805 1656 286 1 0 284 37 1 135 0 186 0 0 0 67
512 7586 1796 1650 292 1 0 284 37 1 138 0 183 0 0 0 68
513 7594 1791 1646 291 1 0 283 39 1 138 0 184 0 0 0 68
514 7586 1794 1649 291 1 0 283 40 1 138 0 185 0 0 0 68
515 7581 1795 1650 290 1 0 283 42 1 138 0 187 0 0 0 68
516 7577 1793 1648 296 1 0 284 42 1 139 0 187 0 0 0 68
517 7564 1798 1653 297 1 0 285 42 1 140 0 187 0 0 0 68
518 7564 1798 1651 294 1 0 288 41 1 141 0 188 0 0 0 69
519 7572 1796 1648 289 1 0 289 41 1 141 0 189 0 0 0 69
520 7571 1794 1650 288 1 0 289 42 1 145 0 186 0 0 0 69
521 7578 1792 1649 284 1 0 290 41 1 147 0 184 0 0 0 69
522 7571 1794 1650 287 1 0 291 40 1 147 0 184 0 0 0 70
523 7562 1797 1652 285 1 0 293 41 1 148 0 186 0 0 0 70
524 7575 1790 1645 284 1 0 294 41 1 149 0 186 0 0 0 70
525 7574 1788 1644 286 1 0 293 43 1 149 0 187 0 0 0 70
526 7582 1784 1642 282 1 0 292 45 1 150 0 187 0 0 0 70
527 7586 1781 1639 284 1 0 292 45 1 150 0 187 0 0 0 70
528 7585 1781 1640 284 1 0 292 45 1 151 0 186 0 0 0 70
529 7594 1775 1633 286 1 0 293 45 1 151 0 187 0 0 0 70
530 7605 1772 1630 281 1 0 293 45 1 151 0 187 0 0 0 70
531 7594 1779 1633 279 1 0 295 44 1 149 0 190 0 0 0 71
532 7603 1773 1629 280 1 0 296 43 1 152 0 187 0 0 0 71
533 7603 1774 1630 278 1 0 296 43 1 152 0 187 0 0 0 71
534 7612 1769 1625 277 1 0 296 44 1 152 0 188 0 0 0 71
535 7617 1765 1621 274 1 0 297 46 1 153 0 190 0 0 0 71
536 7611 1770 1627 269 1 0 297 46 1 154 0 189 0 0 0 71
537 7608 1771 1629 269 1 0 297 46 1 155 0 188 0 0 0 71
538 7608 1766 1626 276 1 0 298 45 1 158 0 185 0 0 0 72
539 7593 1773 1632 274 1 0 300 45 1 159 0 186 0 0 0 72
540 7589 1774 1632 275 1 0 301 45 1 159 0 187 0 0 0 72
541 7608 1766 1623 271 1 0 302 45 1 159 0 188 0 0 0 72
542 7604 1768 1626 270 1 0 302 44 1 160 0 186 0 0 0 74
543 7599 1770 1628 271 1 0 302 44 1 160 0 186 0 0 0 74
544 7600 1770 1628 265 1 0 303 45 1 161 0 187 0 0 0 75
545 7600 1768 1627 268 1 0 302 46 1 161 0 187 0 0 0 75
546 7605 1766 1625 267 1 0 303 45 1 162 0 186 0 0 0 75
547 7612 1760 1618 269 1 0 304 46 1 162 0 188 0 0 0 75
548 7614 1760 1618 267 1 0 305 45 1 163 0 187 0 0 0 75
549 7603 1763 1621 272 1 0 305 45 1 163 0 187 0 0 0 75
550 7601 1764 1621 272 1 0 306 44 1 163 0 187 0 0 0 76
551 7614 1757 1612 271 1 0 308 44 1 163 0 189 0 0 0 76
552 7631 1749 1602 266 1 0 311 44 1 164 0 191 0 0 0 76
553 7636 1744 1598 268 1 0 311 45 1 165 0 191 0 0 0 76
554 7633 1744 1597 272 1 0 311 45 1 164 0 192 0 0 0 76
555 7628 1747 1600 269 1 0 310 47 1 163 0 194 0 0 0 76
556 7638 1743 1594 267 1 0 311 47 1 162 0 196 0 0 0 76
557 7647 1739 1592 264 1 0 311 47 1 164 0 194 0 0 0 76
558 7634 1745 1598 264 1 0 312 46 1 165 0 193 0 0 0 77
559 7636 1742 1598 265 1 0 312 46 1 168 0 190 0 0 0 77
560 7654 1733 1590 264 1 0 312 46 1 169 0 189 0 0 0 77
561 7646 1736 1593 264 1 0 312 47 1 169 0 190 0 0 0 77
562 7660 1728 1584 267 1 0 312 46 1 168 0 190 0 0 0 79
563 7668 1724 1575 264 1 0 317 45 1 168 0 194 0 0 0 79
564 7659 1728 1579 263 1 0 318 45 1 169 0 194 0 0 0 79
565 7664 1722 1577 266 1 0 318 45 1 173 0 190 0 0 0 79
566 7668 1717 1575 269 1 0 318 45 1 176 0 187 0 0 0 79
567 7671 1717 1573 266 1 0 320 44 1 176 0 188 0 0 0 79
568 7670 1716 1574 267 1 0 319 45 1 177 0 187 0 0 0 79
569 7677 1711 1569 270 1 0 319 45 1 177 0 187 0 0 0 79
570 7679 1710 1569 269 1 0 319 45 1 178 0 186 0 0 0 79
571 7685 1708 1568 263 1 0 320 45 1 180 0 185 0 0 0 80
572 7685 1707 1567 265 1 0 320 45 1 180 0 185 0 0 0 80
573 7691 1704 1565 262 1 0 321 45 1 182 0 184 0 0 0 80
574 7690 1704 1565 263 1 0 321 45 1 182 0 184 0 0 0 80
575 7689 1701 1564 268 1 0 320 46 1 183 0 183 0 0 0 80
576 7683 1703 1567 267 1 0 321 46 1 185 0 182 0 0 0 80
577 7684 1701 1567 268 1 0 320 47 1 186 0 181 0 0 0 80
578 7696 1694 1560 270 1 0 321 46 1 187 0 180 0 0 0 80
579 7710 1688 1554 265 1 0 323 45 1 189 0 179 0 0 0 81
580 7716 1685 1552 264 1 0 323 45 1 190 0 178 0 0 0 81
581 7715 1685 1554 263 1 0 323 45 1 192 0 176 0 0 0 81
582 7715 1686 1555 261 1 0 323 45 1 192 0 176 0 0 0 81
583 7703 1693 1561 260 1 0 322 46 1 190 0 178 0 0 0 81
584 7710 1691 1558 256 1 0 323 46 1 190 0 179 0 0 0 81
585 7714 1689 1556 254 1 0 324 46 1 191 0 179 0 0 0 81
586 7722 1686 1554 251 1 0 325 45 1 193 0 177 0 0 0 81
587 7720 1684 1552 253 1 0 327 45 1 195 0 177 0 0 0 81
588 7718 1683 1551 255 1 0 328 45 1 196 0 177 0 0 0 81
589 7728 1677 1547 255 1 0 328 45 1 198 0 175 0 0 0 81
590 7743 1671 1542 251 1 0 328 45 1 199 0 174 0 0 0 81
591 7735 1674 1546 251 1 0 329 44 1 201 0 172 0 0 0 82
592 7727 1676 1550 253 1 0 328 45 1 202 0 171 0 0 0 82
593 7742 1668 1542 254 1 0 328 45 1 202 0 171 0 0 0 82
594 7747 1664 1541 254 1 0 328 45 1 205 0 168 0 0 0 82
595 7745 1664 1541 255 1 0 330 43 1 207 0 166 0 0 0 83
596 7738 1666 1542 257 1 0 330 44 1 206 0 168 0 0 0 83
597 7737 1665 1541 260 1 0 331 43 1 207 0 167 0 0 0 83
598 7743 1662 1540 258 1 0 331 43 1 209 0 165 0 0 0 83
599 7753 1655 1531 260 1 0 334 42 1 210 0 166 0 0 0 83
600 7755 1654 1529 260 1 0 334 42 1 209 0 167 0 0 0 84
601 7759 1651 1526 259 1 0 334 43 1 209 0 168 0 0 0 85
602 7778 1642 1517 256 1 0 335 43 1 210 0 168 0 0 0 85
603 7767 1644 1520 262 1 0 335 43 1 211 0 167 0 0 0 85
604 7767 1644 1519 262 1 0 337 41 1 212 0 166 0 0 0 86
605 7752 1650 1524 263 1 0 338 41 1 212 0 167 0 0 0 87
606 7765 1645 1519 260 1 0 339 40 1 213 0 166 0 0 0 87
607 7771 1644 1516 258 1 0 340 39 1 212 0 167 0 0 0 87
608 7776 1642 1515 255 1 0 341 38 1 214 0 165 0 0 0 88
609 7780 1641 1514 253 1 0 341 38 1 214 0 165 0 0 0 88
610 7791 1633 1507 257 1 0 342 37 1 216 0 163 0 0 0 88
611 7797 1628 1503 260 1 0 342 37 1 217 0 162 0 0 0 88
612 7805 1622 1497 264 1 0 343 36 1 218 0 161 0 0 0 88
613 7817 1616 1490 263 1 0 344 36 1 218 0 162 0 0 0 88
614 7810 1622 1496 256 1 0 345 36 1 219 0 162 0 0 0 88
615 7812 1622 1496 254 1 0 345 36 1 219 0 162 0 0 0 88
616 7807 1621 1497 257 1 0 344 38 1 220 0 162 0 0 0 88
617 7808 1623 1499 252 1 0 344 38 1 220 0 162 0 0 0 88
618 7818 1619 1492 249 1 0 347 37 1 220 0 164 0 0 0 88
619 7807 1624 1498 248 1 0 347 37 1 221 0 163 0 0 0 89
620 7802 1623 1498 254 1 0 347 37 1 222 0 162 0 0 0 89
621 7804 1620 1497 256 1 0 347 37 1 224 0 160 0 0 0 89
622 7807 1618 1496 254 1 0 348 37 1 226 0 159 0 0 0 89
623 7806 1620 1498 249 1 0 349 37 1 227 0 159 0 0 0 89
624 7818 1612 1490 249 1 0 351 37 1 229 0 159 0 0 0 89
625 7822 1610 1488 249 1 0 352 36 1 230 0 158 0 0 0 89
626 7825 1607 1487 250 1 0 352 36 1 232 0 156 0 0 0 89
627 7840 1597 1480 252 1 0 352 36 1 235 0 153 0 0 0 89
628 7845 1594 1476 253 1 0 354 34 1 236 0 152 0 0 0 90
629 7836 1596 1478 258 1 0 354 34 1 236 0 152 0 0 0 90
630 7840 1594 1477 255 1 0 354 35 1 237 0 152 0 0 0 90
631 7852 1587 1470 255 1 0 356 34 1 239 0 151 0 0 0 90
632 7864 1580 1466 254 1 0 357 33 1 243 0 147 0 0 0 90
633 7862 1581 1468 253 1 0 356 34 1 243 0 147 0 0 0 90
634 7867 1579 1465 251 1 0 357 34 1 243 0 148 0 0 0 90
635 7863 1581 1467 251 1 0 357 34 1 243 0 148 0 0 0 90
636 7863 1579 1468 252 1 0 356 35 1 245 0 146 0 0 0 90
637 7852 1584 1474 252 1 0 355 36 1 245 0 146 0 0 0 90
638 7856 1583 1473 250 1 0 356 35 1 246 0 145 0 0 0 90
639 7879 1572 1463 248 1 0 356 35 1 247 0 144 0 0 0 90
640 7878 1573 1463 248 1 0 356 35 1 246 0 145 0 0 0 90
641 7894 1565 1457 246 1 0 356 35 1 248 0 143 0 0 0 90
642 7888 1567 1457 247 1 0 358 34 1 248 0 144 0 0 0 91
643 7901 1560 1451 247 1 0 358 34 1 249 0 143 0 0 0 91
644 7923 1550 1442 244 1 0 358 34 1 250 0 142 0 0 0 91
645 7921 1550 1442 246 1 0 358 34 1 250 0 142 0 0 0 91
646 7920 1552 1445 242 1 0 358 34 1 251 0 141 0 0 0 91
647 7918 1553 1446 242 1 0 358 34 1 251 0 141 0 0 0 91
648 7923 1549 1443 244 1 0 358 34 1 252 0 140 0 0 0 91
649 7922 1548 1442 247 1 0 357 35 1 251 0 141 0 0 0 91
650 7931 1543 1437 248 1 0 358 34 1 252 0 140 0 0 0 91
651 7925 1546 1441 245 1 0 358 35 1 253 0 140 0 0 0 91
652 7925 1544 1440 248 1 0 357 36 1 253 0 140 0 0 0 91
653 7924 1545 1442 246 1 0 357 36 1 254 0 139 0 0 0 91
654 7944 1535 1431 246 1 0 358 35 1 254 0 139 0 0 0 92
655 7951 1532 1428 245 1 0 358 35 1 254 0 139 0 0 0 92
656 7950 1529 1429 248 1 0 356 37 1 256 0 137 0 0 0 92
657 7966 1521 1422 247 1 0 356 37 1 257 0 136 0 0 0 92
658 7968 1520 1420 248 1 0 357 36 1 257 0 136 0 0 0 92
659 7972 1517 1419 248 1 0 357 36 1 259 0 134 0 0 0 92
660 7967 1518 1421 250 1 0 357 36 1 260 0 133 0 0 0 92
661 7977 1511 1417 251 1 0 356 37 1 262 0 131 0 0 0 92
662 7980 1508 1416 251 1 0 355 38 1 263 0 130 0 0 0 93
663 7980 1508 1417 250 0 0 355 39 0 264 0 130 0 0 0 93
664 7991 1500 1412 252 0 0 354 40 0 266 0 128 0 0 0 93
665 8002 1494 1409 250 0 0 353 41 0 268 0 126 0 0 0 93
666 8014 1487 1404 250 0 0 352 42 0 269 0 125 0 0 0 93
667 8020 1483 1400 252 0 0 352 42 0 269 0 125 0 0 0 93
668 8022 1485 1401 247 0 0 354 40 0 270 0 124 0 0 0 93
669 8024 1485 1401 245 0 0 354 40 0 270 0 124 0 0 0 93
670 8024 1485 1402 244 0 0 354 40 0 271 0 123 0 0 0 93
671 8032 1478 1394 249 0 0 355 40 0 271 0 124 0 0 0 93
672 8042 1473 1391 247 0 0 355 40 0 273 0 122 0 0 0 93
673 8048 1472 1392 241 0 0 355 40 0 275 0 120 0 0 0 93
674 8056 1467 1388 242 0 0 354 41 0 275 0 120 0 0 0 93
675 8053 1468 1388 244 0 0 354 41 0 274 0 121 0 0 0 93
676 8059 1465 1386 243 0 0 355 40 0 276 0 119 0 0 0 93
677 8058 1466 1386 241 0 0 357 39 0 277 0 119 0 0 0 93
678 8054 1467 1387 243 0 0 357 39 0 277 0 119 0 0 0 93
679 8059 1466 1385 241 0 0 358 38 0 277 0 119 0 0 0 93
680 8059 1466 1386 240 0 0 358 38 0 278 0 118 0 0 0 93
681 8083 1453 1375 240 0 0 358 38 0 280 0 116 0 0 0 93
682 8080 1454 1376 241 0 0 358 38 0 280 0 116 0 0 0 93
683 8091 1449 1374 237 0 0 357 39 0 282 0 114 0 0 0 93
684 8087 1451 1375 237 0 0 358 38 0 282 0 114 0 0 0 94
685 8091 1450 1374 235 0 0 357 39 0 281 0 115 0 0 0 94
686 8103 1445 1368 234 0 0 358 38 0 281 0 115 0 0 0 94
687 8121 1435 1360 232 0 0 357 40 0 282 0 115 0 0 0 94
688 8120 1436 1361 231 0 0 357 40 0 282 0 115 0 0 0 94
689 8123 1433 1359 233 0 0 357 40 0 283 0 114 0 0 0 94
690 8127 1430 1356 233 0 0 357 41 0 283 0 115 0 0 0 94
691 8131 1429 1355 231 0 0 357 41 0 283 0 115 0 0 0 94
692 8126 1430 1359 231 0 0 356 42 0 285 0 113 0 0 0 94
693 8141 1423 1354 227 0 0 357 41 0 288 0 110 0 0 0 95
694 8151 1417 1348 229 0 0 358 40 0 289 0 109 0 0 0 95
695 8136 1424 1355 228 0 0 358 41 0 289 0 110 0 0 0 95
696 8142 1420 1353 228 0 0 356 43 0 289 0 110 0 0 0 95
697 8155 1412 1346 230 0 0 355 44 0 289 0 110 0 0 0 95
698 8161 1408 1342 231 0 0 355 44 0 289 0 110 0 0 0 96
699 8163 1408 1342 229 0 0 355 44 0 289 0 110 0 0 0 96
700 8161 1409 1342 228 0 0 356 44 0 289 0 111 0 0 0 96
701 8164 1408 1340 228 0 0 356 44 0 288 0 112 0 0 0 96
702 8168 1407 1338 223 0 0 357 45 0 288 0 114 0 0 0 96
703 8183 1399 1331 222 0 0 357 45 0 289 0 113 0 0 0 97
704 8176 1403 1335 221 0 0 357 45 0 289 0 113 0 0 0 97
705 8188 1396 1329 220 0 0 358 45 0 291 0 112 0 0 0 97
706 8201 1390 1321 219 0 0 359 45 0 290 0 114 0 0 0 97
707 8210 1386 1317 218 0 0 360 44 0 291 0 113 0 0 0 97
708 8207 1387 1318 219 0 0 360 44 0 291 0 113 0 0 0 97
709 8221 1379 1310 221 0 0 360 44 0 291 0 113 0 0 0 97
710 8238 1371 1301 221 0 0 361 43 0 291 0 113 0 0 0 97
711 8243 1366 1297 223 0 0 362 43 0 293 0 112 0 0 0 97
712 8250 1365 1296 218 0 0 362 43 0 293 0 112 0 0 0 97
713 8258 1361 1292 218 0 0 362 43 0 293 0 112 0 0 0 97
714 8259 1360 1291 217 0 0 363 43 0 294 0 112 0 0 0 97
715 8260 1359 1290 218 0 0 364 42 0 295 0 111 0 0 0 97
716 8267 1355 1287 218 0 0 364 42 0 296 0 110 0 0 0 97
717 8270 1355 1285 217 0 0 365 41 0 295 0 111 0 0 0 97
718 8267 1356 1284 220 0 0 366 40 0 294 0 112 0 0 0 97
719 8270 1354 1282 221 0 0 366 40 0 294 0 112 0 0 0 97
720 8284 1347 1275 217 0 0 367 41 0 295 0 113 0 0 0 97
721 8292 1342 1271 218 0 0 367 41 0 296 0 112 0 0 0 97
722 8292 1344 1272 215 0 0 367 41 0 295 0 113 0 0 0 97
723 8291 1345 1273 214 0 0 367 41 0 295 0 113 0 0 0 97
724 8291 1345 1273 214 0 0 367 41 0 295 0 113 0 0 0 97
725 8291 1344 1274 214 0 0 367 41 0 297 0 111 0 0 0 97
726 8303 1337 1268 214 0 0 367 41 0 298 0 110 0 0 0 98
727 8313 1332 1264 213 0 0 368 40 0 300 0 108 0 0 0 98
728 8322 1327 1260 213 0 0 368 40 0 301 0 107 0 0 0 98
729 8314 1328 1262 218 0 0 367 41 0 301 0 107 0 0 0 98
730 8318 1327 1261 214 0 0 368 41 0 302 0 107 0 0 0 98
731 8332 1323 1256 207 0 0 369 41 0 302 0 108 0 0 0 98
732 8332 1323 1256 207 0 0 369 41 0 302 0 108 0 0 0 98
733 8345 1319 1251 203 0 0 370 40 0 302 0 108 0 0 0 98
734 8342 1320 1253 203 0 0 369 41 0 302 0 108 0 0 0 98
735 8349 1315 1249 205 0 0 369 41 0 303 0 107 0 0 0 98
736 8357 1311 1244 206 0 0 370 40 0 303 0 107 0 0 0 98
737 8363 1309 1241 205 0 0 371 39 0 303 0 107 0 0 0 98
738 8367 1306 1236 207 0 0 372 39 0 302 0 109 0 0 0 98
739 8360 1310 1240 206 0 0 372 39 0 302 0 109 0 0 0 98
740 8364 1308 1238 206 0 0 372 39 0 302 0 109 0 0 0 98
741 8383 1300 1229 204 0 0 373 38 0 302 0 109 0 0 0 98
742 8386 1299 1226 201 0 0 375 38 0 302 0 111 0 0 0 98
743 8396 1294 1221 201 0 0 375 38 0 302 0 111 0 0 0 98
744 8396 1294 1221 201 0 0 374 39 0 301 0 112 0 0 0 98
745 8391 1298 1225 198 0 0 374 39 0 301 0 112 0 0 0 98
746 8391 1297 1224 200 1 0 373 39 0 301 0 112 0 0 1 97
747 8381 1302 1230 199 1 0 373 39 0 302 0 111 0 0 1 97
748 8390 1298 1226 198 1 0 374 38 0 303 0 110 0 0 1 97
749 8393 1297 1224 198 1 0 374 38 0 302 0 111 0 0 1 97
750 8397 1295 1224 196 1 0 373 39 0 303 0 110 0 0 1 97
751 8402 1292 1221 197 1 0 373 39 0 303 0 110 0 0 1 97
752 8400 1294 1223 195 1 0 373 39 0 303 0 110 0 0 1 97
753 8427 1281 1208 194 1 0 375 38 0 303 0 111 0 0 1 97
754 8426 1281 1209 194 1 0 375 38 0 304 0 110 0 0 1 97
755 8430 1280 1208 192 1 0 375 38 0 304 0 110 0 0 1 97
756 8439 1276 1203 192 1 0 375 38 0 303 0 111 0 0 1 97
757 8440 1274 1202 194 1 0 375 38 0 304 0 110 0 0 1 97
758 8453 1268 1196 193 1 0 375 38 0 304 0 110 0 0 1 97
759 8451 1273 1200 186 1 0 376 37 0 304 0 110 0 0 1 97
760 8454 1270 1199 187 1 0 376 37 0 306 0 108 0 0 1 97
761 8459 1267 1195 188 1 0 377 36 0 306 0 108 0 0 1 98
762 8457 1267 1196 189 1 0 376 37 0 306 0 108 0 0 1 98
763 8468 1261 1191 189 1 0 375 38 0 306 0 108 0 0 1 98
764 8469 1263 1190 187 1 0 375 38 0 303 0 111 0 0 1 98
765 8470 1262 1189 188 1 0 376 37 0 304 0 110 0 0 1 98
766 8465 1264 1192 188 1 0 376 37 0 305 0 109 0 0 1 98
767 8473 1261 1188 186 1 0 378 35 0 306 0 108 0 0 1 99
768 8484 1256 1184 184 1 0 378 35 0 307 0 107 0 0 1 99
769 8494 1251 1178 185 1 0 379 34 0 307 0 107 0 0 1 99
770 8490 1252 1179 187 1 0 379 34 0 307 0 107 0 0 1 99
771 8499 1247 1175 187 1 0 379 34 0 308 0 106 0 0 1 99
772 8511 1242 1169 186 1 0 379 34 0 307 0 107 0 0 1 99
773 8505 1244 1171 188 1 0 379 34 0 307 0 107 0 0 1 99
774 8509 1240 1168 191 1 0 379 34 0 308 0 106 0 0 1 99
775 8505 1243 1169 189 1 0 381 33 1 307 0 107 0 1 1 98
776 8517 1237 1163 189 1 0 381 33 1 307 0 107 0 1 1 98
777 8520 1236 1161 189 1 0 382 32 1 307 0 107 0 1 1 98
778 8522 1236 1161 187 1 0 381 33 1 306 0 108 0 1 1 98
779 8531 1231 1157 187 1 0 380 34 1 306 0 108 0 1 1 98
780 8538 1226 1153 189 1 0 380 34 1 307 0 107 0 1 1 98
781 8554 1219 1146 187 1 0 380 34 1 307 0 107 0 1 1 98
782 8550 1221 1150 185 1 0 380 34 1 309 0 105 0 1 1 98
783 8553 1217 1147 189 1 0 380 34 1 310 0 104 0 1 1 98
784 8558 1215 1144 189 1 0 381 33 1 310 0 104 0 1 1 98
785 8549 1219 1149 189 1 0 381 33 1 311 0 103 0 1 1 98
786 8552 1221 1151 182 1 0 381 33 1 311 0 103 0 1 1 98
787 8553 1220 1151 182 1 0 381 32 1 312 0 101 0 1 1 100
788 8552 1219 1149 186 1 0 381 32 1 311 0 102 0 1 1 100
789 8570 1208 1141 187 1 0 380 33 1 313 0 100 0 1 1 100
790 8591 1197 1132 184 1 0 381 33 1 316 0 98 0 1 1 100
791 8591 1196 1131 186 1 0 381 33 1 316 0 98 0 1 1 100
792 8589 1196 1131 188 1 0 381 33 1 316 0 98 0 1 1 100
793 8595 1194 1127 186 1 0 382 33 1 315 0 100 0 1 1 100
794 8592 1194 1128 188 1 0 382 33 1 316 0 99 0 1 1 100
795 8599 1190 1125 188 1 0 382 33 1 317 0 98 0 1 1 100
796 8593 1193 1128 188 1 0 382 33 1 317 0 98 0 1 1 100
797 8608 1188 1124 182 1 0 382 33 1 318 0 97 0 1 1 100
798 8613 1188 1124 177 1 0 383 32 1 319 0 96 0 1 1 100
799 8617 1184 1121 180 1 0 383 32 1 320 0 95 0 1 1 100
800 8618 1182 1118 183 1 0 384 31 1 320 0 95 0 1 1 101
801 8622 1182 1116 181 1 0 385 30 1 319 0 96 0 1 1 101
802 8623 1183 1117 178 1 0 385 30 1 319 0 96 0 1 1 101
803 8627 1183 1115 172 1 0 387 30 1 319 0 98 0 1 1 101
804 8628 1182 1115 172 1 0 387 30 1 320 0 97 0 1 1 101
805 8638 1178 1112 169 1 0 387 30 1 321 0 96 0 1 1 101
806 8649 1174 1109 165 1 0 387 30 1 322 0 95 0 1 1 101
807 8640 1177 1111 165 1 0 389 30 1 323 0 96 0 1 1 101
808 8651 1172 1107 163 1 0 389 30 1 324 0 95 0 1 1 101
809 8658 1169 1104 160 1 0 391 29 1 326 0 94 0 1 1 101
810 8659 1169 1104 159 1 0 391 29 1 326 0 94 0 1 1 101
811 8660 1168 1103 160 1 0 391 29 1 326 0 94 0 1 1 101
812 8672 1163 1097 159 1 0 392 28 1 326 0 94 0 1 1 101
813 8667 1166 1100 158 1 0 392 28 1 326 0 94 0 1 1 101
814 8674 1163 1099 155 1 0 391 29 1 327 0 93 0 1 1 101
815 8678 1162 1100 151 1 0 392 28 1 330 0 90 0 1 1 101
816 8671 1164 1103 153 1 0 392 28 1 331 0 89 0 1 1 101
817 8683 1157 1097 154 1 0 393 27 1 333 0 87 0 1 1 101
818 8688 1154 1095 154 1 0 393 27 1 334 0 86 0 1 1 101
819 8690 1153 1093 155 1 0 393 27 1 333 0 87 0 1 1 101
820 8696 1150 1090 155 1 0 393 27 1 333 0 87 0 1 1 101
821 8703 1147 1087 154 1 0 393 27 1 333 0 87 0 1 1 101
822 8704 1144 1085 158 1 0 393 27 1 334 0 86 0 1 1 101
823 8715 1141 1083 152 1 0 393 27 1 335 0 85 0 1 1 101
824 8713 1141 1086 151 1 0 392 28 1 337 0 83 0 1 1 101
825 8727 1136 1082 146 1 0 392 28 1 338 0 82 0 1 1 101
826 8721 1137 1085 148 1 0 392 28 1 340 0 80 0 1 1 101
827 8732 1129 1077 153 1 0 392 28 1 340 0 80 0 1 1 101
828 8730 1129 1078 153 1 0 392 28 1 341 0 79 0 1 1 102
829 8740 1123 1073 154 1 0 392 28 1 342 0 78 0 1 1 102
830 8747 1120 1071 152 1 0 392 28 1 343 0 77 0 1 1 102
831 8758 1114 1067 151 1 0 391 29 1 344 0 76 0 1 1 102
832 8781 1104 1055 148 1 0 393 28 1 344 0 77 0 1 1 102
833 8782 1105 1055 146 1 0 393 28 1 343 0 78 0 1 1 102
834 8782 1105 1055 146 1 0 392 29 1 342 0 79 0 1 1 102
835 8780 1106 1056 146 1 0 392 29 1 342 0 79 0 1 1 102
836 8789 1101 1052 146 1 0 392 29 1 343 0 78 0 1 1 102
837 8797 1098 1049 144 1 0 392 29 1 343 0 78 0 1 1 102
838 8801 1097 1048 142 1 0 392 29 1 343 0 78 0 1 1 102
839 8797 1100 1050 141 1 0 392 29 1 342 0 79 0 1 1 102
840 8805 1095 1047 141 1 0 391 30 1 343 0 78 0 1 1 102
841 8809 1094 1047 138 1 0 390 31 1 343 0 78 0 1 1 102
842 8810 1093 1045 140 1 0 390 31 1 342 0 79 0 1 1 102
843 8822 1087 1039 140 1 0 390 31 1 342 0 79 0 1 1 102
844 8819 1088 1040 141 1 0 390 31 1 342 0 79 0 1 1 102
845 8826 1085 1038 139 1 0 389 32 1 342 0 79 0 1 1 102
846 8824 1086 1040 138 1 0 389 32 1 343 0 78 0 1 1 102
847 8842 1077 1031 138 1 0 389 32 1 343 0 78 0 1 1 102
848 8852 1071 1028 137 1 0 388 33 1 345 0 76 0 1 1 102
849 8856 1069 1027 136 1 0 388 33 1 346 0 75 0 1 1 102
850 8865 1066 1024 133 1 0 388 33 1 346 0 75 0 1 1 102
851 8869 1066 1022 131 1 0 390 31 1 346 0 75 0 1 1 102
852 8871 1065 1020 132 1 0 391 30 1 346 0 75 0 1 1 102
853 8874 1065 1020 129 1 0 391 30 1 346 0 75 0 1 1 102
854 8875 1064 1022 127 1 0 391 30 1 349 0 72 0 1 1 102
855 8889 1058 1017 124 1 0 392 29 1 351 0 70 0 1 1 102
856 8893 1056 1015 124 1 0 392 29 1 351 0 70 0 1 1 102
857 8906 1049 1008 125 1 0 392 29 1 351 0 70 0 1 1 102
858 8915 1046 1007 120 1 0 392 29 1 353 0 68 0 1 1 102
859 8920 1045 1006 117 1 0 392 29 1 353 0 68 0 1 1 102
860 8918 1046 1007 117 1 0 392 29 1 353 0 68 0 1 1 102
861 8932 1039 999 118 1 0 392 29 1 352 0 69 0 1 1 102
862 8940 1034 997 117 1 0 391 30 1 354 0 67 0 1 1 102
863 8945 1031 994 116 1 0 392 30 1 355 0 67 0 1 1 102
864 8939 1033 996 118 1 0 392 30 1 355 0 67 0 1 1 102
865 8942 1031 994 119 1 0 392 30 1 355 0 67 0 1 1 102
866 8945 1030 993 118 1 0 392 30 1 355 0 67 0 1 1 102
867 8948 1028 992 118 1 0 392 30 1 356 0 66 0 1 1 102
868 8949 1028 992 117 1 0 392 30 1 356 0 66 0 1 1 102
869 8960 1022 985 117 1 0 393 30 1 356 0 67 0 1 1 102
870 8959 1021 985 119 1 0 392 31 1 356 0 67 0 1 1 102
871 8954 1025 989 116 1 0 392 31 1 356 0 67 0 1 1 102
872 8952 1026 991 115 1 0 392 31 1 357 0 66 0 1 1 102
873 8957 1024 988 113 1 0 393 31 1 357 0 67 0 1 1 102
874 8957 1025 989 111 1 0 393 31 1 357 0 67 0 1 1 102
875 8964 1020 982 115 2 0 393 30 1 356 0 68 0 1 2 102
876 8974 1013 978 116 2 0 393 30 1 359 0 65 0 1 2 102
877 8988 1007 971 115 2 0 393 30 1 358 0 66 0 1 2 102
878 8985 1009 974 113 2 0 393 30 1 359 0 65 0 1 2 102
879 8980 1012 977 112 2 0 393 30 1 359 0 65 0 1 2 102
880 8975 1015 979 110 2 0 394 30 1 359 0 66 0 1 2 102
881 8982 1011 976 110 2 0 394 30 1 360 0 65 0 1 2 102
882 8985 1010 977 107 2 0 394 30 1 362 0 63 0 1 2 102
883 8993 1007 973 106 2 0 394 30 1 361 0 64 0 1 2 102
884 9003 1002 968 106 2 0 395 29 1 362 0 63 0 1 2 102
885 9021 993 958 107 2 0 395 29 1 361 0 64 0 1 2 102
886 9028 990 956 105 2 0 394 30 1 361 0 64 0 1 2 102
887 9028 991 956 104 2 0 395 29 1 361 0 64 0 1 2 102
888 9032 988 954 104 2 0 394 30 1 361 0 64 0 1 2 103
889 9043 982 949 104 2 0 394 30 1 362 0 63 0 1 2 103
890 9042 983 949 104 2 0 394 30 1 361 0 64 0 1 2 103
891 9042 984 950 102 2 0 394 30 1 361 0 64 0 1 2 103
892 9045 983 949 101 2 0 394 30 1 361 0 64 0 1 2 103
893 9047 982 948 101 2 0 394 30 1 361 0 64 0 1 2 103
894 9053 981 945 99 2 0 395 29 1 360 0 65 0 1 2 103
895 9053 981 945 99 2 0 395 29 1 360 0 65 0 1 2 103
896 9053 982 946 97 2 0 395 29 1 360 0 65 0 1 2 103
897 9057 981 945 95 2 0 395 29 1 360 0 65 0 1 2 103
898 9062 977 942 97 2 0 394 30 1 360 0 65 0 1 2 103
899 9062 977 942 97 2 0 394 30 1 360 0 65 0 1 2 103
900 9059 978 944 97 2 0 394 30 1 361 0 64 0 1 2 103
901 9054 981 947 96 2 0 394 30 1 361 0 64 0 1 2 103
902 9055 981 947 95 2 0 394 30 1 361 0 64 0 1 2 103
903 9055 982 947 94 2 0 395 29 1 361 0 64 0 1 2 103
904 9061 979 944 94 2 0 395 29 1 361 0 64 0 1 2 103
905 9066 976 943 93 2 0 394 30 1 362 0 63 0 1 2 103
906 9072 975 941 90 2 0 393 31 1 360 0 65 0 1 2 103
907 9076 974 939 89 2 0 394 30 1 360 0 65 0 1 2 103
908 9079 973 938 88 2 0 394 30 1 360 0 65 0 1 2 103
909 9083 971 936 88 2 0 394 30 1 360 0 65 0 1 2 103
910 9092 966 931 89 2 0 394 30 1 360 0 65 0 1 2 103
911 9088 968 934 88 2 0 394 30 1 361 0 64 0 1 2 103
912 9093 967 933 85 2 0 394 30 1 361 0 64 0 1 2 103
913 9094 967 933 84 2 0 394 30 1 361 0 64 0 1 2 103
914 9102 964 928 84 2 0 395 29 1 360 0 65 0 1 2 103
915 9110 960 924 84 2 0 395 29 1 360 0 65 0 1 2 103
916 9116 956 922 84 2 0 395 29 1 362 0 63 0 1 2 103
917 9115 956 924 83 2 0 394 30 1 363 0 62 0 1 2 103
918 9122 953 921 82 2 0 394 30 1 363 0 62 0 1 2 103
919 9124 952 920 82 2 0 394 30 1 363 0 62 0 1 2 103
920 9120 955 921 82 2 0 395 29 1 362 0 63 0 1 2 103
921 9125 952 919 82 2 0 395 29 1 363 0 62 0 1 2 103
922 9127 951 918 82 2 0 395 29 1 363 0 62 0 1 2 103
923 9142 943 911 82 2 0 395 29 1 364 0 61 0 1 2 103
924 9148 940 908 82 2 0 395 29 1 364 0 61 0 1 2 103
925 9145 941 909 83 2 0 395 29 1 364 0 61 0 1 2 103
926 9153 938 905 82 3 0 394 29 2 362 0 62 0 1 2 103
927 9160 935 902 81 3 0 394 29 2 362 0 62 0 1 2 103
928 9166 932 899 81 3 0 394 29 2 362 0 62 0 1 2 103
929 9175 927 894 80 3 0 395 29 2 363 0 62 0 1 2 103
930 9179 925 892 80 3 0 395 29 2 363 0 62 0 1 2 103
931 9185 922 889 80 3 0 395 29 2 363 0 62 0 1 2 103
932 9189 920 887 80 3 0 395 29 2 363 0 62 0 1 2 103
933 9196 917 883 80 3 0 396 28 2 363 0 62 0 1 2 103
934 9199 915 881 81 3 0 396 28 2 363 0 62 0 1 2 103
935 9205 912 878 81 3 0 396 28 2 363 0 62 0 1 2 103
936 9221 904 869 82 3 0 397 27 2 363 0 62 0 1 2 103
937 9223 904 870 79 3 0 397 27 2 364 0 61 0 1 2 103
938 9222 904 870 80 3 0 397 27 2 364 0 61 0 1 2 103
939 9219 904 872 81 3 0 397 27 2 366 0 59 0 1 2 103
940 9227 901 866 80 3 0 399 26 2 365 0 61 0 1 2 103
941 9223 902 869 80 3 0 398 27 2 366 0 60 0 1 2 103
942 9228 900 867 79 3 0 398 27 2 366 0 60 0 1 2 103
943 9228 900 866 80 3 0 399 26 2 366 0 60 0 1 2 103
944 9228 901 866 78 3 0 400 25 2 366 0 60 0 1 2 104
945 9228 899 866 80 3 0 399 26 2 367 0 59 0 1 2 104
946 9238 895 863 77 3 0 398 27 2 367 0 59 0 1 2 104
947 9241 895 863 74 3 0 398 27 2 367 0 59 0 1 2 104
948 9243 894 862 74 3 0 398 27 2 367 0 59 0 1 2 104
949 9242 895 864 72 3 0 399 26 2 369 0 57 0 1 2 104
950 9241 895 865 72 3 0 398 27 2 369 0 57 0 1 2 104
951 9243 895 867 68 3 0 398 27 2 371 0 55 0 1 2 104
952 9244 896 866 67 3 0 399 26 2 370 0 56 0 1 2 104
953 9240 898 868 67 3 0 399 26 2 370 0 56 0 1 2 104
954 9242 898 867 66 3 0 400 25 2 370 0 56 0 1 2 104
955 9247 895 866 65 3 0 400 25 2 372 0 54 0 1 2 104
956 9242 897 869 66 3 0 399 26 2 372 0 54 0 1 2 103
957 9242 897 869 66 3 0 399 26 2 372 0 54 0 1 2 103
958 9250 893 865 66 3 0 399 26 2 372 0 54 0 1 2 103
959 9254 891 864 65 3 0 399 26 2 373 0 53 0 1 2 103
960 9253 890 864 67 3 0 399 26 2 374 0 52 0 1 2 103
961 9262 886 859 67 3 0 399 26 2 373 0 53 0 1 2 103
962 9265 883 858 68 3 0 399 26 2 375 0 51 0 1 2 103
963 9273 879 854 68 3 0 399 26 2 375 0 51 0 1 2 103
964 9278 878 851 67 3 0 400 25 2 374 0 52 0 1 2 103
965 9278 878 851 67 3 0 400 25 2 374 0 52 0 1 2 103
966 9288 873 846 67 3 0 400 25 2 374 0 52 0 1 2 103
967 9293 871 843 65 4 0 400 25 3 373 0 53 0 1 2 103
968 9295 869 843 65 4 0 399 26 3 374 0 52 0 1 2 103
969 9305 864 838 65 4 0 399 26 3 374 0 52 0 1 2 103
970 9305 864 838 65 4 0 399 26 3 374 0 52 0 1 2 103
971 9310 862 836 64 4 0 399 26 3 374 0 52 0 1 2 103
972 9310 861 836 65 4 0 399 26 3 375 0 51 0 1 2 103
973 9316 860 834 62 4 0 400 25 3 375 0 51 0 1 2 103
974 9330 853 828 61 4 0 400 25 3 376 0 50 0 1 2 103
975 9332 852 826 62 4 0 400 25 3 375 0 51 0 1 2 103
976 9336 848 824 64 4 0 400 25 3 377 0 49 0 1 2 103
977 9345 842 820 65 4 0 400 25 3 379 0 47 0 1 2 103
978 9353 838 815 65 4 0 401 24 3 379 0 47 0 1 2 104
979 9355 837 814 65 4 0 402 23 3 380 0 46 0 1 2 104
980 9355 837 814 65 4 0 402 23 3 380 0 46 0 1 2 104
981 9358 835 813 65 4 0 401 24 3 380 0 46 0 1 2 104
982 9364 833 811 63 4 0 401 24 3 380 0 46 0 1 2 104
983 9371 830 808 62 4 0 401 24 3 380 0 46 0 1 2 104
984 9380 825 804 62 4 0 400 25 3 380 0 46 0 1 2 104
985 9381 825 803 62 4 0 400 25 3 379 0 47 0 1 2 104
986 9383 825 801 62 4 0 402 23 3 379 0 47 0 1 2 104
987 9392 821 797 61 4 0 402 23 3 379 0 47 0 1 2 104
988 9396 819 795 61 4 0 402 23 3 379 0 47 0 1 2 104
989 9403 816 792 60 4 0 403 22 3 380 0 46 0 1 2 104
990 9410 814 790 57 4 0 403 22 3 380 0 46 0 1 2 104
991 9408 816 790 55 4 0 404 22 3 379 0 48 0 1 2 104
992 9412 813 787 57 4 0 404 22 3 379 0 48 0 1 2 104
993 9413 811 786 59 4 0 403 23 3 379 0 48 0 1 2 104
994 9418 808 783 60 4 0 403 23 4 378 0 48 0 2 2 103
995 9422 807 782 58 4 0 403 23 4 378 0 48 0 2 2 103
996 9429 804 779 57 4 0 403 23 4 378 0 48 0 2 2 103
997 9425 806 781 57 4 0 403 23 4 378 0 48 0 2 2 103
998 9432 804 777 56 4 0 404 22 4 377 0 49 0 2 2 103
999 9440 800 773 56 4 0 404 22 4 377 0 49 0 2 2 103
1000 9447 797 770 55 4 0 404 22 4 377 0 49 0 2 2 103
1001 9446 797 770 54 4 0 404 23 4 377 0 50 0 2 2 103
1002 9451 795 768 53 4 0 404 23 4 377 0 50 0 2 2 103
1003 9451 795 768 53 4 0 404 23 4 377 0 50 0 2 2 103
1004 9453 793 766 55 4 0 404 23 4 377 0 50 0 2 2 103
1005 9460 790 762 55 4 0 404 23 4 376 0 51 0 2 2 103
1006 9468 787 759 53 4 0 404 23 4 376 0 51 0 2 2 103
1007 9464 789 761 53 4 0 404 23 4 376 0 51 0 2 2 103
1008 9473 785 757 52 4 0 404 23 4 376 0 51 0 2 2 103
1009 9481 781 753 52 4 0 404 23 4 376 0 51 0 2 2 103
1010 9472 786 757 52 4 0 404 23 4 375 0 52 0 2 2 103
1011 9464 790 761 52 4 0 404 23 4 375 0 52 0 2 2 103
1012 9468 788 759 52 4 0 404 23 4 375 0 52 0 2 2 103
1013 9475 784 755 53 4 0 404 23 4 375 0 52 0 2 2 103
1014 9484 779 751 53 4 0 404 23 4 376 0 51 0 2 2 103
1015 9492 776 745 52 4 0 406 22 4 375 0 53 0 2 2 103
1016 9489 778 747 51 4 0 406 22 4 375 0 53 0 2 2 103
1017 9497 773 743 52 4 0 406 22 4 376 0 52 0 2 2 103
1018 9509 767 737 52 4 0 406 22 4 376 0 52 0 2 2 103
1019 9505 769 740 51 4 0 405 23 4 376 0 52 0 2 2 103
1020 9510 767 738 50 4 0 405 23 4 376 0 52 0 2 2 103
1021 9518 763 733 51 4 0 405 23 4 375 0 53 0 2 2 103
1022 9521 762 732 50 4 0 405 23 4 375 0 53 0 2 2 103
1023 9526 760 730 49 4 0 405 23 4 375 0 53 0 2 2 103
1024 9524 761 731 49 4 0 405 23 4 375 0 53 0 2 2 103
1025 9532 757 728 48 4 0 405 23 4 376 0 52 0 2 2 103
1026 9536 755 727 47 4 0 406 22 4 378 0 50 0 2 2 103
1027 9548 748 721 48 4 0 406 22 4 379 0 49 0 2 2 103
1028 9543 751 723 48 4 0 407 21 4 379 0 49 0 2 2 103
1029 9552 746 718 49 5 0 406 21 5 378 0 49 0 2 2 103
1030 9550 747 719 49 5 0 407 20 5 379 0 48 0 2 2 103
1031 9551 746 718 50 5 0 407 20 5 379 0 48 0 2 2 103
1032 9556 744 715 50 5 0 407 20 5 378 0 49 0 2 2 103
1033 9557 743 714 51 5 0 407 20 5 378 0 49 0 2 2 103
1034 9564 740 710 51 5 0 408 19 5 378 0 49 0 2 2 103
1035 9563 739 709 54 5 0 408 19 5 378 0 49 0 2 2 103
1036 9564 739 709 53 5 0 408 19 5 378 0 49 0 2 2 103
1037 9562 739 710 54 5 0 408 19 5 379 0 48 0 2 2 103
1038 9557 741 712 55 5 0 408 19 5 379 0 48 0 2 2 103
1039 9572 733 704 55 5 0 408 19 5 379 0 48 0 2 2 104
1040 9577 732 703 52 5 0 408 19 5 379 0 48 0 2 2 104
1041 9575 732 702 55 5 0 409 18 5 379 0 48 0 2 2 104
1042 9575 732 702 55 5 0 409 18 5 379 0 48 0 2 2 104
1043 9584 727 697 56 5 0 409 18 5 379 0 48 0 2 2 104
1044 9596 721 692 55 5 0 409 18 5 380 0 47 0 2 2 104
1045 9598 721 692 53 5 0 409 18 5 380 0 47 0 2 2 104
1046 9612 714 685 53 5 0 409 18 5 380 0 47 0 2 2 104
1047 9620 710 681 51 5 0 409 19 5 380 0 48 0 2 2 104
1048 9626 707 677 52 5 0 410 18 5 380 0 48 0 2 2 104
1049 9629 706 675 52 5 0 411 17 5 380 0 48 0 2 2 104
1050 9636 703 672 51 5 0 411 17 5 380 0 48 0 2 2 104
1051 9636 703 672 51 5 0 411 17 5 380 0 48 0 2 2 104
1052 9633 703 672 54 5 0 411 17 5 380 0 48 0 2 2 104
1053 9636 702 670 54 5 0 411 17 5 379 0 49 0 2 2 104
1054 9648 697 665 52 5 0 411 17 5 379 0 49 0 2 2 104
1055 9647 697 665 53 5 0 411 17 5 379 0 49 0 2 2 104
1056 9644 699 665 52 5 0 412 17 5 378 0 51 0 2 2 104
1057 9644 700 666 52 5 0 411 17 5 377 0 51 0 2 2 104
1058 9637 703 670 52 5 0 410 18 5 377 0 51 0 2 2 104
1059 9637 705 672 48 5 0 410 18 5 377 0 51 0 2 2 104
1060 9637 706 673 46 5 0 410 18 5 377 0 51 0 2 2 104
1061 9642 704 670 46 5 0 410 18 5 376 0 52 0 2 2 104
1062 9645 702 669 46 5 0 410 18 5 377 0 51 0 2 2 104
1063 9650 699 666 47 5 0 410 18 5 377 0 51 0 2 2 104
1064 9660 694 661 47 5 0 410 18 5 377 0 51 0 2 2 104
1065 9667 690 658 47 5 0 410 18 5 378 0 50 0 2 2 104
1066 9669 689 657 47 5 0 410 18 5 378 0 50 0 2 2 104
1067 9673 687 655 47 5 0 410 18 5 378 0 50 0 2 2 104
1068 9679 684 653 46 5 0 409 19 5 378 0 50 0 2 2 104
1069 9687 680 650 45 5 0 409 19 5 379 0 49 0 2 2 104
1070 9691 677 647 47 5 0 409 19 5 379 0 49 0 2 2 104
1071 9698 673 644 47 5 0 409 19 5 380 0 48 0 2 2 104
1072 9707 669 640 46 5 0 409 19 5 380 0 48 0 2 2 104
1073 9710 666 637 49 5 0 409 19 5 380 0 48 0 2 2 104
1074 9716 664 633 49 6 0 410 17 6 379 0 48 0 2 2 104
1075 9715 664 634 49 6 0 410 17 6 380 0 47 0 2 2 104
1076 9712 664 636 50 6 0 409 18 6 381 0 46 0 2 2 104
1077 9705 668 641 48 6 0 409 18 6 382 0 45 0 2 2 104
1078 9716 662 636 48 6 0 409 18 6 383 0 44 0 2 2 104
1079 9710 664 637 50 6 0 410 17 6 383 0 44 0 2 2 105
1080 9715 661 635 50 6 0 410 17 6 384 0 43 0 2 2 105
1081 9715 661 635 50 6 0 410 17 6 384 0 43 0 2 2 105
1082 9711 663 637 50 6 0 410 17 6 384 0 43 0 2 2 105
1083 9713 662 636 50 6 0 410 17 6 384 0 43 0 2 2 105
1084 9723 657 631 50 6 0 410 17 6 384 0 43 0 2 2 105
1085 9729 654 628 50 6 0 410 17 6 384 0 43 0 2 2 105
1086 9732 653 627 49 6 0 410 17 6 384 0 43 0 2 2 105
1087 9733 654 628 46 6 0 410 17 6 384 0 43 0 2 2 105
1088 9744 649 623 45 6 0 410 17 6 384 0 43 0 2 2 105
1089 9742 650 624 45 6 0 410 17 6 384 0 43 0 2 2 105
1090 9742 650 624 45 6 0 410 17 6 384 0 43 0 2 2 105
1091 9738 652 626 45 6 0 410 17 6 384 0 43 0 2 2 105
1092 9742 650 624 45 6 0 410 17 6 384 0 43 0 2 2 105
1093 9750 646 620 45 6 0 410 17 6 384 0 43 0 2 2 105
1094 9742 650 624 45 6 0 410 17 6 384 0 43 0 2 2 105
1095 9744 648 623 46 6 0 409 18 6 384 0 43 0 2 2 105
1096 9746 647 622 46 6 0 409 18 6 384 0 43 0 2 2 105
1097 9752 644 619 46 6 0 409 18 6 384 0 43 0 2 2 105
1098 9757 642 617 45 6 0 409 18 6 384 0 43 0 2 2 105
1099 9754 643 619 45 6 0 408 19 6 384 0 43 0 2 2 105
1100 9755 643 619 44 6 0 408 19 6 384 0 43 0 2 2 105
1101 9766 638 614 43 6 0 408 19 6 384 0 43 0 2 2 105
1102 9764 639 616 42 6 0 408 19 6 385 0 42 0 2 2 105
1103 9767 639 616 39 6 0 408 19 6 385 0 42 0 2 2 105
1104 9766 638 617 40 6 0 407 20 6 386 0 41 0 2 2 105
1105 9769 637 615 40 6 0 407 20 6 385 0 42 0 2 2 105
1106 9768 638 616 39 6 0 407 20 6 385 0 42 0 2 2 105
1107 9768 638 616 39 6 0 407 20 6 385 0 42 0 2 2 105
1108 9773 635 614 39 6 0 407 20 6 386 0 41 0 2 2 105
1109 9782 631 610 38 6 0 407 20 6 386 0 41 0 2 2 105
1110 9782 630 608 41 6 0 407 20 6 385 0 42 0 2 2 105
1111 9792 625 603 41 6 0 407 20 6 385 0 42 0 2 2 105
1112 9798 622 600 41 7 0 406 20 7 384 0 42 0 2 2 105
1113 9796 623 601 41 7 0 406 20 7 384 0 42 0 2 2 105
1114 9805 619 597 40 7 0 407 19 7 385 0 41 0 2 2 105
1115 9811 615 594 41 7 0 407 19 7 386 0 40 0 2 2 105
1116 9814 613 592 42 7 0 407 19 7 386 0 40 0 2 2 105
1117 9812 614 593 42 7 0 407 19 7 386 0 40 0 2 2 105
1118 9810 615 594 42 7 0 407 19 7 386 0 40 0 2 2 105
1119 9814 612 593 42 7 0 406 20 7 387 0 39 0 2 2 105
1120 9812 612 594 43 7 0 406 20 7 388 0 38 0 2 2 105
1121 9814 611 593 43 7 0 406 20 7 388 0 38 0 2 2 105
1122 9825 607 589 40 7 0 406 20 7 388 0 38 0 2 2 105
1123 9825 607 589 40 8 0 405 20 8 387 0 38 0 2 2 105
1124 9827 606 589 39 8 0 405 20 8 388 0 37 0 2 2 105
1125 9835 602 585 39 9 0 404 20 9 387 0 37 0 2 2 105
1126 9840 599 582 40 9 0 404 20 9 387 0 37 0 2 2 105
1127 9855 592 575 39 9 0 404 20 9 387 0 37 0 2 2 105
1128 9852 594 577 38 9 0 404 20 9 387 0 37 0 2 2 105
1129 9862 590 572 37 9 0 404 20 9 386 0 38 0 2 2 105
1130 9868 586 568 39 9 0 404 20 9 386 0 38 0 2 2 105
1131 9871 585 567 38 9 0 404 20 9 386 0 38 0 2 2 105
1132 9870 585 568 38 9 0 404 20 9 387 0 37 0 2 2 105
1133 9868 586 569 38 9 0 405 19 9 388 0 36 0 2 2 105
1134 9876 582 565 38 9 0 405 19 9 388 0 36 0 2 2 105
1135 9876 582 565 38 9 0 405 19 9 388 0 36 0 2 2 105
1136 9881 579 562 39 9 0 405 19 9 388 0 36 0 2 2 105
1137 9893 573 556 39 9 0 405 19 9 388 0 36 0 2 2 105
1138 9893 573 557 38 9 0 405 19 9 389 0 35 0 2 2 105
1139 9883 579 562 37 9 0 405 19 9 388 0 36 0 2 2 105
1140 9884 579 562 36 9 0 405 19 9 388 0 36 0 2 2 105
1141 9879 582 564 36 9 0 406 18 9 388 0 36 0 2 2 105
1142 9882 581 563 35 9 0 406 18 9 388 0 36 0 2 2 105
1143 9889 577 560 35 9 0 406 18 9 389 0 35 0 2 2 105
1144 9895 574 557 35 9 0 406 18 9 389 0 35 0 2 2 105
1145 9901 571 554 35 9 0 406 18 9 389 0 35 0 2 2 105
1146 9904 571 552 34 9 0 407 17 9 388 0 36 0 2 2 105
1147 9897 574 555 35 9 0 407 17 9 388 0 36 0 2 2 105
1148 9890 577 559 35 9 0 407 17 9 389 0 35 0 2 2 105
1149 9883 580 562 36 9 0 407 17 9 389 0 35 0 2 2 105
1150 9890 576 560 35 9 0 407 17 9 391 0 33 0 2 2 105
1151 9900 570 556 35 9 0 407 17 9 393 0 31 0 2 2 105
1152 9901 569 556 35 9 0 406 18 9 393 0 31 0 2 2 105
1153 9902 568 555 36 9 0 406 18 9 393 0 31 0 2 2 105
1154 9906 567 553 35 9 0 407 17 9 393 0 31 0 2 2 105
1155 9906 567 553 35 9 0 407 17 9 393 0 31 0 2 2 105
1156 9909 566 552 34 9 0 407 17 9 393 0 31 0 2 2 105
1157 9908 567 552 34 9 0 407 17 9 392 0 32 0 2 2 105
1158 9911 566 550 34 9 0 407 17 9 391 0 33 0 2 2 105
1159 9908 568 551 34 9 0 407 17 9 390 0 34 0 2 2 105
1160 9910 566 550 35 9 0 407 17 9 391 0 33 0 2 2 105
1161 9918 562 547 34 9 0 406 18 9 391 0 33 0 2 2 105
1162 9912 566 550 33 9 0 406 18 9 390 0 34 0 2 2 105
1163 9924 560 545 32 9 0 405 19 9 390 0 34 0 2 2 105
1164 9922 562 547 30 9 0 405 19 9 390 0 34 0 2 2 105
1165 9925 560 545 31 9 0 405 19 9 390 0 34 0 2 2 105
1166 9927 559 544 31 9 0 405 19 9 390 0 34 0 2 2 105
1167 9930 558 544 29 9 0 405 19 9 391 0 33 0 2 2 105
1168 9928 559 545 29 9 0 405 19 9 391 0 33 0 2 2 105
1169 9929 558 545 29 9 0 405 19 9 392 0 32 0 2 2 105
1170 9932 556 543 30 9 0 405 19 9 392 0 32 0 2 2 105
1171 9932 556 543 30 9 0 405 19 9 392 0 32 0 2 2 105
1172 9935 555 543 28 9 0 405 19 9 393 0 31 0 2 2 105
1173 9939 553 542 27 9 0 405 19 9 394 0 30 0 2 2 105
1174 9944 551 540 26 9 0 405 19 9 394 0 30 0 2 2 105
1175 9945 550 539 27 9 0 405 19 9 394 0 30 0 2 2 105
1176 9944 550 539 28 9 0 405 19 9 394 0 30 0 2 2 105
1177 9947 548 537 29 9 0 405 19 9 394 0 30 0 2 2 105
1178 9946 549 537 29 9 0 405 19 9 393 0 31 0 2 2 105
1179 9948 548 537 28 9 0 405 19 9 394 0 30 0 2 2 105
1180 9957 543 532 29 9 0 405 19 9 394 0 30 0 2 2 105
1181 9960 542 530 29 9 0 406 18 9 394 0 30 0 2 2 105
1182 9971 537 525 28 9 0 406 18 9 394 0 30 0 2 2 105
1183 9977 535 522 27 9 0 407 17 9 394 0 30 0 2 2 105
1184 9987 530 516 27 10 0 408 15 10 394 0 29 0 2 2 106
1185 9988 530 515 27 10 0 409 14 10 394 0 29 0 2 2 106
1186 9988 530 515 27 10 0 409 14 10 394 0 29 0 2 2 106
1187 9988 530 515 27 10 0 409 14 10 394 0 29 0 2 2 106
1188 9992 528 513 27 10 0 409 14 10 394 0 29 0 2 2 106
1189 9990 529 514 27 10 0 409 14 10 394 0 29 0 2 2 106
1190 9993 528 512 27 10 0 410 13 10 394 0 29 0 2 2 106
1191 9995 527 511 27 10 0 410 13 10 394 0 29 0 2 2 106
1192 9995 527 512 26 10 0 409 14 10 394 0 29 0 2 2 106
1193 10003 523 508 26 10 0 409 14 10 394 0 29 0 2 2 106
1194 10002 524 508 26 10 0 409 14 10 393 0 30 0 2 2 106
1195 10004 523 507 26 10 0 409 14 10 393 0 30 0 2 2 106
1196 10003 524 507 26 10 0 409 14 10 392 0 31 0 2 2 106
1197 10010 521 504 25 10 0 409 14 10 392 0 31 0 2 2 106
1198 10015 518 502 25 10 0 409 14 10 393 0 30 0 2 2 106
1199 10019 516 500 25 10 0 409 14 10 393 0 30 0 2 2 106
1200 10018 517 501 24 10 0 409 14 10 393 0 30 0 2 2 106
1201 10022 515 498 25 10 0 410 13 10 393 0 30 0 2 2 106
1202 10020 516 499 25 10 0 410 13 10 393 0 30 0 2 2 106
1203 10018 517 500 25 10 0 410 13 10 393 0 30 0 2 2 106
1204 10021 515 499 25 10 0 410 13 10 394 0 29 0 2 2 106
1205 10029 511 496 24 10 0 410 13 10 395 0 28 0 2 2 106
1206 10033 509 494 24 11 0 409 13 10 395 0 28 0 2 3 105
1207 10032 509 494 25 11 0 409 13 10 395 0 28 0 2 3 105
1208 10036 507 492 25 11 0 409 13 10 395 0 28 0 2 3 105
1209 10028 510 497 25 11 0 409 13 10 397 0 26 0 2 3 105
1210 10030 509 496 25 11 0 409 13 10 397 0 26 0 2 3 105
1211 10028 510 497 25 11 0 409 13 10 397 0 26 0 2 3 105
1212 10032 508 495 25 11 0 409 13 10 397 0 26 0 2 3 105
1213 10036 506 493 25 11 0 409 13 10 397 0 26 0 2 3 105
1214 10034 507 494 25 11 0 409 13 10 397 0 26 0 2 3 105
1215 10034 507 494 25 11 0 409 13 10 397 0 26 0 2 3 105
1216 10035 506 494 25 11 0 408 14 10 397 0 26 0 2 3 105
1217 10038 505 493 24 11 0 408 14 10 397 0 26 0 2 3 105
1218 10037 505 493 25 11 0 408 14 10 397 0 26 0 2 3 105
1219 10041 503 491 25 11 0 408 14 10 397 0 26 0 2 3 105
1220 10037 505 493 25 11 0 408 14 10 397 0 26 0 2 3 105
1221 10041 503 491 25 11 0 408 14 10 397 0 26 0 2 3 105
1222 10045 501 489 25 11 0 408 14 10 397 0 26 0 2 3 105
1223 10044 502 490 24 11 0 408 14 10 397 0 26 0 2 3 105
1224 10051 498 487 24 11 0 407 15 10 397 0 26 0 2 3 105
1225 10067 490 479 24 11 0 407 15 10 397 0 26 0 2 3 105
1226 10075 486 475 24 11 0 407 15 10 397 0 26 0 2 3 105
1227 10077 485 474 24 11 0 407 15 10 397 0 26 0 2 3 105
1228 10079 484 472 25 11 0 408 14 10 397 0 26 0 2 3 105
1229 10084 482 470 24 11 0 408 14 10 397 0 26 0 2 3 105
1230 10084 482 470 24 11 0 408 14 10 397 0 26 0 2 3 105
1231 10078 485 473 24 11 0 408 14 10 397 0 26 0 2 3 105
1232 10080 484 472 24 11 0 408 14 10 397 0 26 0 2 3 105
1233 10076 486 475 23 11 0 408 14 10 398 0 25 0 2 3 105
1234 10078 485 474 23 11 0 408 14 10 398 0 25 0 2 3 105
1235 10076 486 475 23 11 0 408 14 10 398 0 25 0 2 3 105
1236 10083 482 472 23 11 0 408 14 10 399 0 24 0 2 3 105
1237 10084 481 472 23 11 0 408 14 10 400 0 23 0 2 3 105
1238 10090 478 469 23 12 0 407 14 11 399 0 23 0 2 3 105
1239 10091 477 469 23 12 0 407 14 11 400 0 22 0 2 3 105
1240 10095 475 467 23 12 0 407 14 11 400 0 22 0 2 3 105
1241 10101 472 464 23 12 0 407 14 11 400 0 22 0 2 3 105
1242 10097 473 467 23 12 0 406 15 11 401 0 21 0 2 3 105
1243 10096 474 468 22 12 0 406 15 11 401 0 21 0 2 3 105
1244 10102 471 465 22 12 0 406 15 11 401 0 21 0 2 3 105
1245 10107 469 463 21 12 0 406 15 11 401 0 21 0 2 3 105
1246 10111 467 461 21 12 0 406 15 11 401 0 21 0 2 3 105
1247 10111 467 461 21 12 0 406 15 11 401 0 21 0 2 3 105
1248 10114 465 460 21 12 0 406 15 11 402 0 20 0 2 3 105
1249 10120 462 457 21 12 0 406 15 11 402 0 20 0 2 3 105
1250 10122 461 456 21 12 0 406 15 11 402 0 20 0 2 3 105
1251 10119 462 458 21 12 0 405 16 11 402 0 20 0 2 3 105
1252 10130 456 453 21 12 0 405 16 11 403 0 19 0 2 3 105
1253 10129 456 453 22 12 0 405 16 11 403 0 19 0 2 3 105
1254 10136 452 450 22 12 0 405 16 11 404 0 18 0 2 3 105
1255 10144 448 447 21 12 0 405 16 11 405 0 17 0 2 3 105
1256 10151 444 444 21 12 0 405 16 11 406 0 16 0 2 3 105
1257 10155 442 442 21 12 0 405 16 11 406 0 16 0 2 3 105
1258 10151 444 444 21 12 0 405 16 11 406 0 16 0 2 3 105
1259 10158 441 442 19 12 0 405 16 11 407 0 15 0 2 3 105
1260 10161 440 441 18 12 0 405 16 11 407 0 15 0 2 3 105
1261 10154 443 445 18 12 0 405 16 11 408 0 14 0 2 3 105
1262 10152 444 446 18 12 0 405 16 11 408 0 14 0 2 3 105
1263 10150 445 447 18 12 0 405 16 11 408 0 14 0 2 3 105
1264 10156 442 444 18 12 0 405 16 11 408 0 14 0 2 3 105
1265 10153 444 446 17 12 0 405 16 11 408 0 14 0 2 3 105
1266 10153 444 446 17 12 0 405 16 11 408 0 14 0 2 3 105
1267 10155 443 445 17 13 0 404 16 11 408 0 14 0 2 4 104
1268 10156 443 444 17 13 0 404 16 11 407 0 15 0 2 4 104
1269 10159 442 443 16 13 0 404 16 11 407 0 15 0 2 4 104
1270 10165 439 440 16 13 0 404 16 11 407 0 15 0 2 4 104
1271 10171 436 437 16 13 0 404 16 11 407 0 15 0 2 4 104
1272 10171 436 437 16 13 0 404 16 11 407 0 15 0 2 4 104
1273 10171 436 437 16 13 0 404 16 11 407 0 15 0 2 4 104
1274 10173 435 436 16 13 0 404 16 11 407 0 15 0 2 4 104
1275 10167 438 439 16 13 0 404 16 11 407 0 15 0 2 4 104
1276 10163 440 441 16 13 0 404 16 11 407 0 15 0 2 4 104
1277 10169 437 438 16 13 0 404 16 11 407 0 15 0 2 4 104
1278 10167 438 439 16 13 0 404 16 11 407 0 15 0 2 4 104
1279 10167 439 440 14 13 0 404 16 11 407 0 15 0 2 4 104
1280 10167 439 440 14 13 0 404 16 11 407 0 15 0 2 4 104
1281 10171 437 438 14 13 0 404 16 11 407 0 15 0 2 4 104
1282 10165 440 441 14 13 0 404 16 11 407 0 15 0 2 4 104
1283 10165 440 441 14 13 0 404 16 11 407 0 15 0 2 4 104
1284 10166 440 440 14 13 0 405 15 11 407 0 15 0 2 4 104
1285 10168 439 439 14 14 0 404 15 11 407 1 14 0 2 4 104
1286 10171 437 438 14 14 0 403 16 11 407 1 14 0 2 4 104
1287 10169 438 439 14 14 0 403 16 11 407 1 14 0 2 4 104
1288 10171 437 438 14 14 0 403 16 11 407 1 14 0 2 4 104
1289 10170 437 438 15 14 0 403 16 11 407 1 14 0 2 4 104
1290 10176 434 435 15 14 0 403 16 12 406 0 15 0 2 4 104
1291 10180 432 433 15 14 0 403 16 12 406 0 15 0 2 4 104
1292 10177 433 434 16 14 0 403 16 12 406 0 15 0 2 4 104
1293 10177 433 434 16 14 0 403 16 12 406 0 15 0 2 4 104
1294 10176 434 434 16 14 0 404 15 12 406 0 15 0 2 4 104
1295 10176 434 434 16 14 0 404 15 12 406 0 15 0 2 4 104
1296 10177 433 433 17 14 0 404 15 12 406 0 15 0 2 4 104
1297 10179 432 432 17 14 0 404 15 12 406 0 15 0 2 4 104
1298 10182 431 430 17 15 0 403 15 12 405 0 16 0 2 5 103
1299 10184 430 429 17 15 0 403 15 12 405 0 16 0 2 5 103
1300 10185 429 429 17 15 0 402 16 12 405 0 16 0 2 5 103
1301 10189 428 428 15 15 0 402 16 12 405 0 16 0 2 5 103
1302 10188 429 429 14 15 0 402 16 12 405 0 16 0 2 5 103
1303 10190 428 428 14 15 0 402 16 11 406 0 16 0 1 5 104
1304 10192 427 427 14 15 0 402 16 11 406 0 16 0 1 5 104
1305 10197 425 424 14 15 0 402 16 10 406 1 16 0 1 5 104
1306 10201 423 422 14 15 0 402 16 10 406 1 16 0 1 5 104
1307 10200 424 422 14 15 0 402 16 10 405 1 17 0 1 5 104
1308 10204 422 420 14 15 0 402 16 10 405 1 17 0 1 5 104
1309 10206 421 419 14 15 0 402 16 10 405 1 17 0 1 5 104
1310 10212 418 416 14 15 0 402 16 10 405 1 17 0 1 5 104
1311 10209 419 417 15 15 0 402 16 10 405 1 17 0 1 5 104
1312 10211 418 416 15 15 0 402 16 10 405 1 17 0 1 5 104
1313 10219 414 412 15 15 0 402 16 10 405 1 17 0 1 5 104
1314 10221 414 411 14 15 0 403 15 10 405 1 17 0 1 5 104
1315 10229 410 407 14 15 0 403 15 10 405 1 17 0 1 5 104
1316 10233 407 406 14 15 0 402 16 10 406 1 16 0 1 5 104
1317 10242 402 402 14 15 0 401 17 10 406 1 16 0 1 5 104
1318 10240 403 403 14 15 0 401 17 10 406 1 16 0 1 5 104
1319 10244 401 401 14 15 0 401 17 10 406 1 16 0 1 5 104
1320 10251 397 398 14 15 0 401 17 10 407 1 15 0 1 5 104
1321 10255 395 396 14 15 0 401 17 10 407 1 15 0 1 5 104
1322 10259 393 394 14 15 0 401 17 10 407 1 15 0 1 5 104
1323 10257 393 395 15 15 0 401 17 10 408 1 14 0 1 5 104
1324 10259 392 394 15 15 0 401 17 10 408 1 14 0 1 5 104
1325 10259 392 394 15 15 0 401 17 10 408 1 14 0 1 5 104
1326 10261 391 393 15 15 0 401 17 10 408 1 14 0 1 5 104
1327 10261 391 393 15 15 0 401 17 10 408 1 14 0 1 5 104
1328 10259 392 394 15 15 0 401 17 10 408 1 14 0 1 5 104
1329 10263 390 392 15 15 0 401 17 10 408 1 14 0 1 5 104
1330 10265 389 391 15 15 0 401 17 10 408 1 14 0 1 5 104
1331 10269 387 389 15 15 0 401 17 10 408 1 14 0 1 5 104
1332 10271 386 388 15 16 0 400 17 11 407 1 14 0 1 5 104
1333 10275 384 386 15 16 0 399 18 11 406 1 15 0 1 5 104
1334 10269 387 389 15 16 0 399 18 11 406 1 15 0 1 5 104
1335 10277 383 385 15 16 0 399 18 11 406 1 15 0 1 5 104
1336 10280 382 384 14 16 0 399 18 11 406 1 15 0 1 5 104
1337 10281 381 384 14 16 0 399 18 11 407 1 14 0 1 5 104
1338 10281 381 384 14 16 0 399 18 11 407 1 14 0 1 5 104
1339 10286 378 382 14 16 0 399 18 11 408 1 13 0 1 5 104
1340 10294 374 378 14 16 0 399 18 11 408 1 13 0 1 5 104
1341 10297 372 377 14 16 0 398 19 11 408 1 13 0 1 5 104
1342 10293 374 378 14 16 0 399 18 11 408 1 13 0 1 5 105
1343 10289 376 380 14 16 0 399 18 11 408 1 13 0 1 5 105
1344 10291 375 379 14 16 0 399 18 11 408 1 13 0 1 5 105
1345 10296 373 377 13 16 0 399 18 11 408 1 13 0 1 5 105
1346 10299 372 376 12 16 0 399 18 11 408 1 13 0 1 5 105
1347 10293 375 379 12 16 0 399 18 11 408 1 13 0 1 5 105
1348 10293 375 379 12 16 0 399 18 11 408 1 13 0 1 5 105
1349 10295 374 378 12 16 0 399 18 11 408 1 13 0 1 5 105
1350 10294 374 378 13 16 0 399 18 11 408 1 13 0 1 5 105
1351 10300 371 375 13 16 0 399 18 11 408 1 13 0 1 5 105
1352 10306 368 372 13 16 0 399 18 11 408 1 13 0 1 5 105
1353 10305 369 372 13 16 0 399 18 11 407 1 14 0 1 5 105
1354 10305 369 372 13 16 0 399 18 11 407 1 14 0 1 5 105
1355 10311 366 369 13 16 0 399 18 11 407 1 14 0 1 5 105
1356 10319 362 365 13 16 0 399 18 11 407 1 14 0 1 5 105
1357 10311 366 369 13 16 0 399 18 11 407 1 14 0 1 5 105
1358 10309 367 370 13 16 0 399 18 11 407 1 14 0 1 5 105
1359 10312 366 369 12 16 0 399 18 11 407 1 14 0 1 5 105
1360 10310 367 370 12 16 0 399 18 11 407 1 14 0 1 5 105
1361 10303 371 373 12 17 0 398 18 11 406 1 15 0 1 6 104
1362 10305 369 371 14 17 0 398 18 11 406 1 15 0 1 6 104
1363 10305 369 371 14 17 0 398 18 11 406 1 15 0 1 6 104
1364 10302 371 373 13 17 0 398 18 11 406 1 15 0 1 6 104
1365 10306 369 370 14 17 0 399 17 11 406 1 15 0 1 6 104
1366 10308 368 369 14 17 0 399 17 11 406 1 15 0 1 6 104
1367 10309 367 369 14 17 0 399 17 12 406 0 15 0 1 6 104
1368 10314 365 366 14 17 0 400 16 12 406 0 15 0 1 6 104
1369 10312 366 367 14 17 0 400 16 12 406 0 15 0 1 6 104
1370 10310 367 368 14 17 0 400 16 12 406 0 15 0 1 6 104
1371 10312 366 367 14 17 0 400 16 12 406 0 15 0 1 6 104
1372 10314 365 366 14 17 0 400 16 12 406 0 15 0 1 6 104
1373 10318 364 364 13 19 0 399 15 14 404 0 15 0 1 6 104
1374 10323 362 362 12 19 0 399 15 14 404 0 15 0 1 6 104
1375 10320 363 364 12 19 0 398 16 14 404 0 15 0 1 6 104
1376 10332 357 358 12 19 0 398 16 14 404 0 15 0 1 6 104
1377 10332 357 358 12 19 0 398 16 14 404 0 15 0 1 6 104
1378 10331 359 358 11 19 0 399 15 14 403 0 16 0 1 6 104
1379 10333 358 357 11 19 0 399 15 14 403 0 16 0 1 6 104
1380 10336 357 355 11 19 0 400 14 14 403 0 16 0 1 6 104
1381 10339 355 354 11 19 0 400 14 14 404 0 15 0 1 6 104
1382 10345 352 351 11 20 0 399 14 15 403 0 15 0 1 6 104
1383 10345 352 351 11 20 0 399 14 15 403 0 15 0 1 6 104
1384 10345 353 351 10 20 0 400 13 15 403 0 15 0 1 6 104
1385 10349 351 349 10 20 0 400 13 15 403 0 15 0 1 6 104
1386 10349 351 349 10 20 0 400 13 15 403 0 15 0 1 6 104
1387 10343 354 352 10 20 0 400 13 15 403 0 15 0 1 6 104
1388 10349 351 349 10 20 0 400 13 15 403 0 15 0 1 6 104
1389 10349 351 349 10 20 0 400 13 15 403 0 15 0 1 6 104
1390 10347 352 350 10 20 0 400 13 15 403 0 15 0 1 6 104
1391 10344 353 351 11 20 0 400 13 15 403 0 15 0 1 6 104
1392 10342 354 352 11 20 0 400 13 15 403 0 15 0 1 6 104
1393 10346 352 350 11 20 0 400 13 15 403 0 15 0 1 6 104
1394 10344 353 351 11 20 0 400 13 15 403 0 15 0 1 6 104
1395 10342 354 352 11 20 0 400 13 15 403 0 15 0 1 6 104
1396 10347 352 349 11 20 0 401 12 15 403 0 15 0 1 6 104
1397 10343 354 351 11 20 0 401 12 15 403 0 15 0 1 6 104
1398 10342 354 351 12 20 0 401 12 15 403 0 15 0 1 6 104
1399 10344 353 350 12 20 0 401 12 15 403 0 15 0 1 6 104
1400 10344 353 350 12 20 0 401 12 15 403 0 15 0 1 6 104
1401 10346 352 349 12 20 0 401 12 15 403 0 15 0 1 6 104
1402 10341 355 351 12 20 0 401 12 14 403 1 15 0 1 6 104
1403 10341 355 351 12 20 0 401 12 14 403 1 15 0 1 6 104
1404 10343 354 350 12 20 0 401 12 14 403 1 15 0 1 6 104
1405 10343 354 350 12 20 0 401 12 14 403 1 15 0 1 6 104
1406 10343 354 350 12 20 0 401 12 14 403 1 15 0 1 6 104
1407 10344 354 350 11 20 0 401 12 14 403 1 15 0 1 6 104
1408 10345 353 350 11 20 0 401 12 14 404 1 14 0 1 6 104
1409 10345 353 350 11 20 0 401 12 14 404 1 14 0 1 6 104
1410 10345 352 351 11 20 0 400 13 14 405 1 13 0 1 6 104
1411 10349 350 349 11 20 0 400 13 14 405 1 13 0 1 6 104
1412 10351 349 348 11 20 0 400 13 14 405 1 13 0 1 6 104
1413 10355 347 346 11 20 0 400 13 14 405 1 13 0 1 6 104
1414 10356 346 347 10 20 0 399 14 14 406 1 12 0 1 6 104
1415 10356 345 347 11 20 0 398 15 14 406 1 12 0 1 6 104
1416 10361 342 344 12 20 0 398 15 14 406 1 12 0 1 6 104
1417 10363 341 343 12 21 0 397 15 15 405 1 12 0 1 6 104
1418 10361 342 344 12 21 0 397 15 15 405 1 12 0 1 6 104
1419 10362 341 343 13 21 0 397 15 15 405 1 12 0 1 6 104
1420 10361 342 343 13 21 0 397 15 15 404 1 13 0 1 6 104
1421 10364 341 341 13 21 0 398 14 15 404 1 13 0 1 6 104
1422 10366 340 340 13 21 0 398 14 15 404 1 13 0 1 6 104
1423 10368 339 339 13 21 0 398 14 15 404 1 13 0 1 6 104
1424 10371 337 338 13 21 0 398 14 15 405 1 12 0 1 6 104
1425 10370 338 338 13 21 0 399 13 15 405 1 12 0 1 6 104
1426 10368 339 339 13 21 0 399 13 15 405 1 12 0 1 6 104
1427 10374 336 336 13 21 0 399 13 15 405 1 12 0 1 6 104
1428 10372 336 336 15 21 0 399 13 15 405 1 12 0 1 6 104
1429 10365 341 341 12 21 0 399 13 15 405 1 12 0 1 6 104
1430 10366 340 341 12 20 1 399 13 15 405 1 12 0 1 6 104
1431 10368 340 340 11 20 1 399 13 15 404 1 13 0 1 6 104
1432 10376 336 336 11 20 1 400 12 15 405 1 12 0 1 6 104
1433 10379 335 335 10 20 1 400 12 15 405 1 12 0 1 6 104
1434 10379 335 335 10 20 1 400 12 15 405 1 12 0 1 6 104
1435 10385 332 332 10 20 1 400 12 15 405 1 12 0 1 6 104
1436 10396 327 326 10 20 1 401 11 15 405 1 12 0 1 6 104
1437 10401 324 324 10 20 1 401 11 15 406 1 11 0 1 6 104
1438 10398 325 325 11 20 1 401 11 15 406 1 11 0 1 6 104
1439 10406 321 321 11 20 1 401 11 15 406 1 11 0 1 6 104
1440 10411 319 318 11 20 1 402 10 15 406 1 11 0 1 6 104
1441 10415 317 316 11 20 1 402 10 15 406 1 11 0 1 6 104
1442 10422 314 313 10 20 1 402 10 15 406 1 11 0 1 6 104
1443 10421 315 314 9 20 1 402 10 15 406 1 11 0 1 6 104
1444 10418 316 316 9 20 1 402 10 15 407 1 10 0 1 6 104
1445 10426 312 312 9 20 1 402 10 15 407 1 10 0 1 6 104
1446 10424 313 313 9 20 1 402 10 15 407 1 10 0 1 6 104
1447 10426 312 312 9 20 1 402 10 15 407 1 10 0 1 6 104
1448 10432 310 310 7 20 1 402 10 15 407 1 10 0 1 6 104
1449 10434 309 309 7 20 1 402 10 15 407 1 10 0 1 6 104
1450 10438 308 307 6 20 1 402 10 15 406 1 11 0 1 6 104
1451 10439 308 306 6 20 1 403 9 15 406 1 11 0 1 6 104
1452 10438 309 306 6 20 1 403 9 15 405 1 12 0 1 6 104
1453 10437 310 306 6 20 1 403 9 15 404 1 13 0 1 6 104
1454 10439 309 305 6 20 1 403 9 15 404 1 13 0 1 6 104
1455 10437 310 306 6 20 1 403 9 15 404 1 13 0 1 6 104
1456 10441 308 304 6 20 1 403 9 15 404 1 13 0 1 6 104
1457 10444 307 302 6 20 1 403 9 15 403 1 14 0 1 6 104
1458 10441 309 304 5 19 1 404 9 14 404 1 14 0 1 6 104
1459 10439 310 305 5 19 1 404 9 14 404 1 14 0 1 6 104
1460 10435 312 307 5 19 1 404 9 14 404 1 14 0 1 6 104
1461 10439 310 305 5 19 1 404 9 14 404 1 14 0 1 6 104
1462 10439 310 305 5 19 1 404 9 14 404 1 14 0 1 6 104
1463 10439 310 305 5 19 1 404 9 14 404 1 14 0 1 6 104
1464 10440 310 304 5 20 1 403 9 14 403 2 14 0 1 6 104
1465 10438 311 305 5 20 1 403 9 14 403 2 14 0 1 6 104
1466 10435 312 306 6 20 1 403 9 14 403 2 14 0 1 6 104
1467 10433 313 307 6 20 1 403 9 14 403 2 14 0 1 6 104
1468 10431 314 308 6 20 1 403 9 14 403 2 14 0 1 6 104
1469 10435 312 306 6 20 1 403 9 14 403 2 14 0 1 6 104
1470 10434 312 307 6 20 1 403 9 14 404 2 13 0 1 6 104
1471 10439 309 305 6 20 1 403 9 14 405 2 12 0 1 6 104
1472 10437 310 306 6 20 1 403 9 14 405 2 12 0 1 6 104
1473 10437 310 306 6 20 1 403 9 14 405 2 12 0 1 6 104
1474 10436 311 308 6 20 1 401 10 14 404 2 12 0 1 6 104
1475 10438 310 307 6 20 1 401 10 14 404 2 12 0 1 6 104
1476 10434 312 309 6 20 1 401 10 14 404 2 12 0 1 6 104
1477 10434 312 309 6 20 1 401 10 14 404 2 12 0 1 6 104
1478 10438 310 307 6 20 1 401 10 14 404 2 12 0 1 6 104
1479 10439 310 306 6 21 0 401 10 14 404 2 12 0 1 6 104
1480 10437 311 307 6 21 0 401 10 14 404 2 12 0 1 6 104
1481 10437 311 307 6 21 0 401 10 14 404 2 12 0 1 6 104
1482 10447 306 302 6 21 0 401 10 14 404 2 12 0 1 6 104
1483 10449 305 301 6 21 0 401 10 14 404 2 12 0 1 6 104
1484 10448 306 301 6 21 0 401 10 14 403 2 13 0 1 6 104
1485 10449 305 301 6 21 0 401 10 14 404 2 12 0 1 6 104
1486 10453 303 299 6 21 0 401 10 14 404 2 12 0 1 6 104
1487 10451 304 300 6 21 0 401 10 14 404 2 12 0 1 6 104
1488 10456 302 298 5 21 0 401 10 14 404 2 12 0 1 6 104
1489 10462 299 295 5 21 0 401 10 14 404 2 12 0 1 6 104
1490 10464 298 294 5 21 0 401 10 14 404 2 12 0 1 6 104
1491 10466 297 293 5 21 0 401 10 15 403 2 12 0 2 6 103
1492 10468 296 292 5 21 0 401 10 15 403 2 12 0 2 6 103
1493 10474 293 289 5 21 0 401 10 15 403 2 12 0 2 6 103
1494 10479 290 287 5 21 0 401 10 15 404 2 11 0 2 6 103
1495 10480 289 286 6 21 0 401 10 15 404 2 11 0 2 6 103
1496 10479 290 286 6 21 0 401 10 15 403 2 12 0 2 6 103
1497 10481 289 285 6 21 0 401 10 15 403 2 12 0 2 6 103
1498 10479 290 286 6 21 0 401 10 15 403 2 12 0 2 6 103
1499 10481 289 285 6 21 0 401 10 15 403 2 12 0 2 6 103
1500 10481 289 285 6 21 0 401 10 15 403 2 12 0 2 6 103
