0 11841 195 0 0 0 0 0 0
1 11842 188 0 6 0 0 0 0
2 11842 188 0 6 0 0 0 0
3 11837 193 0 6 0 0 0 0
4 11834 192 0 10 0 0 0 0
5 11836 188 0 12 0 0 0 0
6 11837 189 0 10 0 0 0 0
7 11836 186 0 14 0 0 0 0
8 11836 182 0 18 0 0 0 0
9 11838 178 1 19 0 0 0 0
10 11839 173 1 23 0 0 0 0
11 11839 171 0 26 0 0 0 0
12 11835 171 0 30 0 0 0 0
13 11838 168 0 30 0 0 0 0
14 11839 161 0 36 0 0 0 0
15 11838 162 0 36 0 0 0 0
16 11837 161 0 38 0 0 0 0
17 11837 157 0 42 0 0 0 0
18 11837 151 0 48 0 0 0 0
19 11839 149 1 47 0 0 0 0
20 11840 146 1 49 0 0 0 0
21 11838 146 1 51 0 0 0 0
22 11838 144 1 53 0 0 0 0
23 11835 153 1 47 0 0 0 0
24 11834 158 1 43 0 0 0 0
25 11834 156 1 45 0 0 0 0
26 11833 151 1 51 0 0 0 0
27 11828 156 1 51 0 0 0 0
28 11827 157 1 51 0 0 0 0
29 11825 151 1 59 0 0 0 0
30 11822 154 1 59 0 0 0 0
31 11819 153 3 61 0 0 0 0
32 11818 152 3 63 0 0 0 0
33 11819 147 3 67 0 0 0 0
34 11816 152 3 65 0 0 0 0
35 11811 149 3 73 0 0 0 0
36 11806 152 3 75 0 0 0 0
37 11804 164 3 65 0 0 0 0
38 11803 163 2 68 0 0 0 0
39 11799 169 3 65 0 0 0 0
40 11794 170 3 69 0 0 0 0
41 11791 169 3 73 0 0 0 0
42 11787 173 4 72 0 0 0 0
43 11785 167 3 81 0 0 0 0
44 11784 168 3 81 0 0 0 0
45 11777 181 4 73 0 0 0 1
46 11776 176 3 79 0 0 0 2
47 11772 176 4 82 0 0 0 2
48 11767 177 4 86 0 0 0 2
49 11762 184 4 84 0 0 0 2
50 11759 188 4 82 0 1 0 2
51 11751 192 4 86 0 1 0 2
52 11741 188 4 99 0 1 0 3
53 11736 191 4 100 0 1 0 4
54 11731 190 6 103 0 1 0 5
55 11729 186 7 107 0 1 0 6
56 11723 188 7 111 0 1 0 6
57 11715 198 7 109 0 1 0 6
58 11709 196 8 116 0 1 0 6
59 11702 199 8 120 0 1 0 6
60 11701 194 8 126 0 1 0 6
61 11699 192 9 129 0 1 0 6
62 11689 200 9 131 0 1 0 6
63 11682 203 9 135 0 1 0 6
64 11673 212 9 134 0 1 0 7
65 11665 218 10 134 0 1 0 8
66 11657 222 10 138 0 1 0 8
67 11647 224 10 146 0 1 0 8
68 11639 236 10 142 0 1 0 8
69 11635 240 9 141 0 1 0 10
70 11629 245 10 141 0 2 0 9
71 11627 238 10 150 0 1 0 10
72 11618 253 11 143 0 1 0 10
73 11611 251 11 151 0 2 0 10
74 11605 247 11 161 0 2 0 10
75 11600 248 11 164 0 2 0 11
76 11592 247 12 172 0 3 0 10
77 11588 245 13 176 0 3 0 11
78 11583 250 12 177 0 3 0 11
79 11577 246 12 184 0 3 0 14
80 11572 253 11 182 0 3 0 15
81 11558 261 12 187 0 3 0 15
82 11553 279 12 174 0 4 0 14
83 11543 283 13 177 0 4 0 16
84 11537 289 12 178 0 4 0 16
85 11534 287 13 182 0 5 0 15
86 11533 280 14 189 0 5 0 15
87 11530 278 13 195 0 6 0 14
88 11528 275 15 197 0 5 0 16
89 11520 279 16 199 0 5 0 17
90 11518 274 16 205 0 6 0 17
91 11509 277 18 208 0 6 0 18
92 11508 279 21 204 0 7 0 17
93 11509 261 22 219 0 6 0 19
94 11508 262 23 217 0 6 0 20
95 11505 259 26 220 0 6 0 20
96 11501 263 28 217 0 4 0 23
97 11495 264 28 222 0 5 0 22
98 11492 268 27 222 0 4 0 23
99 11489 271 25 224 0 4 0 23
100 11489 274 26 220 0 5 0 22
101 11486 276 26 221 0 4 0 23
102 11485 268 28 224 0 5 0 26
103 11485 257 27 235 0 4 0 28
104 11482 256 30 235 0 4 0 29
105 11478 253 30 242 0 5 0 28
106 11471 257 32 242 0 6 0 28
107 11468 259 32 243 0 7 0 27
108 11463 259 33 247 0 8 0 26
109 11458 260 34 249 0 8 0 27
110 11459 256 35 251 0 7 0 28
111 11458 259 35 248 0 7 0 29
112 11454 258 35 253 0 8 0 28
113 11451 249 37 261 0 8 0 30
114 11450 238 38 271 0 8 0 31
115 11452 239 37 268 0 7 0 33
116 11446 235 40 274 0 7 0 34
117 11443 239 41 271 0 8 0 34
118 11440 250 42 260 0 8 0 36
119 11438 249 42 263 0 7 0 37
120 11438 244 41 269 0 6 0 38
121 11440 246 39 265 0 6 0 40
122 11439 243 39 267 0 6 0 42
123 11436 239 39 274 0 7 0 41
124 11435 236 42 275 0 7 0 41
125 11431 243 40 273 0 8 0 41
126 11427 251 39 270 0 10 0 39
127 11423 250 39 274 0 9 0 41
128 11414 264 38 270 0 10 0 40
129 11411 260 39 276 0 11 0 39
130 11411 254 39 282 0 11 0 39
131 11407 253 41 285 0 12 0 38
132 11409 251 42 283 0 12 0 39
133 11407 249 43 283 0 14 0 40
134 11406 248 43 284 0 14 0 41
135 11403 245 44 289 0 16 0 39
136 11398 238 45 300 0 16 0 39
137 11396 241 46 298 0 15 0 40
138 11394 243 48 295 0 15 0 41
139 11394 234 49 302 0 16 0 41
140 11393 233 48 305 0 16 0 41
141 11385 241 50 303 0 16 0 41
142 11382 246 51 300 0 18 0 39
143 11382 249 53 295 0 17 0 40
144 11380 251 51 296 0 17 0 41
145 11380 246 50 302 0 16 0 42
146 11379 225 54 318 0 16 0 44
147 11378 231 54 313 0 17 0 43
148 11375 240 55 306 0 15 0 45
149 11372 242 56 306 0 16 0 44
150 11372 240 56 307 0 16 0 45
151 11367 239 59 310 0 16 0 45
152 11369 246 60 299 0 19 0 43
153 11368 244 62 298 0 18 0 46
154 11370 245 63 294 0 21 0 43
155 11370 246 61 294 0 20 0 45
156 11370 243 59 299 0 19 0 46
157 11365 245 59 301 0 20 0 46
158 11364 234 58 313 0 18 0 49
159 11367 238 58 306 0 17 0 50
160 11365 241 55 308 0 18 0 49
161 11365 236 54 313 0 17 0 51
162 11362 241 54 311 0 17 0 51
163 11361 235 54 318 0 20 0 48
164 11366 231 51 320 0 23 0 45
165 11370 225 47 326 0 21 0 47
166 11369 222 49 328 0 21 0 47
167 11366 224 51 326 0 20 0 49
168 11363 229 50 325 0 22 0 47
169 11355 241 50 320 0 22 0 48
170 11356 236 52 320 0 22 0 50
171 11351 242 51 319 0 23 0 50
172 11348 239 53 323 0 23 0 50
173 11341 246 52 324 0 21 0 52
174 11341 240 53 329 0 21 0 52
175 11335 235 53 339 0 20 0 54
176 11334 242 52 333 0 22 0 53
177 11334 244 50 333 0 22 0 53
178 11330 245 51 333 0 21 0 56
179 11324 233 51 351 0 23 0 54
180 11322 239 51 347 0 23 0 54
181 11317 248 49 345 0 23 0 54
182 11318 246 50 344 0 22 0 56
183 11316 244 49 348 0 22 0 57
184 11317 243 50 346 0 22 0 58
185 11317 252 49 337 0 23 0 58
186 11314 249 51 341 0 23 0 58
187 11314 256 51 334 0 22 0 59
188 11311 256 52 334 0 23 0 60
189 11308 250 56 337 0 24 0 61
190 11307 250 56 338 0 25 0 60
191 11304 247 59 340 0 25 0 61
192 11305 255 59 330 0 26 0 61
193 11310 253 55 330 0 25 0 63
194 11309 250 54 335 0 27 0 61
195 11308 249 57 334 0 27 0 61
196 11304 256 59 329 0 30 0 58
197 11300 256 63 328 0 30 0 59
198 11298 259 62 327 0 31 0 59
199 11299 250 61 334 0 31 0 61
200 11299 250 61 332 0 31 0 63
201 11298 252 62 330 0 32 0 62
202 11300 250 65 326 0 30 0 65
203 11302 256 62 321 0 30 0 65
204 11303 260 59 319 0 31 0 64
205 11303 250 59 329 0 29 0 66
206 11303 240 61 336 0 27 0 69
207 11301 240 61 338 0 27 0 69
208 11302 235 60 343 0 25 0 71
209 11300 239 61 339 0 27 0 70
210 11301 248 62 328 0 29 0 68
211 11300 250 59 330 0 30 0 67
212 11298 242 59 340 0 28 0 69
213 11298 246 62 332 0 30 0 68
214 11299 250 63 326 0 31 0 67
215 11299 254 60 324 0 33 0 66
216 11296 255 60 326 0 33 0 66
217 11295 254 61 327 0 31 0 68
218 11295 255 64 323 0 32 0 67
219 11294 252 67 324 0 30 0 69
220 11294 255 63 324 0 31 0 69
221 11294 258 62 321 0 32 0 69
222 11293 254 64 324 0 31 0 70
223 11300 251 55 329 0 31 0 70
224 11298 258 51 328 0 32 0 69
225 11295 241 52 347 0 30 0 71
226 11289 236 53 357 0 27 0 74
227 11290 251 49 345 0 29 0 72
228 11283 253 51 347 0 28 0 74
229 11283 255 53 342 0 28 0 75
230 11278 260 57 338 0 28 0 75
231 11276 255 57 345 0 27 0 76
232 11276 258 55 344 0 30 0 73
233 11272 267 55 337 0 33 0 72
234 11269 267 57 338 0 34 0 71
235 11266 276 55 334 0 34 0 71
236 11261 270 55 345 0 35 0 70
237 11256 260 55 359 0 34 0 72
238 11252 257 56 365 0 35 0 71
239 11251 258 56 363 0 35 0 73
240 11252 260 55 360 0 38 0 71
241 11250 267 51 359 0 37 0 72
242 11246 263 52 365 0 35 0 75
243 11246 266 52 359 0 38 0 75
244 11244 261 49 368 0 39 0 75
245 11236 265 49 371 0 41 0 74
246 11232 267 50 371 0 41 0 75
247 11229 269 49 371 0 44 0 74
248 11225 264 49 380 0 43 0 75
249 11217 267 47 387 0 44 0 74
250 11213 261 47 395 0 44 0 76
251 11209 267 47 392 0 44 0 77
252 11210 267 47 388 0 45 0 79
253 11206 264 49 393 0 48 0 76
254 11201 260 49 402 0 47 0 77
255 11198 265 51 398 0 47 0 77
256 11193 276 52 391 0 47 0 77
257 11190 286 56 380 0 46 0 78
258 11188 281 57 386 0 47 0 77
259 11183 279 54 394 0 44 0 82
260 11181 282 55 392 0 45 0 81
261 11177 290 54 387 0 43 0 85
262 11169 297 54 388 0 44 0 84
263 11164 301 54 388 0 43 0 86
264 11156 305 53 392 0 45 0 85
265 11148 302 54 402 0 44 0 86
266 11144 298 54 410 0 46 0 84
267 11138 300 53 412 0 44 0 89
268 11137 295 53 417 0 44 0 90
269 11132 299 52 417 0 41 0 95
270 11120 309 52 418 0 43 0 94
271 11116 316 51 413 0 44 0 96
272 11114 314 49 418 0 46 0 95
273 11109 320 48 414 0 47 0 98
274 11106 319 48 416 0 49 0 98
275 11098 325 49 413 0 47 0 104
276 11094 318 50 423 0 46 0 105
277 11092 313 51 428 0 47 0 105
278 11082 324 53 422 0 48 0 107
279 11075 330 53 423 0 49 0 106
280 11069 337 57 417 0 54 0 102
281 11061 339 56 423 0 54 0 103
282 11057 327 59 434 0 54 0 105
283 11047 327 62 440 0 58 0 102
284 11043 324 62 447 0 55 0 105
285 11048 311 61 453 0 55 0 108
286 11047 306 64 454 0 55 0 110
287 11045 308 63 455 0 55 0 110
288 11042 297 63 467 0 51 0 116
289 11039 297 62 469 0 50 0 119
290 11035 302 63 465 0 51 0 120
291 11033 304 57 470 0 49 0 123
292 11032 299 61 470 0 53 0 121
293 11025 299 61 476 0 54 0 121
294 11024 297 60 478 0 51 0 126
295 11021 308 59 471 0 53 0 124
296 11019 299 61 476 0 52 0 129
297 11021 301 62 471 0 52 0 129
298 11017 300 66 471 0 51 0 131
299 11011 307 67 469 0 56 0 126
300 11011 300 65 478 0 51 0 131
301 11009 297 66 480 0 50 0 134
302 11004 308 70 466 0 52 0 136
303 11001 298 71 478 0 53 0 135
304 10997 294 69 488 0 51 0 137
305 10997 296 67 487 0 55 0 134
306 10996 303 66 482 0 55 0 134
307 10992 299 66 490 0 57 0 132
308 10992 295 69 491 0 59 0 130
309 10993 290 69 494 0 63 0 127
310 10989 302 69 485 0 67 0 124
311 10992 304 68 481 0 66 0 125
312 10991 304 72 478 0 67 0 124
313 10987 303 72 482 0 64 0 128
314 10982 314 74 474 0 66 0 126
315 10983 307 74 479 0 66 0 127
316 10978 304 75 485 0 64 0 130
317 10979 295 72 496 0 62 0 132
318 10978 295 75 492 0 59 0 137
319 10974 291 80 494 0 59 0 138
320 10977 291 79 491 0 62 0 136
321 10975 281 80 501 0 60 0 139
322 10976 292 81 488 0 62 0 137
323 10968 296 81 490 0 62 0 139
324 10959 313 81 481 0 62 0 140
325 10950 311 84 489 0 63 0 139
326 10947 312 83 492 0 67 0 135
327 10951 302 81 500 0 71 0 131
328 10952 301 82 497 0 69 0 135
329 10954 291 86 499 0 67 0 139
330 10959 291 87 493 0 72 0 134
331 10964 293 85 487 0 71 0 136
332 10964 287 83 492 0 69 0 141
333 10961 282 85 497 0 67 0 144
334 10957 294 85 487 0 69 0 144
335 10957 294 84 487 0 69 0 145
336 10954 303 84 480 0 71 0 144
337 10953 306 84 477 0 71 0 145
338 10951 309 82 478 0 72 0 144
339 10948 308 86 477 0 70 0 147
340 10947 308 86 478 0 69 0 148
341 10951 313 81 473 0 68 0 150
342 10949 311 81 476 0 68 0 151
343 10946 317 83 470 0 67 0 153
344 10941 310 85 479 0 67 0 154
345 10940 315 85 474 0 73 0 149
346 10931 317 87 478 0 76 0 147
347 10929 318 88 477 0 77 0 147
348 10930 305 92 485 0 79 0 145
349 10928 301 94 487 0 75 0 151
350 10923 305 98 483 0 76 0 151
351 10922 310 100 477 0 78 0 149
352 10926 302 97 484 0 76 0 151
353 10926 297 96 489 0 77 0 151
354 10924 286 96 502 0 76 0 152
355 10925 291 96 495 0 80 0 149
356 10925 275 97 510 0 78 0 151
357 10921 280 97 509 0 79 0 150
358 10917 284 97 509 0 81 0 148
359 10912 278 98 517 0 82 0 149
360 10914 280 96 515 0 84 0 147
361 10911 282 96 516 0 85 0 146
362 10913 285 95 511 0 86 0 146
363 10913 294 95 502 0 87 0 145
364 10911 293 97 501 0 88 0 146
365 10911 294 95 502 0 87 0 147
366 10911 277 94 520 0 82 0 152
367 10911 286 94 511 0 85 0 149
368 10905 284 97 516 0 83 0 151
369 10905 289 97 510 0 82 0 153
370 10906 293 96 505 0 83 0 153
371 10902 308 97 491 0 84 0 154
372 10906 302 91 498 0 80 0 159
373 10911 290 90 506 0 81 0 158
374 10912 287 91 507 0 81 0 158
375 10913 286 92 505 0 79 0 161
376 10912 288 95 500 0 82 0 159
377 10910 288 100 496 0 76 0 166
378 10911 289 102 492 0 78 0 164
379 10916 281 100 496 0 77 0 166
380 10914 280 102 497 0 80 0 163
381 10910 282 103 498 0 78 0 165
382 10915 291 105 481 0 74 0 170
383 10915 282 107 487 0 73 0 172
384 10913 292 108 477 0 73 0 173
385 10914 298 106 472 0 72 0 174
386 10913 290 103 484 0 69 0 177
387 10915 298 102 475 0 69 0 177
388 10918 293 100 478 0 69 0 178
389 10915 284 106 484 0 69 0 178
390 10916 284 107 480 0 66 0 183
391 10917 294 106 469 0 67 0 183
392 10920 283 102 478 0 71 0 182
393 10921 283 103 475 0 74 0 180
394 10925 277 101 479 0 76 0 178
395 10928 272 102 478 0 74 0 182
396 10930 269 101 479 0 73 0 184
397 10929 266 102 482 0 71 0 186
398 10930 257 109 481 0 71 0 188
399 10930 255 108 484 0 71 0 188
400 10926 258 108 484 0 72 0 188
401 10924 263 113 476 0 73 0 187
402 10928 266 110 471 0 74 0 187
403 10927 267 110 470 0 76 0 186
404 10930 259 108 477 0 77 0 185
405 10934 266 106 467 0 80 0 183
406 10935 259 102 477 0 78 0 185
407 10936 258 100 479 0 80 0 183
408 10937 265 99 472 0 80 0 183
409 10939 261 100 472 0 80 0 184
410 10942 266 99 465 0 82 0 182
411 10939 272 101 459 1 84 0 180
412 10943 274 98 455 1 88 0 177
413 10946 270 100 454 1 95 0 170
414 10952 265 98 455 1 96 0 169
415 10949 259 97 464 1 99 0 167
416 10953 251 102 463 1 97 0 169
417 10950 245 103 471 1 92 0 174
418 10950 246 103 470 1 91 0 175
419 10947 252 103 465 1 94 0 174
420 10947 259 105 455 1 95 0 174
421 10945 247 104 470 1 93 0 176
422 10945 246 106 469 1 94 0 175
423 10943 240 107 476 1 92 0 177
424 10939 252 105 470 1 98 0 171
425 10938 259 107 462 1 100 0 169
426 10938 262 101 464 1 99 0 171
427 10938 267 101 457 1 104 0 168
428 10941 266 98 457 1 106 0 167
429 10940 272 95 455 1 103 0 170
430 10941 266 96 459 1 104 0 169
431 10934 264 96 466 1 101 0 174
432 10928 265 98 467 1 96 0 181
433 10926 267 97 467 1 92 0 186
434 10924 271 97 462 1 94 0 187
435 10921 280 96 455 1 96 0 187
436 10923 281 95 452 1 95 0 189
437 10923 280 96 452 1 98 0 186
438 10922 274 95 459 1 95 0 190
439 10922 284 91 453 1 95 0 190
440 10920 290 91 447 1 93 0 194
441 10917 292 88 449 1 92 0 197
442 10912 291 89 453 0 93 1 197
443 10909 284 88 464 0 93 1 197
444 10906 287 89 462 0 89 1 202
445 10897 299 91 457 0 90 1 201
446 10895 289 91 468 0 90 1 202
447 10883 311 94 453 0 96 1 198
448 10878 322 94 445 0 94 1 202
449 10871 327 93 446 0 94 1 204
450 10870 318 94 454 0 94 1 205
451 10871 313 90 461 0 92 1 208
452 10868 314 89 462 0 90 1 212
453 10861 314 87 463 0 93 1 217
454 10857 320 87 458 1 94 0 219
455 10853 319 86 462 1 99 0 216
456 10846 314 86 473 1 99 0 217
457 10834 313 83 487 0 97 1 221
458 10833 304 78 498 0 99 1 223
459 10828 308 81 495 0 100 1 223
460 10820 306 85 500 0 98 1 226
461 10814 309 83 504 0 99 1 226
462 10807 314 85 500 0 97 1 232
463 10808 302 84 511 0 102 1 228
464 10800 307 83 512 0 105 1 228
465 10784 301 83 528 0 109 1 230
466 10782 305 79 526 0 107 1 236
467 10776 313 78 521 0 111 1 236
468 10768 310 79 528 0 114 1 236
469 10761 306 80 536 0 119 1 233
470 10752 305 80 545 0 119 1 234
471 10748 295 77 559 0 107 1 249
472 10748 297 76 556 0 109 1 249
473 10741 295 75 563 0 108 1 253
474 10726 316 75 554 0 112 1 252
475 10718 322 75 554 0 112 1 254
476 10712 322 76 554 0 110 1 261
477 10710 307 78 566 0 107 1 267
478 10703 294 78 582 0 105 1 273
479 10698 300 75 583 0 110 1 269
480 10691 305 73 585 0 108 1 273
481 10685 306 73 589 0 107 1 275
482 10677 295 72 606 0 106 1 279
483 10672 307 71 598 0 109 1 278
484 10664 321 69 593 0 115 1 273
485 10656 322 71 597 0 114 1 275
486 10651 318 72 603 0 117 1 274
487 10646 323 69 604 0 111 1 282
488 10641 328 67 600 0 113 1 286
489 10641 322 65 604 0 115 1 288
490 10639 327 64 602 0 118 1 285
491 10632 331 67 599 0 117 1 289
492 10626 340 70 588 0 116 1 295
493 10625 334 73 589 0 115 1 299
494 10624 335 73 588 0 115 1 300
495 10616 338 76 588 0 116 1 301
496 10612 324 76 603 0 112 1 308
497 10614 309 76 612 0 115 1 309
498 10601 327 77 604 0 120 1 306
499 10599 321 80 606 0 122 1 307
500 10601 311 81 610 0 122 1 310
501 10598 311 81 613 0 123 1 309
502 10595 300 81 624 0 123 1 312
503 10593 296 80 630 0 125 1 311
504 10589 299 80 631 0 132 1 304
505 10584 310 79 623 0 138 1 301
506 10572 311 77 634 0 135 1 306
507 10568 335 77 609 0 137 1 309
508 10564 333 79 612 0 139 1 308
509 10550 343 83 609 0 139 1 311
510 10552 342 81 609 0 136 1 315
511 10551 335 82 616 0 134 1 317
512 10553 329 79 622 0 132 1 320
513 10550 325 80 628 0 131 1 321
514 10553 316 80 633 0 129 1 324
515 10552 294 83 651 0 126 1 329
516 10548 310 84 636 0 130 1 327
517 10545 316 85 632 0 131 1 326
518 10540 322 88 624 0 130 1 331
519 10539 322 91 622 0 133 1 328
520 10531 343 93 607 0 134 1 327
521 10528 333 96 614 0 133 1 331
522 10526 334 94 617 0 136 1 328
523 10523 326 96 623 0 135 1 332
524 10525 326 97 620 0 143 1 324
525 10524 324 98 622 0 144 1 323
526 10522 316 99 629 0 146 1 323
527 10519 311 99 635 0 140 1 331
528 10521 307 98 638 0 148 1 323
529 10523 306 100 633 0 151 1 322
530 10523 305 103 630 0 148 1 326
531 10526 307 100 626 0 155 1 321
532 10526 295 99 637 0 153 1 325
533 10526 292 96 641 0 156 1 324
534 10523 298 98 633 0 155 1 328
535 10519 298 98 637 0 153 1 330
536 10514 302 96 636 0 156 1 331
537 10507 298 101 640 0 155 1 334
538 10511 303 97 634 0 156 1 334
539 10508 293 98 646 0 159 1 331
540 10505 286 99 652 0 159 1 334
541 10507 277 99 659 0 158 1 335
542 10506 262 98 676 0 160 1 333
543 10501 262 97 680 0 161 1 334
544 10499 267 95 677 0 160 1 337
545 10501 267 93 676 0 156 1 342
546 10500 270 95 671 0 164 1 335
547 10500 278 95 662 0 166 1 334
548 10497 287 95 654 0 160 1 342
549 10497 278 97 659 0 155 1 349
550 10499 290 98 644 0 159 1 345
551 10496 289 101 644 0 159 1 346
552 10495 287 103 644 0 160 1 346
553 10494 290 103 641 0 162 1 345
554 10494 292 100 640 0 164 1 345
555 10491 291 101 642 0 166 1 344
556 10491 287 101 645 0 158 1 353
557 10491 281 102 650 0 160 1 351
558 10488 273 104 659 0 161 1 350
559 10485 270 106 661 0 157 1 356
560 10484 275 109 653 0 161 1 353
561 10485 283 112 638 0 164 1 353
562 10482 280 110 644 0 170 1 349
563 10479 275 111 649 0 164 1 357
564 10479 280 110 645 0 167 1 354
565 10475 268 112 658 0 167 1 355
566 10474 262 113 664 1 161 0 361
567 10476 265 109 660 1 166 0 359
568 10476 270 110 654 1 167 0 358
569 10478 265 112 654 0 169 1 357
570 10472 264 113 657 0 164 1 365
571 10474 256 116 657 0 168 1 364
572 10474 269 114 645 0 171 1 362
573 10478 270 115 637 0 174 1 361
574 10474 272 113 641 0 168 1 367
575 10473 276 114 636 0 165 1 371
576 10469 273 115 641 0 160 1 377
577 10471 269 113 643 0 158 1 381
578 10473 277 111 635 0 160 1 379
579 10475 269 111 638 0 170 1 372
580 10473 278 109 633 0 175 1 367
581 10470 284 109 630 0 176 1 366
582 10468 276 106 643 0 172 1 370
583 10472 273 103 645 0 175 1 367
584 10471 271 104 647 0 182 1 360
585 10473 267 106 645 0 186 1 358
586 10467 285 104 634 0 194 1 351
587 10462 286 106 636 0 192 1 353
588 10460 271 107 651 0 189 1 357
589 10460 265 112 651 0 187 1 360
590 10457 258 112 661 0 183 1 364
591 10459 266 113 647 0 187 1 363
592 10458 266 115 646 0 186 1 364
593 10451 268 118 648 0 185 1 365
594 10452 263 117 652 0 185 1 366
595 10452 258 120 653 0 190 1 362
596 10452 274 118 638 0 196 1 357
597 10450 276 117 638 0 196 1 358
598 10446 268 119 647 0 190 1 365
599 10448 259 118 653 0 187 1 370
600 10451 239 117 671 0 184 1 373
601 10452 240 118 667 0 188 1 370
602 10452 252 119 653 0 188 1 371
603 10453 249 117 656 0 198 1 362
604 10451 246 121 656 0 193 1 368
605 10452 246 120 655 0 198 1 364
606 10454 242 120 655 0 200 1 364
607 10457 238 121 655 0 193 1 371
608 10457 238 123 653 0 201 1 363
609 10455 239 126 650 0 204 1 361
610 10456 234 125 655 0 204 1 361
611 10455 235 124 656 0 200 1 365
612 10457 237 125 651 0 206 1 359
613 10461 240 125 644 0 207 1 358
614 10462 239 125 643 0 207 1 359
615 10459 248 126 633 0 211 1 358
616 10461 240 123 641 0 211 1 359
617 10462 233 121 649 0 207 1 363
618 10462 243 118 642 0 209 1 361
619 10463 246 118 637 0 205 1 366
620 10465 237 117 645 0 210 1 361
621 10472 242 117 632 0 212 1 360
622 10469 248 116 629 0 213 1 360
623 10471 244 115 631 0 213 1 361
624 10473 247 118 623 0 220 1 354
625 10471 253 117 620 0 226 1 348
626 10463 253 117 628 0 222 1 352
627 10459 247 116 639 0 216 1 358
628 10459 258 113 631 0 213 1 361
629 10449 262 111 638 0 207 1 368
630 10446 256 111 647 0 204 1 371
631 10442 248 114 654 0 200 1 377
632 10437 259 113 648 0 198 1 380
633 10435 255 116 649 1 195 0 385
634 10433 259 117 641 1 193 0 392
635 10428 260 119 640 1 195 0 393
636 10426 272 119 629 1 195 0 394
637 10421 266 121 637 1 192 0 398
638 10419 275 120 630 1 193 0 398
639 10414 274 121 635 1 195 0 396
640 10411 267 122 642 1 195 0 398
641 10406 270 122 643 1 191 0 403
642 10406 270 122 640 1 189 0 408
643 10402 272 125 638 1 197 0 401
644 10392 301 124 615 1 202 0 401
645 10387 303 128 613 1 211 0 393
646 10389 295 124 622 1 211 0 394
647 10385 290 124 627 1 218 0 391
648 10377 294 124 629 1 212 0 399
649 10373 287 118 646 1 219 0 392
650 10368 294 120 640 1 221 0 392
651 10364 304 117 635 1 223 0 392
652 10359 298 122 638 1 228 0 390
653 10359 294 118 644 1 228 0 392
654 10353 302 117 641 1 230 0 392
655 10347 301 116 646 1 229 0 396
656 10342 302 110 656 1 227 0 398
657 10335 311 112 652 1 231 0 394
658 10330 300 111 666 1 229 0 399
659 10323 306 106 671 1 224 0 405
660 10320 305 105 674 1 224 0 407
661 10317 304 99 682 1 226 0 407
662 10312 300 95 692 1 221 0 415
663 10312 314 94 675 1 225 0 415
664 10309 313 91 679 1 229 0 414
665 10301 305 88 693 1 229 0 419
666 10301 295 86 700 1 221 0 432
667 10295 303 87 695 1 223 0 432
668 10286 302 90 698 1 221 0 438
669 10283 306 92 693 1 218 0 443
670 10271 317 90 692 1 215 0 450
671 10267 313 89 699 1 215 0 452
672 10261 316 93 696 1 212 0 457
673 10253 302 93 713 1 204 0 470
674 10243 303 93 721 1 205 0 470
675 10238 293 92 733 1 202 0 477
676 10236 289 95 731 1 202 0 482
677 10231 281 95 740 0 202 1 486
678 10227 292 92 735 0 205 1 484
679 10218 283 95 747 0 203 1 489
680 10212 295 95 739 0 211 1 483
681 10212 295 92 738 0 215 1 483
682 10209 285 95 745 0 218 1 483
683 10205 291 96 731 0 222 1 490
684 10201 278 99 740 0 221 1 496
685 10199 281 99 737 0 220 1 499
686 10196 288 98 733 0 228 1 492
687 10193 292 103 722 0 231 1 494
688 10192 295 104 719 0 239 1 486
689 10186 284 107 730 0 240 1 488
690 10178 285 109 733 0 249 1 481
691 10169 302 111 718 0 259 1 476
692 10159 308 111 722 0 261 1 474
693 10159 299 113 729 0 258 1 477
694 10154 292 110 736 0 254 1 489
695 10157 294 110 728 0 257 1 489
696 10151 293 112 731 0 260 1 488
697 10143 295 115 730 0 260 1 492
698 10141 296 114 732 0 259 1 493
699 10141 289 115 736 0 262 1 492
700 10136 280 118 745 0 258 1 498
701 10134 273 115 755 0 269 1 489
702 10135 274 111 755 0 269 1 491
703 10133 267 109 764 0 264 1 498
704 10127 272 111 761 0 267 1 497
705 10124 277 110 758 0 265 1 501
706 10111 278 112 766 0 263 1 505
707 10114 270 112 768 0 260 1 511
708 10116 271 111 764 0 265 1 508
709 10118 276 109 755 0 272 1 505
710 10115 277 109 756 0 266 1 512
711 10109 279 110 757 0 262 1 518
712 10106 270 111 765 0 256 1 527
713 10109 272 106 765 0 255 1 528
714 10111 270 104 764 0 259 1 527
715 10109 268 103 768 0 257 1 530
716 10104 278 106 758 0 260 1 529
717 10099 271 107 764 0 252 1 542
718 10099 275 106 761 0 246 1 548
719 10093 291 106 750 0 252 1 543
720 10093 282 108 753 0 253 1 546
721 10094 284 108 749 0 256 1 544
722 10091 293 111 739 0 256 1 545
723 10088 284 112 749 0 252 1 550
724 10083 287 118 744 0 250 1 553
725 10080 272 120 760 0 252 1 551
726 10074 276 126 750 0 250 1 559
727 10077 292 124 733 0 259 1 550
728 10071 278 130 746 0 257 1 553
729 10070 289 130 735 0 259 1 552
730 10071 291 131 728 0 258 1 556
731 10067 291 134 729 0 252 1 562
732 10067 289 133 729 0 250 1 567
733 10061 302 132 722 0 255 1 563
734 10060 294 128 731 0 256 1 566
735 10065 305 127 715 0 256 1 567
736 10067 311 126 708 0 270 1 553
737 10065 311 123 713 0 274 1 549
738 10065 303 120 723 0 266 1 558
739 10061 302 121 727 0 263 1 561
740 10061 299 117 732 0 268 1 558
741 10058 302 121 728 0 274 1 552
742 10063 277 122 747 0 274 1 552
743 10062 277 122 748 0 271 1 555
744 10060 280 122 747 0 278 1 548
745 10057 267 126 759 0 276 1 550
746 10059 261 127 761 0 276 1 551
747 10065 256 122 764 0 283 1 545
748 10066 256 127 758 0 280 1 548
749 10060 264 128 754 0 278 1 551
750 10058 248 129 770 0 274 1 556
751 10059 249 128 763 0 276 2 559
752 10063 244 126 766 0 291 2 544
753 10058 236 128 776 0 296 2 540
754 10057 245 126 768 0 302 1 537
755 10051 247 128 767 0 298 1 544
756 10049 239 128 776 0 288 1 555
757 10048 239 127 777 0 287 1 557
758 10050 261 124 754 0 293 1 553
759 10049 253 128 758 0 292 1 555
760 10053 253 123 757 0 298 1 551
761 10055 262 123 746 0 301 1 548
762 10053 266 123 742 0 303 1 548
763 10057 259 125 740 0 308 1 546
764 10057 256 129 739 0 311 1 543
765 10061 261 128 729 0 320 1 536
766 10061 260 129 728 0 323 1 534
767 10062 258 129 727 0 322 1 537
768 10060 258 130 728 0 324 1 535
769 10062 259 127 727 0 331 1 529
770 10064 262 126 723 0 338 1 522
771 10060 261 127 727 0 339 1 521
772 10057 254 126 738 0 329 1 531
773 10059 241 124 751 0 320 1 540
774 10058 248 123 745 0 322 1 539
775 10063 244 121 746 0 321 1 540
776 10059 250 121 743 0 323 1 539
777 10064 250 119 739 0 328 1 535
778 10063 242 120 747 0 319 1 544
779 10060 251 118 742 0 321 1 543
780 10061 248 117 743 0 321 1 545
781 10061 245 119 744 0 328 1 538
782 10055 248 119 747 0 329 1 537
783 10052 265 117 735 0 335 1 531
784 10050 265 118 734 0 341 1 527
785 10048 258 118 741 0 336 1 534
786 10047 257 120 739 0 338 1 534
787 10047 241 120 755 0 330 1 542
788 10042 248 124 747 1 329 0 545
789 10043 257 123 737 1 337 0 538
790 10043 255 125 736 1 337 0 539
791 10046 246 122 744 1 331 0 546
792 10047 245 120 745 1 333 0 545
793 10045 252 121 739 1 328 0 550
794 10038 252 123 743 1 331 0 548
795 10042 263 119 732 1 340 0 539
796 10043 249 121 743 1 335 0 544
797 10044 251 116 745 1 334 0 545
798 10046 249 116 745 1 332 0 547
799 10042 253 116 744 1 338 0 542
800 10042 244 121 748 1 333 0 547
801 10040 243 122 750 1 338 0 542
802 10034 234 122 764 1 335 0 546
803 10033 231 126 764 1 329 0 552
804 10037 232 123 762 1 328 0 553
805 10041 231 120 761 1 329 0 553
806 10041 237 115 760 1 329 0 553
807 10041 240 114 755 1 328 0 557
808 10039 240 112 759 1 332 0 553
809 10044 241 112 753 1 328 0 557
810 10042 240 112 753 1 327 0 561
811 10042 233 112 760 1 318 0 570
812 10045 221 111 769 1 323 0 566
813 10043 226 112 764 1 322 0 568
814 10042 233 114 754 1 318 0 574
815 10041 238 115 748 1 324 0 569
816 10040 235 117 750 1 324 0 569
817 10039 235 120 748 1 325 0 568
818 10039 239 120 744 2 328 0 564
819 10036 236 123 746 2 330 0 563
820 10037 234 125 744 1 330 1 564
821 10036 246 127 731 1 333 1 561
822 10034 253 129 724 1 330 1 564
823 10040 244 126 729 1 329 1 566
824 10044 231 126 738 1 332 1 563
825 10041 243 124 731 2 334 0 561
826 10042 247 124 725 2 327 0 569
827 10041 239 126 731 2 324 0 573
828 10042 258 130 705 2 338 0 561
829 10044 255 132 703 2 339 0 561
830 10040 255 135 704 2 339 0 561
831 10038 252 135 709 2 336 0 564
832 10038 251 134 711 2 339 0 561
833 10040 242 131 720 2 338 0 563
834 10039 242 135 715 2 337 0 566
835 10038 247 134 709 2 339 0 567
836 10039 248 129 711 2 337 0 570
837 10033 249 134 710 2 338 0 570
838 10030 248 135 711 2 336 0 574
839 10030 247 135 710 2 339 0 573
840 10029 254 133 705 2 339 0 574
841 10030 247 132 712 2 333 0 580
842 10027 245 134 713 2 332 0 583
843 10030 244 130 715 2 336 0 579
844 10030 249 130 707 2 341 0 577
845 10027 264 128 695 2 343 0 577
846 10018 281 130 684 2 351 0 570
847 10019 279 126 688 2 356 0 566
848 10017 265 128 698 2 350 0 576
849 10014 267 125 697 1 348 1 583
850 10007 262 123 709 1 340 1 593
851 10007 251 122 720 1 329 1 605
852 9996 259 128 716 1 330 1 605
853 9993 260 130 714 1 328 1 609
854 9984 258 133 719 1 325 1 615
855 9985 263 129 713 1 337 1 607
856 9985 270 130 704 1 338 1 607
857 9981 266 132 710 1 344 1 601
858 9983 271 127 707 1 353 1 593
859 9976 280 124 707 1 361 1 586
860 9973 277 120 713 1 361 1 590
861 9970 270 121 716 1 365 1 592
862 9969 262 119 725 1 364 1 595
863 9970 247 120 735 1 360 1 602
864 9963 253 119 736 1 357 1 606
865 9953 264 117 735 1 362 1 603
866 9949 266 117 734 1 366 1 602
867 9940 254 118 752 1 363 1 607
868 9937 243 121 760 1 357 1 616
869 9935 241 121 759 1 359 1 619
870 9935 241 121 755 2 354 0 628
871 9924 245 126 754 2 355 0 630
872 9920 250 121 757 2 360 0 626
873 9915 249 120 763 2 348 0 639
874 9907 253 122 764 2 354 0 634
875 9898 263 125 760 2 357 0 631
876 9890 267 126 761 2 359 0 631
877 9887 265 123 764 2 362 0 633
878 9882 270 119 766 2 362 0 635
879 9878 272 116 769 2 362 0 637
880 9875 269 114 775 2 364 0 637
881 9869 272 115 774 2 363 0 641
882 9868 271 114 773 2 363 0 645
883 9864 273 113 773 2 361 0 650
884 9860 291 115 753 2 365 0 650
885 9860 284 114 760 2 364 0 652
886 9860 269 112 775 2 365 0 653
887 9858 278 112 765 2 368 0 653
888 9849 281 114 767 2 362 0 661
889 9838 270 113 787 2 354 0 672
890 9835 283 113 772 2 362 0 669
891 9838 271 110 780 2 365 0 670
892 9838 265 110 785 2 357 0 679
893 9832 265 108 789 2 353 0 687
894 9829 279 110 775 2 358 0 683
895 9822 278 115 774 2 356 0 689
896 9815 283 119 771 2 352 0 694
897 9809 284 120 772 2 361 0 688
898 9806 287 118 772 1 364 1 687
899 9801 291 120 770 1 365 1 687
900 9799 276 123 784 1 362 1 690
901 9797 280 126 776 1 364 1 691
902 9797 276 125 778 1 366 1 692
903 9794 274 125 783 1 359 1 699
904 9795 269 127 784 1 363 1 696
905 9799 265 126 783 1 367 1 694
906 9795 263 123 786 1 365 1 702
907 9796 255 122 794 1 360 1 707
908 9800 260 118 788 1 373 1 695
909 9802 258 117 787 1 375 1 695
910 9801 258 119 784 1 374 1 698
911 9791 263 120 787 1 371 1 702
912 9789 262 122 784 1 374 1 703
913 9784 252 118 803 1 371 1 706
914 9792 250 113 801 1 373 1 705
915 9791 261 114 784 1 381 1 703
916 9791 261 115 782 1 379 1 706
917 9797 251 114 786 1 373 1 713
918 9797 236 116 797 1 372 1 716
919 9794 238 121 792 1 381 1 708
920 9796 236 123 790 1 387 1 702
921 9795 240 118 789 1 396 1 696
922 9794 241 122 785 1 404 1 688
923 9795 237 124 785 1 403 1 690
924 9794 231 122 792 1 402 1 693
925 9794 240 119 786 1 415 1 680
926 9788 248 118 785 0 420 2 675
927 9785 255 120 777 0 418 2 679
928 9779 258 120 778 0 419 2 680
929 9779 250 124 780 0 415 2 686
930 9772 247 127 786 0 411 2 691
931 9770 255 126 780 0 425 2 678
932 9773 252 127 779 0 427 2 676
933 9774 248 126 781 0 424 2 681
934 9774 240 125 789 0 420 2 686
935 9776 235 124 792 0 421 2 686
936 9779 227 120 801 1 423 1 684
937 9779 230 120 795 1 430 1 680
938 9782 235 118 787 1 442 1 670
939 9784 233 117 786 1 438 1 676
940 9786 245 118 771 1 446 1 668
941 9783 251 122 764 1 449 1 665
942 9783 238 120 778 1 456 1 659
943 9780 232 123 780 1 447 1 672
944 9775 235 122 782 1 447 1 673
945 9775 224 123 790 0 449 2 673
946 9774 226 124 787 0 450 2 673
947 9774 224 123 790 0 448 2 675
948 9773 218 126 794 0 441 2 682
949 9771 218 128 793 0 445 2 679
950 9769 208 132 801 0 445 2 679
951 9766 209 133 802 0 443 2 681
952 9766 212 136 794 0 446 2 680
953 9771 217 135 785 0 458 2 668
954 9774 213 135 783 0 463 2 666
955 9773 217 137 776 0 462 2 669
956 9774 216 135 778 1 463 1 668
957 9777 218 134 773 1 464 1 668
958 9780 209 133 780 1 462 1 670
959 9781 206 134 781 1 460 1 672
960 9783 217 132 770 1 473 1 659
961 9788 205 132 775 1 478 1 656
962 9788 205 132 775 1 476 1 658
963 9788 212 129 771 1 479 1 655
964 9783 218 130 768 1 474 1 661
965 9784 210 131 772 1 479 1 658
966 9784 218 130 765 1 481 1 656
967 9779 217 136 765 1 479 1 658
968 9773 217 142 765 1 481 1 656
969 9775 212 138 770 1 474 1 665
970 9777 209 135 774 1 475 1 664
971 9776 210 137 772 1 475 1 664
972 9777 206 140 768 1 474 1 669
973 9776 212 140 760 1 475 1 671
974 9778 219 138 753 1 484 1 662
975 9784 215 136 753 1 486 1 660
976 9789 223 134 742 1 499 1 647
977 9790 220 131 746 1 493 1 654
978 9787 222 134 744 1 496 1 651
979 9787 221 134 745 1 495 1 652
980 9789 208 136 753 1 492 1 656
981 9794 204 133 754 1 501 1 648
982 9795 212 131 746 1 508 1 642
983 9808 209 125 742 1 510 1 640
984 9806 206 127 745 1 503 1 647
985 9801 209 130 743 1 507 1 644
986 9805 198 129 751 2 497 0 654
987 9807 211 122 741 2 504 0 649
988 9812 200 119 750 2 502 0 651
989 9810 199 116 754 2 501 0 654
990 9809 209 116 745 2 502 0 653
991 9809 209 115 746 2 508 0 647
992 9812 195 113 759 2 505 0 650
993 9809 187 117 765 1 503 0 654
994 9809 200 116 752 1 506 0 652
995 9806 202 113 756 1 511 0 647
996 9808 200 110 757 1 507 0 653
997 9806 214 108 746 1 511 0 650
998 9805 208 111 749 1 500 0 662
999 9801 226 112 731 1 520 0 645
1000 9804 218 113 735 1 519 0 646
1001 9807 213 114 735 1 519 0 647
1002 9809 212 115 732 1 512 0 655
1003 9810 201 116 741 1 512 0 655
1004 9813 197 110 748 1 515 0 652
1005 9814 195 111 747 1 510 0 658
1006 9815 182 111 759 1 508 0 660
1007 9813 180 109 763 1 506 0 664
1008 9814 189 107 754 1 518 0 653
1009 9815 194 110 744 1 514 0 658
1010 9816 206 109 730 1 523 0 651
1011 9816 215 113 717 1 526 0 648
1012 9820 220 110 711 1 527 0 647
1013 9815 213 110 723 1 523 0 651
1014 9811 220 110 720 1 522 0 652
1015 9814 223 109 714 1 526 0 649
1016 9817 214 109 720 1 526 0 649
1017 9815 226 107 712 1 528 0 647
1018 9817 226 108 708 1 532 0 644
1019 9817 216 107 719 1 524 0 652
1020 9822 206 100 730 1 517 0 660
1021 9821 207 99 729 1 521 0 658
1022 9818 207 99 730 1 518 0 663
1023 9821 202 99 732 1 508 0 673
1024 9823 203 94 734 1 513 0 668
1025 9826 197 92 738 1 518 0 664
1026 9826 197 94 735 1 522 0 661
1027 9830 191 95 736 1 522 0 661
1028 9827 192 97 736 1 522 0 661
1029 9829 198 99 726 1 528 0 655
1030 9833 196 94 728 1 528 0 656
1031 9834 192 95 730 1 531 0 653
1032 9834 191 97 728 1 532 0 653
1033 9834 188 98 730 1 533 0 652
1034 9837 183 98 732 1 535 0 650
1035 9840 178 99 733 1 533 0 652
1036 9840 178 102 729 1 537 0 649
1037 9839 188 104 718 1 546 0 640
1038 9835 196 107 711 1 546 0 640
1039 9835 199 109 705 1 545 0 642
1040 9834 198 110 706 1 543 0 644
1041 9833 198 111 706 1 540 0 647
1042 9832 196 113 707 1 539 0 648
1043 9830 196 114 708 1 537 0 650
1044 9834 194 116 704 1 545 0 642
1045 9831 199 117 701 1 541 0 646
1046 9831 201 114 700 1 541 0 648
1047 9831 201 118 696 1 541 0 648
1048 9829 200 121 696 1 536 0 653
1049 9834 200 120 692 1 533 0 656
1050 9832 183 120 711 1 526 0 663
1051 9831 181 124 710 1 525 0 664
1052 9837 177 119 713 1 525 0 664
1053 9839 182 119 706 1 524 0 665
1054 9842 168 121 715 1 525 0 664
1055 9845 174 120 706 1 528 0 662
1056 9851 164 122 708 1 518 0 672
1057 9849 168 122 706 1 518 0 672
1058 9851 170 122 701 1 516 0 675
1059 9850 167 120 707 1 514 0 677
1060 9852 171 120 701 1 516 0 675
1061 9857 172 112 703 0 519 1 672
1062 9857 162 118 707 0 517 1 674
1063 9858 159 119 707 0 517 1 675
1064 9858 162 118 703 0 520 1 674
1065 9862 163 116 699 0 529 1 666
1066 9861 158 112 709 0 527 1 668
1067 9865 153 111 711 0 530 1 665
1068 9865 161 114 700 1 531 0 664
1069 9866 158 113 703 1 533 0 662
1070 9868 166 113 693 1 543 0 652
1071 9869 167 114 690 1 543 0 652
1072 9867 170 118 685 1 544 0 651
1073 9864 174 118 684 1 545 0 650
1074 9863 169 119 689 1 537 0 658
1075 9861 177 119 683 1 539 0 656
1076 9861 179 120 680 1 541 0 654
1077 9862 174 117 687 1 539 0 656
1078 9866 169 116 689 1 536 0 659
1079 9867 167 118 688 1 535 0 660
1080 9866 163 118 693 1 532 0 663
1081 9867 154 120 698 1 526 0 670
1082 9868 160 123 688 1 529 0 667
1083 9869 171 119 679 1 537 0 660
1084 9866 177 122 673 1 538 0 659
1085 9867 168 121 679 1 532 0 668
1086 9869 155 120 691 1 525 0 675
1087 9867 158 120 690 1 528 0 672
1088 9867 160 120 688 1 534 0 666
1089 9865 166 119 685 1 534 0 666
1090 9865 155 118 697 1 527 0 673
1091 9865 158 119 692 1 530 0 671
1092 9870 159 119 686 1 536 0 665
1093 9870 162 121 681 1 539 0 662
1094 9876 164 115 679 1 543 0 658
1095 9878 166 111 679 1 545 0 656
1096 9880 160 113 681 1 543 0 658
1097 9885 168 110 671 1 548 0 653
1098 9886 162 113 673 1 545 0 656
1099 9883 150 118 683 1 540 0 661
1100 9884 152 119 679 1 545 0 656
1101 9884 155 116 679 1 548 0 653
1102 9887 154 115 676 1 552 0 651
1103 9888 157 112 675 1 556 0 647
1104 9892 162 112 665 1 563 0 641
1105 9897 160 113 661 1 564 0 640
1106 9900 162 113 656 1 561 0 643
1107 9900 156 114 661 1 561 0 643
1108 9902 155 114 660 0 567 1 637
1109 9902 159 117 653 0 571 1 633
1110 9904 154 116 657 0 570 1 634
1111 9904 161 117 649 0 577 1 627
1112 9901 160 118 652 0 575 1 629
1113 9904 156 115 656 0 570 1 634
1114 9907 155 114 655 0 568 1 636
1115 9909 153 111 658 0 570 1 634
1116 9911 158 107 653 0 575 1 631
1117 9910 160 109 650 0 570 1 636
1118 9908 154 109 658 0 562 1 644
1119 9917 155 105 652 0 572 1 634
1120 9918 150 103 658 0 572 1 634
1121 9918 153 102 656 0 579 1 627
1122 9918 159 104 646 1 588 0 620
1123 9914 155 106 652 1 576 0 632
1124 9917 158 104 648 1 584 0 624
1125 9929 151 100 647 1 587 0 621
1126 9932 141 97 657 1 578 0 630
1127 9934 136 97 659 1 573 0 636
1128 9935 145 100 645 1 577 0 633
1129 9937 142 100 646 1 572 0 638
1130 9941 150 101 634 1 580 0 629
1131 9941 161 104 619 1 589 0 621
1132 9946 143 104 632 1 584 0 626
1133 9946 149 104 626 1 586 0 624
1134 9941 155 108 621 1 585 0 625
1135 9947 145 105 628 1 581 0 629
1136 9946 147 107 625 1 580 0 630
1137 9946 136 108 635 1 579 0 631
1138 9949 142 107 626 1 588 0 623
1139 9951 137 108 627 1 585 0 627
1140 9952 133 109 629 1 586 0 626
1141 9952 136 108 627 1 589 0 623
1142 9951 151 109 612 1 597 0 615
1143 9955 154 102 612 1 610 0 602
1144 9953 152 103 614 1 610 0 603
1145 9955 141 103 623 1 605 0 608
1146 9958 132 101 631 1 601 0 612
1147 9956 136 104 626 1 603 0 610
1148 9955 138 103 625 1 602 0 612
1149 9955 135 103 627 1 599 0 616
1150 9958 124 99 637 1 597 0 620
1151 9957 132 99 629 1 602 0 616
1152 9958 133 98 628 1 602 0 616
1153 9957 136 96 627 1 600 0 619
1154 9962 143 96 615 1 610 0 609
1155 9964 143 99 610 1 618 0 601
1156 9968 147 96 605 1 620 0 599
1157 9969 144 95 608 1 620 0 599
1158 9971 143 93 608 1 625 0 595
1159 9972 145 92 606 1 626 0 594
1160 9972 148 93 602 1 629 0 591
1161 9976 152 90 597 1 631 0 589
1162 9973 155 93 593 1 629 0 592
1163 9974 155 95 590 1 632 0 589
1164 9978 158 91 587 1 633 0 588
1165 9982 157 91 584 1 638 0 583
1166 9978 168 96 572 1 641 0 580
1167 9979 161 93 579 2 634 0 588
1168 9979 155 95 583 2 632 0 590
1169 9979 161 95 577 2 638 0 584
1170 9980 148 96 588 2 628 0 594
1171 9977 146 101 587 2 627 0 596
1172 9976 139 103 593 2 621 0 602
1173 9978 147 102 583 2 627 0 597
1174 9977 139 102 592 2 624 0 600
1175 9978 133 100 598 2 629 1 595
1176 9974 141 101 593 2 627 1 597
1177 9978 142 98 591 2 630 1 594
1178 9980 140 98 591 2 634 1 590
1179 9984 142 98 586 2 636 1 587
1180 9987 135 93 595 2 638 1 585
1181 9988 134 92 596 2 640 1 583
1182 9988 145 89 588 2 651 1 572
1183 9989 152 89 580 2 663 1 560
1184 9995 144 87 583 2 657 1 567
1185 9996 153 89 570 2 661 1 564
1186 9998 144 91 575 2 660 1 565
1187 10002 146 91 568 2 662 1 564
1188 10003 150 87 567 2 663 1 563
1189 9998 157 88 563 2 671 1 556
1190 10001 148 90 567 2 667 1 560
1191 10004 143 89 570 2 665 1 562
1192 10004 139 87 576 2 659 1 568
1193 10005 140 87 573 2 661 1 567
1194 10005 136 82 581 2 661 1 568
1195 10008 133 84 579 2 663 1 566
1196 10009 132 83 579 3 668 0 562
1197 10003 143 85 572 2 670 1 560
1198 9999 145 86 573 2 668 1 562
1199 9999 143 86 575 2 666 1 564
1200 10003 149 85 566 2 670 1 560
1201 10008 137 84 573 2 677 1 554
1202 10008 129 84 581 2 673 1 558
1203 10011 136 80 575 2 685 1 546
1204 10010 131 81 578 2 681 1 552
1205 10014 135 80 571 2 687 1 546
1206 10014 135 79 571 2 691 1 543
1207 10016 129 80 574 2 689 1 545
1208 10017 129 79 573 2 684 1 551
1209 10015 122 82 578 2 679 1 557
1210 10018 119 83 577 2 683 1 553
1211 10017 114 84 582 2 673 1 563
1212 10018 112 82 585 2 668 1 568
1213 10021 104 80 591 2 669 1 568
1214 10022 100 78 596 2 670 1 567
1215 10024 99 77 596 2 669 1 568
1216 10021 108 77 590 2 677 1 560
1217 10026 116 76 578 2 684 1 553
1218 10026 112 77 581 2 678 1 559
1219 10030 104 74 588 2 674 1 563
1220 10030 109 76 581 2 677 1 560
1221 10031 115 74 576 2 682 1 555
1222 10031 115 76 574 2 682 1 555
1223 10033 116 74 573 2 683 2 553
1224 10034 120 75 567 2 686 2 550
1225 10036 125 73 562 2 693 2 543
1226 10035 126 74 561 2 693 2 543
1227 10037 120 74 565 2 693 2 543
1228 10038 115 73 570 2 691 2 545
1229 10040 111 76 568 2 687 2 550
1230 10043 114 73 565 2 697 2 540
1231 10041 123 73 557 2 704 2 534
1232 10045 113 66 570 2 698 2 540
1233 10053 111 64 566 2 702 2 536
1234 10055 109 64 566 2 700 2 538
1235 10054 117 66 556 2 707 2 532
1236 10055 113 69 556 2 698 2 541
1237 10053 113 70 557 2 702 2 537
1238 10053 113 75 552 2 704 2 535
1239 10055 118 77 543 2 707 2 532
1240 10055 111 78 549 2 702 2 537
1241 10055 106 77 555 2 697 2 542
1242 10057 112 76 548 2 699 2 540
1243 10055 118 76 543 2 705 2 535
1244 10060 124 74 534 2 712 2 528
1245 10060 128 75 529 2 712 2 528
1246 10060 131 74 526 3 716 2 524
1247 10059 136 76 520 3 720 2 520
1248 10061 125 76 529 2 712 3 528
1249 10065 117 74 535 2 710 3 530
1250 10066 111 71 543 2 709 3 531
1251 10065 110 73 543 2 705 3 535
1252 10069 108 70 544 2 705 3 535
1253 10070 99 74 547 2 697 3 544
1254 10071 101 72 546 2 700 4 540
1255 10075 100 70 545 2 701 4 539
1256 10074 104 70 542 2 700 4 540
1257 10076 108 70 536 2 710 4 530
1258 10079 116 67 528 2 717 4 523
1259 10078 114 69 529 2 712 4 528
1260 10079 124 70 517 2 721 4 519
1261 10081 123 72 514 3 717 3 523
1262 10078 121 72 519 2 715 4 525
1263 10078 113 73 526 3 712 3 528
1264 10078 114 74 524 3 711 3 529
1265 10080 113 72 525 3 712 3 528
1266 10080 122 71 516 2 718 4 523
1267 10080 122 70 517 2 718 4 523
1268 10078 118 74 519 2 712 4 529
1269 10080 117 70 522 2 711 4 530
1270 10081 121 69 517 2 712 4 530
1271 10079 123 68 518 2 712 4 530
1272 10077 123 68 519 2 708 4 535
1273 10079 122 69 517 2 709 4 534
1274 10078 127 71 511 2 715 4 528
1275 10077 122 68 519 2 709 4 535
1276 10077 115 70 524 2 702 4 542
1277 10078 101 70 537 2 691 5 552
1278 10080 101 69 535 2 693 5 551
1279 10083 100 69 533 3 694 4 550
1280 10082 106 71 526 3 699 4 545
1281 10083 102 70 530 4 695 3 549
1282 10087 98 68 532 4 693 3 551
1283 10086 104 67 528 5 697 3 546
1284 10088 104 67 526 6 700 2 543
1285 10087 109 67 522 6 702 2 541
1286 10089 110 65 521 6 711 2 532
1287 10090 108 67 520 6 714 2 529
1288 10087 108 71 518 6 711 2 533
1289 10084 110 73 517 6 712 2 532
1290 10086 114 74 510 6 712 2 532
1291 10088 105 76 515 6 707 2 537
1292 10085 111 76 512 6 710 2 534
1293 10085 109 77 513 6 710 2 534
1294 10090 114 71 509 6 716 2 528
1295 10091 118 70 505 6 721 2 523
1296 10092 115 71 506 6 721 2 523
1297 10089 117 71 507 5 723 3 521
1298 10088 115 72 508 5 720 3 525
1299 10087 111 77 507 6 714 2 532
1300 10090 104 75 513 5 709 3 537
1301 10093 109 72 508 7 713 2 532
1302 10093 106 72 511 7 712 2 533
1303 10092 103 72 515 7 714 2 531
1304 10092 100 72 518 7 715 2 530
1305 10093 94 74 521 6 713 3 532
1306 10096 96 74 516 6 716 3 529
1307 10097 98 75 512 6 719 3 526
1308 10098 99 72 513 6 717 3 528
1309 10100 97 71 514 6 719 3 526
1310 10105 97 69 511 6 722 3 523
1311 10103 97 70 512 6 720 3 525
1312 10100 102 74 506 6 722 3 523
1313 10104 101 70 507 6 727 3 518
1314 10104 98 71 509 6 726 3 519
1315 10105 97 71 509 6 726 3 519
1316 10103 96 74 509 6 721 3 524
1317 10106 92 77 507 6 722 3 523
1318 10107 97 77 501 6 730 3 515
1319 10111 102 72 497 7 734 2 511
1320 10112 92 73 504 7 723 2 523
1321 10113 96 72 500 7 728 2 518
1322 10111 96 72 502 7 726 2 520
1323 10114 93 71 503 7 726 2 520
1324 10114 100 73 494 7 725 2 521
1325 10112 104 74 491 7 723 2 523
1326 10112 100 72 497 7 721 2 525
1327 10113 111 71 486 7 735 2 511
1328 10112 110 71 487 6 732 3 515
1329 10111 116 70 483 6 737 3 510
1330 10112 119 69 480 6 739 3 508
1331 10112 106 69 493 4 728 5 519
1332 10112 106 70 492 4 728 5 519
1333 10112 102 71 495 4 726 5 521
1334 10115 101 69 494 4 728 5 520
1335 10117 98 67 497 4 731 5 517
1336 10119 104 66 490 3 736 6 512
1337 10118 110 68 483 4 740 5 508
1338 10118 107 65 489 4 741 5 507
1339 10117 109 66 487 5 743 4 505
1340 10119 103 70 486 5 743 4 506
1341 10119 110 72 477 5 752 4 497
1342 10120 108 73 477 5 749 4 500
1343 10119 105 75 479 5 745 4 504
1344 10121 106 74 477 5 746 4 503
1345 10121 108 75 474 5 750 4 499
1346 10122 108 76 471 5 753 4 497
1347 10122 107 77 471 5 750 4 500
1348 10125 107 73 472 5 753 4 497
1349 10129 103 71 474 5 755 4 495
1350 10127 105 70 475 5 755 4 495
1351 10127 106 70 474 5 752 4 498
1352 10129 95 68 485 4 748 5 502
1353 10128 91 69 489 4 743 5 507
1354 10130 90 67 490 4 744 5 506
1355 10130 91 69 487 5 742 4 508
1356 10129 94 71 483 5 742 4 508
1357 10132 98 71 476 6 746 3 504
1358 10132 90 69 486 6 740 3 510
1359 10133 99 70 475 6 748 3 502
1360 10131 97 71 478 6 750 3 500
1361 10132 98 70 477 6 752 3 498
1362 10132 104 72 469 6 756 3 494
1363 10133 95 73 476 6 750 3 500
1364 10135 97 72 473 6 754 3 496
1365 10134 98 72 473 6 754 3 496
1366 10134 98 71 474 6 754 3 496
1367 10143 88 69 477 6 753 3 497
1368 10145 92 68 471 6 759 3 492
1369 10144 97 68 467 6 763 3 488
1370 10149 98 64 465 7 766 3 484
1371 10148 101 65 462 6 771 4 479
1372 10146 104 67 459 7 773 4 476
1373 10147 107 68 454 7 779 5 469
1374 10149 102 66 459 7 774 5 474
1375 10150 98 66 462 7 769 5 479
1376 10152 89 65 470 7 762 5 486
1377 10155 98 61 462 8 767 4 481
1378 10154 103 60 459 8 769 4 479
1379 10155 98 59 464 8 765 4 483
1380 10155 98 59 464 8 765 4 483
1381 10159 93 57 467 8 766 4 482
1382 10159 97 57 463 7 773 5 475
1383 10160 99 58 459 7 772 5 476
1384 10160 99 59 458 7 768 5 480
1385 10160 103 57 456 7 770 5 478
1386 10160 103 60 453 7 770 5 478
1387 10159 99 61 457 7 767 5 481
1388 10161 93 59 463 7 765 5 483
1389 10162 97 58 458 7 772 5 477
1390 10164 88 58 465 7 767 5 482
1391 10166 89 56 464 7 768 6 480
1392 10167 92 58 458 8 769 5 479
1393 10167 87 59 462 7 767 6 481
1394 10168 88 57 462 7 771 6 477
1395 10167 89 59 460 7 767 6 481
1396 10168 94 58 455 7 773 6 475
1397 10167 96 58 454 7 776 6 472
1398 10165 91 63 456 6 770 7 478
1399 10163 88 65 459 5 764 8 484
1400 10162 92 67 454 5 765 8 483
1401 10162 88 68 457 6 760 7 488
1402 10163 89 69 454 5 763 8 485
1403 10163 94 70 448 5 766 8 482
1404 10164 89 71 451 5 766 8 482
1405 10170 87 67 450 5 770 8 479
1406 10173 86 64 451 5 772 8 477
1407 10171 86 64 453 5 768 8 481
1408 10174 89 62 449 5 774 8 475
1409 10173 86 62 453 5 772 8 477
1410 10178 82 62 452 5 775 8 474
1411 10177 82 63 452 5 774 8 475
1412 10179 82 65 448 5 776 8 473
1413 10178 84 67 445 6 778 7 471
1414 10177 87 69 441 5 781 8 468
1415 10177 83 70 444 5 783 8 466
1416 10178 89 72 435 5 782 8 467
1417 10178 99 72 425 6 793 7 456
1418 10177 101 72 424 6 792 7 457
1419 10181 100 70 423 6 795 7 454
1420 10179 97 73 425 6 790 7 459
1421 10180 100 73 421 6 794 7 455
1422 10182 95 73 424 6 791 7 458
1423 10180 97 72 425 6 791 7 458
1424 10183 102 70 419 6 799 7 450
1425 10181 109 70 414 6 802 7 447
1426 10182 97 70 425 6 789 7 460
1427 10182 88 74 430 6 782 7 467
1428 10180 92 74 428 6 784 7 465
1429 10181 90 74 429 6 781 7 468
1430 10182 86 74 432 6 778 7 471
1431 10182 96 76 420 7 787 6 462
1432 10182 93 75 424 8 783 6 465
1433 10183 89 73 429 8 780 6 468
1434 10185 91 71 427 8 786 6 462
1435 10182 101 71 420 8 795 6 453
1436 10182 100 71 421 8 796 6 452
1437 10187 90 66 431 8 793 6 455
1438 10189 88 63 434 8 793 6 455
1439 10190 82 65 437 8 790 6 458
1440 10190 76 68 440 8 784 6 464
1441 10190 79 69 436 8 787 6 461
1442 10188 78 70 438 9 785 5 463
1443 10188 76 70 440 9 783 5 465
1444 10189 73 69 443 9 783 5 465
1445 10187 80 70 437 8 789 6 459
1446 10188 80 69 437 8 790 6 458
1447 10188 86 68 432 8 798 6 450
1448 10191 86 65 432 8 801 6 447
1449 10188 93 69 424 9 802 5 446
1450 10191 86 68 429 9 794 5 454
1451 10193 83 66 432 9 797 5 451
1452 10194 73 68 439 9 790 5 458
1453 10194 79 69 432 9 800 5 448
1454 10196 75 69 434 9 798 5 450
1455 10196 76 67 435 9 799 5 449
1456 10197 72 65 440 9 796 5 452
1457 10198 72 64 440 9 799 5 449
1458 10199 68 64 443 9 798 5 450
1459 10199 73 63 439 9 801 5 447
1460 10201 69 63 441 9 797 5 451
1461 10200 74 64 435 9 801 5 448
1462 10201 70 64 438 9 800 5 449
1463 10206 68 60 439 9 801 5 448
1464 10206 69 61 437 8 805 6 444
1465 10209 68 62 434 8 805 6 444
1466 10206 77 61 429 8 811 6 438
1467 10204 74 61 434 8 804 6 445
1468 10206 77 61 429 8 809 6 440
1469 10207 72 60 434 9 802 5 447
1470 10210 73 58 432 9 804 5 445
1471 10209 84 59 421 9 812 5 437
1472 10209 85 58 421 9 813 5 436
1473 10209 81 58 425 10 810 4 439
1474 10209 72 58 434 10 803 4 446
1475 10213 74 55 431 10 809 4 440
1476 10214 74 56 429 10 810 4 439
1477 10213 76 56 428 10 811 4 438
1478 10215 69 57 432 10 806 4 443
1479 10218 69 55 431 10 809 4 440
1480 10215 69 56 433 10 808 4 441
1481 10214 66 58 435 10 806 4 443
1482 10213 62 58 440 10 803 4 446
1483 10213 60 60 440 10 801 4 448
1484 10212 59 61 441 10 799 4 450
1485 10211 60 63 439 9 800 5 449
1486 10211 62 64 436 9 802 5 447
1487 10211 64 67 431 9 800 5 449
1488 10213 65 68 427 9 803 5 446
1489 10213 68 66 426 9 808 5 441
1490 10217 68 64 424 9 810 5 439
1491 10220 65 64 424 9 808 5 441
1492 10219 64 62 428 9 808 5 441
1493 10219 69 63 422 9 813 5 436
1494 10221 73 61 418 9 817 5 432
1495 10222 75 60 416 9 820 5 429
1496 10223 79 59 412 9 823 5 426
1497 10224 83 60 406 9 828 5 421
1498 10224 80 60 409 10 822 6 425
1499 10225 87 61 400 10 832 6 415
1500 10226 77 60 410 10 821 6 426
1501 10224 75 60 414 10 817 6 430
1502 10227 74 58 414 10 823 6 424
1503 10227 76 58 412 10 825 7 421
1504 10228 84 60 401 10 832 7 414
1505 10230 81 58 404 10 831 7 415
1506 10233 85 56 399 10 836 7 410
1507 10233 82 55 403 10 833 7 413
1508 10232 79 56 406 10 827 7 419
1509 10232 67 57 417 10 817 7 429
1510 10233 63 60 417 10 812 7 434
1511 10233 63 58 419 10 812 7 434
1512 10234 65 61 413 10 813 7 433
1513 10235 65 61 412 11 815 6 431
1514 10237 66 58 412 10 819 7 427
1515 10241 66 54 412 11 820 6 426
1516 10248 69 47 409 11 828 6 418
1517 10249 69 47 408 11 829 6 417
1518 10250 79 47 397 11 840 6 406
1519 10249 82 46 396 11 842 6 404
1520 10247 77 47 402 11 837 6 409
1521 10245 72 46 410 11 830 6 416
1522 10245 66 47 415 10 825 7 421
1523 10247 65 46 415 10 828 7 418
1524 10247 64 44 418 10 829 7 417
1525 10248 59 45 421 11 826 6 420
1526 10249 58 45 421 11 826 6 420
1527 10251 59 44 419 12 828 5 418
1528 10253 61 45 414 12 832 5 414
1529 10253 58 51 411 12 827 5 419
1530 10252 49 52 420 13 816 5 429
1531 10251 49 53 419 13 815 5 431
1532 10251 51 53 417 13 817 5 429
1533 10251 56 51 414 14 819 5 426
1534 10252 56 50 414 14 820 6 424
1535 10255 54 49 414 14 825 6 419
1536 10254 51 49 418 14 821 6 423
1537 10253 51 49 419 13 821 7 423
1538 10252 45 49 426 13 810 7 434
1539 10251 48 51 422 13 812 7 432
1540 10252 53 50 417 13 820 7 424
1541 10257 55 49 411 13 827 7 417
1542 10254 52 50 416 13 823 7 421
1543 10254 51 49 418 13 824 7 420
1544 10252 51 49 420 12 823 8 421
1545 10253 58 50 411 12 829 8 415
1546 10253 53 49 417 12 828 8 416
1547 10253 59 49 411 12 830 8 414
1548 10253 59 49 411 11 831 9 413
1549 10256 61 48 407 11 834 9 410
1550 10258 64 51 399 10 838 10 406
1551 10261 63 49 399 10 838 10 406
1552 10261 67 51 393 10 842 10 402
1553 10261 69 52 390 10 844 10 400
1554 10262 76 53 381 10 850 10 394
1555 10262 74 52 384 10 848 10 396
1556 10261 77 55 379 10 850 10 394
1557 10265 83 53 371 10 858 10 386
1558 10263 81 53 375 11 853 10 390
1559 10263 76 54 379 11 848 10 395
1560 10264 80 52 376 11 853 10 390
1561 10266 77 51 378 11 850 10 393
1562 10266 72 52 382 11 845 10 398
1563 10268 71 50 383 11 846 10 397
1564 10267 76 55 374 11 848 10 395
1565 10268 76 54 374 11 849 10 394
1566 10270 72 55 375 11 847 10 396
1567 10270 70 55 377 10 844 11 399
1568 10270 63 57 382 10 837 11 406
1569 10265 68 59 380 12 837 9 406
1570 10265 72 56 379 12 841 9 402
1571 10268 66 54 384 10 836 11 407
1572 10267 68 55 382 11 838 11 404
1573 10268 66 55 383 11 839 11 403
1574 10267 67 56 382 13 837 9 405
1575 10268 65 57 382 13 836 9 406
1576 10268 74 57 373 13 845 9 397
1577 10268 77 57 370 13 846 9 396
1578 10270 76 58 368 13 847 9 395
1579 10272 77 56 367 13 850 9 392
1580 10274 69 53 375 13 846 9 397
1581 10271 65 53 382 14 840 9 402
1582 10272 69 53 377 14 847 9 395
1583 10271 71 53 376 14 848 9 394
1584 10271 69 54 377 14 846 9 396
1585 10269 59 55 388 15 833 9 408
1586 10268 63 57 383 15 836 9 405
1587 10269 62 56 384 15 838 9 403
1588 10271 62 55 383 16 841 8 400
1589 10272 73 52 374 17 848 7 393
1590 10271 68 53 379 17 844 8 396
1591 10269 70 53 379 17 846 8 394
1592 10270 73 51 377 18 849 7 391
1593 10268 71 53 378 18 845 7 396
1594 10268 73 53 376 19 846 6 395
1595 10266 78 54 371 19 843 6 399
1596 10269 73 51 376 20 842 5 400
1597 10268 73 51 377 20 839 5 403
1598 10268 68 52 381 20 834 5 408
1599 10269 65 51 384 19 835 6 407
1600 10270 69 50 380 20 837 5 405
1601 10272 72 48 377 20 842 5 400
1602 10273 61 49 386 20 834 5 408
1603 10273 63 48 385 19 841 6 401
1604 10274 57 46 392 19 842 7 399
1605 10274 55 46 394 19 840 7 401
1606 10275 54 44 396 19 838 7 403
1607 10274 57 46 392 19 838 7 403
1608 10275 51 45 398 19 835 7 406
1609 10275 53 46 395 19 837 7 404
1610 10277 53 43 396 19 839 7 402
1611 10278 56 43 392 19 839 7 402
1612 10277 51 44 397 19 833 7 408
1613 10277 53 43 396 20 832 7 408
1614 10278 60 41 390 21 839 6 401
1615 10277 56 42 394 21 834 6 406
1616 10279 58 40 392 20 839 7 401
1617 10279 54 40 396 20 833 7 407
1618 10279 64 41 385 20 839 7 401
1619 10280 57 42 390 20 833 7 407
1620 10282 54 43 390 20 834 7 406
1621 10282 57 42 388 19 838 8 402
1622 10281 55 43 390 19 835 8 405
1623 10281 53 42 393 18 834 9 406
1624 10281 53 42 393 18 836 9 404
1625 10282 56 41 390 19 839 8 401
1626 10281 61 41 386 19 841 8 399
1627 10283 62 39 385 19 842 8 398
1628 10283 55 39 392 19 835 8 405
1629 10280 52 40 397 19 831 8 409
1630 10280 53 40 396 19 830 8 410
1631 10279 52 40 398 18 829 9 411
1632 10279 50 43 397 18 825 9 415
1633 10280 55 43 391 19 830 8 410
1634 10280 52 46 391 18 828 9 412
1635 10283 45 44 397 18 824 9 416
1636 10284 51 43 391 18 829 9 411
1637 10284 56 43 386 17 835 10 405
1638 10284 55 42 388 18 835 9 405
1639 10284 56 42 387 18 836 9 404
1640 10285 56 43 385 17 838 10 402
1641 10286 56 43 384 17 839 10 401
1642 10289 53 40 387 18 840 9 400
1643 10290 51 38 389 18 839 9 402
1644 10291 55 35 387 20 842 7 399
1645 10291 52 35 390 20 839 7 402
1646 10291 54 35 388 20 841 7 400
1647 10290 55 37 386 19 842 8 399
1648 10290 53 37 388 18 843 9 398
1649 10291 58 37 382 18 847 9 394
1650 10291 55 37 385 18 844 9 397
1651 10295 56 34 383 18 849 9 392
1652 10295 59 33 381 18 852 9 389
1653 10297 53 32 386 18 848 9 393
1654 10298 56 30 384 17 851 10 390
1655 10298 58 30 382 17 853 10 388
1656 10299 57 30 382 19 851 9 389
1657 10297 63 30 378 19 855 9 385
1658 10296 60 30 382 19 851 9 389
1659 10295 58 30 385 19 848 9 392
1660 10295 57 30 386 19 847 9 393
1661 10294 55 30 389 19 844 9 396
1662 10294 52 31 391 19 841 9 399
1663 10294 59 30 385 19 848 9 392
1664 10294 59 29 386 19 850 9 390
1665 10293 64 30 381 19 856 9 384
1666 10295 63 28 382 20 856 8 384
1667 10295 60 28 384 20 853 8 388
1668 10296 68 28 375 20 860 8 381
1669 10296 64 29 378 18 858 10 383
1670 10297 67 29 374 19 857 10 383
1671 10296 67 31 373 20 855 9 385
1672 10296 66 31 374 19 855 10 385
1673 10297 64 32 374 19 854 10 386
1674 10299 69 31 368 19 859 10 381
1675 10300 65 33 369 17 858 12 382
1676 10300 57 34 376 17 850 12 390
1677 10300 59 33 375 19 850 10 390
1678 10298 60 35 374 19 849 10 391
1679 10298 59 34 376 19 848 10 392
1680 10298 62 33 374 17 853 12 387
1681 10298 58 35 376 18 848 11 392
1682 10297 63 36 371 18 852 11 388
1683 10295 62 36 374 20 847 10 392
1684 10295 66 36 370 20 851 10 388
1685 10297 65 35 370 20 854 10 385
1686 10295 62 35 375 21 850 9 389
1687 10295 67 35 370 21 855 9 384
1688 10296 69 37 365 22 857 10 380
1689 10296 73 37 361 22 861 10 376
1690 10297 64 38 368 22 853 10 384
1691 10297 66 36 368 22 855 10 382
1692 10297 64 38 368 22 853 10 384
1693 10298 59 38 372 22 849 10 388
1694 10298 65 39 365 23 854 9 383
1695 10300 67 38 362 24 857 9 379
1696 10301 69 38 359 24 860 9 376
1697 10303 55 38 371 24 852 9 384
1698 10301 57 41 368 24 850 9 386
1699 10301 57 42 367 24 850 9 386
1700 10303 54 42 368 24 851 9 385
1701 10302 47 43 375 25 844 8 392
1702 10305 47 43 372 26 846 7 390
1703 10305 41 42 379 26 842 7 394
1704 10304 46 44 373 26 846 7 390
1705 10304 42 45 376 26 844 7 392
1706 10304 51 46 366 26 851 7 385
1707 10304 51 47 365 26 851 7 385
1708 10309 51 42 365 26 856 7 380
1709 10310 51 42 364 26 857 7 379
1710 10312 47 41 367 26 855 7 381
1711 10311 52 42 362 26 861 7 375
1712 10312 49 43 363 26 861 7 375
1713 10312 51 44 360 26 863 7 373
1714 10308 58 44 357 26 866 7 370
1715 10309 66 43 349 26 873 7 363
1716 10309 69 43 346 25 877 8 359
1717 10307 67 44 349 27 871 6 365
1718 10309 61 43 354 27 869 6 367
1719 10312 63 40 352 27 874 7 361
1720 10312 60 41 354 27 871 7 364
1721 10313 60 42 352 28 875 6 360
1722 10314 63 43 347 29 878 5 357
1723 10317 60 41 349 29 878 5 357
1724 10315 63 42 347 29 879 5 356
1725 10315 57 41 354 29 875 5 360
1726 10315 59 42 351 29 875 5 360
1727 10317 57 41 352 28 874 6 361
1728 10317 61 40 349 28 876 6 359
1729 10318 66 39 344 28 884 6 351
1730 10322 69 37 339 28 893 6 342
1731 10320 73 37 337 28 893 6 342
1732 10321 67 40 339 27 897 7 338
1733 10319 63 40 345 27 891 7 344
1734 10320 58 41 348 27 887 7 348
1735 10321 58 43 345 26 889 8 346
1736 10324 62 39 342 27 895 7 340
1737 10325 52 40 350 27 886 7 349
1738 10325 49 40 353 27 881 7 354
1739 10328 48 36 355 26 884 8 351
1740 10330 51 36 350 26 887 8 348
1741 10329 48 36 354 27 884 7 351
1742 10327 51 37 352 26 886 8 349
1743 10326 54 38 349 26 884 8 351
1744 10328 58 35 346 26 888 8 347
1745 10329 55 34 349 25 887 10 347
1746 10329 54 33 351 25 888 10 346
1747 10329 58 33 347 22 895 13 339
1748 10329 53 34 351 22 890 13 344
1749 10331 48 32 356 23 884 13 349
1750 10333 45 29 360 23 885 13 348
1751 10331 49 30 357 23 887 13 346
1752 10331 49 30 357 24 886 13 346
1753 10331 50 30 356 24 887 13 345
1754 10332 52 28 355 26 888 13 342
1755 10332 53 27 355 26 885 13 345
1756 10331 54 28 354 25 884 14 346
1757 10331 52 26 358 25 882 14 348
1758 10331 55 28 353 25 885 14 345
1759 10331 55 28 353 25 885 14 345
1760 10331 47 28 361 26 880 13 350
1761 10329 47 29 362 27 877 12 353
1762 10329 49 31 358 27 879 12 351
1763 10327 58 34 348 29 880 10 350
1764 10328 54 35 350 31 875 9 354
1765 10327 52 35 353 30 873 10 356
1766 10329 51 34 353 30 874 10 355
1767 10328 50 36 353 29 873 11 356
1768 10330 49 36 352 29 874 11 355
1769 10329 51 37 350 29 875 11 354
1770 10329 49 38 351 29 873 11 356
1771 10328 57 39 343 29 880 11 349
1772 10327 59 38 343 29 881 11 348
1773 10326 58 39 344 28 882 12 347
1774 10324 62 39 342 28 882 12 347
1775 10325 62 38 342 29 882 11 347
1776 10326 65 39 337 28 887 12 342
1777 10326 63 38 340 28 885 12 344
1778 10325 63 38 341 28 884 12 345
1779 10328 66 38 335 28 888 12 341
1780 10328 71 39 329 28 891 12 338
1781 10325 66 39 337 28 885 12 344
1782 10325 63 38 341 28 884 12 345
1783 10326 55 36 350 28 877 12 352
1784 10327 60 35 345 28 881 12 348
1785 10327 59 36 345 29 877 11 352
1786 10327 60 35 345 29 876 11 353
1787 10325 60 35 347 28 875 12 354
1788 10326 60 32 349 28 876 12 353
1789 10326 65 33 343 27 880 13 349
1790 10323 64 35 345 26 877 14 352
1791 10324 58 34 351 27 871 13 358
1792 10323 63 34 346 28 874 12 356
1793 10325 59 33 349 29 871 11 359
1794 10324 55 33 354 29 866 11 364
1795 10324 52 33 357 30 860 11 369
1796 10322 54 35 355 28 862 13 367
1797 10323 55 36 352 29 867 12 362
1798 10323 57 35 350 30 866 11 364
1799 10322 59 35 349 29 870 12 360
1800 10324 60 34 347 30 872 11 358
1801 10329 59 31 346 31 875 10 355
1802 10330 61 31 343 32 879 9 351
1803 10330 60 31 344 32 878 9 352
1804 10332 65 31 337 32 885 9 345
1805 10328 65 30 342 31 884 10 346
1806 10329 58 29 349 32 877 9 353
1807 10330 57 28 350 32 877 9 353
1808 10331 59 28 347 32 878 9 352
1809 10332 55 28 350 31 876 10 354
1810 10334 53 27 351 30 875 11 355
1811 10332 60 27 346 30 880 11 350
1812 10332 56 27 350 30 876 11 354
1813 10332 60 26 347 30 882 11 348
1814 10333 56 25 351 30 879 11 351
1815 10333 53 28 351 30 876 11 354
1816 10330 54 29 352 30 872 11 358
1817 10329 52 30 354 30 869 11 361
1818 10329 52 31 353 30 869 11 361
1819 10327 63 31 344 30 874 11 356
1820 10328 68 30 339 31 877 10 353
1821 10328 73 30 334 31 882 10 348
1822 10332 69 27 337 31 882 10 348
1823 10331 74 26 334 32 885 9 345
1824 10331 69 25 340 32 882 9 348
1825 10331 71 23 340 30 884 11 346
1826 10331 67 24 343 31 879 10 351
1827 10332 57 25 351 30 873 11 357
1828 10333 53 24 355 30 872 11 358
1829 10332 49 28 356 30 867 11 363
1830 10330 51 29 355 30 867 11 363
1831 10330 45 30 360 30 861 11 369
1832 10333 48 28 356 30 865 11 365
1833 10334 55 26 350 30 873 11 357
1834 10334 54 26 351 31 871 10 359
1835 10333 56 26 350 31 872 10 358
1836 10335 57 25 348 30 876 11 354
1837 10336 52 24 353 29 873 12 357
1838 10335 53 25 352 30 872 11 358
1839 10335 48 27 355 30 867 11 363
1840 10336 53 28 348 30 873 11 357
1841 10337 50 27 351 29 874 12 356
1842 10337 49 26 353 29 873 12 357
1843 10335 56 28 346 29 878 12 352
1844 10332 58 29 346 28 878 13 352
1845 10330 58 30 347 28 876 14 353
1846 10330 56 32 346 27 875 15 355
1847 10328 62 32 342 27 879 15 351
1848 10329 56 33 346 27 876 15 354
1849 10329 61 34 340 27 881 15 349
1850 10330 59 33 342 27 878 15 352
1851 10330 58 33 343 26 878 16 352
1852 10329 58 34 343 26 877 16 353
1853 10328 63 34 339 27 880 16 349
1854 10325 66 34 339 28 879 16 349
1855 10325 59 33 347 30 872 16 354
1856 10325 60 34 345 31 872 15 354
1857 10326 56 34 348 31 869 15 357
1858 10325 63 32 344 32 874 14 352
1859 10325 62 31 346 32 873 14 353
1860 10324 64 31 345 32 874 14 352
1861 10324 67 31 342 32 877 14 349
1862 10325 67 32 340 32 878 14 348
1863 10324 71 32 337 32 881 14 345
1864 10324 68 32 340 32 880 14 346
1865 10326 62 33 343 33 879 13 347
1866 10328 68 32 336 33 887 13 339
1867 10329 61 31 343 34 882 12 344
1868 10327 66 32 339 34 885 12 341
1869 10329 64 30 341 34 885 12 341
1870 10333 63 26 342 34 888 12 338
1871 10334 67 24 339 34 891 12 335
1872 10334 69 25 336 34 893 12 333
1873 10333 72 25 334 35 894 11 332
1874 10331 66 25 342 35 888 11 338
1875 10331 71 26 336 35 895 11 331
1876 10332 66 25 341 35 891 11 335
1877 10332 67 25 340 35 892 11 334
1878 10331 75 25 333 35 899 11 327
1879 10331 64 25 344 35 888 11 338
1880 10329 66 25 344 35 888 11 338
1881 10329 67 26 342 35 889 11 337
1882 10331 64 27 342 35 886 11 340
1883 10333 58 25 348 34 885 12 341
1884 10332 55 26 351 34 881 12 345
1885 10331 55 26 352 35 877 12 348
1886 10331 56 25 352 35 878 12 347
1887 10332 58 25 349 35 879 12 346
1888 10332 59 24 349 36 879 11 346
1889 10332 57 24 351 35 878 12 347
1890 10331 60 24 349 34 881 13 344
1891 10333 54 23 354 34 877 13 348
1892 10331 59 24 350 34 880 13 345
1893 10329 58 24 353 36 877 12 347
1894 10328 54 26 356 34 876 14 348
1895 10328 61 27 348 34 883 14 341
1896 10331 55 26 352 34 880 14 344
1897 10330 60 26 348 34 884 14 340
1898 10327 62 25 350 34 883 14 341
1899 10327 60 25 352 32 883 16 341
1900 10327 57 25 355 34 882 14 342
1901 10327 54 25 358 35 878 13 346
1902 10327 53 25 359 34 878 14 346
1903 10327 55 28 354 34 880 14 344
1904 10330 52 25 357 34 884 14 340
1905 10331 55 25 353 34 888 14 336
1906 10331 51 26 356 33 887 15 337
1907 10330 57 27 350 33 892 15 332
1908 10331 61 27 345 33 897 15 327
1909 10332 60 28 344 34 896 14 328
1910 10332 58 28 346 35 893 13 331
1911 10329 53 28 354 35 889 13 335
1912 10328 52 28 356 35 887 13 337
1913 10329 56 28 351 34 893 15 330
1914 10329 59 28 348 34 896 15 327
1915 10329 55 29 351 36 890 13 333
1916 10332 53 26 353 36 891 13 332
1917 10331 59 25 349 36 896 13 327
1918 10330 59 26 349 36 897 13 326
1919 10331 57 26 350 36 896 13 327
1920 10329 57 25 353 36 892 13 331
1921 10329 61 25 348 36 896 13 328
1922 10329 59 27 348 36 894 13 330
1923 10334 57 22 350 36 893 13 331
1924 10335 57 21 350 36 890 13 334
1925 10334 60 21 348 35 893 14 331
1926 10334 63 21 345 35 894 14 330
1927 10334 59 22 348 34 889 15 335
1928 10333 58 22 350 36 885 14 338
1929 10334 60 21 348 35 885 15 338
1930 10333 59 21 350 35 883 15 340
1931 10333 68 25 337 36 889 14 334
1932 10334 58 24 347 36 882 14 341
1933 10335 65 23 340 37 889 13 334
1934 10333 67 22 341 39 887 11 336
1935 10334 68 23 338 39 889 11 334
1936 10334 67 23 339 39 888 11 335
1937 10334 66 24 339 38 886 12 337
1938 10334 61 25 343 37 882 13 341
1939 10333 62 28 340 37 882 13 341
1940 10335 62 28 338 37 884 13 339
1941 10332 66 28 337 38 884 12 339
1942 10330 66 27 340 38 882 12 341
1943 10330 60 29 344 38 876 12 347
1944 10331 60 28 344 38 877 12 346
1945 10331 59 29 344 37 875 13 348
1946 10330 59 30 344 36 877 14 346
1947 10330 60 31 342 35 881 15 342
1948 10330 57 31 345 33 880 17 343
1949 10328 61 32 342 33 882 17 341
1950 10328 57 32 346 33 878 17 345
1951 10328 52 32 351 33 875 17 348
1952 10329 47 31 356 33 871 17 352
1953 10327 50 32 354 33 872 17 351
1954 10328 48 31 356 34 870 16 353
1955 10330 48 30 355 35 871 16 351
1956 10335 47 27 354 35 875 16 347
1957 10337 47 25 354 33 877 19 344
1958 10337 48 25 353 33 878 19 343
1959 10337 47 25 354 34 874 18 347
1960 10338 48 25 352 35 875 17 346
1961 10340 44 24 355 36 872 16 349
1962 10342 39 23 359 35 872 17 349
1963 10341 37 23 362 35 867 17 354
1964 10341 42 23 357 35 870 17 351
1965 10341 43 22 357 36 870 16 351
1966 10341 47 22 353 36 874 16 347
1967 10342 50 22 349 37 877 16 343
1968 10342 50 22 349 37 877 16 343
1969 10345 50 19 349 39 878 15 341
1970 10345 48 18 352 39 876 15 343
1971 10344 53 18 348 39 880 15 339
1972 10344 53 19 347 40 879 14 340
1973 10343 57 20 343 38 884 16 335
1974 10343 61 20 339 38 888 16 331
1975 10344 54 22 343 38 884 16 335
1976 10343 48 24 348 38 879 16 340
1977 10345 54 23 341 38 885 16 334
1978 10347 56 21 339 38 887 16 332
1979 10345 64 21 333 39 892 15 327
1980 10347 59 19 338 40 890 14 329
1981 10347 59 18 339 39 891 15 328
1982 10347 57 17 342 39 887 15 332
1983 10347 53 18 345 39 885 16 333
1984 10347 56 18 342 39 888 16 330
1985 10347 55 19 342 39 887 16 331
1986 10348 57 19 339 39 890 16 328
1987 10349 58 19 337 39 892 16 326
1988 10350 55 21 337 38 889 17 329
1989 10351 59 21 332 39 893 17 324
1990 10350 60 20 333 40 892 16 325
1991 10350 52 19 342 38 888 18 329
1992 10348 52 19 344 37 889 19 328
1993 10348 51 21 343 37 888 19 329
1994 10350 59 19 335 39 896 17 321
1995 10349 53 20 341 39 891 17 326
1996 10347 63 21 332 40 896 16 321
1997 10347 68 21 327 40 901 16 316
1998 10347 66 22 328 40 899 16 318
1999 10349 65 21 328 41 899 15 318
2000 10349 68 23 323 41 902 15 315
2001 10349 62 24 328 41 896 15 321
2002 10349 56 24 334 41 890 15 327
2003 10349 57 24 333 42 890 13 328
2004 10348 67 25 323 42 899 13 319
2005 10348 63 25 327 42 897 13 321
2006 10349 64 24 326 43 898 12 320
2007 10347 62 24 330 42 895 13 323
2008 10347 59 24 333 42 894 13 324
2009 10349 63 24 327 41 901 14 317
2010 10351 65 22 325 42 904 13 314
2011 10350 69 23 321 42 907 13 311
2012 10352 63 22 326 42 903 13 315
2013 10352 57 21 333 43 896 12 322
2014 10352 51 21 339 43 892 12 326
2015 10352 50 22 339 45 889 10 329
2016 10352 49 25 337 43 890 12 328
2017 10351 46 25 341 43 886 12 332
2018 10352 43 25 343 42 885 13 333
2019 10354 44 24 341 43 887 12 331
2020 10355 46 23 339 43 890 12 328
2021 10356 53 23 331 43 898 12 320
2022 10354 54 23 332 43 895 12 323
2023 10354 55 22 332 43 894 12 324
2024 10355 53 21 334 42 896 13 322
2025 10356 50 19 338 42 894 13 324
2026 10355 48 18 342 42 895 13 323
2027 10355 49 18 341 42 896 13 322
2028 10353 55 20 335 42 902 14 315
2029 10352 63 20 328 43 908 13 309
2030 10352 64 20 327 44 906 12 311
2031 10353 58 20 332 44 899 12 318
2032 10352 53 21 337 44 895 12 322
2033 10353 45 21 344 43 891 13 326
2034 10353 44 21 345 43 890 13 327
2035 10352 46 21 344 43 891 13 326
2036 10351 41 22 349 42 886 14 331
2037 10350 48 22 343 42 890 14 327
2038 10349 54 21 339 42 893 14 324
2039 10349 54 21 339 43 892 13 325
2040 10347 51 24 341 43 887 13 330
2041 10347 49 24 343 44 884 12 333
2042 10347 50 24 342 43 884 13 333
2043 10348 54 23 338 43 889 13 328
2044 10348 58 22 335 44 894 12 323
2045 10348 52 22 341 44 888 12 329
2046 10346 58 22 337 44 892 12 325
2047 10346 54 23 340 45 887 11 330
2048 10347 47 21 348 45 881 11 336
2049 10346 46 24 347 45 879 11 338
2050 10345 52 24 342 45 884 11 333
2051 10345 50 24 344 45 882 11 335
2052 10344 47 25 347 45 878 11 339
2053 10346 45 23 349 45 878 11 339
2054 10347 48 24 344 45 880 11 337
2055 10346 48 25 344 44 880 12 337
2056 10345 55 26 337 44 886 12 331
2057 10343 54 26 340 45 882 11 335
2058 10345 45 25 348 45 875 11 342
2059 10346 48 24 345 45 879 11 338
2060 10344 56 23 340 45 885 11 332
2061 10345 56 23 339 45 888 11 329
2062 10344 59 24 336 45 890 11 327
2063 10344 59 25 335 45 892 11 325
2064 10343 59 25 336 45 889 13 326
2065 10343 58 25 337 45 884 13 331
2066 10343 60 26 334 47 884 12 330
2067 10343 56 25 339 47 880 12 334
2068 10344 56 24 339 47 881 12 333
2069 10344 56 25 338 48 880 12 333
2070 10341 54 26 342 48 877 12 336
2071 10341 53 25 344 48 876 12 337
2072 10341 55 24 343 47 879 13 334
2073 10339 55 25 344 48 876 12 337
2074 10339 54 26 344 47 876 13 337
2075 10338 55 27 343 46 875 14 338
2076 10337 56 27 343 47 874 13 339
2077 10337 52 26 348 47 872 13 341
2078 10336 53 27 347 50 871 10 342
2079 10340 44 23 356 49 869 11 344
2080 10341 47 21 354 49 873 11 340
2081 10341 46 21 355 50 873 10 340
2082 10340 52 22 349 52 876 8 337
2083 10341 49 21 352 51 873 9 340
2084 10342 50 22 349 50 878 10 335
2085 10343 52 20 348 49 884 11 329
2086 10344 51 20 348 49 884 11 329
2087 10344 41 19 359 48 877 12 336
2088 10345 38 19 361 47 876 13 337
2089 10344 44 19 356 48 878 13 334
2090 10344 44 20 355 47 879 14 333
2091 10344 42 21 356 47 877 15 334
2092 10344 41 21 357 48 873 15 337
2093 10343 44 21 355 46 877 17 333
2094 10345 45 22 351 47 879 17 330
2095 10344 48 24 347 47 881 17 328
2096 10345 49 24 345 48 882 16 327
2097 10348 47 22 346 49 880 15 329
2098 10347 51 23 342 49 883 15 326
2099 10347 56 25 335 48 889 16 320
2100 10346 60 25 332 49 891 15 318
2101 10343 61 25 334 49 887 15 322
2102 10343 59 25 336 48 886 16 323
2103 10343 58 27 335 48 885 16 324
2104 10342 57 28 336 49 882 15 327
2105 10340 60 29 334 49 883 15 326
2106 10340 65 30 328 50 887 14 322
2107 10340 63 30 330 50 885 14 324
2108 10339 55 30 339 49 877 15 332
2109 10339 53 33 338 50 874 15 334
2110 10338 54 33 338 49 875 16 333
2111 10340 52 31 340 49 873 16 335
2112 10339 53 33 338 49 873 16 335
2113 10340 57 35 331 49 874 16 334
2114 10339 59 35 330 49 875 16 333
2115 10339 55 35 334 49 871 16 337
2116 10338 55 36 334 49 872 16 336
2117 10337 58 36 332 49 874 16 334
2118 10336 60 36 331 49 873 16 335
2119 10336 55 36 336 50 865 15 343
2120 10337 55 39 332 51 865 14 343
2121 10337 58 39 329 51 868 14 340
2122 10340 55 35 333 51 864 14 344
2123 10339 52 35 337 50 863 16 344
2124 10340 46 36 341 50 858 16 349
2125 10342 44 34 343 51 857 15 350
2126 10344 40 33 346 51 857 15 350
2127 10344 45 32 342 51 862 15 345
2128 10343 47 31 342 50 864 16 343
2129 10343 53 32 335 50 870 16 337
2130 10345 46 32 340 50 865 16 342
2131 10347 49 31 336 50 868 16 339
2132 10348 48 29 338 50 870 16 337
2133 10349 50 29 335 51 872 16 334
2134 10350 51 28 334 51 874 16 332
2135 10351 48 30 334 51 872 16 334
2136 10352 42 30 339 51 867 16 339
2137 10353 39 30 341 51 865 16 341
2138 10354 39 30 340 51 866 16 340
2139 10353 38 28 344 51 864 16 342
2140 10355 33 26 349 50 862 17 344
2141 10355 36 26 346 51 864 16 342
2142 10356 38 25 344 51 867 16 339
2143 10356 42 25 340 51 871 16 335
2144 10355 38 25 345 51 866 16 340
2145 10354 39 26 344 51 866 16 340
2146 10356 41 25 341 53 868 15 337
2147 10354 54 25 330 54 876 14 329
2148 10354 47 28 334 54 871 14 334
2149 10355 48 29 331 55 872 13 333
2150 10353 49 28 333 54 870 14 335
2151 10354 49 27 333 54 871 14 334
2152 10354 51 28 330 54 873 14 332
2153 10353 48 27 335 54 869 15 335
2154 10353 55 25 330 53 875 16 329
2155 10354 54 24 331 53 875 16 329
2156 10356 50 23 334 53 871 16 333
2157 10356 53 25 329 54 873 16 330
2158 10359 50 23 331 53 878 17 325
2159 10358 49 25 331 54 875 16 328
2160 10358 46 26 333 54 874 16 329
2161 10360 44 26 333 53 877 17 326
2162 10359 50 26 328 53 878 18 324
2163 10360 58 26 319 54 884 17 318
2164 10360 57 27 319 54 883 17 319
2165 10359 56 27 321 53 882 18 320
2166 10361 51 25 326 53 879 18 323
2167 10361 49 25 328 53 881 18 321
2168 10361 56 24 322 54 887 17 315
2169 10362 52 24 325 54 884 17 318
2170 10362 60 24 317 54 892 17 310
2171 10363 49 24 327 53 885 18 317
2172 10363 43 25 332 53 879 18 323
2173 10363 42 25 333 52 879 19 323
2174 10364 46 25 328 53 883 18 319
2175 10361 54 25 323 53 888 18 314
2176 10361 58 25 319 53 890 18 312
2177 10362 50 26 325 49 887 22 315
2178 10362 47 27 327 49 886 22 316
2179 10362 47 28 326 50 885 21 317
2180 10362 44 27 330 50 882 21 320
2181 10361 46 26 330 50 883 21 319
2182 10358 48 26 331 49 883 22 319
2183 10357 50 27 329 48 885 23 317
2184 10354 53 27 329 48 887 23 315
2185 10354 54 28 327 48 886 23 316
2186 10353 47 29 334 48 882 23 320
2187 10353 42 30 338 48 877 23 325
2188 10353 45 30 335 48 880 23 322
2189 10352 47 29 335 49 880 22 322
2190 10352 57 27 327 50 887 21 315
2191 10351 55 31 326 50 884 21 318
2192 10352 57 30 324 51 886 21 315
2193 10353 57 30 323 50 888 22 313
2194 10354 52 29 328 49 887 23 314
2195 10353 50 29 331 51 884 21 317
2196 10354 56 29 324 50 892 22 309
2197 10352 57 30 324 50 891 22 310
2198 10350 54 30 329 50 886 22 315
2199 10351 47 31 334 50 880 22 321
2200 10351 47 31 334 50 882 22 319
