0 4425 6150
1 4274 6301
2 4212 6363
3 4176 6399
4 4117 6458
5 4049 6526
6 4008 6567
7 3971 6604
8 3910 6665
9 3862 6713
10 3839 6736
11 3813 6762
12 3805 6770
13 3762 6813
14 3752 6823
15 3716 6859
16 3702 6873
17 3691 6884
18 3672 6903
19 3629 6946
20 3624 6951
21 3617 6958
22 3616 6959
23 3594 6981
24 3574 7001
25 3554 7021
26 3550 7025
27 3495 7080
28 3450 7125
29 3440 7135
30 3429 7146
31 3425 7150
32 3434 7141
33 3418 7157
34 3388 7187
35 3372 7203
36 3378 7197
37 3344 7231
38 3363 7212
39 3348 7227
40 3363 7212
41 3355 7220
42 3339 7236
43 3321 7254
44 3278 7297
45 3277 7298
46 3284 7291
47 3275 7300
48 3265 7310
49 3251 7324
50 3240 7335
51 3225 7350
52 3225 7350
53 3229 7346
54 3219 7356
55 3214 7361
56 3230 7345
57 3206 7369
58 3188 7387
59 3180 7395
60 3175 7400
61 3178 7397
62 3166 7409
63 3172 7403
64 3185 7390
65 3194 7381
66 3203 7372
67 3212 7363
68 3202 7373
69 3177 7398
70 3148 7427
71 3140 7435
72 3140 7435
73 3164 7411
74 3174 7401
75 3179 7396
76 3176 7399
77 3178 7397
78 3165 7410
79 3179 7396
80 3164 7411
81 3173 7402
82 3166 7409
83 3171 7404
84 3144 7431
85 3157 7418
86 3171 7404
87 3168 7407
88 3179 7396
89 3186 7389
90 3194 7381
91 3194 7381
92 3186 7389
93 3173 7402
94 3169 7406
95 3163 7412
96 3173 7402
97 3147 7428
98 3122 7453
99 3113 7462
100 3111 7464
101 3114 7461
102 3126 7449
103 3123 7452
104 3118 7457
105 3108 7467
106 3103 7472
107 3104 7471
108 3091 7484
109 3080 7495
110 3089 7486
111 3115 7460
112 3104 7471
113 3114 7461
114 3091 7484
115 3075 7500
116 3055 7520
117 3053 7522
118 3076 7499
119 3082 7493
120 3081 7494
121 3088 7487
122 3071 7504
123 3074 7501
124 3081 7494
125 3080 7495
126 3081 7494
127 3101 7474
128 3095 7480
129 3097 7478
130 3110 7465
131 3122 7453
132 3103 7472
133 3105 7470
134 3103 7472
135 3086 7489
136 3072 7503
137 3072 7503
138 3067 7508
139 3094 7481
140 3107 7468
141 3105 7470
142 3114 7461
143 3096 7479
144 3108 7467
145 3097 7478
146 3088 7487
147 3092 7483
148 3080 7495
149 3072 7503
150 3075 7500
151 3077 7498
152 3072 7503
153 3073 7502
154 3064 7511
155 3075 7500
156 3068 7507
157 3074 7501
158 3067 7508
159 3093 7482
160 3096 7479
161 3109 7466
162 3114 7461
163 3127 7448
164 3117 7458
165 3121 7454
166 3115 7460
167 3135 7440
168 3150 7425
169 3145 7430
170 3170 7405
171 3172 7403
172 3149 7426
173 3175 7400
174 3176 7399
175 3172 7403
176 3187 7388
177 3197 7378
178 3210 7365
179 3231 7344
180 3220 7355
181 3244 7331
182 3258 7317
183 3262 7313
184 3276 7299
185 3287 7288
186 3285 7290
187 3291 7284
188 3293 7282
189 3277 7298
190 3296 7279
191 3286 7289
192 3296 7279
193 3328 7247
194 3343 7232
195 3335 7240
196 3353 7222
197 3353 7222
198 3334 7241
199 3342 7233
200 3358 7217
201 3349 7226
202 3352 7223
203 3336 7239
204 3346 7229
205 3345 7230
206 3347 7228
207 3354 7221
208 3364 7211
209 3369 7206
210 3383 7192
211 3383 7192
212 3379 7196
213 3367 7208
214 3366 7209
215 3370 7205
216 3346 7229
217 3388 7187
218 3408 7167
219 3384 7191
220 3383 7192
221 3356 7219
222 3352 7223
223 3354 7221
224 3368 7207
225 3375 7200
226 3367 7208
227 3360 7215
228 3363 7212
229 3358 7217
230 3375 7200
231 3375 7200
232 3361 7214
233 3378 7197
234 3389 7186
235 3410 7165
236 3410 7165
237 3415 7160
238 3388 7187
239 3371 7204
240 3365 7210
241 3381 7194
242 3377 7198
243 3359 7216
244 3378 7197
245 3350 7225
246 3360 7215
247 3367 7208
248 3361 7214
249 3374 7201
250 3377 7198
251 3359 7216
252 3352 7223
253 3361 7214
254 3352 7223
255 3353 7222
256 3346 7229
257 3337 7238
258 3353 7222
259 3354 7221
260 3345 7230
261 3340 7235
262 3347 7228
263 3331 7244
264 3339 7236
265 3342 7233
266 3345 7230
267 3347 7228
268 3339 7236
269 3343 7232
270 3349 7226
271 3329 7246
272 3343 7232
273 3331 7244
274 3356 7219
275 3353 7222
276 3383 7192
277 3382 7193
278 3355 7220
279 3359 7216
280 3360 7215
281 3318 7257
282 3306 7269
283 3299 7276
284 3281 7294
285 3285 7290
286 3272 7303
287 3275 7300
288 3289 7286
289 3261 7314
290 3264 7311
291 3240 7335
292 3258 7317
293 3242 7333
294 3258 7317
295 3265 7310
296 3264 7311
297 3281 7294
298 3256 7319
299 3265 7310
300 3245 7330
301 3255 7320
302 3247 7328
303 3243 7332
304 3231 7344
305 3227 7348
306 3212 7363
307 3233 7342
308 3239 7336
309 3222 7353
310 3209 7366
311 3206 7369
312 3198 7377
313 3189 7386
314 3205 7370
315 3201 7374
316 3183 7392
317 3191 7384
318 3207 7368
319 3203 7372
320 3214 7361
321 3214 7361
322 3207 7368
323 3224 7351
324 3238 7337
325 3222 7353
326 3222 7353
327 3209 7366
328 3214 7361
329 3237 7338
330 3249 7326
331 3232 7343
332 3216 7359
333 3235 7340
334 3223 7352
335 3212 7363
336 3204 7371
337 3216 7359
338 3185 7390
339 3198 7377
340 3224 7351
341 3210 7365
342 3203 7372
343 3226 7349
344 3213 7362
345 3231 7344
346 3242 7333
347 3243 7332
348 3248 7327
349 3252 7323
350 3247 7328
351 3255 7320
352 3240 7335
353 3239 7336
354 3247 7328
355 3235 7340
356 3232 7343
357 3235 7340
358 3238 7337
359 3254 7321
360 3261 7314
361 3257 7318
362 3270 7305
363 3282 7293
364 3300 7275
365 3305 7270
366 3301 7274
367 3302 7273
368 3317 7258
369 3333 7242
370 3331 7244
371 3327 7248
372 3345 7230
373 3334 7241
374 3355 7220
375 3351 7224
376 3350 7225
377 3380 7195
378 3380 7195
379 3397 7178
380 3392 7183
381 3402 7173
382 3393 7182
383 3388 7187
384 3402 7173
385 3382 7193
386 3392 7183
387 3391 7184
388 3417 7158
389 3413 7162
390 3424 7151
391 3433 7142
392 3431 7144
393 3429 7146
394 3424 7151
395 3441 7134
396 3437 7138
397 3450 7125
398 3448 7127
399 3462 7113
400 3459 7116
401 3451 7124
402 3471 7104
403 3471 7104
404 3479 7096
405 3472 7103
406 3464 7111
407 3456 7119
408 3473 7102
409 3473 7102
410 3465 7110
411 3483 7092
412 3458 7117
413 3452 7123
414 3439 7136
415 3416 7159
416 3429 7146
417 3415 7160
418 3405 7170
419 3390 7185
420 3405 7170
421 3430 7145
422 3448 7127
423 3439 7136
424 3449 7126
425 3455 7120
426 3448 7127
427 3443 7132
428 3426 7149
429 3442 7133
430 3432 7143
431 3419 7156
432 3410 7165
433 3423 7152
434 3444 7131
435 3438 7137
436 3461 7114
437 3479 7096
438 3471 7104
439 3453 7122
440 3448 7127
441 3464 7111
442 3453 7122
443 3456 7119
444 3441 7134
445 3454 7121
446 3451 7124
447 3427 7148
448 3430 7145
449 3430 7145
450 3422 7153
451 3441 7134
452 3451 7124
453 3429 7146
454 3441 7134
455 3429 7146
456 3429 7146
457 3431 7144
458 3479 7096
459 3465 7110
460 3459 7116
461 3458 7117
462 3457 7118
463 3452 7123
464 3439 7136
465 3434 7141
466 3461 7114
467 3467 7108
468 3464 7111
469 3465 7110
470 3475 7100
471 3475 7100
472 3472 7103
473 3471 7104
474 3478 7097
475 3468 7107
476 3457 7118
477 3472 7103
478 3473 7102
479 3476 7099
480 3480 7095
481 3474 7101
482 3466 7109
483 3471 7104
484 3468 7107
485 3476 7099
486 3461 7114
487 3435 7140
488 3434 7141
489 3433 7142
490 3437 7138
491 3420 7155
492 3420 7155
493 3412 7163
494 3415 7160
495 3447 7128
496 3435 7140
497 3436 7139
498 3427 7148
499 3424 7151
500 3429 7146
501 3433 7142
502 3442 7133
503 3450 7125
504 3446 7129
505 3451 7124
506 3470 7105
507 3479 7096
508 3483 7092
509 3475 7100
510 3476 7099
511 3466 7109
512 3465 7110
513 3465 7110
514 3490 7085
515 3472 7103
516 3472 7103
517 3484 7091
518 3492 7083
519 3482 7093
520 3501 7074
521 3515 7060
522 3503 7072
523 3487 7088
524 3476 7099
525 3472 7103
526 3471 7104
527 3481 7094
528 3467 7108
529 3477 7098
530 3490 7085
531 3468 7107
532 3473 7102
533 3475 7100
534 3471 7104
535 3441 7134
536 3457 7118
537 3471 7104
538 3472 7103
539 3482 7093
540 3454 7121
541 3456 7119
542 3460 7115
543 3449 7126
544 3442 7133
545 3454 7121
546 3439 7136
547 3456 7119
548 3439 7136
549 3467 7108
550 3467 7108
551 3507 7068
552 3512 7063
553 3514 7061
554 3503 7072
555 3510 7065
556 3507 7068
557 3528 7047
558 3500 7075
559 3505 7070
560 3500 7075
561 3517 7058
562 3515 7060
563 3506 7069
564 3496 7079
565 3488 7087
566 3493 7082
567 3481 7094
568 3494 7081
569 3490 7085
570 3511 7064
571 3510 7065
572 3503 7072
573 3507 7068
574 3514 7061
575 3528 7047
576 3509 7066
577 3497 7078
578 3517 7058
579 3538 7037
580 3551 7024
581 3560 7015
582 3580 6995
583 3572 7003
584 3564 7011
585 3562 7013
586 3552 7023
587 3549 7026
588 3557 7018
589 3551 7024
590 3552 7023
591 3573 7002
592 3577 6998
593 3573 7002
594 3569 7006
595 3564 7011
596 3561 7014
597 3582 6993
598 3576 6999
599 3583 6992
600 3560 7015
601 3542 7033
602 3540 7035
603 3543 7032
604 3543 7032
605 3534 7041
606 3517 7058
607 3505 7070
608 3498 7077
609 3487 7088
610 3485 7090
611 3491 7084
612 3488 7087
613 3507 7068
614 3518 7057
615 3512 7063
616 3512 7063
617 3522 7053
618 3513 7062
619 3506 7069
620 3505 7070
621 3497 7078
622 3509 7066
623 3522 7053
624 3505 7070
625 3507 7068
626 3511 7064
627 3507 7068
628 3519 7056
629 3510 7065
630 3498 7077
631 3496 7079
632 3493 7082
633 3513 7062
634 3505 7070
635 3516 7059
636 3521 7054
637 3526 7049
638 3546 7029
639 3540 7035
640 3518 7057
641 3519 7056
642 3529 7046
643 3526 7049
644 3522 7053
645 3543 7032
646 3530 7045
647 3519 7056
648 3523 7052
649 3518 7057
650 3530 7045
651 3516 7059
652 3510 7065
653 3510 7065
654 3512 7063
655 3542 7033
656 3536 7039
657 3545 7030
658 3559 7016
659 3526 7049
660 3542 7033
661 3539 7036
662 3533 7042
663 3536 7039
664 3536 7039
665 3526 7049
666 3537 7038
667 3537 7038
668 3541 7034
669 3536 7039
670 3523 7052
671 3519 7056
672 3512 7063
673 3503 7072
674 3517 7058
675 3512 7063
676 3516 7059
677 3511 7064
678 3509 7066
679 3494 7081
680 3473 7102
681 3486 7089
682 3477 7098
683 3478 7097
684 3487 7088
685 3522 7053
686 3520 7055
687 3521 7054
688 3515 7060
689 3502 7073
690 3493 7082
691 3485 7090
692 3479 7096
693 3487 7088
694 3485 7090
695 3472 7103
696 3494 7081
697 3503 7072
698 3495 7080
699 3486 7089
700 3480 7095
701 3480 7095
702 3469 7106
703 3484 7091
704 3474 7101
705 3489 7086
706 3479 7096
707 3455 7120
708 3451 7124
709 3469 7106
710 3461 7114
711 3466 7109
712 3469 7106
713 3478 7097
714 3486 7089
715 3473 7102
716 3478 7097
717 3495 7080
718 3493 7082
719 3480 7095
720 3471 7104
721 3464 7111
722 3491 7084
723 3508 7067
724 3499 7076
725 3471 7104
726 3475 7100
727 3479 7096
728 3460 7115
729 3455 7120
730 3467 7108
731 3456 7119
732 3462 7113
733 3466 7109
734 3448 7127
735 3434 7141
736 3433 7142
737 3441 7134
738 3458 7117
739 3463 7112
740 3467 7108
741 3447 7128
742 3448 7127
743 3463 7112
744 3459 7116
745 3455 7120
746 3478 7097
747 3490 7085
748 3496 7079
749 3499 7076
750 3492 7083
751 3480 7095
752 3499 7076
753 3482 7093
754 3488 7087
755 3487 7088
756 3469 7106
757 3475 7100
758 3489 7086
759 3477 7098
760 3490 7085
761 3472 7103
762 3485 7090
763 3499 7076
764 3516 7059
765 3497 7078
766 3493 7082
767 3503 7072
768 3520 7055
769 3525 7050
770 3521 7054
771 3527 7048
772 3534 7041
773 3530 7045
774 3550 7025
775 3530 7045
776 3547 7028
777 3549 7026
778 3577 6998
779 3585 6990
780 3567 7008
781 3578 6997
782 3569 7006
783 3581 6994
784 3588 6987
785 3595 6980
786 3584 6991
787 3599 6976
788 3592 6983
789 3615 6960
790 3601 6974
791 3606 6969
792 3592 6983
793 3593 6982
794 3590 6985
795 3599 6976
796 3587 6988
797 3563 7012
798 3554 7021
799 3559 7016
800 3571 7004
801 3562 7013
802 3556 7019
803 3582 6993
804 3573 7002
805 3568 7007
806 3554 7021
807 3553 7022
808 3555 7020
809 3554 7021
810 3531 7044
811 3541 7034
812 3536 7039
813 3538 7037
814 3543 7032
815 3547 7028
816 3543 7032
817 3554 7021
818 3525 7050
819 3539 7036
820 3542 7033
821 3554 7021
822 3551 7024
823 3564 7011
824 3573 7002
825 3561 7014
826 3581 6994
827 3579 6996
828 3564 7011
829 3548 7027
830 3534 7041
831 3534 7041
832 3550 7025
833 3560 7015
834 3563 7012
835 3572 7003
836 3589 6986
837 3577 6998
838 3573 7002
839 3597 6978
840 3590 6985
841 3602 6973
842 3607 6968
843 3598 6977
844 3584 6991
845 3575 7000
846 3573 7002
847 3569 7006
848 3580 6995
849 3580 6995
850 3593 6982
851 3602 6973
852 3617 6958
853 3609 6966
854 3616 6959
855 3598 6977
856 3587 6988
857 3618 6957
858 3614 6961
859 3597 6978
860 3588 6987
861 3608 6967
862 3587 6988
863 3578 6997
864 3597 6978
865 3581 6994
866 3591 6984
867 3596 6979
868 3597 6978
869 3611 6964
870 3589 6986
871 3572 7003
872 3594 6981
873 3599 6976
874 3602 6973
875 3595 6980
876 3591 6984
877 3586 6989
878 3602 6973
879 3592 6983
880 3628 6947
881 3630 6945
882 3604 6971
883 3614 6961
884 3616 6959
885 3636 6939
886 3622 6953
887 3628 6947
888 3619 6956
889 3604 6971
890 3586 6989
891 3582 6993
892 3580 6995
893 3584 6991
894 3590 6985
895 3601 6974
896 3588 6987
897 3594 6981
898 3610 6965
899 3583 6992
900 3588 6987
901 3569 7006
902 3547 7028
903 3562 7013
904 3566 7009
905 3564 7011
906 3579 6996
907 3586 6989
908 3592 6983
909 3574 7001
910 3562 7013
911 3581 6994
912 3568 7007
913 3561 7014
914 3542 7033
915 3533 7042
916 3518 7057
917 3518 7057
918 3528 7047
919 3497 7078
920 3490 7085
921 3495 7080
922 3491 7084
923 3485 7090
924 3466 7109
925 3486 7089
926 3484 7091
927 3479 7096
928 3463 7112
929 3473 7102
930 3467 7108
931 3451 7124
932 3449 7126
933 3461 7114
934 3442 7133
935 3451 7124
936 3437 7138
937 3457 7118
938 3472 7103
939 3459 7116
940 3494 7081
941 3514 7061
942 3518 7057
943 3512 7063
944 3530 7045
945 3548 7027
946 3545 7030
947 3529 7046
948 3526 7049
949 3522 7053
950 3531 7044
951 3533 7042
952 3559 7016
953 3550 7025
954 3570 7005
955 3588 6987
956 3578 6997
957 3579 6996
958 3569 7006
959 3562 7013
960 3546 7029
961 3556 7019
962 3569 7006
963 3574 7001
964 3555 7020
965 3567 7008
966 3567 7008
967 3550 7025
968 3570 7005
969 3587 6988
970 3611 6964
971 3606 6969
972 3598 6977
973 3610 6965
974 3634 6941
975 3625 6950
976 3631 6944
977 3632 6943
978 3621 6954
979 3616 6959
980 3618 6957
981 3624 6951
982 3628 6947
983 3633 6942
984 3647 6928
985 3650 6925
986 3686 6889
987 3667 6908
988 3675 6900
989 3696 6879
990 3701 6874
991 3694 6881
992 3691 6884
993 3694 6881
994 3680 6895
995 3680 6895
996 3685 6890
997 3699 6876
998 3689 6886
999 3693 6882
1000 3704 6871
1001 3721 6854
1002 3721 6854
1003 3702 6873
1004 3689 6886
1005 3697 6878
1006 3696 6879
1007 3691 6884
1008 3683 6892
1009 3679 6896
1010 3677 6898
1011 3683 6892
1012 3660 6915
1013 3662 6913
1014 3685 6890
1015 3679 6896
1016 3680 6895
1017 3676 6899
1018 3686 6889
1019 3671 6904
1020 3676 6899
1021 3690 6885
1022 3693 6882
1023 3670 6905
1024 3664 6911
1025 3671 6904
1026 3669 6906
1027 3680 6895
1028 3667 6908
1029 3664 6911
1030 3630 6945
1031 3635 6940
1032 3644 6931
1033 3641 6934
1034 3660 6915
1035 3651 6924
1036 3649 6926
1037 3654 6921
1038 3631 6944
1039 3621 6954
1040 3625 6950
1041 3645 6930
1042 3654 6921
1043 3661 6914
1044 3666 6909
1045 3676 6899
1046 3672 6903
1047 3643 6932
1048 3635 6940
1049 3626 6949
1050 3616 6959
1051 3624 6951
1052 3622 6953
1053 3625 6950
1054 3611 6964
1055 3622 6953
1056 3638 6937
1057 3664 6911
1058 3666 6909
1059 3656 6919
1060 3675 6900
1061 3685 6890
1062 3676 6899
1063 3668 6907
1064 3679 6896
1065 3684 6891
1066 3663 6912
1067 3679 6896
1068 3677 6898
1069 3697 6878
1070 3677 6898
1071 3691 6884
1072 3685 6890
1073 3678 6897
1074 3669 6906
1075 3659 6916
1076 3638 6937
1077 3665 6910
1078 3658 6917
1079 3652 6923
1080 3651 6924
1081 3666 6909
1082 3661 6914
1083 3661 6914
1084 3658 6917
1085 3646 6929
1086 3641 6934
1087 3648 6927
1088 3647 6928
1089 3657 6918
1090 3643 6932
1091 3651 6924
1092 3647 6928
1093 3640 6935
1094 3634 6941
1095 3668 6907
1096 3666 6909
1097 3683 6892
1098 3686 6889
1099 3670 6905
1100 3665 6910
1101 3674 6901
1102 3650 6925
1103 3653 6922
1104 3648 6927
1105 3658 6917
1106 3662 6913
1107 3659 6916
1108 3660 6915
1109 3644 6931
1110 3659 6916
1111 3650 6925
1112 3645 6930
1113 3654 6921
1114 3665 6910
1115 3674 6901
1116 3667 6908
1117 3665 6910
1118 3657 6918
1119 3656 6919
1120 3633 6942
1121 3635 6940
1122 3632 6943
1123 3639 6936
1124 3631 6944
1125 3637 6938
1126 3640 6935
1127 3643 6932
1128 3632 6943
1129 3645 6930
1130 3637 6938
1131 3659 6916
1132 3649 6926
1133 3643 6932
1134 3644 6931
1135 3623 6952
1136 3622 6953
1137 3612 6963
1138 3611 6964
1139 3599 6976
1140 3600 6975
1141 3571 7004
1142 3579 6996
1143 3589 6986
1144 3591 6984
1145 3601 6974
1146 3601 6974
1147 3560 7015
1148 3561 7014
1149 3532 7043
1150 3538 7037
1151 3569 7006
1152 3569 7006
1153 3579 6996
1154 3573 7002
1155 3577 6998
1156 3578 6997
1157 3585 6990
1158 3598 6977
1159 3592 6983
1160 3605 6970
1161 3624 6951
1162 3603 6972
1163 3609 6966
1164 3627 6948
1165 3604 6971
1166 3584 6991
1167 3591 6984
1168 3595 6980
1169 3592 6983
1170 3591 6984
1171 3601 6974
1172 3574 7001
1173 3548 7027
1174 3541 7034
1175 3538 7037
1176 3520 7055
1177 3491 7084
1178 3497 7078
1179 3487 7088
1180 3495 7080
1181 3486 7089
1182 3509 7066
1183 3518 7057
1184 3527 7048
1185 3516 7059
1186 3540 7035
1187 3560 7015
1188 3554 7021
1189 3568 7007
1190 3566 7009
1191 3567 7008
1192 3576 6999
1193 3584 6991
1194 3569 7006
1195 3557 7018
1196 3546 7029
1197 3542 7033
1198 3529 7046
1199 3532 7043
1200 3533 7042
1201 3542 7033
1202 3556 7019
1203 3572 7003
1204 3556 7019
1205 3548 7027
1206 3550 7025
1207 3554 7021
1208 3549 7026
1209 3543 7032
1210 3566 7009
1211 3566 7009
1212 3557 7018
1213 3548 7027
1214 3536 7039
1215 3525 7050
1216 3514 7061
1217 3516 7059
1218 3492 7083
1219 3494 7081
1220 3492 7083
1221 3475 7100
1222 3479 7096
1223 3465 7110
1224 3472 7103
1225 3469 7106
1226 3462 7113
1227 3444 7131
1228 3444 7131
1229 3426 7149
1230 3432 7143
1231 3438 7137
1232 3450 7125
1233 3449 7126
1234 3481 7094
1235 3501 7074
1236 3490 7085
1237 3483 7092
1238 3491 7084
1239 3493 7082
1240 3474 7101
1241 3453 7122
1242 3443 7132
1243 3451 7124
1244 3458 7117
1245 3453 7122
1246 3449 7126
1247 3444 7131
1248 3445 7130
1249 3454 7121
1250 3461 7114
1251 3456 7119
1252 3457 7118
1253 3457 7118
1254 3458 7117
1255 3436 7139
1256 3437 7138
1257 3446 7129
1258 3454 7121
1259 3459 7116
1260 3463 7112
1261 3470 7105
1262 3452 7123
1263 3437 7138
1264 3443 7132
1265 3447 7128
1266 3439 7136
1267 3449 7126
1268 3443 7132
1269 3448 7127
1270 3454 7121
1271 3459 7116
1272 3444 7131
1273 3442 7133
1274 3451 7124
1275 3436 7139
1276 3425 7150
1277 3427 7148
1278 3426 7149
1279 3423 7152
1280 3416 7159
1281 3413 7162
1282 3413 7162
1283 3420 7155
1284 3443 7132
1285 3450 7125
1286 3447 7128
1287 3444 7131
1288 3469 7106
1289 3489 7086
1290 3489 7086
1291 3503 7072
1292 3506 7069
1293 3496 7079
1294 3504 7071
1295 3503 7072
1296 3492 7083
1297 3490 7085
1298 3492 7083
1299 3471 7104
1300 3459 7116
1301 3471 7104
1302 3458 7117
1303 3473 7102
1304 3463 7112
1305 3456 7119
1306 3445 7130
1307 3448 7127
1308 3420 7155
1309 3399 7176
1310 3392 7183
1311 3398 7177
1312 3425 7150
1313 3411 7164
1314 3427 7148
1315 3456 7119
1316 3439 7136
1317 3455 7120
1318 3457 7118
1319 3461 7114
1320 3453 7122
1321 3446 7129
1322 3443 7132
1323 3449 7126
1324 3450 7125
1325 3447 7128
1326 3439 7136
1327 3433 7142
1328 3446 7129
1329 3446 7129
1330 3458 7117
1331 3441 7134
1332 3429 7146
1333 3443 7132
1334 3456 7119
1335 3452 7123
1336 3445 7130
1337 3454 7121
1338 3442 7133
1339 3438 7137
1340 3433 7142
1341 3406 7169
1342 3418 7157
1343 3422 7153
1344 3439 7136
1345 3441 7134
1346 3439 7136
1347 3437 7138
1348 3414 7161
1349 3424 7151
1350 3429 7146
1351 3398 7177
1352 3425 7150
1353 3463 7112
1354 3448 7127
1355 3448 7127
1356 3458 7117
1357 3444 7131
1358 3440 7135
1359 3448 7127
1360 3446 7129
1361 3465 7110
1362 3440 7135
1363 3452 7123
1364 3462 7113
1365 3454 7121
1366 3443 7132
1367 3447 7128
1368 3451 7124
1369 3438 7137
1370 3445 7130
1371 3442 7133
1372 3435 7140
1373 3404 7171
1374 3390 7185
1375 3405 7170
1376 3413 7162
1377 3413 7162
1378 3416 7159
1379 3421 7154
1380 3428 7147
1381 3415 7160
1382 3422 7153
1383 3430 7145
1384 3434 7141
1385 3424 7151
1386 3441 7134
1387 3458 7117
1388 3445 7130
1389 3456 7119
1390 3436 7139
1391 3422 7153
1392 3424 7151
1393 3398 7177
1394 3406 7169
1395 3399 7176
1396 3378 7197
1397 3385 7190
1398 3384 7191
1399 3382 7193
1400 3399 7176
1401 3400 7175
1402 3401 7174
1403 3415 7160
1404 3417 7158
1405 3423 7152
1406 3419 7156
1407 3416 7159
1408 3417 7158
1409 3404 7171
1410 3406 7169
1411 3381 7194
1412 3356 7219
1413 3370 7205
1414 3381 7194
1415 3392 7183
1416 3386 7189
1417 3393 7182
1418 3379 7196
1419 3369 7206
1420 3377 7198
1421 3377 7198
1422 3365 7210
1423 3380 7195
1424 3361 7214
1425 3368 7207
1426 3354 7221
1427 3360 7215
1428 3367 7208
1429 3378 7197
1430 3387 7188
1431 3406 7169
1432 3390 7185
1433 3400 7175
1434 3400 7175
1435 3388 7187
1436 3383 7192
1437 3375 7200
1438 3379 7196
1439 3361 7214
1440 3368 7207
1441 3384 7191
1442 3387 7188
1443 3389 7186
1444 3388 7187
1445 3408 7167
1446 3393 7182
1447 3401 7174
1448 3383 7192
1449 3390 7185
1450 3392 7183
1451 3382 7193
1452 3393 7182
1453 3393 7182
1454 3411 7164
1455 3424 7151
1456 3405 7170
1457 3397 7178
1458 3400 7175
1459 3388 7187
1460 3397 7178
1461 3408 7167
1462 3394 7181
1463 3379 7196
1464 3385 7190
1465 3378 7197
1466 3370 7205
1467 3374 7201
1468 3363 7212
1469 3382 7193
1470 3389 7186
1471 3387 7188
1472 3372 7203
1473 3386 7189
1474 3398 7177
1475 3410 7165
1476 3421 7154
1477 3429 7146
1478 3400 7175
1479 3410 7165
1480 3390 7185
1481 3403 7172
1482 3392 7183
1483 3417 7158
1484 3404 7171
1485 3406 7169
1486 3398 7177
1487 3412 7163
1488 3419 7156
1489 3407 7168
1490 3407 7168
1491 3378 7197
1492 3394 7181
1493 3369 7206
1494 3345 7230
1495 3353 7222
1496 3372 7203
1497 3381 7194
1498 3358 7217
1499 3383 7192
1500 3382 7193
1501 3378 7197
1502 3374 7201
1503 3372 7203
1504 3365 7210
1505 3344 7231
1506 3353 7222
1507 3343 7232
1508 3336 7239
1509 3354 7221
1510 3362 7213
1511 3376 7199
1512 3377 7198
1513 3359 7216
1514 3360 7215
1515 3364 7211
1516 3370 7205
1517 3367 7208
1518 3382 7193
1519 3360 7215
1520 3366 7209
1521 3380 7195
1522 3382 7193
1523 3399 7176
1524 3383 7192
1525 3363 7212
1526 3360 7215
1527 3351 7224
1528 3343 7232
1529 3323 7252
1530 3306 7269
1531 3315 7260
1532 3322 7253
1533 3330 7245
1534 3324 7251
1535 3322 7253
1536 3339 7236
1537 3319 7256
1538 3329 7246
1539 3320 7255
1540 3302 7273
1541 3291 7284
1542 3290 7285
1543 3317 7258
1544 3337 7238
1545 3360 7215
1546 3359 7216
1547 3366 7209
1548 3349 7226
1549 3334 7241
1550 3335 7240
1551 3355 7220
1552 3337 7238
1553 3319 7256
1554 3306 7269
1555 3286 7289
1556 3296 7279
1557 3295 7280
1558 3292 7283
1559 3294 7281
1560 3307 7268
1561 3283 7292
1562 3283 7292
1563 3292 7283
1564 3285 7290
1565 3291 7284
1566 3285 7290
1567 3286 7289
1568 3275 7300
1569 3260 7315
1570 3251 7324
1571 3267 7308
1572 3265 7310
1573 3260 7315
1574 3262 7313
1575 3258 7317
1576 3268 7307
1577 3281 7294
1578 3295 7280
1579 3291 7284
1580 3301 7274
1581 3298 7277
1582 3309 7266
1583 3297 7278
1584 3290 7285
1585 3286 7289
1586 3315 7260
1587 3313 7262
1588 3318 7257
1589 3329 7246
1590 3348 7227
1591 3347 7228
1592 3329 7246
1593 3319 7256
1594 3313 7262
1595 3327 7248
1596 3340 7235
1597 3336 7239
1598 3354 7221
1599 3344 7231
1600 3349 7226
1601 3335 7240
1602 3317 7258
1603 3298 7277
1604 3270 7305
1605 3287 7288
1606 3291 7284
1607 3286 7289
1608 3289 7286
1609 3298 7277
1610 3290 7285
1611 3300 7275
1612 3309 7266
1613 3297 7278
1614 3297 7278
1615 3289 7286
1616 3301 7274
1617 3297 7278
1618 3294 7281
1619 3285 7290
1620 3275 7300
1621 3277 7298
1622 3269 7306
1623 3267 7308
1624 3252 7323
1625 3259 7316
1626 3294 7281
1627 3303 7272
1628 3294 7281
1629 3274 7301
1630 3286 7289
1631 3290 7285
1632 3294 7281
1633 3319 7256
1634 3311 7264
1635 3297 7278
1636 3276 7299
1637 3272 7303
1638 3290 7285
1639 3276 7299
1640 3296 7279
1641 3303 7272
1642 3311 7264
1643 3317 7258
1644 3325 7250
1645 3308 7267
1646 3285 7290
1647 3287 7288
1648 3279 7296
1649 3277 7298
1650 3265 7310
1651 3249 7326
1652 3261 7314
1653 3255 7320
1654 3249 7326
1655 3240 7335
1656 3227 7348
1657 3247 7328
1658 3257 7318
1659 3255 7320
1660 3255 7320
1661 3229 7346
1662 3218 7357
1663 3200 7375
1664 3194 7381
1665 3183 7392
1666 3175 7400
1667 3176 7399
1668 3192 7383
1669 3187 7388
1670 3178 7397
1671 3193 7382
1672 3178 7397
1673 3187 7388
1674 3205 7370
1675 3172 7403
1676 3177 7398
1677 3173 7402
1678 3156 7419
1679 3179 7396
1680 3172 7403
1681 3182 7393
1682 3185 7390
1683 3200 7375
1684 3198 7377
1685 3196 7379
1686 3205 7370
1687 3200 7375
1688 3227 7348
1689 3224 7351
1690 3235 7340
1691 3223 7352
1692 3204 7371
1693 3187 7388
1694 3182 7393
1695 3188 7387
1696 3195 7380
1697 3179 7396
1698 3180 7395
1699 3181 7394
1700 3162 7413
1701 3176 7399
1702 3167 7408
1703 3161 7414
1704 3171 7404
1705 3174 7401
1706 3181 7394
1707 3165 7410
1708 3198 7377
1709 3210 7365
1710 3232 7343
1711 3215 7360
1712 3230 7345
1713 3221 7354
1714 3201 7374
1715 3224 7351
1716 3218 7357
1717 3211 7364
1718 3204 7371
1719 3206 7369
1720 3206 7369
1721 3218 7357
1722 3195 7380
1723 3190 7385
1724 3198 7377
1725 3220 7355
1726 3250 7325
1727 3254 7321
1728 3260 7315
1729 3275 7300
1730 3290 7285
1731 3266 7309
1732 3276 7299
1733 3263 7312
1734 3286 7289
1735 3275 7300
1736 3278 7297
1737 3267 7308
1738 3267 7308
1739 3252 7323
1740 3225 7350
1741 3215 7360
1742 3228 7347
1743 3224 7351
1744 3218 7357
1745 3216 7359
1746 3213 7362
1747 3212 7363
1748 3216 7359
1749 3234 7341
1750 3229 7346
1751 3257 7318
1752 3242 7333
1753 3248 7327
1754 3227 7348
1755 3210 7365
1756 3233 7342
1757 3222 7353
1758 3220 7355
1759 3219 7356
1760 3207 7368
1761 3198 7377
1762 3188 7387
1763 3188 7387
1764 3194 7381
1765 3185 7390
1766 3186 7389
1767 3191 7384
1768 3178 7397
1769 3195 7380
1770 3172 7403
1771 3181 7394
1772 3176 7399
1773 3176 7399
1774 3180 7395
1775 3167 7408
1776 3177 7398
1777 3170 7405
1778 3162 7413
1779 3169 7406
1780 3147 7428
1781 3141 7434
1782 3144 7431
1783 3160 7415
1784 3165 7410
1785 3155 7420
1786 3141 7434
1787 3150 7425
1788 3161 7414
1789 3176 7399
1790 3180 7395
1791 3173 7402
1792 3144 7431
1793 3147 7428
1794 3156 7419
1795 3134 7441
1796 3147 7428
1797 3144 7431
1798 3164 7411
1799 3151 7424
1800 3173 7402
1801 3184 7391
1802 3165 7410
1803 3160 7415
1804 3165 7410
1805 3159 7416
1806 3173 7402
1807 3161 7414
1808 3166 7409
1809 3195 7380
1810 3180 7395
1811 3182 7393
1812 3196 7379
1813 3200 7375
1814 3194 7381
1815 3214 7361
1816 3209 7366
1817 3189 7386
1818 3195 7380
1819 3181 7394
1820 3190 7385
1821 3193 7382
1822 3184 7391
1823 3183 7392
1824 3191 7384
1825 3198 7377
1826 3201 7374
1827 3205 7370
1828 3233 7342
1829 3223 7352
1830 3232 7343
1831 3250 7325
1832 3234 7341
1833 3233 7342
1834 3226 7349
1835 3231 7344
1836 3223 7352
1837 3220 7355
1838 3216 7359
1839 3208 7367
1840 3208 7367
1841 3194 7381
1842 3197 7378
1843 3182 7393
1844 3193 7382
1845 3209 7366
1846 3196 7379
1847 3201 7374
1848 3188 7387
1849 3178 7397
1850 3160 7415
1851 3166 7409
1852 3144 7431
1853 3138 7437
1854 3168 7407
1855 3162 7413
1856 3180 7395
1857 3164 7411
1858 3152 7423
1859 3176 7399
1860 3199 7376
1861 3178 7397
1862 3172 7403
1863 3182 7393
1864 3197 7378
1865 3192 7383
1866 3182 7393
1867 3197 7378
1868 3211 7364
1869 3184 7391
1870 3181 7394
1871 3178 7397
1872 3177 7398
1873 3173 7402
1874 3175 7400
1875 3176 7399
1876 3177 7398
1877 3160 7415
1878 3153 7422
1879 3159 7416
1880 3161 7414
1881 3165 7410
1882 3177 7398
1883 3186 7389
1884 3189 7386
1885 3187 7388
1886 3179 7396
1887 3189 7386
1888 3209 7366
1889 3226 7349
1890 3207 7368
1891 3206 7369
1892 3226 7349
1893 3218 7357
1894 3224 7351
1895 3212 7363
1896 3216 7359
1897 3202 7373
1898 3201 7374
1899 3206 7369
1900 3212 7363
1901 3215 7360
1902 3224 7351
1903 3217 7358
1904 3216 7359
1905 3197 7378
1906 3207 7368
1907 3201 7374
1908 3173 7402
1909 3180 7395
1910 3168 7407
1911 3152 7423
1912 3164 7411
1913 3154 7421
1914 3163 7412
1915 3167 7408
1916 3172 7403
1917 3203 7372
1918 3194 7381
1919 3198 7377
1920 3199 7376
1921 3201 7374
1922 3174 7401
1923 3174 7401
1924 3184 7391
1925 3176 7399
1926 3175 7400
1927 3143 7432
1928 3160 7415
1929 3180 7395
1930 3182 7393
1931 3184 7391
1932 3188 7387
1933 3195 7380
1934 3188 7387
1935 3171 7404
1936 3197 7378
1937 3200 7375
1938 3204 7371
1939 3209 7366
1940 3203 7372
1941 3183 7392
1942 3181 7394
1943 3175 7400
1944 3169 7406
1945 3170 7405
1946 3191 7384
1947 3190 7385
1948 3190 7385
1949 3211 7364
1950 3206 7369
1951 3216 7359
1952 3204 7371
1953 3205 7370
1954 3193 7382
1955 3212 7363
1956 3197 7378
1957 3189 7386
1958 3198 7377
1959 3206 7369
1960 3206 7369
1961 3207 7368
1962 3202 7373
1963 3200 7375
1964 3224 7351
1965 3200 7375
1966 3210 7365
1967 3210 7365
1968 3224 7351
1969 3213 7362
1970 3211 7364
1971 3206 7369
1972 3233 7342
1973 3243 7332
1974 3228 7347
1975 3227 7348
1976 3230 7345
1977 3222 7353
1978 3194 7381
1979 3202 7373
1980 3182 7393
1981 3191 7384
1982 3193 7382
1983 3193 7382
1984 3173 7402
1985 3171 7404
1986 3168 7407
1987 3182 7393
1988 3183 7392
1989 3200 7375
1990 3197 7378
1991 3187 7388
1992 3174 7401
1993 3181 7394
1994 3179 7396
1995 3156 7419
1996 3164 7411
1997 3165 7410
1998 3157 7418
1999 3150 7425
2000 3158 7417
2001 3142 7433
2002 3159 7416
2003 3142 7433
2004 3157 7418
2005 3188 7387
2006 3184 7391
2007 3190 7385
2008 3195 7380
2009 3190 7385
2010 3181 7394
2011 3192 7383
2012 3166 7409
2013 3178 7397
2014 3177 7398
2015 3178 7397
2016 3184 7391
2017 3154 7421
2018 3167 7408
2019 3176 7399
2020 3173 7402
2021 3167 7408
2022 3168 7407
2023 3170 7405
2024 3163 7412
2025 3182 7393
2026 3167 7408
2027 3143 7432
2028 3138 7437
2029 3129 7446
2030 3134 7441
2031 3144 7431
2032 3162 7413
2033 3176 7399
2034 3180 7395
2035 3155 7420
2036 3170 7405
2037 3171 7404
2038 3158 7417
2039 3158 7417
2040 3147 7428
2041 3144 7431
2042 3154 7421
2043 3157 7418
2044 3136 7439
2045 3139 7436
2046 3140 7435
2047 3129 7446
2048 3133 7442
2049 3112 7463
2050 3076 7499
2051 3073 7502
2052 3090 7485
2053 3088 7487
2054 3093 7482
2055 3113 7462
2056 3126 7449
2057 3107 7468
2058 3091 7484
2059 3086 7489
2060 3105 7470
2061 3106 7469
2062 3109 7466
2063 3104 7471
2064 3122 7453
2065 3139 7436
2066 3138 7437
2067 3145 7430
2068 3173 7402
2069 3174 7401
2070 3123 7452
2071 3120 7455
2072 3117 7458
2073 3117 7458
2074 3110 7465
2075 3101 7474
2076 3088 7487
2077 3095 7480
2078 3098 7477
2079 3111 7464
2080 3138 7437
2081 3112 7463
2082 3106 7469
2083 3110 7465
2084 3108 7467
2085 3142 7433
2086 3140 7435
2087 3131 7444
2088 3148 7427
2089 3157 7418
2090 3142 7433
2091 3153 7422
2092 3138 7437
2093 3128 7447
2094 3139 7436
2095 3145 7430
2096 3134 7441
2097 3139 7436
2098 3159 7416
2099 3170 7405
2100 3152 7423
2101 3137 7438
2102 3133 7442
2103 3110 7465
2104 3132 7443
2105 3133 7442
2106 3115 7460
2107 3099 7476
2108 3104 7471
2109 3119 7456
2110 3139 7436
2111 3121 7454
2112 3133 7442
2113 3157 7418
2114 3156 7419
2115 3124 7451
2116 3148 7427
2117 3144 7431
2118 3149 7426
2119 3165 7410
2120 3164 7411
2121 3155 7420
2122 3158 7417
2123 3157 7418
2124 3169 7406
2125 3171 7404
2126 3160 7415
2127 3174 7401
2128 3179 7396
2129 3180 7395
2130 3181 7394
2131 3187 7388
2132 3170 7405
2133 3179 7396
2134 3174 7401
2135 3164 7411
2136 3139 7436
2137 3109 7466
2138 3112 7463
2139 3117 7458
2140 3112 7463
2141 3108 7467
2142 3098 7477
2143 3091 7484
2144 3113 7462
2145 3108 7467
2146 3100 7475
2147 3111 7464
2148 3121 7454
2149 3113 7462
2150 3135 7440
2151 3136 7439
2152 3141 7434
2153 3133 7442
2154 3132 7443
2155 3141 7434
2156 3131 7444
2157 3145 7430
2158 3136 7439
2159 3140 7435
2160 3145 7430
2161 3143 7432
2162 3140 7435
2163 3136 7439
2164 3147 7428
2165 3139 7436
2166 3156 7419
2167 3138 7437
2168 3146 7429
2169 3144 7431
2170 3124 7451
2171 3106 7469
2172 3101 7474
2173 3121 7454
2174 3109 7466
2175 3098 7477
2176 3105 7470
2177 3125 7450
2178 3112 7463
2179 3107 7468
2180 3115 7460
2181 3123 7452
2182 3139 7436
2183 3150 7425
2184 3151 7424
2185 3171 7404
2186 3163 7412
2187 3159 7416
2188 3161 7414
2189 3143 7432
2190 3139 7436
2191 3139 7436
2192 3138 7437
2193 3164 7411
2194 3156 7419
2195 3154 7421
2196 3155 7420
2197 3160 7415
2198 3168 7407
2199 3163 7412
2200 3156 7419
2201 3140 7435
2202 3139 7436
2203 3139 7436
2204 3118 7457
2205 3120 7455
2206 3139 7436
2207 3143 7432
2208 3127 7448
2209 3145 7430
2210 3146 7429
2211 3143 7432
2212 3146 7429
2213 3138 7437
2214 3129 7446
2215 3130 7445
2216 3116 7459
2217 3146 7429
2218 3134 7441
2219 3133 7442
2220 3132 7443
2221 3146 7429
2222 3165 7410
2223 3168 7407
2224 3165 7410
2225 3192 7383
2226 3195 7380
2227 3220 7355
2228 3224 7351
2229 3225 7350
2230 3206 7369
2231 3193 7382
2232 3209 7366
2233 3213 7362
2234 3200 7375
2235 3213 7362
2236 3216 7359
2237 3211 7364
2238 3221 7354
2239 3221 7354
2240 3217 7358
2241 3203 7372
2242 3210 7365
2243 3196 7379
2244 3211 7364
2245 3199 7376
2246 3176 7399
2247 3198 7377
2248 3217 7358
2249 3216 7359
2250 3222 7353
2251 3219 7356
2252 3216 7359
2253 3219 7356
2254 3223 7352
2255 3228 7347
2256 3231 7344
2257 3232 7343
2258 3245 7330
2259 3258 7317
2260 3257 7318
2261 3247 7328
2262 3259 7316
2263 3228 7347
2264 3226 7349
2265 3214 7361
2266 3220 7355
2267 3225 7350
2268 3209 7366
2269 3200 7375
2270 3201 7374
2271 3200 7375
2272 3169 7406
2273 3169 7406
2274 3167 7408
2275 3189 7386
2276 3189 7386
2277 3185 7390
2278 3182 7393
2279 3200 7375
2280 3192 7383
2281 3175 7400
2282 3185 7390
2283 3154 7421
2284 3169 7406
2285 3163 7412
2286 3169 7406
2287 3183 7392
2288 3176 7399
2289 3172 7403
2290 3169 7406
2291 3175 7400
2292 3170 7405
2293 3131 7444
2294 3149 7426
2295 3160 7415
2296 3169 7406
2297 3167 7408
2298 3160 7415
2299 3177 7398
2300 3146 7429
2301 3142 7433
2302 3142 7433
2303 3123 7452
2304 3118 7457
2305 3125 7450
2306 3134 7441
2307 3137 7438
2308 3143 7432
2309 3139 7436
2310 3125 7450
2311 3147 7428
2312 3155 7420
2313 3144 7431
2314 3116 7459
2315 3126 7449
2316 3110 7465
2317 3129 7446
2318 3137 7438
2319 3143 7432
2320 3139 7436
2321 3131 7444
2322 3103 7472
2323 3121 7454
2324 3113 7462
2325 3129 7446
2326 3127 7448
2327 3140 7435
2328 3162 7413
2329 3141 7434
2330 3153 7422
2331 3143 7432
2332 3158 7417
2333 3140 7435
2334 3132 7443
2335 3127 7448
2336 3134 7441
2337 3146 7429
2338 3140 7435
2339 3138 7437
2340 3142 7433
2341 3145 7430
2342 3146 7429
2343 3156 7419
2344 3149 7426
2345 3136 7439
2346 3132 7443
2347 3117 7458
2348 3118 7457
2349 3123 7452
2350 3146 7429
2351 3134 7441
2352 3136 7439
2353 3115 7460
2354 3109 7466
2355 3112 7463
2356 3108 7467
2357 3125 7450
2358 3115 7460
2359 3118 7457
2360 3120 7455
2361 3124 7451
2362 3139 7436
2363 3129 7446
2364 3126 7449
2365 3146 7429
2366 3134 7441
2367 3147 7428
2368 3154 7421
2369 3148 7427
2370 3152 7423
2371 3141 7434
2372 3161 7414
2373 3174 7401
2374 3174 7401
2375 3177 7398
2376 3179 7396
2377 3177 7398
2378 3173 7402
2379 3161 7414
2380 3157 7418
2381 3135 7440
2382 3125 7450
2383 3106 7469
2384 3091 7484
2385 3090 7485
2386 3105 7470
2387 3114 7461
2388 3094 7481
2389 3106 7469
2390 3101 7474
2391 3110 7465
2392 3133 7442
2393 3126 7449
2394 3141 7434
2395 3119 7456
2396 3130 7445
2397 3137 7438
2398 3135 7440
2399 3160 7415
2400 3163 7412
2401 3171 7404
2402 3188 7387
2403 3166 7409
2404 3156 7419
2405 3149 7426
2406 3146 7429
2407 3131 7444
2408 3125 7450
2409 3099 7476
2410 3116 7459
2411 3107 7468
2412 3112 7463
2413 3116 7459
2414 3118 7457
2415 3116 7459
2416 3108 7467
2417 3121 7454
2418 3087 7488
2419 3105 7470
2420 3109 7466
2421 3087 7488
2422 3094 7481
2423 3106 7469
2424 3113 7462
2425 3116 7459
2426 3130 7445
2427 3121 7454
2428 3123 7452
2429 3137 7438
2430 3133 7442
2431 3129 7446
2432 3122 7453
2433 3123 7452
2434 3112 7463
2435 3110 7465
2436 3121 7454
2437 3117 7458
2438 3105 7470
2439 3118 7457
2440 3119 7456
2441 3106 7469
2442 3108 7467
2443 3111 7464
2444 3116 7459
2445 3111 7464
2446 3114 7461
2447 3148 7427
2448 3148 7427
2449 3162 7413
2450 3149 7426
2451 3168 7407
2452 3135 7440
2453 3155 7420
2454 3182 7393
2455 3198 7377
2456 3219 7356
2457 3250 7325
2458 3220 7355
2459 3191 7384
2460 3188 7387
2461 3190 7385
2462 3179 7396
2463 3172 7403
2464 3141 7434
2465 3128 7447
2466 3132 7443
2467 3122 7453
2468 3090 7485
2469 3090 7485
2470 3093 7482
2471 3092 7483
2472 3098 7477
2473 3091 7484
2474 3108 7467
2475 3126 7449
2476 3124 7451
2477 3113 7462
2478 3127 7448
2479 3137 7438
2480 3132 7443
2481 3110 7465
2482 3132 7443
2483 3137 7438
2484 3108 7467
2485 3104 7471
2486 3121 7454
2487 3127 7448
2488 3132 7443
2489 3141 7434
2490 3138 7437
2491 3136 7439
2492 3142 7433
2493 3124 7451
2494 3125 7450
2495 3113 7462
2496 3126 7449
2497 3130 7445
2498 3143 7432
2499 3155 7420
2500 3136 7439
2501 3136 7439
2502 3160 7415
2503 3159 7416
2504 3151 7424
2505 3158 7417
2506 3155 7420
2507 3149 7426
2508 3138 7437
2509 3173 7402
2510 3169 7406
2511 3169 7406
2512 3163 7412
2513 3185 7390
2514 3176 7399
2515 3170 7405
2516 3162 7413
2517 3156 7419
2518 3168 7407
2519 3170 7405
2520 3174 7401
2521 3198 7377
2522 3199 7376
2523 3195 7380
2524 3193 7382
2525 3209 7366
2526 3220 7355
2527 3204 7371
2528 3197 7378
2529 3208 7367
2530 3200 7375
2531 3205 7370
2532 3208 7367
2533 3198 7377
2534 3186 7389
2535 3186 7389
2536 3187 7388
2537 3200 7375
2538 3231 7344
2539 3214 7361
2540 3228 7347
2541 3211 7364
2542 3177 7398
2543 3170 7405
2544 3162 7413
2545 3183 7392
2546 3193 7382
2547 3202 7373
2548 3188 7387
2549 3217 7358
2550 3191 7384
2551 3178 7397
2552 3152 7423
2553 3163 7412
2554 3173 7402
2555 3166 7409
2556 3164 7411
2557 3157 7418
2558 3180 7395
2559 3176 7399
2560 3161 7414
2561 3150 7425
2562 3144 7431
2563 3121 7454
2564 3151 7424
2565 3172 7403
2566 3183 7392
2567 3190 7385
2568 3185 7390
2569 3193 7382
2570 3196 7379
2571 3170 7405
2572 3182 7393
2573 3202 7373
2574 3183 7392
2575 3170 7405
2576 3152 7423
2577 3154 7421
2578 3168 7407
2579 3171 7404
2580 3169 7406
2581 3159 7416
2582 3144 7431
2583 3137 7438
2584 3122 7453
2585 3112 7463
2586 3112 7463
2587 3143 7432
2588 3148 7427
2589 3155 7420
2590 3160 7415
2591 3140 7435
2592 3130 7445
2593 3134 7441
2594 3132 7443
2595 3117 7458
2596 3105 7470
2597 3113 7462
2598 3105 7470
2599 3118 7457
2600 3123 7452
2601 3123 7452
2602 3118 7457
2603 3114 7461
2604 3110 7465
2605 3102 7473
2606 3112 7463
2607 3112 7463
2608 3111 7464
2609 3117 7458
2610 3102 7473
2611 3119 7456
2612 3129 7446
2613 3142 7433
2614 3123 7452
2615 3128 7447
2616 3127 7448
2617 3130 7445
2618 3142 7433
2619 3135 7440
2620 3122 7453
2621 3138 7437
2622 3135 7440
2623 3141 7434
2624 3144 7431
2625 3141 7434
2626 3133 7442
2627 3124 7451
2628 3135 7440
2629 3129 7446
2630 3118 7457
2631 3101 7474
2632 3088 7487
2633 3090 7485
2634 3096 7479
2635 3081 7494
2636 3078 7497
2637 3090 7485
2638 3097 7478
2639 3085 7490
2640 3091 7484
2641 3098 7477
2642 3086 7489
2643 3090 7485
2644 3096 7479
2645 3100 7475
2646 3108 7467
2647 3102 7473
2648 3085 7490
2649 3107 7468
2650 3080 7495
2651 3094 7481
2652 3089 7486
2653 3088 7487
2654 3102 7473
2655 3124 7451
2656 3113 7462
2657 3098 7477
2658 3107 7468
2659 3103 7472
2660 3128 7447
2661 3133 7442
2662 3130 7445
2663 3131 7444
2664 3135 7440
2665 3128 7447
2666 3116 7459
2667 3119 7456
2668 3136 7439
2669 3133 7442
2670 3139 7436
2671 3127 7448
2672 3143 7432
2673 3152 7423
2674 3156 7419
2675 3155 7420
2676 3164 7411
2677 3155 7420
2678 3174 7401
2679 3182 7393
2680 3167 7408
2681 3157 7418
2682 3150 7425
2683 3167 7408
2684 3152 7423
2685 3134 7441
2686 3142 7433
2687 3156 7419
2688 3148 7427
2689 3164 7411
2690 3183 7392
2691 3146 7429
2692 3149 7426
2693 3141 7434
2694 3145 7430
2695 3122 7453
2696 3116 7459
2697 3118 7457
2698 3125 7450
2699 3149 7426
2700 3163 7412
2701 3160 7415
2702 3157 7418
2703 3149 7426
2704 3174 7401
2705 3145 7430
2706 3156 7419
2707 3153 7422
2708 3167 7408
2709 3160 7415
2710 3165 7410
2711 3166 7409
2712 3147 7428
2713 3136 7439
2714 3122 7453
2715 3123 7452
2716 3120 7455
2717 3152 7423
2718 3174 7401
2719 3164 7411
2720 3150 7425
2721 3155 7420
2722 3143 7432
2723 3134 7441
2724 3142 7433
2725 3161 7414
2726 3183 7392
2727 3203 7372
2728 3220 7355
2729 3196 7379
2730 3186 7389
2731 3202 7373
2732 3180 7395
2733 3173 7402
2734 3194 7381
2735 3192 7383
2736 3188 7387
2737 3220 7355
2738 3190 7385
2739 3192 7383
2740 3172 7403
2741 3162 7413
2742 3152 7423
2743 3158 7417
2744 3157 7418
2745 3158 7417
2746 3159 7416
2747 3148 7427
2748 3152 7423
2749 3154 7421
2750 3152 7423
2751 3148 7427
2752 3159 7416
2753 3141 7434
2754 3151 7424
2755 3166 7409
2756 3180 7395
2757 3168 7407
2758 3170 7405
2759 3197 7378
2760 3184 7391
2761 3192 7383
2762 3193 7382
2763 3186 7389
2764 3167 7408
2765 3158 7417
2766 3164 7411
2767 3144 7431
2768 3128 7447
2769 3137 7438
2770 3134 7441
2771 3143 7432
2772 3138 7437
2773 3133 7442
2774 3131 7444
2775 3133 7442
2776 3149 7426
2777 3165 7410
2778 3170 7405
2779 3180 7395
2780 3177 7398
2781 3176 7399
2782 3196 7379
2783 3174 7401
2784 3183 7392
2785 3171 7404
2786 3166 7409
2787 3184 7391
2788 3191 7384
2789 3185 7390
2790 3186 7389
2791 3163 7412
2792 3176 7399
2793 3185 7390
2794 3185 7390
2795 3201 7374
2796 3195 7380
2797 3179 7396
2798 3208 7367
2799 3210 7365
2800 3207 7368
2801 3221 7354
2802 3218 7357
2803 3216 7359
2804 3208 7367
2805 3222 7353
2806 3202 7373
2807 3187 7388
2808 3203 7372
2809 3197 7378
2810 3200 7375
2811 3202 7373
2812 3221 7354
2813 3209 7366
2814 3216 7359
2815 3229 7346
2816 3222 7353
2817 3212 7363
2818 3208 7367
2819 3197 7378
2820 3202 7373
2821 3200 7375
2822 3187 7388
2823 3183 7392
2824 3168 7407
2825 3157 7418
2826 3190 7385
2827 3182 7393
2828 3165 7410
2829 3170 7405
2830 3162 7413
2831 3156 7419
2832 3166 7409
2833 3177 7398
2834 3184 7391
2835 3184 7391
2836 3186 7389
2837 3202 7373
2838 3223 7352
2839 3210 7365
2840 3232 7343
2841 3227 7348
2842 3226 7349
2843 3229 7346
2844 3234 7341
2845 3255 7320
2846 3256 7319
2847 3256 7319
2848 3244 7331
2849 3229 7346
2850 3236 7339
2851 3217 7358
2852 3216 7359
2853 3225 7350
2854 3237 7338
2855 3231 7344
2856 3212 7363
2857 3226 7349
2858 3227 7348
2859 3222 7353
2860 3214 7361
2861 3223 7352
2862 3214 7361
2863 3209 7366
2864 3193 7382
2865 3196 7379
2866 3205 7370
2867 3207 7368
2868 3176 7399
2869 3163 7412
2870 3162 7413
2871 3166 7409
2872 3169 7406
2873 3178 7397
2874 3169 7406
2875 3160 7415
2876 3177 7398
2877 3165 7410
2878 3156 7419
2879 3173 7402
2880 3168 7407
2881 3181 7394
2882 3174 7401
2883 3175 7400
2884 3183 7392
2885 3176 7399
2886 3187 7388
2887 3194 7381
2888 3194 7381
2889 3208 7367
2890 3196 7379
2891 3177 7398
2892 3184 7391
2893 3176 7399
2894 3181 7394
2895 3166 7409
2896 3179 7396
2897 3170 7405
2898 3176 7399
2899 3168 7407
2900 3161 7414
2901 3165 7410
2902 3168 7407
2903 3170 7405
2904 3184 7391
2905 3174 7401
2906 3180 7395
2907 3177 7398
2908 3179 7396
2909 3186 7389
2910 3178 7397
2911 3181 7394
2912 3193 7382
2913 3195 7380
2914 3196 7379
2915 3204 7371
2916 3208 7367
2917 3200 7375
2918 3189 7386
2919 3206 7369
2920 3205 7370
2921 3236 7339
2922 3223 7352
2923 3216 7359
2924 3213 7362
2925 3190 7385
2926 3177 7398
2927 3172 7403
2928 3167 7408
2929 3174 7401
2930 3185 7390
2931 3187 7388
2932 3183 7392
2933 3165 7410
2934 3146 7429
2935 3171 7404
2936 3178 7397
2937 3175 7400
2938 3194 7381
2939 3200 7375
2940 3175 7400
2941 3173 7402
2942 3180 7395
2943 3169 7406
2944 3183 7392
2945 3186 7389
2946 3203 7372
2947 3217 7358
2948 3221 7354
2949 3211 7364
2950 3210 7365
2951 3203 7372
2952 3187 7388
2953 3198 7377
2954 3210 7365
2955 3200 7375
2956 3212 7363
2957 3197 7378
2958 3198 7377
2959 3169 7406
2960 3177 7398
2961 3181 7394
2962 3169 7406
2963 3177 7398
2964 3161 7414
2965 3187 7388
2966 3176 7399
2967 3160 7415
2968 3168 7407
2969 3198 7377
2970 3196 7379
2971 3194 7381
2972 3196 7379
2973 3193 7382
2974 3185 7390
2975 3183 7392
2976 3164 7411
2977 3167 7408
2978 3175 7400
2979 3193 7382
2980 3207 7368
2981 3209 7366
2982 3206 7369
2983 3189 7386
2984 3196 7379
2985 3188 7387
2986 3189 7386
2987 3179 7396
2988 3180 7395
2989 3166 7409
2990 3180 7395
2991 3170 7405
2992 3177 7398
2993 3169 7406
2994 3163 7412
2995 3155 7420
2996 3150 7425
2997 3130 7445
2998 3127 7448
2999 3160 7415
3000 3174 7401
