0 2006 0 0 0 0 0 0 0 0 0 0 0 0 0 0 0
1 12034 1 1 0 0 0 0 0 0 0 0 0 0 0 0 0
2 12032 2 2 0 0 0 0 0 0 0 0 0 0 0 0 0
3 12030 3 3 0 0 0 0 0 0 0 0 0 0 0 0 0
4 12028 4 4 0 0 0 0 0 0 0 0 0 0 0 0 0
5 12026 5 5 0 0 0 0 0 0 0 0 0 0 0 0 0
6 12024 6 6 0 0 0 0 0 0 0 0 0 0 0 0 0
7 12020 8 8 0 0 0 0 0 0 0 0 0 0 0 0 0
8 12020 8 8 0 0 0 0 0 0 0 0 0 0 0 0 0
9 12018 9 9 0 0 0 0 0 0 0 0 0 0 0 0 0
10 12016 10 10 0 0 0 0 0 0 0 0 0 0 0 0 0
11 12014 11 11 0 0 0 0 0 0 0 0 0 0 0 0 0
12 12012 12 12 0 0 0 0 0 0 0 0 0 0 0 0 0
13 12014 11 11 0 0 0 0 0 0 0 0 0 0 0 0 0
14 12014 11 11 0 0 0 0 0 0 0 0 0 0 0 0 0
15 12010 13 13 0 0 0 0 0 0 0 0 0 0 0 0 0
16 12006 15 15 0 0 0 0 0 0 0 0 0 0 0 0 0
17 12002 17 17 0 0 0 0 0 0 0 0 0 0 0 0 0
18 11996 20 20 0 0 0 0 0 0 0 0 0 0 0 0 0
19 11994 21 21 0 0 0 0 0 0 0 0 0 0 0 0 0
20 11994 21 21 0 0 0 0 0 0 0 0 0 0 0 0 0
21 11994 21 21 0 0 0 0 0 0 0 0 0 0 0 0 0
22 11998 19 19 0 0 0 0 0 0 0 0 0 0 0 0 0
23 11998 19 19 0 0 0 0 0 0 0 0 0 0 0 0 0
24 11994 21 21 0 0 0 0 0 0 0 0 0 0 0 0 0
25 11988 24 24 0 0 0 0 0 0 0 0 0 0 0 0 0
26 11988 24 24 0 0 0 0 0 0 0 0 0 0 0 0 0
27 11988 24 24 0 0 0 0 0 0 0 0 0 0 0 0 0
28 11988 24 24 0 0 0 0 0 0 0 0 0 0 0 0 0
29 11986 25 25 0 0 0 0 0 0 0 0 0 0 0 0 0
30 11988 24 24 0 0 0 0 0 0 0 0 0 0 0 0 0
31 11992 22 22 0 0 0 0 0 0 0 0 0 0 0 0 0
32 11990 23 23 0 0 0 0 0 0 0 0 0 0 0 0 0
33 11988 24 24 0 0 0 0 0 0 0 0 0 0 0 0 0
34 11982 27 27 0 0 0 0 0 0 0 0 0 0 0 0 0
35 11982 27 27 0 0 0 0 0 0 0 0 0 0 0 0 0
36 11980 28 28 0 0 0 0 0 0 0 0 0 0 0 0 0
37 11978 29 29 0 0 0 0 0 0 0 0 0 0 0 0 0
38 11976 30 30 0 0 0 0 0 0 0 0 0 0 0 0 0
39 11974 31 31 0 0 0 0 0 0 0 0 0 0 0 0 0
40 11972 32 32 0 0 0 0 0 0 0 0 0 0 0 0 0
41 11970 33 33 0 0 0 0 0 0 0 0 0 0 0 0 0
42 11966 35 35 0 0 0 0 0 0 0 0 0 0 0 0 0
43 11964 36 36 0 0 0 0 0 0 0 0 0 0 0 0 0
44 11964 36 36 0 0 0 0 0 0 0 0 0 0 0 0 0
45 11962 37 37 0 0 0 0 0 0 0 0 0 0 0 0 0
46 11956 40 40 0 0 0 0 0 0 0 0 0 0 0 0 0
47 11954 41 41 0 0 0 0 0 0 0 0 0 0 0 0 0
48 11952 42 42 0 0 0 0 0 0 0 0 0 0 0 0 0
49 11952 42 42 0 0 0 0 0 0 0 0 0 0 0 0 0
50 11950 43 43 0 0 0 0 0 0 0 0 0 0 0 0 0
51 11946 45 45 0 0 0 0 0 0 0 0 0 0 0 0 0
52 11946 45 45 0 0 0 0 0 0 0 0 0 0 0 0 0
53 11944 46 46 0 0 0 0 0 0 0 0 0 0 0 0 0
54 11944 46 46 0 0 0 0 0 0 0 0 0 0 0 0 0
55 11942 47 47 0 0 0 0 0 0 0 0 0 0 0 0 0
56 11942 47 47 0 0 0 0 0 0 0 0 0 0 0 0 0
57 11938 49 49 0 0 0 0 0 0 0 0 0 0 0 0 0
58 11938 49 49 0 0 0 0 0 0 0 0 0 0 0 0 0
59 11936 50 50 0 0 0 0 0 0 0 0 0 0 0 0 0
60 11936 50 50 0 0 0 0 0 0 0 0 0 0 0 0 0
61 11934 51 51 0 0 0 0 0 0 0 0 0 0 0 0 0
62 11934 51 51 0 0 0 0 0 0 0 0 0 0 0 0 0
63 11930 53 53 0 0 0 0 0 0 0 0 0 0 0 0 0
64 11928 54 54 0 0 0 0 0 0 0 0 0 0 0 0 0
65 11928 54 54 0 0 0 0 0 0 0 0 0 0 0 0 0
66 11930 53 53 0 0 0 0 0 0 0 0 0 0 0 0 0
67 11930 53 53 0 0 0 0 0 0 0 0 0 0 0 0 0
68 11928 54 54 0 0 0 0 0 0 0 0 0 0 0 0 0
69 11928 54 54 0 0 0 0 0 0 0 0 0 0 0 0 0
70 11928 54 54 0 0 0 0 0 0 0 0 0 0 0 0 0
71 11926 55 55 0 0 0 0 0 0 0 0 0 0 0 0 0
72 11926 55 55 0 0 0 0 0 0 0 0 0 0 0 0 0
73 11924 56 56 0 0 0 0 0 0 0 0 0 0 0 0 0
74 11918 59 59 0 0 0 0 0 0 0 0 0 0 0 0 0
75 11914 61 61 0 0 0 0 0 0 0 0 0 0 0 0 0
76 11906 65 65 0 0 0 0 0 0 0 0 0 0 0 0 0
77 11902 67 67 0 0 0 0 0 0 0 0 0 0 0 0 0
78 11900 68 68 0 0 0 0 0 0 0 0 0 0 0 0 0
79 11900 68 68 0 0 0 0 0 0 0 0 0 0 0 0 0
80 11898 69 69 0 0 0 0 0 0 0 0 0 0 0 0 0
81 11896 70 70 0 0 0 0 0 0 0 0 0 0 0 0 0
82 11894 71 71 0 0 0 0 0 0 0 0 0 0 0 0 0
83 11896 70 70 0 0 0 0 0 0 0 0 0 0 0 0 0
84 11896 70 70 0 0 0 0 0 0 0 0 0 0 0 0 0
85 11896 70 70 0 0 0 0 0 0 0 0 0 0 0 0 0
86 11896 70 70 0 0 0 0 0 0 0 0 0 0 0 0 0
87 11894 71 71 0 0 0 0 0 0 0 0 0 0 0 0 0
88 11890 73 73 0 0 0 0 0 0 0 0 0 0 0 0 0
89 11888 74 74 0 0 0 0 0 0 0 0 0 0 0 0 0
90 11882 77 77 0 0 0 0 0 0 0 0 0 0 0 0 0
91 11882 77 77 0 0 0 0 0 0 0 0 0 0 0 0 0
92 11878 79 79 0 0 0 0 0 0 0 0 0 0 0 0 0
93 11872 82 82 0 0 0 0 0 0 0 0 0 0 0 0 0
94 11866 85 85 0 0 0 0 0 0 0 0 0 0 0 0 0
95 11864 86 86 0 0 0 0 0 0 0 0 0 0 0 0 0
96 11858 89 89 0 0 0 0 0 0 0 0 0 0 0 0 0
97 11860 88 88 0 0 0 0 0 0 0 0 0 0 0 0 0
98 11858 89 89 0 0 0 0 0 0 0 0 0 0 0 0 0
99 11858 89 89 0 0 0 0 0 0 0 0 0 0 0 0 0
100 11852 92 92 0 0 0 0 0 0 0 0 0 0 0 0 0
101 11852 92 92 0 0 0 0 0 0 0 0 0 0 0 0 0
102 11852 92 92 0 0 0 0 0 0 0 0 0 0 0 0 0
103 11850 93 93 0 0 0 0 0 0 0 0 0 0 0 0 0
104 11848 94 94 0 0 0 0 0 0 0 0 0 0 0 0 0
105 11848 94 94 0 0 0 0 0 0 0 0 0 0 0 0 0
106 11852 92 92 0 0 0 0 0 0 0 0 0 0 0 0 0
107 11852 92 92 0 0 0 0 0 0 0 0 0 0 0 0 0
108 11848 94 94 0 0 0 0 0 0 0 0 0 0 0 0 0
109 11846 95 95 0 0 0 0 0 0 0 0 0 0 0 0 0
110 11848 94 94 0 0 0 0 0 0 0 0 0 0 0 0 0
111 11850 93 93 0 0 0 0 0 0 0 0 0 0 0 0 0
112 11852 92 92 0 0 0 0 0 0 0 0 0 0 0 0 0
113 11848 94 94 0 0 0 0 0 0 0 0 0 0 0 0 0
114 11845 95 95 1 0 0 0 0 0 0 0 0 0 0 0 0
115 11851 92 92 1 0 0 0 0 0 0 0 0 0 0 0 0
116 11851 92 92 1 0 0 0 0 0 0 0 0 0 0 0 0
117 11851 92 92 1 0 0 0 0 0 0 0 0 0 0 0 0
118 11851 92 92 1 0 0 0 0 0 0 0 0 0 0 0 0
119 11849 93 93 1 0 0 0 0 0 0 0 0 0 0 0 0
120 11843 96 96 1 0 0 0 0 0 0 0 0 0 0 0 0
121 11845 95 95 1 0 0 0 0 0 0 0 0 0 0 0 0
122 11847 94 94 1 0 0 0 0 0 0 0 0 0 0 0 0
123 11843 96 96 1 0 0 0 0 0 0 0 0 0 0 0 0
124 11841 97 97 1 0 0 0 0 0 0 0 0 0 0 0 0
125 11841 97 97 1 0 0 0 0 0 0 0 0 0 0 0 0
126 11845 95 95 1 0 0 0 0 0 0 0 0 0 0 0 0
127 11841 97 97 1 0 0 0 0 0 0 0 0 0 0 0 0
128 11839 98 98 1 0 0 0 0 0 0 0 0 0 0 0 0
129 11839 98 98 1 0 0 0 0 0 0 0 0 0 0 0 0
130 11837 99 99 1 0 0 0 0 0 0 0 0 0 0 0 0
131 11835 100 100 1 0 0 0 0 0 0 0 0 0 0 0 0
132 11835 100 100 1 0 0 0 0 0 0 0 0 0 0 0 0
133 11833 101 101 1 0 0 0 0 0 0 0 0 0 0 0 0
134 11833 101 101 1 0 0 0 0 0 0 0 0 0 0 0 0
135 11831 102 102 1 0 0 0 0 0 0 0 0 0 0 0 0
136 11827 104 104 1 0 0 0 0 0 0 0 0 0 0 0 0
137 11821 107 107 1 0 0 0 0 0 0 0 0 0 0 0 0
138 11817 109 109 1 0 0 0 0 0 0 0 0 0 0 0 0
139 11812 111 111 2 0 0 0 0 0 0 0 0 0 0 0 0
140 11810 112 112 2 0 0 0 0 0 0 0 0 0 0 0 0
141 11812 111 111 2 0 0 0 0 0 0 0 0 0 0 0 0
142 11814 110 110 2 0 0 0 0 0 0 0 0 0 0 0 0
143 11810 112 112 2 0 0 0 0 0 0 0 0 0 0 0 0
144 11810 112 112 2 0 0 0 0 0 0 0 0 0 0 0 0
145 11804 115 115 2 0 0 0 0 0 0 0 0 0 0 0 0
146 11802 116 116 2 0 0 0 0 0 0 0 0 0 0 0 0
147 11800 117 117 2 0 0 0 0 0 0 0 0 0 0 0 0
148 11800 117 117 2 0 0 0 0 0 0 0 0 0 0 0 0
149 11800 117 117 2 0 0 0 0 0 0 0 0 0 0 0 0
150 11796 119 119 2 0 0 0 0 0 0 0 0 0 0 0 0
151 11798 118 118 2 0 0 0 0 0 0 0 0 0 0 0 0
152 11794 120 120 2 0 0 0 0 0 0 0 0 0 0 0 0
153 11792 121 121 2 0 0 0 0 0 0 0 0 0 0 0 0
154 11792 121 121 2 0 0 0 0 0 0 0 0 0 0 0 0
155 11796 119 119 2 0 0 0 0 0 0 0 0 0 0 0 0
156 11798 118 118 2 0 0 0 0 0 0 0 0 0 0 0 0
157 11794 120 120 2 0 0 0 0 0 0 0 0 0 0 0 0
158 11793 120 120 3 0 0 0 0 0 0 0 0 0 0 0 0
159 11789 122 122 3 0 0 0 0 0 0 0 0 0 0 0 0
160 11787 123 123 3 0 0 0 0 0 0 0 0 0 0 0 0
161 11783 125 125 3 0 0 0 0 0 0 0 0 0 0 0 0
162 11783 125 125 3 0 0 0 0 0 0 0 0 0 0 0 0
163 11783 125 125 3 0 0 0 0 0 0 0 0 0 0 0 0
164 11785 124 124 3 0 0 0 0 0 0 0 0 0 0 0 0
165 11785 124 124 3 0 0 0 0 0 0 0 0 0 0 0 0
166 11787 123 123 3 0 0 0 0 0 0 0 0 0 0 0 0
167 11787 123 123 3 0 0 0 0 0 0 0 0 0 0 0 0
168 11789 122 122 3 0 0 0 0 0 0 0 0 0 0 0 0
169 11791 121 121 3 0 0 0 0 0 0 0 0 0 0 0 0
170 11793 120 120 3 0 0 0 0 0 0 0 0 0 0 0 0
171 11795 119 119 3 0 0 0 0 0 0 0 0 0 0 0 0
172 11793 120 120 3 0 0 0 0 0 0 0 0 0 0 0 0
173 11791 121 121 3 0 0 0 0 0 0 0 0 0 0 0 0
174 11795 119 119 3 0 0 0 0 0 0 0 0 0 0 0 0
175 11795 119 119 3 0 0 0 0 0 0 0 0 0 0 0 0
176 11795 119 119 3 0 0 0 0 0 0 0 0 0 0 0 0
177 11795 119 119 3 0 0 0 0 0 0 0 0 0 0 0 0
178 11797 118 118 3 0 0 0 0 0 0 0 0 0 0 0 0
179 11795 119 119 3 0 0 0 0 0 0 0 0 0 0 0 0
180 11795 119 119 3 0 0 0 0 0 0 0 0 0 0 0 0
181 11791 121 121 3 0 0 0 0 0 0 0 0 0 0 0 0
182 11787 123 123 3 0 0 0 0 0 0 0 0 0 0 0 0
183 11789 122 122 3 0 0 0 0 0 0 0 0 0 0 0 0
184 11791 121 121 3 0 0 0 0 0 0 0 0 0 0 0 0
185 11791 121 121 3 0 0 0 0 0 0 0 0 0 0 0 0
186 11789 122 122 3 0 0 0 0 0 0 0 0 0 0 0 0
187 11789 122 122 3 0 0 0 0 0 0 0 0 0 0 0 0
188 11789 122 122 3 0 0 0 0 0 0 0 0 0 0 0 0
189 11791 121 121 3 0 0 0 0 0 0 0 0 0 0 0 0
190 11789 122 122 3 0 0 0 0 0 0 0 0 0 0 0 0
191 11789 122 122 3 0 0 0 0 0 0 0 0 0 0 0 0
192 11787 123 123 3 0 0 0 0 0 0 0 0 0 0 0 0
193 11785 124 124 3 0 0 0 0 0 0 0 0 0 0 0 0
194 11781 126 126 3 0 0 0 0 0 0 0 0 0 0 0 0
195 11785 124 124 3 0 0 0 0 0 0 0 0 0 0 0 0
196 11789 122 122 3 0 0 0 0 0 0 0 0 0 0 0 0
197 11789 122 122 3 0 0 0 0 0 0 0 0 0 0 0 0
198 11781 126 126 3 0 0 0 0 0 0 0 0 0 0 0 0
199 11783 125 125 3 0 0 0 0 0 0 0 0 0 0 0 0
200 11781 126 126 3 0 0 0 0 0 0 0 0 0 0 0 0
201 11780 126 126 4 0 0 0 0 0 0 0 0 0 0 0 0
202 11774 129 129 4 0 0 0 0 0 0 0 0 0 0 0 0
203 11776 128 128 4 0 0 0 0 0 0 0 0 0 0 0 0
204 11774 129 129 4 0 0 0 0 0 0 0 0 0 0 0 0
205 11772 130 130 4 0 0 0 0 0 0 0 0 0 0 0 0
206 11773 130 130 3 0 0 0 0 0 0 0 0 0 0 0 0
207 11771 131 131 3 0 0 0 0 0 0 0 0 0 0 0 0
208 11767 133 133 3 0 0 0 0 0 0 0 0 0 0 0 0
209 11765 134 134 3 0 0 0 0 0 0 0 0 0 0 0 0
210 11767 133 133 3 0 0 0 0 0 0 0 0 0 0 0 0
211 11769 132 132 3 0 0 0 0 0 0 0 0 0 0 0 0
212 11765 134 134 3 0 0 0 0 0 0 0 0 0 0 0 0
213 11763 135 135 3 0 0 0 0 0 0 0 0 0 0 0 0
214 11759 137 137 3 0 0 0 0 0 0 0 0 0 0 0 0
215 11757 138 138 3 0 0 0 0 0 0 0 0 0 0 0 0
216 11755 139 139 3 0 0 0 0 0 0 0 0 0 0 0 0
217 11755 139 139 3 0 0 0 0 0 0 0 0 0 0 0 0
218 11757 138 138 3 0 0 0 0 0 0 0 0 0 0 0 0
219 11757 138 138 3 0 0 0 0 0 0 0 0 0 0 0 0
220 11759 137 137 3 0 0 0 0 0 0 0 0 0 0 0 0
221 11757 138 138 3 0 0 0 0 0 0 0 0 0 0 0 0
222 11757 138 138 3 0 0 0 0 0 0 0 0 0 0 0 0
223 11757 138 138 3 0 0 0 0 0 0 0 0 0 0 0 0
224 11755 139 139 3 0 0 0 0 0 0 0 0 0 0 0 0
225 11755 139 139 3 0 0 0 0 0 0 0 0 0 0 0 0
226 11757 138 138 3 0 0 0 0 0 0 0 0 0 0 0 0
227 11755 139 139 3 0 0 0 0 0 0 0 0 0 0 0 0
228 11755 139 139 3 0 0 0 0 0 0 0 0 0 0 0 0
229 11750 142 142 2 0 0 0 0 0 0 0 0 0 0 0 0
230 11750 142 142 2 0 0 0 0 0 0 0 0 0 0 0 0
231 11750 142 142 2 0 0 0 0 0 0 0 0 0 0 0 0
232 11748 143 143 2 0 0 0 0 0 0 0 0 0 0 0 0
233 11750 142 142 2 0 0 0 0 0 0 0 0 0 0 0 0
234 11748 143 143 2 0 0 0 0 0 0 0 0 0 0 0 0
235 11742 146 146 2 0 0 0 0 0 0 0 0 0 0 0 0
236 11746 144 144 2 0 0 0 0 0 0 0 0 0 0 0 0
237 11740 147 147 2 0 0 0 0 0 0 0 0 0 0 0 0
238 11736 149 149 2 0 0 0 0 0 0 0 0 0 0 0 0
239 11729 152 152 3 0 0 0 0 0 0 0 0 0 0 0 0
240 11727 153 153 3 0 0 0 0 0 0 0 0 0 0 0 0
241 11729 152 152 3 0 0 0 0 0 0 0 0 0 0 0 0
242 11724 154 154 4 0 0 0 0 0 0 0 0 0 0 0 0
243 11720 156 156 4 0 0 0 0 0 0 0 0 0 0 0 0
244 11720 156 156 4 0 0 0 0 0 0 0 0 0 0 0 0
245 11720 156 156 4 0 0 0 0 0 0 0 0 0 0 0 0
246 11722 155 155 4 0 0 0 0 0 0 0 0 0 0 0 0
247 11722 155 155 4 0 0 0 0 0 0 0 0 0 0 0 0
248 11720 156 156 4 0 0 0 0 0 0 0 0 0 0 0 0
249 11718 157 157 4 0 0 0 0 0 0 0 0 0 0 0 0
250 11718 157 157 4 0 0 0 0 0 0 0 0 0 0 0 0
251 11716 158 158 4 0 0 0 0 0 0 0 0 0 0 0 0
252 11720 156 156 4 0 0 0 0 0 0 0 0 0 0 0 0
253 11720 156 156 4 0 0 0 0 0 0 0 0 0 0 0 0
254 11718 157 157 4 0 0 0 0 0 0 0 0 0 0 0 0
255 11716 158 158 4 0 0 0 0 0 0 0 0 0 0 0 0
256 11714 159 159 4 0 0 0 0 0 0 0 0 0 0 0 0
257 11712 160 160 4 0 0 0 0 0 0 0 0 0 0 0 0
258 11710 161 161 4 0 0 0 0 0 0 0 0 0 0 0 0
259 11712 160 160 4 0 0 0 0 0 0 0 0 0 0 0 0
260 11708 162 162 4 0 0 0 0 0 0 0 0 0 0 0 0
261 11706 163 163 4 0 0 0 0 0 0 0 0 0 0 0 0
262 11704 164 164 4 0 0 0 0 0 0 0 0 0 0 0 0
263 11702 165 165 4 0 0 0 0 0 0 0 0 0 0 0 0
264 11702 165 165 4 0 0 0 0 0 0 0 0 0 0 0 0
265 11700 166 166 4 0 0 0 0 0 0 0 0 0 0 0 0
266 11704 164 164 4 0 0 0 0 0 0 0 0 0 0 0 0
267 11704 164 164 4 0 0 0 0 0 0 0 0 0 0 0 0
268 11704 164 164 4 0 0 0 0 0 0 0 0 0 0 0 0
269 11708 162 162 4 0 0 0 0 0 0 0 0 0 0 0 0
270 11710 161 161 4 0 0 0 0 0 0 0 0 0 0 0 0
271 11708 162 162 4 0 0 0 0 0 0 0 0 0 0 0 0
272 11706 163 163 4 0 0 0 0 0 0 0 0 0 0 0 0
273 11706 163 163 4 0 0 0 0 0 0 0 0 0 0 0 0
274 11704 164 164 4 0 0 0 0 0 0 0 0 0 0 0 0
275 11698 167 167 4 0 0 0 0 0 0 0 0 0 0 0 0
276 11694 169 169 4 0 0 0 0 0 0 0 0 0 0 0 0
277 11696 168 168 4 0 0 0 0 0 0 0 0 0 0 0 0
278 11700 166 166 4 0 0 0 0 0 0 0 0 0 0 0 0
279 11702 165 165 4 0 0 0 0 0 0 0 0 0 0 0 0
280 11704 164 164 4 0 0 0 0 0 0 0 0 0 0 0 0
281 11702 165 165 4 0 0 0 0 0 0 0 0 0 0 0 0
282 11704 164 164 4 0 0 0 0 0 0 0 0 0 0 0 0
283 11704 164 164 4 0 0 0 0 0 0 0 0 0 0 0 0
284 11702 165 165 4 0 0 0 0 0 0 0 0 0 0 0 0
285 11702 165 165 4 0 0 0 0 0 0 0 0 0 0 0 0
286 11700 166 166 4 0 0 0 0 0 0 0 0 0 0 0 0
287 11698 167 167 4 0 0 0 0 0 0 0 0 0 0 0 0
288 11702 165 165 4 0 0 0 0 0 0 0 0 0 0 0 0
289 11700 166 166 4 0 0 0 0 0 0 0 0 0 0 0 0
290 11698 167 167 4 0 0 0 0 0 0 0 0 0 0 0 0
291 11694 169 169 4 0 0 0 0 0 0 0 0 0 0 0 0
292 11690 171 171 4 0 0 0 0 0 0 0 0 0 0 0 0
293 11685 173 173 5 0 0 0 0 0 0 0 0 0 0 0 0
294 11687 172 172 5 0 0 0 0 0 0 0 0 0 0 0 0
295 11685 173 173 5 0 0 0 0 0 0 0 0 0 0 0 0
296 11681 175 175 5 0 0 0 0 0 0 0 0 0 0 0 0
297 11683 174 174 5 0 0 0 0 0 0 0 0 0 0 0 0
298 11685 173 173 5 0 0 0 0 0 0 0 0 0 0 0 0
299 11677 177 177 5 0 0 0 0 0 0 0 0 0 0 0 0
300 11679 176 176 5 0 0 0 0 0 0 0 0 0 0 0 0
301 11679 176 176 5 0 0 0 0 0 0 0 0 0 0 0 0
302 11679 176 176 5 0 0 0 0 0 0 0 0 0 0 0 0
303 11677 177 177 5 0 0 0 0 0 0 0 0 0 0 0 0
304 11675 178 178 5 0 0 0 0 0 0 0 0 0 0 0 0
305 11671 180 180 5 0 0 0 0 0 0 0 0 0 0 0 0
306 11669 181 181 5 0 0 0 0 0 0 0 0 0 0 0 0
307 11673 179 179 5 0 0 0 0 0 0 0 0 0 0 0 0
308 11673 179 179 5 0 0 0 0 0 0 0 0 0 0 0 0
309 11674 179 179 4 0 0 0 0 0 0 0 0 0 0 0 0
310 11672 180 180 4 0 0 0 0 0 0 0 0 0 0 0 0
311 11668 182 182 4 0 0 0 0 0 0 0 0 0 0 0 0
312 11670 181 181 4 0 0 0 0 0 0 0 0 0 0 0 0
313 11668 182 182 4 0 0 0 0 0 0 0 0 0 0 0 0
314 11670 181 181 4 0 0 0 0 0 0 0 0 0 0 0 0
315 11668 182 182 4 0 0 0 0 0 0 0 0 0 0 0 0
316 11664 184 184 4 0 0 0 0 0 0 0 0 0 0 0 0
317 11663 185 185 3 0 0 0 0 0 0 0 0 0 0 0 0
318 11663 185 185 3 0 0 0 0 0 0 0 0 0 0 0 0
319 11667 183 183 3 0 0 0 0 0 0 0 0 0 0 0 0
320 11671 181 181 3 0 0 0 0 0 0 0 0 0 0 0 0
321 11667 183 183 3 0 0 0 0 0 0 0 0 0 0 0 0
322 11663 185 185 3 0 0 0 0 0 0 0 0 0 0 0 0
323 11661 186 186 3 0 0 0 0 0 0 0 0 0 0 0 0
324 11657 188 188 3 0 0 0 0 0 0 0 0 0 0 0 0
325 11659 187 187 3 0 0 0 0 0 0 0 0 0 0 0 0
326 11657 188 188 3 0 0 0 0 0 0 0 0 0 0 0 0
327 11658 188 188 2 0 0 0 0 0 0 0 0 0 0 0 0
328 11660 187 187 2 0 0 0 0 0 0 0 0 0 0 0 0
329 11660 187 187 2 0 0 0 0 0 0 0 0 0 0 0 0
330 11658 188 188 2 0 0 0 0 0 0 0 0 0 0 0 0
331 11654 190 190 2 0 0 0 0 0 0 0 0 0 0 0 0
332 11655 189 189 3 0 0 0 0 0 0 0 0 0 0 0 0
333 11659 187 187 3 0 0 0 0 0 0 0 0 0 0 0 0
334 11657 188 188 3 0 0 0 0 0 0 0 0 0 0 0 0
335 11654 190 190 2 0 0 0 0 0 0 0 0 0 0 0 0
336 11654 190 190 2 0 0 0 0 0 0 0 0 0 0 0 0
337 11658 188 188 2 0 0 0 0 0 0 0 0 0 0 0 0
338 11662 186 186 2 0 0 0 0 0 0 0 0 0 0 0 0
339 11664 185 185 2 0 0 0 0 0 0 0 0 0 0 0 0
340 11660 187 187 2 0 0 0 0 0 0 0 0 0 0 0 0
341 11662 186 186 2 0 0 0 0 0 0 0 0 0 0 0 0
342 11664 185 185 2 0 0 0 0 0 0 0 0 0 0 0 0
343 11666 184 184 2 0 0 0 0 0 0 0 0 0 0 0 0
344 11664 185 185 2 0 0 0 0 0 0 0 0 0 0 0 0
345 11664 185 185 2 0 0 0 0 0 0 0 0 0 0 0 0
346 11664 185 185 2 0 0 0 0 0 0 0 0 0 0 0 0
347 11664 185 185 2 0 0 0 0 0 0 0 0 0 0 0 0
348 11664 185 185 2 0 0 0 0 0 0 0 0 0 0 0 0
349 11666 184 184 2 0 0 0 0 0 0 0 0 0 0 0 0
350 11666 184 184 2 0 0 0 0 0 0 0 0 0 0 0 0
351 11670 182 182 2 0 0 0 0 0 0 0 0 0 0 0 0
352 11674 180 180 2 0 0 0 0 0 0 0 0 0 0 0 0
353 11676 179 179 2 0 0 0 0 0 0 0 0 0 0 0 0
354 11676 179 179 2 0 0 0 0 0 0 0 0 0 0 0 0
355 11678 178 178 2 0 0 0 0 0 0 0 0 0 0 0 0
356 11674 180 180 2 0 0 0 0 0 0 0 0 0 0 0 0
357 11674 180 180 2 0 0 0 0 0 0 0 0 0 0 0 0
358 11674 180 180 2 0 0 0 0 0 0 0 0 0 0 0 0
359 11670 182 182 2 0 0 0 0 0 0 0 0 0 0 0 0
360 11670 182 182 2 0 0 0 0 0 0 0 0 0 0 0 0
361 11670 182 182 2 0 0 0 0 0 0 0 0 0 0 0 0
362 11670 182 182 2 0 0 0 0 0 0 0 0 0 0 0 0
363 11674 180 180 2 0 0 0 0 0 0 0 0 0 0 0 0
364 11672 181 181 2 0 0 0 0 0 0 0 0 0 0 0 0
365 11674 180 180 2 0 0 0 0 0 0 0 0 0 0 0 0
366 11670 182 182 2 0 0 0 0 0 0 0 0 0 0 0 0
367 11670 182 182 2 0 0 0 0 0 0 0 0 0 0 0 0
368 11670 182 182 2 0 0 0 0 0 0 0 0 0 0 0 0
369 11667 184 184 1 0 0 0 0 0 0 0 0 0 0 0 0
370 11665 185 185 1 0 0 0 0 0 0 0 0 0 0 0 0
371 11665 185 185 1 0 0 0 0 0 0 0 0 0 0 0 0
372 11666 184 184 2 0 0 0 0 0 0 0 0 0 0 0 0
373 11668 183 183 2 0 0 0 0 0 0 0 0 0 0 0 0
374 11666 184 184 2 0 0 0 0 0 0 0 0 0 0 0 0
375 11666 184 184 2 0 0 0 0 0 0 0 0 0 0 0 0
376 11666 184 184 2 0 0 0 0 0 0 0 0 0 0 0 0
377 11668 183 183 2 0 0 0 0 0 0 0 0 0 0 0 0
378 11664 185 185 2 0 0 0 0 0 0 0 0 0 0 0 0
379 11662 186 186 2 0 0 0 0 0 0 0 0 0 0 0 0
380 11664 185 185 2 0 0 0 0 0 0 0 0 0 0 0 0
381 11660 187 187 2 0 0 0 0 0 0 0 0 0 0 0 0
382 11662 186 186 2 0 0 0 0 0 0 0 0 0 0 0 0
383 11662 186 186 2 0 0 0 0 0 0 0 0 0 0 0 0
384 11664 185 185 2 0 0 0 0 0 0 0 0 0 0 0 0
385 11667 183 183 3 0 0 0 0 0 0 0 0 0 0 0 0
386 11667 183 183 3 0 0 0 0 0 0 0 0 0 0 0 0
387 11669 182 182 3 0 0 0 0 0 0 0 0 0 0 0 0
388 11670 182 182 2 0 0 0 0 0 0 0 0 0 0 0 0
389 11670 182 182 2 0 0 0 0 0 0 0 0 0 0 0 0
390 11672 181 181 2 0 0 0 0 0 0 0 0 0 0 0 0
391 11674 180 180 2 0 0 0 0 0 0 0 0 0 0 0 0
392 11675 180 180 1 0 0 0 0 0 0 0 0 0 0 0 0
393 11673 181 181 1 0 0 0 0 0 0 0 0 0 0 0 0
394 11671 182 182 1 0 0 0 0 0 0 0 0 0 0 0 0
395 11669 183 183 1 0 0 0 0 0 0 0 0 0 0 0 0
396 11669 183 183 1 0 0 0 0 0 0 0 0 0 0 0 0
397 11669 183 183 1 0 0 0 0 0 0 0 0 0 0 0 0
398 11666 184 184 2 0 0 0 0 0 0 0 0 0 0 0 0
399 11662 186 186 2 0 0 0 0 0 0 0 0 0 0 0 0
400 11662 186 186 2 0 0 0 0 0 0 0 0 0 0 0 0
401 11664 185 185 2 0 0 0 0 0 0 0 0 0 0 0 0
402 11662 186 186 2 0 0 0 0 0 0 0 0 0 0 0 0
403 11664 185 185 2 0 0 0 0 0 0 0 0 0 0 0 0
404 11664 185 185 2 0 0 0 0 0 0 0 0 0 0 0 0
405 11668 183 183 2 0 0 0 0 0 0 0 0 0 0 0 0
406 11664 185 185 2 0 0 0 0 0 0 0 0 0 0 0 0
407 11668 183 183 2 0 0 0 0 0 0 0 0 0 0 0 0
408 11668 183 183 2 0 0 0 0 0 0 0 0 0 0 0 0
409 11666 184 184 2 0 0 0 0 0 0 0 0 0 0 0 0
410 11668 183 183 2 0 0 0 0 0 0 0 0 0 0 0 0
411 11670 182 182 2 0 0 0 0 0 0 0 0 0 0 0 0
412 11670 182 182 2 0 0 0 0 0 0 0 0 0 0 0 0
413 11670 182 182 2 0 0 0 0 0 0 0 0 0 0 0 0
414 11664 185 185 2 0 0 0 0 0 0 0 0 0 0 0 0
415 11662 186 186 2 0 0 0 0 0 0 0 0 0 0 0 0
416 11662 186 186 2 0 0 0 0 0 0 0 0 0 0 0 0
417 11662 186 186 2 0 0 0 0 0 0 0 0 0 0 0 0
418 11666 184 184 2 0 0 0 0 0 0 0 0 0 0 0 0
419 11671 181 181 3 0 0 0 0 0 0 0 0 0 0 0 0
420 11670 181 181 4 0 0 0 0 0 0 0 0 0 0 0 0
421 11668 182 182 4 0 0 0 0 0 0 0 0 0 0 0 0
422 11668 182 182 4 0 0 0 0 0 0 0 0 0 0 0 0
423 11668 182 182 4 0 0 0 0 0 0 0 0 0 0 0 0
424 11664 184 184 4 0 0 0 0 0 0 0 0 0 0 0 0
425 11664 184 184 4 0 0 0 0 0 0 0 0 0 0 0 0
426 11666 183 183 4 0 0 0 0 0 0 0 0 0 0 0 0
427 11673 180 180 3 0 0 0 0 0 0 0 0 0 0 0 0
428 11677 178 178 3 0 0 0 0 0 0 0 0 0 0 0 0
429 11679 177 177 3 0 0 0 0 0 0 0 0 0 0 0 0
430 11683 175 175 3 0 0 0 0 0 0 0 0 0 0 0 0
431 11681 176 176 3 0 0 0 0 0 0 0 0 0 0 0 0
432 11679 177 177 3 0 0 0 0 0 0 0 0 0 0 0 0
433 11677 178 178 3 0 0 0 0 0 0 0 0 0 0 0 0
434 11679 177 177 3 0 0 0 0 0 0 0 0 0 0 0 0
435 11679 177 177 3 0 0 0 0 0 0 0 0 0 0 0 0
436 11681 176 176 3 0 0 0 0 0 0 0 0 0 0 0 0
437 11679 177 177 3 0 0 0 0 0 0 0 0 0 0 0 0
438 11683 175 175 3 0 0 0 0 0 0 0 0 0 0 0 0
439 11683 175 175 3 0 0 0 0 0 0 0 0 0 0 0 0
440 11679 177 177 3 0 0 0 0 0 0 0 0 0 0 0 0
441 11677 178 178 3 0 0 0 0 0 0 0 0 0 0 0 0
442 11677 178 178 3 0 0 0 0 0 0 0 0 0 0 0 0
443 11677 178 178 3 0 0 0 0 0 0 0 0 0 0 0 0
444 11679 177 177 3 0 0 0 0 0 0 0 0 0 0 0 0
445 11675 179 179 3 0 0 0 0 0 0 0 0 0 0 0 0
446 11675 179 179 3 0 0 0 0 0 0 0 0 0 0 0 0
447 11669 182 182 3 0 0 0 0 0 0 0 0 0 0 0 0
448 11667 183 183 3 0 0 0 0 0 0 0 0 0 0 0 0
449 11669 182 182 3 0 0 0 0 0 0 0 0 0 0 0 0
450 11675 179 179 3 0 0 0 0 0 0 0 0 0 0 0 0
451 11675 179 179 3 0 0 0 0 0 0 0 0 0 0 0 0
452 11679 177 177 3 0 0 0 0 0 0 0 0 0 0 0 0
453 11675 179 179 3 0 0 0 0 0 0 0 0 0 0 0 0
454 11677 178 178 3 0 0 0 0 0 0 0 0 0 0 0 0
455 11679 177 177 3 0 0 0 0 0 0 0 0 0 0 0 0
456 11679 177 177 3 0 0 0 0 0 0 0 0 0 0 0 0
457 11681 176 176 3 0 0 0 0 0 0 0 0 0 0 0 0
458 11677 178 178 3 0 0 0 0 0 0 0 0 0 0 0 0
459 11677 178 178 3 0 0 0 0 0 0 0 0 0 0 0 0
460 11675 179 179 3 0 0 0 0 0 0 0 0 0 0 0 0
461 11677 178 178 3 0 0 0 0 0 0 0 0 0 0 0 0
462 11673 180 180 3 0 0 0 0 0 0 0 0 0 0 0 0
463 11675 179 179 3 0 0 0 0 0 0 0 0 0 0 0 0
464 11673 180 180 3 0 0 0 0 0 0 0 0 0 0 0 0
465 11673 180 180 3 0 0 0 0 0 0 0 0 0 0 0 0
466 11668 182 182 4 0 0 0 0 0 0 0 0 0 0 0 0
467 11668 182 182 4 0 0 0 0 0 0 0 0 0 0 0 0
468 11664 184 184 4 0 0 0 0 0 0 0 0 0 0 0 0
469 11662 185 185 4 0 0 0 0 0 0 0 0 0 0 0 0
470 11666 183 183 4 0 0 0 0 0 0 0 0 0 0 0 0
471 11664 184 184 4 0 0 0 0 0 0 0 0 0 0 0 0
472 11666 183 183 4 0 0 0 0 0 0 0 0 0 0 0 0
473 11662 185 185 4 0 0 0 0 0 0 0 0 0 0 0 0
474 11655 189 189 3 0 0 0 0 0 0 0 0 0 0 0 0
475 11655 189 189 3 0 0 0 0 0 0 0 0 0 0 0 0
476 11657 188 188 3 0 0 0 0 0 0 0 0 0 0 0 0
477 11661 186 186 3 0 0 0 0 0 0 0 0 0 0 0 0
478 11661 186 186 3 0 0 0 0 0 0 0 0 0 0 0 0
479 11663 185 185 3 0 0 0 0 0 0 0 0 0 0 0 0
480 11663 185 185 3 0 0 0 0 0 0 0 0 0 0 0 0
481 11667 183 183 3 0 0 0 0 0 0 0 0 0 0 0 0
482 11668 182 182 4 0 0 0 0 0 0 0 0 0 0 0 0
483 11670 181 181 4 0 0 0 0 0 0 0 0 0 0 0 0
484 11675 179 179 3 0 0 0 0 0 0 0 0 0 0 0 0
485 11671 181 181 3 0 0 0 0 0 0 0 0 0 0 0 0
486 11669 182 182 3 0 0 0 0 0 0 0 0 0 0 0 0
487 11667 183 183 3 0 0 0 0 0 0 0 0 0 0 0 0
488 11673 180 180 3 0 0 0 0 0 0 0 0 0 0 0 0
489 11675 179 179 3 0 0 0 0 0 0 0 0 0 0 0 0
490 11675 179 179 3 0 0 0 0 0 0 0 0 0 0 0 0
491 11677 178 178 3 0 0 0 0 0 0 0 0 0 0 0 0
492 11673 180 180 3 0 0 0 0 0 0 0 0 0 0 0 0
493 11673 180 180 3 0 0 0 0 0 0 0 0 0 0 0 0
494 11677 178 178 3 0 0 0 0 0 0 0 0 0 0 0 0
495 11675 179 179 3 0 0 0 0 0 0 0 0 0 0 0 0
496 11681 176 176 3 0 0 0 0 0 0 0 0 0 0 0 0
497 11681 176 176 3 0 0 0 0 0 0 0 0 0 0 0 0
498 11681 176 176 3 0 0 0 0 0 0 0 0 0 0 0 0
499 11683 175 175 3 0 0 0 0 0 0 0 0 0 0 0 0
500 11679 177 177 3 0 0 0 0 0 0 0 0 0 0 0 0
501 11677 178 178 3 0 0 0 0 0 0 0 0 0 0 0 0
502 11675 179 179 3 0 0 0 0 0 0 0 0 0 0 0 0
503 11677 178 178 3 0 0 0 0 0 0 0 0 0 0 0 0
504 11681 176 176 3 0 0 0 0 0 0 0 0 0 0 0 0
505 11681 176 176 3 0 0 0 0 0 0 0 0 0 0 0 0
506 11679 177 177 3 0 0 0 0 0 0 0 0 0 0 0 0
507 11681 176 176 3 0 0 0 0 0 0 0 0 0 0 0 0
508 11683 175 175 3 0 0 0 0 0 0 0 0 0 0 0 0
509 11687 173 173 3 0 0 0 0 0 0 0 0 0 0 0 0
510 11685 174 174 3 0 0 0 0 0 0 0 0 0 0 0 0
511 11688 173 173 2 0 0 0 0 0 0 0 0 0 0 0 0
512 11686 174 174 2 0 0 0 0 0 0 0 0 0 0 0 0
513 11684 175 175 2 0 0 0 0 0 0 0 0 0 0 0 0
514 11676 179 179 2 0 0 0 0 0 0 0 0 0 0 0 0
515 11670 182 182 2 0 0 0 0 0 0 0 0 0 0 0 0
516 11666 184 184 2 0 0 0 0 0 0 0 0 0 0 0 0
517 11668 183 183 2 0 0 0 0 0 0 0 0 0 0 0 0
518 11672 181 181 2 0 0 0 0 0 0 0 0 0 0 0 0
519 11668 183 183 2 0 0 0 0 0 0 0 0 0 0 0 0
520 11664 185 185 2 0 0 0 0 0 0 0 0 0 0 0 0
521 11664 185 185 2 0 0 0 0 0 0 0 0 0 0 0 0
522 11662 186 186 2 0 0 0 0 0 0 0 0 0 0 0 0
523 11666 184 184 2 0 0 0 0 0 0 0 0 0 0 0 0
524 11666 184 184 2 0 0 0 0 0 0 0 0 0 0 0 0
525 11666 184 184 2 0 0 0 0 0 0 0 0 0 0 0 0
526 11666 184 184 2 0 0 0 0 0 0 0 0 0 0 0 0
527 11666 184 184 2 0 0 0 0 0 0 0 0 0 0 0 0
528 11670 182 182 2 0 0 0 0 0 0 0 0 0 0 0 0
529 11672 181 181 2 0 0 0 0 0 0 0 0 0 0 0 0
530 11670 182 182 2 0 0 0 0 0 0 0 0 0 0 0 0
531 11670 182 182 2 0 0 0 0 0 0 0 0 0 0 0 0
532 11674 180 180 2 0 0 0 0 0 0 0 0 0 0 0 0
533 11676 179 179 2 0 0 0 0 0 0 0 0 0 0 0 0
534 11676 179 179 2 0 0 0 0 0 0 0 0 0 0 0 0
535 11676 179 179 2 0 0 0 0 0 0 0 0 0 0 0 0
536 11677 178 178 3 0 0 0 0 0 0 0 0 0 0 0 0
537 11679 177 177 3 0 0 0 0 0 0 0 0 0 0 0 0
538 11677 178 178 3 0 0 0 0 0 0 0 0 0 0 0 0
539 11683 175 175 3 0 0 0 0 0 0 0 0 0 0 0 0
540 11681 176 176 3 0 0 0 0 0 0 0 0 0 0 0 0
541 11677 178 178 3 0 0 0 0 0 0 0 0 0 0 0 0
542 11679 177 177 3 0 0 0 0 0 0 0 0 0 0 0 0
543 11677 178 178 3 0 0 0 0 0 0 0 0 0 0 0 0
544 11677 178 178 3 0 0 0 0 0 0 0 0 0 0 0 0
545 11680 177 177 2 0 0 0 0 0 0 0 0 0 0 0 0
546 11680 177 177 2 0 0 0 0 0 0 0 0 0 0 0 0
547 11682 176 176 2 0 0 0 0 0 0 0 0 0 0 0 0
548 11686 174 174 2 0 0 0 0 0 0 0 0 0 0 0 0
549 11686 174 174 2 0 0 0 0 0 0 0 0 0 0 0 0
550 11682 176 176 2 0 0 0 0 0 0 0 0 0 0 0 0
551 11688 173 173 2 0 0 0 0 0 0 0 0 0 0 0 0
552 11678 178 178 2 0 0 0 0 0 0 0 0 0 0 0 0
553 11678 178 178 2 0 0 0 0 0 0 0 0 0 0 0 0
554 11680 177 177 2 0 0 0 0 0 0 0 0 0 0 0 0
555 11678 178 178 2 0 0 0 0 0 0 0 0 0 0 0 0
556 11674 180 180 2 0 0 0 0 0 0 0 0 0 0 0 0
557 11674 180 180 2 0 0 0 0 0 0 0 0 0 0 0 0
558 11674 180 180 2 0 0 0 0 0 0 0 0 0 0 0 0
559 11676 179 179 2 0 0 0 0 0 0 0 0 0 0 0 0
560 11678 178 178 2 0 0 0 0 0 0 0 0 0 0 0 0
561 11676 179 179 2 0 0 0 0 0 0 0 0 0 0 0 0
562 11678 178 178 2 0 0 0 0 0 0 0 0 0 0 0 0
563 11676 179 179 2 0 0 0 0 0 0 0 0 0 0 0 0
564 11674 180 180 2 0 0 0 0 0 0 0 0 0 0 0 0
565 11672 181 181 2 0 0 0 0 0 0 0 0 0 0 0 0
566 11666 184 184 2 0 0 0 0 0 0 0 0 0 0 0 0
567 11662 186 186 2 0 0 0 0 0 0 0 0 0 0 0 0
568 11667 183 183 3 0 0 0 0 0 0 0 0 0 0 0 0
569 11666 183 183 4 0 0 0 0 0 0 0 0 0 0 0 0
570 11666 183 183 4 0 0 0 0 0 0 0 0 0 0 0 0
571 11662 185 185 4 0 0 0 0 0 0 0 0 0 0 0 0
572 11658 187 187 4 0 0 0 0 0 0 0 0 0 0 0 0
573 11656 188 188 4 0 0 0 0 0 0 0 0 0 0 0 0
574 11654 189 189 4 0 0 0 0 0 0 0 0 0 0 0 0
575 11650 191 191 4 0 0 0 0 0 0 0 0 0 0 0 0
576 11656 188 188 4 0 0 0 0 0 0 0 0 0 0 0 0
577 11655 188 188 5 0 0 0 0 0 0 0 0 0 0 0 0
578 11659 186 186 5 0 0 0 0 0 0 0 0 0 0 0 0
579 11659 186 186 5 0 0 0 0 0 0 0 0 0 0 0 0
580 11661 185 185 5 0 0 0 0 0 0 0 0 0 0 0 0
581 11659 186 186 5 0 0 0 0 0 0 0 0 0 0 0 0
582 11653 189 189 5 0 0 0 0 0 0 0 0 0 0 0 0
583 11650 191 191 4 0 0 0 0 0 0 0 0 0 0 0 0
584 11652 190 190 4 0 0 0 0 0 0 0 0 0 0 0 0
585 11656 188 188 4 0 0 0 0 0 0 0 0 0 0 0 0
586 11650 191 191 4 0 0 0 0 0 0 0 0 0 0 0 0
587 11652 190 190 4 0 0 0 0 0 0 0 0 0 0 0 0
588 11650 191 191 4 0 0 0 0 0 0 0 0 0 0 0 0
589 11648 192 192 4 0 0 0 0 0 0 0 0 0 0 0 0
590 11652 190 190 4 0 0 0 0 0 0 0 0 0 0 0 0
591 11654 189 189 4 0 0 0 0 0 0 0 0 0 0 0 0
592 11658 187 187 4 0 0 0 0 0 0 0 0 0 0 0 0
593 11659 187 187 3 0 0 0 0 0 0 0 0 0 0 0 0
594 11655 189 189 3 0 0 0 0 0 0 0 0 0 0 0 0
595 11655 189 189 3 0 0 0 0 0 0 0 0 0 0 0 0
596 11659 187 187 3 0 0 0 0 0 0 0 0 0 0 0 0
597 11655 189 189 3 0 0 0 0 0 0 0 0 0 0 0 0
598 11657 188 188 3 0 0 0 0 0 0 0 0 0 0 0 0
599 11663 185 185 3 0 0 0 0 0 0 0 0 0 0 0 0
600 11665 184 184 3 0 0 0 0 0 0 0 0 0 0 0 0
601 11659 187 187 3 0 0 0 0 0 0 0 0 0 0 0 0
602 11667 183 183 3 0 0 0 0 0 0 0 0 0 0 0 0
603 11667 183 183 3 0 0 0 0 0 0 0 0 0 0 0 0
604 11667 183 183 3 0 0 0 0 0 0 0 0 0 0 0 0
605 11663 185 185 3 0 0 0 0 0 0 0 0 0 0 0 0
606 11667 183 183 3 0 0 0 0 0 0 0 0 0 0 0 0
607 11671 181 181 3 0 0 0 0 0 0 0 0 0 0 0 0
608 11673 180 180 3 0 0 0 0 0 0 0 0 0 0 0 0
609 11673 180 180 3 0 0 0 0 0 0 0 0 0 0 0 0
610 11677 178 178 3 0 0 0 0 0 0 0 0 0 0 0 0
611 11673 180 180 3 0 0 0 0 0 0 0 0 0 0 0 0
612 11669 182 182 3 0 0 0 0 0 0 0 0 0 0 0 0
613 11669 182 182 3 0 0 0 0 0 0 0 0 0 0 0 0
614 11667 183 183 3 0 0 0 0 0 0 0 0 0 0 0 0
615 11669 182 182 3 0 0 0 0 0 0 0 0 0 0 0 0
616 11671 181 181 3 0 0 0 0 0 0 0 0 0 0 0 0
617 11671 181 181 3 0 0 0 0 0 0 0 0 0 0 0 0
618 11669 182 182 3 0 0 0 0 0 0 0 0 0 0 0 0
619 11669 182 182 3 0 0 0 0 0 0 0 0 0 0 0 0
620 11665 184 184 3 0 0 0 0 0 0 0 0 0 0 0 0
621 11663 185 185 3 0 0 0 0 0 0 0 0 0 0 0 0
622 11667 183 183 3 0 0 0 0 0 0 0 0 0 0 0 0
623 11669 182 182 3 0 0 0 0 0 0 0 0 0 0 0 0
624 11671 181 181 3 0 0 0 0 0 0 0 0 0 0 0 0
625 11669 182 182 3 0 0 0 0 0 0 0 0 0 0 0 0
626 11665 184 184 3 0 0 0 0 0 0 0 0 0 0 0 0
627 11665 184 184 3 0 0 0 0 0 0 0 0 0 0 0 0
628 11665 184 184 3 0 0 0 0 0 0 0 0 0 0 0 0
629 11673 180 180 3 0 0 0 0 0 0 0 0 0 0 0 0
630 11673 180 180 3 0 0 0 0 0 0 0 0 0 0 0 0
631 11671 181 181 3 0 0 0 0 0 0 0 0 0 0 0 0
632 11671 181 181 3 0 0 0 0 0 0 0 0 0 0 0 0
633 11671 181 181 3 0 0 0 0 0 0 0 0 0 0 0 0
634 11667 183 183 3 0 0 0 0 0 0 0 0 0 0 0 0
635 11669 182 182 3 0 0 0 0 0 0 0 0 0 0 0 0
636 11669 182 182 3 0 0 0 0 0 0 0 0 0 0 0 0
637 11669 182 182 3 0 0 0 0 0 0 0 0 0 0 0 0
638 11667 183 183 3 0 0 0 0 0 0 0 0 0 0 0 0
639 11667 183 183 3 0 0 0 0 0 0 0 0 0 0 0 0
640 11669 182 182 3 0 0 0 0 0 0 0 0 0 0 0 0
641 11667 183 183 3 0 0 0 0 0 0 0 0 0 0 0 0
642 11667 183 183 3 0 0 0 0 0 0 0 0 0 0 0 0
643 11669 182 182 3 0 0 0 0 0 0 0 0 0 0 0 0
644 11671 181 181 3 0 0 0 0 0 0 0 0 0 0 0 0
645 11669 182 182 3 0 0 0 0 0 0 0 0 0 0 0 0
646 11673 180 180 3 0 0 0 0 0 0 0 0 0 0 0 0
647 11673 180 180 3 0 0 0 0 0 0 0 0 0 0 0 0
648 11677 178 178 3 0 0 0 0 0 0 0 0 0 0 0 0
649 11675 179 179 3 0 0 0 0 0 0 0 0 0 0 0 0
650 11677 178 178 3 0 0 0 0 0 0 0 0 0 0 0 0
651 11677 178 178 3 0 0 0 0 0 0 0 0 0 0 0 0
652 11679 177 177 3 0 0 0 0 0 0 0 0 0 0 0 0
653 11675 179 179 3 0 0 0 0 0 0 0 0 0 0 0 0
654 11677 178 178 3 0 0 0 0 0 0 0 0 0 0 0 0
655 11675 179 179 3 0 0 0 0 0 0 0 0 0 0 0 0
656 11673 180 180 3 0 0 0 0 0 0 0 0 0 0 0 0
657 11671 181 181 3 0 0 0 0 0 0 0 0 0 0 0 0
658 11669 182 182 3 0 0 0 0 0 0 0 0 0 0 0 0
659 11669 182 182 3 0 0 0 0 0 0 0 0 0 0 0 0
660 11670 182 182 2 0 0 0 0 0 0 0 0 0 0 0 0
661 11670 182 182 2 0 0 0 0 0 0 0 0 0 0 0 0
662 11670 182 182 2 0 0 0 0 0 0 0 0 0 0 0 0
663 11670 182 182 2 0 0 0 0 0 0 0 0 0 0 0 0
664 11674 180 180 2 0 0 0 0 0 0 0 0 0 0 0 0
665 11674 180 180 2 0 0 0 0 0 0 0 0 0 0 0 0
666 11664 185 185 2 0 0 0 0 0 0 0 0 0 0 0 0
667 11670 182 182 2 0 0 0 0 0 0 0 0 0 0 0 0
668 11670 182 182 2 0 0 0 0 0 0 0 0 0 0 0 0
669 11666 184 184 2 0 0 0 0 0 0 0 0 0 0 0 0
670 11666 184 184 2 0 0 0 0 0 0 0 0 0 0 0 0
671 11662 186 186 2 0 0 0 0 0 0 0 0 0 0 0 0
672 11660 187 187 2 0 0 0 0 0 0 0 0 0 0 0 0
673 11660 187 187 2 0 0 0 0 0 0 0 0 0 0 0 0
674 11656 189 189 2 0 0 0 0 0 0 0 0 0 0 0 0
675 11656 189 189 2 0 0 0 0 0 0 0 0 0 0 0 0
676 11658 188 188 2 0 0 0 0 0 0 0 0 0 0 0 0
677 11662 186 186 2 0 0 0 0 0 0 0 0 0 0 0 0
678 11662 186 186 2 0 0 0 0 0 0 0 0 0 0 0 0
679 11660 187 187 2 0 0 0 0 0 0 0 0 0 0 0 0
680 11658 188 188 2 0 0 0 0 0 0 0 0 0 0 0 0
681 11654 190 190 2 0 0 0 0 0 0 0 0 0 0 0 0
682 11652 191 191 2 0 0 0 0 0 0 0 0 0 0 0 0
683 11654 190 190 2 0 0 0 0 0 0 0 0 0 0 0 0
684 11654 190 190 2 0 0 0 0 0 0 0 0 0 0 0 0
685 11654 190 190 2 0 0 0 0 0 0 0 0 0 0 0 0
686 11650 192 192 2 0 0 0 0 0 0 0 0 0 0 0 0
687 11650 192 192 2 0 0 0 0 0 0 0 0 0 0 0 0
688 11650 192 192 2 0 0 0 0 0 0 0 0 0 0 0 0
689 11653 190 190 3 0 0 0 0 0 0 0 0 0 0 0 0
690 11651 191 191 3 0 0 0 0 0 0 0 0 0 0 0 0
691 11649 192 192 3 0 0 0 0 0 0 0 0 0 0 0 0
692 11649 192 192 3 0 0 0 0 0 0 0 0 0 0 0 0
693 11647 193 193 3 0 0 0 0 0 0 0 0 0 0 0 0
694 11647 193 193 3 0 0 0 0 0 0 0 0 0 0 0 0
695 11649 192 192 3 0 0 0 0 0 0 0 0 0 0 0 0
696 11647 193 193 3 0 0 0 0 0 0 0 0 0 0 0 0
697 11649 192 192 3 0 0 0 0 0 0 0 0 0 0 0 0
698 11647 193 193 3 0 0 0 0 0 0 0 0 0 0 0 0
699 11649 192 192 3 0 0 0 0 0 0 0 0 0 0 0 0
700 11651 191 191 3 0 0 0 0 0 0 0 0 0 0 0 0
701 11649 192 192 3 0 0 0 0 0 0 0 0 0 0 0 0
702 11647 193 193 3 0 0 0 0 0 0 0 0 0 0 0 0
703 11653 190 190 3 0 0 0 0 0 0 0 0 0 0 0 0
704 11658 188 188 2 0 0 0 0 0 0 0 0 0 0 0 0
705 11660 187 187 2 0 0 0 0 0 0 0 0 0 0 0 0
706 11660 187 187 2 0 0 0 0 0 0 0 0 0 0 0 0
707 11662 186 186 2 0 0 0 0 0 0 0 0 0 0 0 0
708 11662 186 186 2 0 0 0 0 0 0 0 0 0 0 0 0
709 11660 187 187 2 0 0 0 0 0 0 0 0 0 0 0 0
710 11660 187 187 2 0 0 0 0 0 0 0 0 0 0 0 0
711 11656 189 189 2 0 0 0 0 0 0 0 0 0 0 0 0
712 11654 190 190 2 0 0 0 0 0 0 0 0 0 0 0 0
713 11656 189 189 2 0 0 0 0 0 0 0 0 0 0 0 0
714 11658 188 188 2 0 0 0 0 0 0 0 0 0 0 0 0
715 11658 188 188 2 0 0 0 0 0 0 0 0 0 0 0 0
716 11658 188 188 2 0 0 0 0 0 0 0 0 0 0 0 0
717 11658 188 188 2 0 0 0 0 0 0 0 0 0 0 0 0
718 11656 189 189 2 0 0 0 0 0 0 0 0 0 0 0 0
719 11656 189 189 2 0 0 0 0 0 0 0 0 0 0 0 0
720 11662 186 186 2 0 0 0 0 0 0 0 0 0 0 0 0
721 11658 188 188 2 0 0 0 0 0 0 0 0 0 0 0 0
722 11664 185 185 2 0 0 0 0 0 0 0 0 0 0 0 0
723 11662 186 186 2 0 0 0 0 0 0 0 0 0 0 0 0
724 11664 185 185 2 0 0 0 0 0 0 0 0 0 0 0 0
725 11666 184 184 2 0 0 0 0 0 0 0 0 0 0 0 0
726 11668 183 183 2 0 0 0 0 0 0 0 0 0 0 0 0
727 11668 183 183 2 0 0 0 0 0 0 0 0 0 0 0 0
728 11668 183 183 2 0 0 0 0 0 0 0 0 0 0 0 0
729 11668 183 183 2 0 0 0 0 0 0 0 0 0 0 0 0
730 11668 183 183 2 0 0 0 0 0 0 0 0 0 0 0 0
731 11669 183 183 1 0 0 0 0 0 0 0 0 0 0 0 0
732 11665 185 185 1 0 0 0 0 0 0 0 0 0 0 0 0
733 11661 187 187 1 0 0 0 0 0 0 0 0 0 0 0 0
734 11663 186 186 1 0 0 0 0 0 0 0 0 0 0 0 0
735 11659 188 188 1 0 0 0 0 0 0 0 0 0 0 0 0
736 11659 188 188 1 0 0 0 0 0 0 0 0 0 0 0 0
737 11657 189 189 1 0 0 0 0 0 0 0 0 0 0 0 0
738 11657 189 189 1 0 0 0 0 0 0 0 0 0 0 0 0
739 11659 188 188 1 0 0 0 0 0 0 0 0 0 0 0 0
740 11661 187 187 1 0 0 0 0 0 0 0 0 0 0 0 0
741 11665 185 185 1 0 0 0 0 0 0 0 0 0 0 0 0
742 11663 186 186 1 0 0 0 0 0 0 0 0 0 0 0 0
743 11661 187 187 1 0 0 0 0 0 0 0 0 0 0 0 0
744 11661 187 187 1 0 0 0 0 0 0 0 0 0 0 0 0
745 11655 190 190 1 0 0 0 0 0 0 0 0 0 0 0 0
746 11655 190 190 1 0 0 0 0 0 0 0 0 0 0 0 0
747 11659 188 188 1 0 0 0 0 0 0 0 0 0 0 0 0
748 11657 189 189 1 0 0 0 0 0 0 0 0 0 0 0 0
749 11655 190 190 1 0 0 0 0 0 0 0 0 0 0 0 0
750 11649 193 193 1 0 0 0 0 0 0 0 0 0 0 0 0
751 11647 194 194 1 0 0 0 0 0 0 0 0 0 0 0 0
752 11645 195 195 1 0 0 0 0 0 0 0 0 0 0 0 0
753 11649 193 193 1 0 0 0 0 0 0 0 0 0 0 0 0
754 11647 194 194 1 0 0 0 0 0 0 0 0 0 0 0 0
755 11645 195 195 1 0 0 0 0 0 0 0 0 0 0 0 0
756 11641 197 197 1 0 0 0 0 0 0 0 0 0 0 0 0
757 11637 199 199 1 0 0 0 0 0 0 0 0 0 0 0 0
758 11637 199 199 1 0 0 0 0 0 0 0 0 0 0 0 0
759 11637 199 199 1 0 0 0 0 0 0 0 0 0 0 0 0
760 11639 198 198 1 0 0 0 0 0 0 0 0 0 0 0 0
761 11643 196 196 1 0 0 0 0 0 0 0 0 0 0 0 0
762 11643 196 196 1 0 0 0 0 0 0 0 0 0 0 0 0
763 11643 196 196 1 0 0 0 0 0 0 0 0 0 0 0 0
764 11645 195 195 1 0 0 0 0 0 0 0 0 0 0 0 0
765 11645 195 195 1 0 0 0 0 0 0 0 0 0 0 0 0
766 11643 196 196 1 0 0 0 0 0 0 0 0 0 0 0 0
767 11647 194 194 1 0 0 0 0 0 0 0 0 0 0 0 0
768 11645 195 195 1 0 0 0 0 0 0 0 0 0 0 0 0
769 11647 194 194 1 0 0 0 0 0 0 0 0 0 0 0 0
770 11651 192 192 1 0 0 0 0 0 0 0 0 0 0 0 0
771 11651 192 192 1 0 0 0 0 0 0 0 0 0 0 0 0
772 11651 192 192 1 0 0 0 0 0 0 0 0 0 0 0 0
773 11654 190 190 2 0 0 0 0 0 0 0 0 0 0 0 0
774 11652 191 191 2 0 0 0 0 0 0 0 0 0 0 0 0
775 11654 190 190 2 0 0 0 0 0 0 0 0 0 0 0 0
776 11656 189 189 2 0 0 0 0 0 0 0 0 0 0 0 0
777 11652 191 191 2 0 0 0 0 0 0 0 0 0 0 0 0
778 11648 193 193 2 0 0 0 0 0 0 0 0 0 0 0 0
779 11654 190 190 2 0 0 0 0 0 0 0 0 0 0 0 0
780 11654 190 190 2 0 0 0 0 0 0 0 0 0 0 0 0
781 11656 189 189 2 0 0 0 0 0 0 0 0 0 0 0 0
782 11660 187 187 2 0 0 0 0 0 0 0 0 0 0 0 0
783 11660 187 187 2 0 0 0 0 0 0 0 0 0 0 0 0
784 11663 186 186 1 0 0 0 0 0 0 0 0 0 0 0 0
785 11663 186 186 1 0 0 0 0 0 0 0 0 0 0 0 0
786 11663 186 186 1 0 0 0 0 0 0 0 0 0 0 0 0
787 11663 186 186 1 0 0 0 0 0 0 0 0 0 0 0 0
788 11663 186 186 1 0 0 0 0 0 0 0 0 0 0 0 0
789 11661 187 187 1 0 0 0 0 0 0 0 0 0 0 0 0
790 11661 187 187 1 0 0 0 0 0 0 0 0 0 0 0 0
791 11659 188 188 1 0 0 0 0 0 0 0 0 0 0 0 0
792 11659 188 188 1 0 0 0 0 0 0 0 0 0 0 0 0
793 11665 185 185 1 0 0 0 0 0 0 0 0 0 0 0 0
794 11665 185 185 1 0 0 0 0 0 0 0 0 0 0 0 0
795 11663 186 186 1 0 0 0 0 0 0 0 0 0 0 0 0
796 11665 185 185 1 0 0 0 0 0 0 0 0 0 0 0 0
797 11665 185 185 1 0 0 0 0 0 0 0 0 0 0 0 0
798 11669 183 183 1 0 0 0 0 0 0 0 0 0 0 0 0
799 11665 185 185 1 0 0 0 0 0 0 0 0 0 0 0 0
800 11665 185 185 1 0 0 0 0 0 0 0 0 0 0 0 0
801 11665 185 185 1 0 0 0 0 0 0 0 0 0 0 0 0
802 11661 187 187 1 0 0 0 0 0 0 0 0 0 0 0 0
803 11657 189 189 1 0 0 0 0 0 0 0 0 0 0 0 0
804 11666 185 185 0 0 0 0 0 0 0 0 0 0 0 0 0
805 11662 187 187 0 0 0 0 0 0 0 0 0 0 0 0 0
806 11662 187 187 0 0 0 0 0 0 0 0 0 0 0 0 0
807 11664 186 186 0 0 0 0 0 0 0 0 0 0 0 0 0
808 11665 185 185 1 0 0 0 0 0 0 0 0 0 0 0 0
809 11659 188 188 1 0 0 0 0 0 0 0 0 0 0 0 0
810 11659 188 188 1 0 0 0 0 0 0 0 0 0 0 0 0
811 11661 187 187 1 0 0 0 0 0 0 0 0 0 0 0 0
812 11659 188 188 1 0 0 0 0 0 0 0 0 0 0 0 0
813 11663 186 186 1 0 0 0 0 0 0 0 0 0 0 0 0
814 11661 187 187 1 0 0 0 0 0 0 0 0 0 0 0 0
815 11657 189 189 1 0 0 0 0 0 0 0 0 0 0 0 0
816 11655 190 190 1 0 0 0 0 0 0 0 0 0 0 0 0
817 11653 191 191 1 0 0 0 0 0 0 0 0 0 0 0 0
818 11653 191 191 1 0 0 0 0 0 0 0 0 0 0 0 0
819 11655 190 190 1 0 0 0 0 0 0 0 0 0 0 0 0
820 11659 188 188 1 0 0 0 0 0 0 0 0 0 0 0 0
821 11661 187 187 1 0 0 0 0 0 0 0 0 0 0 0 0
822 11661 187 187 1 0 0 0 0 0 0 0 0 0 0 0 0
823 11657 189 189 1 0 0 0 0 0 0 0 0 0 0 0 0
824 11661 187 187 1 0 0 0 0 0 0 0 0 0 0 0 0
825 11659 188 188 1 0 0 0 0 0 0 0 0 0 0 0 0
826 11661 187 187 1 0 0 0 0 0 0 0 0 0 0 0 0
827 11663 186 186 1 0 0 0 0 0 0 0 0 0 0 0 0
828 11665 185 185 1 0 0 0 0 0 0 0 0 0 0 0 0
829 11667 184 184 1 0 0 0 0 0 0 0 0 0 0 0 0
830 11669 183 183 1 0 0 0 0 0 0 0 0 0 0 0 0
831 11669 183 183 1 0 0 0 0 0 0 0 0 0 0 0 0
832 11669 183 183 1 0 0 0 0 0 0 0 0 0 0 0 0
833 11667 184 184 1 0 0 0 0 0 0 0 0 0 0 0 0
834 11665 185 185 1 0 0 0 0 0 0 0 0 0 0 0 0
835 11667 184 184 1 0 0 0 0 0 0 0 0 0 0 0 0
836 11667 184 184 1 0 0 0 0 0 0 0 0 0 0 0 0
837 11670 182 182 2 0 0 0 0 0 0 0 0 0 0 0 0
838 11671 182 182 1 0 0 0 0 0 0 0 0 0 0 0 0
839 11670 182 182 2 0 0 0 0 0 0 0 0 0 0 0 0
840 11669 183 183 1 0 0 0 0 0 0 0 0 0 0 0 0
841 11669 183 183 1 0 0 0 0 0 0 0 0 0 0 0 0
842 11669 183 183 1 0 0 0 0 0 0 0 0 0 0 0 0
843 11665 185 185 1 0 0 0 0 0 0 0 0 0 0 0 0
844 11667 184 184 1 0 0 0 0 0 0 0 0 0 0 0 0
845 11663 186 186 1 0 0 0 0 0 0 0 0 0 0 0 0
846 11659 188 188 1 0 0 0 0 0 0 0 0 0 0 0 0
847 11659 188 188 1 0 0 0 0 0 0 0 0 0 0 0 0
848 11659 188 188 1 0 0 0 0 0 0 0 0 0 0 0 0
849 11663 186 186 1 0 0 0 0 0 0 0 0 0 0 0 0
850 11657 189 189 1 0 0 0 0 0 0 0 0 0 0 0 0
851 11655 190 190 1 0 0 0 0 0 0 0 0 0 0 0 0
852 11656 189 189 2 0 0 0 0 0 0 0 0 0 0 0 0
853 11656 189 189 2 0 0 0 0 0 0 0 0 0 0 0 0
854 11654 190 190 2 0 0 0 0 0 0 0 0 0 0 0 0
855 11652 191 191 2 0 0 0 0 0 0 0 0 0 0 0 0
856 11650 192 192 2 0 0 0 0 0 0 0 0 0 0 0 0
857 11650 192 192 2 0 0 0 0 0 0 0 0 0 0 0 0
858 11658 188 188 2 0 0 0 0 0 0 0 0 0 0 0 0
859 11656 189 189 2 0 0 0 0 0 0 0 0 0 0 0 0
860 11654 190 190 2 0 0 0 0 0 0 0 0 0 0 0 0
861 11660 187 187 2 0 0 0 0 0 0 0 0 0 0 0 0
862 11662 186 186 2 0 0 0 0 0 0 0 0 0 0 0 0
863 11662 186 186 2 0 0 0 0 0 0 0 0 0 0 0 0
864 11657 188 188 3 0 0 0 0 0 0 0 0 0 0 0 0
865 11659 187 187 3 0 0 0 0 0 0 0 0 0 0 0 0
866 11657 188 188 3 0 0 0 0 0 0 0 0 0 0 0 0
867 11660 187 187 2 0 0 0 0 0 0 0 0 0 0 0 0
868 11656 189 189 2 0 0 0 0 0 0 0 0 0 0 0 0
869 11656 189 189 2 0 0 0 0 0 0 0 0 0 0 0 0
870 11656 189 189 2 0 0 0 0 0 0 0 0 0 0 0 0
871 11654 190 190 2 0 0 0 0 0 0 0 0 0 0 0 0
872 11654 190 190 2 0 0 0 0 0 0 0 0 0 0 0 0
873 11654 190 190 2 0 0 0 0 0 0 0 0 0 0 0 0
874 11654 190 190 2 0 0 0 0 0 0 0 0 0 0 0 0
875 11648 193 193 2 0 0 0 0 0 0 0 0 0 0 0 0
876 11650 192 192 2 0 0 0 0 0 0 0 0 0 0 0 0
877 11650 192 192 2 0 0 0 0 0 0 0 0 0 0 0 0
878 11650 192 192 2 0 0 0 0 0 0 0 0 0 0 0 0
879 11650 192 192 2 0 0 0 0 0 0 0 0 0 0 0 0
880 11652 191 191 2 0 0 0 0 0 0 0 0 0 0 0 0
881 11652 191 191 2 0 0 0 0 0 0 0 0 0 0 0 0
882 11652 191 191 2 0 0 0 0 0 0 0 0 0 0 0 0
883 11654 190 190 2 0 0 0 0 0 0 0 0 0 0 0 0
884 11656 189 189 2 0 0 0 0 0 0 0 0 0 0 0 0
885 11654 190 190 2 0 0 0 0 0 0 0 0 0 0 0 0
886 11656 189 189 2 0 0 0 0 0 0 0 0 0 0 0 0
887 11656 189 189 2 0 0 0 0 0 0 0 0 0 0 0 0
888 11658 188 188 2 0 0 0 0 0 0 0 0 0 0 0 0
889 11658 188 188 2 0 0 0 0 0 0 0 0 0 0 0 0
890 11658 188 188 2 0 0 0 0 0 0 0 0 0 0 0 0
891 11652 191 191 2 0 0 0 0 0 0 0 0 0 0 0 0
892 11652 191 191 2 0 0 0 0 0 0 0 0 0 0 0 0
893 11658 188 188 2 0 0 0 0 0 0 0 0 0 0 0 0
894 11648 193 193 2 0 0 0 0 0 0 0 0 0 0 0 0
895 11646 194 194 2 0 0 0 0 0 0 0 0 0 0 0 0
896 11646 194 194 2 0 0 0 0 0 0 0 0 0 0 0 0
897 11642 196 196 2 0 0 0 0 0 0 0 0 0 0 0 0
898 11642 196 196 2 0 0 0 0 0 0 0 0 0 0 0 0
899 11646 194 194 2 0 0 0 0 0 0 0 0 0 0 0 0
900 11648 193 193 2 0 0 0 0 0 0 0 0 0 0 0 0
901 11646 194 194 2 0 0 0 0 0 0 0 0 0 0 0 0
902 11650 192 192 2 0 0 0 0 0 0 0 0 0 0 0 0
903 11652 191 191 2 0 0 0 0 0 0 0 0 0 0 0 0
904 11654 190 190 2 0 0 0 0 0 0 0 0 0 0 0 0
905 11650 192 192 2 0 0 0 0 0 0 0 0 0 0 0 0
906 11652 191 191 2 0 0 0 0 0 0 0 0 0 0 0 0
907 11646 194 194 2 0 0 0 0 0 0 0 0 0 0 0 0
908 11649 193 193 1 0 0 0 0 0 0 0 0 0 0 0 0
909 11649 193 193 1 0 0 0 0 0 0 0 0 0 0 0 0
910 11649 193 193 1 0 0 0 0 0 0 0 0 0 0 0 0
911 11649 193 193 1 0 0 0 0 0 0 0 0 0 0 0 0
912 11647 194 194 1 0 0 0 0 0 0 0 0 0 0 0 0
913 11643 196 196 1 0 0 0 0 0 0 0 0 0 0 0 0
914 11639 198 198 1 0 0 0 0 0 0 0 0 0 0 0 0
915 11635 200 200 1 0 0 0 0 0 0 0 0 0 0 0 0
916 11635 200 200 1 0 0 0 0 0 0 0 0 0 0 0 0
917 11633 201 201 1 0 0 0 0 0 0 0 0 0 0 0 0
918 11635 200 200 1 0 0 0 0 0 0 0 0 0 0 0 0
919 11639 198 198 1 0 0 0 0 0 0 0 0 0 0 0 0
920 11645 195 195 1 0 0 0 0 0 0 0 0 0 0 0 0
921 11651 192 192 1 0 0 0 0 0 0 0 0 0 0 0 0
922 11653 191 191 1 0 0 0 0 0 0 0 0 0 0 0 0
923 11647 194 194 1 0 0 0 0 0 0 0 0 0 0 0 0
924 11647 194 194 1 0 0 0 0 0 0 0 0 0 0 0 0
925 11647 194 194 1 0 0 0 0 0 0 0 0 0 0 0 0
926 11645 195 195 1 0 0 0 0 0 0 0 0 0 0 0 0
927 11643 196 196 1 0 0 0 0 0 0 0 0 0 0 0 0
928 11643 196 196 1 0 0 0 0 0 0 0 0 0 0 0 0
929 11647 194 194 1 0 0 0 0 0 0 0 0 0 0 0 0
930 11649 193 193 1 0 0 0 0 0 0 0 0 0 0 0 0
931 11647 194 194 1 0 0 0 0 0 0 0 0 0 0 0 0
932 11651 192 192 1 0 0 0 0 0 0 0 0 0 0 0 0
933 11653 191 191 1 0 0 0 0 0 0 0 0 0 0 0 0
934 11653 191 191 1 0 0 0 0 0 0 0 0 0 0 0 0
935 11653 191 191 1 0 0 0 0 0 0 0 0 0 0 0 0
936 11657 189 189 1 0 0 0 0 0 0 0 0 0 0 0 0
937 11655 190 190 1 0 0 0 0 0 0 0 0 0 0 0 0
938 11657 189 189 1 0 0 0 0 0 0 0 0 0 0 0 0
939 11661 187 187 1 0 0 0 0 0 0 0 0 0 0 0 0
940 11665 185 185 1 0 0 0 0 0 0 0 0 0 0 0 0
941 11661 187 187 1 0 0 0 0 0 0 0 0 0 0 0 0
942 11661 187 187 1 0 0 0 0 0 0 0 0 0 0 0 0
943 11663 186 186 1 0 0 0 0 0 0 0 0 0 0 0 0
944 11663 186 186 1 0 0 0 0 0 0 0 0 0 0 0 0
945 11671 182 182 1 0 0 0 0 0 0 0 0 0 0 0 0
946 11671 182 182 1 0 0 0 0 0 0 0 0 0 0 0 0
947 11673 181 181 1 0 0 0 0 0 0 0 0 0 0 0 0
948 11675 180 180 1 0 0 0 0 0 0 0 0 0 0 0 0
949 11679 178 178 1 0 0 0 0 0 0 0 0 0 0 0 0
950 11671 182 182 1 0 0 0 0 0 0 0 0 0 0 0 0
951 11669 183 183 1 0 0 0 0 0 0 0 0 0 0 0 0
952 11665 185 185 1 0 0 0 0 0 0 0 0 0 0 0 0
953 11665 185 185 1 0 0 0 0 0 0 0 0 0 0 0 0
954 11665 185 185 1 0 0 0 0 0 0 0 0 0 0 0 0
955 11659 188 188 1 0 0 0 0 0 0 0 0 0 0 0 0
956 11661 187 187 1 0 0 0 0 0 0 0 0 0 0 0 0
957 11663 186 186 1 0 0 0 0 0 0 0 0 0 0 0 0
958 11663 186 186 1 0 0 0 0 0 0 0 0 0 0 0 0
959 11661 187 187 1 0 0 0 0 0 0 0 0 0 0 0 0
960 11657 189 189 1 0 0 0 0 0 0 0 0 0 0 0 0
961 11657 189 189 1 0 0 0 0 0 0 0 0 0 0 0 0
962 11661 187 187 1 0 0 0 0 0 0 0 0 0 0 0 0
963 11663 186 186 1 0 0 0 0 0 0 0 0 0 0 0 0
964 11667 184 184 1 0 0 0 0 0 0 0 0 0 0 0 0
965 11667 184 184 1 0 0 0 0 0 0 0 0 0 0 0 0
966 11667 184 184 1 0 0 0 0 0 0 0 0 0 0 0 0
967 11669 183 183 1 0 0 0 0 0 0 0 0 0 0 0 0
968 11671 182 182 1 0 0 0 0 0 0 0 0 0 0 0 0
969 11673 181 181 1 0 0 0 0 0 0 0 0 0 0 0 0
970 11673 181 181 1 0 0 0 0 0 0 0 0 0 0 0 0
971 11673 181 181 1 0 0 0 0 0 0 0 0 0 0 0 0
972 11673 181 181 1 0 0 0 0 0 0 0 0 0 0 0 0
973 11679 178 178 1 0 0 0 0 0 0 0 0 0 0 0 0
974 11681 177 177 1 0 0 0 0 0 0 0 0 0 0 0 0
975 11677 179 179 1 0 0 0 0 0 0 0 0 0 0 0 0
976 11674 181 181 0 0 0 0 0 0 0 0 0 0 0 0 0
977 11676 180 180 0 0 0 0 0 0 0 0 0 0 0 0 0
978 11680 178 178 0 0 0 0 0 0 0 0 0 0 0 0 0
979 11678 179 179 0 0 0 0 0 0 0 0 0 0 0 0 0
980 11680 178 178 0 0 0 0 0 0 0 0 0 0 0 0 0
981 11680 178 178 0 0 0 0 0 0 0 0 0 0 0 0 0
982 11682 177 177 0 0 0 0 0 0 0 0 0 0 0 0 0
983 11680 178 178 0 0 0 0 0 0 0 0 0 0 0 0 0
984 11678 179 179 0 0 0 0 0 0 0 0 0 0 0 0 0
985 11678 179 179 0 0 0 0 0 0 0 0 0 0 0 0 0
986 11674 181 181 0 0 0 0 0 0 0 0 0 0 0 0 0
987 11674 181 181 0 0 0 0 0 0 0 0 0 0 0 0 0
988 11676 180 180 0 0 0 0 0 0 0 0 0 0 0 0 0
989 11682 177 177 0 0 0 0 0 0 0 0 0 0 0 0 0
990 11684 176 176 0 0 0 0 0 0 0 0 0 0 0 0 0
991 11684 176 176 0 0 0 0 0 0 0 0 0 0 0 0 0
992 11681 177 177 1 0 0 0 0 0 0 0 0 0 0 0 0
993 11683 176 176 1 0 0 0 0 0 0 0 0 0 0 0 0
994 11681 177 177 1 0 0 0 0 0 0 0 0 0 0 0 0
995 11679 178 178 1 0 0 0 0 0 0 0 0 0 0 0 0
996 11677 179 179 1 0 0 0 0 0 0 0 0 0 0 0 0
997 11677 179 179 1 0 0 0 0 0 0 0 0 0 0 0 0
998 11675 180 180 1 0 0 0 0 0 0 0 0 0 0 0 0
999 11675 180 180 1 0 0 0 0 0 0 0 0 0 0 0 0
1000 11675 180 180 1 0 0 0 0 0 0 0 0 0 0 0 0
1001 11677 179 179 1 0 0 0 0 0 0 0 0 0 0 0 0
1002 11676 179 179 2 0 0 0 0 0 0 0 0 0 0 0 0
1003 11672 181 181 2 0 0 0 0 0 0 0 0 0 0 0 0
1004 11674 180 180 2 0 0 0 0 0 0 0 0 0 0 0 0
1005 11676 179 179 2 0 0 0 0 0 0 0 0 0 0 0 0
1006 11677 178 178 3 0 0 0 0 0 0 0 0 0 0 0 0
1007 11671 181 181 3 0 0 0 0 0 0 0 0 0 0 0 0
1008 11665 184 184 3 0 0 0 0 0 0 0 0 0 0 0 0
1009 11663 185 185 3 0 0 0 0 0 0 0 0 0 0 0 0
1010 11661 186 186 3 0 0 0 0 0 0 0 0 0 0 0 0
1011 11667 183 183 3 0 0 0 0 0 0 0 0 0 0 0 0
1012 11665 184 184 3 0 0 0 0 0 0 0 0 0 0 0 0
1013 11665 184 184 3 0 0 0 0 0 0 0 0 0 0 0 0
1014 11663 185 185 3 0 0 0 0 0 0 0 0 0 0 0 0
1015 11667 183 183 3 0 0 0 0 0 0 0 0 0 0 0 0
1016 11669 182 182 3 0 0 0 0 0 0 0 0 0 0 0 0
1017 11659 187 187 3 0 0 0 0 0 0 0 0 0 0 0 0
1018 11657 188 188 3 0 0 0 0 0 0 0 0 0 0 0 0
1019 11649 192 192 3 0 0 0 0 0 0 0 0 0 0 0 0
1020 11651 191 191 3 0 0 0 0 0 0 0 0 0 0 0 0
1021 11643 195 195 3 0 0 0 0 0 0 0 0 0 0 0 0
1022 11643 195 195 3 0 0 0 0 0 0 0 0 0 0 0 0
1023 11641 196 196 3 0 0 0 0 0 0 0 0 0 0 0 0
1024 11643 195 195 3 0 0 0 0 0 0 0 0 0 0 0 0
1025 11641 196 196 3 0 0 0 0 0 0 0 0 0 0 0 0
1026 11639 197 197 3 0 0 0 0 0 0 0 0 0 0 0 0
1027 11639 197 197 3 0 0 0 0 0 0 0 0 0 0 0 0
1028 11641 196 196 3 0 0 0 0 0 0 0 0 0 0 0 0
1029 11639 197 197 3 0 0 0 0 0 0 0 0 0 0 0 0
1030 11635 199 199 3 0 0 0 0 0 0 0 0 0 0 0 0
1031 11639 197 197 3 0 0 0 0 0 0 0 0 0 0 0 0
1032 11633 200 200 3 0 0 0 0 0 0 0 0 0 0 0 0
1033 11633 200 200 3 0 0 0 0 0 0 0 0 0 0 0 0
1034 11631 201 201 3 0 0 0 0 0 0 0 0 0 0 0 0
1035 11631 201 201 3 0 0 0 0 0 0 0 0 0 0 0 0
1036 11629 202 202 3 0 0 0 0 0 0 0 0 0 0 0 0
1037 11627 203 203 3 0 0 0 0 0 0 0 0 0 0 0 0
1038 11629 202 202 3 0 0 0 0 0 0 0 0 0 0 0 0
1039 11631 201 201 3 0 0 0 0 0 0 0 0 0 0 0 0
1040 11629 202 202 3 0 0 0 0 0 0 0 0 0 0 0 0
1041 11627 203 203 3 0 0 0 0 0 0 0 0 0 0 0 0
1042 11627 203 203 3 0 0 0 0 0 0 0 0 0 0 0 0
1043 11627 203 203 3 0 0 0 0 0 0 0 0 0 0 0 0
1044 11625 204 204 3 0 0 0 0 0 0 0 0 0 0 0 0
1045 11625 204 204 3 0 0 0 0 0 0 0 0 0 0 0 0
1046 11625 204 204 3 0 0 0 0 0 0 0 0 0 0 0 0
1047 11623 205 205 3 0 0 0 0 0 0 0 0 0 0 0 0
1048 11619 207 207 3 0 0 0 0 0 0 0 0 0 0 0 0
1049 11623 205 205 3 0 0 0 0 0 0 0 0 0 0 0 0
1050 11625 204 204 3 0 0 0 0 0 0 0 0 0 0 0 0
1051 11623 205 205 3 0 0 0 0 0 0 0 0 0 0 0 0
1052 11621 206 206 3 0 0 0 0 0 0 0 0 0 0 0 0
1053 11621 206 206 3 0 0 0 0 0 0 0 0 0 0 0 0
1054 11627 203 203 3 0 0 0 0 0 0 0 0 0 0 0 0
1055 11627 203 203 3 0 0 0 0 0 0 0 0 0 0 0 0
1056 11629 202 202 3 0 0 0 0 0 0 0 0 0 0 0 0
1057 11631 201 201 3 0 0 0 0 0 0 0 0 0 0 0 0
1058 11631 201 201 3 0 0 0 0 0 0 0 0 0 0 0 0
1059 11627 203 203 3 0 0 0 0 0 0 0 0 0 0 0 0
1060 11627 203 203 3 0 0 0 0 0 0 0 0 0 0 0 0
1061 11627 203 203 3 0 0 0 0 0 0 0 0 0 0 0 0
1062 11631 201 201 3 0 0 0 0 0 0 0 0 0 0 0 0
1063 11627 203 203 3 0 0 0 0 0 0 0 0 0 0 0 0
1064 11627 203 203 3 0 0 0 0 0 0 0 0 0 0 0 0
1065 11625 204 204 3 0 0 0 0 0 0 0 0 0 0 0 0
1066 11623 205 205 3 0 0 0 0 0 0 0 0 0 0 0 0
1067 11623 205 205 3 0 0 0 0 0 0 0 0 0 0 0 0
1068 11619 207 207 3 0 0 0 0 0 0 0 0 0 0 0 0
1069 11619 207 207 3 0 0 0 0 0 0 0 0 0 0 0 0
1070 11617 208 208 3 0 0 0 0 0 0 0 0 0 0 0 0
1071 11619 207 207 3 0 0 0 0 0 0 0 0 0 0 0 0
1072 11617 208 208 3 0 0 0 0 0 0 0 0 0 0 0 0
1073 11617 208 208 3 0 0 0 0 0 0 0 0 0 0 0 0
1074 11619 207 207 3 0 0 0 0 0 0 0 0 0 0 0 0
1075 11617 208 208 3 0 0 0 0 0 0 0 0 0 0 0 0
1076 11615 209 209 3 0 0 0 0 0 0 0 0 0 0 0 0
1077 11617 208 208 3 0 0 0 0 0 0 0 0 0 0 0 0
1078 11618 208 208 2 0 0 0 0 0 0 0 0 0 0 0 0
1079 11619 208 208 1 0 0 0 0 0 0 0 0 0 0 0 0
1080 11617 209 209 1 0 0 0 0 0 0 0 0 0 0 0 0
1081 11619 208 208 1 0 0 0 0 0 0 0 0 0 0 0 0
1082 11611 212 212 1 0 0 0 0 0 0 0 0 0 0 0 0
1083 11611 212 212 1 0 0 0 0 0 0 0 0 0 0 0 0
1084 11611 212 212 1 0 0 0 0 0 0 0 0 0 0 0 0
1085 11609 213 213 1 0 0 0 0 0 0 0 0 0 0 0 0
1086 11607 214 214 1 0 0 0 0 0 0 0 0 0 0 0 0
1087 11601 217 217 1 0 0 0 0 0 0 0 0 0 0 0 0
1088 11603 216 216 1 0 0 0 0 0 0 0 0 0 0 0 0
1089 11605 215 215 1 0 0 0 0 0 0 0 0 0 0 0 0
1090 11608 214 214 0 0 0 0 0 0 0 0 0 0 0 0 0
1091 11606 215 215 0 0 0 0 0 0 0 0 0 0 0 0 0
1092 11602 217 217 0 0 0 0 0 0 0 0 0 0 0 0 0
1093 11602 217 217 0 0 0 0 0 0 0 0 0 0 0 0 0
1094 11600 218 218 0 0 0 0 0 0 0 0 0 0 0 0 0
1095 11596 220 220 0 0 0 0 0 0 0 0 0 0 0 0 0
1096 11600 218 218 0 0 0 0 0 0 0 0 0 0 0 0 0
1097 11596 220 220 0 0 0 0 0 0 0 0 0 0 0 0 0
1098 11592 222 222 0 0 0 0 0 0 0 0 0 0 0 0 0
1099 11592 222 222 0 0 0 0 0 0 0 0 0 0 0 0 0
1100 11588 224 224 0 0 0 0 0 0 0 0 0 0 0 0 0
1101 11590 223 223 0 0 0 0 0 0 0 0 0 0 0 0 0
1102 11588 224 224 0 0 0 0 0 0 0 0 0 0 0 0 0
1103 11596 220 220 0 0 0 0 0 0 0 0 0 0 0 0 0
1104 11594 221 221 0 0 0 0 0 0 0 0 0 0 0 0 0
1105 11595 220 220 1 0 0 0 0 0 0 0 0 0 0 0 0
1106 11597 219 219 1 0 0 0 0 0 0 0 0 0 0 0 0
1107 11601 217 217 1 0 0 0 0 0 0 0 0 0 0 0 0
1108 11601 217 217 1 0 0 0 0 0 0 0 0 0 0 0 0
1109 11599 218 218 1 0 0 0 0 0 0 0 0 0 0 0 0
1110 11595 220 220 1 0 0 0 0 0 0 0 0 0 0 0 0
1111 11596 219 219 2 0 0 0 0 0 0 0 0 0 0 0 0
1112 11598 218 218 2 0 0 0 0 0 0 0 0 0 0 0 0
1113 11598 218 218 2 0 0 0 0 0 0 0 0 0 0 0 0
1114 11604 215 215 2 0 0 0 0 0 0 0 0 0 0 0 0
1115 11604 215 215 2 0 0 0 0 0 0 0 0 0 0 0 0
1116 11602 216 216 2 0 0 0 0 0 0 0 0 0 0 0 0
1117 11602 216 216 2 0 0 0 0 0 0 0 0 0 0 0 0
1118 11600 217 217 2 0 0 0 0 0 0 0 0 0 0 0 0
1119 11600 217 217 2 0 0 0 0 0 0 0 0 0 0 0 0
1120 11602 216 216 2 0 0 0 0 0 0 0 0 0 0 0 0
1121 11604 215 215 2 0 0 0 0 0 0 0 0 0 0 0 0
1122 11608 213 213 2 0 0 0 0 0 0 0 0 0 0 0 0
1123 11604 215 215 2 0 0 0 0 0 0 0 0 0 0 0 0
1124 11610 212 212 2 0 0 0 0 0 0 0 0 0 0 0 0
1125 11612 211 211 2 0 0 0 0 0 0 0 0 0 0 0 0
1126 11612 211 211 2 0 0 0 0 0 0 0 0 0 0 0 0
1127 11610 212 212 2 0 0 0 0 0 0 0 0 0 0 0 0
1128 11612 211 211 2 0 0 0 0 0 0 0 0 0 0 0 0
1129 11612 211 211 2 0 0 0 0 0 0 0 0 0 0 0 0
1130 11612 211 211 2 0 0 0 0 0 0 0 0 0 0 0 0
1131 11614 210 210 2 0 0 0 0 0 0 0 0 0 0 0 0
1132 11614 210 210 2 0 0 0 0 0 0 0 0 0 0 0 0
1133 11610 212 212 2 0 0 0 0 0 0 0 0 0 0 0 0
1134 11612 211 211 2 0 0 0 0 0 0 0 0 0 0 0 0
1135 11609 212 212 3 0 0 0 0 0 0 0 0 0 0 0 0
1136 11611 211 211 3 0 0 0 0 0 0 0 0 0 0 0 0
1137 11609 212 212 3 0 0 0 0 0 0 0 0 0 0 0 0
1138 11611 211 211 3 0 0 0 0 0 0 0 0 0 0 0 0
1139 11607 213 213 3 0 0 0 0 0 0 0 0 0 0 0 0
1140 11605 214 214 3 0 0 0 0 0 0 0 0 0 0 0 0
1141 11607 213 213 3 0 0 0 0 0 0 0 0 0 0 0 0
1142 11605 214 214 3 0 0 0 0 0 0 0 0 0 0 0 0
1143 11605 214 214 3 0 0 0 0 0 0 0 0 0 0 0 0
1144 11603 215 215 3 0 0 0 0 0 0 0 0 0 0 0 0
1145 11603 215 215 3 0 0 0 0 0 0 0 0 0 0 0 0
1146 11600 217 217 2 0 0 0 0 0 0 0 0 0 0 0 0
1147 11608 213 213 2 0 0 0 0 0 0 0 0 0 0 0 0
1148 11602 216 216 2 0 0 0 0 0 0 0 0 0 0 0 0
1149 11600 217 217 2 0 0 0 0 0 0 0 0 0 0 0 0
1150 11604 215 215 2 0 0 0 0 0 0 0 0 0 0 0 0
1151 11608 213 213 2 0 0 0 0 0 0 0 0 0 0 0 0
1152 11606 214 214 2 0 0 0 0 0 0 0 0 0 0 0 0
1153 11604 215 215 2 0 0 0 0 0 0 0 0 0 0 0 0
1154 11608 213 213 2 0 0 0 0 0 0 0 0 0 0 0 0
1155 11606 214 214 2 0 0 0 0 0 0 0 0 0 0 0 0
1156 11604 215 215 2 0 0 0 0 0 0 0 0 0 0 0 0
1157 11602 216 216 2 0 0 0 0 0 0 0 0 0 0 0 0
1158 11598 218 218 2 0 0 0 0 0 0 0 0 0 0 0 0
1159 11600 217 217 2 0 0 0 0 0 0 0 0 0 0 0 0
1160 11600 217 217 2 0 0 0 0 0 0 0 0 0 0 0 0
1161 11598 218 218 2 0 0 0 0 0 0 0 0 0 0 0 0
1162 11596 219 219 2 0 0 0 0 0 0 0 0 0 0 0 0
1163 11592 221 221 2 0 0 0 0 0 0 0 0 0 0 0 0
1164 11588 223 223 2 0 0 0 0 0 0 0 0 0 0 0 0
1165 11586 224 224 2 0 0 0 0 0 0 0 0 0 0 0 0
1166 11591 222 222 1 0 0 0 0 0 0 0 0 0 0 0 0
1167 11587 224 224 1 0 0 0 0 0 0 0 0 0 0 0 0
1168 11588 223 223 2 0 0 0 0 0 0 0 0 0 0 0 0
1169 11588 223 223 2 0 0 0 0 0 0 0 0 0 0 0 0
1170 11586 224 224 2 0 0 0 0 0 0 0 0 0 0 0 0
1171 11588 223 223 2 0 0 0 0 0 0 0 0 0 0 0 0
1172 11590 222 222 2 0 0 0 0 0 0 0 0 0 0 0 0
1173 11592 221 221 2 0 0 0 0 0 0 0 0 0 0 0 0
1174 11596 219 219 2 0 0 0 0 0 0 0 0 0 0 0 0
1175 11600 217 217 2 0 0 0 0 0 0 0 0 0 0 0 0
1176 11600 217 217 2 0 0 0 0 0 0 0 0 0 0 0 0
1177 11598 218 218 2 0 0 0 0 0 0 0 0 0 0 0 0
1178 11600 217 217 2 0 0 0 0 0 0 0 0 0 0 0 0
1179 11602 216 216 2 0 0 0 0 0 0 0 0 0 0 0 0
1180 11604 215 215 2 0 0 0 0 0 0 0 0 0 0 0 0
1181 11614 210 210 2 0 0 0 0 0 0 0 0 0 0 0 0
1182 11614 210 210 2 0 0 0 0 0 0 0 0 0 0 0 0
1183 11609 213 213 1 0 0 0 0 0 0 0 0 0 0 0 0
1184 11615 210 210 1 0 0 0 0 0 0 0 0 0 0 0 0
1185 11613 211 211 1 0 0 0 0 0 0 0 0 0 0 0 0
1186 11615 210 210 1 0 0 0 0 0 0 0 0 0 0 0 0
1187 11617 209 209 1 0 0 0 0 0 0 0 0 0 0 0 0
1188 11615 210 210 1 0 0 0 0 0 0 0 0 0 0 0 0
1189 11617 209 209 1 0 0 0 0 0 0 0 0 0 0 0 0
1190 11611 212 212 1 0 0 0 0 0 0 0 0 0 0 0 0
1191 11609 213 213 1 0 0 0 0 0 0 0 0 0 0 0 0
1192 11611 212 212 1 0 0 0 0 0 0 0 0 0 0 0 0
1193 11613 211 211 1 0 0 0 0 0 0 0 0 0 0 0 0
1194 11615 210 210 1 0 0 0 0 0 0 0 0 0 0 0 0
1195 11617 209 209 1 0 0 0 0 0 0 0 0 0 0 0 0
1196 11621 207 207 1 0 0 0 0 0 0 0 0 0 0 0 0
1197 11621 207 207 1 0 0 0 0 0 0 0 0 0 0 0 0
1198 11623 206 206 1 0 0 0 0 0 0 0 0 0 0 0 0
1199 11615 210 210 1 0 0 0 0 0 0 0 0 0 0 0 0
1200 11615 210 210 1 0 0 0 0 0 0 0 0 0 0 0 0
1201 11613 211 211 1 0 0 0 0 0 0 0 0 0 0 0 0
1202 11611 212 212 1 0 0 0 0 0 0 0 0 0 0 0 0
1203 11609 213 213 1 0 0 0 0 0 0 0 0 0 0 0 0
1204 11601 217 217 1 0 0 0 0 0 0 0 0 0 0 0 0
1205 11599 218 218 1 0 0 0 0 0 0 0 0 0 0 0 0
1206 11599 218 218 1 0 0 0 0 0 0 0 0 0 0 0 0
1207 11599 218 218 1 0 0 0 0 0 0 0 0 0 0 0 0
1208 11599 218 218 1 0 0 0 0 0 0 0 0 0 0 0 0
1209 11592 221 221 2 0 0 0 0 0 0 0 0 0 0 0 0
1210 11590 222 222 2 0 0 0 0 0 0 0 0 0 0 0 0
1211 11596 219 219 2 0 0 0 0 0 0 0 0 0 0 0 0
1212 11594 220 220 2 0 0 0 0 0 0 0 0 0 0 0 0
1213 11600 217 217 2 0 0 0 0 0 0 0 0 0 0 0 0
1214 11604 215 215 2 0 0 0 0 0 0 0 0 0 0 0 0
1215 11598 218 218 2 0 0 0 0 0 0 0 0 0 0 0 0
1216 11594 220 220 2 0 0 0 0 0 0 0 0 0 0 0 0
1217 11591 222 222 1 0 0 0 0 0 0 0 0 0 0 0 0
1218 11591 222 222 1 0 0 0 0 0 0 0 0 0 0 0 0
1219 11585 225 225 1 0 0 0 0 0 0 0 0 0 0 0 0
1220 11589 223 223 1 0 0 0 0 0 0 0 0 0 0 0 0
1221 11589 223 223 1 0 0 0 0 0 0 0 0 0 0 0 0
1222 11587 224 224 1 0 0 0 0 0 0 0 0 0 0 0 0
1223 11587 224 224 1 0 0 0 0 0 0 0 0 0 0 0 0
1224 11589 223 223 1 0 0 0 0 0 0 0 0 0 0 0 0
1225 11591 222 222 1 0 0 0 0 0 0 0 0 0 0 0 0
1226 11591 222 222 1 0 0 0 0 0 0 0 0 0 0 0 0
1227 11597 219 219 1 0 0 0 0 0 0 0 0 0 0 0 0
1228 11591 222 222 1 0 0 0 0 0 0 0 0 0 0 0 0
1229 11593 221 221 1 0 0 0 0 0 0 0 0 0 0 0 0
1230 11593 221 221 1 0 0 0 0 0 0 0 0 0 0 0 0
1231 11587 224 224 1 0 0 0 0 0 0 0 0 0 0 0 0
1232 11597 219 219 1 0 0 0 0 0 0 0 0 0 0 0 0
1233 11597 219 219 1 0 0 0 0 0 0 0 0 0 0 0 0
1234 11597 219 219 1 0 0 0 0 0 0 0 0 0 0 0 0
1235 11599 218 218 1 0 0 0 0 0 0 0 0 0 0 0 0
1236 11599 218 218 1 0 0 0 0 0 0 0 0 0 0 0 0
1237 11593 221 221 1 0 0 0 0 0 0 0 0 0 0 0 0
1238 11589 223 223 1 0 0 0 0 0 0 0 0 0 0 0 0
1239 11589 223 223 1 0 0 0 0 0 0 0 0 0 0 0 0
1240 11587 224 224 1 0 0 0 0 0 0 0 0 0 0 0 0
1241 11587 224 224 1 0 0 0 0 0 0 0 0 0 0 0 0
1242 11593 221 221 1 0 0 0 0 0 0 0 0 0 0 0 0
1243 11589 223 223 1 0 0 0 0 0 0 0 0 0 0 0 0
1244 11588 223 223 2 0 0 0 0 0 0 0 0 0 0 0 0
1245 11586 224 224 2 0 0 0 0 0 0 0 0 0 0 0 0
1246 11586 224 224 2 0 0 0 0 0 0 0 0 0 0 0 0
1247 11584 225 225 2 0 0 0 0 0 0 0 0 0 0 0 0
1248 11584 225 225 2 0 0 0 0 0 0 0 0 0 0 0 0
1249 11586 224 224 2 0 0 0 0 0 0 0 0 0 0 0 0
1250 11584 225 225 2 0 0 0 0 0 0 0 0 0 0 0 0
1251 11581 226 226 3 0 0 0 0 0 0 0 0 0 0 0 0
1252 11580 226 226 4 0 0 0 0 0 0 0 0 0 0 0 0
1253 11580 226 226 4 0 0 0 0 0 0 0 0 0 0 0 0
1254 11580 226 226 4 0 0 0 0 0 0 0 0 0 0 0 0
1255 11584 224 224 4 0 0 0 0 0 0 0 0 0 0 0 0
1256 11591 221 221 3 0 0 0 0 0 0 0 0 0 0 0 0
1257 11595 219 219 3 0 0 0 0 0 0 0 0 0 0 0 0
1258 11591 221 221 3 0 0 0 0 0 0 0 0 0 0 0 0
1259 11597 218 218 3 0 0 0 0 0 0 0 0 0 0 0 0
1260 11593 220 220 3 0 0 0 0 0 0 0 0 0 0 0 0
1261 11599 217 217 3 0 0 0 0 0 0 0 0 0 0 0 0
1262 11601 216 216 3 0 0 0 0 0 0 0 0 0 0 0 0
1263 11603 215 215 3 0 0 0 0 0 0 0 0 0 0 0 0
1264 11603 215 215 3 0 0 0 0 0 0 0 0 0 0 0 0
1265 11605 214 214 3 0 0 0 0 0 0 0 0 0 0 0 0
1266 11605 214 214 3 0 0 0 0 0 0 0 0 0 0 0 0
1267 11603 215 215 3 0 0 0 0 0 0 0 0 0 0 0 0
1268 11593 220 220 3 0 0 0 0 0 0 0 0 0 0 0 0
1269 11595 219 219 3 0 0 0 0 0 0 0 0 0 0 0 0
1270 11591 221 221 3 0 0 0 0 0 0 0 0 0 0 0 0
1271 11595 219 219 3 0 0 0 0 0 0 0 0 0 0 0 0
1272 11588 223 223 2 0 0 0 0 0 0 0 0 0 0 0 0
1273 11588 223 223 2 0 0 0 0 0 0 0 0 0 0 0 0
1274 11588 223 223 2 0 0 0 0 0 0 0 0 0 0 0 0
1275 11590 222 222 2 0 0 0 0 0 0 0 0 0 0 0 0
1276 11590 222 222 2 0 0 0 0 0 0 0 0 0 0 0 0
1277 11586 224 224 2 0 0 0 0 0 0 0 0 0 0 0 0
1278 11586 224 224 2 0 0 0 0 0 0 0 0 0 0 0 0
1279 11584 225 225 2 0 0 0 0 0 0 0 0 0 0 0 0
1280 11588 223 223 2 0 0 0 0 0 0 0 0 0 0 0 0
1281 11588 223 223 2 0 0 0 0 0 0 0 0 0 0 0 0
1282 11587 224 224 1 0 0 0 0 0 0 0 0 0 0 0 0
1283 11585 225 225 1 0 0 0 0 0 0 0 0 0 0 0 0
1284 11585 225 225 1 0 0 0 0 0 0 0 0 0 0 0 0
1285 11585 225 225 1 0 0 0 0 0 0 0 0 0 0 0 0
1286 11589 223 223 1 0 0 0 0 0 0 0 0 0 0 0 0
1287 11585 225 225 1 0 0 0 0 0 0 0 0 0 0 0 0
1288 11583 226 226 1 0 0 0 0 0 0 0 0 0 0 0 0
1289 11579 228 228 1 0 0 0 0 0 0 0 0 0 0 0 0
1290 11579 228 228 1 0 0 0 0 0 0 0 0 0 0 0 0
1291 11576 229 229 2 0 0 0 0 0 0 0 0 0 0 0 0
1292 11582 226 226 2 0 0 0 0 0 0 0 0 0 0 0 0
1293 11582 226 226 2 0 0 0 0 0 0 0 0 0 0 0 0
1294 11580 227 227 2 0 0 0 0 0 0 0 0 0 0 0 0
1295 11580 227 227 2 0 0 0 0 0 0 0 0 0 0 0 0
1296 11584 225 225 2 0 0 0 0 0 0 0 0 0 0 0 0
1297 11582 226 226 2 0 0 0 0 0 0 0 0 0 0 0 0
1298 11582 226 226 2 0 0 0 0 0 0 0 0 0 0 0 0
1299 11586 224 224 2 0 0 0 0 0 0 0 0 0 0 0 0
1300 11586 224 224 2 0 0 0 0 0 0 0 0 0 0 0 0
1301 11584 225 225 2 0 0 0 0 0 0 0 0 0 0 0 0
1302 11592 221 221 2 0 0 0 0 0 0 0 0 0 0 0 0
1303 11594 220 220 2 0 0 0 0 0 0 0 0 0 0 0 0
1304 11594 220 220 2 0 0 0 0 0 0 0 0 0 0 0 0
1305 11594 220 220 2 0 0 0 0 0 0 0 0 0 0 0 0
1306 11596 219 219 2 0 0 0 0 0 0 0 0 0 0 0 0
1307 11598 218 218 2 0 0 0 0 0 0 0 0 0 0 0 0
1308 11600 217 217 2 0 0 0 0 0 0 0 0 0 0 0 0
1309 11600 217 217 2 0 0 0 0 0 0 0 0 0 0 0 0
1310 11602 216 216 2 0 0 0 0 0 0 0 0 0 0 0 0
1311 11598 218 218 2 0 0 0 0 0 0 0 0 0 0 0 0
1312 11596 219 219 2 0 0 0 0 0 0 0 0 0 0 0 0
1313 11596 219 219 2 0 0 0 0 0 0 0 0 0 0 0 0
1314 11596 219 219 2 0 0 0 0 0 0 0 0 0 0 0 0
1315 11600 217 217 2 0 0 0 0 0 0 0 0 0 0 0 0
1316 11600 217 217 2 0 0 0 0 0 0 0 0 0 0 0 0
1317 11602 216 216 2 0 0 0 0 0 0 0 0 0 0 0 0
1318 11606 214 214 2 0 0 0 0 0 0 0 0 0 0 0 0
1319 11606 214 214 2 0 0 0 0 0 0 0 0 0 0 0 0
1320 11608 213 213 2 0 0 0 0 0 0 0 0 0 0 0 0
1321 11608 213 213 2 0 0 0 0 0 0 0 0 0 0 0 0
1322 11608 213 213 2 0 0 0 0 0 0 0 0 0 0 0 0
1323 11612 211 211 2 0 0 0 0 0 0 0 0 0 0 0 0
1324 11610 212 212 2 0 0 0 0 0 0 0 0 0 0 0 0
1325 11610 212 212 2 0 0 0 0 0 0 0 0 0 0 0 0
1326 11612 211 211 2 0 0 0 0 0 0 0 0 0 0 0 0
1327 11610 212 212 2 0 0 0 0 0 0 0 0 0 0 0 0
1328 11612 211 211 2 0 0 0 0 0 0 0 0 0 0 0 0
1329 11610 212 212 2 0 0 0 0 0 0 0 0 0 0 0 0
1330 11610 212 212 2 0 0 0 0 0 0 0 0 0 0 0 0
1331 11608 213 213 2 0 0 0 0 0 0 0 0 0 0 0 0
1332 11612 211 211 2 0 0 0 0 0 0 0 0 0 0 0 0
1333 11612 211 211 2 0 0 0 0 0 0 0 0 0 0 0 0
1334 11608 213 213 2 0 0 0 0 0 0 0 0 0 0 0 0
1335 11606 214 214 2 0 0 0 0 0 0 0 0 0 0 0 0
1336 11606 214 214 2 0 0 0 0 0 0 0 0 0 0 0 0
1337 11606 214 214 2 0 0 0 0 0 0 0 0 0 0 0 0
1338 11608 213 213 2 0 0 0 0 0 0 0 0 0 0 0 0
1339 11608 213 213 2 0 0 0 0 0 0 0 0 0 0 0 0
1340 11608 213 213 2 0 0 0 0 0 0 0 0 0 0 0 0
1341 11612 211 211 2 0 0 0 0 0 0 0 0 0 0 0 0
1342 11608 213 213 2 0 0 0 0 0 0 0 0 0 0 0 0
1343 11608 213 213 2 0 0 0 0 0 0 0 0 0 0 0 0
1344 11608 213 213 2 0 0 0 0 0 0 0 0 0 0 0 0
1345 11610 212 212 2 0 0 0 0 0 0 0 0 0 0 0 0
1346 11610 212 212 2 0 0 0 0 0 0 0 0 0 0 0 0
1347 11610 212 212 2 0 0 0 0 0 0 0 0 0 0 0 0
1348 11612 211 211 2 0 0 0 0 0 0 0 0 0 0 0 0
1349 11610 212 212 2 0 0 0 0 0 0 0 0 0 0 0 0
1350 11610 212 212 2 0 0 0 0 0 0 0 0 0 0 0 0
1351 11608 213 213 2 0 0 0 0 0 0 0 0 0 0 0 0
1352 11604 215 215 2 0 0 0 0 0 0 0 0 0 0 0 0
1353 11606 214 214 2 0 0 0 0 0 0 0 0 0 0 0 0
1354 11610 212 212 2 0 0 0 0 0 0 0 0 0 0 0 0
1355 11612 211 211 2 0 0 0 0 0 0 0 0 0 0 0 0
1356 11616 209 209 2 0 0 0 0 0 0 0 0 0 0 0 0
1357 11616 209 209 2 0 0 0 0 0 0 0 0 0 0 0 0
1358 11624 205 205 2 0 0 0 0 0 0 0 0 0 0 0 0
1359 11626 204 204 2 0 0 0 0 0 0 0 0 0 0 0 0
1360 11624 205 205 2 0 0 0 0 0 0 0 0 0 0 0 0
1361 11628 203 203 2 0 0 0 0 0 0 0 0 0 0 0 0
1362 11622 206 206 2 0 0 0 0 0 0 0 0 0 0 0 0
1363 11620 207 207 2 0 0 0 0 0 0 0 0 0 0 0 0
1364 11618 208 208 2 0 0 0 0 0 0 0 0 0 0 0 0
1365 11618 208 208 2 0 0 0 0 0 0 0 0 0 0 0 0
1366 11618 208 208 2 0 0 0 0 0 0 0 0 0 0 0 0
1367 11620 207 207 2 0 0 0 0 0 0 0 0 0 0 0 0
1368 11622 206 206 2 0 0 0 0 0 0 0 0 0 0 0 0
1369 11624 205 205 2 0 0 0 0 0 0 0 0 0 0 0 0
1370 11624 205 205 2 0 0 0 0 0 0 0 0 0 0 0 0
1371 11622 206 206 2 0 0 0 0 0 0 0 0 0 0 0 0
1372 11620 207 207 2 0 0 0 0 0 0 0 0 0 0 0 0
1373 11622 206 206 2 0 0 0 0 0 0 0 0 0 0 0 0
1374 11620 207 207 2 0 0 0 0 0 0 0 0 0 0 0 0
1375 11622 206 206 2 0 0 0 0 0 0 0 0 0 0 0 0
1376 11624 205 205 2 0 0 0 0 0 0 0 0 0 0 0 0
1377 11626 204 204 2 0 0 0 0 0 0 0 0 0 0 0 0
1378 11628 203 203 2 0 0 0 0 0 0 0 0 0 0 0 0
1379 11632 201 201 2 0 0 0 0 0 0 0 0 0 0 0 0
1380 11632 201 201 2 0 0 0 0 0 0 0 0 0 0 0 0
1381 11632 201 201 2 0 0 0 0 0 0 0 0 0 0 0 0
1382 11634 200 200 2 0 0 0 0 0 0 0 0 0 0 0 0
1383 11630 202 202 2 0 0 0 0 0 0 0 0 0 0 0 0
1384 11630 202 202 2 0 0 0 0 0 0 0 0 0 0 0 0
1385 11630 202 202 2 0 0 0 0 0 0 0 0 0 0 0 0
1386 11630 202 202 2 0 0 0 0 0 0 0 0 0 0 0 0
1387 11628 203 203 2 0 0 0 0 0 0 0 0 0 0 0 0
1388 11630 202 202 2 0 0 0 0 0 0 0 0 0 0 0 0
1389 11630 202 202 2 0 0 0 0 0 0 0 0 0 0 0 0
1390 11632 201 201 2 0 0 0 0 0 0 0 0 0 0 0 0
1391 11636 199 199 2 0 0 0 0 0 0 0 0 0 0 0 0
1392 11636 199 199 2 0 0 0 0 0 0 0 0 0 0 0 0
1393 11631 201 201 3 0 0 0 0 0 0 0 0 0 0 0 0
1394 11627 203 203 3 0 0 0 0 0 0 0 0 0 0 0 0
1395 11629 202 202 3 0 0 0 0 0 0 0 0 0 0 0 0
1396 11631 201 201 3 0 0 0 0 0 0 0 0 0 0 0 0
1397 11631 201 201 3 0 0 0 0 0 0 0 0 0 0 0 0
1398 11629 202 202 3 0 0 0 0 0 0 0 0 0 0 0 0
1399 11627 203 203 3 0 0 0 0 0 0 0 0 0 0 0 0
1400 11625 204 204 3 0 0 0 0 0 0 0 0 0 0 0 0
1401 11625 204 204 3 0 0 0 0 0 0 0 0 0 0 0 0
1402 11623 205 205 3 0 0 0 0 0 0 0 0 0 0 0 0
1403 11623 205 205 3 0 0 0 0 0 0 0 0 0 0 0 0
1404 11620 206 206 4 0 0 0 0 0 0 0 0 0 0 0 0
1405 11620 206 206 4 0 0 0 0 0 0 0 0 0 0 0 0
1406 11620 206 206 4 0 0 0 0 0 0 0 0 0 0 0 0
1407 11620 206 206 4 0 0 0 0 0 0 0 0 0 0 0 0
1408 11622 205 205 4 0 0 0 0 0 0 0 0 0 0 0 0
1409 11623 204 204 5 0 0 0 0 0 0 0 0 0 0 0 0
1410 11625 203 203 5 0 0 0 0 0 0 0 0 0 0 0 0
1411 11627 202 202 5 0 0 0 0 0 0 0 0 0 0 0 0
1412 11629 201 201 5 0 0 0 0 0 0 0 0 0 0 0 0
1413 11627 202 202 5 0 0 0 0 0 0 0 0 0 0 0 0
1414 11629 201 201 5 0 0 0 0 0 0 0 0 0 0 0 0
1415 11621 205 205 5 0 0 0 0 0 0 0 0 0 0 0 0
1416 11625 203 203 5 0 0 0 0 0 0 0 0 0 0 0 0
1417 11626 203 203 4 0 0 0 0 0 0 0 0 0 0 0 0
1418 11632 200 200 4 0 0 0 0 0 0 0 0 0 0 0 0
1419 11636 198 198 4 0 0 0 0 0 0 0 0 0 0 0 0
1420 11634 199 199 4 0 0 0 0 0 0 0 0 0 0 0 0
1421 11636 198 198 4 0 0 0 0 0 0 0 0 0 0 0 0
1422 11634 199 199 4 0 0 0 0 0 0 0 0 0 0 0 0
1423 11638 197 197 4 0 0 0 0 0 0 0 0 0 0 0 0
1424 11644 194 194 4 0 0 0 0 0 0 0 0 0 0 0 0
1425 11642 195 195 4 0 0 0 0 0 0 0 0 0 0 0 0
1426 11640 196 196 4 0 0 0 0 0 0 0 0 0 0 0 0
1427 11638 197 197 4 0 0 0 0 0 0 0 0 0 0 0 0
1428 11638 197 197 4 0 0 0 0 0 0 0 0 0 0 0 0
1429 11638 197 197 4 0 0 0 0 0 0 0 0 0 0 0 0
1430 11638 197 197 4 0 0 0 0 0 0 0 0 0 0 0 0
1431 11632 200 200 4 0 0 0 0 0 0 0 0 0 0 0 0
1432 11632 200 200 4 0 0 0 0 0 0 0 0 0 0 0 0
1433 11634 199 199 4 0 0 0 0 0 0 0 0 0 0 0 0
1434 11638 197 197 4 0 0 0 0 0 0 0 0 0 0 0 0
1435 11640 196 196 4 0 0 0 0 0 0 0 0 0 0 0 0
1436 11640 196 196 4 0 0 0 0 0 0 0 0 0 0 0 0
1437 11628 202 202 4 0 0 0 0 0 0 0 0 0 0 0 0
1438 11631 200 200 5 0 0 0 0 0 0 0 0 0 0 0 0
1439 11629 201 201 5 0 0 0 0 0 0 0 0 0 0 0 0
1440 11625 203 203 5 0 0 0 0 0 0 0 0 0 0 0 0
1441 11629 201 201 5 0 0 0 0 0 0 0 0 0 0 0 0
1442 11636 198 198 4 0 0 0 0 0 0 0 0 0 0 0 0
1443 11638 197 197 4 0 0 0 0 0 0 0 0 0 0 0 0
1444 11638 197 197 4 0 0 0 0 0 0 0 0 0 0 0 0
1445 11638 197 197 4 0 0 0 0 0 0 0 0 0 0 0 0
1446 11638 197 197 4 0 0 0 0 0 0 0 0 0 0 0 0
1447 11640 196 196 4 0 0 0 0 0 0 0 0 0 0 0 0
1448 11638 197 197 4 0 0 0 0 0 0 0 0 0 0 0 0
1449 11637 198 198 3 0 0 0 0 0 0 0 0 0 0 0 0
1450 11633 200 200 3 0 0 0 0 0 0 0 0 0 0 0 0
1451 11633 200 200 3 0 0 0 0 0 0 0 0 0 0 0 0
1452 11634 200 200 2 0 0 0 0 0 0 0 0 0 0 0 0
1453 11636 199 199 2 0 0 0 0 0 0 0 0 0 0 0 0
1454 11644 195 195 2 0 0 0 0 0 0 0 0 0 0 0 0
1455 11652 191 191 2 0 0 0 0 0 0 0 0 0 0 0 0
1456 11652 191 191 2 0 0 0 0 0 0 0 0 0 0 0 0
1457 11656 189 189 2 0 0 0 0 0 0 0 0 0 0 0 0
1458 11660 187 187 2 0 0 0 0 0 0 0 0 0 0 0 0
1459 11664 185 185 2 0 0 0 0 0 0 0 0 0 0 0 0
1460 11666 184 184 2 0 0 0 0 0 0 0 0 0 0 0 0
1461 11664 185 185 2 0 0 0 0 0 0 0 0 0 0 0 0
1462 11660 187 187 2 0 0 0 0 0 0 0 0 0 0 0 0
1463 11660 187 187 2 0 0 0 0 0 0 0 0 0 0 0 0
1464 11660 187 187 2 0 0 0 0 0 0 0 0 0 0 0 0
1465 11660 187 187 2 0 0 0 0 0 0 0 0 0 0 0 0
1466 11660 187 187 2 0 0 0 0 0 0 0 0 0 0 0 0
1467 11658 188 188 2 0 0 0 0 0 0 0 0 0 0 0 0
1468 11657 188 188 3 0 0 0 0 0 0 0 0 0 0 0 0
1469 11657 188 188 3 0 0 0 0 0 0 0 0 0 0 0 0
1470 11657 188 188 3 0 0 0 0 0 0 0 0 0 0 0 0
1471 11656 189 189 2 0 0 0 0 0 0 0 0 0 0 0 0
1472 11652 191 191 2 0 0 0 0 0 0 0 0 0 0 0 0
1473 11654 190 190 2 0 0 0 0 0 0 0 0 0 0 0 0
1474 11654 190 190 2 0 0 0 0 0 0 0 0 0 0 0 0
1475 11658 188 188 2 0 0 0 0 0 0 0 0 0 0 0 0
1476 11658 188 188 2 0 0 0 0 0 0 0 0 0 0 0 0
1477 11661 187 187 1 0 0 0 0 0 0 0 0 0 0 0 0
1478 11663 186 186 1 0 0 0 0 0 0 0 0 0 0 0 0
1479 11661 187 187 1 0 0 0 0 0 0 0 0 0 0 0 0
1480 11663 186 186 1 0 0 0 0 0 0 0 0 0 0 0 0
1481 11671 182 182 1 0 0 0 0 0 0 0 0 0 0 0 0
1482 11667 184 184 1 0 0 0 0 0 0 0 0 0 0 0 0
1483 11669 183 183 1 0 0 0 0 0 0 0 0 0 0 0 0
1484 11665 185 185 1 0 0 0 0 0 0 0 0 0 0 0 0
1485 11665 185 185 1 0 0 0 0 0 0 0 0 0 0 0 0
1486 11659 188 188 1 0 0 0 0 0 0 0 0 0 0 0 0
1487 11657 189 189 1 0 0 0 0 0 0 0 0 0 0 0 0
1488 11657 189 189 1 0 0 0 0 0 0 0 0 0 0 0 0
1489 11657 189 189 1 0 0 0 0 0 0 0 0 0 0 0 0
1490 11653 191 191 1 0 0 0 0 0 0 0 0 0 0 0 0
1491 11651 192 192 1 0 0 0 0 0 0 0 0 0 0 0 0
1492 11653 191 191 1 0 0 0 0 0 0 0 0 0 0 0 0
1493 11653 191 191 1 0 0 0 0 0 0 0 0 0 0 0 0
1494 11653 191 191 1 0 0 0 0 0 0 0 0 0 0 0 0
1495 11647 194 194 1 0 0 0 0 0 0 0 0 0 0 0 0
1496 11649 193 193 1 0 0 0 0 0 0 0 0 0 0 0 0
1497 11653 191 191 1 0 0 0 0 0 0 0 0 0 0 0 0
1498 11653 191 191 1 0 0 0 0 0 0 0 0 0 0 0 0
1499 11655 190 190 1 0 0 0 0 0 0 0 0 0 0 0 0
1500 11655 190 190 1 0 0 0 0 0 0 0 0 0 0 0 0
1501 11655 190 190 1 0 0 0 0 0 0 0 0 0 0 0 0
1502 11654 190 190 2 0 0 0 0 0 0 0 0 0 0 0 0
1503 11654 190 190 2 0 0 0 0 0 0 0 0 0 0 0 0
1504 11654 190 190 2 0 0 0 0 0 0 0 0 0 0 0 0
1505 11650 192 192 2 0 0 0 0 0 0 0 0 0 0 0 0
1506 11658 188 188 2 0 0 0 0 0 0 0 0 0 0 0 0
1507 11658 188 188 2 0 0 0 0 0 0 0 0 0 0 0 0
1508 11657 188 188 3 0 0 0 0 0 0 0 0 0 0 0 0
1509 11656 188 188 4 0 0 0 0 0 0 0 0 0 0 0 0
1510 11656 188 188 4 0 0 0 0 0 0 0 0 0 0 0 0
1511 11655 189 189 3 0 0 0 0 0 0 0 0 0 0 0 0
1512 11653 190 190 3 0 0 0 0 0 0 0 0 0 0 0 0
1513 11655 189 189 3 0 0 0 0 0 0 0 0 0 0 0 0
1514 11657 188 188 3 0 0 0 0 0 0 0 0 0 0 0 0
1515 11659 187 187 3 0 0 0 0 0 0 0 0 0 0 0 0
1516 11657 188 188 3 0 0 0 0 0 0 0 0 0 0 0 0
1517 11659 187 187 3 0 0 0 0 0 0 0 0 0 0 0 0
1518 11659 187 187 3 0 0 0 0 0 0 0 0 0 0 0 0
1519 11657 188 188 3 0 0 0 0 0 0 0 0 0 0 0 0
1520 11655 189 189 3 0 0 0 0 0 0 0 0 0 0 0 0
1521 11653 190 190 3 0 0 0 0 0 0 0 0 0 0 0 0
1522 11651 191 191 3 0 0 0 0 0 0 0 0 0 0 0 0
1523 11647 193 193 3 0 0 0 0 0 0 0 0 0 0 0 0
1524 11647 193 193 3 0 0 0 0 0 0 0 0 0 0 0 0
1525 11645 194 194 3 0 0 0 0 0 0 0 0 0 0 0 0
1526 11645 194 194 3 0 0 0 0 0 0 0 0 0 0 0 0
1527 11647 193 193 3 0 0 0 0 0 0 0 0 0 0 0 0
1528 11641 196 196 3 0 0 0 0 0 0 0 0 0 0 0 0
1529 11637 198 198 3 0 0 0 0 0 0 0 0 0 0 0 0
1530 11633 200 200 3 0 0 0 0 0 0 0 0 0 0 0 0
1531 11636 199 199 2 0 0 0 0 0 0 0 0 0 0 0 0
1532 11632 201 201 2 0 0 0 0 0 0 0 0 0 0 0 0
1533 11636 199 199 2 0 0 0 0 0 0 0 0 0 0 0 0
1534 11630 202 202 2 0 0 0 0 0 0 0 0 0 0 0 0
1535 11632 201 201 2 0 0 0 0 0 0 0 0 0 0 0 0
1536 11630 202 202 2 0 0 0 0 0 0 0 0 0 0 0 0
1537 11628 203 203 2 0 0 0 0 0 0 0 0 0 0 0 0
1538 11620 207 207 2 0 0 0 0 0 0 0 0 0 0 0 0
1539 11624 205 205 2 0 0 0 0 0 0 0 0 0 0 0 0
1540 11627 204 204 1 0 0 0 0 0 0 0 0 0 0 0 0
1541 11625 205 205 1 0 0 0 0 0 0 0 0 0 0 0 0
1542 11625 205 205 1 0 0 0 0 0 0 0 0 0 0 0 0
1543 11623 206 206 1 0 0 0 0 0 0 0 0 0 0 0 0
1544 11623 206 206 1 0 0 0 0 0 0 0 0 0 0 0 0
1545 11623 206 206 1 0 0 0 0 0 0 0 0 0 0 0 0
1546 11623 206 206 1 0 0 0 0 0 0 0 0 0 0 0 0
1547 11626 204 204 2 0 0 0 0 0 0 0 0 0 0 0 0
1548 11627 203 203 3 0 0 0 0 0 0 0 0 0 0 0 0
1549 11631 201 201 3 0 0 0 0 0 0 0 0 0 0 0 0
1550 11629 202 202 3 0 0 0 0 0 0 0 0 0 0 0 0
1551 11633 200 200 3 0 0 0 0 0 0 0 0 0 0 0 0
1552 11635 199 199 3 0 0 0 0 0 0 0 0 0 0 0 0
1553 11631 201 201 3 0 0 0 0 0 0 0 0 0 0 0 0
1554 11629 202 202 3 0 0 0 0 0 0 0 0 0 0 0 0
1555 11627 203 203 3 0 0 0 0 0 0 0 0 0 0 0 0
1556 11629 202 202 3 0 0 0 0 0 0 0 0 0 0 0 0
1557 11631 201 201 3 0 0 0 0 0 0 0 0 0 0 0 0
1558 11629 202 202 3 0 0 0 0 0 0 0 0 0 0 0 0
1559 11629 202 202 3 0 0 0 0 0 0 0 0 0 0 0 0
1560 11627 203 203 3 0 0 0 0 0 0 0 0 0 0 0 0
1561 11632 201 201 2 0 0 0 0 0 0 0 0 0 0 0 0
1562 11633 201 201 1 0 0 0 0 0 0 0 0 0 0 0 0
1563 11631 202 202 1 0 0 0 0 0 0 0 0 0 0 0 0
1564 11629 203 203 1 0 0 0 0 0 0 0 0 0 0 0 0
1565 11631 202 202 1 0 0 0 0 0 0 0 0 0 0 0 0
1566 11628 203 203 2 0 0 0 0 0 0 0 0 0 0 0 0
1567 11626 204 204 2 0 0 0 0 0 0 0 0 0 0 0 0
1568 11626 204 204 2 0 0 0 0 0 0 0 0 0 0 0 0
1569 11626 204 204 2 0 0 0 0 0 0 0 0 0 0 0 0
1570 11626 204 204 2 0 0 0 0 0 0 0 0 0 0 0 0
1571 11622 206 206 2 0 0 0 0 0 0 0 0 0 0 0 0
1572 11622 206 206 2 0 0 0 0 0 0 0 0 0 0 0 0
1573 11624 205 205 2 0 0 0 0 0 0 0 0 0 0 0 0
1574 11622 206 206 2 0 0 0 0 0 0 0 0 0 0 0 0
1575 11622 206 206 2 0 0 0 0 0 0 0 0 0 0 0 0
1576 11622 206 206 2 0 0 0 0 0 0 0 0 0 0 0 0
1577 11618 208 208 2 0 0 0 0 0 0 0 0 0 0 0 0
1578 11616 209 209 2 0 0 0 0 0 0 0 0 0 0 0 0
1579 11618 208 208 2 0 0 0 0 0 0 0 0 0 0 0 0
1580 11618 208 208 2 0 0 0 0 0 0 0 0 0 0 0 0
1581 11616 209 209 2 0 0 0 0 0 0 0 0 0 0 0 0
1582 11620 207 207 2 0 0 0 0 0 0 0 0 0 0 0 0
1583 11622 206 206 2 0 0 0 0 0 0 0 0 0 0 0 0
1584 11619 207 207 3 0 0 0 0 0 0 0 0 0 0 0 0
1585 11617 208 208 3 0 0 0 0 0 0 0 0 0 0 0 0
1586 11617 208 208 3 0 0 0 0 0 0 0 0 0 0 0 0
1587 11615 209 209 3 0 0 0 0 0 0 0 0 0 0 0 0
1588 11615 209 209 3 0 0 0 0 0 0 0 0 0 0 0 0
1589 11611 211 211 3 0 0 0 0 0 0 0 0 0 0 0 0
1590 11605 214 214 3 0 0 0 0 0 0 0 0 0 0 0 0
1591 11605 214 214 3 0 0 0 0 0 0 0 0 0 0 0 0
1592 11603 215 215 3 0 0 0 0 0 0 0 0 0 0 0 0
1593 11599 217 217 3 0 0 0 0 0 0 0 0 0 0 0 0
1594 11601 216 216 3 0 0 0 0 0 0 0 0 0 0 0 0
1595 11597 218 218 3 0 0 0 0 0 0 0 0 0 0 0 0
1596 11597 218 218 3 0 0 0 0 0 0 0 0 0 0 0 0
1597 11601 216 216 3 0 0 0 0 0 0 0 0 0 0 0 0
1598 11601 216 216 3 0 0 0 0 0 0 0 0 0 0 0 0
1599 11603 215 215 3 0 0 0 0 0 0 0 0 0 0 0 0
1600 11601 216 216 3 0 0 0 0 0 0 0 0 0 0 0 0
1601 11601 216 216 3 0 0 0 0 0 0 0 0 0 0 0 0
1602 11601 216 216 3 0 0 0 0 0 0 0 0 0 0 0 0
1603 11599 217 217 3 0 0 0 0 0 0 0 0 0 0 0 0
1604 11603 215 215 3 0 0 0 0 0 0 0 0 0 0 0 0
1605 11601 216 216 3 0 0 0 0 0 0 0 0 0 0 0 0
1606 11595 219 219 3 0 0 0 0 0 0 0 0 0 0 0 0
1607 11593 220 220 3 0 0 0 0 0 0 0 0 0 0 0 0
1608 11593 220 220 3 0 0 0 0 0 0 0 0 0 0 0 0
1609 11593 220 220 3 0 0 0 0 0 0 0 0 0 0 0 0
1610 11591 221 221 3 0 0 0 0 0 0 0 0 0 0 0 0
1611 11589 222 222 3 0 0 0 0 0 0 0 0 0 0 0 0
1612 11591 221 221 3 0 0 0 0 0 0 0 0 0 0 0 0
1613 11583 225 225 3 0 0 0 0 0 0 0 0 0 0 0 0
1614 11581 226 226 3 0 0 0 0 0 0 0 0 0 0 0 0
1615 11581 226 226 3 0 0 0 0 0 0 0 0 0 0 0 0
1616 11579 227 227 3 0 0 0 0 0 0 0 0 0 0 0 0
1617 11581 226 226 3 0 0 0 0 0 0 0 0 0 0 0 0
1618 11585 224 224 3 0 0 0 0 0 0 0 0 0 0 0 0
1619 11585 224 224 3 0 0 0 0 0 0 0 0 0 0 0 0
1620 11584 225 225 2 0 0 0 0 0 0 0 0 0 0 0 0
1621 11584 225 225 2 0 0 0 0 0 0 0 0 0 0 0 0
1622 11590 222 222 2 0 0 0 0 0 0 0 0 0 0 0 0
1623 11590 222 222 2 0 0 0 0 0 0 0 0 0 0 0 0
1624 11588 223 223 2 0 0 0 0 0 0 0 0 0 0 0 0
1625 11588 223 223 2 0 0 0 0 0 0 0 0 0 0 0 0
1626 11588 223 223 2 0 0 0 0 0 0 0 0 0 0 0 0
1627 11588 223 223 2 0 0 0 0 0 0 0 0 0 0 0 0
1628 11586 224 224 2 0 0 0 0 0 0 0 0 0 0 0 0
1629 11585 224 224 3 0 0 0 0 0 0 0 0 0 0 0 0
1630 11585 224 224 3 0 0 0 0 0 0 0 0 0 0 0 0
1631 11585 224 224 3 0 0 0 0 0 0 0 0 0 0 0 0
1632 11583 225 225 3 0 0 0 0 0 0 0 0 0 0 0 0
1633 11585 224 224 3 0 0 0 0 0 0 0 0 0 0 0 0
1634 11587 223 223 3 0 0 0 0 0 0 0 0 0 0 0 0
1635 11587 223 223 3 0 0 0 0 0 0 0 0 0 0 0 0
1636 11591 221 221 3 0 0 0 0 0 0 0 0 0 0 0 0
1637 11591 221 221 3 0 0 0 0 0 0 0 0 0 0 0 0
1638 11593 220 220 3 0 0 0 0 0 0 0 0 0 0 0 0
1639 11591 221 221 3 0 0 0 0 0 0 0 0 0 0 0 0
1640 11593 220 220 3 0 0 0 0 0 0 0 0 0 0 0 0
1641 11599 217 217 3 0 0 0 0 0 0 0 0 0 0 0 0
1642 11601 216 216 3 0 0 0 0 0 0 0 0 0 0 0 0
1643 11603 215 215 3 0 0 0 0 0 0 0 0 0 0 0 0
1644 11601 216 216 3 0 0 0 0 0 0 0 0 0 0 0 0
1645 11607 213 213 3 0 0 0 0 0 0 0 0 0 0 0 0
1646 11611 211 211 3 0 0 0 0 0 0 0 0 0 0 0 0
1647 11613 210 210 3 0 0 0 0 0 0 0 0 0 0 0 0
1648 11615 209 209 3 0 0 0 0 0 0 0 0 0 0 0 0
1649 11617 208 208 3 0 0 0 0 0 0 0 0 0 0 0 0
1650 11619 207 207 3 0 0 0 0 0 0 0 0 0 0 0 0
1651 11613 210 210 3 0 0 0 0 0 0 0 0 0 0 0 0
1652 11608 212 212 4 0 0 0 0 0 0 0 0 0 0 0 0
1653 11604 214 214 4 0 0 0 0 0 0 0 0 0 0 0 0
1654 11600 216 216 4 0 0 0 0 0 0 0 0 0 0 0 0
1655 11598 217 217 4 0 0 0 0 0 0 0 0 0 0 0 0
1656 11596 218 218 4 0 0 0 0 0 0 0 0 0 0 0 0
1657 11598 217 217 4 0 0 0 0 0 0 0 0 0 0 0 0
1658 11598 217 217 4 0 0 0 0 0 0 0 0 0 0 0 0
1659 11594 219 219 4 0 0 0 0 0 0 0 0 0 0 0 0
1660 11592 220 220 4 0 0 0 0 0 0 0 0 0 0 0 0
1661 11592 220 220 4 0 0 0 0 0 0 0 0 0 0 0 0
1662 11590 221 221 4 0 0 0 0 0 0 0 0 0 0 0 0
1663 11588 222 222 4 0 0 0 0 0 0 0 0 0 0 0 0
1664 11588 222 222 4 0 0 0 0 0 0 0 0 0 0 0 0
1665 11589 222 222 3 0 0 0 0 0 0 0 0 0 0 0 0
1666 11589 222 222 3 0 0 0 0 0 0 0 0 0 0 0 0
1667 11585 224 224 3 0 0 0 0 0 0 0 0 0 0 0 0
1668 11587 223 223 3 0 0 0 0 0 0 0 0 0 0 0 0
1669 11587 223 223 3 0 0 0 0 0 0 0 0 0 0 0 0
1670 11592 221 221 2 0 0 0 0 0 0 0 0 0 0 0 0
1671 11592 221 221 2 0 0 0 0 0 0 0 0 0 0 0 0
1672 11594 220 220 2 0 0 0 0 0 0 0 0 0 0 0 0
1673 11592 221 221 2 0 0 0 0 0 0 0 0 0 0 0 0
1674 11592 221 221 2 0 0 0 0 0 0 0 0 0 0 0 0
1675 11593 220 220 3 0 0 0 0 0 0 0 0 0 0 0 0
1676 11597 218 218 3 0 0 0 0 0 0 0 0 0 0 0 0
1677 11593 220 220 3 0 0 0 0 0 0 0 0 0 0 0 0
1678 11595 219 219 3 0 0 0 0 0 0 0 0 0 0 0 0
1679 11589 222 222 3 0 0 0 0 0 0 0 0 0 0 0 0
1680 11589 222 222 3 0 0 0 0 0 0 0 0 0 0 0 0
1681 11598 217 217 4 0 0 0 0 0 0 0 0 0 0 0 0
1682 11598 217 217 4 0 0 0 0 0 0 0 0 0 0 0 0
1683 11598 217 217 4 0 0 0 0 0 0 0 0 0 0 0 0
1684 11594 219 219 4 0 0 0 0 0 0 0 0 0 0 0 0
1685 11592 220 220 4 0 0 0 0 0 0 0 0 0 0 0 0
1686 11592 220 220 4 0 0 0 0 0 0 0 0 0 0 0 0
1687 11594 219 219 4 0 0 0 0 0 0 0 0 0 0 0 0
1688 11596 218 218 4 0 0 0 0 0 0 0 0 0 0 0 0
1689 11600 216 216 4 0 0 0 0 0 0 0 0 0 0 0 0
1690 11602 215 215 4 0 0 0 0 0 0 0 0 0 0 0 0
1691 11604 214 214 4 0 0 0 0 0 0 0 0 0 0 0 0
1692 11604 214 214 4 0 0 0 0 0 0 0 0 0 0 0 0
1693 11603 214 214 5 0 0 0 0 0 0 0 0 0 0 0 0
1694 11609 211 211 5 0 0 0 0 0 0 0 0 0 0 0 0
1695 11611 210 210 5 0 0 0 0 0 0 0 0 0 0 0 0
1696 11613 209 209 5 0 0 0 0 0 0 0 0 0 0 0 0
1697 11611 210 210 5 0 0 0 0 0 0 0 0 0 0 0 0
1698 11611 210 210 5 0 0 0 0 0 0 0 0 0 0 0 0
1699 11611 210 210 5 0 0 0 0 0 0 0 0 0 0 0 0
1700 11609 211 211 5 0 0 0 0 0 0 0 0 0 0 0 0
1701 11613 209 209 5 0 0 0 0 0 0 0 0 0 0 0 0
1702 11617 207 207 5 0 0 0 0 0 0 0 0 0 0 0 0
1703 11619 206 206 5 0 0 0 0 0 0 0 0 0 0 0 0
1704 11623 204 204 5 0 0 0 0 0 0 0 0 0 0 0 0
1705 11623 204 204 5 0 0 0 0 0 0 0 0 0 0 0 0
1706 11623 204 204 5 0 0 0 0 0 0 0 0 0 0 0 0
1707 11619 206 206 5 0 0 0 0 0 0 0 0 0 0 0 0
1708 11619 206 206 5 0 0 0 0 0 0 0 0 0 0 0 0
1709 11623 204 204 5 0 0 0 0 0 0 0 0 0 0 0 0
1710 11623 204 204 5 0 0 0 0 0 0 0 0 0 0 0 0
1711 11623 204 204 5 0 0 0 0 0 0 0 0 0 0 0 0
1712 11625 203 203 5 0 0 0 0 0 0 0 0 0 0 0 0
1713 11627 202 202 5 0 0 0 0 0 0 0 0 0 0 0 0
1714 11627 202 202 5 0 0 0 0 0 0 0 0 0 0 0 0
1715 11627 202 202 5 0 0 0 0 0 0 0 0 0 0 0 0
1716 11627 202 202 5 0 0 0 0 0 0 0 0 0 0 0 0
1717 11627 202 202 5 0 0 0 0 0 0 0 0 0 0 0 0
1718 11625 203 203 5 0 0 0 0 0 0 0 0 0 0 0 0
1719 11627 202 202 5 0 0 0 0 0 0 0 0 0 0 0 0
1720 11627 202 202 5 0 0 0 0 0 0 0 0 0 0 0 0
1721 11629 201 201 5 0 0 0 0 0 0 0 0 0 0 0 0
1722 11631 200 200 5 0 0 0 0 0 0 0 0 0 0 0 0
1723 11632 200 200 4 0 0 0 0 0 0 0 0 0 0 0 0
1724 11632 200 200 4 0 0 0 0 0 0 0 0 0 0 0 0
1725 11631 201 201 3 0 0 0 0 0 0 0 0 0 0 0 0
1726 11635 199 199 3 0 0 0 0 0 0 0 0 0 0 0 0
1727 11631 201 201 3 0 0 0 0 0 0 0 0 0 0 0 0
1728 11631 201 201 3 0 0 0 0 0 0 0 0 0 0 0 0
1729 11635 199 199 3 0 0 0 0 0 0 0 0 0 0 0 0
1730 11633 200 200 3 0 0 0 0 0 0 0 0 0 0 0 0
1731 11631 201 201 3 0 0 0 0 0 0 0 0 0 0 0 0
1732 11627 203 203 3 0 0 0 0 0 0 0 0 0 0 0 0
1733 11629 202 202 3 0 0 0 0 0 0 0 0 0 0 0 0
1734 11629 202 202 3 0 0 0 0 0 0 0 0 0 0 0 0
1735 11627 203 203 3 0 0 0 0 0 0 0 0 0 0 0 0
1736 11627 203 203 3 0 0 0 0 0 0 0 0 0 0 0 0
1737 11631 201 201 3 0 0 0 0 0 0 0 0 0 0 0 0
1738 11629 202 202 3 0 0 0 0 0 0 0 0 0 0 0 0
1739 11629 202 202 3 0 0 0 0 0 0 0 0 0 0 0 0
1740 11629 202 202 3 0 0 0 0 0 0 0 0 0 0 0 0
1741 11629 202 202 3 0 0 0 0 0 0 0 0 0 0 0 0
1742 11629 202 202 3 0 0 0 0 0 0 0 0 0 0 0 0
1743 11631 201 201 3 0 0 0 0 0 0 0 0 0 0 0 0
1744 11631 201 201 3 0 0 0 0 0 0 0 0 0 0 0 0
1745 11629 202 202 3 0 0 0 0 0 0 0 0 0 0 0 0
1746 11629 202 202 3 0 0 0 0 0 0 0 0 0 0 0 0
1747 11629 202 202 3 0 0 0 0 0 0 0 0 0 0 0 0
1748 11633 200 200 3 0 0 0 0 0 0 0 0 0 0 0 0
1749 11635 199 199 3 0 0 0 0 0 0 0 0 0 0 0 0
1750 11642 196 196 2 0 0 0 0 0 0 0 0 0 0 0 0
1751 11644 195 195 2 0 0 0 0 0 0 0 0 0 0 0 0
1752 11650 192 192 2 0 0 0 0 0 0 0 0 0 0 0 0
1753 11652 191 191 2 0 0 0 0 0 0 0 0 0 0 0 0
1754 11650 192 192 2 0 0 0 0 0 0 0 0 0 0 0 0
1755 11648 193 193 2 0 0 0 0 0 0 0 0 0 0 0 0
1756 11650 192 192 2 0 0 0 0 0 0 0 0 0 0 0 0
1757 11654 190 190 2 0 0 0 0 0 0 0 0 0 0 0 0
1758 11654 190 190 2 0 0 0 0 0 0 0 0 0 0 0 0
1759 11656 189 189 2 0 0 0 0 0 0 0 0 0 0 0 0
1760 11660 187 187 2 0 0 0 0 0 0 0 0 0 0 0 0
1761 11660 187 187 2 0 0 0 0 0 0 0 0 0 0 0 0
1762 11660 187 187 2 0 0 0 0 0 0 0 0 0 0 0 0
1763 11660 187 187 2 0 0 0 0 0 0 0 0 0 0 0 0
1764 11658 188 188 2 0 0 0 0 0 0 0 0 0 0 0 0
1765 11656 189 189 2 0 0 0 0 0 0 0 0 0 0 0 0
1766 11658 188 188 2 0 0 0 0 0 0 0 0 0 0 0 0
1767 11658 188 188 2 0 0 0 0 0 0 0 0 0 0 0 0
1768 11658 188 188 2 0 0 0 0 0 0 0 0 0 0 0 0
1769 11656 189 189 2 0 0 0 0 0 0 0 0 0 0 0 0
1770 11656 189 189 2 0 0 0 0 0 0 0 0 0 0 0 0
1771 11660 187 187 2 0 0 0 0 0 0 0 0 0 0 0 0
1772 11664 185 185 2 0 0 0 0 0 0 0 0 0 0 0 0
1773 11662 186 186 2 0 0 0 0 0 0 0 0 0 0 0 0
1774 11660 187 187 2 0 0 0 0 0 0 0 0 0 0 0 0
1775 11661 187 187 1 0 0 0 0 0 0 0 0 0 0 0 0
1776 11663 186 186 1 0 0 0 0 0 0 0 0 0 0 0 0
1777 11663 186 186 1 0 0 0 0 0 0 0 0 0 0 0 0
1778 11665 185 185 1 0 0 0 0 0 0 0 0 0 0 0 0
1779 11667 184 184 1 0 0 0 0 0 0 0 0 0 0 0 0
1780 11661 187 187 1 0 0 0 0 0 0 0 0 0 0 0 0
1781 11663 186 186 1 0 0 0 0 0 0 0 0 0 0 0 0
1782 11663 186 186 1 0 0 0 0 0 0 0 0 0 0 0 0
1783 11663 186 186 1 0 0 0 0 0 0 0 0 0 0 0 0
1784 11667 184 184 1 0 0 0 0 0 0 0 0 0 0 0 0
1785 11669 183 183 1 0 0 0 0 0 0 0 0 0 0 0 0
1786 11673 181 181 1 0 0 0 0 0 0 0 0 0 0 0 0
1787 11673 181 181 1 0 0 0 0 0 0 0 0 0 0 0 0
1788 11675 180 180 1 0 0 0 0 0 0 0 0 0 0 0 0
1789 11673 181 181 1 0 0 0 0 0 0 0 0 0 0 0 0
1790 11673 181 181 1 0 0 0 0 0 0 0 0 0 0 0 0
1791 11675 180 180 1 0 0 0 0 0 0 0 0 0 0 0 0
1792 11675 180 180 1 0 0 0 0 0 0 0 0 0 0 0 0
1793 11675 180 180 1 0 0 0 0 0 0 0 0 0 0 0 0
1794 11673 181 181 1 0 0 0 0 0 0 0 0 0 0 0 0
1795 11675 180 180 1 0 0 0 0 0 0 0 0 0 0 0 0
1796 11667 184 184 1 0 0 0 0 0 0 0 0 0 0 0 0
1797 11667 184 184 1 0 0 0 0 0 0 0 0 0 0 0 0
1798 11667 184 184 1 0 0 0 0 0 0 0 0 0 0 0 0
1799 11665 185 185 1 0 0 0 0 0 0 0 0 0 0 0 0
1800 11663 186 186 1 0 0 0 0 0 0 0 0 0 0 0 0
1801 11669 183 183 1 0 0 0 0 0 0 0 0 0 0 0 0
1802 11667 184 184 1 0 0 0 0 0 0 0 0 0 0 0 0
1803 11663 186 186 1 0 0 0 0 0 0 0 0 0 0 0 0
1804 11663 186 186 1 0 0 0 0 0 0 0 0 0 0 0 0
1805 11661 187 187 1 0 0 0 0 0 0 0 0 0 0 0 0
1806 11661 187 187 1 0 0 0 0 0 0 0 0 0 0 0 0
1807 11665 185 185 1 0 0 0 0 0 0 0 0 0 0 0 0
1808 11663 186 186 1 0 0 0 0 0 0 0 0 0 0 0 0
1809 11657 189 189 1 0 0 0 0 0 0 0 0 0 0 0 0
1810 11657 189 189 1 0 0 0 0 0 0 0 0 0 0 0 0
1811 11657 189 189 1 0 0 0 0 0 0 0 0 0 0 0 0
1812 11659 188 188 1 0 0 0 0 0 0 0 0 0 0 0 0
1813 11659 188 188 1 0 0 0 0 0 0 0 0 0 0 0 0
1814 11655 190 190 1 0 0 0 0 0 0 0 0 0 0 0 0
1815 11659 188 188 1 0 0 0 0 0 0 0 0 0 0 0 0
1816 11655 190 190 1 0 0 0 0 0 0 0 0 0 0 0 0
1817 11659 188 188 1 0 0 0 0 0 0 0 0 0 0 0 0
1818 11659 188 188 1 0 0 0 0 0 0 0 0 0 0 0 0
1819 11661 187 187 1 0 0 0 0 0 0 0 0 0 0 0 0
1820 11663 186 186 1 0 0 0 0 0 0 0 0 0 0 0 0
1821 11661 187 187 1 0 0 0 0 0 0 0 0 0 0 0 0
1822 11655 190 190 1 0 0 0 0 0 0 0 0 0 0 0 0
1823 11655 190 190 1 0 0 0 0 0 0 0 0 0 0 0 0
1824 11655 190 190 1 0 0 0 0 0 0 0 0 0 0 0 0
1825 11655 190 190 1 0 0 0 0 0 0 0 0 0 0 0 0
1826 11653 191 191 1 0 0 0 0 0 0 0 0 0 0 0 0
1827 11655 190 190 1 0 0 0 0 0 0 0 0 0 0 0 0
1828 11657 189 189 1 0 0 0 0 0 0 0 0 0 0 0 0
1829 11657 189 189 1 0 0 0 0 0 0 0 0 0 0 0 0
1830 11655 190 190 1 0 0 0 0 0 0 0 0 0 0 0 0
1831 11653 191 191 1 0 0 0 0 0 0 0 0 0 0 0 0
1832 11655 190 190 1 0 0 0 0 0 0 0 0 0 0 0 0
1833 11657 189 189 1 0 0 0 0 0 0 0 0 0 0 0 0
1834 11659 188 188 1 0 0 0 0 0 0 0 0 0 0 0 0
1835 11658 188 188 2 0 0 0 0 0 0 0 0 0 0 0 0
1836 11660 187 187 2 0 0 0 0 0 0 0 0 0 0 0 0
1837 11662 186 186 2 0 0 0 0 0 0 0 0 0 0 0 0
1838 11661 187 187 1 0 0 0 0 0 0 0 0 0 0 0 0
1839 11661 187 187 1 0 0 0 0 0 0 0 0 0 0 0 0
1840 11662 186 186 2 0 0 0 0 0 0 0 0 0 0 0 0
1841 11662 186 186 2 0 0 0 0 0 0 0 0 0 0 0 0
1842 11666 184 184 2 0 0 0 0 0 0 0 0 0 0 0 0
1843 11668 183 183 2 0 0 0 0 0 0 0 0 0 0 0 0
1844 11668 183 183 2 0 0 0 0 0 0 0 0 0 0 0 0
1845 11664 185 185 2 0 0 0 0 0 0 0 0 0 0 0 0
1846 11664 185 185 2 0 0 0 0 0 0 0 0 0 0 0 0
1847 11660 187 187 2 0 0 0 0 0 0 0 0 0 0 0 0
1848 11664 185 185 2 0 0 0 0 0 0 0 0 0 0 0 0
1849 11666 184 184 2 0 0 0 0 0 0 0 0 0 0 0 0
1850 11667 184 184 1 0 0 0 0 0 0 0 0 0 0 0 0
1851 11667 184 184 1 0 0 0 0 0 0 0 0 0 0 0 0
1852 11669 183 183 1 0 0 0 0 0 0 0 0 0 0 0 0
1853 11667 184 184 1 0 0 0 0 0 0 0 0 0 0 0 0
1854 11669 183 183 1 0 0 0 0 0 0 0 0 0 0 0 0
1855 11671 182 182 1 0 0 0 0 0 0 0 0 0 0 0 0
1856 11671 182 182 1 0 0 0 0 0 0 0 0 0 0 0 0
1857 11669 183 183 1 0 0 0 0 0 0 0 0 0 0 0 0
1858 11669 183 183 1 0 0 0 0 0 0 0 0 0 0 0 0
1859 11671 182 182 1 0 0 0 0 0 0 0 0 0 0 0 0
1860 11673 181 181 1 0 0 0 0 0 0 0 0 0 0 0 0
1861 11669 183 183 1 0 0 0 0 0 0 0 0 0 0 0 0
1862 11667 184 184 1 0 0 0 0 0 0 0 0 0 0 0 0
1863 11667 184 184 1 0 0 0 0 0 0 0 0 0 0 0 0
1864 11667 184 184 1 0 0 0 0 0 0 0 0 0 0 0 0
1865 11665 185 185 1 0 0 0 0 0 0 0 0 0 0 0 0
1866 11665 185 185 1 0 0 0 0 0 0 0 0 0 0 0 0
1867 11663 186 186 1 0 0 0 0 0 0 0 0 0 0 0 0
1868 11669 183 183 1 0 0 0 0 0 0 0 0 0 0 0 0
1869 11667 184 184 1 0 0 0 0 0 0 0 0 0 0 0 0
1870 11663 186 186 1 0 0 0 0 0 0 0 0 0 0 0 0
1871 11663 186 186 1 0 0 0 0 0 0 0 0 0 0 0 0
1872 11661 187 187 1 0 0 0 0 0 0 0 0 0 0 0 0
1873 11663 186 186 1 0 0 0 0 0 0 0 0 0 0 0 0
1874 11661 187 187 1 0 0 0 0 0 0 0 0 0 0 0 0
1875 11659 188 188 1 0 0 0 0 0 0 0 0 0 0 0 0
1876 11663 186 186 1 0 0 0 0 0 0 0 0 0 0 0 0
1877 11663 186 186 1 0 0 0 0 0 0 0 0 0 0 0 0
1878 11663 186 186 1 0 0 0 0 0 0 0 0 0 0 0 0
1879 11665 185 185 1 0 0 0 0 0 0 0 0 0 0 0 0
1880 11661 187 187 1 0 0 0 0 0 0 0 0 0 0 0 0
1881 11661 187 187 1 0 0 0 0 0 0 0 0 0 0 0 0
1882 11661 187 187 1 0 0 0 0 0 0 0 0 0 0 0 0
1883 11661 187 187 1 0 0 0 0 0 0 0 0 0 0 0 0
1884 11661 187 187 1 0 0 0 0 0 0 0 0 0 0 0 0
1885 11655 190 190 1 0 0 0 0 0 0 0 0 0 0 0 0
1886 11654 191 191 0 0 0 0 0 0 0 0 0 0 0 0 0
1887 11652 192 192 0 0 0 0 0 0 0 0 0 0 0 0 0
1888 11650 193 193 0 0 0 0 0 0 0 0 0 0 0 0 0
1889 11644 196 196 0 0 0 0 0 0 0 0 0 0 0 0 0
1890 11642 197 197 0 0 0 0 0 0 0 0 0 0 0 0 0
1891 11642 197 197 0 0 0 0 0 0 0 0 0 0 0 0 0
1892 11642 197 197 0 0 0 0 0 0 0 0 0 0 0 0 0
1893 11638 199 199 0 0 0 0 0 0 0 0 0 0 0 0 0
1894 11640 198 198 0 0 0 0 0 0 0 0 0 0 0 0 0
1895 11642 197 197 0 0 0 0 0 0 0 0 0 0 0 0 0
1896 11642 197 197 0 0 0 0 0 0 0 0 0 0 0 0 0
1897 11638 199 199 0 0 0 0 0 0 0 0 0 0 0 0 0
1898 11636 200 200 0 0 0 0 0 0 0 0 0 0 0 0 0
1899 11640 198 198 0 0 0 0 0 0 0 0 0 0 0 0 0
1900 11638 199 199 0 0 0 0 0 0 0 0 0 0 0 0 0
1901 11642 197 197 0 0 0 0 0 0 0 0 0 0 0 0 0
1902 11640 198 198 0 0 0 0 0 0 0 0 0 0 0 0 0
1903 11636 200 200 0 0 0 0 0 0 0 0 0 0 0 0 0
1904 11640 198 198 0 0 0 0 0 0 0 0 0 0 0 0 0
1905 11638 199 199 0 0 0 0 0 0 0 0 0 0 0 0 0
1906 11640 198 198 0 0 0 0 0 0 0 0 0 0 0 0 0
1907 11640 198 198 0 0 0 0 0 0 0 0 0 0 0 0 0
1908 11644 196 196 0 0 0 0 0 0 0 0 0 0 0 0 0
1909 11638 199 199 0 0 0 0 0 0 0 0 0 0 0 0 0
1910 11637 199 199 1 0 0 0 0 0 0 0 0 0 0 0 0
1911 11629 203 203 1 0 0 0 0 0 0 0 0 0 0 0 0
1912 11629 203 203 1 0 0 0 0 0 0 0 0 0 0 0 0
1913 11627 204 204 1 0 0 0 0 0 0 0 0 0 0 0 0
1914 11625 205 205 1 0 0 0 0 0 0 0 0 0 0 0 0
1915 11623 206 206 1 0 0 0 0 0 0 0 0 0 0 0 0
1916 11621 207 207 1 0 0 0 0 0 0 0 0 0 0 0 0
1917 11619 208 208 1 0 0 0 0 0 0 0 0 0 0 0 0
1918 11613 211 211 1 0 0 0 0 0 0 0 0 0 0 0 0
1919 11607 214 214 1 0 0 0 0 0 0 0 0 0 0 0 0
1920 11605 215 215 1 0 0 0 0 0 0 0 0 0 0 0 0
1921 11603 216 216 1 0 0 0 0 0 0 0 0 0 0 0 0
1922 11605 215 215 1 0 0 0 0 0 0 0 0 0 0 0 0
1923 11607 214 214 1 0 0 0 0 0 0 0 0 0 0 0 0
1924 11603 216 216 1 0 0 0 0 0 0 0 0 0 0 0 0
1925 11605 215 215 1 0 0 0 0 0 0 0 0 0 0 0 0
1926 11605 215 215 1 0 0 0 0 0 0 0 0 0 0 0 0
1927 11607 214 214 1 0 0 0 0 0 0 0 0 0 0 0 0
1928 11604 215 215 2 0 0 0 0 0 0 0 0 0 0 0 0
1929 11604 215 215 2 0 0 0 0 0 0 0 0 0 0 0 0
1930 11600 217 217 2 0 0 0 0 0 0 0 0 0 0 0 0
1931 11602 216 216 2 0 0 0 0 0 0 0 0 0 0 0 0
1932 11608 213 213 2 0 0 0 0 0 0 0 0 0 0 0 0
1933 11612 211 211 2 0 0 0 0 0 0 0 0 0 0 0 0
1934 11612 211 211 2 0 0 0 0 0 0 0 0 0 0 0 0
1935 11610 212 212 2 0 0 0 0 0 0 0 0 0 0 0 0
1936 11608 213 213 2 0 0 0 0 0 0 0 0 0 0 0 0
1937 11604 215 215 2 0 0 0 0 0 0 0 0 0 0 0 0
1938 11606 214 214 2 0 0 0 0 0 0 0 0 0 0 0 0
1939 11610 212 212 2 0 0 0 0 0 0 0 0 0 0 0 0
1940 11606 214 214 2 0 0 0 0 0 0 0 0 0 0 0 0
1941 11610 212 212 2 0 0 0 0 0 0 0 0 0 0 0 0
1942 11614 210 210 2 0 0 0 0 0 0 0 0 0 0 0 0
1943 11614 210 210 2 0 0 0 0 0 0 0 0 0 0 0 0
1944 11612 211 211 2 0 0 0 0 0 0 0 0 0 0 0 0
1945 11608 213 213 2 0 0 0 0 0 0 0 0 0 0 0 0
1946 11606 214 214 2 0 0 0 0 0 0 0 0 0 0 0 0
1947 11607 213 213 3 0 0 0 0 0 0 0 0 0 0 0 0
1948 11605 214 214 3 0 0 0 0 0 0 0 0 0 0 0 0
1949 11607 213 213 3 0 0 0 0 0 0 0 0 0 0 0 0
1950 11609 212 212 3 0 0 0 0 0 0 0 0 0 0 0 0
1951 11605 214 214 3 0 0 0 0 0 0 0 0 0 0 0 0
1952 11605 214 214 3 0 0 0 0 0 0 0 0 0 0 0 0
1953 11607 213 213 3 0 0 0 0 0 0 0 0 0 0 0 0
1954 11609 212 212 3 0 0 0 0 0 0 0 0 0 0 0 0
1955 11607 213 213 3 0 0 0 0 0 0 0 0 0 0 0 0
1956 11607 213 213 3 0 0 0 0 0 0 0 0 0 0 0 0
1957 11609 212 212 3 0 0 0 0 0 0 0 0 0 0 0 0
1958 11609 212 212 3 0 0 0 0 0 0 0 0 0 0 0 0
1959 11607 213 213 3 0 0 0 0 0 0 0 0 0 0 0 0
1960 11611 211 211 3 0 0 0 0 0 0 0 0 0 0 0 0
1961 11609 212 212 3 0 0 0 0 0 0 0 0 0 0 0 0
1962 11607 213 213 3 0 0 0 0 0 0 0 0 0 0 0 0
1963 11605 214 214 3 0 0 0 0 0 0 0 0 0 0 0 0
1964 11605 214 214 3 0 0 0 0 0 0 0 0 0 0 0 0
1965 11603 215 215 3 0 0 0 0 0 0 0 0 0 0 0 0
1966 11599 217 217 3 0 0 0 0 0 0 0 0 0 0 0 0
1967 11605 214 214 3 0 0 0 0 0 0 0 0 0 0 0 0
1968 11611 211 211 3 0 0 0 0 0 0 0 0 0 0 0 0
1969 11611 211 211 3 0 0 0 0 0 0 0 0 0 0 0 0
1970 11611 211 211 3 0 0 0 0 0 0 0 0 0 0 0 0
1971 11611 211 211 3 0 0 0 0 0 0 0 0 0 0 0 0
1972 11613 210 210 3 0 0 0 0 0 0 0 0 0 0 0 0
1973 11613 210 210 3 0 0 0 0 0 0 0 0 0 0 0 0
1974 11617 208 208 3 0 0 0 0 0 0 0 0 0 0 0 0
1975 11619 207 207 3 0 0 0 0 0 0 0 0 0 0 0 0
1976 11621 206 206 3 0 0 0 0 0 0 0 0 0 0 0 0
1977 11621 206 206 3 0 0 0 0 0 0 0 0 0 0 0 0
1978 11621 206 206 3 0 0 0 0 0 0 0 0 0 0 0 0
1979 11623 205 205 3 0 0 0 0 0 0 0 0 0 0 0 0
1980 11625 204 204 3 0 0 0 0 0 0 0 0 0 0 0 0
1981 11621 206 206 3 0 0 0 0 0 0 0 0 0 0 0 0
1982 11621 206 206 3 0 0 0 0 0 0 0 0 0 0 0 0
1983 11621 206 206 3 0 0 0 0 0 0 0 0 0 0 0 0
1984 11621 206 206 3 0 0 0 0 0 0 0 0 0 0 0 0
1985 11625 204 204 3 0 0 0 0 0 0 0 0 0 0 0 0
1986 11625 204 204 3 0 0 0 0 0 0 0 0 0 0 0 0
1987 11619 207 207 3 0 0 0 0 0 0 0 0 0 0 0 0
1988 11619 207 207 3 0 0 0 0 0 0 0 0 0 0 0 0
1989 11619 207 207 3 0 0 0 0 0 0 0 0 0 0 0 0
1990 11626 203 203 4 0 0 0 0 0 0 0 0 0 0 0 0
1991 11628 202 202 4 0 0 0 0 0 0 0 0 0 0 0 0
1992 11629 202 202 3 0 0 0 0 0 0 0 0 0 0 0 0
1993 11631 201 201 3 0 0 0 0 0 0 0 0 0 0 0 0
1994 11631 201 201 3 0 0 0 0 0 0 0 0 0 0 0 0
1995 11629 202 202 3 0 0 0 0 0 0 0 0 0 0 0 0
1996 11627 203 203 3 0 0 0 0 0 0 0 0 0 0 0 0
1997 11623 205 205 3 0 0 0 0 0 0 0 0 0 0 0 0
1998 11627 203 203 3 0 0 0 0 0 0 0 0 0 0 0 0
1999 11627 203 203 3 0 0 0 0 0 0 0 0 0 0 0 0
