0 4425 6150
1 4387 6188
2 4378 6197
3 4369 6206
4 4385 6190
5 4382 6193
6 4412 6163
7 4420 6155
8 4431 6144
9 4400 6175
10 4426 6149
11 4421 6154
12 4401 6174
13 4400 6175
14 4391 6184
15 4384 6191
16 4374 6201
17 4363 6212
18 4342 6233
19 4329 6246
20 4294 6281
21 4267 6308
22 4280 6295
23 4275 6300
24 4267 6308
25 4242 6333
26 4269 6306
27 4257 6318
28 4240 6335
29 4249 6326
30 4236 6339
31 4249 6326
32 4254 6321
33 4237 6338
34 4228 6347
35 4208 6367
36 4216 6359
37 4251 6324
38 4253 6322
39 4268 6307
40 4277 6298
41 4267 6308
42 4247 6328
43 4258 6317
44 4248 6327
45 4262 6313
46 4266 6309
47 4283 6292
48 4264 6311
49 4282 6293
50 4279 6296
51 4253 6322
52 4264 6311
53 4257 6318
54 4263 6312
55 4252 6323
56 4206 6369
57 4215 6360
58 4175 6400
59 4171 6404
60 4171 6404
61 4178 6397
62 4183 6392
63 4187 6388
64 4167 6408
65 4180 6395
66 4195 6380
67 4185 6390
68 4182 6393
69 4190 6385
70 4212 6363
71 4202 6373
72 4217 6358
73 4206 6369
74 4213 6362
75 4219 6356
76 4210 6365
77 4192 6383
78 4183 6392
79 4173 6402
80 4190 6385
81 4188 6387
82 4203 6372
83 4244 6331
84 4217 6358
85 4218 6357
86 4212 6363
87 4227 6348
88 4233 6342
89 4248 6327
90 4252 6323
91 4269 6306
92 4245 6330
93 4259 6316
94 4245 6330
95 4233 6342
96 4246 6329
97 4250 6325
98 4276 6299
99 4263 6312
100 4267 6308
101 4241 6334
102 4242 6333
103 4221 6354
104 4223 6352
105 4219 6356
106 4239 6336
107 4238 6337
108 4217 6358
109 4226 6349
110 4268 6307
111 4244 6331
112 4246 6329
113 4258 6317
114 4257 6318
115 4277 6298
116 4281 6294
117 4270 6305
118 4279 6296
119 4302 6273
120 4316 6259
121 4300 6275
122 4276 6299
123 4263 6312
124 4270 6305
125 4245 6330
126 4265 6310
127 4271 6304
128 4236 6339
129 4270 6305
130 4276 6299
131 4300 6275
132 4300 6275
133 4321 6254
134 4300 6275
135 4303 6272
136 4307 6268
137 4303 6272
138 4313 6262
139 4308 6267
140 4304 6271
141 4305 6270
142 4303 6272
143 4265 6310
144 4265 6310
145 4257 6318
146 4262 6313
147 4261 6314
148 4263 6312
149 4291 6284
150 4290 6285
151 4281 6294
152 4319 6256
153 4315 6260
154 4326 6249
155 4328 6247
156 4331 6244
157 4343 6232
158 4330 6245
159 4336 6239
160 4315 6260
161 4302 6273
162 4314 6261
163 4324 6251
164 4322 6253
165 4366 6209
166 4378 6197
167 4372 6203
168 4385 6190
169 4408 6167
170 4421 6154
171 4446 6129
172 4431 6144
173 4402 6173
174 4397 6178
175 4399 6176
176 4409 6166
177 4377 6198
178 4392 6183
179 4399 6176
180 4399 6176
181 4407 6168
182 4401 6174
183 4416 6159
184 4410 6165
185 4421 6154
186 4403 6172
187 4425 6150
188 4445 6130
189 4440 6135
190 4431 6144
191 4458 6117
192 4450 6125
193 4475 6100
194 4456 6119
195 4475 6100
196 4487 6088
197 4484 6091
198 4513 6062
199 4499 6076
200 4493 6082
201 4497 6078
202 4504 6071
203 4474 6101
204 4477 6098
205 4464 6111
206 4456 6119
207 4476 6099
208 4494 6081
209 4487 6088
210 4504 6071
211 4522 6053
212 4517 6058
213 4484 6091
214 4482 6093
215 4446 6129
216 4444 6131
217 4481 6094
218 4451 6124
219 4449 6126
220 4448 6127
221 4447 6128
222 4487 6088
223 4464 6111
224 4466 6109
225 4452 6123
226 4450 6125
227 4470 6105
228 4466 6109
229 4500 6075
230 4508 6067
231 4499 6076
232 4502 6073
233 4491 6084
234 4496 6079
235 4494 6081
236 4487 6088
237 4477 6098
238 4443 6132
239 4461 6114
240 4442 6133
241 4410 6165
242 4422 6153
243 4444 6131
244 4438 6137
245 4410 6165
246 4403 6172
247 4395 6180
248 4425 6150
249 4417 6158
250 4389 6186
251 4395 6180
252 4393 6182
253 4403 6172
254 4405 6170
255 4409 6166
256 4412 6163
257 4403 6172
258 4424 6151
259 4401 6174
260 4401 6174
261 4386 6189
262 4385 6190
263 4370 6205
264 4387 6188
265 4389 6186
266 4405 6170
267 4391 6184
268 4401 6174
269 4410 6165
270 4424 6151
271 4420 6155
272 4429 6146
273 4421 6154
274 4440 6135
275 4412 6163
276 4435 6140
277 4440 6135
278 4465 6110
279 4469 6106
280 4490 6085
281 4456 6119
282 4453 6122
283 4445 6130
284 4461 6114
285 4431 6144
286 4429 6146
287 4426 6149
288 4408 6167
289 4427 6148
290 4418 6157
291 4450 6125
292 4435 6140
293 4436 6139
294 4418 6157
295 4425 6150
296 4426 6149
297 4432 6143
298 4419 6156
299 4434 6141
300 4426 6149
301 4430 6145
302 4426 6149
303 4436 6139
304 4436 6139
305 4421 6154
306 4416 6159
307 4426 6149
308 4415 6160
309 4413 6162
310 4404 6171
311 4408 6167
312 4401 6174
313 4403 6172
314 4408 6167
315 4391 6184
316 4364 6211
317 4356 6219
318 4368 6207
319 4380 6195
320 4364 6211
321 4390 6185
322 4390 6185
323 4413 6162
324 4396 6179
325 4373 6202
326 4396 6179
327 4395 6180
328 4398 6177
329 4414 6161
330 4430 6145
331 4452 6123
332 4430 6145
333 4439 6136
334 4446 6129
335 4461 6114
336 4452 6123
337 4451 6124
338 4476 6099
339 4460 6115
340 4436 6139
341 4454 6121
342 4457 6118
343 4460 6115
344 4421 6154
345 4434 6141
346 4435 6140
347 4436 6139
348 4430 6145
349 4411 6164
350 4411 6164
351 4432 6143
352 4445 6130
353 4468 6107
354 4462 6113
355 4497 6078
356 4511 6064
357 4505 6070
358 4520 6055
359 4498 6077
360 4508 6067
361 4495 6080
362 4516 6059
363 4527 6048
364 4548 6027
365 4558 6017
366 4571 6004
367 4553 6022
368 4540 6035
369 4550 6025
370 4535 6040
371 4539 6036
372 4550 6025
373 4575 6000
374 4565 6010
375 4581 5994
376 4553 6022
377 4580 5995
378 4591 5984
379 4627 5948
380 4629 5946
381 4670 5905
382 4663 5912
383 4635 5940
384 4652 5923
385 4638 5937
386 4660 5915
387 4680 5895
388 4669 5906
389 4669 5906
390 4653 5922
391 4625 5950
392 4633 5942
393 4663 5912
394 4678 5897
395 4628 5947
396 4612 5963
397 4591 5984
398 4617 5958
399 4598 5977
400 4615 5960
401 4609 5966
402 4586 5989
403 4582 5993
404 4574 6001
405 4584 5991
406 4600 5975
407 4593 5982
408 4612 5963
409 4619 5956
410 4621 5954
411 4667 5908
412 4645 5930
413 4623 5952
414 4615 5960
415 4609 5966
416 4599 5976
417 4598 5977
418 4605 5970
419 4607 5968
420 4604 5971
421 4612 5963
422 4594 5981
423 4583 5992
424 4592 5983
425 4575 6000
426 4572 6003
427 4575 6000
428 4567 6008
429 4579 5996
430 4555 6020
431 4544 6031
432 4546 6029
433 4571 6004
434 4579 5996
435 4598 5977
436 4609 5966
437 4615 5960
438 4620 5955
439 4589 5986
440 4603 5972
441 4599 5976
442 4611 5964
443 4618 5957
444 4630 5945
445 4607 5968
446 4601 5974
447 4614 5961
448 4584 5991
449 4596 5979
450 4567 6008
451 4577 5998
452 4572 6003
453 4547 6028
454 4550 6025
455 4542 6033
456 4529 6046
457 4549 6026
458 4541 6034
459 4580 5995
460 4594 5981
461 4613 5962
462 4615 5960
463 4609 5966
464 4596 5979
465 4618 5957
466 4595 5980
467 4615 5960
468 4586 5989
469 4588 5987
470 4579 5996
471 4577 5998
472 4566 6009
473 4578 5997
474 4592 5983
475 4598 5977
476 4604 5971
477 4583 5992
478 4570 6005
479 4567 6008
480 4561 6014
481 4578 5997
482 4552 6023
483 4555 6020
484 4523 6052
485 4491 6084
486 4509 6066
487 4516 6059
488 4527 6048
489 4540 6035
490 4544 6031
491 4507 6068
492 4512 6063
493 4522 6053
494 4549 6026
495 4563 6012
496 4576 5999
497 4572 6003
498 4591 5984
499 4576 5999
500 4562 6013
501 4581 5994
502 4591 5984
503 4558 6017
504 4605 5970
505 4606 5969
506 4613 5962
507 4613 5962
508 4619 5956
509 4614 5961
510 4593 5982
511 4592 5983
512 4627 5948
513 4639 5936
514 4633 5942
515 4626 5949
516 4644 5931
517 4633 5942
518 4635 5940
519 4650 5925
520 4646 5929
521 4637 5938
522 4628 5947
523 4616 5959
524 4606 5969
525 4574 6001
526 4599 5976
527 4611 5964
528 4606 5969
529 4636 5939
530 4634 5941
531 4617 5958
532 4630 5945
533 4635 5940
534 4638 5937
535 4631 5944
536 4642 5933
537 4652 5923
538 4640 5935
539 4629 5946
540 4621 5954
541 4625 5950
542 4627 5948
543 4612 5963
544 4604 5971
545 4612 5963
546 4627 5948
547 4606 5969
548 4608 5967
549 4614 5961
550 4619 5956
551 4626 5949
552 4621 5954
553 4636 5939
554 4633 5942
555 4640 5935
556 4639 5936
557 4636 5939
558 4654 5921
559 4631 5944
560 4641 5934
561 4644 5931
562 4664 5911
563 4676 5899
564 4654 5921
565 4659 5916
566 4634 5941
567 4619 5956
568 4645 5930
569 4664 5911
570 4655 5920
571 4678 5897
572 4656 5919
573 4672 5903
574 4664 5911
575 4660 5915
576 4660 5915
577 4679 5896
578 4690 5885
579 4703 5872
580 4725 5850
581 4738 5837
582 4729 5846
583 4730 5845
584 4709 5866
585 4713 5862
586 4710 5865
587 4712 5863
588 4698 5877
589 4703 5872
590 4723 5852
591 4711 5864
592 4725 5850
593 4707 5868
594 4722 5853
595 4720 5855
596 4728 5847
597 4720 5855
598 4714 5861
599 4725 5850
600 4744 5831
601 4730 5845
602 4724 5851
603 4761 5814
604 4740 5835
605 4712 5863
606 4712 5863
607 4718 5857
608 4740 5835
609 4739 5836
610 4731 5844
611 4728 5847
612 4717 5858
613 4711 5864
614 4717 5858
615 4738 5837
616 4748 5827
617 4760 5815
618 4763 5812
619 4777 5798
620 4801 5774
621 4804 5771
622 4808 5767
623 4850 5725
624 4831 5744
625 4839 5736
626 4813 5762
627 4829 5746
628 4821 5754
629 4831 5744
630 4807 5768
631 4811 5764
632 4821 5754
633 4826 5749
634 4823 5752
635 4804 5771
636 4819 5756
637 4804 5771
638 4813 5762
639 4818 5757
640 4846 5729
641 4861 5714
642 4882 5693
643 4888 5687
644 4879 5696
645 4882 5693
646 4864 5711
647 4852 5723
648 4840 5735
649 4864 5711
650 4844 5731
651 4839 5736
652 4822 5753
653 4825 5750
654 4823 5752
655 4831 5744
656 4839 5736
657 4838 5737
658 4832 5743
659 4853 5722
660 4851 5724
661 4829 5746
662 4820 5755
663 4835 5740
664 4827 5748
665 4832 5743
666 4824 5751
667 4827 5748
668 4845 5730
669 4835 5740
670 4844 5731
671 4820 5755
672 4812 5763
673 4813 5762
674 4784 5791
675 4781 5794
676 4756 5819
677 4776 5799
678 4772 5803
679 4774 5801
680 4793 5782
681 4789 5786
682 4787 5788
683 4771 5804
684 4749 5826
685 4758 5817
686 4766 5809
687 4740 5835
688 4756 5819
689 4755 5820
690 4745 5830
