0 4425 6150
1 4356 6219
2 4335 6240
3 4318 6257
4 4326 6249
5 4334 6241
6 4322 6253
7 4295 6280
8 4296 6279
9 4291 6284
10 4319 6256
11 4307 6268
12 4304 6271
13 4273 6302
14 4296 6279
15 4278 6297
16 4273 6302
17 4269 6306
18 4261 6314
19 4267 6308
20 4258 6317
21 4267 6308
22 4267 6308
23 4276 6299
24 4278 6297
25 4258 6317
26 4236 6339
27 4216 6359
28 4227 6348
29 4230 6345
30 4211 6364
31 4193 6382
32 4200 6375
33 4196 6379
34 4199 6376
35 4183 6392
36 4220 6355
37 4227 6348
38 4233 6342
39 4240 6335
40 4248 6327
41 4253 6322
42 4248 6327
43 4200 6375
44 4218 6357
45 4238 6337
46 4209 6366
47 4225 6350
48 4215 6360
49 4214 6361
50 4208 6367
51 4198 6377
52 4180 6395
53 4214 6361
54 4210 6365
55 4213 6362
56 4232 6343
57 4219 6356
58 4195 6380
59 4194 6381
60 4188 6387
61 4180 6395
62 4165 6410
63 4176 6399
64 4181 6394
65 4181 6394
66 4161 6414
67 4141 6434
68 4156 6419
69 4160 6415
70 4159 6416
71 4176 6399
72 4162 6413
73 4162 6413
74 4173 6402
75 4172 6403
76 4185 6390
77 4205 6370
78 4228 6347
79 4251 6324
80 4256 6319
81 4262 6313
82 4257 6318
83 4250 6325
84 4253 6322
85 4228 6347
86 4224 6351
87 4204 6371
88 4206 6369
89 4192 6383
90 4187 6388
91 4194 6381
92 4199 6376
93 4193 6382
94 4224 6351
95 4231 6344
96 4245 6330
97 4238 6337
98 4248 6327
99 4230 6345
100 4215 6360
101 4222 6353
102 4201 6374
103 4192 6383
104 4202 6373
105 4216 6359
106 4209 6366
107 4204 6371
108 4192 6383
109 4183 6392
110 4205 6370
111 4256 6319
112 4249 6326
113 4247 6328
114 4241 6334
115 4228 6347
116 4231 6344
117 4227 6348
118 4217 6358
119 4230 6345
120 4252 6323
121 4268 6307
122 4265 6310
123 4287 6288
124 4294 6281
125 4291 6284
126 4282 6293
127 4269 6306
128 4274 6301
129 4260 6315
130 4240 6335
131 4208 6367
132 4199 6376
133 4211 6364
134 4235 6340
135 4237 6338
136 4258 6317
137 4253 6322
138 4262 6313
139 4244 6331
140 4208 6367
141 4236 6339
142 4235 6340
143 4215 6360
144 4219 6356
145 4240 6335
146 4248 6327
147 4262 6313
148 4255 6320
149 4256 6319
150 4264 6311
151 4260 6315
152 4268 6307
153 4258 6317
154 4277 6298
155 4272 6303
156 4252 6323
157 4281 6294
158 4293 6282
159 4315 6260
160 4321 6254
161 4346 6229
162 4339 6236
163 4353 6222
164 4332 6243
165 4359 6216
166 4353 6222
167 4343 6232
168 4345 6230
169 4338 6237
170 4352 6223
171 4358 6217
172 4339 6236
173 4332 6243
174 4298 6277
175 4301 6274
176 4304 6271
177 4289 6286
178 4299 6276
179 4309 6266
180 4283 6292
181 4280 6295
182 4307 6268
183 4309 6266
184 4332 6243
185 4305 6270
186 4296 6279
187 4306 6269
188 4317 6258
189 4325 6250
190 4312 6263
191 4279 6296
192 4306 6269
193 4288 6287
194 4282 6293
195 4279 6296
196 4291 6284
197 4307 6268
198 4302 6273
199 4289 6286
200 4291 6284
201 4304 6271
202 4313 6262
203 4331 6244
204 4357 6218
205 4336 6239
206 4314 6261
207 4340 6235
208 4349 6226
209 4344 6231
210 4329 6246
211 4350 6225
212 4341 6234
213 4321 6254
214 4334 6241
215 4322 6253
216 4329 6246
217 4328 6247
218 4310 6265
219 4360 6215
220 4372 6203
221 4381 6194
222 4387 6188
223 4390 6185
224 4370 6205
225 4369 6206
226 4374 6201
227 4375 6200
228 4351 6224
229 4358 6217
230 4336 6239
231 4331 6244
232 4369 6206
233 4387 6188
234 4344 6231
235 4344 6231
236 4335 6240
237 4326 6249
238 4317 6258
239 4287 6288
240 4322 6253
241 4304 6271
242 4315 6260
243 4327 6248
244 4323 6252
245 4327 6248
246 4326 6249
247 4338 6237
248 4325 6250
249 4328 6247
250 4322 6253
251 4352 6223
252 4341 6234
253 4326 6249
254 4318 6257
255 4314 6261
256 4287 6288
257 4291 6284
258 4278 6297
259 4291 6284
260 4298 6277
261 4319 6256
262 4314 6261
263 4330 6245
264 4312 6263
265 4311 6264
266 4298 6277
267 4311 6264
268 4328 6247
269 4330 6245
270 4336 6239
271 4323 6252
272 4338 6237
273 4339 6236
274 4343 6232
275 4318 6257
276 4296 6279
277 4328 6247
278 4341 6234
279 4339 6236
280 4356 6219
281 4333 6242
282 4325 6250
283 4352 6223
284 4359 6216
285 4362 6213
286 4368 6207
287 4382 6193
288 4366 6209
289 4351 6224
290 4337 6238
291 4345 6230
292 4350 6225
293 4328 6247
294 4331 6244
295 4346 6229
296 4338 6237
297 4343 6232
298 4341 6234
299 4358 6217
300 4350 6225
301 4356 6219
302 4364 6211
303 4354 6221
304 4377 6198
305 4375 6200
306 4343 6232
307 4355 6220
308 4348 6227
309 4347 6228
310 4341 6234
311 4345 6230
312 4339 6236
313 4364 6211
314 4377 6198
315 4375 6200
316 4369 6206
317 4383 6192
318 4409 6166
319 4386 6189
320 4374 6201
321 4370 6205
322 4346 6229
323 4365 6210
324 4337 6238
325 4346 6229
326 4357 6218
327 4367 6208
328 4348 6227
329 4323 6252
330 4335 6240
331 4359 6216
332 4360 6215
333 4365 6210
334 4366 6209
335 4361 6214
336 4352 6223
337 4356 6219
338 4359 6216
339 4386 6189
340 4374 6201
341 4361 6214
342 4358 6217
343 4360 6215
344 4322 6253
345 4321 6254
346 4328 6247
347 4328 6247
348 4329 6246
349 4323 6252
350 4316 6259
351 4303 6272
352 4303 6272
353 4335 6240
354 4310 6265
355 4315 6260
356 4317 6258
357 4349 6226
358 4350 6225
359 4405 6170
360 4369 6206
361 4379 6196
362 4390 6185
363 4381 6194
364 4386 6189
365 4391 6184
366 4400 6175
367 4359 6216
368 4352 6223
369 4346 6229
370 4358 6217
371 4378 6197
372 4352 6223
373 4382 6193
374 4378 6197
375 4359 6216
376 4350 6225
377 4349 6226
378 4373 6202
379 4399 6176
380 4391 6184
381 4393 6182
382 4395 6180
383 4407 6168
384 4391 6184
385 4396 6179
386 4412 6163
387 4414 6161
388 4376 6199
389 4382 6193
390 4388 6187
391 4375 6200
392 4376 6199
393 4382 6193
394 4376 6199
395 4385 6190
396 4357 6218
397 4363 6212
398 4357 6218
399 4360 6215
400 4349 6226
401 4343 6232
402 4378 6197
403 4386 6189
404 4410 6165
405 4413 6162
406 4425 6150
407 4435 6140
408 4434 6141
409 4420 6155
410 4435 6140
411 4420 6155
412 4443 6132
413 4417 6158
414 4429 6146
415 4414 6161
416 4412 6163
417 4429 6146
418 4442 6133
419 4422 6153
420 4436 6139
421 4437 6138
422 4436 6139
423 4429 6146
424 4438 6137
425 4432 6143
426 4448 6127
427 4445 6130
428 4438 6137
429 4431 6144
430 4424 6151
431 4411 6164
432 4398 6177
433 4397 6178
434 4406 6169
435 4347 6228
436 4370 6205
437 4363 6212
438 4350 6225
439 4349 6226
440 4348 6227
441 4357 6218
442 4369 6206
443 4392 6183
444 4399 6176
445 4407 6168
446 4389 6186
447 4373 6202
448 4367 6208
449 4362 6213
450 4399 6176
451 4397 6178
452 4424 6151
453 4403 6172
454 4406 6169
455 4423 6152
456 4434 6141
457 4430 6145
458 4430 6145
459 4390 6185
460 4408 6167
461 4442 6133
462 4426 6149
463 4439 6136
464 4432 6143
465 4440 6135
466 4421 6154
467 4427 6148
468 4420 6155
469 4422 6153
470 4423 6152
471 4430 6145
472 4393 6182
473 4412 6163
474 4411 6164
475 4388 6187
476 4392 6183
477 4410 6165
478 4394 6181
479 4380 6195
480 4395 6180
481 4403 6172
482 4405 6170
483 4410 6165
484 4411 6164
485 4432 6143
486 4420 6155
487 4412 6163
488 4409 6166
489 4365 6210
490 4386 6189
491 4368 6207
492 4370 6205
493 4369 6206
494 4398 6177
495 4420 6155
496 4409 6166
497 4409 6166
498 4407 6168
499 4402 6173
500 4400 6175
501 4376 6199
502 4368 6207
503 4336 6239
504 4305 6270
505 4300 6275
506 4337 6238
507 4350 6225
508 4391 6184
509 4369 6206
510 4376 6199
511 4371 6204
512 4371 6204
513 4375 6200
514 4375 6200
515 4337 6238
516 4337 6238
517 4317 6258
518 4347 6228
519 4352 6223
520 4376 6199
521 4382 6193
522 4372 6203
523 4374 6201
524 4381 6194
525 4378 6197
526 4398 6177
527 4387 6188
528 4385 6190
529 4374 6201
530 4401 6174
531 4417 6158
532 4429 6146
533 4440 6135
534 4422 6153
535 4408 6167
536 4416 6159
537 4415 6160
538 4399 6176
539 4383 6192
540 4366 6209
541 4372 6203
542 4369 6206
543 4383 6192
544 4402 6173
545 4390 6185
546 4376 6199
547 4377 6198
548 4387 6188
549 4414 6161
550 4399 6176
551 4383 6192
552 4401 6174
553 4397 6178
554 4388 6187
555 4375 6200
556 4385 6190
557 4413 6162
558 4406 6169
559 4411 6164
560 4398 6177
561 4400 6175
562 4420 6155
563 4430 6145
564 4423 6152
565 4414 6161
566 4407 6168
567 4391 6184
568 4392 6183
569 4402 6173
570 4400 6175
571 4400 6175
572 4422 6153
573 4401 6174
574 4391 6184
575 4408 6167
576 4428 6147
577 4422 6153
578 4402 6173
579 4411 6164
580 4401 6174
581 4393 6182
582 4393 6182
583 4387 6188
584 4394 6181
585 4371 6204
586 4382 6193
587 4368 6207
588 4385 6190
589 4393 6182
590 4415 6160
591 4415 6160
592 4426 6149
593 4428 6147
594 4456 6119
595 4458 6117
596 4474 6101
597 4479 6096
598 4482 6093
599 4465 6110
600 4434 6141
601 4453 6122
602 4482 6093
603 4446 6129
604 4447 6128
605 4442 6133
606 4430 6145
607 4439 6136
608 4444 6131
609 4439 6136
610 4473 6102
611 4466 6109
612 4451 6124
613 4425 6150
614 4423 6152
615 4413 6162
616 4402 6173
617 4428 6147
618 4437 6138
619 4455 6120
620 4423 6152
621 4418 6157
622 4417 6158
623 4427 6148
624 4466 6109
625 4440 6135
626 4439 6136
627 4443 6132
628 4461 6114
629 4452 6123
630 4447 6128
631 4451 6124
632 4456 6119
633 4451 6124
634 4440 6135
635 4453 6122
636 4445 6130
637 4450 6125
638 4453 6122
639 4471 6104
640 4444 6131
641 4445 6130
642 4460 6115
643 4428 6147
644 4457 6118
645 4440 6135
646 4429 6146
647 4432 6143
648 4436 6139
649 4432 6143
650 4442 6133
651 4434 6141
652 4428 6147
653 4388 6187
654 4390 6185
655 4374 6201
656 4359 6216
657 4339 6236
658 4331 6244
659 4338 6237
660 4336 6239
661 4379 6196
662 4364 6211
663 4326 6249
664 4323 6252
665 4328 6247
666 4349 6226
667 4360 6215
668 4354 6221
669 4343 6232
670 4376 6199
671 4361 6214
672 4377 6198
673 4382 6193
674 4365 6210
675 4375 6200
676 4372 6203
677 4366 6209
678 4375 6200
679 4368 6207
680 4370 6205
681 4362 6213
682 4358 6217
683 4374 6201
684 4376 6199
685 4416 6159
686 4443 6132
687 4444 6131
688 4468 6107
689 4453 6122
690 4454 6121
691 4467 6108
692 4453 6122
693 4428 6147
694 4427 6148
695 4419 6156
696 4406 6169
697 4443 6132
698 4441 6134
699 4438 6137
700 4428 6147
701 4441 6134
702 4423 6152
703 4422 6153
704 4407 6168
705 4385 6190
706 4371 6204
707 4372 6203
708 4358 6217
709 4374 6201
710 4350 6225
711 4361 6214
712 4391 6184
713 4369 6206
714 4362 6213
715 4378 6197
716 4372 6203
717 4364 6211
718 4362 6213
719 4359 6216
720 4385 6190
721 4391 6184
722 4371 6204
723 4387 6188
724 4363 6212
725 4364 6211
726 4357 6218
727 4365 6210
728 4372 6203
729 4382 6193
730 4358 6217
731 4367 6208
732 4388 6187
733 4398 6177
734 4382 6193
735 4393 6182
736 4372 6203
737 4368 6207
738 4388 6187
739 4365 6210
740 4383 6192
741 4413 6162
742 4424 6151
743 4419 6156
744 4437 6138
745 4445 6130
746 4476 6099
747 4444 6131
748 4437 6138
749 4433 6142
750 4437 6138
751 4417 6158
752 4424 6151
753 4437 6138
754 4437 6138
755 4436 6139
756 4413 6162
757 4449 6126
758 4453 6122
759 4469 6106
760 4481 6094
761 4477 6098
762 4449 6126
763 4454 6121
764 4456 6119
765 4455 6120
766 4468 6107
767 4462 6113
768 4459 6116
769 4431 6144
770 4452 6123
771 4434 6141
772 4430 6145
773 4441 6134
774 4431 6144
775 4435 6140
776 4457 6118
777 4461 6114
778 4468 6107
779 4475 6100
780 4480 6095
781 4472 6103
782 4484 6091
783 4505 6070
784 4483 6092
785 4470 6105
786 4476 6099
787 4478 6097
788 4504 6071
789 4490 6085
790 4486 6089
791 4489 6086
792 4486 6089
793 4486 6089
794 4488 6087
795 4481 6094
796 4491 6084
797 4495 6080
798 4484 6091
799 4482 6093
800 4447 6128
801 4451 6124
802 4455 6120
803 4471 6104
804 4469 6106
805 4486 6089
806 4461 6114
807 4456 6119
808 4447 6128
809 4460 6115
810 4458 6117
811 4451 6124
812 4442 6133
813 4460 6115
814 4458 6117
815 4470 6105
816 4452 6123
817 4469 6106
818 4469 6106
819 4488 6087
820 4472 6103
821 4501 6074
822 4490 6085
823 4496 6079
824 4518 6057
825 4496 6079
826 4492 6083
827 4503 6072
828 4496 6079
829 4508 6067
830 4489 6086
831 4496 6079
832 4498 6077
833 4502 6073
834 4533 6042
835 4527 6048
836 4510 6065
837 4499 6076
838 4494 6081
839 4490 6085
840 4482 6093
841 4481 6094
842 4488 6087
843 4489 6086
844 4502 6073
845 4512 6063
846 4510 6065
847 4487 6088
848 4486 6089
849 4487 6088
850 4484 6091
851 4484 6091
852 4480 6095
853 4478 6097
854 4465 6110
855 4477 6098
856 4497 6078
857 4509 6066
858 4522 6053
859 4520 6055
860 4547 6028
861 4543 6032
862 4540 6035
863 4526 6049
864 4528 6047
865 4535 6040
866 4514 6061
867 4538 6037
868 4549 6026
869 4559 6016
870 4560 6015
871 4562 6013
872 4557 6018
873 4544 6031
874 4562 6013
875 4565 6010
876 4574 6001
877 4598 5977
878 4593 5982
879 4584 5991
880 4576 5999
881 4582 5993
882 4572 6003
883 4574 6001
884 4553 6022
885 4578 5997
886 4589 5986
887 4603 5972
888 4587 5988
889 4555 6020
890 4540 6035
891 4537 6038
892 4546 6029
893 4563 6012
894 4541 6034
895 4577 5998
896 4567 6008
897 4542 6033
898 4562 6013
899 4553 6022
900 4536 6039
901 4553 6022
902 4569 6006
903 4579 5996
904 4577 5998
905 4583 5992
906 4571 6004
907 4552 6023
908 4543 6032
909 4542 6033
910 4526 6049
911 4511 6064
912 4498 6077
913 4473 6102
914 4454 6121
915 4466 6109
916 4447 6128
917 4458 6117
918 4447 6128
919 4451 6124
920 4437 6138
921 4424 6151
922 4465 6110
923 4427 6148
924 4431 6144
925 4439 6136
926 4451 6124
927 4471 6104
928 4453 6122
929 4460 6115
930 4476 6099
931 4474 6101
932 4490 6085
933 4495 6080
934 4475 6100
935 4477 6098
936 4483 6092
937 4496 6079
938 4482 6093
939 4477 6098
940 4489 6086
941 4474 6101
942 4482 6093
943 4483 6092
944 4505 6070
945 4506 6069
946 4507 6068
947 4504 6071
948 4509 6066
949 4513 6062
950 4534 6041
951 4526 6049
952 4490 6085
953 4478 6097
954 4490 6085
955 4477 6098
956 4491 6084
957 4509 6066
958 4516 6059
959 4530 6045
960 4530 6045
961 4514 6061
962 4505 6070
963 4518 6057
964 4504 6071
965 4475 6100
966 4460 6115
967 4486 6089
968 4490 6085
969 4472 6103
970 4480 6095
971 4489 6086
972 4491 6084
973 4461 6114
974 4463 6112
975 4450 6125
976 4432 6143
977 4424 6151
978 4435 6140
979 4451 6124
980 4462 6113
981 4465 6110
982 4470 6105
983 4486 6089
984 4477 6098
985 4502 6073
986 4486 6089
987 4496 6079
988 4535 6040
989 4540 6035
990 4553 6022
991 4565 6010
992 4563 6012
993 4550 6025
994 4530 6045
995 4551 6024
996 4530 6045
997 4522 6053
998 4518 6057
999 4532 6043
1000 4533 6042
1001 4539 6036
1002 4519 6056
1003 4520 6055
1004 4508 6067
1005 4527 6048
1006 4538 6037
1007 4526 6049
1008 4513 6062
1009 4493 6082
1010 4472 6103
1011 4463 6112
1012 4475 6100
1013 4515 6060
1014 4504 6071
1015 4512 6063
1016 4500 6075
1017 4519 6056
1018 4495 6080
1019 4472 6103
1020 4480 6095
1021 4466 6109
1022 4479 6096
1023 4476 6099
1024 4501 6074
1025 4483 6092
1026 4471 6104
1027 4461 6114
1028 4478 6097
1029 4467 6108
1030 4435 6140
1031 4424 6151
1032 4415 6160
1033 4419 6156
1034 4415 6160
1035 4405 6170
1036 4417 6158
1037 4455 6120
1038 4437 6138
1039 4438 6137
1040 4434 6141
1041 4447 6128
1042 4456 6119
1043 4457 6118
1044 4459 6116
1045 4453 6122
1046 4449 6126
1047 4447 6128
1048 4426 6149
1049 4421 6154
1050 4410 6165
1051 4399 6176
1052 4424 6151
1053 4441 6134
1054 4451 6124
1055 4427 6148
1056 4440 6135
1057 4431 6144
1058 4436 6139
1059 4426 6149
1060 4410 6165
1061 4407 6168
1062 4408 6167
1063 4393 6182
1064 4424 6151
1065 4428 6147
1066 4431 6144
1067 4404 6171
1068 4417 6158
1069 4423 6152
1070 4427 6148
1071 4413 6162
1072 4409 6166
1073 4428 6147
1074 4434 6141
1075 4440 6135
1076 4455 6120
1077 4459 6116
1078 4431 6144
1079 4451 6124
1080 4443 6132
1081 4457 6118
1082 4457 6118
1083 4463 6112
1084 4483 6092
1085 4468 6107
1086 4492 6083
1087 4483 6092
1088 4469 6106
1089 4503 6072
1090 4511 6064
1091 4525 6050
1092 4535 6040
1093 4518 6057
1094 4508 6067
1095 4522 6053
1096 4512 6063
1097 4507 6068
1098 4524 6051
1099 4527 6048
1100 4496 6079
1101 4489 6086
1102 4491 6084
1103 4453 6122
1104 4473 6102
1105 4479 6096
1106 4436 6139
1107 4461 6114
1108 4454 6121
1109 4455 6120
1110 4474 6101
1111 4479 6096
1112 4469 6106
1113 4482 6093
1114 4490 6085
1115 4490 6085
1116 4479 6096
1117 4499 6076
1118 4477 6098
1119 4484 6091
1120 4464 6111
1121 4462 6113
1122 4472 6103
1123 4445 6130
1124 4430 6145
1125 4424 6151
1126 4423 6152
1127 4402 6173
1128 4431 6144
1129 4440 6135
1130 4430 6145
1131 4447 6128
1132 4439 6136
1133 4438 6137
1134 4442 6133
1135 4433 6142
1136 4396 6179
1137 4413 6162
1138 4414 6161
1139 4419 6156
1140 4415 6160
1141 4436 6139
1142 4436 6139
1143 4446 6129
1144 4450 6125
1145 4479 6096
1146 4475 6100
1147 4476 6099
1148 4500 6075
1149 4480 6095
1150 4494 6081
1151 4477 6098
1152 4472 6103
1153 4444 6131
1154 4449 6126
1155 4459 6116
1156 4478 6097
1157 4465 6110
1158 4467 6108
1159 4488 6087
1160 4475 6100
1161 4459 6116
1162 4455 6120
1163 4427 6148
1164 4432 6143
1165 4438 6137
1166 4430 6145
1167 4413 6162
1168 4392 6183
1169 4398 6177
1170 4388 6187
1171 4372 6203
1172 4387 6188
1173 4395 6180
1174 4355 6220
1175 4362 6213
1176 4350 6225
1177 4353 6222
1178 4364 6211
1179 4391 6184
1180 4404 6171
1181 4388 6187
1182 4393 6182
1183 4403 6172
1184 4400 6175
1185 4381 6194
1186 4391 6184
1187 4399 6176
1188 4417 6158
1189 4407 6168
1190 4400 6175
1191 4394 6181
1192 4401 6174
1193 4379 6196
1194 4392 6183
1195 4379 6196
1196 4375 6200
1197 4371 6204
1198 4374 6201
1199 4385 6190
1200 4361 6214
1201 4365 6210
1202 4376 6199
1203 4389 6186
1204 4409 6166
1205 4406 6169
1206 4386 6189
1207 4404 6171
1208 4380 6195
1209 4411 6164
1210 4402 6173
1211 4380 6195
1212 4360 6215
1213 4348 6227
1214 4353 6222
1215 4355 6220
1216 4342 6233
1217 4364 6211
1218 4347 6228
1219 4332 6243
1220 4346 6229
1221 4350 6225
1222 4375 6200
1223 4364 6211
1224 4372 6203
1225 4352 6223
1226 4356 6219
1227 4351 6224
1228 4300 6275
1229 4337 6238
1230 4320 6255
1231 4324 6251
1232 4314 6261
1233 4333 6242
1234 4313 6262
1235 4328 6247
1236 4330 6245
1237 4338 6237
1238 4352 6223
1239 4352 6223
1240 4365 6210
1241 4365 6210
1242 4362 6213
1243 4376 6199
1244 4398 6177
1245 4396 6179
1246 4393 6182
1247 4404 6171
1248 4413 6162
1249 4419 6156
1250 4401 6174
1251 4367 6208
1252 4342 6233
1253 4322 6253
1254 4300 6275
1255 4285 6290
1256 4288 6287
1257 4288 6287
1258 4293 6282
1259 4283 6292
1260 4315 6260
1261 4329 6246
1262 4326 6249
1263 4357 6218
1264 4356 6219
1265 4365 6210
1266 4369 6206
1267 4385 6190
1268 4405 6170
1269 4424 6151
1270 4413 6162
1271 4418 6157
1272 4385 6190
1273 4375 6200
1274 4388 6187
1275 4387 6188
1276 4393 6182
1277 4380 6195
1278 4369 6206
1279 4380 6195
1280 4360 6215
1281 4364 6211
1282 4365 6210
1283 4359 6216
1284 4340 6235
1285 4348 6227
1286 4337 6238
1287 4327 6248
1288 4336 6239
1289 4372 6203
1290 4356 6219
1291 4358 6217
1292 4364 6211
1293 4365 6210
1294 4344 6231
1295 4333 6242
1296 4338 6237
1297 4330 6245
1298 4365 6210
1299 4330 6245
1300 4305 6270
1301 4283 6292
1302 4294 6281
1303 4296 6279
1304 4267 6308
1305 4297 6278
1306 4296 6279
1307 4307 6268
1308 4331 6244
1309 4331 6244
1310 4338 6237
1311 4351 6224
1312 4361 6214
1313 4362 6213
1314 4360 6215
1315 4361 6214
1316 4369 6206
1317 4387 6188
1318 4386 6189
1319 4362 6213
1320 4352 6223
1321 4376 6199
1322 4371 6204
1323 4379 6196
1324 4386 6189
1325 4381 6194
1326 4400 6175
1327 4396 6179
1328 4386 6189
1329 4372 6203
1330 4395 6180
1331 4397 6178
1332 4382 6193
1333 4360 6215
1334 4344 6231
1335 4358 6217
1336 4369 6206
1337 4381 6194
1338 4375 6200
1339 4393 6182
1340 4389 6186
1341 4360 6215
1342 4356 6219
1343 4342 6233
1344 4338 6237
1345 4338 6237
1346 4336 6239
1347 4335 6240
1348 4316 6259
1349 4318 6257
1350 4310 6265
1351 4278 6297
1352 4283 6292
1353 4276 6299
1354 4322 6253
1355 4341 6234
1356 4348 6227
1357 4304 6271
1358 4318 6257
1359 4309 6266
1360 4315 6260
1361 4299 6276
1362 4274 6301
1363 4263 6312
1364 4277 6298
1365 4270 6305
1366 4253 6322
1367 4246 6329
1368 4247 6328
1369 4246 6329
1370 4250 6325
1371 4265 6310
1372 4249 6326
1373 4262 6313
1374 4284 6291
1375 4329 6246
1376 4309 6266
1377 4336 6239
1378 4346 6229
1379 4330 6245
1380 4332 6243
1381 4310 6265
1382 4295 6280
1383 4301 6274
1384 4316 6259
1385 4317 6258
1386 4317 6258
1387 4319 6256
1388 4329 6246
1389 4317 6258
1390 4317 6258
1391 4318 6257
1392 4296 6279
1393 4288 6287
1394 4287 6288
1395 4288 6287
1396 4280 6295
1397 4239 6336
1398 4243 6332
1399 4279 6296
1400 4268 6307
1401 4275 6300
1402 4298 6277
1403 4305 6270
1404 4296 6279
1405 4289 6286
1406 4272 6303
1407 4269 6306
1408 4260 6315
1409 4261 6314
1410 4284 6291
1411 4277 6298
1412 4294 6281
1413 4257 6318
1414 4290 6285
1415 4278 6297
1416 4279 6296
1417 4308 6267
1418 4290 6285
1419 4285 6290
1420 4272 6303
1421 4297 6278
1422 4282 6293
1423 4258 6317
1424 4260 6315
1425 4287 6288
1426 4295 6280
1427 4286 6289
1428 4280 6295
1429 4277 6298
1430 4283 6292
1431 4312 6263
1432 4298 6277
1433 4326 6249
1434 4343 6232
1435 4328 6247
1436 4328 6247
1437 4341 6234
1438 4349 6226
1439 4341 6234
1440 4328 6247
1441 4334 6241
1442 4305 6270
1443 4326 6249
1444 4313 6262
1445 4305 6270
1446 4323 6252
1447 4313 6262
1448 4292 6283
1449 4310 6265
1450 4305 6270
1451 4271 6304
1452 4289 6286
1453 4303 6272
1454 4322 6253
1455 4327 6248
1456 4336 6239
1457 4314 6261
1458 4332 6243
1459 4319 6256
1460 4292 6283
1461 4307 6268
1462 4321 6254
1463 4293 6282
1464 4301 6274
1465 4285 6290
1466 4290 6285
1467 4297 6278
1468 4308 6267
1469 4298 6277
1470 4309 6266
1471 4297 6278
1472 4271 6304
1473 4280 6295
1474 4279 6296
1475 4266 6309
1476 4265 6310
1477 4275 6300
1478 4287 6288
1479 4266 6309
1480 4276 6299
1481 4275 6300
1482 4274 6301
1483 4288 6287
1484 4309 6266
1485 4329 6246
1486 4316 6259
1487 4316 6259
1488 4293 6282
1489 4282 6293
1490 4287 6288
1491 4269 6306
1492 4263 6312
1493 4266 6309
1494 4262 6313
1495 4262 6313
1496 4271 6304
1497 4250 6325
1498 4262 6313
1499 4283 6292
1500 4293 6282
1501 4311 6264
1502 4279 6296
1503 4281 6294
1504 4273 6302
1505 4294 6281
1506 4297 6278
1507 4302 6273
1508 4336 6239
1509 4315 6260
1510 4328 6247
1511 4308 6267
1512 4332 6243
1513 4319 6256
1514 4314 6261
1515 4320 6255
1516 4308 6267
1517 4336 6239
1518 4348 6227
1519 4321 6254
1520 4317 6258
1521 4346 6229
1522 4344 6231
1523 4351 6224
1524 4347 6228
1525 4341 6234
1526 4338 6237
1527 4349 6226
1528 4313 6262
1529 4311 6264
1530 4322 6253
1531 4318 6257
1532 4319 6256
1533 4324 6251
1534 4324 6251
1535 4315 6260
1536 4307 6268
1537 4280 6295
1538 4301 6274
1539 4293 6282
1540 4315 6260
1541 4307 6268
1542 4280 6295
1543 4272 6303
1544 4269 6306
1545 4277 6298
1546 4246 6329
1547 4294 6281
1548 4283 6292
1549 4263 6312
1550 4278 6297
1551 4267 6308
1552 4261 6314
1553 4256 6319
1554 4249 6326
1555 4266 6309
1556 4265 6310
1557 4271 6304
1558 4285 6290
1559 4262 6313
1560 4269 6306
1561 4266 6309
1562 4277 6298
1563 4277 6298
1564 4289 6286
1565 4304 6271
1566 4302 6273
1567 4293 6282
1568 4291 6284
1569 4305 6270
1570 4298 6277
1571 4306 6269
1572 4285 6290
1573 4292 6283
1574 4319 6256
1575 4332 6243
1576 4333 6242
1577 4318 6257
1578 4300 6275
1579 4303 6272
1580 4297 6278
1581 4278 6297
1582 4271 6304
1583 4264 6311
1584 4271 6304
1585 4284 6291
1586 4298 6277
1587 4280 6295
1588 4282 6293
1589 4261 6314
1590 4291 6284
1591 4298 6277
1592 4301 6274
1593 4343 6232
1594 4340 6235
1595 4344 6231
1596 4355 6220
1597 4369 6206
1598 4374 6201
1599 4357 6218
1600 4361 6214
1601 4361 6214
1602 4352 6223
1603 4359 6216
1604 4365 6210
1605 4335 6240
1606 4349 6226
1607 4332 6243
1608 4339 6236
1609 4339 6236
1610 4352 6223
1611 4370 6205
1612 4377 6198
1613 4368 6207
1614 4385 6190
1615 4354 6221
1616 4313 6262
1617 4314 6261
1618 4315 6260
1619 4318 6257
1620 4273 6302
1621 4255 6320
1622 4280 6295
1623 4279 6296
1624 4286 6289
1625 4297 6278
1626 4274 6301
1627 4289 6286
1628 4289 6286
1629 4288 6287
1630 4278 6297
1631 4292 6283
1632 4328 6247
1633 4340 6235
1634 4354 6221
1635 4355 6220
1636 4336 6239
1637 4337 6238
1638 4338 6237
1639 4340 6235
1640 4340 6235
1641 4339 6236
1642 4329 6246
1643 4338 6237
1644 4331 6244
1645 4337 6238
1646 4360 6215
1647 4376 6199
1648 4378 6197
1649 4388 6187
1650 4392 6183
1651 4386 6189
1652 4394 6181
1653 4397 6178
1654 4373 6202
1655 4386 6189
1656 4370 6205
1657 4365 6210
1658 4353 6222
1659 4346 6229
1660 4340 6235
1661 4363 6212
1662 4328 6247
1663 4311 6264
1664 4300 6275
1665 4320 6255
1666 4321 6254
1667 4310 6265
1668 4335 6240
1669 4315 6260
1670 4313 6262
1671 4321 6254
1672 4327 6248
1673 4347 6228
1674 4345 6230
1675 4322 6253
1676 4284 6291
1677 4282 6293
1678 4284 6291
1679 4265 6310
1680 4270 6305
1681 4303 6272
1682 4296 6279
1683 4287 6288
1684 4272 6303
1685 4263 6312
1686 4260 6315
1687 4283 6292
1688 4276 6299
1689 4265 6310
1690 4280 6295
1691 4289 6286
1692 4278 6297
1693 4261 6314
1694 4252 6323
1695 4249 6326
1696 4256 6319
1697 4264 6311
1698 4266 6309
1699 4264 6311
1700 4278 6297
1701 4267 6308
1702 4276 6299
1703 4282 6293
1704 4274 6301
1705 4278 6297
1706 4289 6286
1707 4309 6266
1708 4308 6267
1709 4313 6262
1710 4292 6283
1711 4284 6291
1712 4268 6307
1713 4256 6319
1714 4250 6325
1715 4259 6316
1716 4244 6331
1717 4256 6319
1718 4256 6319
1719 4261 6314
1720 4294 6281
1721 4285 6290
1722 4264 6311
1723 4277 6298
1724 4291 6284
1725 4285 6290
1726 4266 6309
1727 4280 6295
1728 4292 6283
1729 4285 6290
1730 4269 6306
1731 4276 6299
1732 4271 6304
1733 4289 6286
1734 4279 6296
1735 4315 6260
1736 4279 6296
1737 4281 6294
1738 4312 6263
1739 4308 6267
1740 4312 6263
1741 4319 6256
1742 4325 6250
1743 4303 6272
1744 4301 6274
1745 4331 6244
1746 4333 6242
1747 4338 6237
1748 4318 6257
1749 4331 6244
1750 4329 6246
1751 4315 6260
1752 4330 6245
1753 4302 6273
1754 4306 6269
1755 4317 6258
1756 4301 6274
1757 4273 6302
1758 4259 6316
1759 4270 6305
1760 4264 6311
1761 4270 6305
1762 4281 6294
1763 4280 6295
1764 4285 6290
1765 4276 6299
1766 4253 6322
1767 4262 6313
1768 4256 6319
1769 4264 6311
1770 4277 6298
1771 4299 6276
1772 4311 6264
1773 4290 6285
1774 4291 6284
1775 4328 6247
1776 4330 6245
1777 4287 6288
1778 4281 6294
1779 4283 6292
1780 4291 6284
1781 4304 6271
1782 4288 6287
1783 4286 6289
1784 4248 6327
1785 4251 6324
1786 4257 6318
1787 4269 6306
1788 4289 6286
1789 4305 6270
1790 4295 6280
1791 4292 6283
1792 4273 6302
1793 4272 6303
1794 4280 6295
1795 4290 6285
1796 4304 6271
1797 4271 6304
1798 4247 6328
1799 4229 6346
1800 4229 6346
1801 4247 6328
1802 4251 6324
1803 4239 6336
1804 4253 6322
1805 4273 6302
1806 4286 6289
1807 4284 6291
1808 4283 6292
1809 4294 6281
1810 4309 6266
1811 4290 6285
1812 4270 6305
1813 4265 6310
1814 4290 6285
1815 4294 6281
1816 4321 6254
1817 4273 6302
1818 4269 6306
1819 4250 6325
1820 4245 6330
1821 4249 6326
1822 4253 6322
1823 4233 6342
1824 4200 6375
1825 4197 6378
1826 4216 6359
1827 4256 6319
1828 4233 6342
1829 4232 6343
1830 4248 6327
1831 4272 6303
1832 4254 6321
1833 4258 6317
1834 4263 6312
1835 4283 6292
1836 4271 6304
1837 4297 6278
1838 4296 6279
1839 4299 6276
1840 4255 6320
1841 4261 6314
1842 4249 6326
1843 4254 6321
1844 4243 6332
1845 4255 6320
1846 4270 6305
1847 4274 6301
1848 4283 6292
1849 4278 6297
1850 4252 6323
1851 4281 6294
1852 4251 6324
1853 4254 6321
1854 4227 6348
1855 4215 6360
1856 4223 6352
1857 4245 6330
1858 4231 6344
1859 4215 6360
1860 4239 6336
1861 4228 6347
1862 4214 6361
1863 4223 6352
1864 4236 6339
1865 4217 6358
1866 4252 6323
1867 4247 6328
1868 4271 6304
1869 4286 6289
1870 4293 6282
1871 4286 6289
1872 4286 6289
1873 4264 6311
1874 4269 6306
1875 4252 6323
1876 4273 6302
1877 4247 6328
1878 4259 6316
1879 4307 6268
1880 4317 6258
1881 4295 6280
1882 4282 6293
1883 4276 6299
1884 4286 6289
1885 4281 6294
1886 4307 6268
1887 4262 6313
1888 4274 6301
1889 4255 6320
1890 4266 6309
1891 4271 6304
1892 4289 6286
1893 4302 6273
1894 4300 6275
1895 4293 6282
1896 4257 6318
1897 4268 6307
1898 4283 6292
1899 4275 6300
1900 4265 6310
1901 4243 6332
1902 4243 6332
1903 4283 6292
1904 4292 6283
1905 4260 6315
1906 4302 6273
1907 4287 6288
1908 4290 6285
1909 4305 6270
1910 4291 6284
1911 4287 6288
1912 4313 6262
1913 4316 6259
1914 4319 6256
1915 4297 6278
1916 4294 6281
1917 4320 6255
1918 4322 6253
1919 4309 6266
1920 4303 6272
1921 4319 6256
1922 4295 6280
1923 4303 6272
1924 4298 6277
1925 4281 6294
1926 4292 6283
1927 4315 6260
1928 4302 6273
1929 4304 6271
1930 4258 6317
1931 4267 6308
1932 4286 6289
1933 4267 6308
1934 4270 6305
1935 4251 6324
1936 4244 6331
1937 4255 6320
1938 4268 6307
1939 4255 6320
1940 4269 6306
1941 4241 6334
1942 4264 6311
1943 4295 6280
1944 4312 6263
1945 4306 6269
1946 4290 6285
1947 4282 6293
1948 4286 6289
1949 4250 6325
1950 4248 6327
1951 4259 6316
1952 4243 6332
1953 4234 6341
1954 4224 6351
1955 4196 6379
1956 4195 6380
1957 4203 6372
1958 4219 6356
1959 4220 6355
1960 4220 6355
1961 4226 6349
1962 4246 6329
1963 4246 6329
1964 4235 6340
1965 4225 6350
1966 4241 6334
1967 4252 6323
1968 4253 6322
1969 4223 6352
1970 4217 6358
1971 4200 6375
1972 4210 6365
1973 4221 6354
1974 4241 6334
1975 4243 6332
1976 4275 6300
1977 4277 6298
1978 4258 6317
1979 4254 6321
1980 4275 6300
1981 4271 6304
1982 4269 6306
1983 4262 6313
1984 4249 6326
1985 4238 6337
1986 4246 6329
1987 4257 6318
1988 4246 6329
1989 4253 6322
1990 4278 6297
1991 4272 6303
1992 4282 6293
1993 4282 6293
1994 4272 6303
1995 4264 6311
1996 4271 6304
1997 4291 6284
1998 4271 6304
1999 4279 6296
2000 4266 6309
2001 4285 6290
2002 4268 6307
2003 4276 6299
2004 4295 6280
2005 4275 6300
2006 4270 6305
2007 4291 6284
2008 4283 6292
2009 4277 6298
2010 4271 6304
2011 4243 6332
2012 4238 6337
2013 4264 6311
2014 4260 6315
2015 4246 6329
2016 4264 6311
2017 4288 6287
2018 4289 6286
2019 4276 6299
2020 4295 6280
2021 4306 6269
2022 4299 6276
2023 4315 6260
2024 4318 6257
2025 4342 6233
2026 4331 6244
2027 4321 6254
2028 4294 6281
2029 4309 6266
2030 4311 6264
2031 4291 6284
2032 4307 6268
2033 4321 6254
2034 4294 6281
2035 4322 6253
2036 4316 6259
2037 4328 6247
2038 4324 6251
2039 4320 6255
2040 4333 6242
2041 4344 6231
2042 4348 6227
2043 4359 6216
2044 4380 6195
2045 4369 6206
2046 4363 6212
2047 4359 6216
2048 4367 6208
2049 4359 6216
2050 4341 6234
2051 4334 6241
2052 4332 6243
2053 4361 6214
2054 4373 6202
2055 4352 6223
2056 4346 6229
2057 4339 6236
2058 4336 6239
2059 4320 6255
2060 4317 6258
2061 4315 6260
2062 4311 6264
2063 4313 6262
2064 4290 6285
2065 4277 6298
2066 4287 6288
2067 4290 6285
2068 4308 6267
2069 4295 6280
2070 4281 6294
2071 4303 6272
2072 4308 6267
2073 4317 6258
2074 4337 6238
2075 4358 6217
2076 4355 6220
2077 4350 6225
2078 4320 6255
2079 4306 6269
2080 4330 6245
2081 4330 6245
2082 4350 6225
2083 4342 6233
2084 4334 6241
2085 4364 6211
2086 4339 6236
2087 4343 6232
2088 4320 6255
2089 4349 6226
2090 4338 6237
2091 4337 6238
2092 4323 6252
2093 4341 6234
2094 4329 6246
2095 4322 6253
2096 4324 6251
2097 4319 6256
2098 4354 6221
2099 4346 6229
2100 4330 6245
2101 4327 6248
2102 4322 6253
2103 4314 6261
2104 4325 6250
2105 4335 6240
2106 4304 6271
2107 4296 6279
2108 4261 6314
2109 4254 6321
2110 4273 6302
2111 4275 6300
2112 4284 6291
2113 4274 6301
2114 4306 6269
2115 4299 6276
2116 4320 6255
2117 4338 6237
2118 4350 6225
2119 4320 6255
2120 4335 6240
2121 4343 6232
2122 4352 6223
2123 4337 6238
2124 4326 6249
2125 4327 6248
2126 4346 6229
2127 4350 6225
2128 4352 6223
2129 4339 6236
2130 4322 6253
2131 4332 6243
2132 4313 6262
2133 4320 6255
2134 4286 6289
2135 4292 6283
2136 4299 6276
2137 4317 6258
2138 4272 6303
2139 4265 6310
2140 4256 6319
2141 4274 6301
2142 4274 6301
2143 4255 6320
2144 4282 6293
2145 4281 6294
2146 4277 6298
2147 4274 6301
2148 4257 6318
2149 4257 6318
2150 4257 6318
2151 4248 6327
2152 4242 6333
2153 4204 6371
2154 4216 6359
2155 4209 6366
2156 4236 6339
2157 4261 6314
2158 4250 6325
2159 4263 6312
2160 4267 6308
2161 4250 6325
2162 4262 6313
2163 4282 6293
2164 4272 6303
2165 4255 6320
2166 4227 6348
2167 4232 6343
2168 4232 6343
2169 4256 6319
2170 4225 6350
2171 4227 6348
2172 4222 6353
2173 4230 6345
2174 4232 6343
2175 4261 6314
2176 4253 6322
2177 4264 6311
2178 4286 6289
2179 4274 6301
2180 4275 6300
2181 4272 6303
2182 4267 6308
2183 4265 6310
2184 4271 6304
2185 4255 6320
2186 4272 6303
2187 4289 6286
2188 4285 6290
2189 4296 6279
2190 4265 6310
2191 4280 6295
2192 4273 6302
2193 4260 6315
2194 4291 6284
2195 4284 6291
2196 4297 6278
2197 4282 6293
2198 4295 6280
2199 4290 6285
2200 4293 6282
2201 4294 6281
2202 4261 6314
2203 4275 6300
2204 4270 6305
2205 4258 6317
2206 4282 6293
2207 4270 6305
2208 4274 6301
2209 4268 6307
2210 4290 6285
2211 4282 6293
2212 4268 6307
2213 4275 6300
2214 4278 6297
2215 4287 6288
2216 4282 6293
2217 4308 6267
2218 4313 6262
2219 4305 6270
2220 4340 6235
2221 4321 6254
2222 4302 6273
2223 4322 6253
2224 4337 6238
2225 4328 6247
2226 4324 6251
2227 4281 6294
2228 4284 6291
2229 4287 6288
2230 4282 6293
2231 4288 6287
2232 4282 6293
2233 4296 6279
2234 4298 6277
2235 4292 6283
2236 4292 6283
2237 4284 6291
2238 4289 6286
2239 4280 6295
2240 4300 6275
2241 4303 6272
2242 4310 6265
2243 4319 6256
2244 4317 6258
2245 4318 6257
2246 4271 6304
2247 4292 6283
2248 4276 6299
2249 4299 6276
2250 4284 6291
2251 4277 6298
2252 4264 6311
2253 4254 6321
2254 4249 6326
2255 4248 6327
2256 4283 6292
2257 4313 6262
2258 4336 6239
2259 4306 6269
2260 4303 6272
2261 4285 6290
2262 4289 6286
2263 4298 6277
2264 4307 6268
2265 4308 6267
2266 4319 6256
2267 4339 6236
2268 4303 6272
2269 4294 6281
2270 4298 6277
2271 4289 6286
2272 4286 6289
2273 4308 6267
2274 4302 6273
2275 4279 6296
2276 4301 6274
2277 4306 6269
2278 4318 6257
2279 4301 6274
2280 4300 6275
2281 4303 6272
2282 4275 6300
2283 4273 6302
2284 4266 6309
2285 4279 6296
2286 4269 6306
2287 4284 6291
2288 4266 6309
2289 4258 6317
2290 4245 6330
2291 4264 6311
2292 4268 6307
2293 4266 6309
2294 4291 6284
2295 4287 6288
2296 4309 6266
2297 4302 6273
2298 4304 6271
2299 4321 6254
2300 4318 6257
2301 4314 6261
2302 4275 6300
2303 4252 6323
2304 4226 6349
2305 4246 6329
2306 4250 6325
2307 4257 6318
2308 4232 6343
2309 4224 6351
2310 4221 6354
2311 4241 6334
2312 4234 6341
2313 4246 6329
2314 4245 6330
2315 4266 6309
2316 4263 6312
2317 4292 6283
2318 4282 6293
2319 4286 6289
2320 4283 6292
2321 4273 6302
2322 4251 6324
2323 4259 6316
2324 4258 6317
2325 4276 6299
2326 4283 6292
2327 4285 6290
2328 4275 6300
2329 4290 6285
2330 4291 6284
2331 4289 6286
2332 4288 6287
2333 4257 6318
2334 4257 6318
2335 4254 6321
2336 4246 6329
2337 4225 6350
2338 4237 6338
2339 4260 6315
2340 4272 6303
2341 4280 6295
2342 4293 6282
2343 4272 6303
2344 4262 6313
2345 4285 6290
2346 4293 6282
2347 4297 6278
2348 4297 6278
2349 4271 6304
2350 4279 6296
2351 4280 6295
2352 4283 6292
2353 4269 6306
2354 4304 6271
2355 4271 6304
2356 4264 6311
2357 4285 6290
2358 4264 6311
2359 4289 6286
2360 4297 6278
2361 4298 6277
2362 4281 6294
2363 4295 6280
2364 4309 6266
2365 4304 6271
2366 4314 6261
2367 4310 6265
2368 4281 6294
2369 4287 6288
2370 4298 6277
2371 4288 6287
2372 4316 6259
2373 4317 6258
2374 4337 6238
2375 4343 6232
2376 4345 6230
2377 4344 6231
2378 4329 6246
2379 4314 6261
2380 4354 6221
2381 4367 6208
2382 4383 6192
2383 4388 6187
2384 4382 6193
2385 4370 6205
2386 4361 6214
2387 4345 6230
2388 4360 6215
2389 4349 6226
2390 4309 6266
2391 4351 6224
2392 4360 6215
2393 4361 6214
2394 4343 6232
2395 4362 6213
2396 4375 6200
2397 4378 6197
2398 4377 6198
2399 4347 6228
2400 4351 6224
2401 4358 6217
2402 4321 6254
2403 4319 6256
2404 4321 6254
2405 4330 6245
2406 4340 6235
2407 4340 6235
2408 4359 6216
2409 4344 6231
2410 4355 6220
2411 4390 6185
2412 4357 6218
2413 4364 6211
2414 4354 6221
2415 4320 6255
2416 4332 6243
2417 4291 6284
2418 4306 6269
