0 4425 6150
1 4354 6221
2 4332 6243
3 4305 6270
4 4330 6245
5 4310 6265
6 4304 6271
7 4319 6256
8 4303 6272
9 4289 6286
10 4288 6287
11 4305 6270
12 4296 6279
13 4264 6311
14 4247 6328
15 4273 6302
16 4258 6317
17 4239 6336
18 4213 6362
19 4190 6385
20 4185 6390
21 4213 6362
22 4213 6362
23 4214 6361
24 4231 6344
25 4258 6317
26 4261 6314
27 4229 6346
28 4235 6340
29 4213 6362
30 4204 6371
31 4222 6353
32 4222 6353
33 4222 6353
34 4210 6365
35 4195 6380
36 4227 6348
37 4260 6315
38 4254 6321
39 4264 6311
40 4253 6322
41 4248 6327
42 4259 6316
43 4250 6325
44 4255 6320
45 4272 6303
46 4278 6297
47 4293 6282
48 4271 6304
49 4267 6308
50 4256 6319
51 4264 6311
52 4297 6278
53 4304 6271
54 4327 6248
55 4326 6249
56 4331 6244
57 4307 6268
58 4302 6273
59 4307 6268
60 4300 6275
61 4294 6281
62 4294 6281
63 4284 6291
64 4258 6317
65 4250 6325
66 4244 6331
67 4243 6332
68 4224 6351
69 4206 6369
70 4235 6340
71 4239 6336
72 4252 6323
73 4236 6339
74 4247 6328
75 4240 6335
76 4264 6311
77 4259 6316
78 4263 6312
79 4246 6329
80 4250 6325
81 4264 6311
82 4286 6289
83 4244 6331
84 4235 6340
85 4233 6342
86 4226 6349
87 4217 6358
88 4218 6357
89 4235 6340
90 4255 6320
91 4248 6327
92 4236 6339
93 4221 6354
94 4224 6351
95 4220 6355
96 4238 6337
97 4220 6355
98 4206 6369
99 4187 6388
100 4168 6407
101 4184 6391
102 4150 6425
103 4156 6419
104 4155 6420
105 4153 6422
106 4157 6418
107 4170 6405
108 4154 6421
109 4147 6428
110 4143 6432
111 4131 6444
112 4122 6453
113 4153 6422
114 4162 6413
115 4141 6434
116 4135 6440
117 4146 6429
118 4143 6432
119 4176 6399
120 4166 6409
121 4165 6410
122 4166 6409
123 4175 6400
124 4182 6393
125 4199 6376
126 4182 6393
127 4172 6403
128 4185 6390
129 4193 6382
130 4178 6397
131 4194 6381
132 4213 6362
133 4202 6373
134 4218 6357
135 4238 6337
136 4247 6328
137 4222 6353
138 4239 6336
139 4237 6338
140 4238 6337
141 4247 6328
142 4242 6333
143 4228 6347
144 4233 6342
145 4233 6342
146 4229 6346
147 4222 6353
148 4202 6373
149 4229 6346
150 4233 6342
151 4223 6352
152 4209 6366
153 4220 6355
154 4232 6343
155 4224 6351
156 4232 6343
157 4237 6338
158 4249 6326
159 4285 6290
160 4296 6279
161 4272 6303
162 4295 6280
163 4294 6281
164 4307 6268
165 4293 6282
166 4317 6258
167 4336 6239
168 4348 6227
169 4351 6224
170 4342 6233
171 4323 6252
172 4345 6230
173 4329 6246
174 4326 6249
175 4345 6230
176 4374 6201
177 4379 6196
178 4390 6185
179 4381 6194
180 4370 6205
181 4385 6190
182 4389 6186
183 4448 6127
184 4441 6134
185 4459 6116
186 4469 6106
187 4478 6097
188 4494 6081
189 4460 6115
190 4466 6109
191 4490 6085
192 4524 6051
193 4529 6046
194 4515 6060
195 4527 6048
196 4500 6075
197 4475 6100
198 4474 6101
199 4477 6098
200 4490 6085
201 4479 6096
202 4502 6073
203 4494 6081
204 4479 6096
205 4479 6096
206 4497 6078
207 4468 6107
208 4477 6098
209 4462 6113
210 4424 6151
211 4408 6167
212 4435 6140
213 4454 6121
214 4419 6156
215 4433 6142
216 4429 6146
217 4446 6129
218 4460 6115
219 4464 6111
220 4453 6122
221 4446 6129
222 4460 6115
223 4457 6118
224 4436 6139
225 4425 6150
226 4423 6152
227 4421 6154
228 4429 6146
229 4433 6142
230 4431 6144
231 4420 6155
232 4421 6154
233 4415 6160
234 4440 6135
235 4424 6151
236 4409 6166
237 4399 6176
238 4408 6167
239 4425 6150
240 4427 6148
241 4427 6148
242 4412 6163
243 4403 6172
244 4398 6177
245 4378 6197
246 4404 6171
247 4396 6179
248 4438 6137
249 4446 6129
250 4439 6136
251 4464 6111
252 4435 6140
253 4444 6131
254 4443 6132
255 4456 6119
256 4460 6115
257 4459 6116
258 4466 6109
259 4450 6125
260 4477 6098
261 4477 6098
262 4487 6088
263 4507 6068
264 4517 6058
265 4490 6085
266 4463 6112
267 4469 6106
268 4484 6091
269 4501 6074
270 4473 6102
271 4463 6112
272 4457 6118
273 4465 6110
274 4472 6103
275 4478 6097
276 4460 6115
277 4455 6120
278 4431 6144
279 4425 6150
280 4406 6169
281 4430 6145
282 4447 6128
283 4437 6138
284 4433 6142
285 4418 6157
286 4424 6151
287 4413 6162
288 4418 6157
289 4432 6143
290 4420 6155
291 4428 6147
292 4425 6150
293 4420 6155
294 4442 6133
295 4448 6127
296 4417 6158
297 4399 6176
298 4385 6190
299 4376 6199
300 4392 6183
301 4382 6193
302 4389 6186
303 4368 6207
304 4358 6217
305 4375 6200
306 4360 6215
307 4363 6212
308 4330 6245
309 4332 6243
310 4350 6225
311 4379 6196
312 4358 6217
313 4358 6217
314 4346 6229
315 4341 6234
316 4309 6266
317 4299 6276
318 4327 6248
319 4340 6235
320 4316 6259
321 4320 6255
322 4343 6232
323 4323 6252
324 4318 6257
325 4311 6264
326 4324 6251
327 4331 6244
328 4311 6264
329 4329 6246
330 4300 6275
331 4319 6256
332 4323 6252
333 4307 6268
334 4309 6266
335 4310 6265
336 4321 6254
337 4352 6223
338 4344 6231
339 4358 6217
340 4341 6234
341 4328 6247
342 4314 6261
343 4325 6250
344 4317 6258
345 4338 6237
346 4348 6227
347 4378 6197
348 4392 6183
349 4427 6148
350 4417 6158
351 4407 6168
352 4407 6168
353 4433 6142
354 4441 6134
355 4431 6144
356 4441 6134
357 4454 6121
358 4452 6123
359 4463 6112
360 4482 6093
361 4461 6114
362 4469 6106
363 4490 6085
364 4510 6065
365 4528 6047
366 4551 6024
367 4525 6050
368 4542 6033
369 4543 6032
370 4553 6022
371 4609 5966
372 4612 5963
373 4594 5981
374 4610 5965
375 4619 5956
376 4610 5965
377 4605 5970
378 4595 5980
379 4607 5968
380 4596 5979
381 4596 5979
382 4599 5976
383 4630 5945
384 4639 5936
385 4629 5946
386 4634 5941
387 4630 5945
388 4669 5906
389 4684 5891
390 4684 5891
391 4664 5911
392 4667 5908
393 4691 5884
394 4696 5879
395 4725 5850
396 4692 5883
397 4708 5867
398 4684 5891
399 4668 5907
400 4670 5905
401 4652 5923
402 4686 5889
403 4684 5891
404 4688 5887
405 4666 5909
406 4681 5894
407 4675 5900
408 4641 5934
409 4639 5936
410 4673 5902
411 4682 5893
412 4670 5905
413 4702 5873
414 4699 5876
415 4697 5878
416 4707 5868
417 4692 5883
418 4668 5907
419 4658 5917
420 4680 5895
421 4683 5892
422 4675 5900
423 4684 5891
424 4661 5914
425 4671 5904
426 4653 5922
427 4650 5925
428 4649 5926
429 4627 5948
430 4658 5917
431 4662 5913
432 4641 5934
433 4640 5935
434 4610 5965
435 4597 5978
436 4578 5997
437 4600 5975
438 4601 5974
439 4602 5973
440 4610 5965
441 4579 5996
442 4576 5999
443 4574 6001
444 4608 5967
445 4594 5981
446 4586 5989
447 4597 5978
448 4584 5991
449 4590 5985
450 4593 5982
451 4599 5976
452 4578 5997
453 4592 5983
454 4593 5982
455 4594 5981
456 4583 5992
457 4551 6024
458 4560 6015
459 4568 6007
460 4534 6041
461 4561 6014
462 4558 6017
463 4550 6025
464 4535 6040
465 4533 6042
466 4508 6067
467 4505 6070
468 4510 6065
469 4495 6080
470 4507 6068
471 4485 6090
472 4481 6094
473 4496 6079
474 4536 6039
475 4520 6055
476 4566 6009
477 4541 6034
478 4575 6000
479 4591 5984
480 4583 5992
481 4569 6006
482 4587 5988
483 4611 5964
484 4590 5985
485 4593 5982
486 4589 5986
487 4567 6008
488 4559 6016
489 4553 6022
490 4589 5986
491 4597 5978
492 4617 5958
493 4599 5976
494 4597 5978
495 4597 5978
496 4624 5951
497 4640 5935
498 4613 5962
499 4578 5997
500 4574 6001
501 4591 5984
502 4560 6015
503 4581 5994
504 4605 5970
505 4617 5958
506 4614 5961
507 4604 5971
508 4589 5986
509 4593 5982
510 4580 5995
511 4576 5999
512 4614 5961
513 4627 5948
514 4627 5948
515 4620 5955
516 4619 5956
517 4655 5920
518 4636 5939
519 4618 5957
520 4608 5967
521 4632 5943
522 4642 5933
523 4650 5925
524 4645 5930
525 4645 5930
526 4623 5952
527 4634 5941
528 4635 5940
529 4626 5949
530 4594 5981
531 4605 5970
532 4599 5976
533 4608 5967
534 4602 5973
535 4598 5977
536 4605 5970
537 4616 5959
538 4617 5958
539 4590 5985
540 4571 6004
541 4614 5961
542 4604 5971
543 4599 5976
544 4586 5989
545 4608 5967
546 4609 5966
547 4603 5972
548 4597 5978
549 4597 5978
550 4569 6006
551 4558 6017
552 4586 5989
553 4579 5996
554 4579 5996
555 4606 5969
556 4598 5977
557 4638 5937
558 4643 5932
559 4646 5929
560 4645 5930
561 4678 5897
562 4660 5915
563 4664 5911
564 4674 5901
565 4673 5902
566 4685 5890
567 4702 5873
568 4708 5867
569 4675 5900
570 4664 5911
571 4668 5907
572 4662 5913
573 4659 5916
574 4678 5897
575 4682 5893
576 4695 5880
577 4706 5869
578 4694 5881
579 4692 5883
580 4688 5887
581 4710 5865
582 4712 5863
583 4701 5874
584 4702 5873
585 4693 5882
586 4718 5857
587 4701 5874
588 4687 5888
589 4716 5859
590 4733 5842
591 4763 5812
592 4795 5780
593 4791 5784
594 4805 5770
595 4811 5764
596 4781 5794
597 4815 5760
598 4827 5748
599 4818 5757
600 4820 5755
601 4817 5758
602 4820 5755
603 4835 5740
604 4844 5731
605 4833 5742
606 4809 5766
607 4828 5747
608 4817 5758
609 4849 5726
610 4844 5731
611 4831 5744
612 4832 5743
613 4821 5754
614 4825 5750
615 4807 5768
616 4813 5762
617 4809 5766
618 4786 5789
619 4786 5789
620 4795 5780
621 4794 5781
622 4813 5762
623 4812 5763
624 4821 5754
625 4809 5766
626 4838 5737
627 4807 5768
628 4802 5773
629 4795 5780
630 4787 5788
631 4769 5806
632 4779 5796
633 4762 5813
634 4760 5815
635 4761 5814
636 4760 5815
637 4747 5828
638 4766 5809
639 4742 5833
640 4750 5825
641 4758 5817
642 4789 5786
643 4784 5791
644 4763 5812
645 4760 5815
646 4789 5786
647 4790 5785
648 4764 5811
649 4771 5804
650 4773 5802
651 4763 5812
652 4771 5804
653 4790 5785
654 4778 5797
655 4778 5797
656 4766 5809
657 4770 5805
658 4749 5826
659 4737 5838
660 4753 5822
661 4776 5799
662 4771 5804
663 4755 5820
664 4715 5860
665 4723 5852
666 4748 5827
667 4749 5826
668 4730 5845
669 4756 5819
670 4730 5845
671 4760 5815
672 4747 5828
673 4763 5812
674 4747 5828
675 4759 5816
676 4768 5807
677 4765 5810
678 4771 5804
679 4791 5784
680 4787 5788
681 4793 5782
682 4785 5790
683 4799 5776
684 4792 5783
685 4798 5777
686 4790 5785
687 4754 5821
688 4758 5817
689 4755 5820
690 4756 5819
691 4761 5814
692 4755 5820
693 4752 5823
694 4759 5816
695 4741 5834
696 4734 5841
697 4731 5844
698 4755 5820
699 4746 5829
700 4753 5822
701 4750 5825
702 4724 5851
703 4711 5864
704 4682 5893
705 4684 5891
706 4681 5894
707 4659 5916
708 4658 5917
709 4650 5925
710 4674 5901
711 4693 5882
712 4715 5860
713 4724 5851
714 4713 5862
715 4715 5860
716 4726 5849
717 4723 5852
718 4724 5851
719 4726 5849
720 4721 5854
721 4728 5847
722 4753 5822
723 4753 5822
724 4747 5828
725 4756 5819
726 4759 5816
727 4783 5792
728 4767 5808
729 4747 5828
730 4739 5836
731 4759 5816
732 4734 5841
733 4731 5844
734 4736 5839
735 4740 5835
736 4744 5831
737 4740 5835
738 4738 5837
739 4741 5834
740 4771 5804
741 4792 5783
742 4802 5773
743 4810 5765
744 4780 5795
745 4772 5803
746 4768 5807
747 4777 5798
748 4776 5799
749 4772 5803
750 4750 5825
751 4753 5822
752 4773 5802
753 4772 5803
754 4763 5812
755 4768 5807
756 4811 5764
757 4819 5756
758 4817 5758
759 4848 5727
760 4863 5712
761 4819 5756
762 4816 5759
763 4806 5769
764 4823 5752
765 4833 5742
766 4827 5748
767 4826 5749
768 4834 5741
769 4873 5702
770 4893 5682
771 4890 5685
772 4893 5682
773 4877 5698
774 4897 5678
775 4890 5685
776 4898 5677
777 4906 5669
778 4902 5673
779 4902 5673
780 4926 5649
781 4938 5637
782 4945 5630
783 4966 5609
784 4964 5611
785 4992 5583
786 5001 5574
787 5010 5565
788 5013 5562
789 5023 5552
790 5041 5534
791 5033 5542
792 5032 5543
793 5029 5546
794 5032 5543
795 5014 5561
796 5025 5550
797 5002 5573
798 4991 5584
799 4995 5580
800 5002 5573
801 5023 5552
802 4999 5576
803 4990 5585
804 4990 5585
805 4988 5587
806 4979 5596
807 4959 5616
808 4978 5597
809 4997 5578
810 4991 5584
811 4968 5607
812 4944 5631
813 4928 5647
814 4942 5633
815 4936 5639
816 4954 5621
817 4949 5626
818 4945 5630
819 4922 5653
820 4904 5671
821 4900 5675
822 4893 5682
823 4915 5660
824 4921 5654
825 4920 5655
826 4947 5628
827 4988 5587
828 4988 5587
829 4987 5588
830 5007 5568
831 4975 5600
832 4977 5598
833 4980 5595
834 4987 5588
835 4980 5595
836 4983 5592
837 4975 5600
838 4957 5618
839 4950 5625
840 4954 5621
841 4943 5632
842 4938 5637
843 4934 5641
844 4928 5647
845 4954 5621
846 4952 5623
847 4943 5632
848 4935 5640
849 4942 5633
850 4925 5650
851 4927 5648
852 4928 5647
853 4953 5622
854 4975 5600
855 4948 5627
856 4975 5600
857 4985 5590
858 4980 5595
859 4960 5615
860 4965 5610
861 4959 5616
862 4965 5610
863 4962 5613
864 4970 5605
865 4972 5603
866 4980 5595
867 4983 5592
868 4964 5611
869 4959 5616
870 4946 5629
871 4954 5621
872 4946 5629
873 4939 5636
874 4947 5628
875 4953 5622
876 4922 5653
877 4898 5677
878 4879 5696
879 4873 5702
880 4861 5714
881 4884 5691
882 4853 5722
883 4857 5718
884 4864 5711
885 4884 5691
886 4881 5694
887 4903 5672
888 4910 5665
889 4913 5662
890 4897 5678
891 4895 5680
892 4893 5682
893 4890 5685
894 4873 5702
895 4875 5700
896 4890 5685
897 4893 5682
898 4889 5686
899 4868 5707
900 4848 5727
901 4850 5725
902 4839 5736
903 4843 5732
904 4853 5722
905 4832 5743
906 4811 5764
907 4788 5787
908 4769 5806
909 4767 5808
910 4783 5792
911 4821 5754
912 4842 5733
913 4874 5701
914 4870 5705
915 4869 5706
916 4851 5724
917 4845 5730
918 4845 5730
919 4861 5714
920 4862 5713
921 4860 5715
922 4856 5719
923 4853 5722
924 4866 5709
925 4887 5688
926 4881 5694
927 4900 5675
928 4899 5676
929 4894 5681
930 4913 5662
931 4911 5664
932 4894 5681
933 4891 5684
934 4925 5650
935 4919 5656
936 4904 5671
937 4912 5663
938 4878 5697
939 4860 5715
940 4852 5723
941 4877 5698
942 4866 5709
943 4872 5703
944 4863 5712
945 4877 5698
946 4866 5709
947 4856 5719
948 4852 5723
949 4863 5712
950 4893 5682
951 4877 5698
952 4873 5702
953 4855 5720
954 4886 5689
955 4903 5672
956 4911 5664
957 4889 5686
958 4880 5695
959 4881 5694
960 4886 5689
961 4892 5683
962 4873 5702
963 4886 5689
964 4901 5674
965 4888 5687
966 4896 5679
967 4886 5689
968 4874 5701
969 4901 5674
970 4857 5718
971 4839 5736
972 4861 5714
973 4876 5699
974 4877 5698
975 4880 5695
976 4882 5693
977 4883 5692
978 4899 5676
979 4908 5667
980 4912 5663
981 4912 5663
982 4945 5630
983 4951 5624
984 4933 5642
985 4939 5636
986 4951 5624
987 4934 5641
988 4962 5613
989 4941 5634
990 4953 5622
991 4947 5628
992 4927 5648
993 4905 5670
994 4905 5670
995 4902 5673
996 4915 5660
997 4925 5650
998 4952 5623
999 4937 5638
1000 4950 5625
1001 4948 5627
1002 4935 5640
1003 4923 5652
1004 4905 5670
1005 4916 5659
1006 4878 5697
1007 4864 5711
1008 4855 5720
1009 4858 5717
1010 4856 5719
1011 4860 5715
1012 4885 5690
1013 4903 5672
1014 4883 5692
1015 4896 5679
1016 4896 5679
1017 4879 5696
1018 4883 5692
1019 4896 5679
1020 4904 5671
1021 4932 5643
1022 4916 5659
1023 4911 5664
1024 4912 5663
1025 4892 5683
1026 4861 5714
1027 4884 5691
1028 4889 5686
1029 4903 5672
1030 4893 5682
1031 4899 5676
1032 4885 5690
1033 4897 5678
1034 4889 5686
1035 4896 5679
1036 4879 5696
1037 4896 5679
1038 4889 5686
1039 4884 5691
1040 4889 5686
1041 4874 5701
1042 4842 5733
1043 4856 5719
1044 4848 5727
1045 4848 5727
1046 4856 5719
1047 4818 5757
1048 4815 5760
1049 4809 5766
1050 4791 5784
1051 4800 5775
1052 4816 5759
1053 4807 5768
1054 4823 5752
1055 4779 5796
1056 4792 5783
1057 4811 5764
1058 4801 5774
1059 4792 5783
1060 4770 5805
1061 4783 5792
1062 4775 5800
1063 4778 5797
1064 4786 5789
1065 4784 5791
1066 4814 5761
1067 4824 5751
1068 4809 5766
1069 4834 5741
1070 4827 5748
1071 4804 5771
1072 4794 5781
1073 4808 5767
1074 4820 5755
1075 4819 5756
1076 4831 5744
1077 4822 5753
1078 4796 5779
1079 4792 5783
1080 4806 5769
1081 4822 5753
1082 4817 5758
1083 4795 5780
1084 4814 5761
1085 4820 5755
1086 4828 5747
1087 4811 5764
1088 4796 5779
1089 4797 5778
1090 4796 5779
1091 4798 5777
1092 4815 5760
1093 4790 5785
1094 4776 5799
1095 4779 5796
1096 4764 5811
1097 4757 5818
1098 4768 5807
1099 4757 5818
1100 4762 5813
1101 4786 5789
1102 4802 5773
1103 4820 5755
1104 4835 5740
1105 4843 5732
1106 4835 5740
1107 4857 5718
1108 4853 5722
1109 4860 5715
1110 4857 5718
1111 4859 5716
1112 4835 5740
1113 4827 5748
1114 4843 5732
1115 4831 5744
1116 4817 5758
1117 4813 5762
1118 4782 5793
1119 4781 5794
1120 4789 5786
1121 4822 5753
1122 4822 5753
1123 4808 5767
1124 4807 5768
1125 4797 5778
1126 4806 5769
1127 4799 5776
1128 4777 5798
1129 4796 5779
1130 4796 5779
1131 4787 5788
1132 4823 5752
1133 4838 5737
1134 4827 5748
1135 4830 5745
1136 4817 5758
1137 4817 5758
1138 4786 5789
1139 4809 5766
1140 4773 5802
1141 4782 5793
1142 4786 5789
1143 4805 5770
1144 4800 5775
1145 4797 5778
1146 4773 5802
1147 4782 5793
1148 4787 5788
1149 4783 5792
1150 4800 5775
1151 4835 5740
1152 4844 5731
1153 4816 5759
1154 4820 5755
1155 4814 5761
1156 4841 5734
1157 4817 5758
1158 4805 5770
1159 4815 5760
1160 4833 5742
1161 4822 5753
1162 4807 5768
1163 4794 5781
1164 4782 5793
1165 4774 5801
1166 4760 5815
1167 4761 5814
1168 4753 5822
1169 4741 5834
1170 4751 5824
1171 4761 5814
1172 4770 5805
1173 4787 5788
1174 4758 5817
1175 4778 5797
1176 4795 5780
1177 4792 5783
1178 4783 5792
1179 4753 5822
1180 4776 5799
1181 4772 5803
1182 4758 5817
1183 4750 5825
1184 4738 5837
1185 4736 5839
1186 4736 5839
1187 4744 5831
1188 4717 5858
1189 4737 5838
1190 4737 5838
1191 4772 5803
1192 4764 5811
1193 4743 5832
1194 4725 5850
1195 4718 5857
1196 4702 5873
1197 4706 5869
1198 4714 5861
1199 4703 5872
1200 4680 5895
1201 4719 5856
1202 4736 5839
1203 4752 5823
1204 4720 5855
1205 4712 5863
1206 4693 5882
1207 4711 5864
1208 4737 5838
1209 4747 5828
1210 4732 5843
1211 4705 5870
1212 4706 5869
1213 4711 5864
1214 4756 5819
1215 4732 5843
1216 4733 5842
1217 4751 5824
1218 4729 5846
1219 4719 5856
1220 4708 5867
1221 4700 5875
1222 4680 5895
1223 4696 5879
1224 4700 5875
1225 4687 5888
1226 4675 5900
1227 4677 5898
1228 4685 5890
1229 4696 5879
1230 4714 5861
1231 4711 5864
1232 4708 5867
1233 4706 5869
1234 4704 5871
1235 4699 5876
1236 4706 5869
1237 4679 5896
1238 4692 5883
1239 4683 5892
1240 4666 5909
1241 4670 5905
1242 4687 5888
1243 4672 5903
1244 4676 5899
1245 4688 5887
1246 4689 5886
1247 4679 5896
1248 4651 5924
1249 4664 5911
1250 4647 5928
1251 4673 5902
1252 4670 5905
1253 4672 5903
1254 4666 5909
1255 4655 5920
1256 4660 5915
1257 4660 5915
1258 4636 5939
1259 4607 5968
1260 4612 5963
1261 4596 5979
1262 4615 5960
1263 4628 5947
1264 4608 5967
1265 4600 5975
1266 4619 5956
1267 4621 5954
1268 4619 5956
1269 4613 5962
1270 4590 5985
1271 4579 5996
1272 4589 5986
1273 4588 5987
1274 4585 5990
1275 4581 5994
1276 4583 5992
1277 4603 5972
1278 4620 5955
1279 4652 5923
1280 4629 5946
1281 4602 5973
1282 4619 5956
1283 4629 5946
1284 4625 5950
1285 4639 5936
1286 4604 5971
1287 4616 5959
1288 4642 5933
1289 4633 5942
1290 4621 5954
1291 4620 5955
1292 4615 5960
1293 4628 5947
1294 4626 5949
1295 4611 5964
1296 4631 5944
1297 4637 5938
1298 4669 5906
1299 4712 5863
1300 4714 5861
1301 4686 5889
1302 4688 5887
1303 4658 5917
1304 4680 5895
1305 4659 5916
1306 4661 5914
1307 4643 5932
1308 4664 5911
1309 4657 5918
1310 4668 5907
1311 4691 5884
1312 4706 5869
1313 4696 5879
1314 4691 5884
1315 4694 5881
1316 4709 5866
1317 4709 5866
1318 4695 5880
1319 4679 5896
1320 4678 5897
1321 4655 5920
1322 4653 5922
1323 4621 5954
1324 4634 5941
1325 4662 5913
1326 4651 5924
1327 4620 5955
1328 4628 5947
1329 4631 5944
1330 4625 5950
1331 4597 5978
1332 4596 5979
1333 4584 5991
1334 4597 5978
1335 4604 5971
1336 4592 5983
1337 4601 5974
1338 4596 5979
1339 4601 5974
1340 4622 5953
1341 4621 5954
1342 4609 5966
1343 4590 5985
1344 4591 5984
1345 4589 5986
1346 4587 5988
1347 4592 5983
1348 4606 5969
1349 4619 5956
1350 4630 5945
1351 4631 5944
1352 4636 5939
1353 4656 5919
1354 4636 5939
1355 4633 5942
1356 4656 5919
1357 4645 5930
1358 4650 5925
1359 4649 5926
1360 4644 5931
1361 4656 5919
1362 4637 5938
1363 4654 5921
1364 4681 5894
1365 4640 5935
1366 4644 5931
1367 4634 5941
1368 4639 5936
1369 4667 5908
1370 4652 5923
1371 4646 5929
1372 4634 5941
1373 4634 5941
1374 4635 5940
1375 4640 5935
1376 4631 5944
1377 4658 5917
1378 4628 5947
1379 4627 5948
1380 4648 5927
1381 4639 5936
1382 4680 5895
1383 4652 5923
1384 4635 5940
1385 4676 5899
1386 4683 5892
1387 4693 5882
1388 4681 5894
1389 4673 5902
1390 4667 5908
1391 4639 5936
1392 4639 5936
1393 4642 5933
1394 4665 5910
1395 4643 5932
1396 4627 5948
1397 4637 5938
1398 4636 5939
1399 4618 5957
1400 4587 5988
1401 4590 5985
1402 4594 5981
1403 4581 5994
1404 4582 5993
1405 4580 5995
1406 4561 6014
1407 4557 6018
1408 4553 6022
1409 4553 6022
1410 4538 6037
1411 4527 6048
1412 4539 6036
1413 4537 6038
1414 4522 6053
1415 4526 6049
1416 4520 6055
1417 4529 6046
1418 4506 6069
1419 4525 6050
1420 4534 6041
1421 4544 6031
1422 4562 6013
1423 4578 5997
1424 4542 6033
1425 4524 6051
1426 4531 6044
1427 4544 6031
1428 4553 6022
1429 4567 6008
1430 4583 5992
1431 4596 5979
1432 4594 5981
1433 4579 5996
1434 4597 5978
1435 4586 5989
1436 4583 5992
1437 4557 6018
1438 4560 6015
1439 4546 6029
1440 4535 6040
1441 4533 6042
1442 4535 6040
1443 4555 6020
1444 4564 6011
1445 4540 6035
1446 4536 6039
1447 4512 6063
1448 4499 6076
1449 4496 6079
1450 4494 6081
1451 4511 6064
1452 4498 6077
1453 4499 6076
1454 4508 6067
1455 4497 6078
1456 4518 6057
1457 4515 6060
1458 4517 6058
1459 4543 6032
1460 4538 6037
1461 4569 6006
1462 4569 6006
1463 4557 6018
1464 4529 6046
1465 4494 6081
1466 4478 6097
1467 4488 6087
1468 4482 6093
1469 4479 6096
1470 4472 6103
1471 4474 6101
1472 4468 6107
1473 4486 6089
1474 4475 6100
1475 4487 6088
1476 4488 6087
1477 4462 6113
1478 4463 6112
1479 4494 6081
1480 4498 6077
1481 4507 6068
1482 4485 6090
1483 4488 6087
1484 4487 6088
1485 4495 6080
1486 4471 6104
1487 4496 6079
1488 4505 6070
1489 4480 6095
1490 4496 6079
1491 4510 6065
1492 4513 6062
1493 4482 6093
1494 4473 6102
1495 4480 6095
1496 4513 6062
1497 4501 6074
1498 4501 6074
1499 4505 6070
1500 4506 6069
1501 4504 6071
1502 4467 6108
1503 4465 6110
1504 4474 6101
1505 4479 6096
1506 4474 6101
1507 4466 6109
1508 4479 6096
1509 4504 6071
1510 4493 6082
1511 4497 6078
1512 4513 6062
1513 4494 6081
1514 4476 6099
1515 4460 6115
1516 4462 6113
1517 4451 6124
1518 4463 6112
1519 4464 6111
1520 4443 6132
1521 4450 6125
1522 4476 6099
1523 4462 6113
1524 4476 6099
1525 4467 6108
1526 4432 6143
1527 4421 6154
1528 4419 6156
1529 4437 6138
1530 4429 6146
1531 4485 6090
1532 4495 6080
1533 4479 6096
1534 4466 6109
1535 4473 6102
1536 4473 6102
1537 4450 6125
1538 4462 6113
1539 4460 6115
1540 4433 6142
1541 4432 6143
1542 4441 6134
1543 4441 6134
1544 4474 6101
1545 4510 6065
1546 4500 6075
1547 4491 6084
1548 4499 6076
1549 4501 6074
1550 4466 6109
1551 4470 6105
1552 4473 6102
1553 4450 6125
1554 4444 6131
1555 4450 6125
1556 4470 6105
1557 4461 6114
1558 4471 6104
1559 4446 6129
1560 4447 6128
1561 4437 6138
1562 4435 6140
1563 4406 6169
1564 4416 6159
1565 4410 6165
1566 4402 6173
1567 4411 6164
1568 4392 6183
1569 4397 6178
1570 4403 6172
1571 4387 6188
1572 4368 6207
1573 4374 6201
1574 4409 6166
1575 4400 6175
1576 4407 6168
1577 4431 6144
1578 4446 6129
1579 4422 6153
1580 4394 6181
1581 4406 6169
1582 4406 6169
1583 4408 6167
1584 4430 6145
1585 4442 6133
1586 4450 6125
1587 4410 6165
1588 4415 6160
1589 4420 6155
1590 4417 6158
1591 4423 6152
1592 4417 6158
1593 4432 6143
1594 4451 6124
1595 4429 6146
1596 4427 6148
1597 4429 6146
1598 4395 6180
1599 4407 6168
1600 4407 6168
1601 4413 6162
1602 4415 6160
1603 4432 6143
1604 4425 6150
1605 4407 6168
1606 4408 6167
1607 4417 6158
1608 4434 6141
1609 4437 6138
1610 4422 6153
1611 4406 6169
1612 4394 6181
1613 4394 6181
1614 4400 6175
1615 4393 6182
1616 4368 6207
1617 4371 6204
1618 4387 6188
1619 4408 6167
1620 4404 6171
1621 4399 6176
1622 4413 6162
1623 4398 6177
1624 4412 6163
1625 4414 6161
1626 4420 6155
1627 4418 6157
1628 4374 6201
1629 4391 6184
1630 4394 6181
1631 4413 6162
1632 4403 6172
1633 4413 6162
1634 4429 6146
1635 4433 6142
1636 4428 6147
1637 4417 6158
1638 4422 6153
1639 4406 6169
1640 4410 6165
1641 4413 6162
1642 4393 6182
1643 4423 6152
1644 4439 6136
1645 4449 6126
1646 4435 6140
1647 4453 6122
1648 4459 6116
1649 4475 6100
1650 4482 6093
1651 4475 6100
1652 4467 6108
1653 4455 6120
1654 4456 6119
1655 4481 6094
1656 4471 6104
1657 4483 6092
1658 4484 6091
1659 4469 6106
1660 4469 6106
1661 4462 6113
1662 4465 6110
1663 4452 6123
1664 4473 6102
1665 4452 6123
1666 4463 6112
1667 4485 6090
1668 4515 6060
1669 4483 6092
1670 4496 6079
1671 4483 6092
1672 4498 6077
1673 4480 6095
1674 4466 6109
1675 4475 6100
1676 4461 6114
1677 4490 6085
1678 4490 6085
1679 4483 6092
1680 4502 6073
1681 4470 6105
1682 4468 6107
1683 4432 6143
1684 4422 6153
1685 4448 6127
1686 4447 6128
1687 4451 6124
1688 4425 6150
1689 4414 6161
1690 4438 6137
1691 4429 6146
1692 4432 6143
1693 4447 6128
1694 4427 6148
1695 4455 6120
1696 4437 6138
1697 4428 6147
1698 4450 6125
1699 4444 6131
1700 4447 6128
1701 4441 6134
1702 4434 6141
1703 4452 6123
1704 4460 6115
1705 4440 6135
1706 4432 6143
1707 4446 6129
1708 4454 6121
1709 4449 6126
1710 4482 6093
1711 4471 6104
1712 4466 6109
1713 4470 6105
1714 4476 6099
1715 4484 6091
1716 4474 6101
1717 4462 6113
1718 4449 6126
1719 4455 6120
1720 4429 6146
1721 4432 6143
1722 4426 6149
1723 4421 6154
1724 4389 6186
1725 4412 6163
1726 4414 6161
1727 4424 6151
1728 4425 6150
1729 4411 6164
1730 4423 6152
1731 4433 6142
1732 4424 6151
1733 4412 6163
1734 4432 6143
1735 4450 6125
1736 4437 6138
1737 4437 6138
1738 4422 6153
1739 4438 6137
1740 4429 6146
1741 4448 6127
1742 4452 6123
1743 4449 6126
1744 4440 6135
1745 4423 6152
1746 4410 6165
1747 4409 6166
1748 4405 6170
1749 4437 6138
1750 4420 6155
1751 4434 6141
1752 4433 6142
1753 4421 6154
1754 4406 6169
1755 4406 6169
1756 4398 6177
1757 4408 6167
1758 4398 6177
1759 4406 6169
1760 4409 6166
1761 4360 6215
1762 4351 6224
1763 4366 6209
1764 4390 6185
1765 4395 6180
1766 4397 6178
1767 4403 6172
1768 4413 6162
1769 4431 6144
1770 4418 6157
1771 4442 6133
1772 4422 6153
1773 4458 6117
1774 4431 6144
1775 4430 6145
1776 4452 6123
1777 4443 6132
1778 4474 6101
1779 4494 6081
1780 4486 6089
1781 4458 6117
1782 4461 6114
1783 4460 6115
1784 4419 6156
1785 4398 6177
1786 4443 6132
1787 4461 6114
1788 4476 6099
1789 4442 6133
1790 4440 6135
1791 4460 6115
1792 4450 6125
1793 4424 6151
1794 4395 6180
1795 4394 6181
1796 4417 6158
1797 4419 6156
1798 4453 6122
1799 4448 6127
1800 4455 6120
1801 4433 6142
1802 4425 6150
1803 4420 6155
1804 4396 6179
1805 4396 6179
1806 4390 6185
1807 4379 6196
1808 4378 6197
1809 4398 6177
1810 4383 6192
1811 4391 6184
1812 4366 6209
1813 4381 6194
1814 4400 6175
1815 4397 6178
1816 4395 6180
1817 4369 6206
1818 4361 6214
1819 4358 6217
1820 4370 6205
1821 4381 6194
1822 4386 6189
1823 4406 6169
1824 4402 6173
1825 4390 6185
1826 4397 6178
1827 4415 6160
1828 4424 6151
1829 4458 6117
1830 4464 6111
1831 4431 6144
1832 4423 6152
1833 4456 6119
1834 4452 6123
1835 4472 6103
1836 4458 6117
1837 4448 6127
1838 4445 6130
1839 4424 6151
1840 4418 6157
1841 4462 6113
1842 4429 6146
1843 4417 6158
1844 4406 6169
1845 4391 6184
1846 4374 6201
1847 4381 6194
1848 4373 6202
1849 4364 6211
1850 4364 6211
1851 4370 6205
1852 4364 6211
1853 4376 6199
1854 4393 6182
1855 4399 6176
1856 4403 6172
1857 4408 6167
1858 4398 6177
1859 4394 6181
1860 4399 6176
1861 4380 6195
1862 4401 6174
1863 4402 6173
1864 4386 6189
1865 4380 6195
1866 4421 6154
1867 4432 6143
1868 4444 6131
1869 4447 6128
1870 4420 6155
1871 4427 6148
1872 4460 6115
1873 4484 6091
1874 4461 6114
1875 4445 6130
1876 4425 6150
1877 4414 6161
1878 4415 6160
1879 4403 6172
1880 4416 6159
1881 4394 6181
1882 4401 6174
1883 4390 6185
1884 4410 6165
1885 4416 6159
1886 4398 6177
1887 4398 6177
1888 4407 6168
1889 4401 6174
1890 4412 6163
1891 4402 6173
1892 4404 6171
1893 4405 6170
1894 4405 6170
1895 4404 6171
1896 4426 6149
1897 4422 6153
1898 4446 6129
1899 4430 6145
1900 4432 6143
1901 4435 6140
1902 4410 6165
1903 4406 6169
1904 4408 6167
1905 4402 6173
1906 4417 6158
1907 4422 6153
1908 4406 6169
1909 4393 6182
1910 4394 6181
1911 4389 6186
1912 4396 6179
1913 4364 6211
1914 4360 6215
1915 4358 6217
1916 4372 6203
1917 4350 6225
1918 4335 6240
1919 4359 6216
1920 4363 6212
1921 4377 6198
1922 4382 6193
1923 4366 6209
1924 4372 6203
1925 4372 6203
1926 4352 6223
1927 4394 6181
1928 4399 6176
1929 4368 6207
1930 4355 6220
1931 4358 6217
1932 4361 6214
1933 4362 6213
1934 4342 6233
1935 4334 6241
1936 4332 6243
1937 4336 6239
1938 4317 6258
1939 4297 6278
1940 4305 6270
1941 4329 6246
1942 4332 6243
1943 4352 6223
1944 4364 6211
1945 4345 6230
1946 4351 6224
1947 4374 6201
1948 4355 6220
1949 4348 6227
1950 4322 6253
1951 4331 6244
1952 4352 6223
1953 4337 6238
1954 4340 6235
1955 4307 6268
1956 4306 6269
1957 4297 6278
1958 4302 6273
1959 4329 6246
1960 4340 6235
1961 4331 6244
1962 4325 6250
1963 4327 6248
1964 4345 6230
1965 4373 6202
1966 4386 6189
1967 4402 6173
1968 4391 6184
1969 4409 6166
1970 4382 6193
1971 4389 6186
1972 4383 6192
1973 4376 6199
1974 4396 6179
1975 4414 6161
1976 4399 6176
1977 4384 6191
1978 4372 6203
1979 4395 6180
1980 4380 6195
1981 4384 6191
1982 4378 6197
1983 4394 6181
1984 4384 6191
1985 4371 6204
1986 4355 6220
1987 4358 6217
1988 4368 6207
1989 4336 6239
1990 4330 6245
1991 4334 6241
1992 4306 6269
1993 4296 6279
1994 4278 6297
1995 4303 6272
1996 4299 6276
1997 4287 6288
1998 4289 6286
1999 4318 6257
2000 4328 6247
2001 4350 6225
2002 4362 6213
2003 4359 6216
2004 4357 6218
2005 4383 6192
2006 4363 6212
2007 4356 6219
2008 4380 6195
2009 4398 6177
2010 4380 6195
2011 4382 6193
2012 4361 6214
2013 4358 6217
2014 4348 6227
2015 4365 6210
2016 4371 6204
2017 4388 6187
2018 4381 6194
2019 4378 6197
2020 4355 6220
2021 4363 6212
2022 4345 6230
2023 4317 6258
2024 4296 6279
2025 4302 6273
2026 4293 6282
2027 4289 6286
2028 4278 6297
2029 4298 6277
2030 4299 6276
2031 4282 6293
2032 4279 6296
2033 4230 6345
2034 4239 6336
2035 4273 6302
2036 4286 6289
2037 4294 6281
2038 4281 6294
2039 4275 6300
2040 4269 6306
2041 4269 6306
2042 4282 6293
2043 4295 6280
2044 4283 6292
2045 4266 6309
2046 4254 6321
2047 4261 6314
2048 4293 6282
2049 4292 6283
2050 4283 6292
2051 4319 6256
2052 4304 6271
2053 4305 6270
2054 4297 6278
2055 4315 6260
2056 4312 6263
2057 4291 6284
2058 4273 6302
2059 4255 6320
2060 4247 6328
2061 4253 6322
2062 4267 6308
2063 4274 6301
2064 4292 6283
2065 4302 6273
2066 4301 6274
2067 4315 6260
2068 4314 6261
2069 4332 6243
2070 4312 6263
2071 4327 6248
2072 4335 6240
2073 4320 6255
2074 4307 6268
2075 4279 6296
2076 4267 6308
2077 4268 6307
2078 4273 6302
2079 4285 6290
2080 4288 6287
2081 4304 6271
2082 4311 6264
2083 4323 6252
2084 4349 6226
2085 4333 6242
2086 4346 6229
2087 4345 6230
2088 4378 6197
2089 4385 6190
2090 4396 6179
2091 4377 6198
2092 4382 6193
2093 4352 6223
2094 4355 6220
2095 4354 6221
2096 4358 6217
2097 4363 6212
2098 4367 6208
2099 4388 6187
2100 4381 6194
2101 4396 6179
2102 4386 6189
2103 4378 6197
2104 4400 6175
2105 4408 6167
2106 4384 6191
2107 4368 6207
2108 4367 6208
2109 4386 6189
2110 4383 6192
2111 4382 6193
2112 4366 6209
2113 4375 6200
2114 4394 6181
2115 4389 6186
2116 4410 6165
2117 4439 6136
2118 4414 6161
2119 4419 6156
2120 4446 6129
2121 4433 6142
2122 4427 6148
2123 4441 6134
2124 4444 6131
2125 4460 6115
2126 4462 6113
2127 4471 6104
2128 4453 6122
2129 4467 6108
2130 4442 6133
2131 4457 6118
2132 4462 6113
2133 4449 6126
2134 4407 6168
2135 4414 6161
2136 4391 6184
2137 4406 6169
2138 4371 6204
2139 4399 6176
2140 4402 6173
2141 4415 6160
2142 4360 6215
2143 4365 6210
2144 4360 6215
2145 4364 6211
2146 4365 6210
2147 4375 6200
2148 4379 6196
2149 4339 6236
2150 4346 6229
2151 4337 6238
2152 4335 6240
2153 4338 6237
2154 4343 6232
2155 4361 6214
2156 4339 6236
2157 4363 6212
2158 4394 6181
2159 4401 6174
2160 4409 6166
2161 4399 6176
2162 4407 6168
2163 4416 6159
2164 4405 6170
2165 4406 6169
2166 4422 6153
2167 4406 6169
2168 4417 6158
2169 4398 6177
2170 4365 6210
2171 4362 6213
2172 4385 6190
2173 4412 6163
2174 4419 6156
2175 4412 6163
2176 4400 6175
2177 4415 6160
2178 4376 6199
2179 4375 6200
2180 4389 6186
2181 4388 6187
2182 4360 6215
2183 4339 6236
2184 4355 6220
2185 4365 6210
2186 4368 6207
2187 4380 6195
2188 4368 6207
2189 4370 6205
2190 4365 6210
2191 4364 6211
2192 4354 6221
2193 4336 6239
2194 4331 6244
2195 4336 6239
2196 4341 6234
2197 4339 6236
2198 4327 6248
2199 4342 6233
2200 4349 6226
2201 4377 6198
2202 4414 6161
2203 4387 6188
2204 4358 6217
2205 4348 6227
2206 4363 6212
2207 4342 6233
2208 4368 6207
2209 4374 6201
2210 4392 6183
2211 4394 6181
2212 4386 6189
2213 4384 6191
2214 4361 6214
2215 4371 6204
2216 4366 6209
2217 4347 6228
2218 4329 6246
2219 4340 6235
2220 4314 6261
2221 4325 6250
2222 4328 6247
2223 4321 6254
2224 4340 6235
2225 4314 6261
2226 4333 6242
2227 4313 6262
2228 4321 6254
2229 4351 6224
2230 4332 6243
2231 4346 6229
2232 4322 6253
2233 4320 6255
2234 4315 6260
2235 4331 6244
2236 4334 6241
2237 4337 6238
2238 4316 6259
2239 4329 6246
2240 4327 6248
2241 4325 6250
2242 4331 6244
2243 4336 6239
2244 4341 6234
2245 4349 6226
2246 4333 6242
2247 4377 6198
2248 4395 6180
2249 4363 6212
2250 4338 6237
2251 4350 6225
2252 4354 6221
2253 4333 6242
2254 4309 6266
2255 4307 6268
2256 4295 6280
2257 4311 6264
2258 4327 6248
2259 4289 6286
2260 4300 6275
2261 4305 6270
2262 4357 6218
2263 4369 6206
2264 4348 6227
2265 4363 6212
2266 4370 6205
2267 4370 6205
2268 4359 6216
2269 4338 6237
2270 4331 6244
2271 4342 6233
2272 4314 6261
2273 4308 6267
2274 4332 6243
2275 4342 6233
2276 4343 6232
2277 4320 6255
2278 4305 6270
2279 4332 6243
2280 4303 6272
2281 4306 6269
2282 4312 6263
2283 4320 6255
2284 4299 6276
2285 4299 6276
2286 4310 6265
2287 4337 6238
2288 4337 6238
2289 4372 6203
2290 4375 6200
2291 4386 6189
2292 4381 6194
2293 4368 6207
2294 4372 6203
2295 4353 6222
2296 4351 6224
2297 4338 6237
2298 4345 6230
2299 4373 6202
2300 4378 6197
2301 4367 6208
2302 4357 6218
2303 4350 6225
2304 4336 6239
2305 4343 6232
2306 4335 6240
2307 4335 6240
2308 4349 6226
2309 4356 6219
2310 4351 6224
2311 4363 6212
2312 4343 6232
2313 4337 6238
2314 4340 6235
2315 4347 6228
2316 4332 6243
2317 4344 6231
2318 4345 6230
2319 4358 6217
2320 4381 6194
2321 4366 6209
2322 4349 6226
2323 4361 6214
2324 4371 6204
2325 4372 6203
2326 4368 6207
2327 4373 6202
2328 4350 6225
2329 4349 6226
2330 4368 6207
2331 4354 6221
2332 4349 6226
2333 4344 6231
2334 4320 6255
2335 4328 6247
2336 4335 6240
2337 4343 6232
2338 4299 6276
2339 4323 6252
2340 4334 6241
2341 4324 6251
2342 4352 6223
2343 4367 6208
2344 4372 6203
2345 4363 6212
2346 4384 6191
2347 4388 6187
2348 4374 6201
2349 4374 6201
2350 4354 6221
2351 4375 6200
2352 4353 6222
2353 4337 6238
2354 4334 6241
2355 4367 6208
2356 4359 6216
2357 4371 6204
2358 4375 6200
2359 4363 6212
2360 4360 6215
2361 4376 6199
2362 4381 6194
2363 4374 6201
2364 4394 6181
2365 4398 6177
2366 4406 6169
2367 4395 6180
2368 4408 6167
2369 4392 6183
2370 4401 6174
2371 4408 6167
2372 4410 6165
2373 4397 6178
2374 4400 6175
2375 4412 6163
2376 4408 6167
2377 4417 6158
2378 4410 6165
2379 4399 6176
2380 4401 6174
2381 4406 6169
2382 4417 6158
2383 4421 6154
2384 4442 6133
2385 4446 6129
2386 4448 6127
2387 4453 6122
2388 4440 6135
2389 4441 6134
2390 4428 6147
2391 4434 6141
2392 4411 6164
2393 4383 6192
2394 4370 6205
2395 4361 6214
2396 4367 6208
2397 4355 6220
2398 4364 6211
2399 4364 6211
2400 4357 6218
2401 4377 6198
2402 4346 6229
2403 4361 6214
2404 4370 6205
2405 4375 6200
2406 4368 6207
2407 4402 6173
2408 4364 6211
2409 4352 6223
2410 4364 6211
2411 4339 6236
2412 4331 6244
2413 4339 6236
2414 4328 6247
2415 4359 6216
2416 4370 6205
2417 4384 6191
2418 4404 6171
2419 4412 6163
2420 4428 6147
2421 4457 6118
2422 4428 6147
2423 4447 6128
2424 4445 6130
2425 4451 6124
2426 4441 6134
2427 4448 6127
2428 4446 6129
2429 4462 6113
2430 4473 6102
2431 4476 6099
2432 4445 6130
2433 4450 6125
2434 4451 6124
2435 4456 6119
2436 4463 6112
2437 4424 6151
2438 4389 6186
2439 4386 6189
2440 4412 6163
2441 4379 6196
2442 4389 6186
2443 4375 6200
2444 4364 6211
2445 4419 6156
2446 4428 6147
2447 4421 6154
2448 4408 6167
2449 4388 6187
2450 4381 6194
2451 4391 6184
2452 4398 6177
2453 4424 6151
2454 4400 6175
2455 4376 6199
2456 4378 6197
2457 4384 6191
2458 4389 6186
2459 4397 6178
2460 4373 6202
2461 4365 6210
2462 4353 6222
2463 4319 6256
2464 4318 6257
2465 4343 6232
2466 4336 6239
2467 4361 6214
2468 4373 6202
2469 4362 6213
2470 4384 6191
2471 4366 6209
2472 4375 6200
2473 4392 6183
2474 4391 6184
2475 4385 6190
2476 4380 6195
2477 4385 6190
2478 4315 6260
2479 4316 6259
2480 4335 6240
2481 4335 6240
2482 4335 6240
2483 4333 6242
2484 4360 6215
2485 4358 6217
2486 4372 6203
2487 4357 6218
2488 4346 6229
2489 4332 6243
2490 4337 6238
2491 4295 6280
2492 4314 6261
2493 4302 6273
2494 4305 6270
2495 4294 6281
2496 4333 6242
2497 4333 6242
2498 4325 6250
2499 4319 6256
2500 4305 6270
2501 4335 6240
2502 4360 6215
2503 4378 6197
2504 4351 6224
2505 4343 6232
2506 4342 6233
2507 4316 6259
2508 4311 6264
2509 4307 6268
2510 4322 6253
2511 4349 6226
2512 4331 6244
2513 4326 6249
2514 4323 6252
2515 4298 6277
2516 4313 6262
2517 4324 6251
2518 4326 6249
2519 4316 6259
2520 4305 6270
2521 4296 6279
2522 4325 6250
2523 4342 6233
2524 4350 6225
2525 4326 6249
2526 4318 6257
2527 4352 6223
2528 4344 6231
2529 4351 6224
2530 4351 6224
2531 4344 6231
2532 4345 6230
2533 4337 6238
2534 4353 6222
2535 4323 6252
2536 4333 6242
2537 4353 6222
2538 4339 6236
2539 4331 6244
2540 4313 6262
2541 4332 6243
2542 4317 6258
2543 4306 6269
2544 4305 6270
2545 4287 6288
2546 4318 6257
2547 4311 6264
2548 4295 6280
2549 4316 6259
2550 4331 6244
2551 4368 6207
2552 4360 6215
2553 4338 6237
2554 4339 6236
2555 4347 6228
2556 4324 6251
2557 4345 6230
2558 4354 6221
2559 4330 6245
2560 4353 6222
2561 4326 6249
2562 4324 6251
2563 4330 6245
2564 4302 6273
2565 4305 6270
2566 4327 6248
2567 4349 6226
2568 4351 6224
2569 4380 6195
2570 4394 6181
2571 4366 6209
2572 4335 6240
2573 4322 6253
2574 4313 6262
2575 4323 6252
2576 4361 6214
2577 4364 6211
2578 4341 6234
2579 4322 6253
2580 4353 6222
2581 4365 6210
2582 4347 6228
2583 4350 6225
2584 4332 6243
2585 4340 6235
2586 4322 6253
2587 4334 6241
2588 4328 6247
2589 4338 6237
2590 4333 6242
2591 4342 6233
2592 4344 6231
2593 4314 6261
2594 4331 6244
2595 4313 6262
2596 4315 6260
2597 4283 6292
2598 4323 6252
2599 4336 6239
2600 4317 6258
2601 4335 6240
2602 4335 6240
2603 4306 6269
2604 4315 6260
2605 4297 6278
2606 4311 6264
2607 4321 6254
2608 4318 6257
2609 4358 6217
2610 4351 6224
2611 4366 6209
2612 4345 6230
2613 4351 6224
2614 4375 6200
2615 4388 6187
2616 4382 6193
2617 4373 6202
2618 4345 6230
2619 4362 6213
2620 4350 6225
2621 4367 6208
2622 4328 6247
2623 4340 6235
2624 4337 6238
2625 4346 6229
2626 4351 6224
2627 4350 6225
2628 4362 6213
2629 4343 6232
2630 4357 6218
2631 4354 6221
2632 4311 6264
2633 4319 6256
2634 4337 6238
2635 4313 6262
2636 4321 6254
2637 4321 6254
2638 4298 6277
2639 4300 6275
2640 4296 6279
2641 4320 6255
2642 4317 6258
2643 4306 6269
2644 4299 6276
2645 4330 6245
2646 4343 6232
2647 4376 6199
2648 4369 6206
2649 4354 6221
2650 4346 6229
2651 4343 6232
2652 4355 6220
2653 4342 6233
2654 4323 6252
2655 4317 6258
2656 4338 6237
2657 4325 6250
2658 4328 6247
2659 4310 6265
2660 4310 6265
2661 4350 6225
2662 4394 6181
2663 4385 6190
2664 4409 6166
2665 4408 6167
2666 4391 6184
2667 4393 6182
2668 4373 6202
2669 4368 6207
2670 4342 6233
2671 4345 6230
2672 4316 6259
2673 4334 6241
2674 4336 6239
2675 4314 6261
2676 4303 6272
2677 4325 6250
2678 4318 6257
2679 4302 6273
2680 4306 6269
2681 4302 6273
2682 4308 6267
2683 4291 6284
2684 4315 6260
2685 4312 6263
2686 4322 6253
2687 4350 6225
2688 4357 6218
2689 4361 6214
2690 4360 6215
2691 4340 6235
2692 4321 6254
2693 4294 6281
2694 4292 6283
2695 4288 6287
2696 4298 6277
2697 4270 6305
2698 4271 6304
2699 4283 6292
2700 4278 6297
2701 4266 6309
2702 4258 6317
2703 4256 6319
2704 4263 6312
2705 4277 6298
2706 4272 6303
2707 4314 6261
2708 4324 6251
2709 4316 6259
2710 4303 6272
2711 4282 6293
2712 4269 6306
2713 4285 6290
2714 4262 6313
2715 4277 6298
2716 4241 6334
2717 4235 6340
2718 4229 6346
2719 4224 6351
2720 4231 6344
2721 4247 6328
2722 4287 6288
2723 4277 6298
2724 4296 6279
2725 4285 6290
2726 4288 6287
2727 4303 6272
2728 4330 6245
2729 4360 6215
2730 4348 6227
2731 4313 6262
2732 4314 6261
2733 4298 6277
2734 4338 6237
2735 4338 6237
2736 4344 6231
2737 4329 6246
2738 4323 6252
2739 4327 6248
2740 4329 6246
2741 4358 6217
2742 4364 6211
2743 4391 6184
2744 4383 6192
2745 4334 6241
2746 4355 6220
2747 4373 6202
2748 4381 6194
2749 4330 6245
2750 4334 6241
2751 4337 6238
2752 4331 6244
2753 4324 6251
2754 4319 6256
2755 4345 6230
2756 4352 6223
2757 4339 6236
2758 4358 6217
2759 4383 6192
2760 4362 6213
2761 4375 6200
2762 4390 6185
2763 4376 6199
2764 4377 6198
2765 4389 6186
2766 4366 6209
2767 4358 6217
2768 4382 6193
2769 4378 6197
2770 4355 6220
2771 4339 6236
2772 4342 6233
2773 4361 6214
2774 4354 6221
2775 4359 6216
2776 4372 6203
2777 4387 6188
2778 4386 6189
2779 4368 6207
2780 4343 6232
2781 4330 6245
2782 4304 6271
2783 4265 6310
2784 4293 6282
2785 4294 6281
2786 4317 6258
2787 4308 6267
2788 4324 6251
2789 4311 6264
2790 4331 6244
2791 4335 6240
2792 4334 6241
2793 4328 6247
2794 4316 6259
2795 4295 6280
2796 4313 6262
2797 4295 6280
2798 4274 6301
2799 4256 6319
2800 4232 6343
2801 4243 6332
2802 4278 6297
2803 4274 6301
2804 4290 6285
2805 4281 6294
2806 4283 6292
2807 4308 6267
2808 4307 6268
2809 4293 6282
2810 4294 6281
2811 4263 6312
2812 4268 6307
2813 4290 6285
2814 4295 6280
2815 4270 6305
2816 4265 6310
2817 4277 6298
2818 4285 6290
2819 4297 6278
2820 4305 6270
2821 4310 6265
2822 4285 6290
2823 4304 6271
2824 4319 6256
2825 4291 6284
2826 4284 6291
2827 4284 6291
2828 4273 6302
2829 4268 6307
2830 4266 6309
2831 4296 6279
2832 4303 6272
2833 4281 6294
2834 4290 6285
2835 4306 6269
2836 4275 6300
2837 4292 6283
2838 4294 6281
2839 4293 6282
2840 4308 6267
2841 4320 6255
2842 4310 6265
2843 4333 6242
2844 4339 6236
2845 4323 6252
2846 4335 6240
2847 4360 6215
2848 4343 6232
2849 4329 6246
2850 4304 6271
2851 4301 6274
2852 4299 6276
2853 4291 6284
2854 4290 6285
2855 4287 6288
2856 4294 6281
2857 4287 6288
2858 4277 6298
2859 4284 6291
2860 4286 6289
2861 4274 6301
2862 4269 6306
2863 4278 6297
2864 4267 6308
2865 4283 6292
2866 4271 6304
2867 4286 6289
2868 4327 6248
2869 4303 6272
2870 4288 6287
2871 4282 6293
2872 4279 6296
2873 4307 6268
2874 4287 6288
2875 4314 6261
2876 4306 6269
2877 4291 6284
2878 4312 6263
2879 4306 6269
2880 4305 6270
2881 4298 6277
2882 4287 6288
2883 4271 6304
2884 4254 6321
2885 4270 6305
2886 4294 6281
2887 4329 6246
2888 4309 6266
2889 4327 6248
2890 4304 6271
2891 4315 6260
2892 4318 6257
2893 4328 6247
2894 4322 6253
2895 4319 6256
2896 4320 6255
2897 4325 6250
2898 4296 6279
2899 4285 6290
2900 4282 6293
2901 4277 6298
2902 4289 6286
2903 4304 6271
2904 4299 6276
2905 4303 6272
2906 4317 6258
2907 4312 6263
2908 4332 6243
2909 4317 6258
2910 4307 6268
2911 4317 6258
2912 4326 6249
2913 4314 6261
2914 4327 6248
2915 4348 6227
2916 4349 6226
2917 4342 6233
2918 4362 6213
2919 4343 6232
2920 4346 6229
2921 4350 6225
2922 4331 6244
2923 4323 6252
2924 4327 6248
2925 4343 6232
2926 4334 6241
2927 4341 6234
2928 4345 6230
2929 4345 6230
2930 4359 6216
2931 4335 6240
2932 4313 6262
2933 4283 6292
2934 4328 6247
2935 4338 6237
2936 4348 6227
2937 4324 6251
2938 4338 6237
2939 4356 6219
2940 4355 6220
2941 4355 6220
2942 4372 6203
2943 4374 6201
2944 4372 6203
2945 4366 6209
2946 4362 6213
2947 4362 6213
2948 4367 6208
2949 4381 6194
2950 4376 6199
2951 4368 6207
2952 4363 6212
2953 4363 6212
2954 4383 6192
2955 4377 6198
2956 4370 6205
2957 4372 6203
2958 4356 6219
2959 4388 6187
2960 4385 6190
2961 4367 6208
2962 4354 6221
2963 4368 6207
2964 4389 6186
2965 4392 6183
2966 4361 6214
2967 4378 6197
2968 4358 6217
2969 4366 6209
2970 4368 6207
2971 4353 6222
2972 4312 6263
2973 4314 6261
2974 4357 6218
2975 4363 6212
2976 4369 6206
2977 4357 6218
2978 4375 6200
2979 4363 6212
2980 4352 6223
2981 4351 6224
2982 4377 6198
2983 4368 6207
2984 4349 6226
2985 4341 6234
2986 4330 6245
2987 4337 6238
2988 4342 6233
2989 4337 6238
2990 4351 6224
2991 4341 6234
2992 4346 6229
2993 4350 6225
2994 4363 6212
2995 4398 6177
2996 4355 6220
2997 4361 6214
2998 4397 6178
2999 4388 6187
3000 4386 6189
