0 1979 195 0 0 0 0 0 0 0 0 0 0 0 0 0 0
1 11646 195 195 0 0 0 0 0 0 0 0 0 0 0 0 0
2 11646 195 195 0 0 0 0 0 0 0 0 0 0 0 0 0
3 11644 196 196 0 0 0 0 0 0 0 0 0 0 0 0 0
4 11644 196 196 0 0 0 0 0 0 0 0 0 0 0 0 0
5 11646 195 195 0 0 0 0 0 0 0 0 0 0 0 0 0
6 11646 195 195 0 0 0 0 0 0 0 0 0 0 0 0 0
7 11646 195 195 0 0 0 0 0 0 0 0 0 0 0 0 0
8 11646 195 195 0 0 0 0 0 0 0 0 0 0 0 0 0
9 11644 196 196 0 0 0 0 0 0 0 0 0 0 0 0 0
10 11644 196 196 0 0 0 0 0 0 0 0 0 0 0 0 0
11 11639 198 198 1 0 0 0 0 0 0 0 0 0 0 0 0
12 11641 197 197 1 0 0 0 0 0 0 0 0 0 0 0 0
13 11640 197 197 2 0 0 0 0 0 0 0 0 0 0 0 0
14 11636 199 199 2 0 0 0 0 0 0 0 0 0 0 0 0
15 11638 198 198 2 0 0 0 0 0 0 0 0 0 0 0 0
16 11638 198 198 2 0 0 0 0 0 0 0 0 0 0 0 0
17 11640 197 197 2 0 0 0 0 0 0 0 0 0 0 0 0
18 11640 197 197 2 0 0 0 0 0 0 0 0 0 0 0 0
19 11636 199 199 2 0 0 0 0 0 0 0 0 0 0 0 0
20 11638 198 198 2 0 0 0 0 0 0 0 0 0 0 0 0
21 11636 199 199 2 0 0 0 0 0 0 0 0 0 0 0 0
22 11632 201 201 2 0 0 0 0 0 0 0 0 0 0 0 0
23 11632 201 201 2 0 0 0 0 0 0 0 0 0 0 0 0
24 11636 199 199 2 0 0 0 0 0 0 0 0 0 0 0 0
25 11634 200 200 2 0 0 0 0 0 0 0 0 0 0 0 0
26 11634 200 200 2 0 0 0 0 0 0 0 0 0 0 0 0
27 11632 201 201 2 0 0 0 0 0 0 0 0 0 0 0 0
28 11634 200 200 2 0 0 0 0 0 0 0 0 0 0 0 0
29 11633 200 200 3 0 0 0 0 0 0 0 0 0 0 0 0
30 11631 201 201 3 0 0 0 0 0 0 0 0 0 0 0 0
31 11627 203 203 3 0 0 0 0 0 0 0 0 0 0 0 0
32 11625 204 204 3 0 0 0 0 0 0 0 0 0 0 0 0
33 11623 205 205 3 0 0 0 0 0 0 0 0 0 0 0 0
34 11621 206 206 3 0 0 0 0 0 0 0 0 0 0 0 0
35 11619 207 207 3 0 0 0 0 0 0 0 0 0 0 0 0
36 11623 205 205 3 0 0 0 0 0 0 0 0 0 0 0 0
37 11625 204 204 3 0 0 0 0 0 0 0 0 0 0 0 0
38 11623 205 205 3 0 0 0 0 0 0 0 0 0 0 0 0
39 11619 207 207 3 0 0 0 0 0 0 0 0 0 0 0 0
40 11619 207 207 3 0 0 0 0 0 0 0 0 0 0 0 0
41 11611 211 211 3 0 0 0 0 0 0 0 0 0 0 0 0
42 11611 211 211 3 0 0 0 0 0 0 0 0 0 0 0 0
43 11605 214 214 3 0 0 0 0 0 0 0 0 0 0 0 0
44 11601 216 216 3 0 0 0 0 0 0 0 0 0 0 0 0
45 11585 224 224 3 0 0 0 0 0 0 0 0 0 0 0 0
46 11580 226 226 4 0 0 0 0 0 0 0 0 0 0 0 0
47 11582 225 225 4 0 0 0 0 0 0 0 0 0 0 0 0
48 11576 228 228 4 0 0 0 0 0 0 0 0 0 0 0 0
49 11566 233 233 4 0 0 0 0 0 0 0 0 0 0 0 0
50 11559 236 236 5 0 0 0 0 0 0 0 0 0 0 0 0
51 11543 244 244 5 0 0 0 0 0 0 0 0 0 0 0 0
52 11537 247 247 5 0 0 0 0 0 0 0 0 0 0 0 0
53 11533 249 249 5 0 0 0 0 0 0 0 0 0 0 0 0
54 11520 255 254 5 0 0 1 0 0 0 0 1 0 0 0 0
55 11510 260 259 5 0 0 1 0 0 0 0 1 0 0 0 0
56 11504 263 262 5 0 0 1 0 0 0 0 1 0 0 0 0
57 11488 271 270 5 0 0 1 0 0 0 0 1 0 0 0 0
58 11485 272 271 6 0 0 1 0 0 0 0 1 0 0 0 0
59 11482 273 272 7 0 0 1 0 0 0 0 1 0 0 0 0
60 11462 283 282 7 0 0 1 0 0 0 0 1 0 0 0 0
61 11458 285 284 7 0 0 1 0 0 0 0 1 0 0 0 0
62 11449 289 288 8 0 0 1 0 0 0 0 1 0 0 0 0
63 11443 292 291 8 0 0 1 0 0 0 0 1 0 0 0 0
64 11436 295 294 9 0 0 1 0 0 0 0 1 0 0 0 0
65 11422 302 301 9 0 0 1 0 0 0 0 1 0 0 0 0
66 11399 312 311 12 0 0 1 0 0 0 0 1 0 0 0 0
67 11389 317 316 12 0 0 1 0 0 0 0 1 0 0 0 0
68 11358 332 331 13 0 0 1 0 0 0 0 1 0 0 0 0
69 11342 340 338 12 0 0 2 0 0 0 0 2 0 0 0 0
70 11332 345 343 12 0 0 2 0 0 0 0 2 0 0 0 0
71 11319 351 349 13 0 0 2 0 0 0 0 2 0 0 0 0
72 11311 355 353 13 0 0 2 0 0 0 0 2 0 0 0 0
73 11299 361 359 13 0 0 2 0 0 0 0 2 0 0 0 0
74 11282 369 367 14 0 0 2 0 0 0 0 2 0 0 0 0
75 11260 380 378 14 0 0 2 0 0 0 0 2 0 0 0 0
76 11243 388 386 15 0 0 2 0 0 0 0 2 0 0 0 0
77 11237 391 389 15 0 0 2 0 0 0 0 2 0 0 0 0
78 11221 399 397 15 0 0 2 0 0 0 0 2 0 0 0 0
79 11203 407 405 17 0 0 2 0 0 0 0 2 0 0 0 0
80 11186 415 413 18 0 0 2 0 0 0 0 2 0 0 0 0
81 11174 421 419 18 0 0 2 0 0 0 0 2 0 0 0 0
82 11156 430 428 18 0 0 2 0 0 0 0 2 0 0 0 0
83 11148 434 432 18 0 0 2 0 0 0 0 2 0 0 0 0
84 11143 436 434 19 0 0 2 0 0 0 0 2 0 0 0 0
85 11119 447 445 21 0 0 2 0 0 0 0 2 0 0 0 0
86 11098 457 455 22 0 0 2 0 0 0 0 2 0 0 0 0
87 11085 463 460 22 0 0 3 0 0 0 0 3 0 0 0 0
88 11071 470 467 22 0 0 3 0 0 0 0 3 0 0 0 0
89 11060 475 471 22 0 0 4 0 0 0 0 4 0 0 0 0
90 11046 481 478 23 0 0 4 0 0 1 0 3 0 0 0 0
91 11031 488 485 24 0 0 4 0 0 1 0 3 0 0 0 0
92 11024 490 487 27 0 0 4 0 0 1 0 3 0 0 0 0
93 11011 496 493 28 0 0 4 0 0 1 0 3 0 0 0 0
94 10998 503 500 27 0 0 4 0 0 1 0 3 0 0 0 0
95 10985 509 506 28 0 0 4 0 0 1 0 3 0 0 0 0
96 10969 517 514 28 0 0 4 0 0 1 0 3 0 0 0 0
97 10943 527 524 34 0 0 4 0 0 1 0 3 0 0 0 0
98 10920 538 535 35 0 0 4 0 0 1 0 3 0 0 0 0
99 10912 542 539 35 0 0 4 0 0 1 0 3 0 0 0 0
100 10896 550 546 34 0 0 5 0 0 1 0 4 0 0 0 0
101 10884 555 551 36 0 0 5 0 0 1 0 4 0 0 0 0
102 10869 562 558 37 0 0 5 0 0 1 0 4 0 0 0 0
103 10852 571 567 34 0 0 5 1 0 1 0 5 0 0 0 0
104 10851 571 567 35 0 0 5 1 0 1 0 5 0 0 0 0
105 10841 576 572 35 0 0 5 1 0 1 0 5 0 0 0 0
106 10842 575 571 36 0 0 5 1 0 1 0 5 0 0 0 0
107 10839 576 572 37 0 0 5 1 0 1 0 5 0 0 0 0
108 10827 581 577 39 0 0 5 1 0 1 0 5 0 0 0 0
109 10821 584 580 39 0 0 5 1 0 1 0 5 0 0 0 0
110 10809 590 586 39 0 0 5 1 0 1 0 5 0 0 0 0
111 10810 589 585 40 0 0 5 1 0 1 0 5 0 0 0 0
112 10805 591 587 41 0 0 5 1 0 1 0 5 0 0 0 0
113 10798 594 590 42 0 0 5 1 0 1 0 5 0 0 0 0
114 10790 598 594 42 0 0 5 1 0 1 0 5 0 0 0 0
115 10788 599 595 42 0 0 5 1 0 1 0 5 0 0 0 0
116 10782 602 598 42 0 0 5 1 0 1 0 5 0 0 0 0
117 10769 609 605 41 0 0 5 1 0 1 0 5 0 0 0 0
118 10767 610 606 41 0 0 5 1 0 1 0 5 0 0 0 0
119 10762 612 608 42 0 0 5 1 0 1 0 5 0 0 0 0
120 10771 608 604 41 0 0 5 1 0 1 0 5 0 0 0 0
121 10757 615 611 41 0 0 5 1 0 1 0 5 0 0 0 0
122 10745 621 616 40 0 0 6 1 0 1 0 6 0 0 0 0
123 10731 627 623 41 0 0 6 1 0 2 0 5 0 0 0 0
124 10716 635 631 40 0 0 6 1 0 2 0 5 0 0 0 0
125 10703 642 638 39 0 0 6 1 0 2 0 5 0 0 0 0
126 10689 649 645 39 0 0 6 1 0 2 0 5 0 0 0 0
127 10687 650 646 39 0 0 6 1 0 2 0 5 0 0 0 0
128 10671 658 654 39 0 0 6 1 0 2 0 5 0 0 0 0
129 10654 666 662 40 0 0 6 1 0 2 0 5 0 0 0 0
130 10641 672 668 41 0 0 6 1 0 2 0 5 0 0 0 0
131 10634 674 670 44 0 0 6 1 0 2 0 5 0 0 0 0
132 10618 680 676 46 0 0 7 1 0 3 0 5 0 0 0 0
133 10608 685 681 46 0 0 7 1 0 3 0 5 0 0 0 0
134 10588 694 690 48 0 0 7 1 0 3 0 5 0 0 0 0
135 10585 695 691 49 0 0 7 1 0 3 0 5 0 0 0 0
136 10566 704 700 50 0 0 7 1 0 3 0 5 0 0 0 0
137 10550 713 709 48 0 0 7 1 0 3 0 5 0 0 0 0
138 10538 719 715 48 0 0 7 1 0 3 0 5 0 0 0 0
139 10527 723 719 51 0 0 7 1 0 3 0 5 0 0 0 0
140 10523 725 721 51 0 0 7 1 0 3 0 5 0 0 0 0
141 10516 728 724 52 0 0 7 1 0 3 0 5 0 0 0 0
142 10510 731 727 52 0 0 7 1 0 3 0 5 0 0 0 0
143 10493 739 735 53 0 0 7 1 0 3 0 5 0 0 0 0
144 10478 747 742 51 0 0 8 1 0 3 0 6 0 0 0 0
145 10471 750 744 51 0 0 9 1 0 3 0 7 0 0 0 0
146 10452 759 753 52 0 0 9 1 0 3 0 7 0 0 0 0
147 10432 769 763 52 0 0 9 1 0 3 0 7 0 0 0 0
148 10404 782 775 53 0 0 10 1 0 3 0 8 0 0 0 0
149 10385 791 784 54 0 0 10 1 0 3 0 8 0 0 0 0
150 10378 793 786 55 0 0 11 1 0 4 0 8 0 0 0 0
151 10359 801 794 58 0 0 11 1 0 4 0 8 0 0 0 0
152 10343 808 801 60 0 0 11 1 0 4 0 8 0 0 0 0
153 10329 813 806 64 0 0 11 1 0 4 0 8 0 0 0 0
154 10310 822 814 64 0 0 12 1 0 4 0 9 0 0 0 0
155 10293 830 822 65 0 0 12 1 0 4 0 9 0 0 0 0
156 10280 836 827 65 0 0 13 1 0 4 0 10 0 0 0 0
157 10255 847 838 68 0 0 13 1 0 4 0 10 0 0 0 0
158 10235 857 847 67 0 0 14 1 0 4 0 11 0 0 0 0
159 10219 863 852 70 0 0 15 1 0 4 0 12 0 0 0 0
160 10200 873 862 67 0 0 15 2 0 4 0 13 0 0 0 0
161 10189 878 867 68 0 0 15 2 0 4 0 13 0 0 0 0
162 10182 880 868 70 0 0 16 2 0 4 0 14 0 0 0 0
163 10169 884 872 75 0 0 16 2 0 4 0 14 0 0 0 0
164 10152 892 879 75 0 0 17 2 0 4 0 15 0 0 0 0
165 10141 895 881 79 0 0 18 2 0 4 0 16 0 0 0 0
166 10103 912 898 83 0 0 18 2 0 4 0 16 0 0 0 0
167 10075 924 909 86 0 0 19 2 0 4 0 17 0 0 0 0
168 10046 937 922 89 0 0 19 2 0 4 0 17 0 0 0 0
169 10018 950 935 91 0 0 19 2 0 4 0 17 0 0 0 0
170 9999 958 943 94 0 0 19 2 0 4 0 17 0 0 0 0
171 9968 972 955 95 0 0 21 2 0 4 0 19 0 0 0 0
172 9952 980 962 96 0 0 22 1 0 4 0 19 0 0 0 0
173 9923 993 975 99 0 0 22 1 0 4 0 19 0 0 0 0
174 9904 1001 983 102 0 0 22 1 0 4 0 19 0 0 0 0
175 9885 1010 991 102 0 0 23 1 0 4 0 20 0 0 0 0
176 9854 1024 1006 104 0 0 22 2 0 4 0 20 0 0 0 0
177 9832 1033 1015 108 0 0 22 2 0 4 0 20 0 0 0 0
178 9809 1045 1027 107 0 0 22 2 0 4 0 20 0 0 0 0
179 9785 1055 1038 110 0 0 22 2 0 5 0 19 0 0 0 0
180 9773 1060 1044 111 0 0 22 2 0 6 0 18 0 0 0 0
181 9765 1066 1050 107 0 0 22 2 0 6 0 18 0 0 0 0
182 9748 1073 1055 108 0 0 24 2 0 6 0 20 0 0 0 0
183 9738 1077 1059 110 0 0 24 2 0 6 0 20 0 0 0 0
184 9716 1087 1068 111 0 0 25 2 0 6 0 21 0 0 0 0
185 9693 1098 1078 111 0 0 26 2 0 6 0 22 0 0 0 0
186 9686 1101 1081 112 0 0 26 2 0 6 0 22 0 0 0 0
187 9669 1109 1089 113 0 0 26 2 0 6 0 22 0 0 0 0
188 9652 1114 1096 118 0 0 25 3 0 7 0 21 0 0 0 0
189 9648 1114 1096 122 0 0 25 3 0 7 0 21 0 0 0 0
190 9627 1124 1107 122 0 0 25 3 0 8 0 20 0 0 0 0
191 9608 1133 1116 123 0 0 25 3 0 8 0 20 0 0 0 0
192 9600 1136 1119 125 0 0 25 3 0 8 0 20 0 0 0 0
193 9586 1140 1123 131 0 0 25 3 0 8 0 20 0 0 0 0
194 9570 1148 1131 131 0 0 25 3 0 8 0 20 0 0 0 0
195 9563 1152 1135 130 0 0 25 3 0 8 0 20 0 0 0 0
196 9569 1147 1130 134 0 0 25 3 0 8 0 20 0 0 0 0
197 9560 1149 1132 139 0 0 25 3 0 8 0 20 0 0 0 0
198 9554 1151 1134 141 0 0 25 3 0 8 0 20 0 0 0 0
199 9543 1156 1139 140 0 0 25 4 0 8 0 21 0 0 0 0
200 9539 1158 1141 140 0 0 25 4 0 8 0 21 0 0 0 0
201 9541 1158 1141 138 0 0 25 4 0 8 0 21 0 0 0 0
202 9516 1169 1152 139 0 0 26 4 0 9 0 21 0 0 0 0
203 9507 1172 1155 142 0 0 26 4 0 9 0 21 0 0 0 0
204 9498 1177 1159 140 0 0 27 4 0 9 0 22 0 0 0 0
205 9490 1179 1161 144 0 0 27 4 0 9 0 22 0 0 0 0
206 9484 1182 1163 143 0 0 28 4 0 9 0 23 0 0 0 0
207 9479 1185 1166 142 0 0 28 4 0 9 0 23 0 0 0 0
208 9472 1188 1170 142 0 0 28 4 0 10 0 22 0 0 0 0
209 9470 1188 1169 143 0 0 29 4 0 10 0 23 0 0 0 0
210 9472 1185 1165 146 0 0 30 4 0 10 0 24 0 0 0 0
211 9461 1191 1170 144 0 0 31 4 0 10 0 25 0 0 0 0
212 9458 1190 1169 149 0 0 31 4 0 10 0 25 0 0 0 0
213 9446 1195 1173 150 0 0 32 4 0 10 0 26 0 0 0 0
214 9440 1197 1175 152 0 0 32 4 0 10 0 26 0 0 0 0
215 9435 1200 1177 150 0 0 33 4 0 10 0 27 0 0 0 0
216 9432 1202 1177 147 0 0 35 4 0 10 0 29 0 0 0 0
217 9430 1203 1178 147 0 0 35 4 0 10 0 29 0 0 0 0
218 9420 1207 1182 149 0 0 35 4 0 10 0 29 0 0 0 0
219 9426 1206 1181 145 0 0 35 4 0 10 0 29 0 0 0 0
220 9425 1206 1181 146 0 0 35 4 0 10 0 29 0 0 0 0
221 9417 1208 1181 149 0 0 37 3 0 10 0 30 0 0 0 1
222 9417 1208 1181 149 0 0 37 3 0 10 0 30 0 0 0 1
223 9411 1212 1185 147 0 0 37 3 0 10 0 30 0 0 0 1
224 9397 1218 1192 148 0 0 36 4 0 10 0 30 0 0 0 1
225 9397 1219 1193 146 0 0 36 4 0 10 0 30 0 0 0 1
226 9399 1217 1191 148 0 0 36 4 0 10 0 30 0 0 0 1
227 9389 1221 1195 150 0 0 36 4 0 10 0 30 0 0 0 1
228 9392 1220 1194 149 0 0 36 4 0 10 0 30 0 0 0 1
229 9373 1227 1200 151 0 0 38 4 0 11 0 31 0 0 0 1
230 9370 1229 1202 150 0 0 38 4 0 11 0 31 0 0 0 1
231 9373 1227 1198 149 0 0 40 4 0 11 0 33 0 0 0 1
232 9360 1232 1203 152 0 0 40 4 0 11 0 33 0 0 0 1
233 9357 1232 1202 154 0 0 41 4 0 11 0 34 0 0 0 1
234 9341 1239 1211 154 0 0 41 4 0 13 0 32 0 0 0 1
235 9330 1246 1218 151 0 0 41 4 0 13 0 32 0 0 0 1
236 9333 1245 1217 150 0 0 41 4 0 13 0 32 0 0 0 1
237 9313 1255 1227 148 0 0 41 5 0 13 0 33 0 0 0 1
238 9307 1259 1231 146 0 0 41 5 0 13 0 33 0 0 0 1
239 9317 1255 1226 143 0 0 42 5 0 13 0 34 0 0 0 1
240 9309 1257 1228 147 0 0 42 5 0 13 0 34 0 0 0 1
241 9313 1254 1226 146 0 0 43 5 0 15 0 33 0 0 0 1
242 9304 1260 1231 142 0 0 44 5 0 15 0 34 0 0 0 1
243 9303 1259 1229 144 0 0 45 5 0 15 0 35 0 0 0 1
244 9280 1269 1238 148 0 0 45 5 0 14 0 36 0 0 0 1
245 9274 1273 1241 145 0 0 46 5 0 14 0 37 0 0 0 1
246 9276 1271 1239 147 0 0 46 5 0 14 0 37 0 0 0 1
247 9267 1273 1241 152 0 0 46 5 0 14 0 37 0 0 0 1
248 9256 1278 1245 152 0 0 47 5 0 14 0 38 0 0 0 1
249 9257 1278 1245 151 0 0 47 5 0 14 0 38 0 0 0 1
250 9256 1277 1244 154 0 0 47 5 0 14 0 38 0 0 0 1
251 9243 1281 1248 157 0 0 47 6 0 14 0 39 0 0 0 1
252 9243 1281 1248 157 0 0 47 6 0 14 0 39 0 0 0 1
253 9216 1292 1257 158 0 0 50 6 0 15 0 41 0 0 0 1
254 9208 1294 1258 161 0 0 51 6 0 15 0 42 0 0 0 1
255 9198 1298 1261 162 0 0 52 6 0 15 0 43 0 0 0 1
256 9180 1306 1269 164 0 0 52 6 0 15 0 43 0 0 0 1
257 9174 1309 1269 161 0 0 55 6 0 15 0 46 0 0 0 1
258 9172 1308 1269 164 0 0 55 6 0 16 0 45 0 0 0 1
259 9151 1317 1275 164 0 0 58 6 0 16 0 48 0 0 0 1
260 9143 1319 1275 164 0 0 61 6 0 17 0 50 0 0 0 1
261 9131 1322 1277 167 0 0 62 7 0 17 0 52 0 0 0 1
262 9127 1324 1278 166 0 0 63 7 0 17 0 53 0 0 0 1
263 9104 1332 1286 173 0 0 63 7 0 17 0 53 0 0 0 1
264 9089 1338 1292 176 0 0 63 7 0 17 0 53 0 0 0 1
265 9088 1339 1293 175 0 0 63 7 0 17 0 53 0 0 0 1
266 9067 1347 1301 180 0 0 63 7 0 17 0 53 0 0 0 1
267 9046 1357 1311 179 0 0 64 7 0 18 0 53 0 0 0 1
268 9042 1359 1313 179 0 0 64 7 0 18 0 53 0 0 0 1
269 9022 1369 1322 177 0 0 65 7 0 18 0 54 0 0 0 2
270 9011 1372 1324 181 0 0 66 7 0 18 0 55 0 0 0 2
271 8996 1378 1329 183 0 0 67 7 0 18 0 56 0 0 0 2
272 8981 1386 1335 182 0 0 69 6 0 18 0 57 0 0 0 2
273 8972 1387 1336 189 0 0 69 6 0 18 0 57 0 0 0 2
274 8968 1388 1335 187 0 0 71 7 0 18 0 60 0 0 0 2
275 8952 1394 1341 189 0 0 71 8 0 18 0 61 0 0 0 2
276 8915 1411 1357 191 0 0 72 8 0 18 0 62 0 0 0 2
277 8907 1413 1359 195 0 0 72 7 0 18 0 61 0 0 0 4
278 8903 1415 1360 194 0 0 73 7 0 18 0 62 0 0 0 4
279 8888 1421 1365 196 0 0 74 7 0 18 0 63 0 0 0 4
280 8861 1434 1377 194 0 0 76 7 0 19 0 64 0 0 0 4
281 8847 1439 1382 198 0 0 76 7 0 19 0 64 0 0 0 4
282 8841 1441 1384 200 0 0 76 7 0 19 0 64 0 0 0 4
283 8825 1446 1387 202 0 0 79 7 0 20 0 66 0 0 0 4
284 8817 1449 1390 201 0 0 80 7 0 21 0 66 0 0 0 5
285 8804 1454 1394 203 0 0 81 7 0 21 0 67 0 0 0 5
286 8788 1458 1399 208 0 0 82 7 0 23 0 66 0 0 0 5
287 8780 1459 1400 212 0 0 83 7 0 24 0 66 0 0 0 5
288 8781 1459 1398 209 0 0 85 7 0 24 0 68 0 0 0 5
289 8755 1470 1409 213 0 0 85 7 0 24 0 68 0 0 0 5
290 8747 1474 1411 211 0 0 87 7 0 24 0 70 0 0 0 5
291 8752 1471 1406 208 0 0 90 7 0 25 0 72 0 0 0 5
292 8737 1476 1411 211 0 0 91 7 0 26 0 72 0 0 0 5
293 8729 1480 1414 210 0 0 92 7 0 26 0 73 0 0 0 5
294 8714 1486 1421 212 0 0 92 7 0 27 0 72 0 0 0 5
295 8692 1496 1428 213 0 0 94 7 0 26 0 75 0 0 0 5
296 8689 1495 1428 217 0 0 94 7 0 27 0 74 0 0 0 5
297 8673 1501 1431 218 0 0 97 7 0 27 0 77 0 0 0 5
298 8665 1502 1432 224 0 0 97 7 0 27 0 77 0 0 0 5
299 8650 1510 1439 224 0 0 98 6 0 27 0 77 0 0 0 5
300 8640 1515 1446 220 0 0 98 7 0 29 0 76 0 0 0 5
301 8643 1514 1445 219 0 0 98 7 0 29 0 76 0 0 0 5
302 8631 1519 1450 221 0 0 98 7 0 29 0 76 0 0 0 5
303 8642 1514 1445 220 0 0 98 7 0 29 0 76 0 0 0 5
304 8630 1518 1448 225 0 0 98 7 0 28 0 77 0 0 0 5
305 8632 1516 1447 226 0 0 98 7 0 29 0 76 0 0 0 5
306 8624 1517 1448 232 0 0 98 7 0 29 0 76 0 0 0 5
307 8626 1517 1447 229 0 0 99 7 0 29 0 77 0 0 0 5
308 8631 1513 1443 230 0 0 99 8 0 29 0 78 0 0 0 5
309 8635 1511 1441 230 0 0 99 8 0 29 0 78 0 0 0 5
310 8625 1514 1445 233 0 0 99 8 0 30 0 77 0 0 0 5
311 8625 1515 1446 231 0 0 99 8 0 30 0 77 0 0 0 5
312 8614 1520 1453 230 0 0 99 8 0 32 0 75 0 0 0 5
313 8605 1522 1456 234 0 0 99 8 0 33 0 74 0 0 0 5
314 8596 1522 1458 241 0 0 99 8 0 35 0 72 0 0 0 5
315 8600 1518 1455 242 0 0 100 8 0 37 0 71 0 0 0 5
316 8599 1518 1454 242 0 0 101 8 0 37 0 72 0 0 0 5
317 8586 1524 1461 242 0 0 100 9 0 37 0 72 0 0 0 5
318 8567 1534 1468 238 0 0 103 9 0 37 0 75 0 0 0 5
319 8559 1536 1469 241 0 0 104 9 0 37 0 76 0 0 0 5
320 8557 1537 1470 241 0 0 104 9 0 37 0 76 0 0 0 5
321 8559 1534 1466 244 0 0 105 9 0 37 0 77 0 0 0 5
322 8562 1532 1464 243 0 0 105 10 0 37 0 78 0 0 0 5
323 8561 1532 1464 244 0 0 105 10 0 37 0 78 0 0 0 5
324 8555 1537 1468 241 0 0 105 10 0 36 0 79 0 0 0 5
325 8548 1540 1472 239 0 0 105 11 0 37 0 79 0 0 0 5
326 8532 1545 1479 241 0 0 105 12 0 39 0 78 0 0 0 5
327 8520 1549 1482 244 0 0 106 12 0 39 0 79 0 0 0 5
328 8517 1552 1484 240 0 0 107 12 0 39 0 80 0 0 0 5
329 8519 1552 1484 238 0 0 107 12 0 39 0 80 0 0 0 5
330 8513 1553 1485 242 0 0 107 12 0 39 0 80 0 0 0 5
331 8514 1551 1485 243 0 0 107 12 0 41 0 78 0 0 0 5
332 8521 1546 1479 245 0 0 108 12 0 41 0 79 0 0 0 5
333 8529 1541 1474 247 0 0 108 12 0 41 0 79 0 0 0 5
334 8522 1543 1476 248 0 0 108 13 0 41 0 80 0 0 0 5
335 8512 1548 1481 246 0 0 109 13 0 42 0 80 0 0 0 5
336 8508 1550 1481 243 0 0 111 13 0 42 0 82 0 0 0 6
337 8507 1552 1483 240 0 0 111 13 0 42 0 82 0 0 0 6
338 8512 1551 1482 237 0 0 111 13 0 42 0 82 0 0 0 6
339 8503 1558 1488 229 0 0 112 14 0 42 0 84 0 0 0 6
340 8479 1569 1496 231 0 0 114 13 0 41 0 86 0 0 0 7
341 8484 1567 1493 229 0 0 115 13 0 41 0 87 0 0 0 7
342 8475 1573 1499 224 0 0 116 13 0 42 0 87 0 0 0 7
343 8458 1579 1506 226 0 0 116 14 0 43 0 87 0 0 0 7
344 8463 1574 1500 228 0 0 117 15 0 43 0 89 0 0 0 7
345 8444 1581 1507 233 0 0 117 15 0 43 0 89 0 0 0 7
346 8428 1586 1514 237 0 0 117 15 0 45 0 87 0 0 0 7
347 8413 1589 1516 244 0 0 118 15 0 45 0 88 0 0 0 8
348 8401 1593 1517 247 0 0 120 15 0 44 0 91 0 0 0 8
349 8395 1596 1520 247 0 0 120 15 0 44 0 91 0 0 0 8
350 8385 1601 1523 245 0 0 122 15 0 44 0 93 0 0 0 8
351 8384 1599 1521 247 0 0 122 16 0 44 0 94 0 0 0 9
352 8365 1607 1529 250 0 0 122 16 0 44 0 94 0 0 0 9
353 8369 1604 1525 251 0 0 123 16 0 44 0 95 0 0 0 9
354 8361 1606 1527 255 0 0 123 16 0 44 0 95 0 0 0 9
355 8358 1605 1524 258 0 0 125 16 0 44 0 97 0 0 0 9
356 8339 1611 1527 254 0 0 129 19 0 45 0 103 0 0 0 9
357 8341 1608 1525 257 0 0 129 19 0 46 0 102 0 0 0 9
358 8315 1618 1534 260 0 0 131 19 0 47 0 103 0 0 0 9
359 8300 1625 1541 261 0 0 131 19 0 47 0 103 0 0 0 9
360 8296 1626 1541 262 0 0 132 19 0 47 0 104 0 0 0 9
361 8285 1630 1543 263 0 0 134 19 0 47 0 106 0 0 0 9
362 8284 1630 1541 263 0 0 136 18 0 47 0 107 0 0 0 10
363 8270 1636 1544 262 0 0 139 18 0 47 0 110 0 0 0 10
364 8266 1638 1545 261 0 0 140 18 0 47 0 111 0 0 0 10
365 8269 1636 1541 258 0 0 142 19 0 47 0 114 0 0 0 10
366 8269 1635 1540 258 0 0 143 19 0 48 0 114 0 0 0 10
367 8254 1641 1544 257 0 0 145 20 0 48 0 117 0 0 0 10
368 8232 1650 1554 260 0 0 144 21 0 48 0 117 0 0 0 10
369 8224 1652 1558 258 0 0 143 24 0 49 0 118 0 0 0 10
370 8218 1655 1559 258 0 0 145 23 0 49 0 119 0 0 0 10
371 8206 1661 1564 257 0 0 146 23 0 49 0 120 0 0 0 10
372 8208 1659 1561 258 0 0 147 22 0 49 0 120 0 0 0 12
373 8194 1664 1566 260 0 0 148 22 0 50 0 120 0 0 0 12
374 8172 1673 1574 263 0 0 149 22 0 50 0 121 0 0 0 12
375 8170 1673 1572 263 0 0 151 22 0 50 0 123 0 0 0 12
376 8165 1675 1575 263 0 0 150 23 0 50 0 123 0 0 0 12
377 8168 1670 1570 265 0 0 152 23 0 52 0 123 0 0 0 13
378 8164 1670 1570 269 0 0 152 23 0 52 0 123 0 0 0 13
379 8152 1678 1577 264 0 0 153 23 0 52 0 124 0 0 0 13
380 8149 1677 1577 266 0 0 154 23 0 54 0 123 0 0 0 13
381 8156 1671 1571 267 0 0 156 23 0 56 0 123 0 0 0 13
382 8141 1677 1576 265 0 0 158 24 0 57 0 125 0 0 0 13
383 8131 1678 1575 267 0 0 160 26 0 57 0 129 0 0 0 13
384 8137 1673 1572 267 0 0 160 27 0 59 0 128 0 0 0 13
385 8126 1677 1577 269 0 0 160 27 0 60 0 127 0 0 0 13
386 8123 1679 1579 266 0 0 160 28 0 60 0 128 0 0 0 13
387 8101 1688 1588 270 0 0 160 28 0 60 0 128 0 0 0 13
388 8100 1687 1588 271 0 0 158 30 0 59 0 129 0 0 0 14
389 8076 1700 1600 270 0 0 159 29 0 59 0 129 0 0 0 14
390 8071 1704 1603 266 0 0 160 29 0 59 0 130 0 0 0 14
391 8072 1702 1599 266 0 0 163 28 0 60 0 131 0 0 0 15
392 8077 1700 1597 265 0 0 163 28 0 60 0 131 0 0 0 15
393 8082 1698 1593 260 0 0 165 29 0 60 0 134 0 0 0 15
394 8076 1701 1597 259 0 0 165 29 0 61 0 133 0 0 0 15
395 8070 1703 1600 258 0 0 165 30 0 62 0 133 0 0 0 15
396 8087 1696 1591 255 0 0 167 29 0 62 0 134 0 0 0 15
397 8086 1695 1589 258 0 0 168 28 0 62 0 134 0 0 0 16
398 8082 1695 1588 261 0 0 169 28 0 62 0 135 0 0 0 16
399 8079 1694 1587 264 0 0 170 28 0 63 0 135 0 0 0 16
400 8072 1695 1589 268 0 0 170 28 0 64 0 134 0 0 0 16
401 8062 1700 1594 266 0 0 171 28 0 65 0 134 0 0 0 16
402 8058 1700 1594 268 0 0 172 28 0 66 0 134 0 0 0 16
403 8058 1700 1594 266 0 0 173 28 0 67 0 134 0 0 0 16
404 8068 1696 1589 263 0 0 174 28 0 67 0 135 0 0 0 16
405 8072 1695 1587 260 0 0 175 28 0 67 0 136 0 0 0 16
406 8060 1701 1591 258 0 0 177 28 0 67 0 138 0 0 0 16
407 8063 1698 1590 259 0 0 177 28 0 69 0 136 0 0 0 16
408 8056 1701 1593 260 0 0 177 28 0 69 0 136 0 0 0 16
409 8066 1696 1588 260 0 0 177 28 0 69 0 136 0 0 0 16
410 8064 1695 1588 261 0 0 177 29 0 70 0 136 0 0 0 16
411 8068 1692 1585 263 0 0 177 29 0 70 0 136 0 0 0 16
412 8061 1691 1586 270 0 0 177 29 0 72 0 134 0 0 0 16
413 8053 1693 1588 272 0 0 177 30 0 72 0 135 0 0 0 16
414 8058 1691 1585 268 0 0 179 30 0 73 0 136 0 0 0 16
415 8064 1687 1582 267 0 0 179 31 0 74 0 136 0 0 0 16
416 8066 1685 1580 268 0 0 179 31 0 74 0 136 0 0 0 17
417 8066 1684 1581 268 0 0 179 31 0 76 0 134 0 0 0 17
418 8078 1679 1575 266 0 0 180 30 0 76 0 134 0 0 0 18
419 8077 1676 1574 268 0 0 181 30 0 79 0 132 0 0 0 19
420 8084 1672 1570 269 0 0 181 30 0 79 0 132 0 0 0 19
421 8107 1659 1559 270 0 0 180 31 0 80 0 131 0 0 0 19
422 8104 1660 1560 271 0 0 180 31 0 80 0 131 0 0 0 19
423 8106 1658 1559 272 0 0 180 31 0 81 0 130 0 0 0 19
424 8112 1654 1554 271 0 0 181 32 0 81 0 132 0 0 0 19
425 8117 1649 1551 274 0 0 180 33 0 82 0 131 0 0 0 19
426 8106 1653 1554 272 0 0 182 34 0 83 0 133 0 0 0 19
427 8109 1651 1551 270 0 0 184 34 0 84 0 134 0 0 0 19
428 8103 1653 1553 272 0 0 184 34 0 84 0 134 0 0 0 19
429 8095 1652 1554 278 0 0 183 36 0 85 0 134 0 0 0 19
430 8088 1653 1554 278 0 0 186 36 0 87 0 135 0 0 0 19
431 8085 1654 1554 276 0 0 187 37 0 87 0 137 0 0 0 19
432 8082 1654 1554 279 0 0 187 37 0 87 0 137 0 0 0 19
433 8073 1658 1558 280 0 0 187 37 0 87 0 137 0 0 0 19
434 8058 1662 1562 287 0 0 187 37 0 87 0 137 0 0 0 19
435 8051 1664 1565 289 0 0 187 37 0 88 0 136 0 0 0 19
436 8047 1665 1565 290 0 0 188 37 0 88 0 137 0 0 0 19
437 8034 1670 1569 289 0 0 190 37 0 89 0 138 0 0 0 20
438 8022 1674 1571 290 0 0 193 36 0 90 0 139 0 0 0 21
439 8020 1673 1570 292 0 0 194 36 0 91 0 139 0 0 0 21
440 8036 1664 1564 291 0 0 193 37 0 93 0 137 0 0 0 21
441 8031 1664 1561 296 0 0 196 35 0 93 0 138 0 0 0 22
442 8025 1666 1565 296 0 0 195 36 0 94 0 137 0 0 0 22
443 8015 1668 1568 301 0 0 194 37 0 94 0 137 0 0 0 22
444 8011 1669 1567 301 0 0 196 37 0 94 0 139 0 0 0 22
445 8016 1667 1563 299 0 0 198 36 0 94 0 140 0 0 0 23
446 8006 1670 1563 301 0 0 201 35 0 94 0 142 0 0 0 24
447 7992 1675 1567 304 0 0 202 35 0 94 0 143 0 0 0 24
448 7987 1676 1570 303 0 0 202 36 0 96 0 142 0 0 0 24
449 7978 1679 1573 306 0 0 202 36 0 96 0 142 0 0 0 24
450 7976 1678 1572 306 0 0 203 37 0 97 0 143 0 0 0 24
451 7985 1674 1567 304 0 0 204 37 0 97 0 144 0 0 0 24
452 7977 1679 1570 300 0 0 206 37 0 97 0 146 0 0 0 24
453 7967 1681 1573 303 0 0 206 38 0 98 0 146 0 0 0 24
454 7954 1686 1579 305 0 0 205 39 0 98 0 146 0 0 0 24
455 7941 1690 1582 310 0 0 206 38 0 98 0 146 0 0 0 25
456 7926 1698 1590 307 0 0 207 38 0 99 0 146 0 0 0 25
457 7917 1700 1592 312 0 0 207 38 0 99 0 146 0 0 0 25
458 7903 1705 1596 311 0 0 209 39 0 100 0 148 0 0 0 25
459 7889 1711 1603 308 0 0 209 40 0 101 0 148 0 0 0 27
460 7871 1718 1609 312 0 0 210 39 0 101 0 148 0 0 0 28
461 7856 1724 1614 310 0 0 212 40 0 102 0 150 0 0 0 28
462 7850 1727 1617 310 0 0 212 40 0 102 0 150 0 0 0 28
463 7836 1734 1623 307 0 0 214 40 0 103 0 151 0 0 0 28
464 7829 1736 1622 307 0 0 217 40 0 103 0 154 0 0 0 28
465 7818 1742 1628 305 0 0 218 39 0 104 0 153 0 0 0 29
466 7797 1750 1636 304 0 0 220 40 0 106 0 154 0 0 0 29
467 7787 1755 1640 301 0 0 222 40 0 107 0 155 0 0 0 29
468 7775 1759 1645 301 0 0 221 42 0 107 0 156 0 0 0 30
469 7767 1761 1648 302 0 0 220 44 0 107 0 157 0 0 0 30
470 7752 1767 1652 301 0 0 223 44 0 108 0 159 0 0 0 30
471 7742 1770 1655 304 0 0 223 44 0 108 0 159 0 0 0 31
472 7722 1776 1663 310 0 0 222 45 0 109 0 158 0 0 0 31
473 7719 1775 1662 311 0 0 224 45 0 111 0 158 0 0 0 31
474 7702 1782 1668 313 0 0 225 45 0 111 0 159 0 0 0 31
475 7702 1782 1664 308 0 0 229 45 0 111 0 163 0 0 0 32
476 7703 1780 1660 307 0 0 231 46 0 111 0 166 0 0 0 32
477 7685 1788 1665 306 0 0 234 45 0 111 0 168 0 0 0 34
478 7674 1789 1667 309 0 0 236 44 0 114 0 166 0 0 0 37
479 7677 1785 1663 312 0 0 237 44 0 115 0 166 0 0 0 37
480 7662 1790 1669 311 0 0 238 45 0 117 0 166 0 0 0 38
481 7646 1794 1674 316 0 0 238 46 0 118 0 166 0 0 0 38
482 7639 1797 1679 315 0 0 237 47 0 119 0 165 0 0 0 38
483 7642 1796 1676 309 0 0 239 48 0 119 0 168 0 0 0 39
484 7634 1802 1678 305 0 0 242 47 0 118 0 171 0 0 0 39
485 7630 1803 1680 304 0 0 243 47 0 120 0 170 0 0 0 39
486 7626 1803 1681 305 0 0 243 48 0 121 0 170 0 0 0 39
487 7637 1798 1676 304 0 0 243 48 0 121 0 170 0 0 0 39
488 7631 1799 1669 303 0 0 251 45 0 121 0 175 0 0 0 42
489 7632 1799 1668 303 0 0 251 45 0 120 0 176 0 0 0 42
490 7629 1798 1667 308 0 0 251 45 0 120 0 176 0 0 0 42
491 7616 1801 1669 314 0 0 252 45 0 120 0 177 0 0 0 42
492 7597 1809 1675 315 0 0 255 44 0 121 0 178 0 0 0 42
493 7585 1813 1680 318 0 0 254 45 0 121 0 178 0 0 0 42
494 7591 1809 1676 318 0 0 255 45 0 122 0 178 0 0 0 42
495 7579 1814 1681 316 0 0 257 45 0 124 0 178 0 0 0 42
496 7566 1819 1685 318 0 0 258 45 0 124 0 179 0 0 0 42
497 7572 1815 1681 319 0 0 258 45 0 124 0 179 0 0 0 43
498 7571 1813 1675 318 0 0 263 45 0 125 0 183 0 0 0 43
499 7569 1812 1679 317 0 0 262 46 0 129 0 179 0 0 0 43
500 7570 1808 1676 320 0 0 263 46 0 131 0 178 0 0 0 44
501 7566 1810 1677 315 0 0 265 47 0 132 0 180 0 0 0 44
502 7565 1807 1674 318 0 0 265 49 0 132 0 182 0 0 0 44
503 7574 1801 1670 317 0 0 266 49 0 135 0 180 0 0 0 44
504 7575 1803 1668 312 0 0 268 49 0 133 0 184 0 0 0 44
505 7580 1799 1664 314 0 0 268 49 0 133 0 184 0 0 0 45
506 7576 1800 1661 310 0 0 272 50 0 133 0 189 0 0 0 45
507 7558 1808 1669 310 0 0 274 49 0 135 0 188 0 0 0 45
508 7562 1806 1667 310 0 0 274 49 0 135 0 188 0 0 0 45
509 7563 1804 1665 313 0 0 275 48 0 136 0 187 0 0 0 45
510 7559 1805 1666 315 0 0 275 48 0 136 0 187 0 0 0 45
511 7556 1807 1664 312 0 0 278 48 0 135 0 191 0 0 0 45
512 7543 1811 1667 314 0 0 280 48 0 136 0 192 0 0 0 45
513 7540 1811 1664 316 0 0 283 47 0 136 0 194 0 0 0 45
514 7543 1811 1662 309 0 0 286 47 0 137 0 196 0 0 0 45
515 7543 1812 1664 306 0 0 285 48 0 137 0 196 0 0 0 45
516 7550 1807 1659 309 0 0 285 48 0 137 0 196 0 0 0 45
517 7555 1804 1655 310 0 0 287 46 0 138 0 195 0 0 0 46
518 7557 1803 1654 310 0 0 287 46 0 138 0 195 0 0 0 46
519 7558 1802 1654 308 0 0 288 46 0 140 0 194 0 0 0 46
520 7543 1810 1662 307 0 0 287 47 0 139 0 195 0 0 0 46
521 7552 1807 1660 303 0 0 287 47 0 140 0 194 0 0 0 46
522 7563 1801 1654 302 0 0 287 48 0 140 0 195 0 0 0 46
523 7565 1799 1652 300 0 0 288 49 0 141 0 196 0 0 0 46
524 7561 1802 1657 296 0 0 288 49 0 143 0 194 0 0 0 46
525 7544 1810 1664 294 0 0 288 51 0 142 0 197 0 0 0 46
526 7556 1802 1656 295 0 0 289 51 0 143 0 197 0 0 0 47
527 7554 1801 1655 298 0 0 289 51 0 143 0 197 0 0 0 48
528 7553 1801 1656 296 0 0 290 51 0 145 0 196 0 0 0 48
529 7557 1796 1652 301 0 0 290 51 0 146 0 195 0 0 0 48
530 7549 1797 1655 304 0 0 290 51 0 148 0 193 0 0 0 49
531 7544 1799 1656 306 0 0 291 50 0 148 0 193 0 0 0 49
532 7549 1794 1651 311 0 0 291 50 0 148 0 193 0 0 0 49
533 7548 1796 1651 306 0 0 293 50 0 148 0 195 0 0 0 49
534 7552 1791 1646 312 0 0 293 50 0 148 0 195 0 0 0 49
535 7565 1783 1640 313 0 0 292 51 0 149 0 194 0 0 0 49
536 7571 1778 1634 314 0 0 294 51 0 150 0 195 0 0 0 49
537 7583 1775 1632 305 0 0 294 52 0 151 0 195 0 0 0 49
538 7582 1774 1631 306 0 0 295 52 0 152 0 195 0 0 0 49
539 7580 1775 1631 305 0 0 296 52 0 152 0 196 0 0 0 49
540 7596 1767 1624 304 0 0 296 52 0 153 0 195 0 0 0 49
541 7591 1768 1627 301 0 0 296 54 0 155 0 195 0 0 0 49
542 7591 1767 1624 301 0 0 298 54 0 155 0 197 0 0 0 49
543 7581 1769 1626 306 0 0 299 53 0 156 0 196 0 0 0 50
544 7581 1769 1625 305 0 0 300 53 0 156 0 197 0 0 0 50
545 7588 1764 1615 302 0 0 306 52 0 157 0 201 0 0 0 51
546 7580 1768 1618 301 0 0 305 54 0 155 0 204 0 0 0 51
547 7578 1768 1620 299 0 0 305 55 0 157 0 203 0 0 0 51
548 7590 1763 1615 296 0 0 306 54 0 158 0 202 0 0 0 52
549 7599 1758 1607 297 0 0 308 53 0 157 0 204 0 0 0 53
550 7600 1756 1606 297 0 0 309 53 0 159 0 203 0 0 0 53
551 7606 1754 1604 295 0 0 309 53 0 159 0 203 0 0 0 53
552 7613 1749 1601 296 0 0 308 54 0 160 0 202 0 0 0 53
553 7611 1752 1606 290 0 0 307 55 0 161 0 201 0 0 0 53
554 7619 1748 1602 288 0 0 307 56 0 161 0 202 0 0 0 53
555 7627 1744 1597 285 0 0 309 56 0 162 0 203 0 0 0 53
556 7631 1741 1593 286 0 0 311 55 0 163 0 203 0 0 0 53
557 7620 1742 1596 293 0 0 309 57 0 163 0 203 0 0 0 53
558 7623 1743 1596 287 0 0 310 57 0 163 0 204 0 0 0 53
559 7632 1737 1592 288 0 0 309 58 0 164 0 203 0 0 0 53
560 7621 1740 1593 293 0 0 311 57 0 164 0 204 0 0 0 53
561 7620 1739 1593 293 0 0 310 59 0 164 0 205 0 0 0 53
562 7621 1740 1592 288 0 0 312 59 0 164 0 207 0 0 0 53
563 7613 1745 1595 288 0 0 314 57 0 164 0 207 0 0 0 53
564 7629 1738 1588 284 0 0 315 57 0 165 0 207 0 0 0 53
565 7639 1731 1583 286 0 0 315 57 0 167 0 205 0 0 0 53
566 7637 1731 1585 286 0 0 315 57 0 169 0 203 0 0 0 53
567 7643 1728 1582 286 0 0 315 57 0 169 0 203 0 0 0 53
568 7644 1725 1584 285 0 0 314 58 0 173 0 199 0 0 0 54
569 7658 1715 1575 290 0 0 313 59 0 173 0 199 0 0 0 54
570 7655 1716 1577 288 0 0 314 59 0 175 0 198 0 0 0 54
571 7664 1714 1577 281 0 0 313 60 0 176 0 197 0 0 0 54
572 7662 1718 1582 274 0 0 313 60 0 177 0 196 0 0 0 54
573 7676 1712 1576 272 0 0 313 60 0 177 0 196 0 0 0 54
574 7672 1713 1576 273 0 0 314 60 0 177 0 197 0 0 0 54
575 7676 1713 1576 269 0 0 314 60 0 177 0 197 0 0 0 54
576 7689 1705 1565 269 0 0 317 60 0 177 0 200 0 0 0 54
577 7705 1695 1555 273 0 0 317 60 0 177 0 200 0 0 0 54
578 7723 1687 1546 271 0 0 318 59 0 177 0 200 0 0 0 55
579 7723 1686 1547 269 0 0 319 59 0 180 0 198 0 0 0 55
580 7722 1686 1548 269 0 0 318 60 0 180 0 198 0 0 0 55
581 7716 1688 1549 270 0 0 319 60 0 180 0 199 0 0 0 55
582 7713 1691 1549 270 0 0 321 58 0 179 0 200 0 0 0 55
583 7717 1688 1546 270 0 0 322 58 0 180 0 200 0 0 0 55
584 7724 1687 1544 266 0 0 323 57 0 180 0 200 0 0 0 55
585 7713 1691 1550 267 0 0 323 57 0 182 0 198 0 0 0 55
586 7709 1694 1552 264 0 0 324 57 0 182 0 199 0 0 0 55
587 7720 1689 1547 263 0 0 324 57 0 182 0 199 0 0 0 55
588 7729 1685 1544 261 0 0 324 57 0 183 0 198 0 0 0 55
589 7735 1682 1544 258 0 0 322 59 0 184 0 197 0 0 0 55
590 7754 1674 1537 254 0 0 322 59 0 185 0 196 0 0 0 55
591 7747 1676 1541 255 0 0 322 59 0 187 0 194 0 0 0 55
592 7749 1674 1541 255 0 0 320 61 0 187 0 194 0 0 0 55
593 7761 1667 1534 256 0 0 322 59 0 189 0 192 0 0 0 56
594 7752 1668 1534 264 0 0 322 59 0 188 0 193 0 0 0 56
595 7743 1671 1538 266 0 0 322 59 0 189 0 192 0 0 0 56
596 7745 1671 1538 264 0 0 322 59 0 189 0 192 0 0 0 56
597 7746 1669 1538 265 0 0 322 59 0 191 0 190 0 0 0 56
598 7755 1662 1534 267 0 0 321 60 0 193 0 188 0 0 0 56
599 7765 1656 1529 268 0 0 321 60 0 194 0 187 0 0 0 56
600 7774 1652 1523 267 0 0 323 59 0 194 0 188 0 0 0 56
601 7773 1652 1522 267 0 0 324 59 0 194 0 189 0 0 0 56
602 7772 1652 1524 266 0 0 323 60 0 195 0 188 0 0 0 56
603 7784 1645 1519 264 0 0 323 61 0 197 0 187 0 0 0 56
604 7789 1643 1519 261 0 0 322 62 0 198 0 186 0 0 0 56
605 7792 1642 1519 259 0 0 322 62 0 199 0 185 0 0 0 56
606 7791 1642 1520 257 0 0 324 61 0 202 0 183 0 0 0 56
607 7789 1642 1521 256 0 0 324 62 0 203 0 183 0 0 0 56
608 7788 1640 1520 258 0 0 326 61 0 206 0 181 0 0 0 56
609 7790 1641 1521 252 0 0 327 61 0 207 0 181 0 0 0 56
610 7784 1641 1521 258 0 0 328 60 0 208 0 180 0 0 0 56
611 7778 1646 1526 253 0 0 329 59 0 209 0 179 0 0 0 57
612 7786 1641 1522 252 0 0 330 59 0 211 0 178 0 0 0 57
613 7790 1638 1520 253 0 0 330 59 0 212 0 177 0 0 0 57
614 7795 1635 1519 252 0 0 330 59 0 214 0 175 0 0 0 57
615 7812 1627 1513 249 0 0 331 58 0 217 0 172 0 0 0 57
616 7821 1623 1508 247 0 0 332 57 0 217 0 172 0 0 0 59
617 7823 1620 1505 251 0 0 331 58 0 216 0 173 0 0 0 59
618 7825 1620 1505 249 0 0 331 58 0 216 0 173 0 0 0 59
619 7840 1613 1499 247 0 0 331 58 0 217 0 172 0 0 0 59
620 7835 1613 1501 248 0 0 331 59 0 219 0 171 0 0 0 59
621 7844 1611 1499 243 0 0 331 59 0 219 0 171 0 0 0 59
622 7847 1610 1498 242 0 0 332 58 0 220 0 170 0 0 0 59
623 7850 1612 1501 234 0 0 331 59 0 220 0 170 0 0 0 59
624 7846 1613 1503 233 1 0 331 59 0 222 1 168 0 0 0 59
625 7848 1609 1501 237 1 0 331 59 0 224 1 166 0 0 0 59
626 7856 1606 1497 234 1 0 332 58 0 224 1 166 0 0 0 61
627 7862 1602 1494 235 1 0 332 58 0 225 1 165 0 0 0 61
628 7862 1601 1492 236 1 0 334 57 0 226 1 165 0 0 0 61
629 7864 1599 1492 236 1 0 334 57 0 228 1 163 0 0 0 61
630 7868 1597 1487 235 1 0 337 56 0 228 1 165 0 0 0 61
631 7865 1597 1486 237 1 0 338 56 0 228 1 166 0 0 0 61
632 7869 1591 1487 238 1 0 335 59 0 232 1 162 0 0 0 61
633 7871 1590 1487 237 1 0 335 59 0 233 1 161 0 0 0 61
634 7885 1584 1481 233 1 0 336 59 0 234 1 161 0 0 0 61
635 7889 1584 1478 231 1 0 339 56 0 234 1 161 0 0 0 62
636 7894 1581 1476 231 1 0 340 55 0 236 1 159 0 0 0 62
637 7890 1585 1477 224 1 0 344 54 0 237 1 161 0 0 0 62
638 7898 1580 1474 224 1 0 343 55 0 238 1 160 0 0 0 62
639 7898 1579 1474 223 1 0 343 56 0 239 1 160 0 0 0 62
640 7904 1576 1472 222 1 0 343 56 0 240 1 159 0 0 0 62
641 7918 1569 1466 221 1 0 343 56 0 241 1 158 0 0 0 62
642 7923 1567 1463 219 1 0 344 56 0 241 1 159 0 0 0 62
643 7940 1559 1457 216 1 0 343 57 0 242 1 158 0 0 0 62
644 7953 1551 1450 216 1 0 343 58 0 243 1 158 0 0 0 62
645 7970 1543 1443 214 1 0 343 58 0 244 1 157 0 0 0 62
646 7974 1540 1441 215 1 0 343 58 0 245 1 156 0 0 0 62
647 7977 1539 1442 212 1 0 343 58 0 247 1 154 0 0 0 62
648 7997 1530 1434 207 1 0 343 59 0 248 1 154 0 0 0 62
649 7999 1526 1434 209 1 0 344 58 0 253 1 149 0 0 0 62
650 8007 1523 1430 206 1 0 345 58 0 253 1 150 0 0 0 62
651 8011 1522 1427 204 1 0 347 57 0 253 1 151 0 0 0 62
652 8008 1522 1427 207 1 0 347 57 0 253 1 151 0 0 0 62
653 8006 1521 1426 211 1 0 346 58 0 252 1 152 0 0 0 62
654 8010 1517 1424 211 1 0 345 60 0 253 1 152 0 0 0 62
655 8012 1513 1420 216 1 0 346 59 0 254 1 151 0 0 0 63
656 8015 1512 1420 214 1 0 346 59 0 255 1 150 0 0 0 63
657 8016 1512 1421 212 1 0 346 59 0 256 1 149 0 0 0 63
658 8022 1510 1419 210 1 0 347 58 0 257 1 148 0 0 0 63
659 8031 1505 1416 209 1 0 347 58 0 259 1 146 0 0 0 63
660 8049 1493 1406 209 1 0 349 58 0 263 1 144 0 0 0 63
661 8049 1491 1405 212 1 0 349 58 0 264 1 143 0 0 0 63
662 8040 1495 1409 213 1 0 349 58 0 264 1 143 0 0 0 63
663 8039 1495 1410 213 1 0 349 58 0 265 1 142 0 0 0 63
664 8055 1488 1402 212 1 0 349 58 0 264 1 143 0 0 0 63
665 8056 1488 1402 211 1 0 349 58 0 264 1 143 0 0 0 63
666 8073 1480 1394 210 1 0 349 58 0 264 1 143 0 0 0 63
667 8083 1474 1388 210 1 0 349 59 0 264 1 144 0 0 0 63
668 8085 1471 1386 213 1 0 349 59 0 265 1 143 0 0 0 63
669 8082 1471 1389 213 1 0 348 60 0 267 1 141 0 0 0 63
670 8076 1475 1392 209 1 0 351 58 0 269 1 140 0 0 0 64
671 8083 1470 1388 209 1 0 351 59 0 270 1 140 0 0 0 64
672 8089 1468 1384 208 1 0 353 57 0 270 1 140 0 0 0 65
673 8093 1466 1382 208 1 0 353 57 0 270 1 140 0 0 0 65
674 8093 1466 1383 207 1 0 352 58 0 270 1 140 0 0 0 65
675 8095 1464 1382 208 1 0 352 58 0 271 1 139 0 0 0 65
676 8100 1462 1379 207 1 0 351 59 0 269 1 141 0 0 0 66
677 8104 1457 1374 212 1 0 352 58 0 270 1 140 0 0 0 67
678 8101 1459 1374 212 1 0 353 57 0 269 1 141 0 0 0 68
679 8107 1457 1370 209 1 0 354 57 0 268 1 143 0 0 0 69
680 8103 1458 1370 212 1 0 356 55 0 269 1 142 0 0 0 69
681 8121 1449 1361 210 1 0 357 55 0 270 1 142 0 0 0 69
682 8124 1450 1362 205 1 0 358 54 0 271 1 141 0 0 0 69
683 8132 1446 1360 203 1 0 357 55 0 272 1 140 0 0 0 69
684 8141 1441 1356 203 1 0 357 55 0 273 1 139 0 0 0 69
685 8148 1437 1351 205 1 0 358 54 0 273 1 139 0 0 0 69
686 8143 1440 1356 202 1 0 358 54 0 275 1 137 0 0 0 69
687 8150 1436 1353 202 1 0 359 53 0 277 1 135 0 0 0 69
688 8169 1426 1345 201 1 0 360 52 0 280 1 132 0 0 0 69
689 8170 1427 1347 197 1 0 359 53 0 280 1 132 0 0 0 69
690 8174 1425 1344 198 1 0 359 53 0 279 1 133 0 0 0 69
691 8170 1425 1345 201 1 0 360 52 0 281 1 131 0 0 0 69
692 8176 1422 1343 198 1 0 361 52 0 283 1 130 0 0 0 69
693 8178 1420 1342 197 1 0 362 52 1 284 0 130 0 0 0 69
694 8189 1415 1336 197 1 0 363 51 1 284 0 130 0 0 0 69
695 8198 1410 1333 196 1 0 363 51 1 286 0 128 0 0 0 69
696 8193 1413 1335 195 1 0 366 48 1 288 0 126 0 0 0 70
697 8176 1422 1344 192 1 0 367 48 1 289 0 126 0 0 0 70
698 8188 1417 1340 189 1 0 367 48 1 290 0 125 0 0 0 70
699 8185 1420 1342 185 1 0 368 48 1 290 0 126 0 0 0 70
700 8186 1419 1342 185 1 0 368 48 1 291 0 125 0 0 0 70
701 8195 1416 1338 183 1 0 368 48 1 290 0 126 0 0 0 70
702 8202 1412 1333 185 1 0 370 46 1 291 0 125 0 0 0 70
703 8198 1413 1335 186 1 0 370 46 1 292 0 124 0 0 0 70
704 8209 1407 1331 185 1 0 369 47 1 293 0 123 0 0 0 70
705 8208 1407 1330 187 1 0 369 47 1 292 0 124 0 0 0 70
706 8203 1409 1332 188 1 0 369 47 1 292 0 124 0 0 0 70
707 8201 1409 1332 188 1 0 369 48 1 292 0 125 0 0 0 70
708 8214 1403 1325 188 1 0 369 48 1 291 0 126 0 0 0 70
709 8224 1398 1321 187 1 0 369 48 1 292 0 125 0 0 0 70
710 8214 1399 1326 191 1 0 367 50 1 294 0 123 0 0 0 70
711 8223 1394 1322 189 1 0 367 51 1 295 0 123 0 0 0 70
712 8229 1392 1319 188 1 0 368 50 1 295 0 123 0 0 0 70
713 8239 1388 1316 185 1 0 368 50 1 296 0 122 0 0 0 70
714 8253 1383 1313 179 1 0 368 50 1 298 0 120 0 0 0 70
715 8250 1387 1314 177 1 0 370 48 1 297 0 121 0 0 0 70
716 8244 1389 1317 178 1 0 369 49 1 297 0 121 0 0 0 70
717 8249 1384 1314 179 1 0 368 51 1 298 0 121 0 0 0 70
718 8253 1382 1312 177 1 0 369 51 1 299 0 121 0 0 0 70
719 8253 1381 1312 178 1 0 368 52 1 299 0 121 0 0 0 70
720 8256 1382 1315 171 1 0 368 52 1 301 0 119 0 0 0 70
721 8254 1382 1315 173 1 0 368 52 1 301 0 119 0 0 0 70
722 8277 1370 1303 174 1 0 368 52 1 301 0 119 0 0 0 70
723 8269 1373 1307 175 1 0 367 53 1 301 0 119 0 0 0 70
724 8279 1370 1304 171 1 0 369 51 1 303 0 117 0 0 0 70
725 8278 1370 1304 172 1 0 369 51 1 303 0 117 0 0 0 70
726 8281 1368 1301 173 1 0 369 51 1 302 0 118 0 0 0 71
727 8284 1366 1299 174 1 0 369 51 1 302 0 118 0 0 0 71
728 8296 1361 1294 172 1 0 369 51 1 302 0 118 0 0 0 71
729 8299 1360 1292 172 1 0 370 50 1 302 0 118 0 0 0 71
730 8308 1354 1287 174 1 0 371 49 1 304 0 116 0 0 0 71
731 8319 1350 1284 170 1 0 371 49 1 305 0 115 0 0 0 71
732 8326 1348 1281 168 1 0 372 48 1 305 0 115 0 0 0 71
733 8336 1342 1277 168 1 0 372 48 1 307 0 113 0 0 0 71
734 8342 1339 1275 167 1 0 372 48 1 308 0 112 0 0 0 71
735 8343 1336 1274 170 1 0 372 48 1 310 0 110 0 0 0 71
736 8349 1333 1272 169 1 0 372 48 1 311 0 109 0 0 0 71
737 8358 1328 1268 169 1 0 371 49 1 311 0 109 0 0 0 71
738 8362 1325 1266 170 1 0 371 49 1 312 0 108 0 0 0 71
739 8365 1323 1263 170 1 0 372 49 1 312 0 109 0 0 0 71
740 8359 1325 1265 172 1 0 372 49 1 312 0 109 0 0 0 71
741 8372 1318 1259 172 1 0 372 49 1 313 0 108 0 0 0 71
742 8380 1314 1255 172 1 0 372 49 1 313 0 108 0 0 0 71
743 8396 1306 1247 172 1 0 372 49 1 313 0 108 0 0 0 71
744 8395 1304 1248 172 1 0 372 50 1 316 0 106 0 0 0 71
745 8405 1299 1244 171 1 0 372 50 1 317 0 105 0 0 0 71
746 8416 1291 1240 172 1 0 370 52 1 319 0 103 0 0 0 71
747 8416 1295 1243 165 1 0 371 51 1 319 0 103 0 0 0 71
748 8417 1295 1244 163 1 0 370 52 1 319 0 103 0 0 0 71
749 8417 1296 1246 160 1 0 370 52 1 320 0 102 0 0 0 71
750 8415 1298 1246 158 1 0 372 51 1 320 0 103 0 0 0 71
751 8422 1295 1242 158 1 0 372 51 1 319 0 104 0 0 0 71
752 8413 1299 1245 160 1 0 372 51 1 318 0 105 0 0 0 71
753 8417 1296 1243 161 1 0 371 52 1 318 0 105 0 0 0 71
754 8425 1292 1239 161 1 0 371 52 1 318 0 105 0 0 0 71
755 8437 1286 1233 161 1 0 371 52 1 318 0 105 0 0 0 71
756 8449 1281 1227 160 1 0 372 51 1 318 0 105 0 0 0 71
757 8459 1277 1222 159 1 0 373 50 1 318 0 105 0 0 0 71
758 8470 1271 1216 160 1 0 373 50 1 318 0 105 0 0 0 71
759 8480 1267 1211 159 1 0 374 49 1 318 0 105 0 0 0 71
760 8477 1269 1215 156 1 0 373 50 1 319 0 104 0 0 0 71
761 8481 1267 1213 156 1 0 374 49 1 320 0 103 0 0 0 71
762 8490 1262 1209 156 1 0 374 49 1 321 0 102 0 0 0 71
763 8502 1257 1201 157 1 0 374 49 1 318 0 105 0 0 0 71
764 8513 1252 1196 156 1 0 374 49 1 318 0 105 0 0 0 71
765 8530 1245 1189 153 1 0 374 49 1 318 0 105 0 0 0 71
766 8537 1240 1185 155 1 0 374 49 1 319 0 104 0 0 0 71
767 8533 1243 1187 153 1 0 375 48 1 319 0 104 0 0 0 72
768 8543 1238 1182 153 1 0 375 48 1 319 0 104 0 0 0 72
769 8547 1234 1179 156 1 0 375 48 1 320 0 103 0 0 0 72
770 8545 1234 1181 156 1 0 374 49 1 321 0 102 0 0 0 72
771 8543 1235 1182 156 1 0 374 49 1 321 0 102 0 0 0 72
772 8541 1237 1185 153 1 0 373 50 1 321 0 102 0 0 0 72
773 8552 1231 1181 152 1 0 372 51 1 322 0 101 0 0 0 72
774 8561 1227 1177 151 1 0 372 51 1 322 0 101 0 0 0 72
775 8570 1224 1174 148 1 0 372 51 1 322 0 101 0 0 0 72
776 8575 1221 1171 149 1 0 372 51 1 322 0 101 0 0 0 72
777 8569 1223 1172 152 1 0 372 51 1 321 0 102 0 0 0 72
778 8575 1222 1170 149 1 0 373 50 1 321 0 102 0 0 0 72
779 8577 1221 1170 148 1 0 373 50 1 322 0 101 0 0 0 72
780 8579 1217 1166 154 1 0 373 50 1 322 0 101 0 0 0 72
781 8583 1216 1165 152 1 0 373 50 1 322 0 101 0 0 0 72
782 8588 1214 1163 151 1 0 372 51 1 321 0 102 0 0 0 72
783 8590 1213 1162 151 1 0 372 51 1 321 0 102 0 0 0 72
784 8588 1220 1167 141 1 0 373 50 1 320 0 103 0 0 0 72
785 8594 1217 1166 139 1 0 372 51 1 321 0 102 0 0 0 72
786 8610 1208 1157 141 1 0 372 51 1 321 0 102 0 0 0 72
787 8606 1209 1158 143 1 0 371 52 1 320 0 103 0 0 0 72
788 8625 1200 1150 141 1 0 371 52 1 321 0 102 0 0 0 72
789 8627 1199 1149 141 1 0 371 52 1 321 0 102 0 0 0 72
790 8635 1197 1147 137 1 0 373 50 1 323 0 100 0 0 0 72
791 8649 1191 1141 135 1 0 373 50 1 323 0 100 0 0 0 72
792 8647 1192 1141 135 1 0 374 49 1 323 0 100 0 0 0 73
793 8649 1190 1139 137 1 0 374 49 1 323 0 100 0 0 0 73
794 8649 1190 1138 138 1 0 374 49 1 322 0 101 0 0 0 73
795 8648 1189 1136 140 1 0 375 49 1 322 0 102 0 0 0 73
796 8653 1185 1132 143 1 0 375 49 1 322 0 102 0 0 0 73
797 8661 1180 1128 144 1 0 375 49 1 323 0 101 0 0 0 73
798 8652 1185 1132 144 1 0 375 49 1 322 0 102 0 0 0 73
799 8658 1183 1129 143 1 0 376 48 1 322 0 102 0 0 0 73
800 8665 1180 1127 141 1 0 376 48 1 323 0 101 0 0 0 73
801 8665 1181 1127 139 1 0 376 48 1 322 0 102 0 0 0 74
802 8681 1173 1118 140 1 0 377 47 1 322 0 102 0 0 0 74
803 8673 1179 1122 138 1 0 377 47 1 320 0 104 0 0 0 74
804 8685 1174 1118 135 1 0 378 46 1 322 0 102 0 0 0 74
805 8701 1167 1111 133 1 0 378 46 1 322 0 102 0 0 0 74
806 8708 1164 1108 132 1 0 378 46 1 322 0 102 0 0 0 74
807 8701 1168 1110 131 1 0 380 45 1 322 0 103 0 0 0 74
808 8698 1169 1111 130 1 0 381 45 1 323 0 103 0 0 0 74
809 8697 1170 1112 129 1 0 381 45 1 323 0 103 0 0 0 74
810 8695 1172 1114 127 1 0 381 45 1 323 0 103 0 0 0 74
811 8697 1170 1112 129 1 0 382 44 1 324 0 102 0 0 0 74
812 8710 1162 1104 128 1 0 384 43 1 326 0 101 0 0 0 76
813 8719 1157 1099 129 1 0 384 43 1 326 0 101 0 0 0 76
814 8727 1154 1095 128 1 0 384 43 1 325 0 102 0 0 0 76
815 8731 1153 1093 127 1 0 385 42 1 325 0 102 0 0 0 76
816 8723 1156 1096 129 1 0 385 42 1 325 0 102 0 0 0 76
817 8731 1153 1093 127 1 0 385 42 1 325 0 102 0 0 0 76
818 8737 1151 1091 125 1 0 385 42 1 325 0 102 0 0 0 76
819 8736 1151 1093 124 1 0 385 42 2 326 0 100 0 1 0 75
820 8747 1145 1087 123 1 0 387 41 2 328 0 99 0 1 0 75
821 8748 1143 1085 126 1 0 387 41 2 328 0 99 0 1 0 75
822 8749 1144 1086 123 1 0 387 41 2 328 0 99 0 1 0 75
823 8760 1139 1081 122 1 0 387 41 2 328 0 99 0 1 0 75
824 8774 1133 1076 119 1 0 387 41 2 329 0 98 0 1 0 75
825 8783 1128 1072 119 1 0 387 41 2 330 0 97 0 1 0 75
826 8793 1124 1068 117 1 0 387 41 2 330 0 97 0 1 0 75
827 8786 1127 1071 118 1 0 387 41 2 330 0 97 0 1 0 75
828 8790 1125 1069 118 1 0 387 41 2 330 0 97 0 1 0 75
829 8804 1118 1062 116 1 0 388 41 2 331 0 97 0 1 0 75
830 8807 1119 1062 112 1 0 389 40 2 331 0 97 0 1 0 75
831 8813 1117 1060 110 1 0 389 40 2 331 0 97 0 1 0 75
832 8809 1119 1062 110 1 0 389 40 2 331 0 97 0 1 0 75
833 8815 1116 1060 109 1 0 389 40 2 332 0 96 0 1 0 75
834 8812 1118 1061 109 1 0 389 40 2 331 0 97 0 1 0 75
835 8817 1116 1059 106 1 0 390 40 2 332 0 97 0 1 0 75
836 8818 1115 1059 106 1 0 389 41 2 332 0 97 0 1 0 75
837 8824 1113 1057 104 1 0 390 40 2 333 0 96 0 1 0 75
838 8827 1112 1055 104 1 0 390 40 2 332 0 97 0 1 0 75
839 8837 1107 1051 101 1 0 391 40 2 334 0 96 0 1 0 75
840 8841 1105 1049 101 1 0 391 40 2 334 0 96 0 1 0 75
841 8841 1105 1048 102 1 0 391 40 2 333 0 97 0 1 0 75
842 8843 1104 1048 101 1 0 391 40 2 334 0 96 0 1 0 75
843 8841 1106 1050 99 1 0 391 40 2 334 0 96 0 1 0 75
844 8847 1103 1048 98 1 0 393 38 2 337 0 93 0 1 0 75
845 8864 1094 1039 99 1 0 393 38 2 337 0 93 0 1 0 75
846 8868 1093 1038 97 1 0 392 39 2 336 0 94 0 1 0 75
847 8864 1095 1039 98 1 0 393 38 2 336 0 94 0 1 0 75
848 8885 1084 1029 98 1 0 393 38 2 337 0 93 0 1 0 75
849 8890 1082 1026 98 1 0 393 38 2 336 0 94 0 1 0 75
850 8884 1084 1031 97 1 0 392 39 2 338 0 92 0 1 0 75
851 8882 1084 1032 98 1 0 391 40 2 338 0 92 0 1 0 75
852 8890 1079 1026 101 1 0 392 39 2 338 0 92 0 1 0 75
853 8888 1080 1028 100 1 0 391 40 2 338 0 92 0 1 0 75
854 8888 1079 1027 102 1 0 391 40 2 338 0 92 0 1 0 75
855 8894 1076 1025 101 1 0 391 40 2 339 0 91 0 1 0 75
856 8901 1072 1022 101 1 0 391 40 2 340 0 90 0 1 0 75
857 8909 1069 1018 100 1 0 392 39 2 340 0 90 0 1 0 75
858 8908 1069 1018 101 1 0 392 39 2 340 0 90 0 1 0 75
859 8915 1064 1014 103 1 0 392 39 2 341 0 89 0 1 0 75
860 8920 1061 1012 103 1 0 392 39 2 342 0 88 0 1 0 75
861 8926 1056 1010 104 1 0 392 39 2 345 0 85 0 1 0 75
862 8919 1059 1013 105 1 0 392 39 2 345 0 85 0 1 0 75
863 8930 1055 1008 103 1 0 393 38 2 345 0 85 0 1 0 75
864 8934 1055 1007 100 1 0 394 37 2 345 0 85 0 1 0 75
865 8945 1048 1000 101 1 0 395 37 2 346 0 85 0 1 0 75
866 8949 1045 999 101 1 0 394 38 2 347 0 84 0 1 0 75
867 8950 1045 999 100 1 0 394 38 2 347 0 84 0 1 0 75
868 8968 1036 992 98 1 0 394 38 2 349 0 82 0 1 0 75
869 8958 1041 997 98 1 0 394 38 2 349 0 82 0 1 0 75
870 8960 1039 996 99 1 0 394 38 2 350 0 81 0 1 0 75
871 8954 1042 997 98 1 0 396 37 2 350 0 82 0 1 0 76
872 8954 1043 998 96 1 0 397 36 2 351 0 81 0 1 0 76
873 8961 1039 995 96 1 0 397 36 2 352 0 80 0 1 0 76
874 8965 1036 992 98 1 0 397 36 2 352 0 80 0 1 0 76
875 8975 1031 986 99 1 0 398 35 2 352 0 80 0 1 0 76
876 8984 1026 981 100 1 0 398 35 2 352 0 80 0 1 0 76
877 8987 1026 982 96 1 0 397 36 2 352 0 80 0 1 0 76
878 8992 1020 978 101 1 0 396 37 2 353 0 79 0 1 0 76
879 8990 1021 978 100 1 0 397 37 2 353 0 80 0 1 0 76
880 8997 1019 974 99 1 0 397 37 2 351 0 82 0 1 0 76
881 9012 1011 966 100 1 0 396 38 2 350 0 83 0 1 0 76
882 9015 1009 965 98 1 0 397 38 2 352 0 82 0 1 0 76
883 9017 1009 965 96 1 0 398 37 2 353 0 81 0 1 0 76
884 9018 1008 964 97 1 0 398 37 2 353 0 81 0 1 0 76
885 9019 1008 964 96 1 0 398 37 2 353 0 81 0 1 0 76
886 9026 1004 961 96 1 0 398 37 2 354 0 80 0 1 0 76
887 9026 1003 961 97 1 0 397 38 2 354 0 80 0 1 0 76
888 9036 998 956 97 1 0 397 38 2 354 0 80 0 1 0 76
889 9036 997 956 98 1 0 396 39 2 354 0 80 0 1 0 76
890 9044 992 951 100 1 0 396 39 2 354 0 80 0 1 0 76
891 9052 987 946 102 1 0 397 38 2 355 0 79 0 1 0 76
892 9053 986 946 102 1 0 397 38 2 356 0 78 0 1 0 76
893 9061 981 942 103 1 0 397 38 2 357 0 77 0 1 0 76
894 9065 977 939 106 1 0 398 37 2 359 0 75 0 1 0 76
895 9062 980 941 102 1 0 399 37 2 359 0 76 0 1 0 76
896 9068 978 940 99 1 0 399 37 2 360 0 75 0 1 0 76
897 9082 972 933 98 1 0 400 36 2 360 0 75 0 1 0 76
898 9094 966 927 98 1 0 400 36 2 360 0 75 0 1 0 76
899 9105 960 923 97 1 0 399 37 2 361 0 74 0 1 0 76
900 9102 962 925 96 1 0 399 37 2 361 0 74 0 1 0 76
901 9102 961 924 98 1 0 398 38 2 360 0 75 0 1 0 76
902 9108 958 921 98 1 0 398 38 2 360 0 75 0 1 0 76
903 9110 957 921 97 1 0 398 38 2 361 0 74 0 1 0 76
904 9107 957 920 99 1 0 399 38 2 361 0 75 0 1 0 76
905 9125 949 911 98 1 0 400 37 2 361 0 75 0 1 0 76
906 9128 947 909 97 1 0 400 38 2 361 0 76 0 1 0 76
907 9131 946 910 94 1 0 400 38 2 363 0 74 0 1 0 76
908 9136 943 908 94 1 0 400 38 2 364 0 73 0 1 0 76
909 9133 944 909 95 1 0 400 38 2 364 0 73 0 1 0 76
910 9131 945 909 96 1 0 400 38 2 363 0 74 0 1 0 76
911 9131 945 908 95 1 0 401 38 2 363 0 75 0 1 0 76
912 9133 943 908 95 1 0 401 38 2 365 0 73 0 1 0 76
913 9140 940 904 95 1 0 401 38 2 364 0 74 0 1 0 76
914 9147 937 901 94 1 0 401 38 2 364 0 74 0 1 0 76
915 9152 935 900 92 1 0 401 38 2 365 0 73 0 1 0 76
916 9156 933 898 92 1 0 401 38 2 365 0 73 0 1 0 76
917 9158 932 897 92 1 0 401 38 2 365 0 73 0 1 0 76
918 9161 931 896 91 1 0 401 38 2 365 0 73 0 1 0 76
919 9163 930 895 91 1 0 401 38 2 365 0 73 0 1 0 76
920 9154 934 899 92 1 0 401 38 2 365 0 73 0 1 0 76
921 9156 933 898 90 1 0 402 38 2 366 0 73 0 1 0 76
922 9156 932 897 90 1 0 403 38 2 367 0 73 0 1 0 76
923 9166 927 892 90 1 0 403 38 2 367 0 73 0 1 0 76
924 9163 928 894 90 1 0 403 38 2 368 0 72 0 1 0 76
925 9164 928 894 89 1 0 403 38 2 368 0 72 0 1 0 76
926 9162 930 895 86 1 0 404 38 2 368 0 73 0 1 0 76
927 9172 926 891 84 1 0 404 38 2 368 0 73 0 1 0 76
928 9188 919 883 83 1 0 406 36 2 369 0 72 0 1 0 76
929 9198 915 879 81 1 0 406 36 2 369 0 72 0 1 0 76
930 9209 910 874 80 1 0 406 36 2 369 0 72 0 1 0 76
931 9214 907 872 80 1 0 406 36 2 370 0 71 0 1 0 76
932 9224 903 868 78 1 0 406 36 2 370 0 71 0 1 0 76
933 9226 902 867 78 1 0 406 36 2 370 0 71 0 1 0 76
934 9223 903 867 80 1 0 407 35 2 370 0 71 0 1 0 76
935 9225 902 865 81 1 0 408 34 2 370 0 71 0 1 0 76
936 9222 904 867 80 1 0 408 34 2 370 0 71 0 1 0 76
937 9227 901 865 80 1 0 408 34 2 371 0 70 0 1 0 76
938 9218 905 870 80 1 0 408 34 2 372 0 69 0 1 0 76
939 9228 901 866 78 1 0 408 34 2 372 0 69 0 1 0 76
940 9223 903 868 79 1 0 408 34 2 372 0 69 0 1 0 76
941 9227 901 866 79 1 0 408 34 2 372 0 69 0 1 0 76
942 9237 896 862 78 1 0 408 34 2 373 0 68 0 1 0 76
943 9244 892 858 79 1 0 408 34 2 373 0 68 0 1 0 76
944 9244 893 859 77 1 0 408 34 2 373 0 68 0 1 0 76
945 9251 889 855 78 1 0 408 34 2 373 0 68 0 1 0 76
946 9250 889 856 78 1 0 408 34 2 374 0 67 0 1 0 76
947 9242 893 860 78 1 0 408 34 2 374 0 67 0 1 0 76
948 9241 891 861 80 1 0 405 37 2 374 0 67 0 1 0 76
949 9244 890 860 79 1 0 405 37 2 374 0 67 0 1 0 76
950 9245 889 860 79 1 0 405 37 2 375 0 66 0 1 0 76
951 9249 887 856 78 2 0 406 36 3 374 0 67 0 1 0 77
952 9255 885 854 76 2 0 406 36 3 374 0 67 0 1 0 77
953 9253 886 854 75 2 0 407 36 3 374 0 68 0 1 0 77
954 9258 883 851 76 2 0 407 36 3 374 0 68 0 1 0 77
955 9266 879 847 76 2 0 407 36 3 374 0 68 0 1 0 77
956 9269 878 846 75 2 0 407 36 3 374 0 68 0 1 0 77
957 9277 874 842 75 2 0 407 36 3 374 0 68 0 1 0 77
958 9283 872 838 74 2 0 408 35 3 373 0 69 0 1 0 78
959 9291 869 835 72 2 0 408 35 3 373 0 69 0 1 0 78
960 9295 867 833 72 2 0 408 35 3 373 0 69 0 1 0 78
961 9294 867 834 72 2 0 407 36 3 373 0 69 0 1 0 78
962 9296 866 832 73 2 0 408 35 3 373 0 69 0 1 0 78
963 9306 861 828 72 2 0 408 35 3 374 0 68 0 1 0 78
964 9306 861 829 71 2 0 407 36 3 374 0 68 0 1 0 78
965 9311 859 827 70 2 0 408 35 3 375 0 67 0 1 0 78
966 9319 854 824 68 2 0 408 36 3 377 0 66 0 1 0 78
967 9330 849 819 67 2 0 408 36 3 377 0 66 0 1 0 78
968 9329 849 819 68 2 0 408 36 3 377 0 66 0 1 0 78
969 9327 850 820 68 2 0 408 36 3 377 0 66 0 1 0 78
970 9320 853 822 68 2 0 409 36 3 377 0 67 0 1 0 78
971 9330 849 818 66 2 0 409 36 3 377 0 67 0 1 0 78
972 9340 845 812 64 2 0 411 35 3 377 0 68 0 1 0 78
973 9350 840 808 63 2 0 411 35 3 378 0 67 0 1 0 78
974 9360 835 803 63 2 0 411 35 3 378 0 67 0 1 0 78
975 9362 835 801 63 2 0 413 33 3 378 0 67 0 1 0 78
976 9360 837 804 60 2 0 413 33 3 379 0 66 0 1 0 78
977 9371 832 800 58 2 0 413 33 3 380 0 65 0 1 0 78
978 9382 827 795 57 3 0 412 33 3 380 0 65 0 1 1 77
979 9379 828 797 57 3 0 411 34 3 380 0 65 0 1 1 77
980 9370 831 802 58 4 0 408 36 4 379 0 65 0 1 1 77
981 9373 830 801 57 4 0 408 36 4 379 0 65 0 1 1 77
982 9377 829 800 55 4 0 408 36 4 379 0 65 0 1 1 77
983 9374 829 801 57 4 0 407 37 4 379 0 65 0 1 1 77
984 9375 829 801 56 4 0 407 37 4 379 0 65 0 1 1 77
985 9381 827 799 54 4 0 407 37 4 379 0 65 0 1 1 77
986 9380 828 800 53 4 0 407 37 4 379 0 65 0 1 1 77
987 9381 828 800 52 4 0 407 37 4 379 0 65 0 1 1 77
988 9387 823 798 53 4 0 406 38 4 381 0 63 0 1 1 77
989 9399 817 792 53 4 0 406 38 4 381 0 63 0 1 1 77
990 9398 817 792 54 4 0 406 38 4 381 0 63 0 1 1 77
991 9399 817 790 53 4 0 408 37 4 381 0 64 0 1 1 77
992 9400 817 790 52 4 0 409 36 4 382 0 63 0 1 1 77
993 9405 814 787 53 4 0 409 36 4 382 0 63 0 1 1 77
994 9417 809 782 51 4 0 409 36 4 382 0 63 0 1 1 77
995 9429 804 777 49 4 0 409 36 4 382 0 63 0 1 1 77
996 9426 806 779 48 4 0 409 36 4 382 0 63 0 1 1 77
997 9425 806 780 48 4 0 409 36 4 383 0 62 0 1 1 77
998 9431 804 777 47 4 0 411 34 4 384 0 61 0 1 1 77
999 9435 801 775 48 4 0 411 34 4 385 0 60 0 1 1 77
1000 9440 797 771 51 4 0 411 34 4 385 0 60 0 1 1 77
1001 9461 787 760 51 4 0 413 32 4 386 0 59 0 1 1 77
1002 9463 785 758 53 4 0 413 32 4 386 0 59 0 1 1 77
1003 9463 785 759 52 4 0 413 32 4 387 0 58 0 1 1 77
1004 9470 781 756 52 4 0 413 32 4 388 0 57 0 1 1 77
1005 9470 781 756 52 4 0 413 32 4 388 0 57 0 1 1 77
1006 9470 782 756 51 4 0 414 31 4 388 0 57 0 1 1 77
1007 9464 785 759 51 4 0 415 30 4 389 0 56 0 1 1 77
1008 9467 783 757 52 4 0 415 30 4 389 0 56 0 1 1 77
1009 9470 781 755 53 4 0 415 30 4 389 0 56 0 1 1 77
1010 9469 781 756 53 4 0 415 30 4 390 0 55 0 1 1 77
1011 9477 777 753 52 4 0 415 30 4 391 0 54 0 1 1 77
1012 9472 780 754 51 4 0 416 30 4 390 0 56 0 1 1 77
1013 9488 773 747 49 4 0 416 30 4 390 0 56 0 1 1 77
1014 9487 774 748 48 4 0 417 29 4 391 0 55 0 1 1 77
1015 9489 773 747 48 4 0 417 29 4 391 0 55 0 1 1 77
1016 9487 774 748 48 4 0 417 29 4 391 0 55 0 1 1 77
1017 9495 771 743 48 4 0 419 27 4 391 0 55 0 1 1 77
1018 9498 769 741 49 4 0 419 27 4 391 0 55 0 1 1 77
1019 9503 767 739 48 4 0 420 26 4 392 0 54 0 1 1 77
1020 9513 762 735 47 5 0 419 26 5 392 0 53 0 1 1 77
1021 9523 757 730 47 5 0 419 26 5 392 0 53 0 1 1 77
1022 9532 752 725 48 5 0 419 26 5 392 0 53 0 1 1 77
1023 9534 751 723 48 5 0 420 25 5 392 0 53 0 1 1 78
1024 9539 749 720 48 5 0 420 25 5 391 0 54 0 1 1 78
1025 9547 745 716 48 5 0 420 25 5 391 0 54 0 1 1 78
1026 9560 739 710 47 5 0 420 25 5 391 0 54 0 1 1 78
1027 9553 741 713 49 5 0 419 26 5 391 0 54 0 1 1 78
1028 9551 743 714 48 5 0 420 25 5 391 0 54 0 1 1 78
1029 9550 743 715 48 5 0 420 25 5 392 0 53 0 1 1 78
1030 9557 739 712 48 5 0 420 25 5 393 0 52 0 1 1 78
1031 9567 734 707 48 5 0 420 25 5 393 0 52 0 1 1 78
1032 9576 730 702 48 5 0 421 24 5 393 0 52 0 1 1 78
1033 9576 729 703 48 5 0 421 24 5 395 0 50 0 1 1 78
1034 9581 727 701 47 5 0 421 24 5 395 0 50 0 1 1 78
1035 9588 724 698 46 5 0 421 24 5 395 0 50 0 1 1 78
1036 9588 724 698 46 5 0 421 24 5 395 0 50 0 1 1 78
1037 9588 724 698 46 5 0 421 24 5 395 0 50 0 1 1 78
1038 9595 720 696 45 5 0 420 25 5 396 0 49 0 1 1 78
1039 9605 715 691 45 5 0 420 25 5 396 0 49 0 1 1 78
1040 9611 712 688 45 5 0 420 25 5 396 0 49 0 1 1 78
1041 9622 707 682 45 5 0 420 25 5 395 0 50 0 1 1 78
1042 9629 704 678 45 5 0 420 25 5 394 0 51 0 1 1 78
1043 9631 703 677 45 5 0 419 26 5 393 0 52 0 1 1 78
1044 9637 700 674 45 5 0 419 26 5 393 0 52 0 1 1 78
1045 9641 696 672 47 5 0 419 26 5 395 0 50 0 1 1 78
1046 9650 692 668 46 5 0 420 25 5 396 0 49 0 1 1 78
1047 9662 686 662 46 5 0 420 25 5 396 0 49 0 1 1 78
1048 9666 684 660 45 5 0 420 25 5 396 0 49 0 1 1 79
1049 9667 685 661 42 5 0 420 25 5 396 0 49 0 1 1 79
1050 9661 688 663 43 5 0 420 25 5 395 0 50 0 1 1 79
1051 9660 688 663 44 5 0 420 25 5 395 0 50 0 1 1 79
1052 9667 684 659 45 5 0 420 25 5 395 0 50 0 1 1 79
1053 9670 682 658 45 5 0 420 25 5 396 0 49 0 1 1 79
1054 9669 683 659 44 5 0 420 25 5 396 0 49 0 1 1 79
1055 9668 683 659 45 5 0 420 25 5 396 0 49 0 1 1 79
1056 9672 680 657 46 5 0 419 26 5 396 0 49 0 1 1 79
1057 9675 678 656 46 5 0 419 26 5 397 0 48 0 1 1 79
1058 9673 679 658 45 5 0 419 26 5 398 0 47 0 1 1 79
1059 9665 683 662 45 5 0 419 26 5 398 0 47 0 1 1 79
1060 9668 682 661 44 5 0 419 26 5 398 0 47 0 1 1 79
1061 9667 682 661 45 5 0 419 26 5 398 0 47 0 1 1 79
1062 9667 682 661 45 5 0 418 27 5 397 0 48 0 1 1 79
1063 9671 681 660 43 5 0 418 27 5 397 0 48 0 1 1 79
1064 9678 679 658 40 5 0 418 27 5 397 0 48 0 1 1 79
1065 9686 676 655 38 5 0 418 27 5 397 0 48 0 1 1 79
1066 9685 676 655 39 5 0 418 27 5 397 0 48 0 1 1 79
1067 9699 669 648 39 5 0 418 27 5 397 0 48 0 1 1 79
1068 9697 669 650 39 5 0 418 27 5 399 0 46 0 1 1 79
1069 9698 669 650 38 5 0 418 27 5 399 0 46 0 1 1 79
1070 9697 671 650 37 5 0 420 25 5 399 0 46 0 1 1 79
1071 9696 672 650 37 5 0 421 24 5 399 0 46 0 1 1 79
1072 9694 673 651 37 5 0 421 24 5 399 0 46 0 1 1 79
1073 9699 672 648 36 5 0 423 22 5 399 0 46 0 1 1 79
1074 9704 670 646 35 5 0 423 22 5 399 0 46 0 1 1 79
1075 9704 669 646 36 5 0 422 23 5 399 0 46 0 1 1 79
1076 9715 664 641 35 5 0 422 23 5 399 0 46 0 1 1 79
1077 9713 665 643 34 5 0 421 24 5 399 0 46 0 1 1 79
1078 9721 662 639 31 5 0 422 24 5 399 0 47 0 1 1 79
1079 9727 660 637 29 5 0 422 24 5 399 0 47 0 1 1 79
1080 9733 658 635 27 5 0 423 23 5 400 0 46 0 1 1 79
1081 9737 656 633 27 5 0 424 22 5 401 0 45 0 1 1 79
1082 9738 655 633 27 5 0 423 23 5 401 0 45 0 1 1 79
1083 9749 648 626 30 5 0 423 23 5 401 0 45 0 1 1 79
1084 9759 643 621 30 5 0 423 23 5 401 0 45 0 1 1 79
1085 9755 644 622 32 5 0 423 23 5 401 0 45 0 1 1 79
1086 9758 642 621 32 5 0 423 23 5 402 0 44 0 1 1 79
1087 9758 642 621 32 5 0 423 23 5 402 0 44 0 1 1 79
1088 9774 635 613 31 5 0 424 22 5 402 0 44 0 1 1 79
1089 9781 631 610 31 5 0 424 22 5 403 0 43 0 1 1 79
1090 9783 630 609 31 5 0 424 22 5 403 0 43 0 1 1 79
1091 9785 628 609 31 5 0 423 23 5 404 0 42 0 1 1 79
1092 9788 626 608 31 5 0 422 24 5 404 0 42 0 1 1 79
1093 9782 629 611 31 5 0 422 24 5 404 0 42 0 1 1 79
1094 9788 625 608 32 5 0 422 24 5 405 0 41 0 1 1 79
1095 9794 623 606 30 5 0 422 24 5 405 0 41 0 1 1 79
1096 9796 622 605 30 5 0 422 24 5 405 0 41 0 1 1 79
1097 9800 620 603 30 5 0 422 24 5 405 0 41 0 1 1 79
1098 9800 620 603 30 5 0 422 24 5 405 0 41 0 1 1 79
1099 9808 616 599 30 5 0 422 24 5 405 0 41 0 1 1 79
1100 9811 615 598 29 5 0 422 24 5 405 0 41 0 1 1 79
1101 9812 615 597 29 5 0 422 24 5 404 0 42 0 1 1 79
1102 9804 619 601 29 5 0 422 24 5 404 0 42 0 1 1 79
1103 9818 612 594 29 5 0 422 24 5 404 0 42 0 1 1 79
1104 9820 611 593 29 5 0 422 24 5 404 0 42 0 1 1 79
1105 9822 610 593 28 5 0 422 24 5 405 0 41 0 1 1 79
1106 9828 606 589 28 5 0 423 24 5 406 0 41 0 1 1 79
1107 9824 608 591 28 5 0 423 24 5 406 0 41 0 1 1 79
1108 9822 609 592 28 5 0 423 24 5 406 0 41 0 1 1 79
1109 9824 608 591 28 5 0 423 24 5 406 0 41 0 1 1 79
1110 9826 606 590 29 4 1 423 24 5 406 0 41 0 1 1 79
1111 9830 605 589 27 4 1 423 24 5 406 0 41 0 1 1 79
1112 9834 603 586 28 4 1 424 23 5 406 0 41 0 1 1 79
1113 9838 601 584 28 4 1 424 23 5 406 0 41 0 1 1 79
1114 9843 599 582 27 4 1 424 23 5 406 0 41 0 1 1 79
1115 9846 599 582 24 4 1 424 23 5 406 0 41 0 1 1 79
1116 9842 601 584 24 4 1 425 22 5 407 0 40 0 1 1 79
1117 9840 602 585 24 4 1 425 22 5 407 0 40 0 1 1 79
1118 9846 599 582 24 4 1 425 22 5 407 0 40 0 1 1 79
1119 9846 600 581 24 4 1 426 21 5 406 0 41 0 1 1 79
1120 9848 599 579 25 4 1 426 21 5 405 0 42 0 1 1 79
1121 9868 588 570 25 4 1 426 21 5 407 0 40 0 1 1 79
1122 9870 587 569 25 4 1 426 21 5 407 0 40 0 1 1 79
1123 9870 587 569 25 4 2 426 20 6 406 0 40 0 1 1 79
1124 9864 590 572 25 4 2 426 20 6 406 0 40 0 1 1 79
1125 9865 589 571 24 4 2 426 21 6 406 0 41 0 1 1 79
1126 9868 588 569 24 4 2 427 20 6 406 0 41 0 1 1 79
1127 9865 589 570 25 4 2 427 20 6 406 0 41 0 1 1 79
1128 9866 589 570 24 4 2 427 20 6 406 0 41 0 1 1 79
1129 9874 585 566 24 4 2 427 20 6 406 0 41 0 1 1 79
1130 9878 583 564 24 4 2 427 20 6 406 0 41 0 1 1 79
1131 9878 583 565 23 4 2 426 21 6 406 0 41 0 1 1 79
1132 9880 583 564 22 4 2 426 21 6 405 0 42 0 1 1 79
1133 9888 578 559 24 4 2 426 21 6 405 0 42 0 1 1 79
1134 9892 576 557 24 4 2 426 21 6 405 0 42 0 1 1 79
1135 9901 572 552 24 4 2 426 21 5 405 1 42 0 1 1 79
1136 9898 573 554 24 4 2 426 21 5 406 1 41 0 1 1 79
1137 9903 570 552 24 4 2 426 21 5 407 1 40 0 1 1 79
1138 9903 570 552 24 4 2 426 21 5 407 1 40 0 1 1 79
1139 9918 562 544 25 4 2 426 21 5 407 1 40 0 1 1 79
1140 9924 559 540 25 4 2 428 19 5 408 1 39 0 1 1 80
1141 9930 555 536 27 4 2 428 19 5 408 1 39 0 1 1 80
1142 9934 554 534 26 4 2 428 19 5 407 1 40 0 1 1 80
1143 9935 554 533 26 5 1 427 20 5 406 1 41 0 1 1 80
1144 9937 553 532 26 5 1 427 20 5 406 1 41 0 1 1 80
1145 9941 551 530 26 5 1 427 20 6 405 1 41 0 2 1 79
1146 9943 551 528 26 5 1 430 17 6 406 1 40 0 2 1 79
1147 9947 549 526 26 5 1 430 17 6 406 1 40 0 2 1 79
1148 9947 549 526 26 5 1 430 17 6 406 1 40 0 2 1 79
1149 9944 550 527 27 5 1 430 17 6 406 1 40 0 2 1 79
1150 9948 548 525 27 5 1 430 17 6 406 1 40 0 2 1 79
1151 9955 545 521 27 5 1 431 16 6 406 1 40 0 2 1 79
1152 9955 545 521 27 5 1 431 16 6 406 1 40 0 2 1 79
1153 9957 544 520 27 5 1 431 16 6 406 1 40 0 2 1 79
1154 9957 544 520 27 5 1 431 16 6 406 1 40 0 2 1 79
1155 9953 546 522 27 5 1 431 16 6 406 1 40 0 2 1 79
1156 9952 546 523 27 5 1 431 16 6 407 1 39 0 2 1 79
1157 9954 545 522 27 5 1 431 16 6 407 1 39 0 2 1 79
1158 9953 545 522 28 5 1 431 16 6 407 1 39 0 2 1 79
1159 9953 545 522 28 5 1 431 16 6 407 1 39 0 2 1 79
1160 9968 538 514 28 5 1 432 15 6 407 1 39 0 2 1 79
1161 9967 539 514 28 5 1 432 15 6 406 1 40 0 2 1 79
1162 9961 542 517 28 5 1 432 15 6 406 1 40 0 2 1 79
1163 9969 538 513 28 5 1 432 15 6 406 1 40 0 2 1 79
1164 9967 539 514 28 5 1 432 15 6 406 1 40 0 2 1 79
1165 9971 537 512 28 5 1 432 15 6 406 1 40 0 2 1 79
1166 9976 533 510 29 5 1 432 15 6 408 1 38 0 2 1 79
1167 9979 531 509 29 5 1 432 15 6 409 1 37 0 2 1 79
1168 9974 533 511 30 5 1 432 15 6 409 1 37 0 2 1 79
1169 9976 532 510 30 5 1 432 15 6 409 1 37 0 2 1 79
1170 9981 530 508 29 5 1 432 15 6 409 1 37 0 2 1 79
1171 9979 531 509 29 5 1 432 15 6 409 1 37 0 2 1 79
1172 9981 530 508 29 5 1 432 15 6 409 1 37 0 2 1 79
1173 9991 524 503 30 5 1 432 15 6 410 1 36 0 2 1 79
1174 9988 525 505 30 5 1 431 16 6 410 1 36 0 2 1 79
1175 9986 526 506 30 5 1 431 16 6 410 1 36 0 2 1 79
1176 9984 527 507 30 5 1 431 16 6 410 1 36 0 2 1 79
1177 9989 525 505 29 5 1 431 16 6 410 1 36 0 2 1 79
1178 9997 521 501 29 5 1 431 16 6 410 1 36 0 2 1 79
1179 9999 520 500 29 5 1 431 16 6 410 1 36 0 2 1 79
1180 10006 517 496 29 6 0 431 16 6 410 1 36 0 2 1 79
1181 10012 514 493 29 6 0 431 16 6 410 1 36 0 2 1 79
1182 10015 512 492 29 6 0 431 16 6 411 1 35 0 2 1 79
1183 10016 511 491 29 6 0 432 15 6 412 1 34 0 2 1 80
1184 10020 509 490 28 6 0 432 15 6 413 1 33 0 2 1 80
1185 10023 507 489 28 6 0 431 16 6 413 1 33 0 2 1 80
1186 10023 507 489 28 6 0 431 16 6 413 1 33 0 2 1 80
1187 10026 506 488 27 6 0 431 16 6 413 1 33 0 2 1 80
1188 10027 506 488 26 6 0 431 16 6 413 1 33 0 2 1 80
1189 10032 503 486 26 6 0 431 16 6 414 1 32 0 2 1 80
1190 10034 502 485 26 6 0 431 16 6 414 1 32 0 2 1 80
1191 10036 501 484 26 6 0 431 16 6 414 1 32 0 2 1 80
1192 10032 503 486 26 6 0 431 16 6 414 1 32 0 2 1 80
1193 10037 500 484 26 6 0 431 16 6 415 1 31 0 2 1 80
1194 10039 499 483 26 6 0 431 16 6 415 1 31 0 2 1 80
1195 10042 498 482 25 6 0 431 16 6 415 1 31 0 2 1 80
1196 10045 496 481 25 6 0 431 16 6 416 1 30 0 2 1 80
1197 10043 497 482 25 6 0 431 16 6 416 1 30 0 2 1 80
1198 10048 494 480 25 6 0 431 16 6 417 1 29 0 2 1 80
1199 10054 491 477 25 7 0 430 16 7 416 1 29 0 2 1 80
1200 10058 489 475 25 7 0 430 16 7 416 1 29 0 2 1 80
1201 10057 490 475 25 7 0 431 15 7 416 1 29 0 2 1 80
1202 10054 491 476 25 7 0 431 15 7 416 1 29 0 2 1 81
1203 10053 491 476 26 7 0 431 15 7 416 1 29 0 2 1 81
1204 10052 491 476 27 7 0 431 15 7 416 1 29 0 2 1 81
1205 10057 489 474 26 7 0 431 15 7 416 1 29 0 2 1 81
1206 10061 487 472 26 7 0 431 15 7 416 1 29 0 2 1 81
1207 10060 488 472 26 7 0 431 15 7 415 1 30 0 2 1 81
1208 10063 487 471 25 7 0 431 15 7 415 1 30 0 2 1 81
1209 10063 487 471 25 7 0 431 15 7 415 1 30 0 2 1 81
1210 10069 484 468 25 7 0 432 14 7 416 1 29 0 2 1 81
1211 10075 481 465 25 7 0 432 14 7 416 1 29 0 2 1 81
1212 10076 481 464 25 7 0 432 14 7 415 1 30 0 2 1 81
1213 10075 481 464 26 7 0 432 14 7 415 1 30 0 2 1 81
1214 10075 481 465 25 7 0 431 15 7 415 1 30 0 2 1 81
1215 10071 483 467 25 7 0 431 15 7 415 1 30 0 2 1 81
1216 10079 479 463 25 7 0 431 15 7 415 1 30 0 2 1 81
1217 10083 477 461 25 7 0 431 15 7 415 1 30 0 2 1 81
1218 10084 477 460 25 7 0 432 14 7 415 1 30 0 2 1 81
1219 10088 475 458 25 7 0 432 14 7 415 1 30 0 2 1 81
1220 10093 473 456 24 7 0 432 14 7 415 1 30 0 2 1 81
1221 10088 475 459 24 7 0 431 15 7 415 1 30 0 2 1 81
1222 10092 473 457 24 7 0 431 15 7 415 1 30 0 2 1 81
1223 10092 473 457 24 7 0 431 15 7 415 1 30 0 2 1 81
1224 10090 474 458 24 7 0 431 15 7 415 1 30 0 2 1 81
1225 10091 472 457 26 7 0 430 16 7 415 1 30 0 2 1 81
1226 10091 472 457 26 7 0 430 16 7 415 1 30 0 2 1 81
1227 10103 466 452 25 7 0 429 17 7 415 1 30 0 2 1 81
1228 10102 466 453 25 7 0 429 17 7 416 1 29 0 2 1 81
1229 10110 461 450 25 7 0 429 17 7 418 1 27 0 2 1 81
1230 10111 460 449 26 7 0 429 17 7 418 1 27 0 2 1 81
1231 10111 460 449 26 7 0 429 17 7 418 1 27 0 2 1 81
1232 10111 460 449 26 7 0 429 17 7 418 1 27 0 2 1 81
1233 10113 459 448 26 7 0 429 17 7 418 1 27 0 2 1 81
1234 10111 460 449 26 7 0 429 17 7 418 1 27 0 2 1 81
1235 10112 460 449 25 7 0 429 17 7 418 1 27 0 2 1 81
1236 10115 459 448 24 7 0 429 17 7 418 1 27 0 2 1 81
1237 10122 456 445 21 7 0 429 18 7 418 1 28 0 2 1 81
1238 10129 453 441 21 7 0 429 18 7 417 1 29 0 2 1 81
1239 10133 451 439 21 7 0 429 18 7 417 1 29 0 2 1 81
1240 10138 449 437 20 7 0 429 18 7 417 1 29 0 2 1 81
1241 10136 450 438 20 7 0 429 18 7 417 1 29 0 2 1 81
1242 10138 449 437 20 7 0 429 18 7 417 1 29 0 2 1 81
1243 10137 449 438 20 7 0 429 18 7 418 1 28 0 2 1 81
1244 10138 449 437 20 7 0 430 17 7 418 1 28 0 2 1 81
1245 10141 447 438 18 7 0 429 18 7 420 1 26 0 2 1 81
1246 10141 447 438 18 7 0 429 18 7 420 1 26 0 2 1 81
1247 10145 445 436 18 7 0 429 18 7 420 1 26 0 2 1 81
1248 10145 445 436 18 7 0 429 18 7 420 1 26 0 2 1 81
1249 10150 442 435 17 7 0 428 19 8 420 0 26 0 2 1 81
1250 10147 444 436 17 7 0 428 19 8 419 0 27 0 2 1 81
1251 10143 446 438 17 7 0 428 19 8 419 0 27 0 2 1 81
1252 10145 444 438 17 7 0 426 21 8 419 0 27 0 2 1 81
1253 10149 442 437 16 7 0 425 22 8 419 0 27 0 2 1 81
1254 10151 441 436 16 7 0 425 22 8 419 0 27 0 2 1 81
1255 10155 439 434 16 7 0 425 22 8 419 0 27 0 2 1 81
1256 10158 437 433 16 7 0 425 22 8 420 0 26 0 2 1 81
1257 10157 437 434 16 7 0 425 22 8 421 0 25 0 2 1 81
1258 10166 433 430 15 7 0 425 22 8 421 0 25 0 2 1 81
1259 10165 434 431 14 7 0 425 22 8 421 0 25 0 2 1 81
1260 10166 434 430 14 7 0 426 21 8 421 0 25 0 2 1 81
1261 10173 430 427 14 7 0 426 21 8 422 0 24 0 2 1 81
1262 10177 428 425 14 7 0 426 21 8 422 0 24 0 2 1 81
1263 10177 428 425 14 7 0 426 21 8 422 0 24 0 2 1 81
1264 10186 424 420 14 7 0 427 20 8 422 0 24 0 2 1 81
1265 10185 425 421 13 7 0 427 20 8 422 0 24 0 2 1 81
1266 10193 421 417 13 7 0 427 20 8 422 0 24 0 2 1 81
1267 10191 422 418 13 7 0 427 20 8 422 0 24 0 2 1 81
1268 10195 420 416 13 7 0 427 20 8 422 0 24 0 2 1 81
1269 10197 419 415 13 7 0 427 20 8 422 0 24 0 2 1 81
1270 10192 422 417 13 7 0 427 20 8 421 0 25 0 2 1 81
1271 10193 422 416 13 7 0 428 19 8 421 0 25 0 2 1 81
1272 10190 424 418 12 7 0 428 19 8 421 0 25 0 2 1 81
1273 10193 423 416 12 7 0 429 18 8 421 0 25 0 2 1 81
1274 10190 424 417 13 7 0 429 18 8 421 0 25 0 2 1 81
1275 10197 420 413 14 7 0 429 18 8 421 0 25 0 2 1 81
1276 10209 415 407 13 7 0 430 17 8 421 0 25 0 2 1 81
1277 10218 411 403 12 7 0 430 17 8 421 0 25 0 2 1 81
1278 10222 409 401 12 7 0 430 17 8 421 0 25 0 2 1 81
1279 10220 409 402 13 7 0 429 18 8 421 0 25 0 2 1 81
1280 10226 406 399 13 7 0 429 18 8 421 0 25 0 2 1 81
1281 10228 405 398 13 7 0 429 18 8 421 0 25 0 2 1 81
1282 10229 404 398 13 7 0 429 18 8 422 0 24 0 2 1 81
1283 10232 402 396 14 7 0 429 18 8 422 0 24 0 2 1 81
1284 10229 404 397 14 7 0 429 18 7 422 1 24 0 2 1 81
1285 10228 404 398 14 7 0 429 18 7 423 1 23 0 2 1 81
1286 10234 401 395 14 7 0 429 18 7 423 1 23 0 2 1 81
1287 10231 403 397 13 7 0 429 18 7 423 1 23 0 2 1 81
1288 10227 405 399 13 7 0 429 18 7 423 1 23 0 2 1 81
1289 10227 406 398 13 7 0 429 18 7 421 1 25 0 2 1 81
1290 10232 403 396 13 7 0 429 18 7 422 1 24 0 2 1 81
1291 10235 401 395 13 7 0 428 19 7 422 1 24 0 2 1 81
1292 10239 399 393 13 7 0 428 19 7 422 1 24 0 2 1 81
1293 10235 401 395 13 7 0 428 19 7 422 1 24 0 2 1 81
1294 10240 399 393 12 7 0 428 19 7 422 1 24 0 2 1 81
1295 10248 395 389 12 7 0 428 19 7 422 1 24 0 2 1 81
1296 10251 393 388 12 7 0 427 20 7 422 1 24 0 2 1 81
1297 10253 392 387 12 7 0 427 20 7 422 1 24 0 2 1 81
1298 10246 395 391 12 7 0 426 21 7 422 1 24 0 2 1 81
1299 10248 394 390 12 7 0 426 21 7 422 1 24 0 2 1 81
1300 10248 394 390 12 7 0 426 21 7 422 1 24 0 2 1 81
1301 10245 395 391 13 7 0 426 21 7 422 1 24 0 2 1 81
1302 10245 395 390 12 7 0 427 21 7 422 1 25 0 2 1 81
1303 10248 394 389 11 7 0 427 21 7 422 1 25 0 2 1 81
1304 10254 391 386 11 7 0 427 21 7 422 1 25 0 2 1 81
1305 10257 389 385 11 7 0 427 21 7 423 1 24 0 2 1 81
1306 10261 387 383 11 7 0 427 21 7 423 1 24 0 2 1 81
1307 10267 384 380 11 7 0 427 21 7 423 1 24 0 2 1 81
1308 10269 383 379 11 7 0 427 21 7 423 1 24 0 2 1 81
1309 10267 384 380 11 7 0 427 21 7 423 1 24 0 2 1 81
1310 10265 385 381 11 7 0 427 21 7 423 1 24 0 2 1 81
1311 10267 384 380 11 7 0 427 21 8 422 1 24 0 3 1 80
1312 10275 380 376 11 7 0 427 21 8 422 1 24 0 3 1 80
1313 10272 381 378 11 7 0 427 21 8 423 1 23 0 3 1 80
1314 10273 380 378 11 7 0 427 21 8 424 1 22 0 3 1 80
1315 10275 379 377 11 7 0 427 21 8 424 1 22 0 3 1 80
1316 10277 378 376 11 7 0 427 21 8 424 1 22 0 3 1 80
1317 10278 377 376 11 7 0 427 21 8 425 1 21 0 3 1 80
1318 10282 375 375 10 7 0 426 22 8 425 1 21 0 3 1 80
1319 10282 376 375 9 7 0 426 22 7 425 2 21 0 3 1 80
1320 10284 375 374 9 7 0 426 22 7 425 2 21 0 3 1 80
1321 10288 373 372 9 8 0 425 22 8 424 2 21 0 3 1 80
1322 10292 371 370 9 8 0 425 22 8 424 2 21 0 3 1 80
1323 10292 372 369 9 8 0 426 21 8 423 2 22 0 3 1 80
1324 10302 366 364 10 8 0 426 21 9 423 1 22 0 3 1 80
1325 10304 365 363 10 8 0 426 21 9 423 1 22 0 3 1 80
1326 10298 368 366 10 8 0 426 21 9 423 1 22 0 3 1 80
1327 10297 368 366 11 8 0 426 21 9 423 1 22 0 3 1 80
1328 10300 367 364 11 8 0 427 20 9 423 1 22 0 3 1 80
1329 10301 367 363 11 8 0 428 19 9 423 1 22 0 3 1 80
1330 10307 363 360 12 8 0 428 19 9 424 1 21 0 3 1 80
1331 10310 362 358 12 8 0 429 18 9 424 1 21 0 3 1 80
1332 10311 361 357 13 8 0 429 18 9 424 1 21 0 3 1 80
1333 10311 361 357 13 8 0 429 18 9 424 1 21 0 3 1 80
1334 10313 360 356 13 8 0 429 18 9 424 1 21 0 3 1 80
1335 10316 358 355 13 8 0 429 18 9 425 1 20 0 3 1 80
1336 10320 356 353 13 8 0 429 18 9 425 1 20 0 3 1 80
1337 10317 358 354 13 8 0 429 18 9 424 1 21 0 3 1 80
1338 10315 359 355 13 8 0 429 18 9 424 1 21 0 3 1 80
1339 10315 359 355 13 8 0 429 18 9 424 1 21 0 3 1 80
1340 10317 358 354 13 8 0 429 18 9 424 1 21 0 3 1 80
1341 10311 361 357 13 8 0 429 18 9 424 1 21 0 3 1 80
1342 10310 361 357 14 8 0 429 18 9 424 1 21 0 3 1 80
1343 10308 362 358 14 8 0 429 18 9 424 1 21 0 3 1 80
1344 10308 362 358 14 8 0 429 18 9 424 1 21 0 3 1 80
1345 10308 362 358 14 8 0 429 18 9 424 1 21 0 3 1 80
1346 10312 360 356 14 8 0 429 18 9 424 1 21 0 3 1 80
1347 10316 358 354 14 8 0 429 18 9 424 1 21 0 3 1 80
1348 10313 360 356 13 8 0 429 18 9 424 1 21 0 3 1 80
1349 10319 357 353 13 8 0 429 18 9 424 1 21 0 3 1 80
1350 10320 356 353 13 8 0 429 18 9 425 1 20 0 3 1 80
1351 10318 357 354 13 8 0 429 18 9 425 1 20 0 3 1 80
1352 10324 354 351 13 8 0 429 18 9 425 1 20 0 3 1 80
1353 10322 355 352 13 8 0 429 18 9 425 1 20 0 3 1 80
1354 10325 354 350 13 8 0 430 17 9 425 1 20 0 3 1 80
1355 10323 355 351 13 8 0 430 17 9 425 1 20 0 3 1 80
1356 10322 356 351 13 8 0 431 16 9 425 1 20 0 3 1 80
1357 10331 351 347 13 8 0 431 16 9 426 1 19 0 3 1 80
1358 10329 352 348 13 8 0 431 16 9 426 1 19 0 3 1 80
1359 10338 347 344 13 8 0 431 16 9 427 1 18 0 3 1 80
1360 10334 349 346 13 8 0 431 16 9 427 1 18 0 3 1 80
1361 10335 349 346 12 8 0 431 16 9 427 1 18 0 3 1 80
1362 10333 350 347 12 8 0 431 16 9 427 1 18 0 3 1 80
1363 10333 350 347 12 9 0 430 16 9 427 1 18 0 3 2 79
1364 10332 351 347 12 8 0 431 16 8 427 1 19 0 3 2 79
1365 10335 350 346 11 8 0 431 16 8 427 1 19 0 3 2 79
1366 10326 354 350 12 8 0 431 16 8 427 1 19 0 3 2 79
1367 10328 353 349 12 8 0 431 16 8 427 1 19 0 3 2 79
1368 10328 353 349 12 8 0 431 16 8 427 1 19 0 3 2 79
1369 10328 353 349 12 8 0 431 16 8 427 1 19 0 3 2 79
1370 10326 354 350 12 8 0 431 16 8 427 1 19 0 3 2 79
1371 10326 354 351 11 8 0 430 17 8 427 1 19 0 3 2 79
1372 10325 354 352 11 8 0 430 17 8 428 1 18 0 3 2 79
1373 10327 353 351 11 8 0 430 17 8 428 1 18 0 3 2 79
1374 10324 355 353 10 8 0 430 17 8 428 1 18 0 3 2 79
1375 10320 357 355 10 8 0 430 17 8 428 1 18 0 3 2 79
1376 10323 356 353 10 8 0 431 16 8 428 1 18 0 3 2 79
1377 10328 354 350 10 8 0 431 16 8 427 1 19 0 3 2 79
1378 10335 350 347 10 8 0 431 16 8 428 1 18 0 3 2 79
1379 10339 348 345 10 8 0 431 16 8 428 1 18 0 3 2 79
1380 10339 348 345 10 8 0 432 15 8 429 1 17 0 3 2 79
1381 10343 346 343 10 8 0 432 15 8 429 1 17 0 3 2 79
1382 10348 344 340 10 8 0 433 14 8 429 1 17 0 3 2 79
1383 10350 343 339 10 8 0 433 14 8 429 1 17 0 3 2 79
1384 10348 344 340 10 8 0 433 14 8 429 1 17 0 3 2 79
1385 10356 340 336 10 8 0 433 14 8 429 1 17 0 3 2 79
1386 10355 341 337 9 8 0 433 14 8 429 1 17 0 3 2 79
1387 10357 340 336 9 8 0 433 14 8 429 1 17 0 3 2 79
1388 10351 343 339 9 8 0 433 14 8 429 1 17 0 3 2 79
1389 10351 343 339 9 8 0 433 14 8 429 1 17 0 3 2 79
1390 10347 345 341 9 8 0 433 14 8 429 1 17 0 3 2 79
1391 10347 345 341 9 8 0 433 14 8 429 1 17 0 3 2 79
1392 10347 345 341 9 8 0 433 14 8 429 1 17 0 3 2 79
1393 10345 346 342 9 8 0 433 14 8 429 1 17 0 3 2 79
1394 10350 344 339 9 8 0 434 13 8 429 1 17 0 3 2 79
1395 10349 344 339 10 8 0 434 13 8 429 1 17 0 3 2 79
1396 10351 343 338 10 8 0 434 13 8 429 1 17 0 3 2 79
1397 10347 345 340 10 8 0 434 13 8 429 1 17 0 3 2 79
1398 10349 344 339 10 8 0 434 13 8 429 1 17 0 3 2 79
1399 10347 345 340 10 8 0 434 13 8 429 1 17 0 3 2 79
1400 10348 345 340 9 8 0 434 13 8 429 1 17 0 3 2 79
1401 10352 343 338 9 8 0 434 13 8 429 1 17 0 3 2 79
1402 10359 340 334 9 8 0 435 12 8 429 1 17 0 3 2 79
1403 10361 339 333 9 8 0 435 12 8 429 1 17 0 3 2 79
1404 10363 338 332 9 8 0 435 12 8 429 1 17 0 3 2 79
1405 10362 339 333 8 8 0 435 12 8 429 1 17 0 3 2 79
1406 10367 336 330 9 8 0 435 12 8 429 1 17 0 3 2 79
1407 10370 335 328 9 8 0 436 11 8 429 1 17 0 3 2 79
1408 10371 334 327 10 8 0 436 11 8 429 1 17 0 3 2 79
1409 10372 333 327 10 8 0 436 11 8 430 1 16 0 3 2 79
1410 10372 333 327 10 8 0 436 11 8 430 1 16 0 3 2 79
1411 10378 330 324 10 8 0 436 11 8 430 1 16 0 3 2 79
1412 10378 330 324 10 8 0 436 11 8 430 1 16 0 3 2 79
1413 10376 331 324 11 8 0 437 10 8 430 1 16 0 3 2 79
1414 10371 333 326 12 8 0 437 10 8 430 1 16 0 3 2 79
1415 10369 334 327 12 8 0 437 10 8 430 1 16 0 3 2 79
1416 10369 334 327 12 8 0 437 10 8 430 1 16 0 3 2 79
1417 10371 333 326 12 8 0 437 10 8 430 1 16 0 3 2 79
1418 10371 333 326 12 8 0 437 10 8 430 1 16 0 3 2 79
1419 10379 329 322 12 8 0 437 10 8 430 1 16 0 3 2 79
1420 10386 325 319 12 8 0 437 10 8 431 1 15 0 3 2 79
1421 10388 324 318 12 8 0 437 10 8 431 1 15 0 3 2 79
1422 10391 322 316 13 8 0 437 10 8 431 1 15 0 3 2 79
1423 10394 320 315 13 8 0 437 10 8 432 1 14 0 3 2 79
1424 10395 319 314 14 8 0 437 10 8 432 1 14 0 3 2 79
1425 10402 315 311 14 8 0 437 10 8 433 1 13 0 3 2 79
1426 10401 316 311 14 8 0 437 10 8 432 1 14 0 3 2 79
1427 10400 317 311 14 9 0 437 9 9 431 1 14 0 3 2 79
1428 10400 317 311 14 9 0 437 9 9 431 1 14 0 3 2 79
1429 10406 314 308 14 9 0 437 9 9 431 1 14 0 3 2 79
1430 10404 315 309 14 9 0 437 9 9 431 1 14 0 3 2 79
1431 10403 316 310 13 9 0 437 9 9 431 1 14 0 3 2 79
1432 10402 317 311 12 9 0 437 9 9 431 1 14 0 3 2 79
1433 10408 314 308 12 9 0 437 9 9 431 1 14 0 3 2 79
1434 10410 313 307 12 9 0 437 9 9 431 1 14 0 3 2 79
1435 10408 314 308 12 9 0 437 9 9 431 1 14 0 3 2 79
1436 10410 313 307 12 9 0 437 9 9 431 1 14 0 3 2 79
1437 10411 312 307 12 10 0 436 9 10 431 1 13 0 3 2 79
1438 10407 314 309 12 10 0 436 9 10 431 1 13 0 3 2 79
1439 10413 311 306 12 10 0 436 9 10 431 1 13 0 3 2 79
1440 10415 310 305 12 10 0 436 9 10 431 1 13 0 3 2 79
1441 10413 311 306 12 10 0 436 9 11 430 1 13 0 4 2 78
1442 10417 309 304 12 10 0 436 9 11 430 1 13 0 4 2 78
1443 10419 309 304 10 10 0 436 9 11 430 1 13 0 4 2 78
1444 10411 313 308 10 10 0 435 10 11 429 1 14 0 4 2 78
1445 10408 315 309 10 10 0 435 10 11 428 1 15 0 4 2 78
1446 10402 318 312 10 10 0 435 10 11 428 1 15 0 4 2 78
1447 10404 317 311 10 10 0 435 10 11 428 1 15 0 4 2 78
1448 10406 316 310 10 10 0 435 10 11 428 1 15 0 4 2 78
1449 10410 314 308 10 10 0 435 10 11 428 1 15 0 4 2 78
1450 10408 315 309 10 10 0 435 10 11 428 1 15 0 4 2 78
1451 10416 311 305 10 10 0 435 10 11 428 1 15 0 4 2 78
1452 10422 308 302 10 10 0 435 10 11 428 1 15 0 4 2 78
1453 10418 310 304 10 10 0 435 10 11 428 1 15 0 4 2 78
1454 10418 310 304 10 10 0 435 10 11 428 1 15 0 4 2 78
1455 10422 308 302 10 10 0 435 10 11 428 1 15 0 4 2 78
1456 10423 308 302 9 10 0 435 10 11 428 1 15 0 4 2 78
1457 10424 307 302 9 10 0 435 10 12 428 0 15 0 4 2 78
1458 10424 307 302 9 10 0 435 10 12 428 0 15 0 4 2 78
1459 10424 307 302 9 10 0 435 10 12 428 0 15 0 4 2 78
1460 10424 307 302 9 10 0 435 10 12 428 0 15 0 4 2 78
1461 10418 310 305 9 10 0 435 10 12 428 0 15 0 4 2 78
1462 10423 308 302 9 10 0 436 9 12 428 0 15 0 4 2 78
1463 10427 306 300 9 10 0 436 9 12 428 0 15 0 4 2 78
1464 10425 307 301 9 10 0 436 9 12 428 0 15 0 4 2 78
1465 10429 305 299 9 10 0 436 9 12 428 0 15 0 4 2 78
1466 10431 304 298 9 10 0 436 9 12 428 0 15 0 4 2 78
1467 10434 303 297 8 10 0 436 9 12 428 0 15 0 4 2 78
1468 10435 302 296 9 10 0 436 9 12 428 0 15 0 4 2 78
1469 10431 304 298 9 10 0 436 9 12 428 0 15 0 4 2 78
1470 10431 304 298 9 10 0 436 9 12 428 0 15 0 4 2 78
1471 10433 303 297 9 10 0 436 9 12 428 0 15 0 4 2 78
1472 10435 302 296 9 10 0 436 9 12 428 0 15 0 4 2 78
1473 10435 302 296 9 10 0 436 9 12 428 0 15 0 4 2 78
1474 10441 299 293 9 10 0 436 9 12 428 0 15 0 4 2 78
1475 10445 297 291 9 10 0 436 9 12 428 0 15 0 4 2 78
1476 10443 298 292 9 10 0 436 9 12 428 0 15 0 4 2 78
1477 10441 299 293 9 10 0 436 9 12 428 0 15 0 4 2 78
1478 10440 299 294 9 10 0 436 9 12 429 0 14 0 4 2 78
1479 10438 300 295 9 10 0 436 9 12 429 0 14 0 4 2 78
1480 10439 299 294 10 10 0 436 9 12 429 0 14 0 4 2 78
1481 10437 300 295 10 10 0 436 9 12 429 0 14 0 4 2 78
1482 10436 300 295 11 10 0 436 9 12 429 0 14 0 4 2 78
1483 10438 299 294 11 10 0 436 9 12 429 0 14 0 4 2 78
1484 10436 300 295 11 10 0 436 9 12 429 0 14 0 4 2 78
1485 10434 301 296 11 10 0 436 9 12 429 0 14 0 4 2 78
1486 10438 300 294 10 10 0 437 8 12 429 0 14 0 4 2 78
1487 10441 299 292 10 10 0 438 7 12 429 0 14 0 4 2 78
1488 10441 299 292 10 10 0 438 7 12 429 0 14 0 4 2 78
1489 10445 297 290 10 10 0 438 7 12 429 0 14 0 4 2 78
1490 10449 295 288 10 10 0 438 7 12 429 0 14 0 4 2 78
1491 10450 295 287 10 10 0 439 6 12 429 0 14 0 4 2 78
1492 10449 296 288 9 10 0 439 6 12 429 0 14 0 4 2 78
1493 10451 295 287 9 10 0 439 6 12 429 0 14 0 4 2 78
1494 10457 292 284 9 10 0 439 6 12 429 0 14 0 4 2 78
1495 10463 289 281 9 10 0 439 6 12 429 0 14 0 4 2 78
1496 10464 288 281 9 10 0 438 7 12 429 0 14 0 4 2 78
1497 10472 284 277 9 10 0 438 7 12 429 0 14 0 4 2 78
1498 10475 283 275 9 10 0 439 6 12 429 0 14 0 4 2 78
1499 10469 286 278 9 10 0 439 6 12 429 0 14 0 4 2 78
1500 10475 283 275 9 10 0 439 6 12 429 0 14 0 4 2 78
