0 1979 195 0 0 0 0 0 0 0 0 0 0 0 0 0 0
1 11642 197 197 0 0 0 0 0 0 0 0 0 0 0 0 0
2 11642 197 197 0 0 0 0 0 0 0 0 0 0 0 0 0
3 11638 199 199 0 0 0 0 0 0 0 0 0 0 0 0 0
4 11640 198 198 0 0 0 0 0 0 0 0 0 0 0 0 0
5 11638 199 199 0 0 0 0 0 0 0 0 0 0 0 0 0
6 11641 197 197 1 0 0 0 0 0 0 0 0 0 0 0 0
7 11641 197 197 1 0 0 0 0 0 0 0 0 0 0 0 0
8 11643 196 196 1 0 0 0 0 0 0 0 0 0 0 0 0
9 11639 198 198 1 0 0 0 0 0 0 0 0 0 0 0 0
10 11643 196 196 1 0 0 0 0 0 0 0 0 0 0 0 0
11 11643 196 196 1 0 0 0 0 0 0 0 0 0 0 0 0
12 11639 198 198 1 0 0 0 0 0 0 0 0 0 0 0 0
13 11641 197 197 1 0 0 0 0 0 0 0 0 0 0 0 0
14 11634 200 200 2 0 0 0 0 0 0 0 0 0 0 0 0
15 11634 200 200 2 0 0 0 0 0 0 0 0 0 0 0 0
16 11634 200 200 2 0 0 0 0 0 0 0 0 0 0 0 0
17 11632 201 201 2 0 0 0 0 0 0 0 0 0 0 0 0
18 11632 201 201 2 0 0 0 0 0 0 0 0 0 0 0 0
19 11632 201 201 2 0 0 0 0 0 0 0 0 0 0 0 0
20 11630 202 202 2 0 0 0 0 0 0 0 0 0 0 0 0
21 11626 204 204 2 0 0 0 0 0 0 0 0 0 0 0 0
22 11626 204 204 2 0 0 0 0 0 0 0 0 0 0 0 0
23 11624 205 205 2 0 0 0 0 0 0 0 0 0 0 0 0
24 11626 204 204 2 0 0 0 0 0 0 0 0 0 0 0 0
25 11628 203 203 2 0 0 0 0 0 0 0 0 0 0 0 0
26 11628 203 203 2 0 0 0 0 0 0 0 0 0 0 0 0
27 11628 203 203 2 0 0 0 0 0 0 0 0 0 0 0 0
28 11622 206 206 2 0 0 0 0 0 0 0 0 0 0 0 0
29 11613 210 210 3 0 0 0 0 0 0 0 0 0 0 0 0
30 11609 212 212 3 0 0 0 0 0 0 0 0 0 0 0 0
31 11613 210 210 3 0 0 0 0 0 0 0 0 0 0 0 0
32 11611 211 211 3 0 0 0 0 0 0 0 0 0 0 0 0
33 11611 211 211 3 0 0 0 0 0 0 0 0 0 0 0 0
34 11609 212 212 3 0 0 0 0 0 0 0 0 0 0 0 0
35 11605 214 214 3 0 0 0 0 0 0 0 0 0 0 0 0
36 11604 215 215 2 0 0 0 0 0 0 0 0 0 0 0 0
37 11602 216 216 2 0 0 0 0 0 0 0 0 0 0 0 0
38 11600 217 217 2 0 0 0 0 0 0 0 0 0 0 0 0
39 11598 218 218 2 0 0 0 0 0 0 0 0 0 0 0 0
40 11592 221 221 2 0 0 0 0 0 0 0 0 0 0 0 0
41 11590 222 222 2 0 0 0 0 0 0 0 0 0 0 0 0
42 11590 222 222 2 0 0 0 0 0 0 0 0 0 0 0 0
43 11584 225 225 2 0 0 0 0 0 0 0 0 0 0 0 0
44 11572 230 230 4 0 0 0 0 0 0 0 0 0 0 0 0
45 11567 232 232 5 0 0 0 0 0 0 0 0 0 0 0 0
46 11559 236 236 5 0 0 0 0 0 0 0 0 0 0 0 0
47 11547 242 242 5 0 0 0 0 0 0 0 0 0 0 0 0
48 11541 245 245 5 0 0 0 0 0 0 0 0 0 0 0 0
49 11527 252 252 5 0 0 0 0 0 0 0 0 0 0 0 0
50 11516 257 257 6 0 0 0 0 0 0 0 0 0 0 0 0
51 11506 262 262 6 0 0 0 0 0 0 0 0 0 0 0 0
52 11491 269 269 7 0 0 0 0 0 0 0 0 0 0 0 0
53 11480 274 274 8 0 0 0 0 0 0 0 0 0 0 0 0
54 11463 282 282 9 0 0 0 0 0 0 0 0 0 0 0 0
55 11451 288 288 9 0 0 0 0 0 0 0 0 0 0 0 0
56 11439 294 294 9 0 0 0 0 0 0 0 0 0 0 0 0
57 11433 297 297 9 0 0 0 0 0 0 0 0 0 0 0 0
58 11427 300 300 9 0 0 0 0 0 0 0 0 0 0 0 0
59 11419 304 304 9 0 0 0 0 0 0 0 0 0 0 0 0
60 11403 312 312 9 0 0 0 0 0 0 0 0 0 0 0 0
61 11386 320 320 10 0 0 0 0 0 0 0 0 0 0 0 0
62 11372 327 327 10 0 0 0 0 0 0 0 0 0 0 0 0
63 11358 334 334 10 0 0 0 0 0 0 0 0 0 0 0 0
64 11335 345 345 11 0 0 0 0 0 0 0 0 0 0 0 0
65 11305 360 360 11 0 0 0 0 0 0 0 0 0 0 0 0
66 11303 361 361 11 0 0 0 0 0 0 0 0 0 0 0 0
67 11287 368 368 13 0 0 0 0 0 0 0 0 0 0 0 0
68 11263 380 380 13 0 0 0 0 0 0 0 0 0 0 0 0
69 11247 388 388 13 0 0 0 0 0 0 0 0 0 0 0 0
70 11233 395 395 13 0 0 0 0 0 0 0 0 0 0 0 0
71 11217 401 401 17 0 0 0 0 0 0 0 0 0 0 0 0
72 11205 407 407 17 0 0 0 0 0 0 0 0 0 0 0 0
73 11189 415 415 17 0 0 0 0 0 0 0 0 0 0 0 0
74 11166 426 426 18 0 0 0 0 0 0 0 0 0 0 0 0
75 11135 441 441 19 0 0 0 0 0 0 0 0 0 0 0 0
76 11121 447 447 21 0 0 0 0 0 0 0 0 0 0 0 0
77 11102 456 456 22 0 0 0 0 0 0 0 0 0 0 0 0
78 11089 463 463 21 0 0 0 0 0 0 0 0 0 0 0 0
79 11066 473 473 24 0 0 0 0 0 0 0 0 0 0 0 0
80 11054 478 478 26 0 0 0 0 0 0 0 0 0 0 0 0
81 11028 491 491 26 0 0 0 0 0 0 0 0 0 0 0 0
82 11009 501 501 25 0 0 0 0 0 0 0 0 0 0 0 0
83 11000 505 505 26 0 0 0 0 0 0 0 0 0 0 0 0
84 10991 510 510 25 0 0 0 0 0 0 0 0 0 0 0 0
85 10969 521 521 25 0 0 0 0 0 0 0 0 0 0 0 0
86 10973 519 519 25 0 0 0 0 0 0 0 0 0 0 0 0
87 10964 523 523 26 0 0 0 0 0 0 0 0 0 0 0 0
88 10958 526 526 26 0 0 0 0 0 0 0 0 0 0 0 0
89 10951 530 530 25 0 0 0 0 0 0 0 0 0 0 0 0
90 10924 543 543 26 0 0 0 0 0 0 0 0 0 0 0 0
91 10905 551 551 29 0 0 0 0 0 0 0 0 0 0 0 0
92 10882 562 562 30 0 0 0 0 0 0 0 0 0 0 0 0
93 10866 570 570 30 0 0 0 0 0 0 0 0 0 0 0 0
94 10845 581 581 29 0 0 0 0 0 0 0 0 0 0 0 0
95 10827 590 590 29 0 0 0 0 0 0 0 0 0 0 0 0
96 10821 593 592 28 0 0 1 0 0 0 0 1 0 0 0 0
97 10811 598 597 28 0 0 1 0 0 0 0 1 0 0 0 0
98 10796 604 604 30 0 0 0 1 0 0 0 1 0 0 0 0
99 10777 611 611 35 0 0 0 1 0 0 0 1 0 0 0 0
100 10768 615 615 36 0 0 0 1 0 0 0 1 0 0 0 0
101 10762 618 618 36 0 0 0 1 0 0 0 1 0 0 0 0
102 10757 621 621 35 0 0 0 1 0 0 0 1 0 0 0 0
103 10739 630 630 35 0 0 0 1 0 0 0 1 0 0 0 0
104 10727 636 636 35 0 0 0 1 0 0 0 1 0 0 0 0
105 10714 643 642 33 0 0 1 1 0 0 0 2 0 0 0 0
106 10714 643 643 32 0 0 1 1 0 1 0 1 0 0 0 0
107 10707 646 646 33 0 0 1 1 0 1 0 1 0 0 0 0
108 10688 655 655 34 0 0 1 1 0 1 0 1 0 0 0 0
109 10673 663 662 32 0 0 2 1 0 1 0 2 0 0 0 0
110 10674 663 662 31 0 0 2 1 0 1 0 2 0 0 0 0
111 10664 667 666 33 0 0 2 1 0 1 0 2 0 0 0 0
112 10648 675 674 33 0 0 2 1 0 1 0 2 0 0 0 0
113 10640 679 678 33 0 0 2 1 0 1 0 2 0 0 0 0
114 10633 682 681 34 0 0 2 1 0 1 0 2 0 0 0 0
115 10625 686 685 34 0 0 2 1 0 1 0 2 0 0 0 0
116 10622 687 686 35 0 0 2 1 0 1 0 2 0 0 0 0
117 10610 692 691 37 0 0 2 1 0 1 0 2 0 0 0 0
118 10595 699 698 38 0 0 2 1 0 1 0 2 0 0 0 0
119 10581 706 705 38 0 0 2 1 0 1 0 2 0 0 0 0
120 10569 711 710 40 0 0 2 1 0 1 0 2 0 0 0 0
121 10559 716 715 40 0 0 2 1 0 1 0 2 0 0 0 0
122 10547 722 721 40 0 0 2 1 0 1 0 2 0 0 0 0
123 10547 722 721 40 0 0 2 1 0 1 0 2 0 0 0 0
124 10543 723 722 42 0 0 2 1 0 1 0 2 0 0 0 0
125 10524 733 732 41 0 0 2 1 0 1 0 2 0 0 0 0
126 10517 736 735 42 0 0 2 1 0 1 0 2 0 0 0 0
127 10505 742 741 42 0 0 2 1 0 1 0 2 0 0 0 0
128 10502 743 742 43 0 0 2 1 0 1 0 2 0 0 0 0
129 10492 747 746 45 0 0 2 1 0 1 0 2 0 0 0 0
130 10474 757 756 43 0 0 2 1 0 1 0 2 0 0 0 0
131 10456 766 765 43 0 0 2 1 0 1 0 2 0 0 0 0
132 10451 768 767 44 0 0 2 1 0 1 0 2 0 0 0 0
133 10435 774 773 48 0 0 2 1 0 1 0 2 0 0 0 0
134 10417 781 780 52 0 0 2 1 0 1 0 2 0 0 0 0
135 10404 787 786 53 0 0 2 1 0 1 0 2 0 0 0 0
136 10389 793 792 56 0 0 2 1 0 1 0 2 0 0 0 0
137 10373 801 800 56 0 0 2 1 0 1 0 2 0 0 0 0
138 10364 805 804 57 0 0 2 1 0 1 0 2 0 0 0 0
139 10335 820 819 56 0 0 2 1 0 1 0 2 0 0 0 0
140 10340 818 817 55 0 0 2 1 0 1 0 2 0 0 0 0
141 10331 821 819 57 0 0 3 1 0 1 0 3 0 0 0 0
142 10314 828 825 59 0 0 4 1 0 1 0 4 0 0 0 0
143 10310 830 827 59 0 0 4 1 0 1 0 4 0 0 0 0
144 10292 837 834 63 0 0 4 1 0 1 0 4 0 0 0 0
145 10256 855 852 63 0 0 4 1 0 1 0 4 0 0 0 0
146 10229 866 861 66 0 0 6 1 0 1 0 6 0 0 0 0
147 10218 871 866 67 0 0 6 1 0 1 0 6 0 0 0 0
148 10197 880 875 70 0 0 6 1 0 1 0 6 0 0 0 0
149 10180 888 883 71 0 0 6 1 0 1 0 6 0 0 0 0
150 10175 889 884 74 0 0 6 1 0 1 0 6 0 0 0 0
151 10143 904 899 76 0 0 6 1 0 1 0 6 0 0 0 0
152 10142 903 897 78 0 0 7 1 0 1 0 7 0 0 0 0
153 10121 913 907 79 0 0 7 1 0 1 0 7 0 0 0 0
154 10098 923 917 82 0 0 7 1 0 1 0 7 0 0 0 0
155 10093 924 917 84 0 0 8 1 0 1 0 8 0 0 0 0
156 10062 937 928 87 0 0 10 1 0 1 0 10 0 0 0 0
157 10051 941 931 89 0 0 11 1 0 1 0 11 0 0 0 0
158 10025 952 942 93 0 0 11 1 0 1 0 11 0 0 0 0
159 9985 971 961 95 0 0 11 1 0 1 0 11 0 0 0 0
160 9965 978 966 99 0 0 13 1 0 1 0 13 0 0 0 0
161 9933 992 980 103 0 0 13 1 0 1 0 13 0 0 0 0
162 9919 996 984 109 0 0 13 1 0 1 0 13 0 0 0 0
163 9900 1005 993 110 0 0 13 1 0 1 0 13 0 0 0 0
164 9868 1020 1008 112 0 0 13 1 0 1 0 13 0 0 0 0
165 9850 1029 1017 112 0 0 13 1 0 1 0 13 0 0 0 0
166 9823 1041 1028 112 0 0 14 2 0 1 0 15 0 0 0 0
167 9799 1050 1036 117 0 0 15 2 0 1 0 16 0 0 0 0
168 9766 1065 1051 120 0 0 15 2 0 1 0 16 0 0 0 0
169 9745 1073 1059 124 0 0 15 2 0 1 0 16 0 0 0 1
170 9716 1086 1071 126 0 0 16 2 0 1 0 17 0 0 0 1
171 9699 1094 1078 126 0 0 17 2 0 1 0 18 0 0 0 1
172 9670 1107 1091 127 0 0 17 3 0 1 0 19 0 0 0 1
173 9653 1116 1099 125 0 0 18 3 0 1 0 20 0 0 0 1
174 9635 1124 1105 125 0 0 20 3 0 1 0 22 0 0 0 1
175 9606 1138 1119 126 0 0 20 3 0 1 0 22 0 0 0 1
176 9578 1150 1132 129 0 0 19 4 0 1 0 22 0 0 0 1
177 9559 1155 1137 138 0 0 19 4 0 1 0 22 0 0 0 1
178 9533 1167 1149 140 0 0 19 4 0 1 0 22 0 0 0 1
179 9504 1181 1162 140 0 0 20 4 0 1 0 23 0 0 0 1
180 9490 1186 1167 144 0 0 20 4 0 1 0 23 0 0 0 1
181 9488 1187 1167 143 0 0 21 4 0 1 0 24 0 0 0 1
182 9472 1195 1174 142 0 0 22 4 0 1 0 25 0 0 0 1
183 9459 1200 1178 144 0 0 23 4 0 1 0 26 0 0 0 1
184 9438 1209 1188 146 0 0 23 4 0 2 0 25 0 0 0 1
185 9415 1220 1199 147 0 0 23 4 0 2 0 25 0 0 0 1
186 9404 1226 1204 145 0 0 24 4 0 2 0 26 0 0 0 1
187 9379 1237 1215 148 0 0 24 4 0 2 0 26 0 0 0 1
188 9359 1245 1222 151 0 0 25 4 0 2 0 27 0 0 0 1
189 9350 1248 1224 153 0 0 26 4 0 2 0 28 0 0 0 1
190 9337 1254 1229 153 0 0 27 4 0 2 0 29 0 0 0 1
191 9342 1251 1226 154 0 0 27 4 0 2 0 29 0 0 0 1
192 9340 1251 1226 155 0 0 27 4 0 2 0 29 0 0 0 2
193 9329 1256 1231 156 0 0 27 4 0 2 0 29 0 0 0 2
194 9312 1265 1240 155 0 0 27 4 0 2 0 29 0 0 0 2
195 9299 1270 1244 155 0 0 28 5 0 2 0 31 0 0 0 2
196 9299 1269 1242 156 0 0 29 5 0 2 0 32 0 0 0 2
197 9279 1277 1250 160 0 0 29 5 0 2 0 32 0 0 0 2
198 9276 1277 1248 161 0 0 31 5 0 2 0 34 0 0 0 2
199 9265 1283 1254 160 0 0 31 5 0 2 0 34 0 0 0 2
200 9255 1288 1260 159 0 0 31 5 0 3 0 33 0 0 0 2
201 9242 1293 1266 161 0 0 31 5 0 4 0 32 0 0 0 2
202 9237 1295 1268 160 0 0 32 5 0 5 0 32 0 0 0 2
203 9222 1301 1276 161 0 0 32 5 0 7 0 30 0 0 0 2
204 9232 1294 1267 163 0 0 34 5 0 7 0 32 0 0 0 2
205 9227 1295 1268 166 0 0 34 5 0 7 0 32 0 0 0 2
206 9205 1305 1278 168 0 0 34 5 0 7 0 32 0 0 0 2
207 9199 1305 1280 172 0 0 34 5 0 9 0 30 0 0 0 2
208 9199 1304 1278 175 0 0 35 4 0 9 0 30 0 0 0 2
209 9189 1309 1283 175 0 0 35 4 0 9 0 30 0 0 0 2
210 9194 1306 1280 176 0 0 35 4 0 9 0 30 0 0 0 2
211 9197 1305 1279 175 0 0 35 4 0 9 0 30 0 0 0 2
212 9197 1304 1277 176 0 0 36 4 0 9 0 31 0 0 0 2
213 9196 1302 1274 180 0 0 37 4 0 9 0 32 0 0 0 2
214 9171 1314 1285 180 0 0 38 4 0 9 0 33 0 0 0 2
215 9162 1318 1287 180 0 0 40 3 0 9 0 34 0 0 0 3
216 9160 1319 1287 179 0 0 41 3 0 9 0 35 0 0 0 3
217 9158 1320 1288 177 0 0 41 4 0 9 0 36 0 0 0 3
218 9152 1322 1290 179 0 0 41 4 0 9 0 36 0 0 0 3
219 9153 1322 1290 178 0 0 41 4 0 9 0 36 0 0 0 3
220 9147 1324 1291 179 0 0 42 4 0 9 0 37 0 0 0 3
221 9139 1328 1293 177 0 0 44 4 0 9 0 39 0 0 0 3
222 9133 1330 1295 179 0 0 44 4 0 9 0 39 0 0 0 3
223 9115 1338 1303 181 0 0 44 4 0 9 0 39 0 0 0 3
224 9106 1342 1308 181 0 0 44 4 0 10 0 38 0 0 0 3
225 9105 1344 1309 177 0 0 45 4 0 10 0 39 0 0 0 3
226 9100 1346 1311 178 0 0 45 4 0 10 0 39 0 0 0 3
227 9091 1350 1314 178 0 0 46 4 0 10 0 40 0 0 0 3
228 9099 1348 1312 172 0 0 46 5 0 10 0 41 0 0 0 3
229 9099 1348 1312 172 0 0 46 5 0 10 0 41 0 0 0 3
230 9092 1350 1314 175 0 0 46 5 0 10 0 41 0 0 0 3
231 9106 1344 1307 172 0 0 47 5 0 10 0 42 0 0 0 3
232 9100 1345 1308 176 0 0 47 5 0 10 0 42 0 0 0 3
233 9083 1354 1317 175 0 0 47 5 0 10 0 42 0 0 0 3
234 9078 1356 1320 175 0 0 47 5 0 11 0 41 0 0 0 3
235 9078 1355 1319 175 0 0 48 5 0 12 0 41 0 0 0 3
236 9067 1360 1323 175 0 0 49 5 0 12 0 42 0 0 0 3
237 9050 1367 1330 178 0 0 49 5 0 12 0 42 0 0 0 3
238 9050 1366 1328 179 0 0 50 5 0 12 0 43 0 0 0 3
239 9046 1367 1328 178 0 0 51 6 0 12 0 45 0 0 0 3
240 9028 1375 1335 178 0 0 52 6 0 12 0 46 0 0 0 4
241 9013 1382 1342 179 0 0 52 6 0 12 0 46 0 0 0 4
242 8992 1392 1349 177 0 0 55 6 0 12 0 49 0 0 0 4
243 8977 1399 1356 178 0 0 55 6 0 12 0 49 0 0 0 4
244 8962 1403 1359 182 0 0 57 6 0 13 0 50 0 0 0 4
245 8956 1403 1359 188 0 0 57 6 0 13 0 50 0 0 0 4
246 8952 1405 1361 188 0 0 57 6 0 13 0 50 0 0 0 4
247 8939 1414 1370 181 0 0 58 6 0 14 0 50 0 0 0 4
248 8940 1413 1368 181 0 0 59 6 0 14 0 51 0 0 0 4
249 8926 1419 1374 183 0 0 59 6 0 14 0 51 0 0 0 4
250 8907 1426 1379 185 0 0 61 6 0 14 0 53 0 0 0 5
251 8901 1429 1381 184 0 0 62 6 0 14 0 54 0 0 0 5
252 8891 1433 1384 185 0 0 63 6 0 14 0 55 0 0 0 5
253 8875 1439 1389 188 0 0 64 6 0 14 0 56 0 0 0 5
254 8869 1442 1391 187 0 0 65 6 0 14 0 57 0 0 0 5
255 8855 1445 1391 194 0 0 67 6 0 13 0 60 0 0 0 5
256 8842 1450 1396 197 0 0 67 6 0 13 0 60 0 0 0 5
257 8843 1450 1396 196 0 0 67 6 0 13 0 60 0 0 0 5
258 8819 1464 1410 192 0 0 67 6 0 13 0 60 0 0 0 5
259 8803 1472 1417 191 0 0 68 6 0 13 0 61 0 0 0 5
260 8786 1480 1425 188 0 0 68 8 0 13 0 63 0 0 0 5
261 8780 1482 1427 188 0 0 68 9 0 13 0 64 0 0 0 5
262 8760 1492 1435 188 0 0 70 8 0 13 0 65 0 0 0 5
263 8743 1498 1440 192 0 0 71 8 0 13 0 66 0 0 0 5
264 8731 1503 1445 192 0 0 71 9 0 13 0 67 0 0 0 5
265 8713 1509 1452 197 0 0 70 10 0 13 0 67 0 0 0 5
266 8696 1515 1456 201 0 0 72 9 0 13 0 68 0 0 0 6
267 8689 1516 1457 204 0 0 72 10 0 13 0 69 0 0 0 6
268 8682 1519 1460 205 0 0 72 10 0 13 0 69 0 0 0 6
269 8675 1522 1461 202 0 0 74 11 0 13 0 72 0 0 0 6
270 8647 1532 1471 210 0 0 74 11 0 13 0 72 0 0 0 6
271 8641 1534 1472 207 0 0 76 12 0 14 0 74 0 0 0 6
272 8625 1540 1478 211 0 0 76 12 0 14 0 74 0 0 0 6
273 8607 1546 1484 215 0 0 77 12 0 15 0 74 0 0 0 6
274 8584 1557 1494 215 0 0 78 12 0 15 0 75 0 0 0 6
275 8565 1565 1502 218 0 0 78 12 0 15 0 75 0 0 0 6
276 8553 1568 1505 224 0 0 78 12 0 15 0 75 0 0 0 6
277 8535 1574 1511 230 0 0 78 12 0 15 0 75 0 0 0 6
278 8528 1578 1513 227 0 0 80 12 0 15 0 77 0 0 0 6
279 8508 1587 1521 226 0 0 81 13 0 15 0 79 0 0 0 6
280 8503 1588 1520 227 0 0 83 13 0 15 0 81 0 0 0 6
281 8485 1596 1526 227 0 0 85 13 0 15 0 83 0 0 0 6
282 8496 1589 1521 226 0 0 86 13 0 18 0 81 0 0 0 6
283 8497 1586 1516 229 0 0 88 13 0 18 0 83 0 0 0 6
284 8495 1585 1514 230 0 0 89 14 0 18 0 85 0 0 0 6
285 8477 1594 1522 229 0 0 90 14 0 18 0 86 0 0 0 6
286 8457 1602 1530 233 0 0 90 14 0 18 0 86 0 0 0 6
287 8444 1608 1537 233 0 0 90 14 0 19 0 85 0 0 0 6
288 8444 1607 1536 235 0 0 90 14 0 19 0 85 0 0 0 6
289 8431 1612 1541 236 0 0 90 15 0 19 0 86 0 0 0 6
290 8420 1615 1541 240 0 0 93 14 0 19 0 88 0 0 0 6
291 8405 1621 1545 241 0 0 95 14 0 19 0 90 0 0 0 6
292 8400 1623 1547 242 0 0 95 14 0 19 0 90 0 0 0 6
293 8392 1625 1550 245 0 0 95 14 0 20 0 89 0 0 0 6
294 8379 1630 1555 246 0 0 96 14 0 21 0 89 0 0 0 6
295 8369 1633 1557 249 0 0 97 14 0 21 0 90 0 0 0 6
296 8362 1635 1559 252 0 0 97 14 0 21 0 90 0 0 0 6
297 8367 1632 1554 252 0 0 99 13 0 21 0 91 0 0 0 7
298 8363 1634 1556 252 0 0 99 13 0 21 0 91 0 0 0 7
299 8346 1640 1561 258 0 0 100 12 0 21 0 91 0 0 0 7
300 8350 1638 1558 257 0 0 101 12 0 21 0 92 0 0 0 7
301 8343 1640 1559 259 0 0 102 12 0 21 0 93 0 0 0 7
302 8340 1640 1559 262 0 0 102 12 0 21 0 93 0 0 0 7
303 8342 1637 1556 264 0 0 103 12 0 22 0 93 0 0 0 7
304 8321 1646 1565 266 0 0 103 12 0 22 0 93 0 0 0 8
305 8328 1644 1562 260 0 0 104 13 0 22 0 95 0 0 0 8
306 8319 1647 1564 262 0 0 105 13 0 22 0 96 0 0 0 8
307 8302 1657 1571 256 0 0 108 13 0 22 0 99 0 0 0 8
308 8288 1664 1577 255 0 0 109 13 0 22 0 100 0 0 0 8
309 8291 1659 1571 261 0 0 110 13 0 22 0 101 0 0 0 8
310 8290 1658 1567 262 0 0 113 12 0 22 0 103 0 0 0 9
311 8287 1659 1569 260 0 0 115 11 0 25 0 101 0 0 0 9
312 8267 1667 1575 262 0 0 117 11 0 25 0 103 0 0 0 9
313 8265 1667 1575 264 0 0 117 11 0 25 0 103 0 0 0 9
314 8274 1663 1572 262 0 0 117 11 0 26 0 102 0 0 0 9
315 8271 1663 1572 265 0 0 117 11 0 26 0 102 0 0 0 9
316 8272 1663 1572 264 0 0 117 11 0 26 0 102 0 0 0 9
317 8260 1669 1577 265 0 0 118 10 0 26 0 102 0 0 0 9
318 8260 1667 1578 266 0 0 117 11 0 28 0 100 0 0 0 9
319 8253 1670 1581 267 0 0 117 11 0 28 0 100 0 0 0 9
320 8246 1673 1585 267 0 0 116 12 0 28 0 100 0 0 0 9
321 8236 1677 1590 268 0 0 115 13 0 28 0 100 0 0 0 9
322 8247 1674 1587 263 0 0 115 13 0 28 0 100 0 0 0 9
323 8243 1674 1585 265 0 0 117 13 0 28 0 102 0 0 0 9
324 8243 1673 1584 267 0 0 117 13 0 28 0 102 0 0 0 9
325 8246 1671 1584 266 0 0 117 13 0 30 0 100 0 0 0 9
326 8245 1669 1584 269 0 0 116 14 0 31 0 99 0 0 0 9
327 8243 1670 1586 266 0 0 117 14 0 33 0 98 0 0 0 9
328 8243 1667 1584 271 0 0 117 14 0 34 0 97 0 0 0 9
329 8236 1669 1585 273 0 0 118 14 0 34 0 98 0 0 0 9
330 8228 1670 1589 276 0 0 116 16 0 35 0 97 0 0 0 9
331 8230 1667 1586 280 0 0 116 16 0 35 0 97 0 0 0 9
332 8211 1676 1592 282 0 0 119 14 0 35 0 98 0 0 0 9
333 8205 1678 1592 282 0 0 121 14 0 35 0 100 0 0 0 9
334 8189 1686 1597 279 0 0 124 14 0 35 0 103 0 0 0 9
335 8200 1678 1589 282 0 0 125 14 0 36 0 103 0 0 0 9
336 8192 1682 1591 280 0 0 127 14 0 36 0 105 0 0 0 9
337 8201 1679 1588 276 0 0 128 13 0 37 0 104 0 0 0 10
338 8197 1680 1590 277 0 0 128 13 0 38 0 103 0 0 0 10
339 8186 1683 1588 280 0 0 132 12 0 37 0 107 0 0 0 11
340 8184 1683 1590 280 0 0 130 14 0 37 0 107 0 0 0 11
341 8185 1682 1586 278 0 0 133 14 0 37 0 110 0 0 0 11
342 8190 1677 1579 281 0 0 135 14 0 37 0 112 0 0 0 11
343 8180 1680 1581 284 0 0 136 14 0 37 0 113 0 0 0 11
344 8162 1686 1586 289 0 0 137 14 0 37 0 114 0 0 0 11
345 8148 1692 1591 288 0 0 138 15 0 37 0 116 0 0 0 11
346 8124 1703 1599 285 0 0 140 16 0 36 0 120 0 0 0 13
347 8114 1707 1603 285 0 0 141 16 0 37 0 120 0 0 0 13
348 8097 1713 1608 287 0 0 143 16 0 38 0 121 0 0 0 13
349 8089 1715 1610 291 0 0 143 16 0 38 0 121 0 0 0 13
350 8071 1722 1616 294 0 0 144 16 0 38 0 122 0 0 0 13
351 8041 1736 1632 291 0 0 145 16 0 41 0 120 0 0 0 14
352 8021 1741 1642 296 0 0 141 20 0 42 0 119 0 0 0 14
353 8009 1743 1643 301 0 0 143 20 0 43 0 120 0 0 0 14
354 7992 1749 1649 302 0 0 144 21 0 44 0 121 0 0 0 14
355 7977 1756 1655 302 0 0 145 21 0 44 0 122 0 0 0 14
356 7967 1758 1654 305 0 0 148 21 0 44 0 125 0 0 0 14
357 7940 1768 1665 307 0 0 147 24 0 44 0 127 0 0 0 14
358 7917 1777 1673 309 0 0 148 25 0 44 0 129 0 0 0 14
359 7910 1782 1678 300 0 0 149 27 0 45 0 131 0 0 0 14
360 7900 1787 1682 298 0 0 150 27 0 45 0 132 0 0 0 15
361 7885 1792 1687 303 0 0 150 27 0 45 0 132 0 0 0 15
362 7874 1797 1691 304 0 0 151 26 0 45 0 132 0 0 0 16
363 7857 1803 1698 308 0 0 151 26 0 46 0 131 0 0 0 16
364 7843 1809 1705 307 0 0 151 27 0 47 0 131 0 0 0 16
365 7826 1814 1710 314 0 0 151 27 0 47 0 131 0 0 0 16
366 7822 1813 1708 315 0 0 152 29 0 47 0 134 0 0 0 16
367 7819 1812 1706 317 0 0 153 30 0 47 0 136 0 0 0 16
368 7816 1815 1707 312 0 0 155 30 0 47 0 138 0 0 0 16
369 7804 1819 1711 312 0 0 155 32 0 47 0 140 0 0 0 16
370 7795 1820 1712 317 0 0 156 32 0 48 0 140 0 0 0 16
371 7772 1829 1721 320 0 0 157 32 0 49 0 140 0 0 0 16
372 7775 1825 1715 322 0 0 160 31 0 50 0 141 0 0 0 17
373 7754 1833 1723 321 0 0 160 34 0 50 0 144 0 0 0 17
374 7747 1837 1724 315 0 0 163 35 0 50 0 148 0 0 0 17
375 7745 1837 1724 314 0 0 164 35 0 51 0 148 0 0 0 18
376 7730 1843 1732 313 0 0 163 37 0 52 0 148 0 0 0 18
377 7725 1844 1734 313 0 0 163 38 0 53 0 148 0 0 0 18
378 7719 1848 1737 310 0 0 164 38 0 53 0 149 0 0 0 18
379 7710 1851 1739 309 0 0 166 38 0 54 0 150 0 0 0 19
380 7705 1852 1741 309 0 0 167 38 0 56 0 149 0 0 0 19
381 7695 1855 1745 310 0 0 167 39 0 57 0 149 0 0 0 19
382 7676 1861 1750 310 0 0 169 41 0 58 0 152 0 0 0 19
383 7678 1860 1748 309 0 0 170 41 0 58 0 153 0 0 0 19
384 7676 1857 1748 313 0 0 169 42 0 60 0 151 0 0 0 20
385 7688 1852 1742 310 0 0 171 41 0 61 0 151 0 0 0 20
386 7684 1855 1746 306 0 0 171 41 0 62 0 150 0 0 0 21
387 7680 1857 1745 306 0 0 174 39 0 62 0 151 0 0 0 22
388 7671 1859 1746 310 0 0 175 39 0 62 0 152 0 0 0 22
389 7672 1858 1744 309 0 0 176 39 0 62 0 153 0 0 0 23
390 7664 1861 1749 309 0 0 176 39 0 64 0 151 0 0 0 23
391 7663 1861 1747 308 0 0 177 40 0 63 0 154 0 0 0 23
392 7658 1864 1748 306 0 0 179 39 0 63 0 155 0 0 0 24
393 7667 1859 1745 305 0 0 179 39 0 65 0 153 0 0 0 24
394 7651 1867 1752 304 0 0 180 39 0 65 0 154 0 0 0 24
395 7649 1869 1752 302 0 0 182 38 0 65 0 155 0 0 0 24
396 7637 1875 1754 302 0 0 185 37 0 64 0 158 0 0 0 24
397 7632 1878 1756 297 0 0 186 38 0 64 0 160 0 0 0 25
398 7617 1882 1761 300 0 0 185 40 0 64 0 161 0 0 0 26
399 7615 1883 1760 299 0 0 188 38 0 65 0 161 0 0 0 27
400 7618 1882 1759 296 0 0 189 38 0 66 0 161 0 0 0 27
401 7622 1879 1757 297 0 0 188 39 0 66 0 161 0 0 0 27
402 7639 1873 1749 290 0 0 190 39 0 66 0 163 0 0 0 27
403 7637 1871 1746 291 0 0 192 40 0 67 0 165 0 0 0 27
404 7645 1869 1744 287 0 0 192 39 0 67 0 164 0 0 0 29
405 7647 1863 1739 296 0 0 192 39 0 68 0 163 0 0 0 29
406 7629 1868 1744 302 0 0 192 40 0 68 0 164 0 0 0 29
407 7618 1873 1750 302 0 0 191 41 0 68 0 164 0 0 0 29
408 7614 1872 1748 306 0 0 192 41 0 68 0 165 0 0 0 30
409 7636 1862 1738 300 0 0 194 41 0 70 0 165 0 0 0 30
410 7646 1858 1733 297 0 0 195 41 0 70 0 166 0 0 0 30
411 7656 1855 1731 292 0 0 195 41 0 71 0 165 0 0 0 30
412 7659 1852 1728 295 0 0 195 41 0 71 0 165 0 0 0 30
413 7643 1860 1737 294 0 0 195 41 0 72 0 164 0 0 0 30
414 7642 1861 1737 290 0 0 197 41 0 73 0 165 0 0 0 30
415 7633 1867 1741 287 0 0 198 41 0 72 0 167 0 0 0 30
416 7636 1867 1742 281 0 0 199 41 0 74 0 166 0 0 0 30
417 7644 1862 1737 281 0 0 199 42 0 74 0 167 0 0 0 30
418 7655 1855 1731 283 0 0 200 41 0 76 0 165 0 0 0 30
419 7654 1855 1731 284 0 0 200 41 0 76 0 165 0 0 0 30
420 7663 1849 1725 287 0 0 201 40 0 77 0 164 0 0 0 30
421 7673 1846 1720 281 0 0 203 40 0 77 0 166 0 0 0 30
422 7676 1845 1721 276 0 0 204 40 0 80 0 164 0 0 0 30
423 7662 1851 1729 276 0 0 204 40 0 82 0 162 0 0 0 30
424 7648 1855 1734 281 0 0 204 40 0 83 0 161 0 0 0 30
425 7644 1856 1737 281 0 0 204 40 0 85 0 159 0 0 0 30
426 7641 1856 1738 283 0 0 204 40 0 86 0 158 0 0 0 30
427 7630 1859 1740 285 0 0 206 40 0 87 0 159 0 0 0 30
428 7637 1855 1736 285 0 0 207 39 0 88 0 158 0 0 0 31
429 7640 1847 1725 295 0 0 211 38 0 89 0 160 0 0 0 31
430 7640 1852 1727 285 0 0 213 37 0 88 0 162 0 0 0 32
431 7634 1854 1729 283 0 0 214 38 0 89 0 163 0 0 0 32
432 7623 1856 1732 289 0 0 214 38 0 90 0 162 0 0 0 32
433 7632 1849 1722 292 0 0 217 36 0 90 0 163 0 0 0 35
434 7601 1861 1734 299 0 0 217 36 0 90 0 163 0 0 0 35
435 7599 1862 1735 299 0 0 217 36 0 90 0 163 0 0 0 35
436 7589 1867 1740 298 0 0 217 36 0 90 0 163 0 0 0 36
437 7582 1866 1736 305 0 0 221 34 0 91 0 164 0 0 0 37
438 7580 1865 1734 308 0 0 223 33 0 92 0 164 0 0 0 37
439 7580 1865 1734 305 0 0 224 33 0 93 0 164 0 0 0 38
440 7582 1864 1732 300 0 0 225 35 0 93 0 167 0 0 0 38
441 7572 1869 1738 297 0 0 224 37 0 93 0 168 0 0 0 38
442 7569 1870 1739 298 0 0 224 37 0 93 0 168 0 0 0 38
443 7574 1868 1738 296 0 0 223 38 0 93 0 168 0 0 0 38
444 7572 1869 1739 291 0 0 224 39 0 94 0 169 0 0 0 39
445 7556 1872 1741 298 0 0 225 40 0 94 0 171 0 0 0 39
446 7530 1883 1749 298 0 0 228 40 0 94 0 174 0 0 0 40
447 7540 1876 1742 300 0 0 229 40 0 95 0 174 0 0 0 40
448 7524 1882 1748 302 0 0 231 39 0 97 0 173 0 0 0 40
449 7518 1883 1749 306 0 0 231 39 0 97 0 173 0 0 0 40
450 7511 1885 1752 305 0 0 232 39 0 99 0 172 0 0 0 41
451 7499 1888 1754 308 0 0 233 40 0 99 0 174 0 0 0 41
452 7502 1886 1752 309 0 0 233 40 0 99 0 174 0 0 0 41
453 7497 1887 1752 313 0 0 234 39 0 99 0 174 0 0 0 41
454 7471 1896 1762 319 0 0 234 39 0 100 0 173 0 0 0 42
455 7460 1902 1769 317 0 0 234 39 0 101 0 172 0 0 0 42
456 7438 1914 1779 310 0 0 237 39 0 102 0 174 0 0 0 43
457 7420 1922 1785 311 0 0 239 38 0 102 0 175 0 0 0 44
458 7416 1924 1787 311 0 0 239 38 0 102 0 175 0 0 0 44
459 7399 1927 1790 316 0 0 240 40 0 103 0 177 0 0 0 44
460 7383 1933 1793 317 0 0 243 40 0 103 0 180 0 0 0 44
461 7373 1937 1797 319 0 0 243 40 0 103 0 180 0 0 0 44
462 7365 1942 1800 316 0 0 245 39 0 103 0 181 0 0 0 45
463 7354 1947 1801 315 0 0 248 39 0 102 0 185 0 0 0 45
464 7350 1947 1798 318 0 0 250 39 0 101 0 188 0 0 0 45
465 7337 1951 1802 318 0 0 250 41 0 101 0 190 0 0 0 46
466 7330 1952 1803 321 0 0 250 42 0 101 0 191 0 0 0 46
467 7324 1953 1803 321 0 0 253 41 0 103 0 191 0 0 0 47
468 7314 1954 1802 322 0 0 255 43 0 103 0 195 0 0 0 48
469 7303 1954 1803 329 0 0 255 44 0 104 0 195 0 0 0 49
470 7274 1966 1813 331 0 0 256 45 0 103 0 198 0 0 0 50
471 7241 1978 1824 338 0 0 258 44 0 104 0 198 0 0 0 51
472 7238 1977 1823 339 0 0 260 44 0 106 0 198 0 0 0 51
473 7232 1977 1824 341 0 0 259 46 0 106 0 199 0 0 0 52
474 7217 1981 1826 345 0 0 261 46 0 106 0 201 0 0 0 53
475 7213 1979 1826 349 0 0 262 46 0 109 0 199 0 0 0 53
476 7186 1987 1832 358 0 0 264 46 0 109 0 201 0 0 0 53
477 7176 1989 1835 353 0 0 266 49 0 112 0 203 0 0 0 53
478 7162 1994 1841 352 0 0 265 51 0 112 0 204 0 0 0 55
479 7154 1993 1840 360 0 0 266 51 0 113 0 204 0 0 0 55
480 7149 1994 1839 361 0 0 268 51 0 113 0 206 0 0 0 55
481 7151 1992 1836 362 0 0 270 50 0 114 0 206 0 0 0 55
482 7150 1992 1833 359 0 0 273 50 0 114 0 209 0 0 0 56
483 7149 1993 1833 354 0 0 275 50 0 115 0 210 0 0 0 57
484 7142 1993 1830 358 0 0 277 51 0 114 0 214 0 0 0 57
485 7133 1994 1831 365 0 0 277 51 0 114 0 214 0 0 0 57
486 7136 1990 1824 363 0 0 281 51 0 115 0 217 0 0 0 59
487 7135 1991 1824 363 0 0 282 49 0 115 0 216 0 0 0 61
488 7144 1986 1819 362 0 0 283 49 0 116 0 216 0 0 0 61
489 7133 1990 1823 363 0 0 284 49 0 117 0 216 0 0 0 61
490 7139 1985 1816 363 0 0 287 49 0 118 0 218 0 0 0 61
491 7134 1986 1819 364 0 0 287 49 0 120 0 216 0 0 0 61
492 7131 1985 1819 366 0 0 287 50 0 121 0 216 0 0 0 61
493 7127 1983 1818 371 0 0 287 51 0 122 0 216 0 0 0 61
494 7112 1985 1820 378 0 0 288 52 0 123 0 217 0 0 0 61
495 7102 1987 1824 380 0 0 287 54 0 124 0 217 0 0 0 61
496 7093 1989 1826 381 0 0 288 55 0 125 0 218 0 0 0 61
497 7088 1989 1828 380 0 0 287 58 0 126 0 219 0 0 0 61
498 7100 1983 1822 379 0 0 288 57 0 127 0 218 0 0 0 62
499 7108 1978 1818 374 0 0 288 60 0 128 0 220 0 0 0 62
500 7122 1968 1809 377 0 0 288 61 0 129 0 220 0 0 0 62
501 7127 1963 1803 380 0 0 289 61 0 129 0 221 0 0 0 63
502 7120 1965 1803 381 0 0 291 61 0 129 0 223 0 0 0 63
503 7118 1965 1803 379 0 0 293 61 0 131 0 223 0 0 0 63
504 7112 1963 1803 383 0 0 295 61 0 135 0 221 0 0 0 63
505 7094 1969 1810 388 0 0 294 62 0 135 0 221 0 0 0 63
506 7091 1966 1807 392 0 0 296 62 0 137 0 221 0 0 0 64
507 7103 1962 1803 385 0 0 297 62 0 138 0 221 0 0 0 65
508 7106 1957 1799 389 0 0 299 61 0 141 0 219 0 0 0 65
509 7107 1956 1795 389 0 0 302 59 0 141 0 220 0 0 0 67
510 7106 1957 1796 386 0 0 303 59 0 142 0 220 0 0 0 67
511 7106 1954 1793 392 0 0 303 59 0 142 0 220 0 0 0 67
512 7125 1944 1783 389 0 0 304 60 0 143 0 221 0 0 0 67
513 7128 1942 1776 388 0 0 309 58 0 143 0 224 0 0 0 68
514 7127 1943 1774 383 0 0 313 57 0 144 0 226 0 0 0 69
515 7126 1944 1775 379 0 0 314 57 0 145 0 226 0 0 0 70
516 7124 1942 1773 385 0 0 314 57 0 145 0 226 0 0 0 70
517 7120 1944 1774 383 0 0 316 56 0 146 0 226 0 0 0 71
518 7134 1937 1769 381 0 0 317 55 0 149 0 223 0 0 0 71
519 7127 1937 1768 385 0 0 320 54 0 151 0 223 0 0 0 71
520 7132 1937 1765 378 0 0 323 53 0 151 0 225 0 0 0 72
521 7147 1930 1759 376 0 0 323 53 0 152 0 224 0 0 0 72
522 7153 1928 1756 374 0 0 324 52 0 152 0 224 0 0 0 73
523 7159 1923 1748 375 0 0 327 52 0 152 0 227 0 0 0 73
524 7164 1919 1744 372 0 0 329 53 0 154 0 228 0 0 0 73
525 7159 1918 1746 374 0 0 329 54 0 157 0 226 0 0 0 73
526 7157 1916 1746 378 0 0 329 54 0 159 0 224 0 0 0 73
527 7141 1924 1754 378 0 0 329 54 0 159 0 224 0 0 0 73
528 7142 1925 1755 375 0 0 329 54 0 159 0 224 0 0 0 73
529 7147 1924 1753 370 0 0 331 53 0 160 0 224 0 0 0 74
530 7149 1924 1751 367 0 0 333 52 0 160 0 225 0 0 0 75
531 7161 1920 1748 361 0 0 333 51 0 161 0 223 0 0 0 78
532 7170 1915 1744 359 0 0 333 52 0 162 0 223 0 0 0 78
533 7177 1910 1740 361 0 0 333 52 0 163 0 222 0 0 0 78
534 7161 1915 1744 366 0 0 334 52 0 163 0 223 0 0 0 78
535 7168 1912 1741 362 0 0 334 53 0 163 0 224 0 0 0 79
536 7170 1909 1736 367 0 0 336 51 0 163 0 224 0 0 0 80
537 7177 1905 1735 365 0 0 336 51 0 166 0 221 0 0 0 80
538 7176 1901 1730 373 0 0 338 50 0 167 0 221 0 0 0 80
539 7184 1898 1726 372 0 0 338 50 0 166 0 222 0 0 0 80
540 7190 1898 1725 365 0 0 340 49 0 167 0 222 0 0 0 80
541 7207 1889 1715 365 0 0 342 48 0 168 0 222 0 0 0 80
542 7198 1892 1717 365 0 0 344 48 0 169 0 223 0 0 0 80
543 7194 1894 1722 362 0 0 342 50 0 170 0 222 0 0 0 80
544 7215 1884 1713 360 0 0 343 49 0 172 0 220 0 0 0 80
545 7216 1883 1710 361 0 0 344 49 0 171 0 222 0 0 0 80
546 7218 1881 1707 360 0 0 345 50 0 171 0 224 0 0 0 80
547 7221 1877 1700 362 0 0 348 50 0 171 0 227 0 0 0 80
548 7223 1877 1697 359 0 0 350 50 0 170 0 230 0 0 0 80
549 7222 1874 1695 363 0 0 350 51 0 171 0 230 0 0 0 80
550 7226 1870 1695 363 0 0 349 52 0 174 0 227 0 0 0 80
551 7232 1864 1689 367 0 0 349 53 0 174 0 228 0 0 0 80
552 7237 1861 1683 367 0 0 351 53 0 173 0 231 0 0 0 80
553 7238 1860 1684 366 0 0 351 53 0 175 0 229 0 0 0 80
554 7237 1860 1685 366 0 0 351 53 0 176 0 228 0 0 0 80
555 7239 1860 1683 364 0 0 355 50 0 178 0 227 0 0 0 80
556 7244 1858 1684 360 0 0 355 50 0 181 0 224 0 0 0 80
557 7248 1853 1682 363 0 0 355 50 0 184 0 221 0 0 0 80
558 7251 1849 1678 368 0 0 354 51 0 183 0 222 0 0 0 80
559 7259 1845 1676 366 0 0 353 52 0 184 0 221 0 0 0 80
560 7255 1847 1676 365 0 0 356 50 0 185 0 221 0 0 0 81
561 7247 1847 1680 369 0 0 355 51 0 188 0 218 0 0 0 81
562 7256 1841 1673 367 0 0 358 51 0 190 0 219 0 0 0 81
563 7262 1836 1667 368 0 0 360 51 0 191 0 220 0 0 0 81
564 7265 1832 1667 367 0 0 359 53 0 194 0 218 0 0 0 81
565 7262 1835 1668 361 0 0 362 52 0 195 0 219 0 0 0 82
566 7270 1832 1665 359 0 0 364 50 0 197 0 217 0 0 0 82
567 7278 1829 1661 355 0 0 366 49 0 198 0 217 0 0 0 83
568 7266 1831 1666 360 0 0 364 51 0 199 0 216 0 0 0 83
569 7266 1827 1664 366 0 0 364 51 0 201 0 214 0 0 0 83
570 7268 1827 1664 359 0 0 365 52 0 202 0 215 0 0 0 84
571 7261 1831 1667 357 0 0 366 52 0 202 0 216 0 0 0 84
572 7253 1837 1672 353 0 0 366 52 0 201 0 217 0 0 0 85
573 7252 1834 1671 352 0 0 365 56 0 202 0 219 0 0 0 85
574 7247 1835 1671 356 0 0 366 55 0 202 0 219 0 0 0 85
575 7249 1837 1672 351 0 0 367 54 0 202 0 219 0 0 0 85
576 7279 1821 1655 354 0 0 367 54 0 201 0 220 0 0 0 85
577 7284 1817 1652 356 0 0 367 54 0 202 0 219 0 0 0 85
578 7288 1812 1646 362 0 0 368 53 0 202 0 219 0 0 0 86
579 7304 1803 1636 365 0 0 369 52 0 202 0 219 0 0 0 86
580 7300 1803 1638 367 0 0 368 53 0 203 0 218 0 0 0 86
581 7303 1800 1638 364 0 0 366 56 0 204 0 218 0 0 0 87
582 7308 1799 1637 361 0 0 367 55 0 205 0 217 0 0 0 87
583 7322 1791 1629 361 0 0 368 55 0 206 0 217 0 0 0 87
584 7330 1790 1628 355 0 0 369 54 0 207 0 216 0 0 0 87
585 7325 1792 1628 356 0 0 371 53 0 207 0 217 0 0 0 87
586 7328 1792 1629 352 0 0 371 53 0 208 0 216 0 0 0 87
587 7339 1787 1625 350 0 0 371 53 0 209 0 215 0 0 0 87
588 7338 1787 1623 351 0 0 372 53 0 208 0 217 0 0 0 87
589 7338 1787 1621 351 0 0 373 53 0 207 0 219 0 0 0 87
590 7338 1787 1623 349 0 0 371 55 0 207 0 219 0 0 0 87
591 7341 1785 1621 350 0 0 371 55 0 207 0 219 0 0 0 87
592 7333 1789 1625 350 0 0 371 55 0 207 0 219 0 0 0 87
593 7332 1789 1626 350 0 0 371 55 0 208 0 218 0 0 0 87
594 7353 1778 1615 348 0 0 372 55 0 209 0 218 0 0 0 88
595 7360 1773 1613 348 0 0 372 55 0 212 0 215 0 0 0 88
596 7363 1772 1611 346 0 0 373 55 0 212 0 216 0 0 0 88
597 7363 1770 1611 348 0 0 373 55 0 214 0 214 0 0 0 88
598 7355 1774 1613 348 0 0 375 54 0 214 0 215 0 0 0 88
599 7352 1777 1615 346 0 0 377 52 0 215 0 214 0 0 0 88
600 7348 1779 1616 343 0 0 378 53 0 215 0 216 0 0 0 88
601 7351 1777 1615 343 0 0 378 53 0 216 0 215 0 0 0 88
602 7355 1774 1612 343 0 0 379 53 0 217 0 215 0 0 0 88
603 7363 1769 1607 341 0 0 381 53 0 219 0 215 0 0 0 88
604 7379 1763 1601 337 0 0 379 55 0 217 0 217 0 0 0 88
605 7389 1756 1599 336 0 0 377 57 0 220 0 214 0 0 0 88
606 7389 1756 1600 335 0 0 377 57 0 221 0 213 0 0 0 88
607 7389 1756 1599 334 0 0 378 57 0 221 0 214 0 0 0 88
608 7385 1757 1601 335 0 0 378 57 0 222 0 213 0 0 0 88
609 7396 1748 1597 337 0 0 378 57 0 227 0 208 0 0 0 88
610 7404 1745 1596 332 0 0 378 57 0 229 0 206 0 0 0 89
611 7422 1738 1591 326 0 0 378 57 0 231 0 204 0 0 0 89
612 7431 1734 1587 324 0 0 378 57 0 231 0 204 0 0 0 90
613 7440 1732 1587 315 0 0 379 57 0 234 0 202 0 0 0 90
614 7453 1724 1580 317 0 0 379 57 0 235 0 201 0 0 0 90
615 7468 1717 1574 315 0 0 379 56 0 236 0 199 0 0 0 92
616 7468 1715 1576 313 0 0 379 57 0 240 0 196 0 0 0 92
617 7480 1708 1573 311 0 0 377 59 0 242 0 194 0 0 0 92
618 7495 1699 1564 310 0 0 379 59 0 244 0 194 0 0 0 92
619 7489 1702 1566 311 0 0 381 57 0 245 0 193 0 0 0 92
620 7490 1701 1565 312 0 0 382 56 0 246 0 192 0 0 0 92
621 7494 1700 1563 309 0 0 383 56 0 246 0 193 0 0 0 92
622 7513 1690 1556 307 0 0 383 56 0 249 0 190 0 0 0 92
623 7533 1680 1548 305 0 0 382 57 0 250 0 189 0 0 0 92
624 7539 1676 1545 304 0 0 382 58 0 251 0 189 0 0 0 92
625 7529 1680 1549 306 0 0 383 57 0 252 0 188 0 0 0 92
626 7529 1679 1549 305 0 0 382 59 0 252 0 189 0 0 0 92
627 7548 1670 1540 304 0 0 383 58 0 253 0 188 0 0 0 92
628 7541 1673 1542 304 0 0 384 58 0 253 0 189 0 0 0 92
629 7535 1675 1545 304 0 0 383 59 0 253 0 189 0 0 0 93
630 7542 1668 1541 308 0 0 383 59 0 256 0 186 0 0 0 93
631 7538 1673 1546 300 0 0 384 59 0 257 0 186 0 0 0 93
632 7547 1670 1543 295 0 0 384 60 0 257 0 187 0 0 0 93
633 7562 1662 1537 294 0 0 383 61 0 258 0 186 0 0 0 93
634 7576 1657 1532 290 0 0 383 61 0 258 0 186 0 0 0 93
635 7576 1655 1528 293 0 0 385 60 0 258 0 187 0 0 0 94
636 7586 1648 1522 294 0 0 385 61 0 259 0 187 0 0 0 94
637 7574 1654 1527 293 0 0 385 62 0 258 0 189 0 0 0 94
638 7578 1652 1527 289 0 0 384 64 0 259 0 189 0 0 0 94
639 7593 1645 1522 286 0 0 383 65 0 260 0 188 0 0 0 94
640 7586 1649 1525 284 0 0 384 65 0 260 0 189 0 0 0 94
641 7587 1649 1524 284 0 0 384 65 0 259 0 190 0 0 0 94
642 7585 1646 1519 289 0 0 385 66 0 258 0 193 0 0 0 95
643 7593 1642 1516 286 0 0 386 66 0 260 0 192 0 0 0 95
644 7591 1644 1518 284 0 0 386 66 0 260 0 192 0 0 0 95
645 7596 1643 1517 281 0 0 386 66 0 260 0 192 0 0 0 95
646 7593 1644 1517 282 0 0 386 66 0 259 0 193 0 0 0 96
647 7599 1640 1514 283 0 0 386 66 0 260 0 192 0 0 0 96
648 7590 1645 1519 282 0 0 386 66 0 260 0 192 0 0 0 96
649 7597 1642 1518 279 0 0 387 65 0 263 0 189 0 0 0 96
650 7605 1636 1513 280 0 0 389 64 0 266 0 187 0 0 0 96
651 7613 1630 1510 281 0 0 388 65 0 268 0 185 0 0 0 96
652 7606 1633 1512 281 0 0 389 65 0 268 0 186 0 0 0 96
653 7610 1631 1510 281 0 0 391 63 0 270 0 184 0 0 0 96
654 7613 1631 1510 278 0 0 391 63 0 270 0 184 0 0 0 96
655 7606 1635 1514 277 0 0 391 63 0 270 0 184 0 0 0 96
656 7617 1630 1512 273 1 0 390 63 1 272 0 181 0 0 0 96
657 7619 1628 1512 273 1 0 389 64 1 273 0 180 0 0 0 96
658 7627 1624 1507 274 1 0 390 63 1 273 0 180 0 0 0 96
659 7627 1623 1508 274 1 0 390 63 1 275 0 178 0 0 0 96
660 7622 1627 1513 270 1 0 390 63 1 276 0 177 0 0 0 96
661 7613 1630 1516 273 1 0 390 63 1 276 0 177 0 0 0 96
662 7624 1625 1512 271 1 0 390 63 1 277 0 176 0 0 0 96
663 7633 1621 1508 268 1 0 391 63 1 278 0 176 0 0 0 96
664 7648 1610 1500 272 1 0 392 61 1 282 0 171 0 0 0 98
665 7648 1611 1499 271 1 0 394 59 1 282 0 171 0 0 0 99
666 7670 1598 1489 271 1 0 395 58 1 286 0 167 0 0 0 100
667 7679 1595 1486 268 1 0 395 58 1 286 0 167 0 0 0 100
668 7670 1597 1489 270 1 0 395 59 1 287 0 167 0 0 0 100
669 7683 1591 1483 267 1 0 395 60 1 287 0 168 0 0 0 100
670 7677 1595 1489 263 1 0 395 60 1 289 0 166 0 0 0 100
671 7677 1594 1487 264 1 0 397 59 1 290 0 166 0 0 0 100
672 7682 1592 1486 261 1 0 396 60 1 290 0 166 0 0 0 101
673 7695 1585 1478 261 1 0 397 60 1 290 0 167 0 0 0 101
674 7693 1587 1480 259 1 0 397 60 1 290 0 167 0 0 0 101
675 7703 1582 1474 260 1 0 398 59 1 290 0 167 0 0 0 101
676 7713 1578 1469 259 1 0 399 58 1 290 0 167 0 0 0 101
677 7719 1576 1469 255 1 0 399 58 1 292 0 165 0 0 0 101
678 7722 1573 1466 256 1 0 400 58 1 293 0 165 0 0 0 101
679 7717 1574 1466 258 1 0 401 58 1 293 0 166 0 0 0 101
680 7728 1569 1459 255 1 0 403 58 1 293 0 168 0 0 0 101
681 7743 1566 1455 247 1 0 403 58 1 292 0 169 0 0 0 101
682 7759 1557 1444 249 1 0 405 57 1 292 0 170 0 0 0 101
683 7767 1552 1441 249 1 0 403 59 1 292 0 170 0 0 0 101
684 7770 1548 1440 251 1 0 401 61 1 293 0 169 0 0 0 101
685 7776 1545 1438 250 1 0 401 61 1 294 0 168 0 0 0 101
686 7780 1541 1436 252 1 0 401 61 1 296 0 166 0 0 0 101
687 7781 1540 1435 253 1 0 401 61 1 296 0 166 0 0 0 101
688 7793 1532 1429 255 1 0 400 62 1 297 0 165 0 0 0 101
689 7798 1528 1427 256 1 0 400 62 1 299 0 163 0 0 0 101
690 7805 1527 1423 254 1 0 400 62 1 296 0 166 0 0 0 101
691 7806 1526 1422 255 1 0 400 62 1 296 0 166 0 0 0 101
692 7806 1527 1423 253 1 0 400 62 1 296 0 166 0 0 0 101
693 7803 1525 1421 258 1 0 400 63 1 296 0 167 0 0 0 101
694 7804 1525 1423 253 1 0 401 63 1 299 0 165 0 0 0 101
695 7809 1523 1417 254 1 0 405 60 1 299 0 166 0 0 0 101
696 7814 1520 1414 255 1 0 405 60 1 299 0 166 0 0 0 101
697 7820 1518 1412 253 1 0 405 60 1 299 0 166 0 0 0 101
698 7820 1519 1413 251 1 0 405 60 1 299 0 166 0 0 0 101
699 7834 1511 1404 251 1 0 407 59 1 300 0 166 0 0 0 102
700 7838 1508 1404 250 1 0 407 59 1 303 0 163 0 0 0 102
701 7834 1508 1406 250 1 0 407 60 1 305 0 162 0 0 0 102
702 7837 1506 1404 251 1 0 406 61 1 304 0 163 0 0 0 102
703 7833 1508 1406 251 1 0 406 61 1 304 0 163 0 0 0 102
704 7850 1500 1398 250 1 0 406 61 1 304 0 163 0 0 0 102
705 7848 1499 1396 253 1 0 407 61 1 304 0 164 0 0 0 102
706 7859 1493 1390 252 1 0 409 60 1 306 0 163 0 0 0 102
707 7856 1493 1392 253 1 0 409 60 1 308 0 161 0 0 0 102
708 7859 1493 1392 250 1 0 408 61 1 307 0 162 0 0 0 102
709 7857 1495 1395 245 1 0 408 62 1 308 0 162 0 0 0 102
710 7860 1493 1395 244 1 0 409 61 1 311 0 159 0 0 0 102
711 7874 1485 1390 243 1 0 408 62 1 313 0 157 0 0 0 102
712 7879 1485 1389 239 1 0 408 62 1 312 0 158 0 0 0 102
713 7875 1484 1391 242 1 0 406 64 1 313 0 157 0 0 0 102
714 7875 1482 1388 245 1 0 408 63 1 314 0 157 0 0 0 102
715 7865 1485 1394 246 1 0 406 65 1 315 0 156 0 0 0 102
716 7867 1486 1394 241 1 0 408 64 1 316 0 156 0 0 0 102
717 7873 1481 1391 243 1 0 407 65 1 317 0 155 0 0 0 102
718 7873 1481 1391 243 1 0 407 65 1 317 0 155 0 0 0 102
719 7881 1480 1389 236 2 0 407 65 2 316 0 156 0 0 0 102
720 7886 1478 1385 235 2 0 408 65 2 315 0 158 0 0 0 102
721 7881 1480 1388 235 2 0 408 65 2 316 0 157 0 0 0 102
722 7886 1479 1384 235 2 0 409 64 2 314 0 159 0 0 0 102
723 7891 1477 1381 235 2 0 410 63 2 314 0 159 0 0 0 102
724 7891 1477 1381 235 2 0 410 63 2 314 0 159 0 0 0 102
725 7897 1474 1376 237 2 0 411 62 2 313 0 160 0 0 0 102
726 7893 1472 1378 241 2 0 411 62 2 317 0 156 0 0 0 102
727 7903 1468 1374 239 2 0 410 63 2 316 0 157 0 0 0 102
728 7914 1461 1368 239 2 0 411 63 2 318 0 156 0 0 0 102
729 7920 1457 1363 242 2 0 412 62 2 318 0 156 0 0 0 102
730 7911 1463 1370 238 2 0 412 62 2 319 0 155 0 0 0 102
731 7913 1462 1368 238 2 0 413 61 2 319 0 155 0 0 0 103
732 7910 1464 1370 237 2 0 413 61 2 319 0 155 0 0 0 103
733 7926 1456 1363 236 2 0 414 60 2 321 0 153 0 0 0 103
734 7925 1456 1363 237 2 0 414 60 2 321 0 153 0 0 0 103
735 7930 1453 1360 238 2 0 415 59 2 322 0 152 0 0 0 103
736 7937 1448 1356 240 2 0 415 59 2 323 0 151 0 0 0 103
737 7948 1441 1350 242 2 0 414 60 2 323 0 151 0 0 0 103
738 7944 1442 1351 242 2 0 415 60 2 324 0 151 0 0 0 103
739 7948 1441 1350 240 2 0 416 59 2 325 0 150 0 0 0 103
740 7947 1442 1351 239 2 0 416 59 2 325 0 150 0 0 0 103
741 7968 1431 1342 238 2 0 416 59 2 327 0 148 0 0 0 103
742 7968 1432 1342 237 2 0 416 59 2 326 0 149 0 0 0 103
743 7971 1433 1344 231 2 0 416 59 2 327 0 148 0 0 0 103
744 7970 1434 1347 226 2 0 415 61 2 328 0 148 0 0 0 103
745 7970 1433 1347 227 2 0 416 60 2 330 0 146 0 0 0 103
746 7974 1431 1343 229 2 0 417 59 2 329 0 147 0 0 0 103
747 7976 1429 1342 230 2 0 417 59 2 330 0 146 0 0 0 103
748 7983 1426 1339 229 2 0 417 59 2 330 0 146 0 0 0 103
749 7998 1419 1332 228 2 0 418 58 2 331 0 145 0 0 0 103
750 8018 1410 1323 226 2 0 419 57 2 332 0 144 0 0 0 103
751 8024 1408 1320 225 2 0 420 56 2 332 0 144 0 0 0 103
752 8027 1406 1317 227 2 0 421 55 2 332 0 144 0 0 0 103
753 8047 1394 1307 229 2 0 421 55 2 334 0 142 0 0 0 103
754 8046 1392 1308 231 2 0 419 57 2 335 0 141 0 0 0 103
755 8061 1387 1301 228 2 0 421 55 2 335 0 141 0 0 0 103
756 8060 1386 1301 228 2 0 422 55 2 337 0 140 0 0 0 103
757 8057 1389 1305 224 2 0 422 55 2 338 0 139 0 0 0 103
758 8065 1385 1300 225 2 0 422 55 2 337 0 140 0 0 0 103
759 8068 1383 1297 225 2 0 423 54 2 337 0 140 0 0 0 105
760 8076 1380 1294 223 2 0 424 53 2 338 0 139 0 0 0 105
761 8080 1377 1293 223 2 0 423 54 2 339 0 138 0 0 0 105
762 8082 1375 1291 225 2 0 424 53 2 340 0 137 0 0 0 105
763 8098 1368 1285 222 2 0 425 52 2 342 0 135 0 0 0 105
764 8107 1364 1281 221 2 0 425 52 2 342 0 135 0 0 0 105
765 8111 1359 1278 225 2 0 424 53 2 343 0 134 0 0 0 105
766 8117 1357 1275 223 2 0 425 52 2 343 0 134 0 0 0 106
767 8119 1355 1273 225 2 0 425 52 2 343 0 134 0 0 0 106
768 8119 1357 1275 221 2 0 425 52 2 343 0 134 0 0 0 106
769 8121 1356 1275 220 2 0 425 52 2 344 0 133 0 0 0 106
770 8112 1357 1278 225 2 0 424 53 2 345 0 132 0 0 0 106
771 8116 1356 1276 224 2 0 425 52 2 345 0 132 0 0 0 106
772 8120 1355 1273 224 2 0 425 52 2 343 0 134 0 0 0 106
773 8137 1346 1265 222 2 0 426 52 2 345 0 133 0 0 0 106
774 8139 1345 1264 222 2 0 427 51 2 346 0 132 0 0 0 106
775 8141 1344 1263 222 2 0 427 51 2 346 0 132 0 0 0 106
776 8142 1343 1261 222 2 0 428 51 2 346 0 133 0 0 0 106
777 8148 1340 1259 221 2 0 427 52 2 346 0 133 0 0 0 106
778 8157 1335 1255 221 2 0 427 52 2 347 0 132 0 0 0 106
779 8157 1336 1255 218 2 0 429 51 2 348 0 132 0 0 0 106
780 8158 1335 1255 217 2 0 428 52 2 348 0 132 0 0 0 107
781 8172 1329 1248 216 2 0 428 52 2 347 0 133 0 0 0 107
782 8174 1329 1247 213 2 0 430 51 2 348 0 133 0 0 0 107
783 8179 1328 1244 212 2 0 432 49 2 348 0 133 0 0 0 107
784 8179 1328 1243 209 2 0 433 50 2 348 0 135 0 0 0 107
785 8188 1327 1238 204 2 0 436 48 2 347 0 137 0 0 0 107
786 8189 1328 1238 202 2 0 436 48 2 346 0 138 0 0 0 107
787 8191 1325 1236 205 2 0 436 48 2 347 0 137 0 0 0 107
788 8192 1324 1235 206 2 0 436 48 2 347 0 137 0 0 0 107
789 8185 1325 1242 205 2 0 433 51 2 350 0 134 0 0 0 107
790 8167 1335 1252 203 2 0 432 52 2 349 0 135 0 0 0 107
791 8177 1330 1249 201 2 0 431 53 2 350 0 134 0 0 0 107
792 8179 1327 1249 202 2 0 429 55 2 351 0 133 0 0 0 107
793 8185 1324 1244 201 2 0 431 54 2 351 0 134 0 0 0 108
794 8185 1325 1247 197 2 0 429 56 2 351 0 134 0 0 0 108
795 8196 1318 1240 200 2 0 429 56 2 351 0 134 0 0 0 108
796 8197 1317 1238 202 2 0 430 55 2 351 0 134 0 0 0 108
797 8194 1318 1240 202 2 0 429 56 2 351 0 134 0 0 0 108
798 8208 1310 1234 202 2 0 429 56 2 353 0 132 0 0 0 108
799 8218 1304 1228 204 2 0 430 55 2 354 0 131 0 0 0 108
800 8218 1308 1231 197 2 0 431 54 2 354 0 131 0 0 0 108
801 8219 1307 1232 196 2 0 431 54 2 356 0 129 0 0 0 108
802 8223 1304 1231 196 3 0 429 55 2 357 1 127 0 0 0 108
803 8222 1305 1233 194 3 0 429 55 2 358 1 126 0 0 0 108
804 8231 1299 1229 194 3 0 429 55 2 360 1 124 0 0 0 109
805 8232 1300 1230 191 3 0 427 57 2 358 1 126 0 0 0 109
806 8249 1293 1224 187 3 0 428 56 2 360 1 124 0 0 0 109
807 8259 1287 1219 188 3 0 428 56 2 361 1 123 0 0 0 109
808 8270 1281 1215 187 3 0 427 57 2 362 1 122 0 0 0 109
809 8272 1279 1214 188 3 0 427 57 2 363 1 121 0 0 0 109
810 8277 1278 1213 185 3 0 427 57 2 363 1 121 0 0 0 109
811 8283 1273 1209 188 3 0 427 57 2 364 1 120 0 0 0 109
812 8295 1266 1203 189 3 0 427 57 2 365 1 119 0 0 0 109
813 8303 1262 1201 187 3 0 426 58 2 366 1 118 0 0 0 109
814 8319 1255 1194 185 3 0 426 58 2 366 1 118 0 0 0 109
815 8318 1253 1190 190 3 0 428 57 2 366 1 119 0 0 0 109
816 8323 1252 1186 189 3 0 430 55 2 365 1 120 0 0 0 110
817 8330 1248 1185 187 3 0 430 55 2 368 1 117 0 0 0 110
818 8320 1253 1190 187 3 0 430 55 2 368 1 117 0 0 0 110
819 8318 1254 1191 187 3 0 430 55 2 368 1 117 0 0 0 110
820 8322 1251 1188 189 3 0 431 54 2 369 1 116 0 0 0 110
821 8331 1247 1184 188 3 0 431 54 2 369 1 116 0 0 0 110
822 8338 1244 1180 188 3 0 432 53 2 369 1 116 0 0 0 110
823 8347 1239 1176 188 3 0 432 53 2 370 1 115 0 0 0 110
824 8348 1241 1176 185 3 0 433 52 2 369 1 116 0 0 0 110
825 8354 1236 1173 187 3 0 432 53 2 370 1 115 0 0 0 110
826 8357 1236 1172 185 3 0 432 53 2 369 1 116 0 0 0 110
827 8354 1238 1175 183 3 0 431 54 2 369 1 116 0 0 0 110
828 8355 1238 1176 181 3 0 431 54 2 370 1 115 0 0 0 110
829 8357 1237 1175 181 3 0 431 54 2 370 1 115 0 0 0 110
830 8358 1236 1174 182 3 0 431 54 2 370 1 115 0 0 0 110
831 8366 1234 1171 177 3 0 432 54 2 370 1 116 0 0 0 110
832 8381 1227 1165 175 3 0 431 55 2 370 1 116 0 0 0 110
833 8395 1220 1158 175 3 0 432 54 2 371 1 115 0 0 0 110
834 8405 1218 1154 171 3 0 432 54 2 369 1 117 0 0 0 110
835 8409 1217 1152 170 3 0 433 53 2 369 1 117 0 0 0 110
836 8407 1217 1153 171 3 0 433 53 2 370 1 116 0 0 0 110
837 8405 1218 1155 170 3 0 433 53 2 371 1 115 0 0 0 110
838 8399 1220 1157 172 3 0 433 53 2 371 1 115 0 0 0 110
839 8403 1217 1156 172 3 0 431 55 2 371 1 115 0 0 0 110
840 8418 1209 1147 174 3 0 431 55 2 370 1 116 0 0 0 110
841 8420 1209 1147 172 3 0 431 55 2 370 1 116 0 0 0 110
842 8423 1209 1148 168 3 0 431 55 2 371 1 115 0 0 0 110
843 8427 1207 1147 167 3 0 432 54 2 373 1 113 0 0 0 110
844 8424 1207 1147 170 3 0 432 54 2 373 1 113 0 0 0 110
845 8428 1202 1147 171 3 0 431 55 2 377 1 109 0 0 0 110
846 8448 1193 1137 168 3 0 431 56 2 376 1 111 0 0 0 110
847 8447 1193 1137 169 3 0 432 55 2 377 1 110 0 0 0 110
848 8449 1192 1136 169 3 0 432 55 2 377 1 110 0 0 0 110
849 8444 1195 1139 168 3 0 432 55 2 377 1 110 0 0 0 110
850 8453 1191 1134 168 3 0 433 54 2 377 1 110 0 0 0 110
851 8462 1187 1131 166 3 0 433 54 2 378 1 109 0 0 0 110
852 8465 1185 1131 165 3 0 433 54 2 380 1 107 0 0 0 110
853 8467 1186 1132 161 4 0 432 54 2 380 1 107 0 0 1 109
854 8482 1179 1126 157 4 0 433 54 2 382 1 106 0 0 1 109
855 8483 1176 1126 159 4 0 432 55 2 384 1 104 0 0 1 109
856 8492 1173 1122 157 4 0 432 55 2 383 1 105 0 0 1 109
857 8503 1168 1119 154 4 0 432 55 3 384 0 104 0 0 1 109
858 8515 1162 1114 153 4 0 432 55 3 385 0 103 0 0 1 109
859 8526 1157 1108 153 5 0 431 55 3 384 1 103 0 0 1 109
860 8531 1155 1104 154 5 0 431 55 3 382 1 105 0 0 1 109
861 8537 1154 1103 150 5 0 431 55 3 382 1 105 0 0 1 109
862 8559 1144 1094 147 5 0 431 55 3 383 1 104 0 0 1 109
863 8562 1142 1093 147 5 0 430 56 3 383 1 104 0 0 1 109
864 8560 1143 1095 146 5 0 430 56 3 384 1 103 0 0 1 109
865 8560 1144 1097 143 5 0 430 56 3 385 1 102 0 0 1 109
866 8561 1143 1097 143 5 0 430 56 3 386 1 101 0 0 1 109
867 8568 1141 1094 141 5 0 431 55 3 386 1 101 0 0 1 109
868 8567 1141 1093 142 5 0 432 54 3 386 1 101 0 0 1 110
869 8571 1138 1091 143 5 0 434 52 3 389 1 98 0 0 1 110
870 8578 1135 1088 142 5 0 434 52 3 389 1 98 0 0 1 110
871 8587 1129 1083 144 5 0 434 52 3 390 1 97 0 0 1 110
872 8595 1126 1078 144 5 0 436 50 3 390 1 97 0 0 1 110
873 8594 1125 1079 145 5 0 435 51 3 391 1 96 0 0 1 110
874 8598 1123 1081 141 5 0 434 52 3 394 1 93 0 0 1 110
875 8604 1121 1079 139 5 0 435 51 3 395 1 92 0 0 1 110
876 8618 1114 1072 139 5 0 435 51 3 395 1 92 0 0 1 110
877 8622 1111 1070 140 5 0 435 51 3 396 1 91 0 0 1 110
878 8629 1108 1066 140 5 0 436 50 3 396 1 91 0 0 1 110
879 8637 1104 1061 141 5 0 437 49 3 396 1 91 0 0 1 110
880 8648 1101 1057 137 5 0 439 47 3 397 1 90 0 0 1 110
881 8654 1098 1054 137 5 0 439 47 3 397 1 90 0 0 1 110
882 8663 1093 1051 136 5 0 438 48 3 398 1 89 0 0 1 110
883 8655 1096 1054 138 5 0 438 48 3 398 1 89 0 0 1 110
884 8661 1094 1053 135 5 0 438 48 3 399 1 88 0 0 1 110
885 8671 1089 1048 135 5 0 438 48 3 399 1 88 0 0 1 110
886 8670 1090 1048 135 5 0 439 47 3 399 1 88 0 0 1 110
887 8670 1090 1049 134 5 0 439 47 3 400 1 87 0 0 1 110
888 8667 1090 1050 136 5 0 439 47 3 401 1 86 0 0 1 110
889 8676 1087 1047 133 5 0 439 47 3 401 1 86 0 0 1 110
890 8684 1082 1042 134 5 0 440 46 3 402 1 85 0 0 1 111
891 8696 1075 1035 136 5 0 440 46 3 402 1 85 0 0 1 111
892 8696 1075 1035 136 5 0 439 47 3 401 1 86 0 0 1 111
893 8696 1074 1035 137 5 0 438 48 3 401 1 86 0 0 1 111
894 8694 1073 1032 141 5 0 440 47 3 401 1 87 0 0 1 111
895 8698 1071 1030 141 5 0 440 47 3 401 1 87 0 0 1 111
896 8708 1066 1025 141 5 0 440 47 3 401 1 87 0 0 1 111
897 8721 1060 1019 140 5 0 440 47 3 401 1 87 0 0 1 111
898 8711 1066 1025 138 5 0 440 47 3 401 1 87 0 0 1 111
899 8705 1068 1027 140 5 0 440 47 3 401 1 87 0 0 1 111
900 8707 1067 1026 140 5 0 440 47 3 401 1 87 0 0 1 111
901 8717 1062 1021 140 5 0 440 47 3 401 1 87 0 0 1 111
902 8729 1055 1015 139 5 0 441 47 3 403 1 86 0 0 1 111
903 8735 1051 1012 140 5 0 440 48 3 403 1 86 0 0 1 111
904 8751 1044 1004 139 5 0 441 47 3 403 1 86 0 0 1 111
905 8762 1038 998 140 5 0 441 47 3 403 1 86 0 0 1 111
906 8760 1039 999 138 5 0 442 47 3 404 1 86 0 0 1 111
907 8764 1038 999 135 5 0 441 48 3 404 1 86 0 0 1 111
908 8760 1037 1000 139 5 0 440 49 3 405 1 85 0 0 1 111
909 8764 1036 1001 135 5 0 440 49 3 407 1 83 0 0 1 111
910 8770 1033 998 135 5 0 440 49 3 407 1 83 0 0 1 111
911 8779 1028 994 135 5 0 440 49 3 408 1 82 0 0 1 111
912 8783 1028 994 131 5 0 440 49 3 408 1 82 0 0 1 111
913 8786 1028 995 127 5 0 440 49 3 409 1 81 0 0 1 111
914 8789 1028 994 125 5 0 440 49 3 408 1 82 0 0 1 111
915 8778 1033 1000 125 5 0 440 49 3 409 1 81 0 0 1 111
916 8791 1026 994 125 5 0 440 49 3 410 1 80 0 0 1 111
917 8799 1022 991 124 5 0 440 49 3 411 1 79 0 0 1 111
918 8809 1017 986 124 5 0 440 49 3 411 1 79 0 0 1 111
919 8819 1011 980 124 5 0 441 49 3 412 1 79 0 0 1 111
920 8820 1010 979 125 5 0 441 49 3 412 1 79 0 0 1 111
921 8813 1015 984 122 5 0 441 49 3 412 1 79 0 0 1 111
922 8822 1011 980 121 5 0 441 49 3 412 1 79 0 0 1 111
923 8829 1007 978 120 5 0 440 50 4 412 0 79 0 0 1 111
924 8826 1009 980 119 5 0 440 50 4 412 0 79 0 0 1 111
925 8834 1004 975 121 5 0 440 50 4 412 0 79 0 0 1 111
926 8833 1005 975 120 5 0 441 49 4 412 0 79 0 0 1 112
927 8834 1003 972 124 5 0 442 48 4 412 0 79 0 0 1 112
928 8841 999 968 125 5 0 441 49 4 411 0 80 0 0 1 112
929 8852 993 961 126 5 0 442 48 4 411 0 80 0 0 1 113
930 8854 993 961 124 6 0 441 48 5 410 0 80 0 0 1 113
931 8865 988 954 125 6 0 442 47 5 409 0 81 0 0 1 113
932 8877 981 949 125 6 0 440 49 5 409 0 81 0 0 1 113
933 8880 980 947 123 6 0 441 49 5 409 0 82 0 0 1 113
934 8887 977 944 122 6 0 441 49 5 409 0 82 0 0 1 113
935 8894 975 941 120 6 0 442 48 5 409 0 82 0 0 1 113
936 8891 975 941 123 6 0 442 48 5 409 0 82 0 0 1 113
937 8895 974 940 121 6 0 443 47 5 410 0 81 0 0 1 113
938 8892 975 942 121 6 0 442 48 5 410 0 81 0 0 1 113
939 8896 974 941 116 6 0 443 48 5 411 0 81 0 0 1 114
940 8893 976 942 116 6 0 444 47 5 411 0 81 0 0 1 114
941 8898 973 940 116 6 0 444 47 5 412 0 80 0 0 1 114
942 8905 969 937 116 6 0 444 47 5 413 0 79 0 0 1 114
943 8907 968 936 116 6 0 444 47 5 413 0 79 0 0 1 114
944 8905 970 938 114 6 0 444 47 5 413 0 79 0 0 1 114
945 8911 965 936 115 6 0 444 47 5 416 0 76 0 0 1 114
946 8909 968 938 112 6 0 445 46 5 416 0 76 0 0 1 114
947 8904 970 941 112 6 0 445 46 5 417 0 75 0 0 1 114
948 8916 964 936 111 6 0 445 46 5 418 0 74 0 0 1 114
949 8915 964 937 111 6 0 445 46 5 419 0 73 0 0 1 114
950 8911 964 937 115 6 0 445 46 5 419 0 73 0 0 1 114
951 8923 959 933 112 6 0 444 47 5 419 0 73 0 0 1 114
952 8927 958 932 110 6 0 444 47 5 419 0 73 0 0 1 114
953 8925 959 933 110 6 0 444 47 5 419 0 73 0 0 1 114
954 8932 956 930 109 6 0 444 47 5 419 0 73 0 0 1 114
955 8941 951 925 110 6 0 444 47 5 419 0 73 0 0 1 114
956 8945 948 923 111 6 0 443 48 5 419 0 73 0 0 1 114
957 8947 945 922 112 6 0 444 47 5 422 0 70 0 0 1 115
958 8948 944 922 112 6 0 443 48 5 422 0 70 0 0 1 115
959 8951 943 921 111 6 0 444 47 5 423 0 69 0 0 1 115
960 8954 942 920 110 6 0 444 47 5 423 0 69 0 0 1 115
961 8965 935 914 112 6 0 444 47 5 424 0 68 0 0 1 115
962 8979 928 907 112 6 0 444 47 5 424 0 68 0 0 1 115
963 8976 930 908 111 6 0 445 46 5 424 0 68 0 0 1 116
964 8978 930 908 109 6 0 445 46 5 424 0 68 0 0 1 116
965 8987 926 904 108 6 0 445 46 5 424 0 68 0 0 1 116
966 8992 922 903 108 6 0 444 47 5 426 0 66 0 0 1 116
967 8992 923 904 105 6 0 444 47 5 426 0 66 0 0 1 117
968 8991 923 905 105 6 0 444 47 5 427 0 65 0 0 1 117
969 8996 921 902 105 6 0 446 45 5 428 0 64 0 0 1 117
970 9014 913 894 103 6 0 447 44 5 429 0 63 0 0 1 117
971 9023 910 890 101 6 0 448 43 5 429 0 63 0 0 1 117
972 9030 907 887 100 6 0 449 42 5 430 0 62 0 0 1 117
973 9031 907 888 98 6 0 449 42 5 431 0 61 0 0 1 117
974 9042 903 884 95 6 0 449 42 5 431 0 61 0 0 1 117
975 9049 900 882 93 6 0 448 43 5 431 0 61 0 0 1 117
976 9053 898 881 92 6 0 448 43 5 432 0 60 0 0 1 117
977 9053 898 880 92 6 0 449 42 5 432 0 60 0 0 1 118
978 9064 893 873 93 6 0 450 41 5 431 0 61 0 0 1 118
979 9075 888 868 92 6 0 450 41 5 431 0 61 0 0 1 118
980 9081 884 864 93 6 0 449 42 5 430 0 62 0 0 1 119
981 9089 879 859 95 6 1 449 41 6 429 0 62 0 0 1 119
982 9094 876 857 95 6 1 448 42 6 429 0 62 0 0 1 119
983 9095 875 858 94 6 1 447 43 6 430 0 61 0 0 1 119
984 9093 876 859 94 6 1 447 43 6 430 0 61 0 0 1 119
985 9097 874 857 94 6 1 446 44 6 429 0 62 0 0 1 119
986 9102 873 854 93 6 1 448 42 6 429 0 62 0 0 1 119
987 9106 871 852 93 6 1 448 42 6 429 0 62 0 0 1 119
988 9107 871 852 92 6 1 448 42 6 429 0 62 0 0 1 119
989 9111 867 851 93 6 1 447 43 6 431 0 60 0 0 1 119
990 9112 867 852 91 6 1 446 44 6 431 0 60 0 0 1 119
991 9119 864 848 91 6 1 446 44 6 430 0 61 0 0 1 119
992 9122 862 847 91 6 1 445 45 6 430 0 61 0 0 1 119
993 9118 864 848 92 6 1 446 44 6 430 0 61 0 0 1 119
994 9117 864 849 92 6 1 446 44 6 431 0 60 0 0 1 119
995 9117 863 849 93 6 1 446 44 6 432 0 59 0 0 1 119
996 9120 861 847 94 6 1 446 44 6 432 0 59 0 0 1 119
997 9117 865 848 92 6 1 448 42 6 431 0 60 0 0 1 119
998 9126 861 846 89 6 1 447 43 6 432 0 59 0 0 1 119
999 9125 861 847 89 6 1 446 44 6 432 0 59 0 0 1 119
1000 9129 859 846 88 6 1 445 45 6 432 0 59 0 0 1 119
1001 9124 863 851 84 6 1 444 46 6 432 0 59 0 0 1 119
1002 9125 863 852 82 6 1 444 46 6 433 0 58 0 0 1 119
1003 9127 863 852 80 6 1 444 46 6 433 0 58 0 0 1 119
1004 9136 859 847 80 6 1 445 45 6 433 0 58 0 0 1 119
1005 9141 856 845 80 6 1 445 45 6 434 0 57 0 0 1 119
1006 9150 851 841 80 6 1 445 45 6 435 0 56 0 0 1 119
1007 9149 852 840 81 6 1 446 44 6 434 0 57 0 0 1 119
1008 9151 851 838 82 6 1 446 44 6 433 0 58 0 0 1 119
1009 9159 848 832 83 6 1 448 42 5 433 1 58 0 0 1 119
1010 9167 845 829 81 6 1 448 42 5 433 1 58 0 0 1 119
1011 9163 849 833 77 6 1 447 43 5 432 1 59 0 0 1 119
1012 9170 845 829 78 6 1 447 43 5 432 1 59 0 0 1 119
1013 9168 845 831 78 6 1 447 43 5 434 1 57 0 0 1 119
1014 9170 844 830 78 6 1 447 43 5 434 1 57 0 0 1 119
1015 9176 841 828 77 6 1 446 44 5 434 1 57 0 0 1 119
1016 9192 833 821 76 6 1 446 44 5 435 1 56 0 0 1 119
1017 9199 829 818 76 6 1 446 44 5 436 1 55 0 0 1 119
1018 9202 828 817 75 6 1 446 44 5 436 1 55 0 0 1 119
1019 9199 831 819 73 6 1 446 44 5 435 1 56 0 0 1 119
1020 9205 828 816 73 6 1 446 44 5 435 1 56 0 0 1 119
1021 9216 823 810 71 6 1 447 44 5 435 1 57 0 0 1 119
1022 9218 823 810 69 6 1 447 44 5 435 1 57 0 0 1 119
1023 9231 818 802 69 6 1 449 42 5 434 1 58 0 0 1 119
1024 9227 819 803 71 6 1 449 42 5 434 1 58 0 0 1 119
1025 9236 815 799 70 6 1 449 42 5 434 1 58 0 0 1 119
1026 9248 809 793 70 6 1 449 42 5 434 1 58 0 0 1 119
1027 9248 809 792 71 6 1 449 42 5 433 1 59 0 0 1 119
1028 9252 807 790 71 6 1 449 42 5 433 1 59 0 0 1 119
1029 9253 806 790 71 6 1 449 42 5 434 1 58 0 0 1 119
1030 9263 801 786 70 6 1 450 41 5 436 1 56 0 0 1 119
1031 9270 798 783 69 6 1 451 40 5 437 1 55 0 0 1 119
1032 9274 796 782 68 6 1 451 40 5 438 1 54 0 0 1 119
1033 9288 789 776 67 6 1 451 40 5 439 1 53 0 0 1 119
1034 9304 780 770 66 6 1 450 41 5 441 1 51 0 0 1 119
1035 9302 781 771 66 6 1 450 41 5 441 1 51 0 0 1 119
1036 9299 781 772 68 6 1 450 41 5 442 1 50 0 0 1 119
1037 9302 778 771 69 6 1 449 42 5 443 1 49 0 0 1 119
1038 9301 778 771 70 6 1 449 42 5 443 1 49 0 0 1 119
1039 9305 776 769 70 6 1 449 42 5 443 1 49 0 0 1 119
1040 9298 779 773 70 6 1 448 43 5 443 1 49 0 0 1 119
1041 9297 780 773 70 6 1 449 42 5 443 1 49 0 0 1 119
1042 9306 776 769 69 6 1 449 42 5 443 1 49 0 0 1 119
1043 9312 774 766 68 6 1 449 42 5 442 1 50 0 0 1 119
1044 9311 774 766 69 6 1 449 42 5 442 1 50 0 0 1 119
1045 9327 767 758 68 6 1 450 41 5 442 1 50 0 0 1 119
1046 9328 767 758 67 6 1 450 41 5 442 1 50 0 0 1 119
1047 9341 761 752 66 6 1 450 41 5 442 1 50 0 0 1 119
1048 9334 765 757 64 6 1 449 42 5 442 1 50 0 0 1 119
1049 9335 764 755 66 6 1 449 42 5 441 1 51 0 0 1 119
1050 9334 764 757 63 6 1 449 43 5 443 1 50 0 0 1 119
1051 9336 762 757 63 6 1 448 44 5 444 1 49 0 0 1 119
1052 9339 761 755 63 6 1 449 43 5 444 1 49 0 0 1 119
1053 9343 759 751 65 6 1 450 42 5 443 1 50 0 0 1 119
1054 9343 759 751 65 6 1 450 42 5 443 1 50 0 0 1 119
1055 9337 761 753 67 6 1 450 42 5 443 1 50 0 0 1 119
1056 9337 761 753 67 6 1 450 42 5 443 1 50 0 0 1 119
1057 9334 762 754 68 6 1 450 42 5 443 1 50 0 0 1 119
1058 9331 764 755 68 6 1 451 41 5 443 1 50 0 0 1 119
1059 9333 762 754 69 6 1 451 41 5 444 1 49 0 0 1 119
1060 9342 758 750 68 6 1 451 41 5 444 1 49 0 0 1 119
1061 9349 755 747 67 6 1 451 41 5 444 1 49 0 0 1 119
1062 9349 755 747 67 6 1 451 41 5 444 1 49 0 0 1 119
1063 9358 751 743 66 6 1 451 41 5 444 1 49 0 0 1 119
1064 9359 749 743 67 6 1 451 41 5 446 1 47 0 0 1 119
1065 9367 744 740 67 6 1 450 42 5 447 1 46 0 0 1 119
1066 9373 742 738 65 6 1 451 41 5 448 1 45 0 0 1 119
1067 9374 741 737 66 6 1 451 41 5 448 1 45 0 0 1 119
1068 9384 736 731 65 6 1 452 41 5 448 1 46 0 0 1 119
1069 9385 736 733 62 6 1 452 41 5 450 1 44 0 0 1 119
1070 9383 738 734 61 6 1 453 40 5 450 1 44 0 0 1 119
1071 9384 737 733 62 6 1 453 40 5 450 1 44 0 0 1 119
1072 9391 734 729 62 6 1 454 39 5 450 1 44 0 0 1 119
1073 9395 732 727 62 6 1 454 39 5 450 1 44 0 0 1 119
1074 9393 732 728 63 6 1 453 40 5 450 1 44 0 0 1 119
1075 9384 738 734 60 6 1 453 40 5 450 1 44 0 0 1 119
1076 9387 737 733 59 6 1 453 40 5 450 1 44 0 0 1 119
1077 9388 737 732 59 6 1 453 40 5 449 1 45 0 0 1 119
1078 9393 735 730 58 6 1 453 40 5 449 1 45 0 0 1 119
1079 9400 732 727 57 6 1 453 40 5 449 1 45 0 0 1 119
1080 9409 728 723 56 6 1 453 40 5 449 1 45 0 0 1 119
1081 9410 728 723 55 6 1 453 40 5 449 1 45 0 0 1 119
1082 9409 729 724 54 6 1 453 40 5 449 1 45 0 0 1 119
1083 9413 727 721 53 6 1 454 40 5 449 1 46 0 0 1 119
1084 9415 727 720 52 7 0 456 38 5 451 1 44 0 0 1 119
1085 9416 726 720 52 7 0 455 39 5 451 1 44 0 0 1 119
1086 9422 723 716 53 7 0 456 38 5 451 1 44 0 0 1 119
1087 9434 717 710 53 7 0 456 38 5 451 1 44 0 0 1 119
1088 9432 717 711 54 7 0 455 39 5 451 1 44 0 0 1 119
1089 9429 718 713 54 7 0 454 40 5 451 1 44 0 0 1 119
1090 9432 717 710 55 7 0 455 39 5 450 1 45 0 0 1 119
1091 9430 718 711 55 7 0 455 39 5 450 1 45 0 0 1 119
1092 9433 717 710 54 7 0 455 39 5 450 1 45 0 0 1 119
1093 9439 715 708 52 7 0 455 39 5 450 1 45 0 0 1 119
1094 9448 711 704 51 7 0 455 39 5 450 1 45 0 0 1 119
1095 9447 711 704 52 7 0 454 40 5 449 1 46 0 0 1 119
1096 9450 709 702 53 7 0 454 40 5 449 1 46 0 0 1 119
1097 9458 706 697 53 7 0 456 38 5 449 1 46 0 0 1 119
1098 9461 704 695 54 7 0 456 38 5 449 1 46 0 0 1 119
1099 9474 698 689 53 7 0 456 38 5 449 1 46 0 0 1 119
1100 9473 699 690 52 7 0 456 38 5 449 1 46 0 0 1 119
1101 9481 695 686 52 7 0 456 38 5 449 1 46 0 0 1 119
1102 9483 694 687 50 7 0 455 39 5 450 1 45 0 0 1 119
1103 9481 696 688 49 7 0 456 38 5 450 1 45 0 0 1 119
1104 9481 696 686 51 7 0 457 37 5 449 1 46 0 0 1 119
1105 9484 694 685 51 7 0 457 37 5 450 1 45 0 0 1 119
1106 9482 694 687 51 7 0 456 38 5 451 1 44 0 0 1 119
1107 9487 691 685 49 7 0 456 39 5 452 1 44 0 0 1 119
1108 9491 690 684 47 7 0 456 39 5 452 1 44 0 0 1 119
1109 9495 688 683 46 7 0 455 40 5 452 1 44 0 0 1 119
1110 9506 683 677 46 7 0 455 40 5 451 1 45 0 0 1 119
1111 9511 680 674 47 7 0 455 40 5 451 1 45 0 0 1 119
1112 9518 677 671 46 7 0 455 40 5 451 1 45 0 0 1 119
1113 9522 674 671 45 7 0 454 41 5 453 1 43 0 0 1 119
1114 9520 675 672 45 7 0 454 41 5 453 1 43 0 0 1 119
1115 9527 671 669 45 7 0 455 40 5 455 1 41 0 0 1 119
1116 9530 669 667 46 7 0 455 40 5 455 1 41 0 0 1 119
1117 9533 667 665 47 7 0 455 40 5 455 1 41 0 0 1 119
1118 9542 662 660 48 7 0 455 40 5 455 1 41 0 0 1 119
1119 9541 662 661 48 7 0 453 42 5 454 1 42 0 0 1 119
1120 9546 660 659 47 7 0 453 42 5 454 1 42 0 0 1 119
1121 9545 660 659 48 7 0 452 43 5 453 1 43 0 0 1 119
1122 9538 663 662 49 7 0 452 43 5 453 1 43 0 0 1 119
1123 9542 660 661 49 7 0 451 44 5 454 1 42 0 0 1 119
1124 9536 663 663 50 7 0 451 44 5 453 1 43 0 0 1 119
1125 9555 654 653 50 7 0 452 43 5 453 1 43 0 0 1 119
1126 9560 652 651 49 7 0 452 43 5 453 1 43 0 0 1 119
1127 9559 653 651 49 7 0 453 42 5 453 1 43 0 0 1 119
1128 9561 653 650 48 7 0 453 42 5 452 1 44 0 0 1 119
1129 9563 652 649 48 7 0 453 42 5 452 1 44 0 0 1 119
1130 9571 649 645 46 7 0 454 41 5 452 1 44 0 0 1 120
1131 9571 649 645 46 7 0 454 41 5 452 1 44 0 0 1 120
1132 9569 650 646 46 7 0 454 41 5 452 1 44 0 0 1 120
1133 9568 650 645 48 7 0 454 41 5 451 1 45 0 0 1 120
1134 9568 650 645 48 7 0 454 41 5 451 1 45 0 0 1 120
1135 9573 647 642 49 7 0 454 41 5 451 1 45 0 0 1 120
1136 9573 647 643 48 7 0 454 41 5 452 1 44 0 0 1 120
1137 9574 648 641 48 7 0 455 40 5 450 1 46 0 0 1 120
1138 9579 646 639 47 7 0 455 40 5 450 1 46 0 0 1 120
1139 9585 644 636 46 7 0 457 38 5 451 1 45 0 0 1 120
1140 9596 638 630 47 7 0 457 38 5 451 1 45 0 0 1 120
1141 9598 637 629 47 7 0 457 38 5 451 1 45 0 0 1 120
1142 9608 633 624 46 7 0 458 37 5 451 1 45 0 0 1 120
1143 9619 628 619 45 7 0 458 37 5 451 1 45 0 0 1 120
1144 9626 625 616 44 7 0 458 37 5 451 1 45 0 0 1 120
1145 9623 626 618 44 7 0 456 39 5 450 1 46 0 0 1 120
1146 9628 623 615 45 7 0 457 38 5 451 1 45 0 0 1 120
1147 9631 622 615 43 7 0 458 37 5 453 1 43 0 0 1 120
1148 9638 618 612 43 7 0 458 37 5 454 1 42 0 0 1 120
1149 9638 618 612 43 7 0 459 36 5 455 1 41 0 0 1 120
1150 9641 616 611 43 7 0 459 36 5 456 1 40 0 0 1 120
1151 9639 617 612 43 7 0 459 36 5 456 1 40 0 0 1 120
1152 9647 613 608 43 7 0 459 36 5 456 1 40 0 0 1 120
1153 9647 613 608 43 8 0 458 36 6 455 1 40 0 0 1 120
1154 9651 611 606 43 8 0 458 36 6 455 1 40 0 0 1 120
1155 9648 612 607 44 8 0 458 36 6 455 1 40 0 0 1 120
1156 9647 612 607 45 8 0 458 36 6 455 1 40 0 0 1 120
1157 9643 614 609 45 8 0 458 36 6 455 1 40 0 0 1 120
1158 9660 605 601 45 8 0 457 37 6 455 1 40 0 0 1 120
1159 9661 604 601 45 8 0 457 37 6 456 1 39 0 0 1 120
1160 9658 605 603 45 8 0 456 38 6 456 1 39 0 0 1 120
1161 9661 604 601 45 8 0 457 37 6 456 1 39 0 0 1 120
1162 9663 603 600 45 8 0 457 37 6 456 1 39 0 0 1 120
1163 9663 604 600 44 8 0 458 36 6 456 1 39 0 0 1 120
1164 9670 600 596 45 8 0 458 36 6 456 1 39 0 0 1 120
1165 9671 600 595 45 8 0 459 35 6 456 1 39 0 0 1 120
1166 9676 598 592 45 8 0 460 34 6 456 1 39 0 0 1 120
1167 9677 598 591 45 8 0 461 33 6 456 1 39 0 0 1 120
1168 9677 598 591 45 8 0 461 33 6 456 1 39 0 0 1 120
1169 9683 595 588 45 8 0 461 33 6 456 1 39 0 0 1 120
1170 9684 593 588 46 8 0 461 33 6 458 1 37 0 0 1 120
1171 9684 594 587 46 8 0 463 31 6 458 1 37 0 0 1 120
1172 9683 595 587 46 9 0 463 30 7 457 1 37 0 0 1 120
1173 9684 595 586 46 9 0 464 29 7 457 1 37 0 0 1 120
1174 9685 595 585 46 9 0 464 29 7 456 1 38 0 0 1 120
1175 9691 592 582 46 9 0 464 29 7 456 1 38 0 0 1 120
1176 9687 594 584 46 9 0 464 29 7 456 1 38 0 0 1 120
1177 9698 589 579 45 9 0 464 29 7 456 1 38 0 0 1 120
1178 9704 586 577 44 9 0 464 29 7 457 1 37 0 0 1 120
1179 9711 582 573 45 9 0 465 28 7 458 1 36 0 0 1 120
1180 9711 582 573 45 9 0 465 28 7 458 1 36 0 0 1 120
1181 9714 581 571 45 9 0 466 27 7 458 1 36 0 0 1 120
1182 9719 578 568 46 9 0 466 27 7 458 1 36 0 0 1 120
1183 9730 573 563 45 9 0 466 27 7 458 1 36 0 0 1 120
1184 9742 568 557 44 9 0 467 26 7 458 1 36 0 0 1 120
1185 9744 567 556 44 9 0 467 26 7 458 1 36 0 0 1 120
1186 9745 566 555 45 9 0 467 26 7 458 1 36 0 0 1 120
1187 9751 563 552 45 9 0 467 26 7 458 1 36 0 0 1 120
1188 9757 560 549 45 9 0 467 26 7 458 1 36 0 0 1 120
1189 9761 557 547 46 9 0 466 27 7 458 1 36 0 0 1 120
1190 9758 558 549 46 9 0 465 28 7 458 1 36 0 0 1 120
1191 9761 556 548 46 9 0 465 28 7 459 1 35 0 0 1 120
1192 9753 561 552 45 9 0 465 28 7 458 1 36 0 0 1 120
1193 9744 565 557 45 9 0 465 28 7 459 1 35 0 0 1 120
1194 9756 559 551 45 9 0 465 28 7 459 1 35 0 0 1 120
1195 9760 557 549 45 9 0 465 28 7 459 1 35 0 0 1 120
1196 9767 554 545 45 9 0 466 27 7 459 1 35 0 0 1 120
1197 9771 553 544 43 9 0 466 27 7 459 1 35 0 0 1 120
1198 9774 552 543 42 9 0 466 27 7 459 1 35 0 0 1 120
1199 9781 548 539 43 9 0 466 27 7 459 1 35 0 0 1 120
1200 9783 547 538 43 9 0 466 27 7 459 1 35 0 0 1 120
1201 9784 546 538 43 9 0 465 28 7 459 1 35 0 0 1 120
1202 9789 543 536 43 10 0 464 28 7 460 2 33 0 0 1 120
1203 9789 543 536 43 10 0 464 28 7 460 2 33 0 0 1 120
1204 9787 544 537 43 10 0 463 29 7 459 2 34 0 0 1 120
1205 9791 542 535 43 10 0 463 29 7 459 2 34 0 0 1 120
1206 9794 541 534 42 10 0 463 29 7 459 2 34 0 0 1 120
1207 9802 537 531 41 10 0 463 29 7 460 2 33 0 0 1 120
1208 9802 537 531 41 10 0 463 29 7 460 2 33 0 0 1 120
1209 9810 533 528 40 10 0 463 29 7 461 2 32 0 0 1 120
1210 9806 535 530 40 10 0 463 29 7 461 2 32 0 0 1 120
1211 9808 533 530 40 10 0 463 29 7 463 2 30 0 0 1 120
1212 9817 529 525 40 10 0 464 28 7 463 2 30 0 0 1 120
1213 9817 529 525 40 10 0 464 28 7 463 2 30 0 0 1 120
1214 9815 530 526 40 10 0 464 28 7 463 2 30 0 0 1 120
1215 9820 527 524 40 10 0 464 28 7 464 2 29 0 0 1 120
1216 9818 529 526 38 10 0 464 28 7 464 2 29 0 0 1 120
1217 9816 530 527 38 10 0 464 28 7 464 2 29 0 0 1 120
1218 9819 529 526 37 10 0 464 28 7 464 2 29 0 0 1 120
1219 9830 524 521 36 10 0 464 28 7 464 2 29 0 0 1 120
1220 9830 524 521 36 10 0 464 28 7 464 2 29 0 0 1 120
1221 9832 523 520 36 10 0 464 28 7 464 2 29 0 0 1 120
1222 9832 523 520 36 10 0 464 28 7 464 2 29 0 0 1 120
1223 9837 521 518 35 10 0 464 28 7 464 2 29 0 0 1 120
1224 9837 520 517 37 10 0 464 28 7 464 2 29 0 0 1 120
1225 9840 519 516 36 10 0 464 28 7 464 2 29 0 0 1 120
1226 9847 516 513 35 10 0 464 28 7 464 2 29 0 0 1 120
1227 9847 515 513 36 10 0 463 29 7 464 2 29 0 0 1 120
1228 9844 517 515 35 10 0 463 29 7 464 2 29 0 0 1 120
1229 9840 519 517 35 10 0 463 29 7 464 2 29 0 0 1 120
1230 9849 515 512 35 10 0 464 28 7 464 2 29 0 0 1 120
1231 9849 515 511 36 10 0 464 28 7 463 2 30 0 0 1 120
1232 9849 515 511 36 10 0 464 28 7 463 2 30 0 0 1 120
1233 9850 515 511 35 10 0 464 28 7 463 2 30 0 0 1 120
1234 9863 509 504 35 10 0 464 28 7 462 2 31 0 0 1 120
1235 9865 509 504 33 10 0 464 28 7 462 2 31 0 0 1 120
1236 9863 510 505 33 10 0 464 28 7 462 2 31 0 0 1 120
1237 9866 510 504 31 10 0 464 28 7 461 2 32 0 0 1 120
1238 9870 509 503 29 10 0 464 28 7 461 2 32 0 0 1 120
1239 9866 511 505 29 10 0 464 28 7 461 2 32 0 0 1 120
1240 9860 513 508 30 10 0 464 28 7 462 2 31 0 0 1 120
1241 9869 508 504 30 10 0 463 29 7 462 2 31 0 0 1 120
1242 9875 506 500 30 10 0 465 27 7 462 2 31 0 0 1 120
1243 9871 507 503 30 10 0 465 27 7 464 2 29 0 0 1 120
1244 9871 508 503 29 10 0 466 26 7 464 2 29 0 0 1 120
1245 9872 508 503 28 10 0 466 26 7 464 2 29 0 0 1 120
1246 9875 507 501 27 10 0 467 25 7 464 2 29 0 0 1 121
1247 9869 510 504 27 10 0 467 25 7 464 2 29 0 0 1 121
1248 9875 507 501 27 10 0 467 25 7 464 2 29 0 0 1 121
1249 9884 502 497 27 10 0 467 25 7 465 2 28 0 0 1 121
1250 9896 495 490 29 10 0 467 25 7 465 2 28 0 0 1 121
1251 9903 490 488 29 10 0 466 26 7 467 2 26 0 0 1 121
1252 9909 488 486 27 10 0 466 26 7 467 2 26 0 0 1 121
1253 9912 487 485 26 10 0 466 26 7 467 2 26 0 0 1 121
1254 9913 486 485 26 10 0 465 27 7 467 2 26 0 0 1 121
1255 9913 486 485 26 10 0 465 27 7 467 2 26 0 0 1 121
1256 9919 483 482 26 10 0 465 27 7 467 2 26 0 0 1 121
1257 9915 486 485 24 10 0 465 27 7 467 2 26 0 0 1 121
1258 9915 485 485 25 10 0 465 27 8 467 1 26 0 0 1 121
1259 9915 485 484 26 10 0 466 26 8 467 1 26 0 0 1 121
1260 9914 486 485 25 10 0 466 26 8 467 1 26 0 0 1 121
1261 9914 486 485 25 10 0 466 26 8 467 1 26 0 0 1 121
1262 9908 489 488 25 10 0 466 26 8 467 1 26 0 0 1 121
1263 9910 489 487 24 10 0 466 26 8 466 1 27 0 0 1 121
1264 9912 488 486 24 10 0 466 26 8 466 1 27 0 0 1 121
1265 9908 490 488 24 10 0 466 26 8 466 1 27 0 0 1 121
1266 9910 489 487 24 10 0 466 26 8 466 1 27 0 0 1 121
1267 9913 488 485 24 11 0 465 26 9 464 1 28 0 0 1 121
1268 9921 485 482 22 11 0 465 26 9 464 1 28 0 0 1 121
1269 9924 483 480 23 11 0 465 26 9 464 1 28 0 0 1 121
1270 9928 481 478 23 11 0 465 26 9 464 1 28 0 0 1 121
1271 9927 481 479 23 11 0 464 27 9 464 1 28 0 0 1 121
1272 9933 479 475 23 11 0 466 25 9 464 1 28 0 0 1 121
1273 9935 478 474 23 11 0 466 25 9 464 1 28 0 0 1 121
1274 9939 477 472 22 11 0 467 24 9 464 1 28 0 0 1 121
1275 9935 479 474 22 11 0 467 24 9 464 1 28 0 0 1 121
1276 9933 480 475 22 11 0 467 24 9 464 1 28 0 0 1 121
1277 9929 482 477 22 11 0 467 24 9 464 1 28 0 0 1 121
1278 9934 479 475 22 11 0 466 25 9 464 1 28 0 0 1 121
1279 9942 474 472 22 11 0 465 26 9 465 1 27 0 0 1 121
1280 9944 473 471 22 11 0 465 26 9 465 1 27 0 0 1 121
1281 9943 474 471 22 11 0 465 26 9 464 1 28 0 0 1 121
1282 9946 473 470 21 11 0 465 26 9 464 1 28 0 0 1 121
1283 9957 467 464 22 11 0 465 26 9 464 1 28 0 0 1 121
1284 9955 468 465 22 11 0 465 26 9 464 1 28 0 0 1 121
1285 9950 470 467 23 11 0 465 26 9 464 1 28 0 0 1 121
1286 9953 467 466 24 11 0 464 27 9 465 1 27 0 0 1 121
1287 9956 466 465 23 11 0 464 27 9 465 1 27 0 0 1 121
1288 9953 467 466 24 11 0 464 27 9 465 1 27 0 0 1 121
1289 9950 468 468 24 11 0 464 27 9 466 1 26 0 0 1 121
1290 9958 464 464 24 11 0 464 27 9 466 1 26 0 0 1 121
1291 9958 464 464 24 11 0 464 27 9 466 1 26 0 0 1 121
1292 9963 462 462 23 11 0 464 27 9 466 1 26 0 0 1 121
1293 9964 463 462 21 11 0 465 26 9 466 1 26 0 0 1 121
1294 9961 465 464 20 11 0 465 26 9 466 1 26 0 0 1 121
1295 9959 466 465 20 11 0 465 26 9 466 1 26 0 0 1 121
1296 9959 466 465 20 11 0 465 26 9 466 1 26 0 0 1 121
1297 9959 466 465 20 11 0 465 26 9 466 1 26 0 0 1 121
1298 9961 465 464 20 11 0 465 26 9 466 1 26 0 0 1 121
1299 9963 464 463 20 11 0 465 26 9 466 1 26 0 0 1 121
1300 9966 463 461 20 11 0 465 26 9 465 1 27 0 0 1 121
1301 9964 464 462 20 10 0 466 26 8 466 1 27 0 0 1 121
1302 9970 462 459 19 10 0 467 25 8 466 1 27 0 0 1 121
1303 9965 464 461 20 10 0 467 25 8 466 1 27 0 0 1 121
1304 9965 464 461 20 10 0 467 25 8 466 1 27 0 0 1 121
1305 9970 461 459 20 10 0 466 26 8 466 1 27 0 0 1 121
1306 9973 460 457 20 10 0 466 26 8 465 1 28 0 0 1 121
1307 9975 458 456 21 10 0 466 26 8 466 1 27 0 0 1 121
1308 9983 455 452 20 10 0 467 25 8 466 1 27 0 0 1 121
1309 9985 454 451 20 10 0 467 25 8 466 1 27 0 0 1 121
1310 9989 452 449 20 10 0 467 25 8 466 1 27 0 0 1 121
1311 9997 448 445 20 10 0 467 25 8 466 1 27 0 0 1 121
1312 10000 447 444 19 10 0 467 25 8 466 1 27 0 0 1 121
1313 9998 449 444 19 10 0 467 25 8 464 1 29 0 0 1 121
1314 9992 452 447 19 10 0 467 25 8 464 1 29 0 0 1 121
1315 9996 450 445 19 10 0 467 25 9 463 1 29 0 1 1 120
1316 10000 448 443 19 10 0 467 25 9 463 1 29 0 1 1 120
1317 10009 443 439 19 11 0 466 25 10 463 1 28 0 1 1 120
1318 10010 442 438 20 11 0 466 25 10 463 1 28 0 1 1 120
1319 10018 438 434 20 11 0 466 25 10 463 1 28 0 1 1 120
1320 10016 439 435 20 11 0 466 25 10 463 1 28 0 1 1 120
1321 10018 438 434 20 11 0 466 25 10 463 1 28 0 1 1 120
1322 10023 435 432 20 11 0 466 25 10 464 1 27 0 1 1 120
1323 10021 436 433 20 11 0 466 25 10 464 1 27 0 1 1 120
1324 10017 438 435 20 11 0 466 25 10 464 1 27 0 1 1 120
1325 10019 437 434 20 11 0 466 25 10 464 1 27 0 1 1 120
1326 10019 437 434 20 11 0 466 25 10 464 1 27 0 1 1 120
1327 10013 440 437 20 11 0 466 25 10 464 1 27 0 1 1 120
1328 10009 442 440 19 11 0 466 25 10 465 1 26 0 1 1 120
1329 10013 440 438 19 11 0 466 25 10 465 1 26 0 2 2 118
1330 10021 436 434 19 11 0 466 25 10 465 1 26 0 2 2 118
1331 10017 438 436 19 11 0 466 25 10 465 1 26 0 2 2 118
1332 10017 438 436 19 11 0 466 25 10 465 1 26 0 2 2 118
1333 10020 437 435 18 11 0 466 25 10 465 1 26 0 2 2 118
1334 10025 435 433 17 11 0 466 25 10 465 1 26 0 2 2 118
1335 10031 432 430 17 11 0 466 25 10 465 1 26 0 2 2 118
1336 10038 428 427 17 11 0 465 26 10 465 1 26 0 2 2 118
1337 10040 427 426 17 11 0 465 26 10 465 1 26 0 2 2 118
1338 10044 425 424 17 11 0 465 26 10 465 1 26 0 2 2 118
1339 10046 424 423 17 11 0 465 26 10 465 1 26 0 2 2 118
1340 10050 422 421 17 11 0 465 26 10 465 1 26 0 2 2 118
1341 10057 418 418 17 11 0 465 26 10 466 1 25 0 2 2 118
1342 10058 417 418 17 11 0 465 26 10 467 1 24 0 2 2 118
1343 10062 415 417 16 11 0 464 27 10 467 1 24 0 2 2 118
1344 10058 417 418 16 11 0 465 26 10 467 1 24 0 2 2 119
1345 10060 416 417 16 11 0 465 26 10 467 1 24 0 2 2 119
1346 10078 408 408 15 11 0 465 26 10 466 1 25 0 2 2 119
1347 10086 405 405 13 11 0 465 26 10 466 1 25 0 2 2 119
1348 10087 404 405 13 11 0 464 27 10 466 1 25 0 2 2 119
1349 10092 402 402 13 11 0 465 26 10 466 1 25 0 2 2 119
1350 10093 401 402 13 11 0 465 26 10 467 1 24 0 2 2 119
1351 10096 399 401 13 11 0 465 26 10 468 1 23 0 2 2 119
1352 10090 402 404 13 11 0 465 26 10 468 1 23 0 2 2 119
1353 10092 401 403 13 11 0 465 26 10 468 1 23 0 2 2 119
1354 10085 405 406 13 11 0 465 26 10 467 1 24 0 2 2 119
1355 10082 406 408 13 11 0 464 27 10 467 1 24 0 2 2 119
1356 10086 404 406 13 11 0 464 27 10 467 1 24 0 2 2 119
1357 10086 404 406 13 11 0 464 27 10 467 1 24 0 2 2 119
1358 10082 406 408 13 11 0 464 27 10 467 1 24 0 2 2 119
1359 10073 410 413 13 11 0 463 28 10 467 1 24 0 2 2 119
1360 10069 412 415 13 11 0 463 28 10 467 1 24 0 2 2 119
1361 10071 412 414 12 11 0 464 27 10 467 1 24 0 2 2 119
1362 10070 412 414 13 11 0 464 27 10 467 1 24 0 2 2 119
1363 10071 411 414 13 11 0 464 27 10 468 1 23 0 2 2 119
1364 10076 408 412 13 11 0 464 27 10 469 1 22 0 2 2 119
1365 10084 404 408 13 11 0 464 27 10 469 1 22 0 2 2 119
1366 10084 404 408 13 11 0 464 27 10 469 1 22 0 2 2 119
1367 10079 407 410 13 11 0 465 26 10 469 1 22 0 2 2 119
1368 10078 408 410 13 11 0 465 26 10 468 1 23 0 2 2 119
1369 10082 406 407 14 11 0 466 25 10 468 1 23 0 2 2 119
1370 10086 403 405 15 11 0 466 25 10 469 1 22 0 2 2 119
1371 10090 401 403 15 11 0 466 25 10 469 1 22 0 2 2 119
1372 10091 400 403 15 11 0 465 26 10 469 1 22 0 2 2 119
1373 10089 401 404 15 11 0 465 26 10 469 1 22 0 2 2 119
1374 10090 401 404 14 11 0 465 26 10 469 1 22 0 2 2 119
1375 10090 400 404 15 11 0 465 26 10 470 1 21 0 2 2 119
1376 10092 399 403 15 11 0 465 26 10 470 1 21 0 2 2 119
1377 10092 399 403 15 11 0 465 26 10 470 1 21 0 2 2 119
1378 10097 397 401 14 11 0 465 26 10 470 1 21 0 2 2 119
1379 10091 401 404 13 11 0 466 25 10 470 1 21 0 2 2 119
1380 10093 400 403 13 11 0 466 25 10 470 1 21 0 2 2 119
1381 10089 402 405 13 11 0 466 25 10 470 1 21 0 2 2 119
1382 10093 400 403 13 11 0 466 25 10 470 1 21 0 2 2 119
1383 10091 401 404 13 11 0 466 25 10 470 1 21 0 2 2 119
1384 10088 402 405 14 11 0 465 26 10 469 1 22 0 2 2 119
1385 10092 401 403 13 11 0 466 25 10 469 1 22 0 2 2 119
1386 10099 398 400 12 11 0 466 25 10 469 1 22 0 2 2 119
1387 10095 399 401 14 11 0 466 25 10 469 1 22 0 2 2 119
1388 10099 397 399 14 11 0 466 25 10 469 1 22 0 2 2 119
1389 10110 392 394 13 11 0 465 26 10 468 1 23 0 2 2 119
1390 10113 391 393 12 11 0 465 26 10 468 1 23 0 2 2 119
1391 10113 391 393 12 11 0 465 26 10 468 1 23 0 2 2 119
1392 10118 389 390 12 12 0 465 25 11 467 1 23 0 3 3 117
1393 10119 389 389 12 13 0 464 25 11 466 1 24 0 3 4 116
1394 10125 386 386 12 13 0 464 25 11 466 1 24 0 3 4 116
1395 10128 385 384 12 13 0 465 24 11 466 1 24 0 3 4 116
1396 10120 389 388 12 14 0 464 24 11 466 1 24 0 3 5 115
1397 10119 389 389 12 14 0 464 24 11 467 1 23 0 3 5 115
1398 10115 391 391 12 14 0 464 24 11 467 1 23 0 3 5 115
1399 10116 390 390 13 14 0 464 24 11 467 1 23 0 3 5 115
1400 10112 392 392 13 14 0 464 24 11 467 1 23 0 3 5 115
1401 10118 389 389 13 14 0 464 24 11 467 1 23 0 3 5 115
1402 10116 390 390 13 14 0 464 24 11 467 1 23 0 3 5 115
1403 10110 393 393 13 14 0 464 24 11 467 1 23 0 3 5 115
1404 10104 396 396 13 14 0 464 24 11 467 1 23 0 3 5 115
1405 10108 395 395 11 14 0 464 24 11 467 1 23 0 3 5 115
1406 10109 395 394 11 14 0 465 23 11 467 1 23 0 3 5 115
1407 10111 393 392 13 14 0 465 23 11 467 1 23 0 3 5 115
1408 10116 391 390 12 14 0 465 23 11 467 1 23 0 3 5 115
1409 10114 392 391 12 14 0 465 23 11 467 1 23 0 3 5 115
1410 10114 392 391 12 14 0 465 23 11 467 1 23 0 3 5 115
1411 10124 387 386 12 14 0 465 23 11 467 1 23 0 3 5 115
1412 10130 384 383 12 14 0 465 23 11 467 1 23 0 3 5 115
1413 10132 383 382 12 14 0 465 23 11 467 1 23 0 3 5 115
1414 10139 379 379 12 14 0 465 23 11 468 1 22 0 3 5 115
1415 10143 376 377 13 14 0 464 24 11 468 1 22 0 3 5 115
1416 10147 374 375 13 14 0 464 24 11 468 1 22 0 3 5 115
1417 10145 375 376 13 15 0 463 24 12 467 1 22 0 3 5 115
1418 10151 372 373 13 15 0 463 24 12 467 1 22 0 3 5 115
1419 10156 370 371 12 15 0 463 24 12 467 1 22 0 3 5 115
1420 10153 371 373 12 15 0 462 25 12 467 1 22 0 3 5 115
1421 10153 371 373 12 15 0 462 25 12 467 1 22 0 3 5 115
1422 10153 371 373 12 15 0 462 25 12 467 1 22 0 3 5 115
1423 10152 371 373 13 15 0 462 25 12 467 1 22 0 3 5 115
1424 10156 369 372 12 15 0 462 25 12 468 1 21 0 3 5 115
1425 10161 367 370 11 15 0 462 25 12 468 1 21 0 3 5 115
1426 10157 369 372 11 15 0 462 25 12 468 1 21 0 3 5 115
1427 10162 367 369 11 15 0 463 24 12 468 1 21 0 3 5 115
1428 10166 365 367 11 15 0 463 24 12 468 1 21 0 3 5 115
1429 10164 366 368 11 15 0 463 24 12 468 1 21 0 3 5 115
1430 10160 368 370 11 15 0 463 24 12 468 1 21 0 3 5 115
1431 10159 369 370 11 15 0 463 24 12 467 1 22 0 3 5 115
1432 10164 367 367 11 15 0 464 23 12 467 1 22 0 3 5 115
1433 10171 363 363 12 15 0 464 23 12 467 1 22 0 3 5 115
1434 10173 361 363 12 15 0 464 23 12 469 1 20 0 3 5 115
1435 10174 361 363 11 15 0 464 23 12 469 1 20 0 3 5 115
1436 10178 359 361 11 15 0 464 23 12 469 1 20 0 3 5 115
1437 10180 358 360 11 15 0 464 23 12 469 1 20 0 3 5 115
1438 10184 356 358 11 15 0 464 23 12 469 1 20 0 3 5 115
1439 10184 356 358 11 15 0 464 23 12 469 1 20 0 3 5 115
1440 10188 354 356 11 15 0 464 23 12 469 1 20 0 3 5 115
1441 10192 352 354 11 16 0 463 23 12 469 1 20 0 3 6 114
1442 10194 351 353 11 16 0 463 23 12 469 1 20 0 3 6 114
1443 10197 350 352 10 16 0 463 23 12 469 1 20 0 3 6 114
1444 10198 349 352 10 16 0 463 23 12 470 1 19 0 3 6 114
1445 10202 347 350 10 16 0 463 23 12 470 1 19 0 3 6 114
1446 10200 348 351 10 16 0 463 23 12 470 1 19 0 3 6 114
1447 10200 348 351 10 16 0 463 23 12 470 1 19 0 3 6 114
1448 10195 350 353 11 16 0 463 23 12 470 1 19 0 3 6 114
1449 10194 351 354 10 16 0 463 23 12 470 1 19 0 3 6 114
1450 10195 350 354 10 16 0 463 23 12 471 1 18 0 3 6 114
1451 10198 348 353 10 17 0 461 24 12 471 1 18 0 3 7 113
1452 10194 350 355 10 18 0 460 24 13 470 1 18 0 3 7 113
1453 10195 349 354 11 18 0 460 24 13 470 1 18 0 3 7 113
1454 10195 349 354 11 19 0 459 24 13 470 1 18 0 3 8 112
1455 10195 349 354 11 19 0 459 24 13 470 1 18 0 3 8 112
1456 10203 345 350 11 19 0 459 24 13 470 1 18 0 3 8 112
1457 10201 346 351 11 19 0 459 24 13 470 1 18 0 3 8 112
1458 10205 344 349 11 19 0 459 24 13 470 1 18 0 3 8 112
1459 10209 342 347 11 19 0 459 24 13 470 1 18 0 3 8 112
1460 10211 341 346 11 19 0 459 24 13 470 1 18 0 3 8 112
1461 10212 341 345 11 19 0 460 23 13 470 1 18 0 3 8 112
1462 10217 339 343 10 19 0 460 23 14 469 1 18 0 4 8 111
1463 10217 339 343 10 19 0 460 23 14 469 1 18 0 4 8 111
1464 10219 338 342 10 19 0 460 23 14 469 1 18 0 4 8 111
1465 10216 340 343 10 19 0 461 22 14 469 1 18 0 4 8 111
1466 10214 341 344 10 19 0 461 22 14 469 1 18 0 4 8 111
1467 10216 340 342 10 19 0 462 21 14 469 1 18 0 4 8 112
1468 10216 340 342 10 19 0 462 21 14 469 1 18 0 4 8 112
1469 10220 338 340 10 19 0 462 21 14 469 1 18 0 4 8 112
1470 10220 338 340 10 19 0 462 21 14 469 1 18 0 4 8 112
1471 10217 340 342 9 19 0 462 21 14 469 1 18 0 4 8 112
1472 10217 340 342 9 19 0 462 21 14 469 1 18 0 4 8 112
1473 10217 340 342 9 19 0 462 21 14 469 1 18 0 4 8 112
1474 10216 341 342 9 19 0 463 20 14 469 1 18 0 4 8 112
1475 10225 337 338 8 19 0 463 20 14 469 1 18 0 4 8 112
1476 10227 336 337 8 19 0 463 20 14 469 1 18 0 4 8 112
1477 10229 335 336 8 19 0 463 20 14 469 1 18 0 4 8 112
1478 10231 334 335 8 19 0 463 20 14 469 1 18 0 4 8 112
1479 10227 336 337 8 19 0 463 20 14 469 1 18 0 4 8 112
1480 10230 334 336 8 19 0 463 20 15 469 0 18 0 4 8 112
1481 10230 334 336 8 20 0 462 20 15 469 0 18 0 4 9 111
1482 10232 333 335 8 20 0 462 20 15 469 0 18 0 4 9 111
1483 10233 332 334 9 20 0 462 20 15 469 0 18 0 4 9 111
1484 10225 336 338 9 20 0 462 20 15 469 0 18 0 4 9 111
1485 10221 338 340 9 20 0 462 20 15 469 0 18 0 4 9 111
1486 10224 336 338 10 20 0 462 20 15 469 0 18 0 4 9 111
1487 10224 336 338 10 20 0 462 20 15 469 0 18 0 4 9 111
1488 10226 335 337 10 20 0 462 20 15 469 0 18 0 4 9 111
1489 10228 334 336 10 20 0 462 20 15 469 0 18 0 4 9 111
1490 10230 333 335 10 20 0 462 20 15 469 0 18 0 4 9 111
1491 10228 334 336 10 20 0 462 20 15 469 0 18 0 4 9 111
1492 10229 333 336 10 20 0 462 20 15 470 0 17 0 4 9 111
1493 10227 334 336 11 20 0 463 19 15 470 0 17 0 4 9 111
1494 10229 333 335 11 20 0 463 19 15 470 0 17 0 4 9 111
1495 10230 332 334 12 20 0 463 19 15 470 0 17 0 4 9 111
1496 10234 330 332 12 20 0 463 19 15 470 0 17 0 4 9 111
1497 10236 329 331 12 20 0 463 19 15 470 0 17 0 4 9 111
1498 10241 326 329 12 20 0 463 19 15 471 0 16 0 4 9 111
1499 10240 326 330 12 20 0 463 19 15 472 0 15 0 4 9 111
1500 10234 329 333 12 20 0 463 19 15 472 0 15 0 4 9 111
