0 1979 195 0 0 0 0 0 0 0 0 0 0 0 0 0 0
1 11644 196 196 0 0 0 0 0 0 0 0 0 0 0 0 0
2 11644 196 196 0 0 0 0 0 0 0 0 0 0 0 0 0
3 11646 195 195 0 0 0 0 0 0 0 0 0 0 0 0 0
4 11646 195 195 0 0 0 0 0 0 0 0 0 0 0 0 0
5 11646 195 195 0 0 0 0 0 0 0 0 0 0 0 0 0
6 11646 195 195 0 0 0 0 0 0 0 0 0 0 0 0 0
7 11640 198 198 0 0 0 0 0 0 0 0 0 0 0 0 0
8 11636 200 200 0 0 0 0 0 0 0 0 0 0 0 0 0
9 11640 198 198 0 0 0 0 0 0 0 0 0 0 0 0 0
10 11634 201 201 0 0 0 0 0 0 0 0 0 0 0 0 0
11 11634 201 201 0 0 0 0 0 0 0 0 0 0 0 0 0
12 11636 200 200 0 0 0 0 0 0 0 0 0 0 0 0 0
13 11636 200 200 0 0 0 0 0 0 0 0 0 0 0 0 0
14 11634 201 201 0 0 0 0 0 0 0 0 0 0 0 0 0
15 11630 203 203 0 0 0 0 0 0 0 0 0 0 0 0 0
16 11630 203 203 0 0 0 0 0 0 0 0 0 0 0 0 0
17 11630 203 203 0 0 0 0 0 0 0 0 0 0 0 0 0
18 11636 200 200 0 0 0 0 0 0 0 0 0 0 0 0 0
19 11636 200 200 0 0 0 0 0 0 0 0 0 0 0 0 0
20 11636 200 200 0 0 0 0 0 0 0 0 0 0 0 0 0
21 11636 200 200 0 0 0 0 0 0 0 0 0 0 0 0 0
22 11632 202 202 0 0 0 0 0 0 0 0 0 0 0 0 0
23 11632 202 202 0 0 0 0 0 0 0 0 0 0 0 0 0
24 11626 205 205 0 0 0 0 0 0 0 0 0 0 0 0 0
25 11622 207 207 0 0 0 0 0 0 0 0 0 0 0 0 0
26 11620 208 208 0 0 0 0 0 0 0 0 0 0 0 0 0
27 11620 208 208 0 0 0 0 0 0 0 0 0 0 0 0 0
28 11620 208 208 0 0 0 0 0 0 0 0 0 0 0 0 0
29 11622 207 207 0 0 0 0 0 0 0 0 0 0 0 0 0
30 11614 211 211 0 0 0 0 0 0 0 0 0 0 0 0 0
31 11616 210 210 0 0 0 0 0 0 0 0 0 0 0 0 0
32 11614 211 211 0 0 0 0 0 0 0 0 0 0 0 0 0
33 11604 216 216 0 0 0 0 0 0 0 0 0 0 0 0 0
34 11600 218 218 0 0 0 0 0 0 0 0 0 0 0 0 0
35 11596 220 220 0 0 0 0 0 0 0 0 0 0 0 0 0
36 11592 222 222 0 0 0 0 0 0 0 0 0 0 0 0 0
37 11586 225 225 0 0 0 0 0 0 0 0 0 0 0 0 0
38 11574 231 231 0 0 0 0 0 0 0 0 0 0 0 0 0
39 11570 233 233 0 0 0 0 0 0 0 0 0 0 0 0 0
40 11570 233 233 0 0 0 0 0 0 0 0 0 0 0 0 0
41 11570 233 233 0 0 0 0 0 0 0 0 0 0 0 0 0
42 11564 236 236 0 0 0 0 0 0 0 0 0 0 0 0 0
43 11564 236 236 0 0 0 0 0 0 0 0 0 0 0 0 0
44 11562 237 237 0 0 0 0 0 0 0 0 0 0 0 0 0
45 11560 238 238 0 0 0 0 0 0 0 0 0 0 0 0 0
46 11554 241 241 0 0 0 0 0 0 0 0 0 0 0 0 0
47 11544 246 246 0 0 0 0 0 0 0 0 0 0 0 0 0
48 11535 250 250 1 0 0 0 0 0 0 0 0 0 0 0 0
49 11516 259 259 2 0 0 0 0 0 0 0 0 0 0 0 0
50 11489 272 272 3 0 0 0 0 0 0 0 0 0 0 0 0
51 11489 272 272 3 0 0 0 0 0 0 0 0 0 0 0 0
52 11473 280 280 3 0 0 0 0 0 0 0 0 0 0 0 0
53 11463 285 285 3 0 0 0 0 0 0 0 0 0 0 0 0
54 11447 293 293 3 0 0 0 0 0 0 0 0 0 0 0 0
55 11436 298 298 4 0 0 0 0 0 0 0 0 0 0 0 0
56 11422 304 304 6 0 0 0 0 0 0 0 0 0 0 0 0
57 11418 306 306 6 0 0 0 0 0 0 0 0 0 0 0 0
58 11412 309 309 6 0 0 0 0 0 0 0 0 0 0 0 0
59 11392 319 319 6 0 0 0 0 0 0 0 0 0 0 0 0
60 11384 323 323 6 0 0 0 0 0 0 0 0 0 0 0 0
61 11374 328 328 6 0 0 0 0 0 0 0 0 0 0 0 0
62 11363 333 333 7 0 0 0 0 0 0 0 0 0 0 0 0
63 11359 335 335 7 0 0 0 0 0 0 0 0 0 0 0 0
64 11338 345 345 8 0 0 0 0 0 0 0 0 0 0 0 0
65 11325 351 351 9 0 0 0 0 0 0 0 0 0 0 0 0
66 11298 364 364 10 0 0 0 0 0 0 0 0 0 0 0 0
67 11270 378 378 10 0 0 0 0 0 0 0 0 0 0 0 0
68 11248 387 387 14 0 0 0 0 0 0 0 0 0 0 0 0
69 11236 393 393 14 0 0 0 0 0 0 0 0 0 0 0 0
70 11223 399 399 15 0 0 0 0 0 0 0 0 0 0 0 0
71 11214 404 404 14 0 0 0 0 0 0 0 0 0 0 0 0
72 11204 409 409 14 0 0 0 0 0 0 0 0 0 0 0 0
73 11190 416 416 14 0 0 0 0 0 0 0 0 0 0 0 0
74 11187 417 417 15 0 0 0 0 0 0 0 0 0 0 0 0
75 11173 424 424 15 0 0 0 0 0 0 0 0 0 0 0 0
76 11150 435 435 16 0 0 0 0 0 0 0 0 0 0 0 0
77 11126 447 447 16 0 0 0 0 0 0 0 0 0 0 0 0
78 11117 451 451 17 0 0 0 0 0 0 0 0 0 0 0 0
79 11100 459 459 18 0 0 0 0 0 0 0 0 0 0 0 0
80 11067 475 475 19 0 0 0 0 0 0 0 0 0 0 0 0
81 11062 477 477 20 0 0 0 0 0 0 0 0 0 0 0 0
82 11049 483 483 21 0 0 0 0 0 0 0 0 0 0 0 0
83 11026 494 493 21 0 0 1 0 0 0 0 1 0 0 0 0
84 11008 502 500 22 0 0 2 0 0 0 0 2 0 0 0 0
85 10979 516 514 23 0 0 2 0 0 0 0 2 0 0 0 0
86 10963 524 522 23 0 0 2 0 0 0 0 2 0 0 0 0
87 10947 532 530 23 0 0 2 0 0 0 0 2 0 0 0 0
88 10943 534 532 23 0 0 2 0 0 0 0 2 0 0 0 0
89 10926 543 541 22 0 0 2 0 0 0 0 2 0 0 0 0
90 10899 556 554 23 0 0 2 0 0 0 0 2 0 0 0 0
91 10889 561 559 23 0 0 2 0 0 0 0 2 0 0 0 0
92 10870 571 569 22 0 0 2 0 0 0 0 2 0 0 0 0
93 10848 581 579 24 0 0 2 0 0 0 0 2 0 0 0 0
94 10829 590 588 25 0 0 2 0 0 0 0 2 0 0 0 0
95 10828 590 588 26 0 0 2 0 0 0 0 2 0 0 0 0
96 10814 597 595 26 0 0 2 0 0 0 0 2 0 0 0 0
97 10804 601 599 28 0 0 2 0 0 0 0 2 0 0 0 0
98 10770 618 616 28 0 0 2 0 0 0 0 2 0 0 0 0
99 10760 623 621 28 0 0 2 0 0 0 0 2 0 0 0 0
100 10743 631 629 29 0 0 2 0 0 0 0 2 0 0 0 0
101 10735 635 633 29 0 0 2 0 0 0 0 2 0 0 0 0
102 10712 646 644 30 0 0 2 0 0 0 0 2 0 0 0 0
103 10697 652 650 33 0 0 2 0 0 0 0 2 0 0 0 0
104 10685 659 657 31 0 0 2 0 0 0 0 2 0 0 0 0
105 10673 664 662 33 0 0 2 0 0 0 0 2 0 0 0 0
106 10669 665 662 34 0 0 3 0 0 0 0 3 0 0 0 0
107 10658 670 666 34 0 0 4 0 0 0 0 4 0 0 0 0
108 10643 677 673 35 0 0 4 0 0 0 0 4 0 0 0 0
109 10639 679 675 35 0 0 4 0 0 0 0 4 0 0 0 0
110 10625 686 682 35 0 0 4 0 0 0 0 4 0 0 0 0
111 10625 686 681 34 0 0 5 0 0 0 0 5 0 0 0 0
112 10612 693 688 33 0 0 5 0 0 0 0 5 0 0 0 0
113 10597 699 693 35 0 0 6 0 0 0 0 6 0 0 0 0
114 10581 705 699 39 0 0 6 0 0 0 0 6 0 0 0 0
115 10568 711 705 40 0 0 6 0 0 0 0 6 0 0 0 0
116 10556 717 711 40 0 0 6 0 0 0 0 6 0 0 0 0
117 10547 721 715 41 0 0 6 0 0 0 0 6 0 0 0 0
118 10549 720 714 41 0 0 6 0 0 0 0 6 0 0 0 0
119 10547 721 715 41 0 0 6 0 0 0 0 6 0 0 0 0
120 10541 724 718 41 0 0 6 0 0 0 0 6 0 0 0 0
121 10531 729 723 41 0 0 6 0 0 0 0 6 0 0 0 0
122 10522 733 727 42 0 0 6 0 0 0 0 6 0 0 0 0
123 10503 742 736 43 0 0 6 0 0 0 0 6 0 0 0 0
124 10499 744 738 43 0 0 6 0 0 0 0 6 0 0 0 0
125 10485 750 744 45 0 0 6 0 0 0 0 6 0 0 0 0
126 10465 760 754 45 0 0 6 0 0 0 0 6 0 0 0 0
127 10454 765 758 45 0 0 7 0 0 0 0 7 0 0 0 0
128 10446 768 762 46 0 0 7 0 0 1 0 6 0 0 0 0
129 10424 779 773 46 0 0 7 0 0 1 0 6 0 0 0 0
130 10409 788 782 43 0 0 7 0 0 1 0 6 0 0 0 0
131 10381 801 795 45 0 0 7 0 0 1 0 6 0 0 0 0
132 10370 806 800 46 0 0 7 0 0 1 0 6 0 0 0 0
133 10360 811 806 45 0 0 6 1 0 1 0 6 0 0 0 0
134 10352 815 810 45 0 0 6 1 0 1 0 6 0 0 0 0
135 10329 827 822 44 0 0 6 1 0 1 0 6 0 0 0 0
136 10314 834 828 44 0 0 7 1 0 1 0 7 0 0 0 0
137 10292 844 838 46 0 0 7 1 0 1 0 7 0 0 0 0
138 10289 845 839 47 0 0 7 1 0 1 0 7 0 0 0 0
139 10283 848 842 47 0 0 7 1 0 1 0 7 0 0 0 0
140 10253 861 854 50 0 0 8 1 0 1 0 8 0 0 0 0
141 10219 877 869 51 0 0 9 1 0 1 0 9 0 0 0 0
142 10193 889 882 52 0 0 9 1 0 2 0 8 0 0 0 0
143 10169 900 893 54 0 0 9 1 0 2 0 8 0 0 0 0
144 10146 911 904 55 0 0 9 1 0 2 0 8 0 0 0 0
145 10115 926 919 56 0 0 9 1 0 2 0 8 0 0 0 0
146 10083 940 932 59 0 0 10 1 0 2 0 9 0 0 0 0
147 10072 945 937 60 0 0 10 1 0 2 0 9 0 0 0 0
148 10055 953 945 61 0 0 10 1 0 2 0 9 0 0 0 0
149 10038 961 953 62 0 0 10 1 0 2 0 9 0 0 0 0
150 10016 972 964 62 0 0 10 1 0 2 0 9 0 0 0 0
151 9998 980 969 61 0 0 13 1 0 2 0 12 0 0 0 0
152 9985 985 973 63 0 0 14 1 0 2 0 13 0 0 0 0
153 9982 986 974 64 0 0 14 1 0 2 0 13 0 0 0 0
154 9965 994 982 65 0 0 14 1 0 2 0 13 0 0 0 0
155 9944 1003 991 68 0 0 14 1 0 2 0 13 0 0 0 0
156 9910 1019 1007 70 0 0 14 1 0 2 0 13 0 0 0 0
157 9887 1030 1018 71 0 0 14 1 0 2 0 13 0 0 0 0
158 9868 1039 1027 72 0 0 14 1 0 2 0 13 0 0 0 0
159 9841 1051 1039 74 0 0 14 1 0 2 0 13 0 0 0 1
160 9823 1059 1047 76 0 0 14 1 0 2 0 13 0 0 0 1
161 9795 1072 1060 78 0 0 14 1 0 2 0 13 0 0 0 1
162 9765 1085 1073 82 0 0 14 1 0 2 0 13 0 0 0 1
163 9735 1098 1086 86 0 0 14 1 0 2 0 13 0 0 0 1
164 9701 1113 1101 90 0 0 14 1 0 2 0 13 0 0 0 1
165 9675 1123 1111 96 0 0 14 1 0 2 0 13 0 0 0 1
166 9645 1135 1123 102 0 0 14 1 0 2 0 13 0 0 0 1
167 9641 1135 1122 105 0 0 15 1 0 2 0 14 0 0 0 1
168 9617 1145 1131 108 0 0 16 1 0 2 0 15 0 0 0 1
169 9578 1162 1148 113 0 0 16 1 0 2 0 15 0 0 0 1
170 9566 1168 1154 111 0 0 16 2 0 2 0 16 0 0 0 1
171 9537 1180 1166 116 0 0 16 2 0 2 0 16 0 0 0 1
172 9510 1193 1177 115 0 0 18 2 0 2 0 18 0 0 0 1
173 9489 1201 1184 119 0 0 19 2 0 2 0 19 0 0 0 1
174 9475 1206 1188 122 0 0 20 2 0 2 0 20 0 0 0 1
175 9459 1212 1193 125 0 0 21 2 0 2 0 21 0 0 0 1
176 9441 1221 1202 125 0 0 21 2 0 2 0 21 0 0 0 1
177 9431 1225 1205 126 0 0 22 2 0 2 0 22 0 0 0 1
178 9399 1241 1221 126 0 0 22 2 0 2 0 22 0 0 0 1
179 9382 1247 1225 129 0 0 24 2 0 2 0 24 0 0 0 1
180 9347 1262 1240 134 0 0 24 2 0 2 0 24 0 0 0 1
181 9333 1267 1245 138 0 0 24 2 0 2 0 24 0 0 0 1
182 9327 1269 1247 140 0 0 24 2 0 2 0 24 0 0 0 1
183 9306 1280 1257 138 0 0 25 2 0 2 0 25 0 0 0 1
184 9286 1289 1266 140 0 0 25 2 0 2 0 25 0 0 0 1
185 9280 1292 1269 140 0 0 25 2 0 2 0 25 0 0 0 1
186 9261 1299 1276 145 0 0 25 2 0 2 0 25 0 0 0 1
187 9246 1307 1284 144 0 0 25 2 0 2 0 25 0 0 0 1
188 9236 1312 1288 143 0 0 26 2 0 2 0 26 0 0 0 1
189 9219 1320 1297 143 0 0 26 2 0 3 0 25 0 0 0 1
190 9202 1328 1305 144 0 0 26 2 0 3 0 25 0 0 0 1
191 9188 1335 1312 144 0 0 26 2 0 3 0 25 0 0 0 1
192 9165 1345 1322 145 0 0 26 3 0 3 0 26 0 0 0 1
193 9159 1346 1323 149 0 0 26 3 0 3 0 26 0 0 0 1
194 9158 1345 1321 151 0 0 27 3 0 3 0 27 0 0 0 1
195 9155 1347 1321 148 0 0 29 3 0 3 0 29 0 0 0 1
196 9151 1350 1323 145 0 0 30 3 0 3 0 30 0 0 0 1
197 9153 1348 1321 147 0 0 30 3 0 3 0 30 0 0 0 1
198 9148 1347 1320 152 0 0 31 3 0 4 0 30 0 0 0 1
199 9140 1350 1324 153 0 0 31 3 0 5 0 29 0 0 0 1
200 9145 1345 1318 157 0 0 32 3 0 5 0 30 0 0 0 1
201 9127 1352 1324 160 0 0 33 3 0 5 0 31 0 0 0 1
202 9125 1350 1320 164 0 0 35 3 0 5 0 33 0 0 0 1
203 9115 1355 1325 164 0 0 35 3 0 5 0 33 0 0 0 1
204 9096 1365 1335 163 0 0 35 3 0 5 0 33 0 0 0 1
205 9094 1365 1334 164 0 0 36 3 0 5 0 34 0 0 0 1
206 9071 1377 1345 162 0 0 37 3 0 5 0 35 0 0 0 1
207 9057 1383 1349 162 0 0 39 3 0 5 0 37 0 0 0 1
208 9056 1384 1349 160 0 0 40 3 0 5 0 38 0 0 0 1
209 9069 1377 1343 160 0 0 40 3 0 6 0 37 0 0 0 1
210 9064 1379 1347 159 0 0 40 3 0 8 0 35 0 0 0 1
211 9051 1384 1353 161 0 0 40 3 0 9 0 34 0 0 0 1
212 9031 1393 1362 163 0 0 40 3 0 9 0 34 0 0 0 1
213 9014 1402 1370 163 0 0 41 2 0 9 0 34 0 0 0 1
214 9005 1407 1375 162 0 0 41 2 0 9 0 34 0 0 0 1
215 9007 1405 1372 163 0 0 42 2 0 9 0 35 0 0 0 1
216 9010 1404 1371 162 0 0 42 2 0 9 0 35 0 0 0 1
217 9020 1400 1367 158 0 0 42 3 0 9 0 36 0 0 0 1
218 9019 1399 1365 160 0 0 43 3 0 9 0 37 0 0 0 1
219 9017 1399 1364 161 0 0 44 3 0 9 0 38 0 0 0 1
220 9015 1400 1365 161 0 0 44 3 0 9 0 38 0 0 0 1
221 9016 1401 1367 155 0 0 44 4 0 10 0 38 0 0 0 1
222 9010 1403 1370 156 0 0 43 5 0 10 0 38 0 0 0 1
223 9015 1399 1367 158 0 0 43 5 0 11 0 37 0 0 0 1
224 9007 1403 1371 158 0 0 43 5 0 11 0 37 0 0 0 1
225 9007 1403 1371 156 0 0 43 6 0 11 0 38 0 0 0 1
226 9008 1402 1369 156 0 0 44 6 0 11 0 39 0 0 0 1
227 9006 1402 1369 158 0 0 44 6 0 11 0 39 0 0 0 1
228 9001 1404 1367 157 0 0 48 5 0 11 0 42 0 0 0 1
229 8998 1407 1369 153 0 0 49 5 0 11 0 43 0 0 0 1
230 8989 1410 1371 155 0 0 50 5 0 11 0 44 0 0 0 1
231 8979 1412 1373 161 0 0 50 5 0 11 0 44 0 0 0 1
232 8963 1416 1377 169 0 0 50 5 0 11 0 44 0 0 0 1
233 8967 1414 1375 169 0 0 50 5 0 11 0 44 0 0 0 1
234 8947 1421 1382 175 0 0 50 5 0 11 0 44 0 0 0 1
235 8950 1417 1378 178 0 0 50 6 0 11 0 45 0 0 0 1
236 8942 1421 1382 178 0 0 50 6 0 11 0 45 0 0 0 1
237 8923 1428 1390 182 0 0 49 7 0 11 0 45 0 0 0 1
238 8905 1435 1397 186 0 0 49 7 0 11 0 45 0 0 0 1
239 8898 1438 1401 186 0 0 49 7 0 12 0 44 0 0 0 1
240 8878 1446 1407 189 0 0 51 6 0 12 0 45 0 0 0 2
241 8873 1448 1409 190 0 0 51 6 0 12 0 45 0 0 0 2
242 8852 1458 1418 190 0 0 52 6 0 12 0 46 0 0 0 2
243 8823 1472 1431 188 0 0 53 7 0 12 0 48 0 0 0 2
244 8805 1480 1439 190 0 0 53 7 0 12 0 48 0 0 0 2
245 8809 1478 1437 188 0 0 53 7 0 12 0 48 0 0 0 4
246 8819 1471 1430 190 0 0 53 8 0 12 0 49 0 0 0 4
247 8807 1476 1435 190 0 0 53 9 0 12 0 50 0 0 0 4
248 8790 1482 1441 194 0 0 53 9 0 12 0 50 0 0 0 5
249 8791 1481 1440 195 0 0 53 9 0 12 0 50 0 0 0 5
250 8779 1486 1444 196 0 0 54 9 0 12 0 51 0 0 0 5
251 8781 1483 1441 200 0 0 54 9 0 12 0 51 0 0 0 5
252 8775 1485 1440 199 0 0 57 9 0 12 0 54 0 0 0 5
253 8770 1487 1442 198 0 0 58 9 0 13 0 54 0 0 0 5
254 8770 1485 1440 202 0 0 58 9 0 13 0 54 0 0 0 5
255 8764 1487 1442 204 0 0 58 9 0 13 0 54 0 0 0 5
256 8766 1484 1440 206 0 0 57 10 0 13 0 54 0 0 0 6
257 8760 1487 1442 207 0 0 58 9 0 13 0 54 0 0 0 6
258 8738 1497 1450 205 0 0 60 10 0 13 0 57 0 0 0 6
259 8734 1499 1450 203 0 0 62 10 0 13 0 59 0 0 0 6
260 8727 1503 1453 203 0 0 63 9 0 13 0 59 0 0 0 6
261 8722 1505 1454 201 0 0 64 10 0 13 0 61 0 0 0 6
262 8708 1511 1460 203 0 0 64 10 0 13 0 61 0 0 0 6
263 8696 1513 1460 208 0 0 66 10 0 13 0 63 0 0 0 7
264 8683 1518 1465 211 0 0 66 10 0 13 0 63 0 0 0 7
265 8673 1521 1469 212 0 0 66 11 0 14 0 63 0 0 0 7
266 8661 1526 1474 214 0 0 66 11 0 14 0 63 0 0 0 7
267 8650 1531 1478 214 0 0 67 11 0 14 0 64 0 0 0 7
268 8627 1541 1487 216 0 0 68 11 0 14 0 65 0 0 0 7
269 8623 1540 1485 221 0 0 69 11 0 14 0 66 0 0 0 7
270 8601 1550 1495 223 0 0 69 11 0 14 0 66 0 0 0 7
271 8587 1556 1500 224 0 0 70 11 0 14 0 67 0 0 0 7
272 8566 1566 1510 225 0 0 70 11 0 14 0 67 0 0 0 7
273 8555 1570 1514 228 0 0 70 11 0 14 0 67 0 0 0 7
274 8527 1583 1525 224 0 0 72 13 0 14 0 71 0 0 0 7
275 8505 1591 1533 229 0 0 73 12 0 15 0 70 0 0 0 8
276 8491 1597 1538 229 0 0 74 12 0 15 0 71 0 0 0 9
277 8465 1607 1545 230 0 0 78 12 0 16 0 74 0 0 0 9
278 8463 1607 1544 231 0 0 79 12 0 16 0 75 0 0 0 9
279 8444 1616 1553 232 0 0 79 12 0 16 0 75 0 0 0 9
280 8442 1615 1552 234 0 0 80 12 0 17 0 75 0 0 0 9
281 8433 1618 1553 233 0 0 83 12 0 18 0 77 0 0 0 9
282 8419 1624 1558 234 0 0 84 12 0 18 0 78 0 0 0 9
283 8398 1634 1567 234 0 0 85 12 0 18 0 79 0 0 0 9
284 8382 1642 1573 232 0 0 87 12 0 18 0 81 0 0 0 9
285 8379 1642 1572 234 0 0 88 12 0 18 0 82 0 0 0 9
286 8368 1648 1578 233 0 0 88 12 0 18 0 82 0 0 0 9
287 8368 1646 1575 234 0 0 90 12 0 19 0 83 0 0 0 9
288 8364 1648 1577 232 0 0 90 13 0 19 0 84 0 0 0 9
289 8363 1646 1572 234 0 0 93 13 0 19 0 87 0 0 0 9
290 8360 1647 1572 234 0 0 94 13 0 19 0 88 0 0 0 9
291 8342 1653 1576 238 0 0 96 13 0 19 0 90 0 0 0 9
292 8338 1654 1578 239 0 0 96 13 0 20 0 89 0 0 0 9
293 8326 1660 1583 238 0 0 97 13 0 20 0 90 0 0 0 9
294 8320 1661 1583 239 0 0 99 13 0 21 0 91 0 0 0 9
295 8317 1662 1584 238 0 0 99 14 0 21 0 92 0 0 0 9
296 8313 1663 1583 237 0 0 101 14 0 21 0 94 0 0 0 10
297 8298 1668 1587 239 0 0 102 15 0 21 0 96 0 0 0 10
298 8285 1671 1589 243 0 0 104 15 0 22 0 97 0 0 0 10
299 8261 1682 1601 243 0 0 104 15 0 23 0 96 0 0 0 11
300 8260 1680 1599 248 0 0 104 15 0 23 0 96 0 0 0 11
301 8256 1680 1598 249 0 0 106 15 0 24 0 97 0 0 0 11
302 8267 1673 1589 249 0 0 108 15 0 24 0 99 0 0 0 12
303 8261 1676 1592 249 0 0 108 15 0 24 0 99 0 0 0 12
304 8252 1678 1594 252 0 0 109 15 0 25 0 99 0 0 0 12
305 8244 1680 1595 255 0 0 110 15 0 25 0 100 0 0 0 12
306 8239 1680 1594 259 0 0 111 15 0 25 0 101 0 0 0 12
307 8228 1684 1597 259 0 0 112 16 0 25 0 103 0 0 0 12
308 8224 1686 1599 256 0 0 113 16 0 26 0 103 0 0 0 13
309 8224 1686 1601 252 0 0 114 16 0 29 0 101 0 0 0 13
310 8216 1690 1606 249 0 0 114 17 0 30 0 101 0 0 0 13
311 8211 1692 1611 245 0 0 113 19 0 32 0 100 0 0 0 13
312 8212 1689 1608 249 0 0 113 19 0 32 0 100 0 0 0 14
313 8199 1692 1613 252 0 0 114 19 0 35 0 98 0 0 0 14
314 8195 1691 1613 253 0 0 115 20 0 37 0 98 0 0 0 14
315 8189 1692 1611 254 0 0 118 20 0 37 0 101 0 0 0 14
316 8181 1695 1615 254 0 0 118 20 0 38 0 100 0 0 0 15
317 8178 1697 1617 253 0 0 118 20 0 38 0 100 0 0 0 15
318 8172 1700 1621 252 0 0 117 21 0 38 0 100 0 0 0 15
319 8162 1705 1621 248 0 0 122 20 0 38 0 104 0 0 0 16
320 8173 1700 1616 243 0 0 122 22 0 38 0 106 0 0 0 16
321 8171 1701 1617 241 0 0 123 22 0 39 0 106 0 0 0 16
322 8163 1702 1621 244 0 0 121 24 0 40 0 105 0 0 0 16
323 8162 1703 1620 243 0 0 123 23 0 40 0 106 0 0 0 16
324 8145 1708 1627 246 0 0 123 24 0 42 0 105 0 0 0 16
325 8141 1709 1629 247 0 0 123 24 0 43 0 104 0 0 0 16
326 8130 1714 1633 246 0 0 124 24 0 43 0 105 0 0 0 17
327 8122 1717 1637 247 0 0 124 24 0 44 0 104 0 0 0 17
328 8123 1714 1635 248 0 0 125 24 0 46 0 103 0 0 0 18
329 8122 1714 1635 249 0 0 125 24 0 46 0 103 0 0 0 18
330 8126 1711 1632 251 0 0 125 24 0 46 0 103 0 0 0 18
331 8120 1713 1634 251 0 0 126 24 0 47 0 103 0 0 0 18
332 8116 1715 1636 249 0 0 126 25 0 47 0 104 0 0 0 18
333 8121 1712 1632 249 0 0 127 25 0 47 0 105 0 0 0 18
334 8098 1720 1640 254 0 0 128 25 0 48 0 105 0 0 0 18
335 8091 1721 1639 257 0 0 130 25 0 48 0 107 0 0 0 18
336 8083 1722 1642 259 0 0 130 26 0 50 0 106 0 0 0 18
337 8088 1718 1637 259 0 0 132 26 0 51 0 107 0 0 0 18
338 8085 1722 1641 254 0 0 132 26 0 51 0 107 0 0 0 18
339 8084 1722 1641 255 0 0 133 25 0 52 0 106 0 0 0 18
340 8087 1717 1635 261 0 0 134 25 0 52 0 107 0 0 0 18
341 8082 1717 1635 264 0 0 134 26 0 52 0 108 0 0 0 18
342 8083 1712 1630 266 0 0 134 29 0 52 0 111 0 0 0 19
343 8075 1715 1631 266 0 0 137 27 0 53 0 111 0 0 0 21
344 8061 1718 1634 274 0 0 137 27 0 53 0 111 0 0 0 21
345 8045 1722 1638 278 0 0 138 28 0 54 0 112 0 0 0 21
346 8030 1726 1643 284 0 0 138 28 0 55 0 111 0 0 0 21
347 8025 1728 1644 282 0 0 140 28 0 56 0 112 0 0 0 21
348 8012 1731 1646 285 0 0 142 28 0 57 0 113 0 0 0 22
349 8001 1735 1649 287 0 0 143 28 0 57 0 114 0 0 0 22
350 7997 1739 1652 282 0 0 144 28 0 57 0 115 0 0 0 22
351 7977 1748 1660 282 0 0 145 28 0 57 0 116 0 0 0 23
352 7980 1748 1660 278 0 0 145 28 0 57 0 116 0 0 0 24
353 7961 1756 1666 277 0 0 147 29 0 57 0 119 0 0 0 24
354 7948 1762 1671 278 0 0 148 28 0 57 0 119 0 0 0 25
355 7948 1761 1670 280 0 0 148 28 0 57 0 119 0 0 0 25
356 7929 1769 1677 282 0 0 149 28 0 57 0 120 0 0 0 25
357 7918 1773 1677 283 0 0 152 28 0 56 0 124 0 0 0 25
358 7904 1778 1679 286 0 0 154 28 0 55 0 127 0 0 0 25
359 7909 1774 1675 287 0 0 154 29 0 55 0 128 0 0 0 25
360 7907 1776 1676 284 0 0 155 29 0 55 0 129 0 0 0 25
361 7890 1781 1682 290 0 0 154 30 0 55 0 129 0 0 0 25
362 7888 1783 1684 286 0 0 155 30 0 56 0 129 0 0 0 25
363 7874 1791 1690 282 0 0 156 31 0 55 0 132 0 0 0 25
364 7874 1789 1690 284 0 0 156 31 0 57 0 130 0 0 0 25
365 7855 1796 1698 285 0 0 157 31 0 59 0 129 0 0 0 26
366 7833 1805 1706 287 0 0 158 31 0 59 0 130 0 0 0 27
367 7838 1803 1703 285 0 0 159 31 0 59 0 131 0 0 0 27
368 7819 1812 1710 283 0 0 161 31 0 59 0 133 0 0 0 28
369 7812 1817 1713 276 0 0 164 31 0 60 0 135 0 0 0 28
370 7806 1820 1717 271 0 0 164 33 0 61 0 136 0 0 0 28
371 7798 1818 1717 281 0 0 163 34 0 62 0 135 0 0 0 28
372 7788 1821 1715 283 0 0 168 32 0 62 0 138 0 0 0 29
373 7774 1826 1719 278 0 0 170 35 0 63 0 142 0 0 0 29
374 7767 1828 1721 281 0 0 171 34 0 64 0 141 0 0 0 29
375 7773 1826 1718 276 0 0 173 34 0 65 0 142 0 0 0 29
376 7756 1833 1724 276 0 0 175 34 0 66 0 143 0 0 0 29
377 7744 1838 1725 274 0 0 181 32 0 68 0 145 0 0 0 29
378 7743 1840 1728 270 0 0 181 32 0 69 0 144 0 0 0 29
379 7735 1841 1730 274 0 0 182 31 0 71 0 142 0 0 0 30
380 7722 1847 1734 269 0 0 184 32 0 71 0 145 0 0 0 32
381 7721 1846 1733 272 0 0 184 32 0 71 0 145 0 0 0 32
382 7720 1846 1733 273 0 0 184 32 0 71 0 145 0 0 0 32
383 7713 1847 1736 273 0 0 185 32 0 74 0 143 0 0 0 33
384 7701 1852 1740 274 0 0 187 31 0 75 0 143 0 0 0 33
385 7707 1848 1736 272 0 0 187 33 0 75 0 145 0 0 0 33
386 7715 1843 1731 270 0 0 188 34 0 76 0 146 0 0 0 33
387 7720 1841 1726 268 0 0 191 33 0 76 0 148 0 0 0 33
388 7733 1833 1716 270 0 0 193 32 0 76 0 149 0 0 0 34
389 7727 1836 1716 267 0 0 196 32 0 76 0 152 0 0 0 34
390 7729 1832 1713 270 0 0 196 33 0 77 0 152 0 0 0 34
391 7731 1830 1711 272 0 0 196 33 0 77 0 152 0 0 0 34
392 7738 1825 1707 272 0 0 196 34 0 78 0 152 0 0 0 34
393 7745 1821 1705 267 0 0 196 35 0 80 0 151 0 0 0 36
394 7751 1817 1698 269 0 0 199 33 0 80 0 152 0 0 0 37
395 7748 1816 1697 274 0 0 199 33 0 80 0 152 0 0 0 37
396 7735 1821 1702 277 0 0 199 33 0 80 0 152 0 0 0 37
397 7732 1820 1699 279 0 0 202 32 0 81 0 153 0 0 0 38
398 7721 1826 1706 277 0 0 201 33 0 81 0 153 0 0 0 38
399 7713 1828 1708 281 0 0 201 33 0 81 0 153 0 0 0 38
400 7707 1830 1708 281 0 0 203 33 0 81 0 155 0 0 0 38
401 7714 1824 1703 285 0 0 203 33 0 82 0 154 0 0 0 38
402 7730 1817 1694 281 0 0 205 33 0 82 0 156 0 0 0 38
403 7729 1817 1694 280 0 0 206 33 0 83 0 156 0 0 0 38
404 7723 1818 1694 283 0 0 207 33 0 83 0 157 0 0 0 38
405 7717 1820 1691 282 0 0 213 31 0 84 0 160 0 0 0 38
406 7695 1829 1699 284 0 0 214 31 0 84 0 161 0 0 0 39
407 7698 1827 1698 284 0 0 214 31 0 85 0 160 0 0 0 39
408 7692 1829 1701 283 0 0 215 31 0 87 0 159 0 0 0 39
409 7689 1828 1700 287 0 0 216 30 0 88 0 158 0 0 0 40
410 7695 1823 1698 286 0 0 215 32 0 90 0 157 0 0 0 40
411 7703 1821 1696 278 0 0 216 33 0 91 0 158 0 0 0 40
412 7696 1822 1699 281 0 0 215 34 0 92 0 157 0 0 0 40
413 7700 1820 1698 277 0 0 214 36 0 92 0 158 0 0 0 41
414 7713 1811 1690 278 0 0 215 36 0 94 0 157 0 0 0 42
415 7719 1807 1684 278 0 0 217 36 0 94 0 159 0 0 0 42
416 7711 1810 1687 276 0 0 218 37 0 95 0 160 0 0 0 42
417 7713 1807 1685 278 0 0 218 37 0 96 0 159 0 0 0 43
418 7720 1803 1680 277 0 0 219 37 0 96 0 160 0 0 0 44
419 7722 1802 1680 276 0 0 219 37 0 97 0 159 0 0 0 44
420 7720 1800 1680 279 0 0 218 38 0 98 0 158 0 0 0 45
421 7729 1794 1673 283 0 0 219 37 0 98 0 158 0 0 0 45
422 7728 1792 1670 287 0 0 220 37 0 98 0 159 0 0 0 45
423 7725 1794 1672 284 0 0 221 37 0 99 0 159 0 0 0 45
424 7727 1793 1670 283 0 0 222 37 0 99 0 160 0 0 0 45
425 7716 1797 1673 285 0 0 223 37 0 99 0 161 0 0 0 45
426 7714 1797 1671 287 0 0 225 36 0 99 0 162 0 0 0 45
427 7701 1802 1677 285 0 0 226 37 0 101 0 162 0 0 0 45
428 7703 1799 1674 288 0 0 227 36 0 102 0 161 0 0 0 46
429 7712 1794 1669 287 0 0 228 36 0 103 0 161 0 0 0 46
430 7710 1795 1669 288 0 0 229 35 0 103 0 161 0 0 0 46
431 7697 1797 1674 294 0 0 229 35 0 106 0 158 0 0 0 46
432 7680 1804 1681 297 0 0 229 35 0 106 0 158 0 0 0 46
433 7671 1807 1683 301 0 0 230 34 0 106 0 158 0 0 0 46
434 7664 1810 1686 302 0 0 230 34 0 106 0 158 0 0 0 46
435 7668 1808 1682 300 0 0 232 34 0 106 0 160 0 0 0 46
436 7640 1819 1693 304 0 0 233 34 0 107 0 160 0 0 0 46
437 7624 1826 1698 302 0 0 235 35 0 107 0 163 0 0 0 46
438 7621 1825 1697 305 0 0 235 36 0 107 0 164 0 0 0 46
439 7608 1830 1703 307 0 0 235 36 0 108 0 163 0 0 0 46
440 7606 1831 1702 303 0 0 237 37 0 108 0 166 0 0 0 46
441 7606 1830 1701 305 0 0 237 37 0 108 0 166 0 0 0 46
442 7600 1834 1702 300 0 0 240 37 0 108 0 169 0 0 0 46
443 7596 1834 1701 305 0 0 241 36 0 108 0 169 0 0 0 46
444 7589 1834 1701 312 0 0 241 36 0 108 0 169 0 0 0 46
445 7591 1832 1700 313 0 0 241 36 0 109 0 168 0 0 0 46
446 7577 1837 1706 312 0 0 242 37 0 111 0 168 0 0 0 46
447 7564 1842 1712 310 0 0 241 40 0 111 0 170 0 0 0 46
448 7543 1851 1722 310 0 0 240 42 0 111 0 171 0 0 0 46
449 7548 1847 1717 313 0 0 241 41 0 111 0 171 0 0 0 47
450 7533 1853 1724 313 0 0 241 42 0 112 0 171 0 0 0 47
451 7522 1859 1729 307 0 0 243 43 0 113 0 173 0 0 0 47
452 7511 1862 1732 310 0 0 244 43 0 114 0 173 0 0 0 47
453 7504 1867 1734 303 0 0 247 43 0 114 0 176 0 0 0 48
454 7493 1867 1736 308 0 0 248 44 0 117 0 175 0 0 0 48
455 7477 1871 1743 310 0 0 247 46 0 119 0 174 0 0 0 49
456 7470 1870 1745 316 0 0 247 46 0 122 0 171 0 0 0 49
457 7474 1866 1740 319 0 0 248 46 0 122 0 172 0 0 0 49
458 7471 1862 1733 329 0 0 251 45 0 122 0 174 0 0 0 49
459 7445 1872 1744 334 0 0 251 45 0 123 0 173 0 0 0 49
460 7432 1875 1747 339 0 0 251 46 0 123 0 174 0 0 0 49
461 7424 1878 1748 340 0 0 253 44 0 123 0 174 0 0 0 52
462 7401 1886 1754 345 0 0 255 44 0 123 0 176 0 0 0 52
463 7394 1891 1756 339 0 0 258 44 0 123 0 179 0 0 0 52
464 7395 1886 1753 344 0 0 258 45 0 125 0 178 0 0 0 52
465 7379 1892 1756 346 0 0 262 43 0 126 0 179 0 0 0 53
466 7368 1894 1755 352 0 0 265 41 0 126 0 180 0 0 0 55
467 7363 1895 1755 356 0 0 266 40 0 126 0 180 0 0 0 55
468 7362 1894 1751 355 0 0 270 39 0 127 0 182 0 0 0 56
469 7352 1896 1751 355 0 0 272 41 0 127 0 186 0 0 0 56
470 7332 1904 1757 356 0 0 274 40 0 127 0 187 0 0 0 59
471 7321 1908 1760 356 0 0 275 40 0 127 0 188 0 0 0 61
472 7318 1909 1753 355 0 0 280 40 0 124 0 196 0 0 0 61
473 7306 1910 1757 357 0 0 280 42 0 127 0 195 0 0 0 62
474 7296 1912 1758 363 0 0 280 42 0 126 0 196 0 0 0 63
475 7275 1922 1766 362 0 0 282 42 0 126 0 198 0 0 0 63
476 7266 1926 1767 360 0 0 285 42 0 126 0 201 0 0 0 63
477 7263 1927 1768 357 0 0 285 44 0 126 0 203 0 0 0 63
478 7241 1935 1777 361 0 0 284 45 0 126 0 203 0 0 0 64
479 7230 1938 1776 361 0 0 288 45 0 126 0 207 0 0 0 65
480 7218 1942 1781 360 0 0 288 47 0 127 0 208 0 0 0 65
481 7202 1948 1783 357 0 0 292 48 0 127 0 213 0 0 0 66
482 7187 1955 1791 356 0 0 292 48 0 128 0 212 0 0 0 67
483 7176 1956 1790 361 0 0 294 49 0 128 0 215 0 0 0 67
484 7174 1955 1789 363 0 0 294 50 0 128 0 216 0 0 0 67
485 7165 1957 1792 365 0 0 294 50 0 129 0 215 0 0 0 69
486 7158 1960 1793 361 0 0 297 50 0 130 0 217 0 0 0 70
487 7147 1964 1798 362 0 0 299 48 0 133 0 214 0 0 0 71
488 7136 1969 1801 359 0 0 300 50 0 132 0 218 0 0 0 71
489 7136 1967 1799 361 0 0 301 50 0 133 0 218 0 0 0 71
490 7139 1966 1795 356 0 0 305 49 0 134 0 220 0 0 0 72
491 7135 1967 1795 355 0 0 307 49 0 135 0 221 0 0 0 72
492 7136 1967 1794 349 0 0 309 50 0 136 0 223 0 0 0 72
493 7138 1963 1788 355 0 0 311 49 0 136 0 224 0 0 0 72
494 7124 1968 1793 355 0 0 312 50 0 137 0 225 0 0 0 72
495 7139 1960 1784 350 0 0 316 49 0 140 0 225 0 0 0 73
496 7138 1962 1786 347 0 0 317 48 0 141 0 224 0 0 0 73
497 7147 1956 1782 345 0 0 317 49 0 143 0 223 0 0 0 74
498 7143 1955 1781 348 0 0 317 50 0 143 0 224 0 0 0 75
499 7160 1945 1770 347 0 0 320 49 0 145 0 224 0 0 0 76
500 7166 1941 1765 348 0 0 322 48 0 146 0 224 0 0 0 76
501 7168 1939 1762 349 0 0 323 47 0 146 0 224 0 0 0 78
502 7168 1936 1757 355 0 0 324 47 0 145 0 226 0 0 0 78
503 7169 1933 1758 354 0 0 325 47 0 150 0 222 0 0 0 78
504 7158 1937 1761 357 0 0 326 46 0 150 0 222 0 0 0 79
505 7161 1934 1759 359 0 0 326 46 0 151 0 221 0 0 0 79
506 7157 1934 1759 361 0 0 327 46 0 152 0 221 0 0 0 79
507 7143 1939 1764 363 0 0 328 45 0 153 0 220 0 0 0 81
508 7135 1941 1763 362 0 0 331 46 0 153 0 224 0 0 0 81
509 7136 1940 1761 360 0 0 332 47 0 153 0 226 0 0 0 81
510 7141 1938 1760 358 0 0 332 47 0 154 0 225 0 0 0 81
511 7133 1942 1762 356 0 0 334 47 0 154 0 227 0 0 0 81
512 7126 1944 1765 356 0 0 335 47 0 156 0 226 0 0 0 81
513 7131 1942 1762 354 0 0 336 47 0 156 0 227 0 0 0 81
514 7129 1943 1763 352 0 0 336 48 0 156 0 228 0 0 0 81
515 7145 1936 1757 348 0 0 336 48 0 157 0 227 0 0 0 82
516 7142 1935 1756 349 0 0 337 49 0 158 0 228 0 0 0 82
517 7133 1937 1757 355 0 0 338 48 0 158 0 228 0 0 0 82
518 7133 1935 1757 357 0 0 337 49 0 159 0 227 0 0 0 82
519 7118 1942 1765 356 0 0 336 50 0 159 0 227 0 0 0 83
520 7133 1934 1756 356 0 0 337 50 0 159 0 228 0 0 0 83
521 7137 1932 1757 353 0 0 337 50 0 162 0 225 0 0 0 83
522 7131 1934 1757 353 0 0 339 50 0 162 0 227 0 0 0 83
523 7141 1928 1751 354 0 0 340 48 0 163 0 225 0 0 0 86
524 7138 1928 1752 356 0 0 340 48 0 164 0 224 0 0 0 86
525 7155 1918 1743 354 0 0 342 48 0 167 0 223 0 0 0 86
526 7146 1919 1743 354 0 0 346 48 0 170 0 224 0 0 0 86
527 7146 1917 1743 356 0 0 345 49 0 171 0 223 0 0 0 86
528 7153 1912 1740 357 0 0 344 50 0 172 0 222 0 0 0 86
529 7161 1909 1735 345 0 0 350 50 0 176 0 224 0 0 0 86
530 7175 1901 1727 343 0 0 352 50 0 178 0 224 0 0 0 86
531 7180 1897 1721 344 0 0 355 49 0 179 0 225 0 0 0 86
532 7186 1894 1718 341 0 0 357 47 0 181 0 223 0 0 0 89
533 7187 1895 1719 332 0 0 359 48 0 183 0 224 0 0 0 89
534 7186 1896 1721 330 0 0 359 48 0 184 0 223 0 0 0 89
535 7181 1898 1724 328 0 0 357 51 0 183 0 225 0 0 0 89
536 7179 1898 1723 327 0 0 360 50 0 185 0 225 0 0 0 89
537 7179 1898 1723 327 0 0 360 50 0 185 0 225 0 0 0 89
538 7191 1892 1718 324 0 0 361 50 0 187 0 224 0 0 0 89
539 7189 1891 1717 328 0 0 361 50 0 187 0 224 0 0 0 89
540 7200 1882 1709 331 0 0 363 49 0 190 0 222 0 0 0 90
541 7200 1882 1710 328 0 0 362 51 0 190 0 223 0 0 0 90
542 7194 1882 1712 329 0 0 363 51 0 193 0 221 0 0 0 91
543 7202 1875 1707 333 0 0 362 52 0 194 0 220 0 0 0 91
544 7211 1871 1703 332 0 0 362 52 0 194 0 220 0 0 0 91
545 7207 1872 1703 333 0 0 364 51 0 195 0 220 0 0 0 91
546 7202 1875 1705 333 0 0 365 50 0 195 0 220 0 0 0 91
547 7204 1872 1703 336 0 0 365 50 0 196 0 219 0 0 0 91
548 7192 1878 1710 332 0 0 367 49 0 199 0 217 0 0 0 92
549 7204 1868 1702 338 0 0 365 51 0 199 0 217 0 0 0 92
550 7202 1871 1706 333 0 0 365 51 0 200 0 216 0 0 0 92
551 7202 1870 1705 335 0 0 366 50 0 201 0 215 0 0 0 92
552 7216 1862 1696 338 0 0 367 49 0 201 0 215 0 0 0 92
553 7227 1855 1689 339 0 0 368 49 0 202 0 215 0 0 0 92
554 7229 1852 1685 343 0 0 370 47 0 203 0 214 0 0 0 93
555 7226 1850 1686 347 0 0 369 48 0 205 0 212 0 0 0 93
556 7225 1849 1685 349 0 0 370 47 0 206 0 211 0 0 0 94
557 7229 1850 1686 343 0 0 370 47 0 206 0 211 0 0 0 94
558 7231 1850 1686 341 0 0 370 47 0 206 0 211 0 0 0 94
559 7230 1849 1683 340 0 0 372 48 0 206 0 214 0 0 0 94
560 7229 1848 1684 341 0 0 371 49 0 207 0 213 0 0 0 94
561 7219 1852 1686 342 0 0 373 48 0 207 0 214 0 0 0 95
562 7222 1848 1681 347 0 0 374 47 0 207 0 214 0 0 0 96
563 7226 1844 1679 347 0 0 372 50 0 207 0 215 0 0 0 96
564 7235 1838 1674 347 0 0 373 50 0 209 0 214 0 0 0 96
565 7249 1828 1668 345 0 0 375 50 0 215 0 210 0 0 0 96
566 7251 1826 1667 345 0 0 375 50 0 216 0 209 0 0 0 97
567 7254 1826 1664 339 0 0 378 50 0 216 0 212 0 0 0 97
568 7253 1827 1666 337 0 0 377 51 0 216 0 212 0 0 0 97
569 7248 1829 1669 337 0 0 377 51 0 217 0 211 0 0 0 97
570 7258 1825 1665 333 0 0 378 51 0 218 0 211 0 0 0 97
571 7251 1828 1668 332 0 0 378 52 0 218 0 212 0 0 0 97
572 7256 1824 1664 335 0 0 378 52 0 218 0 212 0 0 0 97
573 7254 1824 1666 333 0 0 378 53 0 220 0 211 0 0 0 97
574 7262 1818 1661 336 0 0 377 54 0 220 0 211 0 0 0 97
575 7268 1814 1658 335 0 0 378 54 0 222 0 210 0 0 0 97
576 7260 1815 1659 339 0 0 381 52 0 225 0 208 0 0 0 97
577 7267 1810 1652 338 0 0 383 53 0 225 0 211 0 0 0 97
578 7270 1806 1647 344 0 0 384 52 0 225 0 211 0 0 0 97
579 7265 1808 1651 343 0 0 383 53 0 226 0 210 0 0 0 97
580 7268 1807 1650 342 0 0 383 53 0 226 0 210 0 0 0 97
581 7280 1796 1642 347 0 0 383 54 0 229 0 208 0 0 0 97
582 7278 1795 1642 350 0 0 383 54 0 230 0 207 0 0 0 97
583 7282 1792 1639 352 0 0 383 54 0 230 0 207 0 0 0 97
584 7297 1785 1633 348 0 0 383 55 0 231 0 207 0 0 0 97
585 7296 1786 1634 347 0 0 383 55 0 231 0 207 0 0 0 97
586 7286 1788 1636 353 0 0 384 54 0 232 0 206 0 0 0 97
587 7289 1787 1635 351 0 0 385 53 0 233 0 205 0 0 0 98
588 7310 1776 1622 352 0 0 387 52 0 233 0 206 0 0 0 98
589 7308 1776 1625 351 0 0 386 53 0 235 0 204 0 0 0 98
590 7313 1776 1627 344 0 0 385 54 0 236 0 203 0 0 0 98
591 7316 1774 1624 346 0 0 385 54 0 235 0 204 0 0 0 98
592 7321 1774 1625 340 0 0 386 53 0 237 0 202 0 0 0 98
593 7313 1777 1629 341 0 0 386 53 0 238 0 201 0 0 0 98
594 7316 1775 1627 341 0 0 387 52 0 239 0 200 0 0 0 99
595 7322 1772 1626 338 0 0 387 52 0 241 0 198 0 0 0 100
596 7327 1769 1624 336 0 0 388 52 0 243 0 197 0 0 0 100
597 7333 1767 1623 333 0 0 388 52 0 244 0 196 0 0 0 100
598 7332 1767 1625 332 0 0 387 53 0 245 0 195 0 0 0 100
599 7327 1772 1630 325 0 0 388 53 0 246 0 195 0 0 0 100
600 7325 1773 1628 326 0 0 390 52 0 245 0 197 0 0 0 100
601 7328 1773 1626 323 0 0 391 51 0 244 0 198 0 0 0 102
602 7341 1768 1622 319 0 0 390 52 0 244 0 198 0 0 0 102
603 7350 1763 1615 321 0 0 392 50 0 244 0 198 0 0 0 103
604 7359 1758 1612 320 0 0 392 50 0 246 0 196 0 0 0 103
605 7353 1760 1616 320 0 0 391 51 0 247 0 195 0 0 0 103
606 7353 1760 1616 318 0 0 392 51 0 248 0 195 0 0 0 103
607 7356 1757 1615 316 0 0 390 54 0 248 0 196 0 0 0 104
608 7360 1754 1614 314 0 0 389 55 0 249 0 195 0 0 0 106
609 7373 1751 1609 308 0 0 392 52 0 250 0 194 0 0 0 107
610 7378 1747 1606 310 0 0 391 53 0 250 0 194 0 0 0 107
611 7392 1739 1598 308 0 0 393 53 0 252 0 194 0 0 0 107
612 7396 1736 1593 310 0 0 395 52 0 252 0 195 0 0 0 107
613 7397 1735 1592 311 0 0 395 52 0 252 0 195 0 0 0 107
614 7396 1737 1594 308 0 0 396 51 0 253 0 194 0 0 0 107
615 7404 1734 1591 306 0 0 396 51 0 253 0 194 0 0 0 107
616 7410 1729 1587 309 0 0 395 52 0 253 0 194 0 0 0 107
617 7388 1738 1596 313 0 0 395 52 0 253 0 194 0 0 0 107
618 7391 1735 1593 314 0 0 396 52 0 254 0 194 0 0 0 107
619 7391 1733 1591 318 0 0 397 51 0 255 0 193 0 0 0 107
620 7387 1735 1592 318 0 0 398 50 0 255 0 193 0 0 0 108
621 7382 1735 1595 320 0 0 397 51 0 257 0 191 0 0 0 108
622 7392 1731 1589 318 0 0 398 51 0 256 0 193 0 0 0 108
623 7389 1732 1591 318 0 0 398 51 0 257 0 192 0 0 0 108
624 7401 1723 1587 319 0 0 398 51 0 262 0 187 0 0 0 108
625 7411 1717 1580 316 0 0 400 52 0 263 0 189 0 0 0 108
626 7429 1706 1573 316 0 0 398 54 0 265 0 187 0 0 0 108
627 7432 1706 1573 313 0 0 398 54 0 265 0 187 0 0 0 108
628 7438 1702 1571 313 0 0 398 54 0 267 0 185 0 0 0 108
629 7445 1699 1568 310 0 0 399 54 0 268 0 185 0 0 0 108
630 7431 1706 1576 308 0 0 399 54 0 269 0 184 0 0 0 109
631 7444 1702 1571 302 0 0 400 54 0 269 0 185 0 0 0 109
632 7456 1695 1567 301 0 0 400 54 0 272 0 182 0 0 0 109
633 7458 1694 1566 301 0 0 401 53 0 273 0 181 0 0 0 109
634 7451 1696 1570 302 0 0 400 54 0 274 0 180 0 0 0 109
635 7458 1692 1569 300 0 0 398 56 0 275 0 179 0 0 0 109
636 7456 1694 1572 297 0 0 397 57 0 275 0 179 0 0 0 109
637 7466 1692 1569 292 0 0 398 56 0 275 0 179 0 0 0 109
638 7472 1688 1567 292 0 0 398 56 0 277 0 177 0 0 0 109
639 7485 1679 1560 295 0 0 397 57 0 278 0 176 0 0 0 109
640 7497 1673 1554 293 0 0 397 58 0 278 0 177 0 0 0 109
641 7488 1676 1557 296 0 0 397 58 0 278 0 177 0 0 0 109
642 7506 1666 1546 297 0 0 398 58 0 278 0 178 0 0 0 109
643 7502 1667 1549 297 0 0 398 58 0 280 0 176 0 0 0 109
644 7504 1666 1550 295 0 0 397 59 0 281 0 175 0 0 0 109
645 7508 1665 1547 295 0 0 398 58 0 280 0 176 0 0 0 109
646 7515 1663 1546 290 0 0 398 58 0 281 0 175 0 0 0 110
647 7505 1667 1550 292 0 0 397 59 0 280 0 176 0 0 0 110
648 7511 1663 1548 292 0 0 396 60 0 281 0 175 0 0 0 110
649 7523 1658 1544 289 0 0 396 60 0 282 0 174 0 0 0 110
650 7532 1653 1540 289 1 0 395 59 1 282 0 172 0 0 0 112
651 7547 1644 1532 289 1 0 396 59 1 284 0 171 0 0 0 112
652 7552 1641 1530 289 1 0 396 59 1 285 0 170 0 0 0 112
653 7558 1636 1525 293 1 0 395 60 1 284 0 171 0 0 0 112
654 7566 1635 1523 287 1 0 394 61 0 283 1 172 0 0 0 113
655 7567 1635 1523 286 1 0 394 61 0 283 1 172 0 0 0 113
656 7572 1632 1521 284 1 0 395 61 0 285 1 171 0 0 0 113
657 7583 1625 1517 284 1 0 394 62 0 287 1 169 0 0 0 113
658 7594 1621 1513 281 1 0 394 62 0 287 1 169 0 0 0 113
659 7603 1615 1508 279 1 0 393 65 0 287 1 171 0 0 0 113
660 7619 1607 1503 275 1 0 393 65 0 290 1 168 0 0 0 114
661 7610 1610 1507 277 1 0 393 65 0 291 1 167 0 0 0 114
662 7622 1606 1502 272 1 0 395 64 0 292 1 167 0 0 0 114
663 7615 1608 1504 274 1 0 395 64 0 292 1 167 0 0 0 115
664 7606 1612 1508 275 1 0 395 64 0 292 1 167 0 0 0 115
665 7603 1614 1508 274 1 0 397 63 0 292 1 168 0 0 0 115
666 7609 1611 1506 273 1 0 399 61 0 295 1 165 0 0 0 115
667 7615 1609 1506 269 1 0 398 62 0 296 1 164 0 0 0 115
668 7625 1605 1501 267 2 0 398 61 0 296 1 164 0 0 1 115
669 7632 1602 1498 266 2 0 398 61 0 296 1 164 0 0 1 115
670 7637 1599 1496 265 2 0 399 60 0 298 1 162 0 0 1 116
671 7635 1600 1497 265 2 0 399 60 0 298 1 162 0 0 1 116
672 7642 1594 1493 268 2 0 400 59 0 301 1 159 0 0 1 116
673 7647 1591 1492 267 2 0 400 59 0 303 1 157 0 0 1 116
674 7651 1591 1493 262 2 0 400 59 0 304 1 156 0 0 1 116
675 7657 1587 1490 263 2 0 400 59 0 305 1 155 0 0 1 116
676 7663 1583 1487 262 2 0 400 60 0 306 1 155 0 0 1 116
677 7684 1573 1478 258 2 0 400 61 0 307 1 155 0 0 1 116
678 7684 1576 1479 254 2 0 403 58 0 308 1 154 0 0 1 116
679 7699 1571 1474 249 2 0 404 57 0 309 1 153 0 0 1 116
680 7708 1567 1469 249 2 0 405 56 0 309 1 153 0 0 1 116
681 7722 1564 1465 242 2 0 405 56 0 308 1 154 0 0 1 116
682 7726 1561 1463 243 2 0 404 57 0 308 1 154 0 0 1 116
683 7725 1561 1464 243 2 0 404 57 0 309 1 153 0 0 1 116
684 7724 1556 1462 251 2 0 404 57 0 312 1 150 0 0 1 116
685 7731 1552 1459 251 2 0 404 57 0 313 1 149 0 0 1 116
686 7735 1552 1453 250 2 0 409 53 0 312 1 151 0 0 1 117
687 7744 1547 1450 249 2 0 410 52 0 315 1 148 0 0 1 117
688 7743 1549 1452 246 2 0 410 52 0 315 1 148 0 0 1 117
689 7746 1549 1451 241 2 0 411 52 0 315 1 149 0 0 1 118
690 7753 1545 1447 242 2 0 411 52 0 315 1 149 0 0 1 118
691 7749 1546 1449 243 2 0 411 52 0 316 1 148 0 0 1 118
692 7747 1548 1453 239 2 0 410 53 0 317 1 147 0 0 1 118
693 7752 1546 1451 238 2 0 410 53 0 317 1 147 0 0 1 118
694 7747 1549 1454 237 2 0 411 52 0 318 1 146 0 0 1 118
695 7745 1550 1454 238 2 0 411 52 0 317 1 147 0 0 1 118
696 7741 1549 1455 242 2 0 411 52 0 319 1 145 0 0 1 118
697 7739 1549 1454 243 2 0 412 52 0 319 1 146 0 0 1 118
698 7746 1546 1451 240 2 0 412 53 0 319 1 147 0 0 1 118
699 7749 1546 1451 237 2 0 412 53 0 319 1 147 0 0 1 118
700 7758 1540 1444 241 2 0 413 52 0 319 1 147 0 0 1 118
701 7747 1544 1447 245 2 0 414 51 0 319 1 147 0 0 1 118
702 7751 1545 1445 242 2 0 416 49 0 318 1 148 0 0 1 118
703 7756 1542 1442 243 2 0 416 49 0 318 1 148 0 0 1 118
704 7755 1543 1444 241 2 0 416 49 0 319 1 147 0 0 1 118
705 7760 1539 1442 242 2 0 414 51 0 319 1 147 0 0 1 118
706 7756 1540 1443 243 2 0 415 50 0 320 1 146 0 0 1 119
707 7759 1537 1439 245 2 0 416 50 0 320 1 147 0 0 1 119
708 7781 1525 1427 247 2 0 416 50 0 320 1 147 0 0 1 119
709 7788 1521 1424 245 2 0 417 50 0 322 1 146 0 0 1 119
710 7797 1516 1419 246 2 0 417 50 0 322 1 146 0 0 1 119
711 7796 1514 1420 248 2 0 414 53 0 322 1 146 0 0 1 119
712 7818 1505 1411 244 2 0 416 51 0 324 1 144 0 0 1 119
713 7840 1495 1402 241 2 0 416 51 0 325 1 143 0 0 1 119
714 7848 1491 1398 239 2 0 416 52 0 325 1 144 0 0 1 119
715 7847 1490 1398 239 2 0 416 53 0 326 1 144 0 0 1 119
716 7849 1489 1397 238 2 0 417 52 0 327 1 143 0 0 1 120
717 7862 1481 1387 243 2 0 418 51 0 326 1 144 0 0 1 120
718 7870 1479 1386 238 2 0 418 51 0 327 2 142 0 1 1 119
719 7868 1480 1387 238 2 0 418 51 0 327 2 142 0 1 1 119
720 7889 1472 1378 233 2 0 418 51 0 326 2 143 0 1 1 120
721 7891 1471 1376 232 2 0 420 50 0 327 2 143 0 1 1 120
722 7899 1465 1373 233 2 0 419 51 0 329 2 141 0 1 1 120
723 7902 1463 1373 232 2 0 418 52 0 330 2 140 0 1 1 120
724 7903 1459 1370 236 2 0 418 53 0 331 2 140 0 1 1 120
725 7894 1465 1373 232 2 0 421 52 0 331 2 142 0 1 1 120
726 7903 1460 1367 234 2 0 422 51 0 331 2 142 0 1 1 120
727 7895 1465 1371 233 2 0 423 50 0 331 2 142 0 1 1 120
728 7891 1466 1374 233 2 0 422 51 0 332 2 141 0 1 1 120
729 7898 1462 1371 232 3 0 421 51 1 332 2 140 0 1 1 121
730 7902 1461 1371 227 3 0 421 52 1 333 2 140 0 1 1 121
731 7915 1457 1367 222 3 0 421 52 1 333 2 140 0 1 1 121
732 7919 1456 1367 219 3 0 421 52 1 334 2 139 0 1 1 121
733 7926 1452 1363 220 3 0 421 52 1 334 2 139 0 1 1 121
734 7927 1452 1364 218 3 0 421 52 1 335 2 138 0 1 1 121
735 7936 1447 1361 217 3 0 422 51 1 338 2 135 0 1 1 121
736 7956 1438 1352 215 3 0 422 51 1 338 2 135 0 1 1 121
737 7967 1433 1347 214 3 0 422 51 1 338 2 135 0 1 1 121
738 7982 1427 1343 209 3 0 422 51 1 340 2 133 0 1 1 121
739 7997 1418 1337 209 3 0 421 52 1 342 2 131 0 1 1 121
740 8005 1413 1332 211 3 0 421 52 1 342 2 131 0 1 1 121
741 8004 1414 1332 211 3 0 422 51 1 342 2 131 0 1 1 121
742 8006 1414 1331 208 3 0 424 50 1 343 2 131 0 1 1 121
743 8006 1413 1331 209 3 0 424 50 1 344 2 130 0 1 1 121
744 7998 1416 1334 211 3 0 425 49 1 345 2 129 0 1 1 121
745 8002 1415 1332 210 3 0 426 48 1 345 2 129 0 1 1 121
746 8028 1402 1320 209 3 0 426 48 1 346 2 128 0 1 1 121
747 8028 1402 1321 208 3 0 426 48 1 347 2 127 0 1 1 121
748 8035 1399 1317 206 3 0 428 47 1 348 2 127 0 1 1 121
749 8043 1395 1312 207 3 0 429 46 1 348 2 127 0 1 1 121
750 8042 1397 1313 203 3 0 429 47 1 347 2 129 0 1 1 121
751 8052 1393 1309 201 3 0 429 47 1 347 2 129 0 1 1 121
752 8049 1394 1310 202 3 0 429 47 1 347 2 129 0 1 1 121
753 8043 1397 1314 201 3 0 428 48 1 347 2 129 0 1 1 121
754 8050 1393 1311 201 3 0 428 48 1 348 2 128 0 1 1 121
755 8072 1382 1300 201 3 0 428 48 1 348 2 128 0 1 1 121
756 8079 1377 1296 203 3 0 428 48 1 349 2 127 0 1 1 121
757 8086 1372 1292 205 3 0 428 48 1 350 2 126 0 1 1 121
758 8091 1369 1288 205 3 0 429 48 1 350 2 127 0 1 1 121
759 8104 1363 1282 204 3 0 429 48 1 350 2 127 0 1 1 121
760 8106 1361 1279 206 3 0 430 47 1 350 2 127 0 1 1 122
761 8110 1360 1279 203 3 0 429 48 1 350 2 127 0 1 1 122
762 8127 1351 1271 203 3 0 429 48 1 351 2 126 0 1 1 122
763 8133 1348 1269 202 3 0 428 49 1 351 2 126 0 1 1 122
764 8138 1345 1267 202 3 0 427 50 1 351 2 126 0 1 1 122
765 8148 1340 1262 202 3 0 427 50 1 351 2 126 0 1 1 122
766 8155 1334 1259 204 3 0 426 51 1 353 2 124 0 1 1 122
767 8164 1328 1253 206 3 0 427 50 1 354 2 123 0 1 1 123
768 8178 1321 1246 204 3 0 428 50 1 355 2 123 0 1 1 123
769 8182 1320 1246 201 3 0 427 51 1 355 2 123 0 1 1 123
770 8186 1320 1242 199 3 0 430 48 1 354 2 124 0 1 1 125
771 8177 1323 1244 203 3 0 430 48 1 353 2 125 0 1 1 125
772 8176 1323 1245 201 3 0 430 49 1 354 2 125 0 1 1 125
773 8178 1322 1244 201 3 0 430 49 1 354 2 125 0 1 1 125
774 8183 1321 1243 198 3 0 430 49 1 354 2 125 0 1 1 125
775 8192 1317 1240 196 3 0 430 49 1 355 2 124 0 1 1 125
776 8207 1310 1233 195 3 0 430 49 1 355 2 124 0 1 1 125
777 8209 1310 1232 190 3 0 432 49 1 356 2 125 0 1 1 125
778 8203 1314 1236 188 3 0 431 50 1 355 2 126 0 1 1 125
779 8207 1313 1235 186 3 0 431 50 1 355 2 126 0 1 1 125
780 8212 1310 1233 186 3 0 431 50 1 356 2 125 0 1 1 125
781 8206 1313 1235 187 3 0 431 50 1 355 2 126 0 1 1 125
782 8212 1310 1231 186 3 0 432 50 1 355 2 127 0 1 1 125
783 8215 1307 1229 188 3 0 432 50 1 356 2 126 0 1 1 125
784 8213 1307 1231 186 3 0 432 51 1 358 2 125 0 1 1 125
785 8220 1304 1230 183 3 0 431 52 1 359 2 124 0 1 1 125
786 8209 1310 1235 183 3 0 432 51 1 359 2 124 0 1 1 125
787 8209 1310 1235 183 3 0 433 50 1 360 2 123 0 1 1 125
788 8205 1313 1239 180 3 0 433 50 1 361 2 122 0 1 1 125
789 8207 1311 1239 180 3 0 432 51 1 362 2 121 0 1 1 125
790 8213 1307 1235 182 3 0 432 51 1 362 2 121 0 1 1 125
791 8216 1306 1235 180 3 0 432 51 1 363 2 120 0 1 1 125
792 8228 1301 1229 177 3 0 433 51 1 363 2 121 0 1 1 125
793 8232 1298 1228 177 3 0 431 53 1 363 2 121 0 1 1 125
794 8233 1299 1229 174 3 0 431 53 1 363 2 121 0 1 1 125
795 8242 1292 1224 177 3 0 431 53 1 365 2 119 0 1 1 125
796 8244 1292 1224 175 3 0 431 53 1 365 2 119 0 1 1 125
797 8241 1293 1227 172 3 0 431 54 1 367 2 118 0 1 1 125
798 8242 1294 1227 170 3 0 432 53 1 367 2 118 0 1 1 125
799 8248 1290 1222 171 3 0 433 53 1 367 2 119 0 1 1 125
800 8242 1294 1226 169 3 0 433 53 1 367 2 119 0 1 1 125
801 8256 1289 1221 165 3 0 434 52 1 368 2 118 0 1 1 125
802 8258 1286 1221 166 3 0 433 53 1 370 2 116 0 1 1 125
803 8264 1283 1218 166 3 0 433 53 1 370 2 116 0 1 1 125
804 8268 1281 1216 166 3 0 433 53 1 370 2 116 0 1 1 125
805 8269 1280 1218 164 3 0 432 54 1 372 2 114 0 1 1 125
806 8269 1279 1217 166 3 0 432 54 1 372 2 114 0 1 1 125
807 8275 1277 1215 162 3 0 432 55 1 372 2 115 0 1 1 125
808 8273 1277 1217 162 3 0 431 56 1 373 2 114 0 1 1 125
809 8289 1270 1209 161 3 0 431 56 1 372 2 115 0 1 1 125
810 8296 1266 1205 162 3 0 431 56 1 372 2 115 0 1 1 125
811 8317 1254 1194 162 3 0 433 55 1 375 2 113 0 1 1 125
812 8326 1248 1188 165 3 0 433 55 1 375 3 112 0 2 1 124
813 8332 1243 1186 166 3 0 433 55 1 378 3 109 0 3 2 122
814 8339 1239 1184 165 3 0 432 56 1 379 3 108 0 3 2 122
815 8349 1234 1182 162 3 0 432 56 1 382 3 105 0 3 2 122
816 8352 1231 1179 165 3 0 432 56 1 382 3 105 0 3 2 122
817 8353 1230 1178 164 3 0 432 57 1 382 3 106 0 3 2 122
818 8357 1227 1175 166 3 0 432 57 1 382 3 106 0 3 2 122
819 8354 1229 1177 165 3 0 433 56 1 383 3 105 0 3 2 122
820 8354 1227 1178 166 3 0 431 58 1 384 3 104 0 3 2 122
821 8364 1221 1173 167 3 0 431 58 1 385 3 103 0 3 2 122
822 8365 1220 1173 167 3 0 431 58 1 386 3 102 0 3 2 122
823 8367 1221 1171 165 3 0 433 56 1 385 3 103 0 3 2 123
824 8364 1223 1173 164 3 0 433 56 1 385 3 103 0 3 2 123
825 8371 1221 1170 162 3 0 433 56 1 384 3 104 0 3 2 123
826 8372 1219 1169 164 3 0 433 56 1 385 3 103 0 3 2 123
827 8366 1223 1172 163 3 0 434 55 1 385 3 103 0 3 2 123
828 8363 1226 1175 160 3 0 434 55 1 385 3 103 0 3 2 123
829 8365 1224 1176 159 3 0 432 57 1 386 3 102 0 3 2 123
830 8370 1220 1171 163 3 0 432 57 1 385 3 103 0 3 2 123
831 8380 1217 1167 160 3 0 434 55 1 386 3 102 0 3 2 123
832 8388 1214 1164 158 3 0 434 55 1 386 3 102 0 3 2 123
833 8391 1215 1165 153 3 0 434 55 1 386 3 102 0 3 2 123
834 8390 1215 1164 153 3 0 435 55 1 386 3 103 0 3 2 123
835 8393 1215 1164 150 3 0 435 55 1 386 3 103 0 3 2 123
836 8402 1211 1158 150 3 0 437 53 1 386 3 103 0 3 2 124
837 8412 1208 1154 147 3 0 438 52 1 386 3 103 0 3 2 124
838 8407 1210 1156 148 3 0 439 51 1 387 3 102 0 3 2 124
839 8411 1209 1156 145 3 0 439 51 1 388 3 101 0 3 2 124
840 8425 1204 1150 140 3 0 441 50 2 388 2 102 0 3 2 124
841 8433 1202 1146 136 3 0 443 49 2 388 2 103 0 3 2 124
842 8430 1204 1148 135 3 0 443 49 2 388 2 103 0 3 2 124
843 8449 1194 1139 135 3 0 443 49 2 389 2 102 0 3 2 124
844 8450 1194 1140 133 3 0 442 50 2 389 2 102 0 3 2 124
845 8449 1195 1142 131 3 0 441 51 2 389 2 102 0 3 2 124
846 8448 1196 1143 130 3 0 441 51 2 389 2 102 0 3 2 124
847 8461 1188 1137 131 3 0 441 51 2 391 2 100 0 3 2 124
848 8469 1183 1133 132 3 0 441 51 2 392 2 99 0 3 2 124
849 8475 1179 1128 135 3 0 441 51 2 391 2 100 0 3 2 124
850 8472 1179 1129 137 3 0 440 52 2 391 2 100 0 3 2 124
851 8480 1175 1126 136 3 0 440 52 2 392 2 99 0 3 2 124
852 8474 1176 1127 140 3 0 440 52 2 392 2 99 0 3 2 124
853 8473 1177 1128 139 3 0 440 52 2 392 2 99 0 3 2 124
854 8475 1175 1127 140 3 0 439 53 2 392 2 99 0 3 2 124
855 8473 1176 1126 140 3 0 441 52 2 392 2 100 0 3 2 124
856 8496 1163 1115 141 3 0 441 52 2 394 2 98 0 3 2 124
857 8505 1158 1109 143 3 0 442 51 2 394 2 98 0 3 2 124
858 8511 1155 1106 143 3 0 443 50 2 395 2 97 0 3 2 124
859 8515 1152 1103 145 3 0 443 50 2 395 1 98 0 2 2 125
860 8529 1147 1096 143 3 0 445 48 2 395 1 98 0 2 2 125
861 8527 1149 1097 140 3 0 446 48 2 395 1 99 0 2 2 125
862 8532 1146 1094 141 3 0 446 48 2 395 1 99 0 2 2 125
863 8541 1142 1090 140 3 0 446 48 2 395 1 99 0 2 2 125
864 8543 1141 1090 139 3 0 446 48 2 396 1 98 0 2 2 125
865 8553 1138 1087 135 3 0 446 48 2 396 1 98 0 2 2 125
866 8557 1138 1085 133 3 0 446 48 2 394 1 100 0 2 2 125
867 8561 1136 1082 134 3 0 448 46 2 395 1 99 0 2 2 125
868 8575 1130 1077 131 3 0 448 46 2 396 1 98 0 2 2 125
869 8579 1127 1076 131 3 0 447 47 2 397 1 97 0 2 2 125
870 8582 1124 1075 132 3 0 446 48 2 398 1 96 0 2 2 125
871 8585 1122 1073 133 3 0 446 48 2 398 1 96 0 2 2 125
872 8586 1120 1072 135 3 0 446 48 2 399 1 95 0 2 2 125
873 8593 1116 1069 134 3 0 446 48 2 400 1 94 0 2 2 126
874 8602 1112 1065 133 3 0 446 48 2 400 1 94 0 2 2 126
875 8603 1112 1065 132 3 0 446 48 2 400 1 94 0 2 2 126
876 8605 1112 1065 130 3 0 446 48 2 400 1 94 0 2 2 126
877 8613 1108 1062 129 3 0 445 49 2 400 1 94 0 2 2 126
878 8620 1106 1061 125 3 0 445 49 2 401 1 93 0 2 2 126
879 8626 1103 1058 125 3 0 444 50 2 400 1 94 0 2 2 126
880 8629 1101 1055 125 3 0 445 50 2 400 1 95 0 2 2 126
881 8629 1101 1055 125 3 0 445 50 2 400 1 95 0 2 2 126
882 8627 1101 1055 127 3 0 445 50 2 400 1 95 0 2 2 126
883 8634 1098 1052 126 3 0 445 50 2 400 1 95 0 2 2 126
884 8633 1097 1053 127 3 0 445 50 2 402 1 93 0 2 2 126
885 8646 1092 1047 125 3 0 446 49 2 402 1 93 0 2 2 126
886 8660 1085 1043 122 3 0 446 49 3 404 0 91 0 2 2 126
887 8665 1084 1041 120 4 0 446 48 4 403 0 91 0 2 2 126
888 8664 1084 1042 120 4 0 446 48 4 404 0 90 0 2 2 126
889 8660 1086 1043 121 4 0 447 47 4 404 0 90 0 2 2 126
890 8662 1085 1042 121 4 0 447 47 4 404 0 90 0 2 2 126
891 8676 1082 1037 115 4 0 448 46 4 403 0 91 0 2 2 126
892 8682 1080 1034 114 4 0 449 45 4 403 0 91 0 2 2 126
893 8683 1081 1035 109 4 0 451 44 4 405 0 90 0 2 2 126
894 8685 1080 1032 109 4 0 453 43 4 405 0 91 0 2 2 126
895 8694 1077 1029 106 4 0 453 43 4 405 0 91 0 2 2 126
896 8697 1076 1028 105 4 0 453 43 4 405 0 91 0 2 2 126
897 8700 1075 1027 102 4 0 453 44 4 405 0 92 0 2 2 126
898 8718 1068 1021 97 4 0 453 44 4 406 0 91 0 2 2 126
899 8726 1064 1017 97 4 0 453 44 4 406 0 91 0 2 2 126
900 8727 1064 1018 95 4 0 453 44 4 407 0 90 0 2 2 126
901 8724 1066 1020 94 4 0 454 43 4 408 0 89 0 2 2 126
902 8727 1063 1018 96 4 0 454 43 4 409 0 88 0 2 2 126
903 8727 1064 1019 94 4 0 454 43 4 409 0 88 0 2 2 126
904 8742 1056 1014 92 4 0 454 43 4 412 0 85 0 2 2 126
905 8744 1055 1013 92 4 0 454 43 4 412 0 85 0 2 2 126
906 8760 1047 1006 91 4 0 454 43 4 413 0 84 0 2 2 126
907 8764 1044 1004 92 4 0 453 44 4 413 0 84 0 2 2 126
908 8770 1042 1001 89 4 0 455 43 4 414 0 84 0 2 2 126
909 8775 1039 999 89 4 0 455 43 4 415 0 83 0 2 2 126
910 8770 1042 1001 89 4 0 456 42 4 415 0 83 0 2 2 126
911 8765 1045 1004 88 4 0 456 42 4 415 0 83 0 2 2 126
912 8759 1047 1006 90 4 0 456 42 4 415 0 83 0 2 2 126
913 8759 1047 1005 90 4 0 458 40 4 416 0 82 0 2 2 127
914 8764 1044 1001 92 4 0 459 39 4 416 0 82 0 2 2 127
915 8773 1039 994 93 4 0 461 38 4 416 0 83 0 2 2 127
916 8782 1034 990 93 4 0 461 38 4 417 0 82 0 2 2 127
917 8788 1030 989 92 4 0 460 39 4 419 0 80 0 2 2 127
918 8787 1030 989 93 4 0 460 39 4 419 0 80 0 2 2 127
919 8788 1028 987 96 4 0 460 39 4 419 0 80 0 2 2 127
920 8788 1028 987 96 4 0 460 39 4 419 0 80 0 2 2 127
921 8791 1027 985 94 4 0 461 39 4 419 0 81 0 2 2 127
922 8794 1026 983 94 4 0 461 39 4 418 0 82 0 2 2 127
923 8805 1021 977 94 4 0 461 39 4 417 0 83 0 2 2 127
924 8814 1014 974 95 4 0 459 41 4 419 0 81 0 2 2 127
925 8812 1013 973 99 4 0 459 41 4 419 0 81 0 2 2 127
926 8807 1016 976 98 4 0 459 41 4 419 0 81 0 2 2 127
927 8816 1013 972 96 4 0 460 40 4 419 0 81 0 2 2 127
928 8823 1010 968 96 4 0 461 39 4 419 0 81 0 2 2 127
929 8821 1011 969 96 4 0 461 39 4 419 0 81 0 2 2 127
930 8823 1010 968 96 4 0 461 39 4 419 0 81 0 2 2 127
931 8831 1006 965 95 4 0 461 39 4 420 0 80 0 2 2 127
932 8834 1004 963 96 4 0 462 38 4 421 0 79 0 2 2 127
933 8846 998 955 98 4 0 463 37 4 420 0 80 0 2 2 127
934 8858 992 949 98 4 0 463 37 4 420 0 80 0 2 2 127
935 8858 991 950 98 4 0 462 38 4 421 0 79 0 2 2 127
936 8866 987 945 99 4 0 462 38 4 420 0 80 0 2 2 127
937 8865 988 947 97 4 0 463 37 4 422 0 78 0 2 2 127
938 8861 990 949 97 4 0 463 37 4 422 0 78 0 2 2 127
939 8872 984 945 96 4 0 462 38 4 423 0 77 0 2 2 127
940 8875 983 943 96 4 0 464 36 4 424 0 76 0 2 2 127
941 8874 986 946 91 4 0 464 36 4 424 0 76 0 2 2 127
942 8877 985 944 91 4 0 465 35 4 424 0 76 0 2 2 127
943 8881 983 943 90 4 0 465 35 4 425 0 75 0 2 2 127
944 8896 975 937 89 4 0 464 36 4 426 0 74 0 2 2 127
945 8902 972 934 89 5 0 465 34 5 427 0 72 0 2 2 127
946 8898 974 936 89 5 0 465 34 5 427 0 72 0 2 2 127
947 8906 971 932 88 5 0 466 33 5 427 0 72 0 2 2 127
948 8910 970 930 87 5 0 467 32 5 427 0 72 0 2 2 127
949 8919 966 926 86 5 0 468 31 5 428 0 71 0 2 2 127
950 8934 959 918 86 5 0 469 30 5 428 0 71 0 2 2 127
951 8937 958 917 85 5 0 469 30 5 428 0 71 0 2 2 127
952 8945 954 913 85 5 0 469 30 5 428 0 71 0 2 2 127
953 8951 950 910 86 5 0 469 30 5 429 0 70 0 2 2 127
954 8955 947 909 86 5 0 469 30 5 431 0 68 0 2 2 127
955 8947 952 913 85 5 0 469 30 5 430 0 69 0 2 2 127
956 8950 949 911 87 5 0 468 31 5 430 0 69 0 2 2 127
957 8957 945 909 86 5 0 468 31 5 432 0 67 0 2 2 127
958 8957 944 907 87 5 0 469 31 5 432 0 68 0 2 2 127
959 8953 946 910 84 5 0 468 33 5 432 0 69 0 2 2 127
960 8963 940 906 84 5 0 467 34 5 433 0 68 0 2 2 127
961 8960 942 907 84 5 0 468 33 5 433 0 68 0 2 2 127
962 8960 942 907 84 5 0 467 34 5 432 0 69 0 2 2 127
963 8960 941 907 85 5 0 466 35 5 432 0 69 0 2 2 127
964 8981 930 895 87 5 0 467 34 5 432 0 69 0 2 2 127
965 8986 928 894 85 5 0 467 34 5 433 0 68 0 2 2 127
966 8982 929 895 87 5 0 467 34 5 433 0 68 0 2 2 127
967 8978 931 896 88 5 0 467 34 5 432 0 69 0 2 2 127
968 8971 935 900 87 5 0 466 35 5 431 0 70 0 2 2 127
969 8974 933 898 88 5 0 466 35 5 431 0 70 0 2 2 127
970 8982 929 894 88 5 0 467 34 5 432 0 69 0 2 2 127
971 8983 928 893 89 5 0 467 34 5 432 0 69 0 2 2 127
972 8987 926 891 89 5 0 467 34 5 432 0 69 0 2 2 127
973 8994 923 888 88 5 0 467 34 5 432 0 69 0 2 2 127
974 8993 922 889 89 5 0 467 34 5 434 0 67 0 2 2 127
975 8985 925 893 90 5 0 467 34 5 435 0 66 0 2 2 127
976 8976 930 898 89 5 0 467 34 5 435 0 66 0 2 2 127
977 8980 929 897 87 5 0 467 34 5 435 0 66 0 2 2 127
978 8986 927 895 85 5 0 467 34 5 435 0 66 0 2 2 127
979 8989 925 893 86 5 0 467 34 5 435 0 66 0 2 2 127
980 8998 921 887 86 5 0 469 32 5 435 0 66 0 2 2 128
981 9013 914 880 85 5 0 469 32 5 435 0 66 0 2 2 128
982 9011 915 881 85 5 0 469 32 5 435 0 66 0 2 2 128
983 9022 910 875 85 5 0 469 32 5 434 0 67 0 2 2 128
984 9022 909 876 85 5 0 468 33 5 435 0 66 0 2 2 128
985 9027 907 873 85 5 0 469 32 5 435 0 66 0 2 2 128
986 9037 902 868 85 5 0 469 32 5 435 0 66 0 2 2 128
987 9037 904 868 83 5 0 471 30 5 435 0 66 0 2 2 128
988 9038 903 867 84 5 0 471 30 5 435 0 66 0 2 2 128
989 9044 900 864 84 5 0 471 30 5 435 0 66 0 2 2 128
990 9055 894 859 84 5 0 470 31 5 435 0 66 0 2 2 128
991 9056 893 859 84 5 0 470 31 5 436 0 65 0 2 2 128
992 9060 893 859 80 5 0 470 31 5 436 0 65 0 2 2 128
993 9055 895 860 82 5 0 471 30 5 436 0 65 0 2 2 128
994 9053 896 861 82 5 0 471 30 5 436 0 65 0 2 2 128
995 9055 895 860 82 5 0 471 30 5 436 0 65 0 2 2 128
996 9058 894 859 81 5 0 471 30 5 436 0 65 0 2 2 128
997 9061 892 857 80 5 0 471 31 5 436 0 66 0 2 2 128
998 9056 895 859 80 5 0 471 31 5 435 0 67 0 2 2 128
999 9061 892 857 80 5 0 470 32 5 435 0 67 0 2 2 128
1000 9064 890 855 81 5 0 470 32 5 435 0 67 0 2 2 128
1001 9063 890 855 82 5 0 470 32 5 435 0 67 0 2 2 128
1002 9069 887 853 81 5 0 470 32 5 436 0 66 0 2 2 128
1003 9076 884 850 80 5 0 470 32 5 436 0 66 0 2 2 128
1004 9080 882 848 80 5 0 470 32 5 436 0 66 0 2 2 128
1005 9080 880 847 83 5 0 470 32 5 437 0 65 0 2 2 128
1006 9091 876 841 82 5 0 472 30 5 437 0 65 0 2 2 128
1007 9100 871 836 83 5 0 472 30 5 437 0 65 0 2 2 128
1008 9104 869 834 83 5 0 472 30 5 437 0 65 0 2 2 128
1009 9106 868 833 83 5 0 472 30 5 437 0 65 0 2 2 128
1010 9109 866 831 84 5 0 472 30 5 437 0 65 0 2 2 128
1011 9115 864 828 83 5 0 473 29 5 437 0 65 0 2 2 128
1012 9131 857 821 81 5 0 473 29 5 437 0 65 0 2 2 128
1013 9133 856 820 81 5 0 473 29 5 437 0 65 0 2 2 128
1014 9134 855 820 82 5 0 472 30 5 437 0 65 0 2 2 127
1015 9140 852 816 83 5 0 473 29 5 437 0 65 0 2 2 127
1016 9142 850 814 85 5 0 473 29 5 437 0 65 0 2 2 127
1017 9145 850 813 83 5 0 474 28 5 437 0 65 0 2 2 127
1018 9149 849 812 81 5 0 474 28 5 437 0 65 0 2 2 127
1019 9154 847 809 81 5 0 474 28 5 436 0 66 0 2 2 127
1020 9155 847 809 80 5 0 474 28 5 436 0 66 0 2 2 127
1021 9163 844 806 78 5 0 474 28 5 436 0 66 0 2 2 127
1022 9174 839 800 78 5 0 475 27 5 436 0 66 0 2 2 127
1023 9181 835 797 78 5 0 475 27 5 437 0 65 0 2 2 127
1024 9185 834 796 76 5 0 475 27 5 437 0 65 0 2 2 127
1025 9199 827 790 75 5 0 475 27 5 438 0 64 0 2 2 127
1026 9206 824 787 74 5 0 475 27 5 438 0 64 0 2 2 127
1027 9211 822 784 70 5 0 476 28 5 438 0 66 0 2 2 127
1028 9209 822 785 71 5 0 476 28 5 439 0 65 0 2 2 127
1029 9211 821 784 71 5 0 476 28 5 439 0 65 0 2 2 127
1030 9210 821 784 72 5 0 476 28 5 439 0 65 0 2 2 127
1031 9204 824 787 72 5 0 476 28 5 439 0 65 0 2 2 127
1032 9206 823 786 72 5 0 476 28 5 439 0 65 0 2 2 127
1033 9212 819 782 74 5 0 476 28 5 439 0 65 0 2 2 127
1034 9222 815 777 73 5 0 477 27 5 439 0 65 0 2 2 127
1035 9232 811 773 69 5 0 477 28 5 439 0 66 0 2 2 127
1036 9225 815 777 68 5 0 477 28 5 439 0 66 0 2 2 127
1037 9230 813 775 67 5 0 477 28 6 438 0 66 0 3 2 126
1038 9238 810 774 63 5 0 477 28 6 440 0 64 0 3 2 126
1039 9244 808 772 61 5 0 477 28 6 440 0 64 0 3 2 126
1040 9246 807 771 61 5 0 477 28 6 440 0 64 0 3 2 126
1041 9246 807 771 61 5 0 477 28 6 440 0 64 0 3 2 126
1042 9243 808 772 62 5 0 477 28 6 440 0 64 0 3 2 126
1043 9247 808 772 58 5 0 477 28 6 440 0 64 0 3 2 126
1044 9245 809 772 59 5 0 477 28 6 439 0 65 0 3 2 126
1045 9248 807 770 60 5 0 477 28 6 439 0 65 0 3 2 126
1046 9250 806 770 59 5 0 477 28 6 440 0 64 0 3 2 126
1047 9259 801 766 59 5 0 477 28 6 441 0 63 0 3 2 126
1048 9255 804 768 58 5 0 477 28 6 440 0 64 0 3 2 126
1049 9269 797 762 57 5 0 477 28 6 441 0 63 0 3 2 126
1050 9268 797 762 58 5 0 477 28 6 441 0 63 0 3 2 126
1051 9276 793 757 59 5 0 477 28 6 440 0 64 0 3 2 126
1052 9277 792 756 58 5 0 478 28 6 441 0 64 0 3 2 126
1053 9285 789 752 57 5 0 479 27 6 441 0 64 0 3 2 126
1054 9287 788 751 57 5 0 479 27 6 441 0 64 0 3 2 126
1055 9292 785 749 57 5 0 479 27 6 442 0 63 0 3 2 126
1056 9296 784 746 57 5 0 480 26 6 441 0 64 0 3 2 126
1057 9306 779 741 57 5 0 480 26 6 441 0 64 0 3 2 126
1058 9307 779 740 57 5 0 481 25 6 441 0 64 0 3 2 126
1059 9309 779 739 56 5 0 482 24 6 441 0 64 0 3 2 126
1060 9305 781 741 56 5 0 482 24 6 441 0 64 0 3 2 126
1061 9312 778 736 57 5 0 484 22 6 441 0 64 0 3 2 126
1062 9312 778 735 57 5 0 485 21 6 441 0 64 0 3 2 127
1063 9312 777 735 58 5 0 485 21 6 442 0 63 0 3 2 127
1064 9320 773 731 58 5 0 485 21 6 442 0 63 0 3 2 127
1065 9324 771 729 58 5 0 485 21 6 442 0 63 0 3 2 127
1066 9330 768 726 58 5 0 485 21 6 442 0 63 0 3 2 127
1067 9329 768 728 57 5 0 485 21 6 444 0 61 0 3 2 127
1068 9334 765 725 58 5 0 485 21 6 444 0 61 0 3 2 127
1069 9332 766 725 58 5 0 485 21 6 443 0 62 0 3 2 128
1070 9336 764 722 59 5 0 485 21 6 442 0 63 0 3 2 128
1071 9344 761 718 58 5 0 486 20 6 442 0 63 0 3 2 128
1072 9344 760 717 60 5 0 486 20 6 442 0 63 0 3 2 128
1073 9351 757 714 59 5 0 486 20 6 442 0 63 0 3 2 128
1074 9346 758 717 60 5 0 484 22 6 442 0 63 0 3 2 128
1075 9348 758 715 60 5 0 486 20 6 442 0 63 0 3 2 128
1076 9352 757 713 59 5 0 487 19 6 442 0 63 0 3 2 128
1077 9352 757 713 59 5 0 487 19 6 442 0 63 0 3 2 128
1078 9361 753 710 57 5 0 487 19 6 443 0 62 0 3 2 128
1079 9359 753 711 58 5 0 486 20 6 443 0 62 0 3 2 128
1080 9357 753 713 58 5 0 485 21 6 444 0 61 0 3 2 128
1081 9364 749 710 58 5 0 484 22 6 444 0 61 0 3 2 128
1082 9365 749 710 57 5 0 484 22 6 444 0 61 0 3 2 128
1083 9370 747 708 56 5 0 484 22 6 444 0 61 0 3 2 128
1084 9373 745 706 57 6 0 483 22 7 443 0 61 0 3 2 128
1085 9377 743 704 57 6 0 483 22 7 443 0 61 0 3 2 128
1086 9378 742 703 58 6 0 484 21 7 444 0 60 0 3 2 128
1087 9381 741 702 57 6 0 484 21 7 444 0 60 0 3 2 128
1088 9383 740 701 57 6 0 484 21 7 444 0 60 0 3 2 128
1089 9393 735 696 57 6 0 484 21 7 444 0 60 0 3 2 128
1090 9402 732 690 57 6 0 485 20 7 442 0 62 0 3 2 128
1091 9403 732 689 57 6 0 486 19 7 442 0 62 0 3 2 128
1092 9403 733 688 57 6 0 487 18 7 441 0 63 0 3 2 128
1093 9409 730 685 57 6 0 487 18 7 441 0 63 0 3 2 128
1094 9422 723 679 57 6 0 487 18 7 442 0 62 0 3 2 128
1095 9422 724 680 55 6 0 487 18 7 442 0 62 0 3 2 128
1096 9422 723 681 55 6 0 487 18 7 444 0 60 0 3 2 128
1097 9423 724 682 52 6 0 487 18 7 444 0 60 0 3 2 128
1098 9427 722 680 51 6 0 488 17 7 445 0 59 0 3 2 129
1099 9434 718 677 51 6 0 488 17 7 446 0 58 0 3 2 129
1100 9434 718 676 52 6 0 488 17 7 445 0 59 0 3 2 129
1101 9439 715 673 53 6 0 488 17 7 445 0 59 0 3 2 129
1102 9435 717 674 52 7 0 488 17 7 445 0 60 0 3 3 128
1103 9429 720 677 52 7 0 488 17 7 445 0 60 0 3 3 128
1104 9430 719 677 52 7 0 488 17 7 446 0 59 0 3 3 128
1105 9429 720 677 52 7 0 488 17 7 445 0 60 0 3 3 128
1106 9437 717 674 50 7 0 488 17 7 445 0 60 0 3 3 128
1107 9439 716 675 48 7 0 488 17 7 447 0 58 0 3 3 128
1108 9444 714 672 48 7 0 489 16 7 447 0 58 0 3 3 128
1109 9444 715 671 48 7 0 489 16 7 445 0 60 0 3 3 128
1110 9452 711 667 48 7 0 489 16 7 445 0 60 0 3 3 128
1111 9458 708 664 48 7 0 489 16 7 445 0 60 0 3 3 128
1112 9466 704 660 48 7 0 489 16 7 445 0 60 0 3 3 128
1113 9466 703 660 49 7 0 489 16 7 446 0 59 0 3 3 128
1114 9474 699 656 49 7 0 489 16 7 446 0 59 0 3 3 128
1115 9483 695 652 48 7 0 489 16 7 446 0 59 0 3 3 128
1116 9474 699 656 49 7 0 489 16 7 446 0 59 0 3 3 128
1117 9481 695 653 49 7 0 489 16 7 447 0 58 0 3 3 128
1118 9481 695 653 49 7 0 489 16 7 447 0 58 0 3 3 128
1119 9481 695 653 49 7 0 489 16 7 447 0 58 0 3 3 128
1120 9483 694 653 48 7 0 488 17 7 447 0 58 0 3 3 128
1121 9487 692 652 47 7 0 488 17 7 448 0 57 0 3 3 128
1122 9487 691 652 48 7 0 488 17 7 449 0 56 0 3 3 128
1123 9491 689 650 48 7 0 488 17 7 449 0 56 0 3 3 128
1124 9491 689 650 48 7 0 488 17 7 449 0 56 0 3 3 128
1125 9486 691 652 49 7 0 487 18 7 448 0 57 0 3 3 128
1126 9481 693 653 51 7 0 487 18 7 447 0 58 0 3 3 128
1127 9482 692 654 50 7 0 486 19 7 448 0 57 0 3 3 128
1128 9484 691 653 50 7 0 486 19 7 448 0 57 0 3 3 128
1129 9482 692 654 50 7 0 486 19 7 448 0 57 0 3 3 128
1130 9484 691 653 50 7 0 486 19 7 448 0 57 0 3 3 128
1131 9487 690 651 50 7 0 486 19 7 447 0 58 0 3 3 128
1132 9483 693 654 48 7 0 486 19 7 447 0 58 0 3 3 128
1133 9487 691 652 48 7 0 486 19 7 447 0 58 0 3 3 128
1134 9493 688 649 48 7 0 486 19 7 447 0 58 0 3 3 128
1135 9498 685 647 48 7 0 486 19 7 448 0 57 0 3 3 128
1136 9497 687 649 45 7 0 486 19 7 448 0 57 0 3 3 128
1137 9500 686 647 45 7 0 487 18 7 448 0 57 0 3 3 128
1138 9500 686 648 44 7 0 487 18 7 449 0 56 0 3 3 128
1139 9505 684 647 42 7 0 487 18 7 450 0 55 0 3 3 128
1140 9509 682 646 41 7 0 487 18 7 451 0 54 0 3 3 128
1141 9508 682 647 41 7 0 487 18 7 452 0 53 0 3 3 128
1142 9522 675 640 41 7 0 487 18 7 452 0 53 0 3 3 128
1143 9525 673 639 41 7 0 487 18 7 453 0 52 0 3 3 128
1144 9525 673 639 41 7 0 487 18 7 453 0 52 0 3 3 128
1145 9529 671 637 41 7 0 487 18 7 453 0 52 0 4 4 126
1146 9545 664 629 40 7 0 488 17 7 453 0 52 0 4 4 126
1147 9539 667 632 40 7 0 488 17 7 453 0 52 0 4 4 126
1148 9546 663 630 39 7 0 488 17 7 455 0 50 0 4 4 126
1149 9558 657 625 38 7 0 487 18 7 455 0 50 0 4 4 126
1150 9563 654 621 40 7 0 488 17 7 455 0 50 0 4 4 126
1151 9558 656 623 41 7 0 488 17 7 455 0 50 0 4 4 126
1152 9561 655 621 41 7 0 488 17 7 454 0 51 0 4 4 126
1153 9564 653 620 41 7 0 488 17 7 455 0 50 0 4 4 126
1154 9565 652 620 41 7 0 488 17 7 456 0 49 0 4 4 126
1155 9578 645 615 40 7 0 488 17 7 458 0 47 0 4 4 126
1156 9580 644 613 41 7 0 489 16 7 458 0 47 0 4 4 126
1157 9593 638 607 40 7 0 489 16 7 458 0 47 0 4 4 126
1158 9589 640 609 40 7 0 489 16 7 458 0 47 0 4 4 126
1159 9588 640 610 40 7 0 489 16 7 459 0 46 0 4 4 126
1160 9590 639 610 39 7 0 489 16 7 460 0 45 0 4 4 126
1161 9597 636 607 38 7 0 489 16 7 460 0 45 0 4 4 126
1162 9605 631 603 39 7 0 489 16 7 461 0 44 0 4 4 126
1163 9611 629 600 38 7 0 489 16 7 460 0 45 0 4 4 126
1164 9607 631 602 38 7 0 489 16 7 460 0 45 0 4 4 126
1165 9613 629 598 38 7 0 490 15 7 459 0 46 0 4 4 126
1166 9618 627 595 38 7 0 491 14 7 459 0 46 0 4 4 126
1167 9627 622 591 38 7 0 490 15 7 459 0 46 0 4 4 126
1168 9628 622 590 38 7 0 490 15 7 458 0 47 0 4 4 126
1169 9627 623 590 38 7 0 490 15 7 457 0 48 0 4 4 126
1170 9636 618 585 39 7 0 491 14 7 458 0 47 0 4 4 126
1171 9639 617 584 38 7 0 491 14 7 458 0 47 0 4 4 126
1172 9644 614 581 37 7 0 491 15 7 458 0 48 0 4 4 126
1173 9646 613 580 37 7 0 491 15 7 458 0 48 0 4 4 126
1174 9651 610 578 37 7 0 491 15 7 459 0 47 0 4 4 126
1175 9646 613 581 36 7 0 491 15 7 459 0 47 0 4 4 126
1176 9646 613 580 37 7 0 491 15 7 458 0 48 0 4 4 126
1177 9648 612 579 37 7 0 491 15 7 458 0 48 0 4 4 126
1178 9650 610 580 36 7 0 491 15 7 461 0 45 0 4 4 126
1179 9650 609 579 38 7 0 492 14 7 462 0 44 0 4 4 126
1180 9657 606 577 38 7 0 491 14 7 462 0 43 0 4 4 126
1181 9656 606 578 38 7 0 490 15 7 462 0 43 0 4 4 126
1182 9668 600 572 38 7 0 490 15 7 462 0 43 0 4 4 126
1183 9674 597 569 38 7 0 490 15 7 462 0 43 0 4 4 126
1184 9683 593 563 39 7 0 491 14 7 461 0 44 0 4 4 126
1185 9674 598 567 39 7 0 491 14 7 460 0 45 0 4 4 126
1186 9670 600 570 38 7 0 491 14 7 461 0 44 0 4 4 126
1187 9668 600 570 38 7 0 491 15 7 461 0 45 0 4 4 126
1188 9677 595 566 38 7 0 491 15 7 462 0 44 0 4 4 126
1189 9675 596 567 38 7 0 491 15 7 462 0 44 0 4 4 126
1190 9663 602 571 40 7 0 491 15 7 460 0 46 0 4 4 126
1191 9664 601 570 41 7 0 491 15 7 460 0 46 0 4 4 126
1192 9665 601 570 40 7 0 491 15 7 460 0 46 0 4 4 126
1193 9669 599 569 39 7 0 490 16 7 460 0 46 0 4 4 126
1194 9667 600 570 39 7 0 490 16 7 460 0 46 0 4 4 126
1195 9660 603 572 41 7 0 490 16 7 459 0 47 0 4 4 126
1196 9655 604 575 42 7 0 489 17 7 460 0 46 0 4 4 126
1197 9658 602 574 42 7 0 489 17 7 461 0 45 0 4 4 126
1198 9662 600 572 42 7 0 489 17 7 461 0 45 0 4 4 126
1199 9667 599 570 40 7 0 489 17 7 460 0 46 0 4 4 126
1200 9661 601 573 41 7 0 488 18 7 460 0 46 0 4 4 126
1201 9661 601 573 41 7 0 488 18 7 460 0 46 0 4 4 126
1202 9664 599 572 41 7 0 487 19 7 460 0 46 0 4 4 126
1203 9665 599 571 41 7 0 487 19 7 459 0 47 0 4 4 126
1204 9670 597 569 40 7 0 487 19 7 459 0 47 0 4 4 126
1205 9668 598 570 40 7 0 487 19 7 459 0 47 0 4 4 126
1206 9672 597 569 38 7 0 487 19 7 459 0 47 0 4 4 126
1207 9674 596 568 38 7 0 487 19 7 459 0 47 0 4 4 126
1208 9677 595 566 38 7 0 488 18 7 459 0 47 0 4 4 126
1209 9685 591 562 38 7 0 488 18 7 459 0 47 0 4 4 126
1210 9691 588 559 38 7 0 488 18 7 459 0 47 0 4 4 126
1211 9694 586 558 38 7 0 488 18 7 460 0 46 0 4 4 126
1212 9701 583 555 37 7 0 488 18 7 460 0 46 0 4 4 126
1213 9705 581 553 37 7 0 488 18 7 460 0 46 0 4 4 126
1214 9714 578 549 35 7 0 489 17 7 460 0 46 0 4 4 126
1215 9710 581 552 33 7 0 489 17 7 460 0 46 0 4 4 126
1216 9715 579 549 33 7 0 490 16 7 460 0 46 0 4 4 126
1217 9717 578 548 33 7 0 490 16 7 460 0 46 0 4 4 126
1218 9715 579 549 33 8 0 489 16 8 459 0 46 0 4 4 126
1219 9713 580 550 33 8 0 489 16 8 459 0 46 0 4 4 126
1220 9717 578 548 33 8 0 490 15 8 460 0 45 0 4 4 126
1221 9726 573 544 33 8 0 489 16 8 460 0 45 0 4 4 126
1222 9740 567 538 31 8 0 489 16 8 460 0 45 0 4 4 126
1223 9748 562 533 33 8 0 489 16 8 460 0 45 0 4 4 126
1224 9747 562 534 33 8 0 488 17 8 460 0 45 0 4 4 126
1225 9750 561 533 32 8 0 488 17 8 460 0 45 0 4 4 126
1226 9764 555 527 30 8 0 488 17 8 460 0 45 0 4 4 126
1227 9772 551 523 30 8 0 488 17 8 460 0 45 0 4 4 126
1228 9778 548 520 30 8 0 488 17 8 460 0 45 0 4 4 126
1229 9777 548 521 30 8 0 487 18 8 460 0 45 0 4 4 126
1230 9781 546 519 30 8 0 487 18 8 460 0 45 0 4 4 126
1231 9790 541 515 30 8 0 487 18 8 461 0 44 0 4 4 126
1232 9791 541 515 29 8 0 487 18 8 461 0 44 0 4 4 126
1233 9799 537 512 28 8 0 487 18 8 462 0 43 0 4 4 126
1234 9801 536 511 28 8 0 487 18 8 462 0 43 0 4 4 126
1235 9801 536 511 28 8 0 487 18 8 462 0 43 0 4 4 126
1236 9812 530 506 28 8 0 486 19 8 462 0 43 0 4 4 126
1237 9814 529 505 28 8 0 486 19 8 462 0 43 0 4 4 126
1238 9824 524 499 27 8 0 487 19 8 462 0 44 0 4 4 126
1239 9822 525 500 27 8 0 487 19 8 462 0 44 0 4 4 126
1240 9831 522 495 26 8 0 488 18 8 461 0 45 0 4 4 126
1241 9840 518 490 26 8 0 489 17 8 461 0 45 0 4 4 126
1242 9849 513 485 27 8 0 489 17 8 461 0 45 0 4 4 126
1243 9850 513 484 27 8 0 490 16 8 461 0 45 0 4 4 126
1244 9854 512 482 26 8 0 491 15 8 461 0 45 0 4 4 126
1245 9856 511 481 26 8 0 490 16 8 460 0 46 0 4 4 126
1246 9856 511 481 26 8 0 490 16 8 460 0 46 0 4 4 126
1247 9855 511 482 26 8 0 490 16 8 461 0 45 0 4 4 126
1248 9861 507 479 27 8 0 490 16 8 462 0 44 0 4 4 126
1249 9860 507 480 27 8 0 490 16 8 463 0 43 0 4 4 126
1250 9859 507 481 27 8 0 490 16 8 464 0 42 0 4 4 126
1251 9860 506 480 28 8 0 490 16 8 464 0 42 0 4 4 126
1252 9862 505 479 28 8 0 490 16 8 464 0 42 0 4 4 126
1253 9868 503 478 25 8 0 490 16 8 465 0 41 0 4 4 126
1254 9870 502 477 25 8 0 490 16 8 465 0 41 0 4 4 126
1255 9871 502 477 24 8 0 490 16 8 465 0 41 0 4 4 126
1256 9873 501 476 24 8 0 490 16 8 465 0 41 0 4 4 126
1257 9868 504 478 24 8 0 491 15 8 465 0 41 0 4 4 126
1258 9868 504 478 24 8 0 491 15 8 465 0 41 0 4 4 126
1259 9869 503 478 24 8 0 491 15 8 466 0 40 0 4 4 126
1260 9872 502 477 23 8 0 491 15 8 466 0 40 0 4 4 126
1261 9867 505 480 22 8 0 491 15 8 466 0 40 0 4 4 126
1262 9865 506 481 22 8 0 491 15 8 466 0 40 0 4 4 126
1263 9864 507 481 22 8 0 491 15 8 465 0 41 0 4 4 126
1264 9862 508 482 22 8 0 491 15 8 465 0 41 0 4 4 126
1265 9864 507 481 22 8 0 491 15 8 465 0 41 0 4 4 126
1266 9862 508 482 22 8 0 491 15 8 465 0 41 0 4 4 126
1267 9863 507 482 22 8 0 490 16 8 465 0 41 0 4 4 126
1268 9861 508 483 22 8 0 490 16 8 465 0 41 0 4 4 126
1269 9865 506 481 22 8 0 490 16 8 465 0 41 0 4 4 126
1270 9867 505 480 22 8 0 490 16 8 465 0 41 0 4 4 126
1271 9872 502 478 22 8 0 490 16 8 466 0 40 0 4 4 126
1272 9880 498 474 22 8 0 490 16 8 466 0 40 0 4 4 126
1273 9889 493 470 22 8 0 490 16 8 467 0 39 0 4 4 126
1274 9896 490 467 21 8 0 490 16 8 467 0 39 0 4 4 126
1275 9896 490 467 21 8 0 490 16 8 467 0 39 0 4 4 126
1276 9902 487 464 21 8 0 490 16 8 467 0 39 0 4 4 126
1277 9898 489 466 21 8 0 490 16 8 467 0 39 0 4 4 126
1278 9896 490 467 21 8 0 490 16 8 467 0 39 0 4 4 126
1279 9902 488 465 19 8 0 490 16 8 467 0 39 0 4 4 126
1280 9905 487 463 19 8 0 491 15 8 467 0 39 0 4 4 126
1281 9911 484 460 19 8 0 491 15 8 467 0 39 0 4 4 126
1282 9911 484 460 19 8 0 491 15 8 467 0 39 0 4 4 126
1283 9911 484 460 19 8 0 491 15 8 467 0 39 0 4 4 126
1284 9901 489 465 19 8 0 491 15 8 467 0 39 0 4 4 126
1285 9903 488 464 19 8 0 491 15 8 467 0 39 0 4 4 126
1286 9903 488 464 19 9 0 490 15 8 467 1 38 0 4 4 126
1287 9903 488 464 19 9 0 490 15 8 467 1 38 0 4 4 126
1288 9903 488 464 19 9 0 490 15 8 467 1 38 0 4 4 126
1289 9896 492 468 18 9 0 490 15 8 467 1 38 0 4 4 126
1290 9894 492 469 19 10 0 489 15 9 467 1 37 0 4 4 126
1291 9897 489 467 21 10 0 488 16 9 467 1 37 0 4 4 126
1292 9901 487 465 21 10 0 488 16 9 467 1 37 0 4 4 126
1293 9897 489 467 21 10 0 488 16 9 467 1 37 0 4 4 126
1294 9902 486 465 21 10 0 487 17 9 467 1 37 0 4 4 126
1295 9902 486 464 22 10 0 487 17 9 466 1 38 0 4 4 126
1296 9904 485 463 22 10 0 487 17 9 466 1 38 0 4 4 126
1297 9905 485 463 21 10 0 487 17 9 466 1 38 0 4 4 126
1298 9903 486 464 21 10 0 487 17 9 466 1 38 0 4 4 126
1299 9904 486 464 20 10 0 487 17 9 466 1 38 0 4 4 126
1300 9903 487 464 20 10 0 487 17 9 465 1 39 0 4 4 126
1301 9909 483 460 21 10 0 488 16 9 466 1 38 0 4 4 127
1302 9913 481 458 21 10 0 488 16 9 466 1 38 0 4 4 127
1303 9912 481 458 22 10 0 488 16 9 466 1 38 0 4 4 127
1304 9914 480 458 21 10 0 487 17 9 466 1 38 0 4 4 127
1305 9913 480 458 22 10 0 487 17 9 466 1 38 0 4 4 127
1306 9915 480 457 21 10 0 488 16 9 466 1 38 0 4 4 127
1307 9921 477 454 21 10 0 489 15 9 467 1 37 0 4 4 127
1308 9925 475 452 21 10 0 489 15 9 467 1 37 0 4 4 127
1309 9927 474 451 21 10 0 489 15 9 467 1 37 0 4 4 127
1310 9935 470 447 21 10 0 489 15 9 467 1 37 0 4 4 127
1311 9940 468 444 21 10 0 489 15 9 466 1 38 0 4 4 127
1312 9933 472 448 20 10 0 489 15 9 466 1 38 0 4 4 127
1313 9938 469 446 20 10 0 489 15 9 467 1 37 0 4 4 127
1314 9940 468 445 20 9 0 490 15 8 468 1 37 0 4 4 127
1315 9947 465 442 19 9 0 490 15 8 468 1 37 0 4 4 127
1316 9946 465 443 19 9 0 490 15 8 469 1 36 0 4 4 127
1317 9950 463 441 19 9 0 490 15 8 469 1 36 0 4 4 127
1318 9949 464 441 19 9 0 490 15 8 468 1 37 0 4 4 127
1319 9953 462 439 19 9 0 490 15 8 468 1 37 0 4 4 127
1320 9951 463 440 19 9 0 490 15 8 468 1 37 0 4 4 127
1321 9952 463 439 19 9 0 491 14 8 468 1 37 0 4 4 127
1322 9960 459 435 19 9 0 491 14 8 468 1 37 0 4 4 127
1323 9964 457 433 19 10 0 490 14 9 467 1 37 0 4 4 127
1324 9965 456 432 20 10 0 490 14 9 467 1 37 0 4 4 127
1325 9971 453 429 20 10 0 490 14 9 467 1 37 0 4 4 127
1326 9977 450 426 20 11 0 489 14 10 466 1 37 0 4 4 127
1327 9978 449 424 21 11 0 490 13 10 466 1 37 0 4 4 128
1328 9976 449 425 22 11 0 489 14 10 466 1 37 0 4 4 128
1329 9976 450 426 20 11 0 489 14 10 466 1 37 0 4 4 128
1330 9984 446 422 20 11 0 489 14 10 466 1 37 0 4 4 128
1331 9990 443 419 20 11 0 489 14 10 466 1 37 0 4 4 128
1332 9992 442 418 20 11 0 489 14 10 466 1 37 0 4 4 128
1333 9994 441 418 19 11 0 489 14 10 467 1 36 0 4 4 128
1334 9994 441 418 19 11 0 489 14 10 467 1 36 0 4 4 128
1335 9998 440 416 18 11 0 490 13 10 467 1 36 0 4 4 128
1336 9997 441 417 17 11 0 490 13 10 467 1 36 0 4 4 128
1337 10001 439 415 17 11 0 490 13 10 467 1 36 0 4 4 128
1338 10003 438 414 17 11 0 490 13 10 467 1 36 0 4 4 128
1339 10004 438 413 17 11 0 490 13 10 466 1 37 0 4 4 128
1340 10003 437 413 19 11 0 489 14 10 466 1 37 0 4 4 128
1341 10003 437 413 19 11 0 489 14 10 466 1 37 0 4 4 128
1342 10002 437 414 19 11 0 489 14 10 467 1 36 0 4 4 128
1343 10010 433 410 19 11 0 489 14 10 467 1 36 0 4 4 128
1344 10010 433 410 19 11 0 489 14 10 467 1 36 0 4 4 128
1345 10010 433 410 19 11 0 489 14 10 467 1 36 0 4 4 128
1346 10008 434 412 18 11 0 489 14 10 468 1 35 0 4 4 128
1347 10010 433 411 18 11 0 489 14 10 468 1 35 0 4 4 128
1348 10013 431 410 18 11 0 488 15 10 468 1 35 0 4 4 128
1349 10016 430 409 17 11 0 488 15 10 468 1 35 0 4 4 128
1350 10019 429 407 17 11 0 489 14 10 468 1 35 0 4 4 128
1351 10021 428 407 16 11 0 489 14 10 469 1 34 0 4 4 128
1352 10021 428 407 16 11 0 489 14 10 469 1 34 0 4 4 128
1353 10017 429 408 18 11 0 489 14 10 469 1 34 0 4 4 128
1354 10021 427 406 18 11 0 489 14 10 469 1 34 0 4 4 128
1355 10025 425 404 18 11 0 489 14 10 469 1 34 0 4 4 128
1356 10020 428 407 17 11 0 489 14 10 469 1 34 0 4 4 128
1357 10028 424 403 17 11 0 489 14 10 469 1 34 0 4 4 128
1358 10033 422 401 16 11 0 489 14 10 469 1 34 0 4 4 128
1359 10041 418 397 16 11 0 489 14 10 469 1 34 0 4 4 128
1360 10041 418 397 16 11 0 489 14 10 469 1 34 0 4 4 128
1361 10037 420 399 16 11 0 489 14 10 469 1 34 0 4 4 128
1362 10041 418 397 16 11 0 489 14 10 469 1 34 0 4 4 128
1363 10043 417 396 16 11 0 489 14 10 469 1 34 0 4 4 128
1364 10043 417 396 16 11 0 489 14 10 469 1 34 0 4 4 128
1365 10044 417 396 15 12 0 488 14 11 468 1 34 0 4 4 128
1366 10045 416 396 15 12 0 488 14 11 469 1 33 0 4 4 128
1367 10045 416 397 14 12 0 488 14 11 470 1 32 0 4 4 128
1368 10047 415 396 14 12 0 488 14 11 470 1 32 0 4 4 128
1369 10053 412 393 14 12 0 488 14 11 470 1 32 0 4 4 128
1370 10045 416 397 14 12 0 488 14 11 470 1 32 0 4 4 128
1371 10043 417 398 14 12 0 488 14 11 470 1 32 0 4 4 128
1372 10045 416 397 14 12 0 488 14 11 470 1 32 0 4 4 128
1373 10049 414 395 14 12 0 488 14 11 470 1 32 0 4 4 128
1374 10051 413 393 14 12 0 489 13 11 470 1 32 0 4 4 129
1375 10055 411 391 14 12 0 489 13 11 470 1 32 0 4 4 129
1376 10055 411 392 13 12 0 489 13 11 471 1 31 0 4 4 129
1377 10060 408 389 14 12 0 489 13 11 471 1 31 0 4 4 129
1378 10054 411 392 14 12 0 489 13 11 471 1 31 0 4 4 129
1379 10052 412 393 14 12 0 489 13 11 471 1 31 0 4 4 129
1380 10053 411 392 15 12 0 489 13 11 471 1 31 0 4 4 129
1381 10054 411 391 15 12 0 489 13 11 470 1 32 0 4 4 129
1382 10051 412 393 15 12 0 488 14 11 470 1 32 0 4 4 129
1383 10053 411 392 15 12 0 488 14 11 470 1 32 0 4 4 129
1384 10053 411 392 15 12 0 488 14 11 470 1 32 0 4 4 129
1385 10063 406 387 15 12 0 488 14 11 470 1 32 0 4 4 129
1386 10063 406 387 15 12 0 488 14 11 470 1 32 0 4 4 129
1387 10065 405 385 16 12 0 488 14 11 469 1 33 0 4 4 129
1388 10061 407 387 16 12 0 488 14 11 469 1 33 0 4 4 129
1389 10060 409 387 15 12 0 489 13 11 468 1 34 0 4 4 129
1390 10054 412 390 15 12 0 489 13 11 468 1 34 0 4 4 129
1391 10054 412 390 15 12 0 489 13 11 468 1 34 0 4 4 129
1392 10052 413 391 15 12 0 489 13 11 468 1 34 0 4 4 129
1393 10052 413 391 15 12 0 489 13 11 468 1 34 0 4 4 129
1394 10057 410 389 15 12 0 489 13 11 469 1 33 0 4 4 129
1395 10055 411 390 15 12 0 489 13 11 469 1 33 0 4 4 129
1396 10057 410 389 15 12 0 489 13 11 469 1 33 0 4 4 129
1397 10057 410 389 15 12 0 489 13 11 469 1 33 0 4 4 129
1398 10057 410 389 15 12 0 489 13 11 469 1 33 0 4 4 129
1399 10058 409 389 15 12 0 489 13 11 470 1 32 0 4 4 129
1400 10064 406 387 14 12 0 489 13 11 471 1 31 0 4 4 129
1401 10069 403 385 14 12 0 489 13 11 472 1 30 0 4 4 129
1402 10060 407 390 14 12 0 488 14 11 472 1 30 0 4 4 129
1403 10065 404 387 15 12 0 488 14 11 472 1 30 0 4 4 129
1404 10067 403 386 15 12 0 488 14 11 472 1 30 0 4 4 129
1405 10065 404 387 15 12 0 488 14 11 472 1 30 0 4 4 129
1406 10065 404 387 15 13 0 487 14 11 472 1 30 0 4 5 128
1407 10068 403 386 14 14 0 486 14 12 471 1 30 0 4 5 128
1408 10072 401 384 14 14 0 486 14 12 471 1 30 0 4 5 128
1409 10077 399 382 13 14 0 486 14 12 471 1 30 0 4 5 128
1410 10075 400 383 13 14 0 486 14 12 471 1 30 0 4 5 128
1411 10079 398 381 13 14 0 486 14 12 471 1 30 0 4 5 128
1412 10082 396 380 13 14 0 486 14 12 472 1 29 0 4 5 128
1413 10088 393 377 13 14 0 486 14 12 472 1 29 0 4 5 128
1414 10089 393 377 12 14 0 486 14 12 472 1 29 0 4 5 128
1415 10088 394 377 12 14 0 487 13 12 472 1 29 0 4 5 128
1416 10091 392 376 12 14 0 486 14 12 472 1 29 0 4 5 128
1417 10091 392 376 12 14 0 486 14 12 472 1 29 0 4 5 128
1418 10098 388 373 12 14 0 487 13 12 474 1 27 0 4 5 128
1419 10103 386 371 11 14 0 487 13 12 474 1 27 0 4 5 128
1420 10106 385 369 11 14 0 487 13 12 473 1 28 0 4 5 128
1421 10102 387 371 11 14 0 487 13 12 473 1 28 0 4 5 128
1422 10102 387 371 11 14 0 487 13 12 473 1 28 0 4 5 128
1423 10099 388 372 12 14 0 487 13 12 473 1 28 0 4 5 128
1424 10105 385 369 12 14 0 487 13 12 473 1 28 0 4 5 128
1425 10101 387 371 12 14 0 487 13 12 473 1 28 0 4 5 128
1426 10106 385 369 11 14 0 487 13 12 473 1 28 0 4 5 128
1427 10105 385 370 11 14 0 487 13 12 474 1 27 0 4 5 128
1428 10103 386 371 11 14 0 487 13 12 474 1 27 0 4 5 128
1429 10106 384 370 11 14 0 487 13 12 475 1 26 0 4 5 128
1430 10101 386 372 12 15 0 486 13 13 474 1 26 0 4 5 128
1431 10109 382 368 12 15 0 486 13 13 474 1 26 0 4 5 128
1432 10110 382 368 11 15 0 486 13 13 474 1 26 0 4 5 128
1433 10109 382 369 11 16 0 485 13 13 475 1 25 0 4 6 127
1434 10111 381 367 12 16 0 485 13 13 474 1 26 0 4 6 127
1435 10113 379 365 14 16 0 485 13 13 474 1 26 0 4 6 127
1436 10110 381 366 14 16 0 485 13 13 473 1 27 0 4 6 127
1437 10116 378 363 14 16 0 485 13 13 473 1 27 0 4 6 127
1438 10116 378 363 14 16 0 485 13 13 473 1 27 0 4 6 127
1439 10112 380 365 14 16 0 485 13 13 473 1 27 0 4 6 127
1440 10112 380 365 14 16 0 485 13 13 473 1 27 0 4 6 127
1441 10112 380 365 14 16 0 485 13 13 473 1 27 0 4 6 127
1442 10110 381 366 14 16 0 485 13 13 473 1 27 0 4 6 127
1443 10115 378 363 15 16 0 485 13 13 473 1 27 0 4 6 127
1444 10116 377 363 15 16 0 485 13 13 474 1 26 0 4 6 127
1445 10116 377 363 15 16 0 485 13 13 474 1 26 0 4 6 127
1446 10118 376 362 15 16 0 485 13 13 474 1 26 0 4 6 127
1447 10121 375 361 14 16 0 486 12 13 475 1 25 0 4 6 127
1448 10126 373 358 14 16 0 486 12 13 474 1 26 0 4 6 127
1449 10130 371 356 14 17 0 485 12 13 474 1 26 1 3 6 127
1450 10131 371 355 14 17 0 485 12 14 472 1 27 1 4 6 126
1451 10133 370 354 14 17 0 485 12 14 472 1 27 1 4 6 126
1452 10133 370 354 14 18 0 484 12 15 471 1 27 1 4 6 126
1453 10133 369 355 14 17 1 484 12 15 472 1 26 1 4 6 126
1454 10137 367 353 14 17 1 485 11 15 473 1 25 1 4 6 126
1455 10139 366 352 14 17 1 485 11 15 473 1 25 1 4 6 126
1456 10138 366 352 15 17 1 485 11 15 473 1 25 1 4 6 126
1457 10138 366 352 15 17 1 485 11 15 473 1 25 1 4 6 126
1458 10137 367 352 15 17 1 486 10 15 473 1 25 1 4 6 126
1459 10145 363 348 15 17 1 486 10 15 473 1 25 1 4 6 126
1460 10152 360 345 14 17 1 486 10 15 473 1 25 1 4 6 126
1461 10151 360 345 15 17 1 486 10 15 473 1 25 1 4 6 126
1462 10159 355 342 15 17 1 485 11 15 474 1 24 1 4 6 126
1463 10155 358 345 13 17 1 485 11 15 474 1 24 1 4 6 126
1464 10153 359 346 13 17 1 485 11 15 474 1 24 1 4 6 126
1465 10153 359 346 13 17 1 485 11 15 474 1 24 1 4 6 126
1466 10149 361 348 13 17 1 485 11 15 474 1 24 1 4 6 126
1467 10152 360 347 12 17 1 485 11 15 474 1 24 1 4 6 126
1468 10157 357 345 12 17 1 484 12 15 474 1 24 1 4 6 126
1469 10159 356 344 12 17 1 484 12 15 474 1 24 1 4 6 126
1470 10164 354 341 12 17 1 485 11 15 474 1 24 1 4 6 126
1471 10168 352 339 12 17 1 485 11 15 474 1 24 1 4 6 126
1472 10173 350 336 12 17 1 486 10 15 474 1 24 1 4 6 126
1473 10175 349 335 12 17 1 486 10 15 474 1 24 1 4 6 126
1474 10175 349 335 12 17 1 486 10 15 474 1 24 1 4 6 126
1475 10179 347 333 12 17 1 486 10 15 474 1 24 1 4 6 126
1476 10177 348 334 12 17 1 486 10 15 474 1 24 1 4 6 126
1477 10171 351 337 12 17 1 486 10 15 474 1 24 1 4 6 126
1478 10173 350 336 12 17 1 486 10 15 474 1 24 1 4 6 126
1479 10177 348 334 12 17 1 486 10 15 474 1 24 1 4 6 126
1480 10172 351 336 12 17 1 486 10 15 473 1 25 1 4 6 126
1481 10172 351 336 12 17 1 486 10 15 473 1 25 1 4 6 126
1482 10176 349 334 12 17 1 486 10 15 473 1 25 1 4 6 126
1483 10179 348 331 11 18 1 487 9 16 472 1 26 1 4 6 126
1484 10183 346 329 11 19 1 486 9 17 471 1 26 1 4 6 126
1485 10189 343 327 10 19 1 486 9 17 472 1 25 1 4 6 126
1486 10183 346 330 10 19 1 486 9 17 472 1 25 1 4 6 126
1487 10187 344 328 10 19 1 486 9 17 472 1 25 1 4 6 126
1488 10189 343 328 9 19 1 485 10 17 472 1 25 1 4 6 126
1489 10189 343 328 9 19 1 485 10 17 472 1 25 1 4 6 126
1490 10193 341 326 9 19 1 485 10 17 472 1 25 1 4 6 126
1491 10197 339 324 9 19 1 485 10 17 472 1 25 1 4 6 126
1492 10201 337 322 9 19 1 485 10 17 472 1 25 1 4 6 126
1493 10203 336 321 9 19 1 485 10 17 472 1 25 1 4 6 126
1494 10201 337 322 9 19 1 485 10 17 472 1 25 1 4 6 126
1495 10199 338 323 9 19 1 485 10 17 472 1 25 1 4 6 126
1496 10197 339 324 9 19 1 485 10 17 472 1 25 1 4 6 126
1497 10194 341 326 8 19 1 485 10 17 472 1 25 1 4 6 126
1498 10196 340 325 8 19 1 485 10 17 472 1 25 1 4 6 126
1499 10195 340 325 9 19 1 485 10 17 472 1 25 1 4 6 126
1500 10195 340 325 9 20 1 484 10 18 471 1 25 1 4 6 126
