0 4425 6150
1 4337 6238
2 4341 6234
3 4318 6257
4 4331 6244
5 4343 6232
6 4337 6238
7 4358 6217
8 4362 6213
9 4372 6203
10 4354 6221
11 4361 6214
12 4326 6249
13 4323 6252
14 4311 6264
15 4305 6270
16 4311 6264
17 4319 6256
18 4321 6254
19 4310 6265
20 4315 6260
21 4293 6282
22 4296 6279
23 4267 6308
24 4243 6332
25 4259 6316
26 4270 6305
27 4274 6301
28 4278 6297
29 4313 6262
30 4304 6271
31 4275 6300
32 4292 6283
33 4288 6287
34 4289 6286
35 4288 6287
36 4279 6296
37 4302 6273
38 4292 6283
39 4282 6293
40 4285 6290
41 4271 6304
42 4289 6286
43 4314 6261
44 4305 6270
45 4305 6270
46 4316 6259
47 4324 6251
48 4334 6241
49 4302 6273
50 4311 6264
51 4302 6273
52 4283 6292
53 4284 6291
54 4273 6302
55 4292 6283
56 4275 6300
57 4249 6326
58 4259 6316
59 4246 6329
60 4240 6335
61 4262 6313
62 4265 6310
63 4271 6304
64 4246 6329
65 4225 6350
66 4230 6345
67 4270 6305
68 4312 6263
69 4308 6267
70 4282 6293
71 4309 6266
72 4315 6260
73 4284 6291
74 4272 6303
75 4276 6299
76 4261 6314
77 4258 6317
78 4287 6288
79 4291 6284
80 4291 6284
81 4295 6280
82 4299 6276
83 4320 6255
84 4304 6271
85 4317 6258
86 4284 6291
87 4282 6293
88 4261 6314
89 4273 6302
90 4288 6287
91 4259 6316
92 4253 6322
93 4243 6332
94 4234 6341
95 4243 6332
96 4221 6354
97 4241 6334
98 4257 6318
99 4260 6315
100 4237 6338
101 4231 6344
102 4253 6322
103 4223 6352
104 4219 6356
105 4249 6326
106 4250 6325
107 4248 6327
108 4234 6341
109 4242 6333
110 4222 6353
111 4233 6342
112 4263 6312
113 4237 6338
114 4252 6323
115 4244 6331
116 4251 6324
117 4248 6327
118 4248 6327
119 4242 6333
120 4247 6328
121 4266 6309
122 4239 6336
123 4242 6333
124 4257 6318
125 4282 6293
126 4229 6346
127 4247 6328
128 4240 6335
129 4221 6354
130 4247 6328
131 4259 6316
132 4243 6332
133 4275 6300
134 4283 6292
135 4273 6302
136 4250 6325
137 4215 6360
138 4232 6343
139 4264 6311
140 4276 6299
141 4280 6295
142 4269 6306
143 4255 6320
144 4275 6300
145 4310 6265
146 4279 6296
147 4300 6275
148 4325 6250
149 4341 6234
150 4324 6251
151 4324 6251
152 4327 6248
153 4329 6246
154 4328 6247
155 4342 6233
156 4337 6238
157 4341 6234
158 4357 6218
159 4362 6213
160 4378 6197
161 4373 6202
162 4375 6200
163 4402 6173
164 4399 6176
165 4391 6184
166 4381 6194
167 4393 6182
168 4402 6173
169 4413 6162
170 4429 6146
171 4441 6134
172 4472 6103
173 4445 6130
174 4461 6114
175 4417 6158
176 4414 6161
177 4416 6159
178 4392 6183
179 4406 6169
180 4396 6179
181 4399 6176
182 4391 6184
183 4404 6171
184 4396 6179
185 4411 6164
186 4413 6162
187 4414 6161
188 4419 6156
189 4410 6165
190 4418 6157
191 4416 6159
192 4390 6185
193 4374 6201
194 4387 6188
195 4369 6206
196 4396 6179
197 4368 6207
198 4336 6239
199 4354 6221
200 4373 6202
201 4410 6165
202 4407 6168
203 4410 6165
204 4404 6171
205 4371 6204
206 4406 6169
207 4398 6177
208 4405 6170
209 4398 6177
210 4406 6169
211 4411 6164
212 4400 6175
213 4386 6189
214 4387 6188
215 4373 6202
216 4366 6209
217 4382 6193
218 4389 6186
219 4388 6187
220 4397 6178
221 4409 6166
222 4416 6159
223 4433 6142
224 4371 6204
225 4380 6195
226 4382 6193
227 4353 6222
228 4370 6205
229 4358 6217
230 4354 6221
231 4386 6189
232 4393 6182
233 4386 6189
234 4374 6201
235 4373 6202
236 4354 6221
237 4339 6236
238 4358 6217
239 4331 6244
240 4334 6241
241 4344 6231
242 4358 6217
243 4336 6239
244 4342 6233
245 4346 6229
246 4344 6231
247 4331 6244
248 4322 6253
249 4302 6273
250 4271 6304
251 4296 6279
252 4298 6277
253 4284 6291
254 4298 6277
255 4303 6272
256 4316 6259
257 4321 6254
258 4352 6223
259 4364 6211
260 4367 6208
261 4387 6188
262 4367 6208
263 4380 6195
264 4370 6205
265 4339 6236
266 4367 6208
267 4366 6209
268 4367 6208
269 4374 6201
270 4371 6204
271 4399 6176
272 4409 6166
273 4394 6181
274 4391 6184
275 4412 6163
276 4413 6162
277 4439 6136
278 4436 6139
279 4427 6148
280 4443 6132
281 4425 6150
282 4419 6156
283 4409 6166
284 4420 6155
285 4405 6170
286 4402 6173
287 4397 6178
288 4374 6201
289 4351 6224
290 4360 6215
291 4363 6212
292 4354 6221
293 4354 6221
294 4353 6222
295 4342 6233
296 4337 6238
297 4344 6231
298 4338 6237
299 4350 6225
300 4361 6214
301 4396 6179
302 4386 6189
303 4404 6171
304 4380 6195
305 4353 6222
306 4386 6189
307 4366 6209
308 4381 6194
309 4367 6208
310 4365 6210
311 4349 6226
312 4352 6223
313 4360 6215
314 4329 6246
315 4328 6247
316 4322 6253
317 4349 6226
318 4355 6220
319 4365 6210
320 4328 6247
321 4329 6246
322 4333 6242
323 4368 6207
324 4387 6188
325 4384 6191
326 4367 6208
327 4374 6201
328 4369 6206
329 4370 6205
330 4375 6200
331 4345 6230
332 4346 6229
333 4336 6239
334 4346 6229
335 4345 6230
336 4331 6244
337 4327 6248
338 4346 6229
339 4352 6223
340 4358 6217
341 4381 6194
342 4363 6212
343 4360 6215
344 4379 6196
345 4328 6247
346 4315 6260
347 4341 6234
348 4354 6221
349 4347 6228
350 4339 6236
351 4345 6230
352 4363 6212
353 4359 6216
354 4342 6233
355 4355 6220
356 4383 6192
357 4393 6182
358 4376 6199
359 4355 6220
360 4354 6221
361 4379 6196
362 4382 6193
363 4384 6191
364 4394 6181
365 4404 6171
366 4412 6163
367 4411 6164
368 4425 6150
369 4428 6147
370 4431 6144
371 4447 6128
372 4450 6125
373 4461 6114
374 4449 6126
375 4429 6146
376 4428 6147
377 4463 6112
378 4471 6104
379 4486 6089
380 4454 6121
381 4458 6117
382 4480 6095
383 4494 6081
384 4515 6060
385 4509 6066
386 4511 6064
387 4507 6068
388 4518 6057
389 4525 6050
390 4531 6044
391 4508 6067
392 4545 6030
393 4556 6019
394 4551 6024
395 4556 6019
396 4532 6043
397 4552 6023
398 4570 6005
399 4582 5993
400 4609 5966
401 4571 6004
402 4574 6001
403 4560 6015
404 4567 6008
405 4569 6006
406 4566 6009
407 4562 6013
408 4522 6053
409 4532 6043
410 4521 6054
411 4509 6066
412 4540 6035
413 4536 6039
414 4506 6069
415 4512 6063
416 4502 6073
417 4535 6040
418 4533 6042
419 4512 6063
420 4518 6057
421 4547 6028
422 4522 6053
423 4485 6090
424 4452 6123
425 4464 6111
426 4466 6109
427 4455 6120
428 4449 6126
429 4435 6140
430 4456 6119
431 4480 6095
432 4456 6119
433 4440 6135
434 4436 6139
435 4442 6133
436 4421 6154
437 4436 6139
438 4438 6137
439 4418 6157
440 4424 6151
441 4412 6163
442 4391 6184
443 4431 6144
444 4434 6141
445 4452 6123
446 4437 6138
447 4445 6130
448 4447 6128
449 4412 6163
450 4428 6147
451 4393 6182
452 4351 6224
453 4361 6214
454 4358 6217
455 4374 6201
456 4333 6242
457 4334 6241
458 4357 6218
459 4357 6218
460 4373 6202
461 4381 6194
462 4381 6194
463 4389 6186
464 4389 6186
465 4408 6167
466 4407 6168
467 4452 6123
468 4461 6114
469 4469 6106
470 4454 6121
471 4460 6115
472 4439 6136
473 4417 6158
474 4442 6133
475 4402 6173
476 4399 6176
477 4393 6182
478 4370 6205
479 4389 6186
480 4372 6203
481 4383 6192
482 4370 6205
483 4378 6197
484 4386 6189
485 4391 6184
486 4372 6203
487 4372 6203
488 4398 6177
489 4393 6182
490 4392 6183
491 4381 6194
492 4383 6192
493 4384 6191
494 4388 6187
495 4387 6188
496 4393 6182
497 4424 6151
498 4389 6186
499 4367 6208
500 4363 6212
501 4358 6217
502 4352 6223
503 4343 6232
504 4360 6215
505 4370 6205
506 4387 6188
507 4366 6209
508 4378 6197
509 4356 6219
510 4382 6193
511 4371 6204
512 4355 6220
513 4375 6200
514 4359 6216
515 4359 6216
516 4357 6218
517 4388 6187
518 4365 6210
519 4376 6199
520 4375 6200
521 4391 6184
522 4398 6177
523 4395 6180
524 4410 6165
525 4423 6152
526 4412 6163
527 4424 6151
528 4434 6141
529 4427 6148
530 4415 6160
531 4417 6158
532 4428 6147
533 4427 6148
534 4431 6144
535 4425 6150
536 4424 6151
537 4422 6153
538 4447 6128
539 4444 6131
540 4440 6135
541 4463 6112
542 4480 6095
543 4462 6113
544 4481 6094
545 4502 6073
546 4496 6079
547 4468 6107
548 4469 6106
549 4470 6105
550 4470 6105
551 4494 6081
552 4504 6071
553 4523 6052
554 4515 6060
555 4529 6046
556 4520 6055
557 4527 6048
558 4519 6056
559 4498 6077
560 4495 6080
561 4509 6066
562 4536 6039
563 4529 6046
564 4534 6041
565 4509 6066
566 4497 6078
567 4531 6044
568 4547 6028
569 4539 6036
570 4542 6033
571 4551 6024
572 4534 6041
573 4539 6036
574 4529 6046
575 4523 6052
576 4538 6037
577 4541 6034
578 4565 6010
579 4557 6018
580 4546 6029
581 4552 6023
582 4546 6029
583 4546 6029
584 4545 6030
585 4568 6007
586 4553 6022
587 4550 6025
588 4555 6020
589 4560 6015
590 4581 5994
591 4609 5966
592 4601 5974
593 4608 5967
594 4620 5955
595 4590 5985
596 4565 6010
597 4590 5985
598 4567 6008
599 4571 6004
600 4556 6019
601 4558 6017
602 4561 6014
603 4539 6036
604 4558 6017
605 4581 5994
606 4586 5989
607 4568 6007
608 4575 6000
609 4560 6015
610 4571 6004
611 4564 6011
612 4580 5995
613 4577 5998
614 4563 6012
615 4590 5985
616 4607 5968
617 4628 5947
618 4639 5936
619 4605 5970
620 4616 5959
621 4618 5957
622 4593 5982
623 4606 5969
624 4607 5968
625 4601 5974
626 4607 5968
627 4625 5950
628 4623 5952
629 4590 5985
630 4621 5954
631 4603 5972
632 4602 5973
633 4617 5958
634 4638 5937
635 4618 5957
636 4616 5959
637 4626 5949
638 4616 5959
639 4626 5949
640 4641 5934
641 4638 5937
642 4604 5971
643 4615 5960
644 4596 5979
645 4605 5970
646 4594 5981
647 4574 6001
648 4573 6002
649 4569 6006
650 4555 6020
651 4558 6017
652 4551 6024
653 4543 6032
654 4555 6020
655 4547 6028
656 4551 6024
657 4564 6011
658 4564 6011
659 4563 6012
660 4586 5989
661 4620 5955
662 4634 5941
663 4627 5948
664 4609 5966
665 4592 5983
666 4583 5992
667 4580 5995
668 4586 5989
669 4548 6027
670 4574 6001
671 4554 6021
672 4551 6024
673 4556 6019
674 4560 6015
675 4552 6023
676 4541 6034
677 4545 6030
678 4529 6046
679 4518 6057
680 4531 6044
681 4538 6037
682 4525 6050
683 4518 6057
684 4504 6071
685 4518 6057
686 4520 6055
687 4520 6055
688 4547 6028
689 4559 6016
690 4535 6040
691 4496 6079
692 4524 6051
693 4543 6032
694 4522 6053
695 4500 6075
696 4502 6073
697 4497 6078
698 4486 6089
699 4499 6076
700 4474 6101
701 4484 6091
702 4519 6056
703 4492 6083
704 4496 6079
705 4505 6070
706 4500 6075
707 4485 6090
708 4463 6112
709 4477 6098
710 4476 6099
711 4494 6081
712 4500 6075
713 4470 6105
714 4469 6106
715 4466 6109
716 4464 6111
717 4477 6098
718 4474 6101
719 4462 6113
720 4473 6102
721 4479 6096
722 4472 6103
723 4435 6140
724 4446 6129
725 4444 6131
726 4440 6135
727 4432 6143
728 4471 6104
729 4462 6113
730 4463 6112
731 4478 6097
732 4480 6095
733 4477 6098
734 4454 6121
735 4449 6126
736 4417 6158
737 4432 6143
738 4444 6131
739 4434 6141
740 4444 6131
741 4460 6115
742 4460 6115
743 4470 6105
744 4475 6100
745 4480 6095
746 4450 6125
747 4440 6135
748 4453 6122
749 4439 6136
750 4442 6133
751 4406 6169
752 4418 6157
753 4437 6138
754 4442 6133
755 4436 6139
756 4458 6117
757 4464 6111
758 4451 6124
759 4474 6101
760 4507 6068
761 4480 6095
762 4476 6099
763 4500 6075
764 4487 6088
765 4505 6070
766 4491 6084
767 4501 6074
768 4499 6076
769 4493 6082
770 4489 6086
771 4476 6099
772 4491 6084
773 4501 6074
774 4504 6071
775 4514 6061
776 4497 6078
777 4524 6051
778 4522 6053
779 4501 6074
780 4511 6064
781 4513 6062
782 4518 6057
783 4516 6059
784 4495 6080
785 4503 6072
786 4531 6044
787 4538 6037
788 4547 6028
789 4530 6045
790 4552 6023
791 4538 6037
792 4530 6045
793 4545 6030
794 4531 6044
795 4543 6032
796 4570 6005
797 4578 5997
798 4578 5997
799 4590 5985
800 4576 5999
801 4538 6037
802 4532 6043
803 4550 6025
804 4561 6014
805 4565 6010
806 4579 5996
807 4573 6002
808 4596 5979
809 4569 6006
810 4585 5990
811 4585 5990
812 4610 5965
813 4606 5969
814 4585 5990
815 4589 5986
816 4593 5982
817 4587 5988
818 4593 5982
819 4587 5988
820 4579 5996
821 4562 6013
822 4566 6009
823 4585 5990
824 4586 5989
825 4586 5989
826 4589 5986
827 4580 5995
828 4576 5999
829 4572 6003
830 4551 6024
831 4547 6028
832 4534 6041
833 4551 6024
834 4553 6022
835 4588 5987
836 4578 5997
837 4601 5974
838 4593 5982
839 4594 5981
840 4586 5989
841 4588 5987
842 4600 5975
843 4585 5990
844 4580 5995
845 4573 6002
846 4570 6005
847 4580 5995
848 4582 5993
849 4572 6003
850 4550 6025
851 4548 6027
852 4557 6018
853 4546 6029
854 4538 6037
855 4546 6029
856 4548 6027
857 4548 6027
858 4524 6051
859 4518 6057
860 4526 6049
861 4510 6065
862 4517 6058
863 4521 6054
864 4519 6056
865 4539 6036
866 4535 6040
867 4531 6044
868 4502 6073
869 4501 6074
870 4517 6058
871 4492 6083
872 4495 6080
873 4497 6078
874 4518 6057
875 4531 6044
876 4544 6031
877 4542 6033
878 4541 6034
879 4511 6064
880 4498 6077
881 4515 6060
882 4529 6046
883 4543 6032
884 4535 6040
885 4532 6043
886 4527 6048
887 4524 6051
888 4501 6074
889 4493 6082
890 4489 6086
891 4473 6102
892 4468 6107
893 4463 6112
894 4475 6100
895 4470 6105
896 4477 6098
897 4491 6084
898 4484 6091
899 4482 6093
900 4512 6063
901 4506 6069
902 4511 6064
903 4535 6040
904 4543 6032
905 4516 6059
906 4529 6046
907 4532 6043
908 4526 6049
909 4512 6063
910 4505 6070
911 4498 6077
912 4501 6074
913 4515 6060
914 4526 6049
915 4536 6039
916 4534 6041
917 4525 6050
918 4513 6062
919 4509 6066
920 4510 6065
921 4531 6044
922 4501 6074
923 4500 6075
924 4478 6097
925 4475 6100
926 4495 6080
927 4522 6053
928 4505 6070
929 4494 6081
930 4487 6088
931 4453 6122
932 4481 6094
933 4523 6052
934 4516 6059
935 4521 6054
936 4522 6053
937 4520 6055
938 4529 6046
939 4533 6042
940 4554 6021
941 4574 6001
942 4553 6022
943 4508 6067
944 4503 6072
945 4514 6061
946 4495 6080
947 4468 6107
948 4461 6114
949 4435 6140
950 4451 6124
951 4461 6114
952 4463 6112
953 4459 6116
954 4466 6109
955 4451 6124
956 4491 6084
957 4494 6081
958 4507 6068
959 4534 6041
960 4534 6041
961 4543 6032
962 4541 6034
963 4589 5986
964 4594 5981
965 4591 5984
966 4584 5991
967 4588 5987
968 4570 6005
969 4585 5990
970 4591 5984
971 4568 6007
972 4549 6026
973 4545 6030
974 4570 6005
975 4568 6007
976 4590 5985
977 4590 5985
978 4592 5983
979 4598 5977
980 4579 5996
981 4602 5973
982 4597 5978
983 4594 5981
984 4604 5971
985 4623 5952
986 4617 5958
987 4641 5934
988 4636 5939
989 4653 5922
990 4627 5948
991 4615 5960
992 4616 5959
993 4608 5967
994 4619 5956
995 4655 5920
996 4646 5929
997 4655 5920
998 4625 5950
999 4658 5917
1000 4670 5905
1001 4675 5900
1002 4673 5902
1003 4672 5903
1004 4663 5912
1005 4660 5915
1006 4659 5916
1007 4662 5913
1008 4630 5945
1009 4608 5967
1010 4595 5980
1011 4575 6000
1012 4588 5987
1013 4589 5986
1014 4563 6012
1015 4580 5995
1016 4564 6011
1017 4536 6039
1018 4521 6054
1019 4531 6044
1020 4535 6040
1021 4537 6038
1022 4526 6049
1023 4534 6041
1024 4523 6052
1025 4504 6071
1026 4501 6074
1027 4492 6083
1028 4499 6076
1029 4537 6038
1030 4547 6028
1031 4539 6036
1032 4540 6035
1033 4544 6031
1034 4538 6037
1035 4520 6055
1036 4510 6065
1037 4519 6056
1038 4531 6044
1039 4498 6077
1040 4511 6064
1041 4483 6092
1042 4478 6097
1043 4493 6082
1044 4471 6104
1045 4500 6075
1046 4503 6072
1047 4494 6081
1048 4484 6091
1049 4489 6086
1050 4493 6082
1051 4475 6100
1052 4467 6108
1053 4465 6110
1054 4479 6096
1055 4461 6114
1056 4479 6096
1057 4474 6101
1058 4472 6103
1059 4461 6114
1060 4460 6115
1061 4452 6123
1062 4447 6128
1063 4454 6121
1064 4449 6126
1065 4453 6122
1066 4494 6081
1067 4507 6068
1068 4510 6065
1069 4488 6087
1070 4487 6088
1071 4499 6076
1072 4511 6064
1073 4509 6066
1074 4509 6066
1075 4507 6068
1076 4506 6069
1077 4479 6096
1078 4465 6110
1079 4466 6109
1080 4484 6091
1081 4511 6064
1082 4518 6057
1083 4523 6052
1084 4511 6064
1085 4500 6075
1086 4518 6057
1087 4524 6051
1088 4511 6064
1089 4499 6076
1090 4512 6063
1091 4478 6097
1092 4492 6083
1093 4489 6086
1094 4509 6066
1095 4470 6105
1096 4482 6093
1097 4472 6103
1098 4483 6092
1099 4474 6101
1100 4437 6138
1101 4459 6116
1102 4453 6122
1103 4423 6152
1104 4424 6151
1105 4425 6150
1106 4445 6130
1107 4432 6143
1108 4402 6173
1109 4406 6169
1110 4428 6147
1111 4416 6159
1112 4422 6153
1113 4407 6168
1114 4424 6151
1115 4438 6137
1116 4455 6120
1117 4474 6101
1118 4495 6080
1119 4503 6072
1120 4518 6057
1121 4494 6081
1122 4478 6097
1123 4470 6105
1124 4474 6101
1125 4477 6098
1126 4465 6110
1127 4478 6097
1128 4453 6122
1129 4462 6113
1130 4463 6112
1131 4473 6102
1132 4458 6117
1133 4471 6104
1134 4455 6120
1135 4427 6148
1136 4458 6117
1137 4456 6119
1138 4449 6126
1139 4473 6102
1140 4470 6105
1141 4459 6116
1142 4450 6125
1143 4467 6108
1144 4488 6087
1145 4491 6084
1146 4522 6053
1147 4522 6053
1148 4508 6067
1149 4499 6076
1150 4491 6084
1151 4502 6073
1152 4495 6080
1153 4478 6097
1154 4474 6101
1155 4490 6085
1156 4472 6103
1157 4518 6057
1158 4526 6049
1159 4530 6045
1160 4517 6058
1161 4516 6059
1162 4525 6050
1163 4554 6021
1164 4531 6044
1165 4560 6015
1166 4556 6019
1167 4561 6014
1168 4565 6010
1169 4560 6015
1170 4571 6004
1171 4541 6034
1172 4544 6031
1173 4523 6052
1174 4516 6059
1175 4523 6052
1176 4560 6015
1177 4562 6013
1178 4564 6011
1179 4564 6011
1180 4576 5999
1181 4542 6033
1182 4551 6024
1183 4514 6061
1184 4518 6057
1185 4515 6060
1186 4513 6062
1187 4511 6064
1188 4527 6048
1189 4515 6060
1190 4496 6079
1191 4519 6056
1192 4519 6056
1193 4548 6027
1194 4527 6048
1195 4538 6037
1196 4526 6049
1197 4527 6048
1198 4541 6034
1199 4510 6065
1200 4484 6091
1201 4476 6099
1202 4450 6125
1203 4463 6112
1204 4438 6137
1205 4432 6143
1206 4439 6136
1207 4412 6163
1208 4435 6140
1209 4438 6137
1210 4457 6118
1211 4434 6141
1212 4443 6132
1213 4422 6153
1214 4460 6115
1215 4439 6136
1216 4468 6107
1217 4460 6115
1218 4448 6127
1219 4434 6141
1220 4414 6161
1221 4399 6176
1222 4404 6171
1223 4405 6170
1224 4388 6187
1225 4413 6162
1226 4431 6144
1227 4456 6119
1228 4455 6120
1229 4441 6134
1230 4444 6131
1231 4450 6125
1232 4473 6102
1233 4483 6092
1234 4476 6099
1235 4468 6107
1236 4452 6123
1237 4487 6088
1238 4486 6089
1239 4475 6100
1240 4469 6106
1241 4468 6107
1242 4471 6104
1243 4452 6123
1244 4466 6109
1245 4441 6134
1246 4427 6148
1247 4441 6134
1248 4441 6134
1249 4449 6126
1250 4471 6104
1251 4466 6109
1252 4461 6114
1253 4468 6107
1254 4465 6110
1255 4449 6126
1256 4452 6123
1257 4453 6122
1258 4458 6117
1259 4454 6121
1260 4455 6120
1261 4461 6114
1262 4480 6095
1263 4459 6116
1264 4461 6114
1265 4443 6132
1266 4462 6113
1267 4470 6105
1268 4467 6108
1269 4468 6107
1270 4479 6096
1271 4490 6085
1272 4470 6105
1273 4457 6118
1274 4476 6099
1275 4453 6122
1276 4444 6131
1277 4426 6149
1278 4431 6144
1279 4412 6163
1280 4426 6149
1281 4409 6166
1282 4429 6146
1283 4417 6158
1284 4428 6147
1285 4443 6132
1286 4448 6127
1287 4444 6131
1288 4457 6118
1289 4474 6101
1290 4472 6103
1291 4479 6096
1292 4463 6112
1293 4455 6120
1294 4445 6130
1295 4429 6146
1296 4443 6132
1297 4451 6124
1298 4444 6131
1299 4446 6129
1300 4447 6128
1301 4452 6123
1302 4434 6141
1303 4457 6118
1304 4417 6158
1305 4407 6168
1306 4406 6169
1307 4430 6145
1308 4416 6159
1309 4412 6163
1310 4411 6164
1311 4423 6152
1312 4415 6160
1313 4416 6159
1314 4413 6162
1315 4381 6194
1316 4390 6185
1317 4384 6191
1318 4376 6199
1319 4375 6200
1320 4383 6192
1321 4401 6174
1322 4404 6171
1323 4414 6161
1324 4406 6169
1325 4396 6179
1326 4389 6186
1327 4397 6178
1328 4383 6192
1329 4377 6198
1330 4403 6172
1331 4422 6153
1332 4409 6166
1333 4418 6157
1334 4413 6162
1335 4391 6184
1336 4377 6198
1337 4399 6176
1338 4404 6171
1339 4416 6159
1340 4404 6171
1341 4418 6157
1342 4416 6159
1343 4412 6163
1344 4401 6174
1345 4401 6174
1346 4399 6176
1347 4393 6182
1348 4387 6188
1349 4394 6181
1350 4379 6196
1351 4392 6183
1352 4406 6169
1353 4426 6149
1354 4428 6147
1355 4435 6140
1356 4419 6156
1357 4407 6168
1358 4398 6177
1359 4410 6165
1360 4403 6172
1361 4399 6176
1362 4411 6164
1363 4407 6168
1364 4409 6166
1365 4406 6169
1366 4429 6146
1367 4440 6135
1368 4427 6148
1369 4408 6167
1370 4404 6171
1371 4413 6162
1372 4398 6177
1373 4390 6185
1374 4417 6158
1375 4423 6152
1376 4441 6134
1377 4410 6165
1378 4439 6136
1379 4448 6127
1380 4439 6136
1381 4422 6153
1382 4407 6168
1383 4427 6148
