0 11841 195 0 0 0 0 0 0
1 11840 190 0 6 0 0 0 0
2 11843 177 0 16 0 0 0 0
3 11843 175 0 18 0 0 0 0
4 11843 175 0 18 0 0 0 0
5 11843 169 0 24 0 0 0 0
6 11841 169 0 26 0 0 0 0
7 11841 163 0 32 0 0 0 0
8 11841 163 0 32 0 0 0 0
9 11842 162 0 32 0 0 0 0
10 11840 166 1 29 0 0 0 0
11 11842 164 1 29 0 0 0 0
12 11843 159 1 33 0 0 0 0
13 11842 160 1 33 0 0 0 0
14 11842 158 0 36 0 0 0 0
15 11842 156 0 38 0 0 0 0
16 11842 154 0 40 0 0 0 0
17 11840 154 0 42 0 0 0 0
18 11841 151 0 44 0 0 0 0
19 11836 154 0 46 0 0 0 0
20 11835 151 0 50 0 0 0 0
21 11835 149 0 52 0 0 0 0
22 11836 144 0 56 0 0 0 0
23 11837 141 0 58 0 0 0 0
24 11836 142 0 58 0 0 0 0
25 11834 148 0 54 0 0 0 0
26 11833 147 0 56 0 0 0 0
27 11831 153 0 52 0 0 0 0
28 11828 158 0 50 0 0 0 0
29 11824 156 0 56 0 0 0 0
30 11824 152 0 60 0 0 0 0
31 11820 156 0 60 0 0 0 0
32 11817 161 0 58 0 0 0 0
33 11818 162 0 56 0 0 0 0
34 11815 165 0 56 0 0 0 0
35 11814 166 0 56 0 0 0 0
36 11809 175 0 52 0 0 0 0
37 11808 178 0 50 0 0 0 0
38 11804 172 0 60 0 0 0 0
39 11804 168 0 64 0 0 0 0
40 11802 162 0 72 0 0 0 0
41 11798 164 0 74 0 0 0 0
42 11798 166 0 72 0 0 0 0
43 11799 157 0 80 0 0 0 0
44 11796 158 0 82 0 0 0 0
45 11797 153 0 86 0 0 0 0
46 11791 159 1 85 0 0 0 0
47 11783 171 3 79 0 0 0 0
48 11778 170 4 84 0 0 0 0
49 11771 177 4 84 0 0 0 0
50 11765 177 5 89 0 0 0 0
51 11761 189 5 81 0 0 0 0
52 11759 189 5 83 0 0 0 0
53 11751 199 5 81 0 0 0 0
54 11748 198 5 84 0 0 0 1
55 11737 197 5 95 0 0 0 2
56 11727 205 5 97 0 0 0 2
57 11717 207 5 104 0 0 0 3
58 11712 214 5 102 0 0 0 3
59 11708 206 6 113 0 0 0 3
60 11702 206 8 117 0 0 0 3
61 11693 215 9 116 0 0 0 3
62 11686 220 9 117 0 0 0 4
63 11683 221 9 119 0 0 0 4
64 11679 221 10 122 0 0 0 4
65 11670 226 10 125 0 0 0 5
66 11661 231 10 129 0 0 0 5
67 11656 230 10 133 0 0 0 7
68 11644 237 10 138 0 1 0 6
69 11634 243 10 142 0 1 0 6
70 11627 242 8 151 0 1 0 7
71 11616 258 9 144 0 2 0 7
72 11605 260 10 152 0 1 0 8
73 11596 267 10 154 0 1 0 8
74 11589 266 9 163 0 1 0 8
75 11583 268 9 167 0 1 0 8
76 11575 274 10 168 0 1 0 8
77 11565 280 10 172 0 1 0 8
78 11563 282 9 173 0 1 0 8
79 11557 282 8 179 0 1 0 9
80 11554 282 10 177 0 2 0 11
81 11543 291 12 176 0 2 0 12
82 11526 298 13 183 0 2 0 14
83 11524 294 13 187 0 2 0 16
84 11517 299 14 188 0 2 0 16
85 11513 289 15 200 0 2 0 17
86 11504 296 15 202 0 2 0 17
87 11493 301 16 207 0 2 0 17
88 11486 301 16 214 0 1 0 18
89 11477 301 17 220 0 2 0 19
90 11469 300 17 228 0 3 0 19
91 11462 300 18 233 0 2 0 21
92 11452 309 17 232 0 3 0 23
93 11444 304 20 241 0 4 0 23
94 11436 304 19 249 0 4 0 24
95 11428 296 20 263 0 4 0 25
96 11419 298 21 269 0 5 0 24
97 11406 313 21 266 0 5 0 25
98 11400 312 20 273 0 6 0 25
99 11386 323 22 272 0 5 0 28
100 11380 321 23 278 0 5 0 29
101 11366 323 22 291 0 7 0 27
102 11362 325 23 291 0 7 0 28
103 11349 319 24 308 0 8 0 28
104 11344 321 24 309 0 7 0 31
105 11334 328 24 312 0 8 0 30
106 11322 329 25 320 0 7 0 33
107 11314 338 26 318 0 8 0 32
108 11313 344 25 312 0 9 0 33
109 11313 331 30 318 0 6 0 38
110 11308 328 31 324 0 6 0 39
111 11300 340 30 320 0 8 0 38
112 11301 333 33 322 0 8 0 39
113 11291 331 32 333 0 6 0 43
114 11283 333 34 337 0 6 0 43
115 11276 337 34 339 0 7 0 43
116 11270 339 35 340 0 7 0 45
117 11270 337 36 341 0 7 0 45
118 11262 327 37 358 0 11 0 41
119 11257 330 38 358 0 13 0 40
120 11244 339 39 358 0 13 0 43
121 11244 334 41 359 0 14 0 44
122 11243 327 44 364 0 14 0 44
123 11233 340 48 356 0 15 0 44
124 11226 336 46 368 0 16 0 44
125 11224 333 42 375 0 17 0 45
126 11212 336 42 384 0 14 0 48
127 11200 338 45 390 0 14 0 49
128 11196 337 48 391 0 13 0 51
129 11189 327 48 407 0 12 0 53
130 11176 335 47 410 0 13 0 55
131 11166 347 45 407 0 11 0 60
132 11156 345 44 418 0 13 0 60
133 11150 360 44 409 0 14 0 59
134 11138 364 46 414 0 14 0 60
135 11129 373 47 410 0 14 0 63
136 11117 354 49 439 0 13 0 64
137 11109 354 48 446 0 15 0 64
138 11100 357 50 448 0 17 0 64
139 11084 357 50 462 0 17 0 66
140 11076 371 52 451 0 19 0 67
141 11063 382 52 450 0 21 0 68
142 11048 387 55 457 0 21 0 68
143 11043 394 56 449 0 23 0 71
144 11036 396 57 453 0 24 0 70
145 11023 402 57 458 0 23 0 73
146 11011 397 56 474 0 20 0 78
147 10999 391 58 488 0 18 0 82
148 10990 378 58 506 0 16 0 88
149 10983 378 59 511 0 19 0 86
150 10969 386 59 517 0 19 0 86
151 10956 383 58 532 0 21 0 86
152 10941 383 58 544 0 20 0 90
153 10941 376 55 553 0 23 0 88
154 10931 384 55 551 0 27 0 88
155 10921 387 55 555 0 26 0 92
156 10910 386 57 561 0 30 0 92
157 10899 385 58 571 0 30 0 93
158 10886 386 57 581 0 30 0 96
159 10880 379 57 591 0 27 0 102
160 10865 385 57 595 0 26 0 108
161 10852 379 54 608 0 25 0 118
162 10831 403 52 604 0 28 0 118
163 10821 406 50 607 0 27 0 125
164 10802 434 50 596 0 30 0 124
165 10785 424 50 619 0 31 0 127
166 10778 418 50 629 0 32 0 129
167 10764 423 51 635 0 31 0 132
168 10746 430 55 638 0 34 0 133
169 10732 429 59 645 0 33 0 138
170 10718 445 61 639 0 35 0 138
171 10711 439 57 652 0 34 0 143
172 10698 429 58 671 0 35 0 145
173 10689 415 59 689 0 34 0 150
174 10678 405 61 705 0 35 0 152
175 10666 405 60 715 0 31 0 159
176 10655 428 60 698 0 35 0 160
177 10637 415 63 725 0 38 0 158
178 10622 423 66 723 0 39 0 163
179 10622 428 64 716 0 42 0 164
180 10614 427 67 717 0 43 0 168
181 10604 408 68 742 0 42 0 172
182 10586 439 72 721 0 47 0 171
183 10571 448 74 718 0 47 0 178
184 10560 447 79 724 0 45 0 181
185 10551 455 79 720 0 46 0 185
186 10535 451 81 734 0 50 0 185
187 10533 452 80 731 0 49 0 191
188 10527 447 80 736 0 50 0 196
189 10524 437 81 740 0 55 0 199
190 10516 434 83 746 0 52 0 205
191 10502 445 82 743 0 57 0 207
192 10488 446 82 750 0 56 0 214
193 10480 439 84 760 0 61 0 212
194 10470 431 86 772 0 63 0 214
195 10468 401 89 797 0 65 0 216
196 10460 401 89 802 0 71 0 213
197 10458 388 89 815 0 66 0 220
198 10452 383 91 819 0 71 0 220
199 10448 374 93 830 0 74 0 217
200 10443 377 93 829 0 74 0 220
201 10439 383 97 818 0 76 0 223
202 10437 398 96 801 0 77 0 227
203 10429 409 96 795 0 82 0 225
204 10427 395 95 811 0 80 0 228
205 10420 394 96 814 0 82 0 230
206 10415 402 91 814 0 83 0 231
207 10408 421 94 794 0 87 0 232
208 10402 407 94 812 0 85 0 236
209 10395 395 97 824 0 80 0 245
210 10391 401 100 818 0 82 0 244
211 10386 392 101 825 0 86 0 246
212 10385 379 103 834 0 80 0 255
213 10377 379 103 840 0 84 0 253
214 10368 374 106 850 0 84 0 254
215 10360 387 113 837 0 83 0 256
216 10353 397 116 826 0 90 0 254
217 10350 395 116 828 0 89 0 258
218 10340 390 118 837 0 86 0 265
219 10338 385 114 848 0 93 0 258
220 10334 393 112 844 0 97 0 256
221 10333 390 109 848 0 99 0 257
222 10329 383 110 856 0 94 0 264
223 10335 386 107 850 0 99 0 259
224 10332 381 108 853 0 91 0 271
225 10324 389 110 848 0 93 0 272
226 10315 378 113 862 0 95 0 273
227 10312 379 115 857 0 99 0 274
228 10315 379 116 849 0 102 0 275
229 10311 386 117 845 0 111 0 266
230 10304 392 121 838 0 112 0 269
231 10302 387 119 847 0 111 0 270
232 10302 376 125 851 0 106 0 276
233 10299 394 128 831 0 109 0 275
234 10296 390 125 839 0 108 0 278
235 10290 378 123 859 0 110 0 276
236 10283 390 122 850 0 109 0 282
237 10280 381 118 866 0 107 0 284
238 10278 379 113 875 0 115 0 276
239 10273 380 113 875 0 117 0 278
240 10261 382 115 882 0 115 0 281
241 10253 385 117 880 0 112 0 289
242 10248 406 116 861 0 114 0 291
243 10244 405 118 862 0 113 0 294
244 10233 402 116 875 0 115 0 295
245 10232 417 113 860 0 117 0 297
246 10220 422 118 858 0 120 0 298
247 10212 433 120 850 0 123 0 298
248 10208 418 117 869 0 124 0 300
249 10203 419 122 865 0 120 0 307
250 10198 409 123 873 0 115 0 318
251 10192 415 121 870 0 125 0 313
252 10182 424 121 866 0 124 0 319
253 10175 405 123 884 0 124 0 325
254 10172 411 120 881 0 129 0 323
255 10167 407 121 888 0 126 0 327
256 10163 406 118 894 0 129 0 326
257 10160 418 119 879 0 126 0 334
258 10146 418 123 888 0 120 0 341
259 10147 426 114 886 0 119 0 344
260 10144 428 113 884 0 126 0 341
261 10139 422 118 883 0 127 0 347
262 10130 432 119 879 0 136 0 340
263 10123 424 119 892 0 135 0 343
264 10112 423 124 891 0 133 0 353
265 10101 421 123 903 0 132 0 356
266 10100 415 117 914 0 133 0 357
267 10091 413 117 921 0 132 0 362
268 10079 416 121 922 0 137 0 361
269 10072 407 122 927 0 129 0 379
270 10065 412 125 922 0 133 0 379
271 10056 413 125 924 0 139 0 379
272 10050 411 126 924 0 133 0 392
273 10040 399 131 938 0 125 0 403
274 10031 408 134 934 0 123 0 406
275 10014 405 132 953 0 121 0 411
276 10008 404 130 957 0 120 0 417
277 10001 398 128 968 0 123 0 418
278 9987 424 130 949 0 127 0 419
279 9985 410 132 955 0 133 0 421
280 9980 394 134 965 0 124 0 439
281 9975 397 136 958 0 130 0 440
282 9969 415 133 947 0 140 0 432
283 9957 441 129 935 0 148 0 426
284 9939 436 130 955 0 139 0 437
285 9933 430 127 966 0 133 0 447
286 9923 418 132 980 0 135 0 448
287 9916 413 131 986 0 137 0 453
288 9908 434 133 963 0 138 0 460
289 9902 440 130 965 0 146 0 453
290 9902 426 131 971 0 138 0 468
291 9897 420 137 974 0 141 0 467
292 9890 429 139 967 0 139 0 472
293 9876 429 142 974 0 143 0 472
294 9870 426 140 981 0 138 0 481
295 9869 416 144 984 0 137 0 486
296 9864 419 143 979 0 135 0 496
297 9862 424 142 975 0 134 0 499
298 9854 426 145 973 0 142 0 496
299 9844 436 145 969 0 144 0 498
300 9839 438 146 969 0 143 0 501
301 9837 426 145 982 0 145 0 501
302 9835 430 140 982 0 141 0 508
303 9832 418 140 994 0 136 0 516
304 9831 413 145 990 0 134 0 523
305 9820 428 145 983 0 142 0 518
306 9819 432 145 978 0 149 0 513
307 9820 425 144 982 0 149 0 516
308 9820 434 141 975 0 152 0 514
309 9812 418 144 992 0 150 0 520
310 9807 410 142 1005 0 155 0 517
311 9808 406 144 1005 0 154 0 519
312 9807 390 142 1021 0 159 0 517
313 9801 399 145 1008 0 164 0 519
314 9797 402 145 1003 0 161 0 528
315 9795 395 143 1010 0 168 0 525
316 9794 385 145 1015 0 169 0 528
317 9783 393 148 1015 0 170 0 527
318 9788 382 147 1021 0 176 0 522
319 9787 391 145 1015 0 178 0 520
320 9782 400 144 1009 0 184 0 517
321 9780 399 143 1010 0 185 0 519
322 9775 415 139 1002 0 186 0 519
323 9777 412 146 994 0 195 0 512
324 9774 425 150 977 0 199 0 511
325 9772 401 153 998 0 193 0 519
326 9771 388 152 1010 0 197 0 518
327 9768 385 155 1006 0 197 0 525
328 9764 387 154 1007 0 195 0 529
329 9761 398 150 1002 0 199 0 526
330 9763 387 149 1010 0 198 0 529
331 9758 383 149 1014 0 193 0 539
332 9759 369 156 1020 0 204 0 528
333 9755 390 153 1004 0 217 0 517
334 9743 405 161 989 0 216 0 522
335 9735 405 166 991 0 210 0 529
336 9728 408 165 994 0 214 0 527
337 9721 402 168 1001 0 215 0 529
338 9717 404 168 998 0 219 0 530
339 9711 401 171 1002 0 218 0 533
340 9712 400 169 1002 0 220 0 533
341 9708 404 169 992 0 218 0 545
342 9699 396 173 1005 0 221 0 542
343 9687 384 176 1025 0 217 0 547
344 9684 395 175 1014 0 229 0 539
345 9674 384 176 1029 0 228 0 545
346 9665 379 177 1036 0 226 0 553
347 9655 384 174 1037 0 227 0 559
348 9646 396 182 1023 0 218 0 571
349 9647 378 182 1034 0 211 0 584
350 9645 373 180 1039 0 212 0 587
351 9638 374 180 1042 0 222 0 580
352 9633 379 177 1035 0 230 0 582
353 9627 388 173 1031 0 231 0 586
354 9623 397 169 1028 0 228 0 591
355 9620 370 171 1051 0 226 0 598
356 9615 353 170 1067 0 220 0 611
357 9606 367 167 1064 0 225 0 607
358 9599 363 169 1066 0 226 0 613
359 9591 375 168 1061 0 226 0 615
360 9589 377 165 1055 0 226 0 624
361 9580 373 167 1061 0 227 0 628
362 9578 365 162 1075 0 235 0 621
363 9569 355 165 1086 0 236 0 625
364 9560 367 166 1075 0 235 0 633
365 9557 366 165 1070 0 237 0 641
366 9550 372 166 1067 0 244 0 637
367 9539 360 165 1085 0 243 0 644
368 9530 362 163 1089 0 246 0 646
369 9534 374 155 1077 0 252 0 644
370 9534 349 155 1099 0 257 0 642
371 9530 343 159 1100 0 265 0 639
372 9530 347 157 1093 0 263 0 646
373 9523 369 155 1075 0 266 0 648
374 9517 353 154 1094 0 268 0 650
375 9507 334 154 1119 0 265 0 657
376 9511 334 149 1116 0 265 0 661
377 9501 336 147 1122 0 269 0 661
378 9500 332 145 1128 0 274 0 657
379 9496 322 146 1136 0 272 0 664
380 9488 339 148 1118 0 285 0 658
381 9483 343 144 1118 0 290 0 658
382 9473 348 144 1118 0 289 0 664
383 9468 351 148 1110 0 291 0 668
384 9465 353 144 1113 0 298 0 663
385 9463 345 147 1118 0 298 0 665
386 9452 356 153 1108 0 304 0 663
387 9450 352 150 1115 0 302 0 667
388 9448 328 155 1135 0 302 0 668
389 9447 326 155 1136 0 301 0 671
390 9446 312 153 1148 0 304 0 673
391 9452 304 152 1147 0 306 0 675
392 9451 310 156 1135 0 319 0 665
393 9447 306 158 1139 0 315 0 671
394 9450 312 158 1129 0 314 0 673
395 9450 313 156 1128 0 315 0 674
396 9444 326 159 1116 0 318 0 673
397 9438 318 161 1123 0 306 0 690
398 9438 313 164 1120 0 307 0 694
399 9439 302 160 1132 0 315 0 688
400 9440 302 158 1132 0 318 0 686
401 9440 316 157 1115 0 318 0 690
402 9437 299 159 1132 0 314 0 695
403 9429 310 163 1120 0 319 0 695
404 9421 318 170 1111 0 311 0 705
405 9423 326 169 1100 0 315 0 703
406 9421 328 165 1102 0 317 0 703
407 9419 341 168 1085 0 324 0 699
408 9419 336 169 1086 0 321 0 705
409 9414 340 173 1080 0 330 0 699
410 9415 338 172 1081 0 331 0 699
411 9404 333 177 1087 0 323 0 712
412 9409 338 173 1078 0 323 0 715
413 9408 321 174 1094 0 319 0 720
414 9406 313 176 1102 0 323 0 716
415 9404 312 173 1106 0 330 1 710
416 9402 295 175 1120 0 323 1 720
417 9400 297 175 1118 0 329 1 716
418 9398 285 177 1128 0 325 1 722
419 9394 301 176 1111 0 331 1 722
420 9397 324 175 1083 0 335 1 721
421 9399 326 171 1079 0 337 1 723
422 9395 327 172 1078 0 344 1 719
423 9398 319 174 1075 0 341 1 728
424 9397 297 177 1093 0 330 1 741
425 9401 288 171 1098 0 331 1 746
426 9401 301 174 1080 0 340 1 739
427 9398 313 169 1076 0 337 1 742
428 9393 331 166 1065 0 342 1 738
429 9393 316 162 1083 0 339 1 742
430 9390 332 163 1066 0 348 1 736
431 9394 322 164 1068 0 342 1 745
432 9391 307 162 1086 0 344 1 745
433 9388 300 160 1097 0 352 1 738
434 9382 304 155 1101 1 347 0 746
435 9378 312 153 1095 1 349 0 748
436 9377 313 152 1091 1 343 0 759
437 9370 321 150 1089 1 348 0 757
438 9366 345 150 1064 1 352 0 758
439 9365 329 153 1077 1 349 0 762
440 9358 330 151 1081 1 345 0 770
441 9354 319 156 1084 1 338 0 784
442 9351 323 151 1083 1 347 0 780
443 9347 315 148 1091 1 347 0 787
444 9341 320 148 1088 1 346 0 792
445 9332 332 145 1085 1 341 0 800
446 9319 353 144 1077 1 357 0 785
447 9317 344 141 1084 1 352 0 797
448 9309 347 144 1081 1 365 0 789
449 9306 354 139 1075 1 373 0 788
450 9304 355 138 1072 1 366 0 800
451 9301 341 137 1084 1 371 0 801
452 9297 328 134 1098 1 376 0 802
453 9294 322 131 1108 1 377 0 803
454 9292 322 131 1104 1 381 0 805
455 9283 316 133 1114 1 376 0 813
456 9276 317 132 1118 1 384 0 808
457 9272 314 135 1115 1 379 0 820
458 9270 321 135 1109 1 378 0 822
459 9264 307 137 1124 1 368 0 835
460 9257 315 140 1115 1 373 0 835
461 9256 312 142 1111 1 373 0 841
462 9255 325 137 1099 1 383 0 836
463 9246 329 136 1101 1 380 0 843
464 9240 338 133 1100 1 383 0 841
465 9219 347 138 1098 1 383 0 850
466 9215 338 135 1109 1 380 0 858
467 9209 350 137 1100 1 384 0 855
468 9202 330 137 1119 1 391 0 856
469 9195 319 139 1131 1 385 0 866
470 9179 337 138 1122 1 391 0 868
471 9178 338 142 1113 1 391 0 873
472 9173 343 144 1107 1 397 0 871
473 9164 347 144 1109 1 398 0 873
474 9161 323 150 1123 1 391 0 887
475 9154 318 148 1130 1 391 0 894
476 9143 327 151 1123 1 399 0 892
477 9136 336 147 1118 1 407 0 891
478 9134 330 147 1124 1 415 0 885
479 9134 336 142 1121 1 427 0 875
480 9125 334 144 1125 1 430 0 877
481 9116 336 147 1127 1 427 0 882
482 9101 349 147 1126 1 431 0 881
483 9095 365 147 1108 1 441 0 879
484 9102 359 145 1104 1 440 0 885
485 9100 364 139 1103 1 445 0 884
486 9099 347 141 1118 1 435 0 895
487 9089 353 138 1119 1 431 0 905
488 9082 336 140 1136 1 425 0 916
489 9076 327 142 1146 1 426 0 918
490 9074 321 142 1150 1 422 0 926
491 9071 317 144 1152 1 419 0 932
492 9066 320 146 1150 1 429 0 924
493 9067 321 155 1135 1 437 0 920
494 9066 318 157 1134 1 439 0 921
495 9062 301 163 1146 1 428 0 935
496 9062 285 160 1160 1 418 0 950
497 9054 288 162 1162 1 427 0 942
498 9053 277 166 1167 1 421 0 951
499 9047 275 167 1173 1 417 0 956
500 9031 293 168 1166 1 417 0 960
501 9029 295 163 1169 1 419 0 960
502 9026 304 159 1163 1 413 0 970
503 9023 303 160 1164 1 421 0 964
504 9020 305 156 1165 1 428 0 961
505 9014 318 155 1157 1 429 0 962
506 9008 307 154 1171 1 430 0 965
507 9011 311 152 1165 1 441 0 955
508 9007 301 154 1176 1 439 0 958
509 9000 306 152 1178 1 435 0 964
510 8995 307 154 1178 1 431 0 970
511 8996 316 154 1167 1 441 0 961
512 8999 290 149 1192 2 447 0 957
513 8999 278 152 1197 2 451 0 957
514 8999 266 154 1200 2 449 0 966
515 8994 285 151 1187 2 457 0 960
516 8997 292 154 1171 1 462 1 958
517 8996 292 156 1167 1 457 1 966
518 8997 281 160 1170 1 463 1 963
519 8991 281 163 1172 1 459 1 968
520 8984 290 165 1162 0 460 2 973
521 8981 305 168 1145 0 466 2 969
522 8979 294 171 1155 0 461 2 974
523 8975 294 175 1152 0 463 2 975
524 8971 306 174 1144 0 469 2 970
525 8971 291 169 1161 0 468 2 974
526 8971 302 171 1145 0 473 2 972
527 8971 293 169 1154 0 472 2 975
528 8972 277 167 1169 0 469 2 980
529 8977 277 161 1169 0 472 2 978
530 8979 290 162 1147 0 479 2 977
531 8984 282 159 1152 0 478 2 979
532 8983 291 162 1141 0 490 2 967
533 8975 294 165 1140 0 487 2 973
534 8981 292 168 1131 1 500 1 962
535 8987 293 163 1127 1 509 1 955
536 8988 289 159 1131 1 512 1 955
537 8994 274 160 1136 1 509 1 961
538 8991 283 160 1127 1 507 1 966
539 8993 271 157 1137 1 511 1 965
540 8993 266 155 1142 1 508 1 970
541 8995 256 154 1148 1 514 1 967
542 8991 251 153 1156 1 517 1 966
543 8990 254 156 1151 1 513 1 970
544 8991 261 158 1141 1 515 1 968
545 8980 268 165 1137 1 523 1 961
546 8980 271 166 1132 1 530 1 955
547 8979 272 167 1129 1 534 1 953
548 8974 282 170 1118 1 537 1 953
549 8978 280 161 1122 1 537 1 956
550 8980 280 163 1117 1 539 1 955
551 8986 262 157 1135 1 539 1 955
552 8987 262 156 1134 1 542 1 953
553 8987 243 154 1153 1 529 2 967
554 8984 245 157 1150 1 528 2 969
555 8986 247 160 1141 1 530 2 969
556 8984 259 164 1126 1 536 2 964
557 8978 249 167 1138 1 530 2 971
558 8977 256 162 1135 1 528 2 975
559 8978 256 165 1130 1 525 2 979
560 8970 257 169 1132 1 522 2 983
561 8971 250 168 1137 1 526 2 981
562 8973 254 168 1130 1 532 2 976
563 8971 243 165 1145 1 533 2 976
564 8967 270 167 1118 1 548 2 963
565 8969 265 168 1115 1 551 2 965
566 8961 269 166 1120 1 545 2 972
567 8964 250 165 1136 1 539 2 979
568 8958 260 169 1127 1 541 2 978
569 8957 268 167 1118 1 556 2 967
570 8956 270 167 1115 1 561 2 964
571 8954 279 164 1109 1 564 2 963
572 8957 282 160 1107 1 574 2 953
573 8957 291 156 1101 1 579 2 949
574 8951 276 161 1117 1 574 2 954
575 8952 272 166 1114 1 583 2 946
576 8951 252 164 1136 1 574 2 956
577 8947 248 164 1142 1 572 2 960
578 8946 246 164 1143 1 569 2 965
579 8946 241 166 1145 1 574 2 961
580 8949 239 163 1146 1 575 2 961
581 8950 253 160 1131 1 588 2 951
582 8950 247 165 1130 1 596 2 945
583 8951 245 167 1129 1 591 2 950
584 8942 253 167 1129 1 598 2 944
585 8940 247 173 1131 1 604 2 938
586 8939 245 179 1126 1 601 2 943
587 8943 257 182 1107 1 609 2 935
588 8943 252 185 1107 1 602 2 944
589 8940 257 187 1102 1 610 2 937
590 8936 260 188 1101 1 613 2 935
591 8936 265 187 1096 1 612 2 937
592 8941 272 186 1083 1 604 2 947
593 8941 255 193 1092 1 591 2 961
594 8941 269 186 1084 1 601 2 952
595 8941 245 185 1109 1 595 2 958
596 8943 253 186 1098 1 595 2 958
597 8942 240 187 1111 1 587 2 966
598 8943 228 188 1120 1 580 2 974
599 8945 230 187 1117 1 584 2 970
600 8943 230 193 1110 1 580 2 977
601 8948 232 191 1105 1 589 2 968
602 8949 218 190 1117 1 582 2 977
603 8955 220 189 1110 1 588 2 971
604 8953 215 190 1115 1 587 2 973
605 8953 224 198 1097 1 588 2 973
606 8953 240 197 1082 1 594 2 967
607 8952 227 202 1090 1 580 2 982
608 8957 234 202 1076 1 588 2 976
609 8956 227 209 1077 1 584 2 980
610 8955 232 208 1074 1 590 2 974
611 8955 226 205 1083 1 590 2 974
612 8953 235 206 1074 1 591 2 974
613 8957 233 202 1075 1 599 2 967
614 8957 247 202 1061 1 605 2 961
615 8959 247 202 1058 1 605 2 962
616 8964 256 201 1045 1 611 2 956
617 8966 254 200 1044 1 615 2 954
618 8971 243 200 1046 1 611 2 962
619 8973 254 196 1035 1 622 2 953
620 8977 251 190 1039 1 621 2 955
621 8976 242 191 1046 2 614 1 964
622 8977 235 191 1051 2 610 1 969
623 8978 228 190 1058 2 606 1 973
624 8979 237 187 1049 2 616 1 965
625 8979 249 188 1036 2 632 1 949
626 8983 246 186 1035 2 629 1 954
627 8989 235 184 1041 2 628 1 956
628 8984 235 186 1042 2 629 1 957
629 8986 232 187 1041 2 630 1 957
630 8982 231 184 1049 2 631 1 956
631 8985 219 189 1053 2 632 1 955
632 8988 232 190 1036 2 646 1 941
633 8987 220 190 1049 2 637 1 950
634 8990 207 186 1063 2 623 1 964
635 8991 205 184 1065 2 628 1 960
636 8989 214 186 1054 2 635 1 955
637 8989 221 186 1047 2 644 1 946
638 8988 222 188 1043 2 646 1 946
639 8990 207 187 1057 2 635 1 957
640 8987 205 189 1059 0 626 3 967
641 8984 198 193 1065 0 622 3 971
642 8986 198 191 1065 0 620 3 973
643 8987 188 189 1075 0 613 3 981
644 8989 191 185 1073 0 622 3 973
645 8993 195 179 1071 0 630 3 965
646 8997 197 176 1067 0 630 3 966
647 8999 210 175 1053 0 639 3 957
648 9000 216 175 1046 0 646 3 950
649 9010 207 164 1056 0 643 3 953
650 9013 209 160 1054 0 650 3 947
651 9014 215 161 1043 0 653 3 947
652 9022 204 158 1049 0 648 3 952
653 9019 208 161 1044 0 649 3 952
654 9020 219 161 1030 0 661 3 942
655 9025 209 163 1029 0 662 3 945
656 9029 203 166 1028 0 664 3 943
657 9031 215 168 1012 1 673 3 933
658 9031 220 168 1007 1 678 3 928
659 9026 221 170 1009 1 674 3 932
660 9031 214 164 1017 1 674 3 932
661 9031 220 160 1015 1 676 3 930
662 9038 209 157 1022 1 680 3 926
663 9036 212 160 1018 1 673 3 933
664 9033 215 162 1016 1 675 3 931
665 9038 218 158 1010 1 685 3 923
666 9041 216 157 1010 2 691 2 917
667 9040 209 156 1019 2 685 2 923
668 9040 209 158 1016 2 689 2 920
669 9035 197 160 1030 1 679 3 931
670 9037 188 162 1034 1 680 3 931
671 9043 185 161 1032 1 681 3 930
672 9045 185 163 1027 1 687 3 925
673 9044 195 160 1020 1 682 3 931
674 9044 190 164 1020 1 679 3 935
675 9047 190 160 1019 1 674 3 942
676 9050 189 156 1020 1 684 3 933
677 9053 184 156 1019 1 686 3 934
678 9050 192 162 1008 1 687 3 933
679 9051 185 167 1007 1 691 3 931
680 9053 190 169 997 1 696 3 927
681 9051 179 167 1012 1 687 3 936
682 9054 187 166 1002 1 702 3 921
683 9056 194 166 993 1 705 3 918
684 9054 195 168 992 1 704 3 919
685 9058 191 167 992 1 698 3 926
686 9065 186 160 997 1 690 3 934
687 9064 186 165 992 1 697 3 928
688 9066 190 167 982 1 705 3 922
689 9072 183 161 988 1 708 3 920
690 9073 195 162 973 1 721 3 908
691 9080 188 156 978 1 725 3 905
692 9087 188 155 971 1 736 3 895
693 9092 193 151 961 1 738 3 897
694 9089 193 152 963 1 737 3 898
695 9091 186 152 968 1 738 3 897
696 9087 183 155 972 1 729 3 906
697 9089 189 151 968 1 745 3 890
698 9086 188 153 969 1 749 3 887
699 9087 191 152 966 1 753 3 883
700 9091 197 149 957 1 755 3 883
701 9094 185 148 967 1 742 3 896
702 9096 206 145 947 1 751 3 887
703 9101 192 147 952 1 746 3 894
704 9101 189 148 954 1 745 3 895
705 9104 189 147 950 1 750 3 892
706 9106 190 144 950 1 751 3 891
707 9107 198 145 940 1 760 3 882
708 9102 202 143 942 1 757 3 886
709 9106 202 140 939 1 765 3 880
710 9102 199 140 946 1 756 3 889
711 9110 191 138 948 1 758 3 887
712 9111 187 141 947 1 759 3 887
713 9114 191 143 936 1 754 3 894
714 9117 187 146 934 1 757 3 891
715 9115 180 151 938 1 746 3 902
716 9112 177 155 940 1 750 3 898
717 9117 164 149 954 1 748 3 900
718 9124 164 147 948 1 747 3 902
719 9122 159 146 955 1 748 3 902
720 9120 162 156 943 1 745 3 906
721 9123 169 158 931 1 751 3 900
722 9122 168 156 930 1 751 3 905
723 9127 169 154 926 1 751 3 905
724 9129 169 152 926 0 758 4 898
725 9131 176 153 915 0 765 4 892
726 9138 171 150 916 0 771 4 886
727 9143 165 147 919 1 767 3 891
728 9146 158 147 923 1 763 3 895
729 9150 153 143 927 1 770 3 889
730 9152 150 140 930 1 773 3 887
731 9154 139 139 940 1 770 3 890
732 9151 140 143 938 1 768 3 892
733 9154 137 140 941 1 772 3 888
734 9154 149 142 926 2 781 2 880
735 9154 145 144 928 2 775 2 886
736 9155 149 141 926 2 782 2 879
737 9159 141 137 934 2 782 2 879
738 9160 129 138 943 2 779 2 883
739 9164 139 135 932 2 783 2 879
740 9161 157 136 916 2 798 2 864
741 9163 165 135 906 2 808 2 855
742 9165 159 135 910 2 802 2 861
743 9165 157 134 913 2 796 2 867
744 9171 153 133 912 2 804 2 859
745 9172 153 133 910 2 803 2 861
746 9172 143 132 921 2 801 2 863
747 9175 158 137 898 2 813 2 851
748 9176 170 135 886 2 818 2 847
749 9175 167 136 889 2 816 2 849
750 9176 185 136 870 2 829 2 836
751 9181 177 134 875 2 828 2 837
752 9179 157 133 897 1 821 3 845
753 9179 160 132 895 1 824 3 842
754 9178 162 133 892 1 823 3 844
755 9181 164 131 887 1 830 3 839
756 9183 159 130 891 1 827 3 842
757 9177 164 134 885 1 830 3 842
758 9178 158 132 892 1 827 3 845
759 9178 154 131 896 1 819 3 854
760 9178 149 137 894 1 816 3 858
761 9180 137 137 903 1 812 3 863
762 9182 137 137 901 1 808 3 867
763 9184 151 136 885 1 824 3 852
764 9184 150 136 886 1 831 3 845
765 9183 147 135 891 1 825 3 851
766 9186 136 133 901 1 819 3 857
767 9188 137 133 898 1 824 3 852
768 9190 138 133 895 1 831 3 845
769 9191 134 133 897 1 828 3 849
770 9190 142 134 889 1 839 3 838
771 9183 147 137 888 1 839 3 838
772 9188 140 137 888 1 833 3 846
773 9188 145 138 881 1 840 3 840
774 9187 141 139 885 1 835 3 845
775 9194 146 136 876 1 847 3 833
776 9200 138 132 882 1 849 3 831
777 9202 133 134 883 1 842 3 838
778 9207 133 131 881 1 843 3 837
779 9208 133 132 879 1 844 3 836
780 9212 142 133 865 1 851 3 829
781 9220 150 130 852 1 857 3 823
782 9220 149 129 853 1 854 3 827
783 9220 141 130 860 1 840 3 841
784 9220 142 128 860 1 841 3 841
785 9223 143 125 859 1 843 3 839
786 9222 147 125 855 1 854 3 829
787 9222 150 134 843 1 859 3 824
788 9224 152 131 842 1 867 3 816
789 9227 155 130 837 1 861 3 822
790 9229 150 131 839 1 856 3 827
791 9226 160 130 833 1 857 3 826
792 9224 146 129 850 1 853 3 830
793 9224 161 129 835 3 862 1 821
794 9228 163 129 829 3 866 1 817
795 9229 158 127 834 3 862 1 822
796 9229 160 129 829 3 862 1 823
797 9229 157 129 832 3 855 1 830
798 9230 154 126 836 3 851 1 835
799 9227 146 128 845 3 844 1 842
800 9227 131 127 861 3 843 1 843
801 9227 121 124 874 3 837 1 849
802 9228 121 122 874 3 840 1 847
803 9232 120 120 873 3 837 1 850
804 9240 125 115 865 3 850 1 837
805 9241 125 120 859 3 849 1 838
806 9244 136 119 846 3 859 1 828
807 9247 139 117 841 3 863 1 825
808 9245 137 119 843 3 857 1 831
809 9245 138 120 841 4 869 0 819
810 9248 137 121 838 4 869 0 819
811 9249 141 123 830 4 872 0 817
812 9249 150 124 820 4 879 0 810
813 9253 151 122 816 4 878 0 812
814 9255 148 121 818 4 879 0 811
815 9252 144 125 821 4 872 0 818
816 9255 147 122 818 2 878 2 812
817 9259 153 118 812 2 890 2 800
818 9260 146 118 817 2 886 2 805
819 9259 153 115 814 3 891 2 799
820 9259 149 115 817 3 891 2 800
821 9260 148 119 813 3 885 2 806
822 9261 145 122 812 3 885 2 806
823 9258 143 124 815 3 880 2 811
824 9262 135 121 822 3 878 2 813
825 9265 143 117 815 3 885 2 806
826 9268 149 115 808 3 892 2 799
827 9268 146 117 808 3 893 2 799
828 9271 146 115 807 3 896 2 796
829 9270 141 116 812 3 888 2 804
830 9273 137 117 812 3 893 2 799
831 9271 134 116 818 3 886 2 806
832 9268 134 119 818 3 881 2 811
833 9267 145 119 808 3 887 2 805
834 9273 148 115 802 4 891 1 802
835 9281 146 109 802 3 898 2 795
836 9280 151 111 796 3 900 2 793
837 9278 136 118 806 3 885 2 808
838 9276 144 123 794 3 889 2 805
839 9279 136 121 801 3 882 2 812
840 9280 134 122 801 3 873 2 821
841 9284 136 119 798 3 871 2 823
842 9284 124 118 810 3 863 2 832
843 9286 125 121 804 3 862 2 833
844 9290 109 120 816 3 856 2 840
845 9296 116 119 804 3 863 2 833
846 9301 112 116 805 3 864 2 833
847 9300 113 118 803 3 866 2 831
848 9302 107 119 806 3 862 2 835
849 9301 113 120 800 3 865 2 832
850 9300 114 123 797 3 869 2 828
851 9296 122 122 794 3 875 2 822
852 9295 130 123 785 3 880 2 818
853 9294 132 124 783 3 877 2 821
854 9298 122 123 789 3 869 3 829
855 9303 115 122 792 2 870 4 828
856 9305 116 124 786 2 871 4 828
857 9304 116 123 788 2 872 4 827
858 9304 118 122 787 3 869 4 829
859 9307 118 123 783 3 876 4 822
860 9309 110 122 790 3 872 4 826
861 9311 117 123 780 4 880 3 818
862 9314 117 121 778 3 884 4 815
863 9314 124 118 774 3 889 4 810
864 9318 124 119 768 4 894 3 806
865 9318 118 118 774 4 884 3 817
866 9315 115 119 779 4 880 3 821
867 9316 122 118 772 3 883 4 818
868 9316 113 118 781 3 878 4 823
869 9318 117 117 776 3 882 4 819
870 9317 114 118 779 3 876 4 825
871 9323 120 114 770 3 882 4 820
872 9330 120 106 771 3 887 4 815
873 9330 125 110 762 3 890 4 812
874 9329 120 110 768 3 884 4 818
875 9331 116 111 768 3 884 4 819
876 9333 117 115 760 3 887 4 817
877 9334 105 115 771 3 880 4 824
878 9332 112 116 765 3 885 4 819
879 9335 110 115 765 4 883 4 820
880 9336 110 114 765 4 886 4 817
881 9338 108 116 763 4 888 4 815
882 9336 110 115 764 4 892 4 811
883 9338 102 115 770 4 888 4 815
884 9336 120 115 753 4 898 4 806
885 9339 110 119 756 4 893 4 811
886 9341 106 118 759 4 887 4 817
887 9342 112 115 755 4 900 4 804
888 9343 126 114 741 4 915 4 789
889 9344 118 114 747 4 906 4 799
890 9344 114 116 749 3 903 5 802
891 9344 114 117 748 3 907 5 798
892 9345 118 118 742 3 914 5 791
893 9350 117 115 741 3 916 5 789
894 9354 110 116 743 3 915 5 790
895 9354 104 115 748 3 907 5 800
896 9357 113 115 736 3 917 5 790
897 9361 123 113 724 3 929 5 778
898 9366 118 112 724 3 929 5 779
899 9365 131 110 714 4 938 4 770
900 9369 117 106 728 2 926 6 782
901 9373 111 104 732 2 926 6 782
902 9379 107 101 733 2 930 6 778
903 9382 107 101 729 2 933 6 776
904 9383 110 100 725 1 934 7 776
905 9383 114 101 720 1 934 7 776
906 9385 104 100 729 1 930 7 780
907 9386 114 98 721 1 935 7 774
908 9389 111 92 727 1 935 7 774
909 9391 107 91 730 1 933 7 776
910 9388 102 95 734 1 929 7 780
911 9389 101 95 734 1 927 7 782
912 9390 107 95 727 1 932 7 777
913 9391 108 95 725 1 934 7 775
914 9391 104 97 727 1 932 7 777
915 9393 104 97 724 1 932 7 778
916 9394 99 98 726 0 929 8 782
917 9393 95 100 729 0 926 8 785
918 9396 88 100 733 0 920 8 791
919 9395 89 100 733 0 922 8 789
920 9393 89 101 734 0 916 8 795
921 9393 85 99 740 0 912 8 799
922 9393 86 104 734 0 913 8 798
923 9392 96 105 723 0 920 8 792
924 9396 101 104 715 0 929 8 783
925 9396 94 105 721 0 922 8 790
926 9397 104 105 710 0 935 8 777
927 9397 105 105 707 0 940 8 774
928 9401 101 103 709 1 945 7 769
929 9403 97 104 710 1 943 7 771
930 9404 103 105 700 2 947 7 768
931 9404 101 107 699 3 946 7 769
932 9405 105 107 694 3 951 7 764
933 9404 107 107 693 3 954 7 761
934 9409 101 108 693 3 957 7 758
935 9412 105 107 687 3 964 7 751
936 9412 104 110 685 3 965 7 750
937 9412 109 111 679 3 968 7 747
938 9414 110 107 680 3 969 8 745
939 9416 108 105 681 3 967 8 748
940 9425 117 102 666 4 980 7 735
941 9426 112 102 670 3 977 8 738
942 9424 112 104 669 3 979 8 737
943 9426 107 102 674 3 978 8 738
944 9424 108 105 672 4 978 8 737
945 9424 110 108 667 4 980 8 735
946 9426 105 106 672 4 973 8 742
947 9429 98 106 676 4 969 8 746
948 9428 104 107 668 4 974 8 743
949 9431 112 104 660 4 987 8 730
950 9430 103 104 670 4 975 8 742
951 9431 97 104 675 4 972 8 745
952 9432 91 104 680 4 969 8 748
953 9433 96 109 668 4 973 8 745
954 9434 96 109 667 4 974 8 744
955 9436 99 106 665 4 977 8 741
956 9440 90 105 670 6 972 7 746
957 9444 94 104 663 6 982 7 736
958 9448 97 104 656 7 990 6 728
959 9449 101 103 650 7 1003 6 717
960 9451 103 104 644 8 1002 5 719
961 9452 106 103 640 8 1008 5 714
962 9451 110 103 637 8 1013 5 709
963 9449 112 105 635 8 1013 5 709
964 9451 114 101 635 8 1019 6 702
965 9450 102 101 648 8 1010 6 711
966 9453 93 98 657 8 1006 6 715
967 9453 91 98 659 8 1004 6 717
968 9454 87 97 663 8 1003 6 718
969 9456 91 99 655 9 1008 5 713
970 9457 87 97 660 8 1008 6 713
971 9457 78 100 666 8 999 6 722
972 9455 84 102 660 8 1003 6 718
973 9458 90 99 654 8 1012 6 709
974 9461 86 99 655 8 1011 6 710
975 9464 78 98 661 8 1008 6 713
976 9465 79 100 657 8 1010 6 711
977 9470 77 99 654 8 1015 6 707
978 9468 76 103 651 8 1016 6 708
979 9466 75 105 652 10 1011 6 711
980 9465 83 106 644 10 1012 6 710
981 9463 86 107 642 10 1013 6 709
982 9462 89 109 638 10 1017 6 705
983 9460 95 110 633 10 1021 6 701
984 9459 87 111 641 10 1010 6 712
985 9461 87 108 641 10 1012 7 710
986 9459 92 111 635 10 1011 7 711
987 9458 101 112 626 10 1017 7 705
988 9460 95 113 629 10 1015 7 707
989 9465 93 109 630 10 1014 7 708
990 9468 95 107 627 10 1017 7 705
991 9471 96 106 624 10 1025 7 697
992 9474 90 105 627 10 1024 7 699
993 9478 89 103 626 10 1031 7 692
994 9481 92 101 622 10 1039 7 684
995 9482 87 100 626 11 1034 7 689
996 9483 78 100 633 12 1025 6 699
997 9488 77 99 630 12 1029 6 695
998 9487 91 99 617 12 1040 6 684
999 9489 93 96 615 12 1046 6 679
1000 9493 98 93 609 12 1055 6 670
1001 9495 90 92 616 12 1051 6 674
1002 9494 87 90 622 12 1047 6 678
1003 9496 89 89 619 12 1051 6 674
1004 9497 84 85 627 11 1052 7 673
1005 9501 78 85 629 10 1055 8 670
1006 9503 76 84 629 11 1062 7 664
1007 9505 73 84 630 12 1060 7 665
1008 9506 80 84 622 12 1068 7 657
1009 9506 78 84 624 13 1071 6 654
1010 9505 75 85 627 14 1068 6 656
1011 9504 71 86 631 14 1063 6 661
1012 9506 75 83 627 14 1067 6 658
1013 9506 81 85 619 13 1074 7 651
1014 9510 74 84 623 13 1069 7 656
1015 9514 68 82 627 13 1065 7 660
1016 9515 73 81 622 13 1069 7 656
1017 9514 80 83 614 13 1073 7 652
1018 9516 87 82 605 14 1077 7 648
1019 9518 81 81 609 15 1072 6 654
1020 9519 78 79 613 15 1070 6 656
1021 9519 78 78 614 15 1072 6 654
1022 9522 82 77 608 16 1078 5 648
1023 9522 90 79 598 14 1088 7 638
1024 9523 84 77 605 15 1082 6 644
1025 9522 81 76 609 15 1080 6 647
1026 9521 75 79 613 15 1075 6 652
1027 9520 80 78 610 15 1075 6 652
1028 9519 86 78 605 16 1077 6 649
1029 9520 97 77 594 16 1085 6 641
1030 9521 96 75 596 16 1087 6 639
1031 9525 94 72 597 16 1087 6 639
1032 9528 93 71 596 16 1091 6 635
1033 9528 88 73 600 17 1085 5 640
1034 9526 88 75 600 17 1085 5 640
1035 9529 82 72 606 17 1082 5 643
1036 9528 85 71 605 16 1079 6 646
1037 9532 85 69 603 17 1080 5 645
1038 9533 80 66 610 17 1078 5 647
1039 9534 82 66 607 18 1080 4 645
1040 9535 83 66 604 17 1085 5 641
1041 9534 85 67 602 17 1086 5 640
1042 9535 87 67 599 16 1092 6 634
1043 9535 86 66 601 17 1092 5 634
1044 9537 87 66 598 17 1091 5 635
1045 9540 89 67 592 18 1093 4 633
1046 9541 88 65 594 17 1094 5 632
1047 9542 85 67 594 17 1094 5 632
1048 9542 95 67 584 17 1102 5 624
1049 9544 98 65 581 15 1107 7 619
1050 9544 88 66 590 15 1097 7 629
1051 9548 88 67 585 15 1097 7 629
1052 9550 86 68 584 15 1099 7 627
1053 9551 94 68 575 16 1109 6 617
1054 9548 93 69 578 16 1107 6 619
1055 9549 92 67 580 16 1107 7 618
1056 9547 94 70 577 16 1105 7 620
1057 9546 95 67 579 16 1107 7 619
1058 9544 92 70 581 16 1104 7 622
1059 9547 90 68 581 16 1103 7 624
1060 9544 89 70 583 16 1099 7 628
1061 9544 84 72 586 16 1094 7 633
1062 9544 86 73 583 16 1098 7 629
1063 9544 92 74 576 17 1103 6 624
1064 9545 87 74 580 17 1095 6 632
1065 9551 83 69 583 17 1099 6 628
1066 9551 85 71 579 18 1102 5 625
1067 9550 84 71 582 18 1100 6 625
1068 9550 76 71 589 18 1100 6 626
1069 9550 74 71 591 18 1098 6 628
1070 9551 76 69 590 18 1105 6 621
1071 9552 73 68 593 18 1103 6 623
1072 9552 73 71 590 18 1103 6 623
1073 9553 65 71 597 18 1096 6 630
1074 9554 65 71 596 19 1096 6 629
1075 9554 71 73 588 19 1102 6 623
1076 9554 71 75 585 19 1108 6 618
1077 9556 74 74 581 19 1115 6 611
1078 9556 63 74 592 19 1102 6 624
1079 9559 63 74 589 19 1107 6 619
1080 9558 60 76 591 19 1103 7 622
1081 9559 60 76 590 19 1104 7 621
1082 9561 73 74 577 19 1113 7 612
1083 9564 71 71 579 20 1115 6 610
1084 9563 70 73 579 19 1116 7 609
1085 9561 69 76 579 19 1113 7 612
1086 9563 78 74 570 19 1124 7 601
1087 9565 72 77 571 19 1122 7 603
1088 9568 68 73 576 20 1120 6 605
1089 9567 67 74 577 20 1116 6 609
1090 9567 70 75 573 20 1119 7 605
1091 9569 64 73 579 21 1114 6 610
1092 9568 68 73 576 21 1117 6 607
1093 9569 68 73 575 21 1116 6 608
1094 9570 65 73 577 21 1112 6 612
1095 9573 69 72 571 21 1119 6 605
1096 9571 67 73 574 21 1113 6 611
1097 9573 65 72 575 21 1113 6 611
1098 9576 66 70 573 20 1118 7 606
1099 9577 70 71 567 20 1123 7 601
1100 9579 66 72 568 20 1121 7 603
1101 9578 68 73 565 19 1123 8 602
1102 9577 65 73 569 19 1119 8 606
1103 9580 62 70 572 19 1117 8 608
1104 9580 69 71 564 19 1124 8 601
1105 9581 73 69 561 19 1129 8 596
1106 9583 63 69 569 20 1124 7 601
1107 9585 67 68 564 20 1130 7 595
1108 9585 73 68 558 20 1134 7 591
1109 9585 65 69 565 20 1126 7 599
1110 9588 62 67 567 20 1128 7 597
1111 9589 63 67 565 20 1132 7 593
1112 9588 68 69 559 20 1134 7 591
1113 9586 70 69 559 20 1134 7 591
1114 9583 68 74 559 20 1129 7 596
1115 9583 58 74 569 20 1121 7 604
1116 9581 63 76 563 20 1124 7 602
1117 9582 68 76 557 20 1130 7 596
1118 9586 75 73 548 20 1139 7 588
1119 9587 73 72 550 20 1138 7 589
1120 9590 77 71 544 20 1143 7 584
1121 9591 76 69 546 19 1140 8 587
1122 9592 80 71 539 20 1146 7 581
1123 9593 74 69 546 20 1139 7 588
1124 9591 75 69 547 20 1138 7 589
1125 9592 71 67 552 19 1136 8 591
1126 9593 66 67 556 19 1132 8 595
1127 9592 66 69 555 19 1131 8 596
1128 9591 63 71 555 18 1130 9 599
1129 9590 64 70 556 18 1130 9 599
1130 9589 68 70 553 19 1132 8 597
1131 9590 74 70 545 17 1139 10 591
1132 9592 74 68 545 17 1141 10 589
1133 9595 68 70 546 17 1140 10 590
1134 9598 66 67 548 18 1142 9 588
1135 9597 63 66 553 20 1140 8 589
1136 9599 62 66 552 20 1141 8 588
1137 9598 76 65 540 20 1154 8 575
1138 9601 81 62 535 20 1164 8 565
1139 9604 80 60 535 20 1168 8 561
1140 9605 84 61 529 20 1171 8 558
1141 9605 70 61 543 20 1159 8 570
1142 9604 65 63 547 21 1152 8 576
1143 9601 72 63 543 21 1156 8 572
1144 9601 71 62 545 21 1155 8 573
1145 9602 70 63 543 20 1154 9 575
1146 9601 75 63 539 20 1158 9 571
1147 9602 75 63 538 21 1158 8 571
1148 9599 70 62 547 21 1150 8 579
1149 9599 68 63 548 22 1147 7 582
1150 9602 72 62 542 22 1150 7 579
1151 9606 72 61 539 22 1158 7 571
1152 9607 76 60 534 22 1163 7 567
1153 9610 75 56 536 21 1166 8 564
1154 9609 81 59 528 21 1169 8 561
1155 9610 79 60 528 21 1168 8 562
1156 9611 81 59 526 21 1175 8 555
1157 9610 75 60 532 20 1171 9 559
1158 9610 79 61 527 20 1175 9 555
1159 9609 77 63 528 20 1172 9 558
1160 9609 78 63 527 20 1177 9 553
1161 9611 62 62 542 21 1164 9 565
1162 9611 62 62 542 21 1158 9 571
1163 9610 63 61 543 21 1158 9 571
1164 9608 69 60 540 19 1164 11 565
1165 9609 64 60 544 19 1160 12 568
1166 9610 73 60 534 19 1172 12 556
1167 9610 68 60 539 19 1167 12 561
1168 9608 71 61 537 20 1165 11 563
1169 9607 72 61 537 19 1168 12 560
1170 9607 80 61 529 20 1175 11 553
1171 9610 74 58 535 19 1173 12 555
1172 9611 73 59 533 19 1173 12 556
1173 9607 66 58 545 19 1166 12 563
1174 9607 71 59 539 20 1170 12 558
1175 9609 76 56 535 21 1174 11 554
1176 9612 72 54 538 20 1172 12 556
1177 9612 74 53 537 18 1176 14 552
1178 9612 71 59 533 18 1173 14 556
1179 9612 70 56 537 19 1169 14 559
1180 9614 64 55 542 20 1168 13 560
1181 9614 58 54 549 21 1167 12 561
1182 9617 57 51 550 21 1169 12 559
1183 9619 58 52 546 20 1175 13 553
1184 9620 62 52 540 20 1180 13 549
1185 9620 60 52 542 20 1176 13 553
1186 9620 66 53 535 19 1185 14 544
1187 9620 57 54 543 19 1180 14 549
1188 9617 53 55 548 18 1174 15 556
1189 9616 51 55 551 18 1171 15 559
1190 9615 49 56 553 18 1166 15 564
1191 9615 54 56 548 17 1168 16 562
1192 9615 61 58 539 16 1176 17 554
1193 9614 62 56 541 17 1177 16 553
1194 9617 60 56 540 17 1180 16 550
1195 9618 58 54 543 17 1179 16 551
1196 9617 62 55 539 17 1182 16 548
1197 9618 60 53 542 17 1181 16 549
1198 9620 59 52 542 16 1183 17 547
1199 9621 61 53 538 16 1186 18 543
1200 9621 59 54 539 16 1182 18 547
1201 9620 60 54 539 16 1182 18 547
1202 9621 60 53 539 16 1181 18 548
1203 9620 56 53 544 15 1177 19 552
1204 9619 63 53 538 15 1183 19 546
1205 9619 60 53 539 15 1180 19 551
1206 9618 63 54 536 17 1180 17 551
1207 9623 66 49 533 17 1188 17 543
1208 9624 60 48 539 17 1183 17 548
1209 9621 68 50 531 18 1185 16 547
1210 9625 61 46 538 18 1186 16 546
1211 9625 61 46 538 18 1186 16 546
1212 9626 62 45 537 19 1187 15 545
1213 9625 58 48 539 19 1184 15 548
1214 9623 65 51 531 21 1185 13 547
1215 9624 72 49 525 22 1190 12 542
1216 9629 76 45 519 21 1200 12 534
1217 9631 78 45 515 22 1201 11 533
1218 9629 74 46 520 23 1194 10 540
1219 9630 79 45 515 23 1200 10 534
1220 9630 77 45 517 23 1198 10 536
1221 9631 67 46 525 23 1189 10 545
1222 9631 72 46 520 23 1192 10 542
1223 9634 68 45 522 23 1191 10 543
1224 9634 66 46 523 23 1189 10 545
1225 9634 67 50 518 25 1188 8 546
1226 9633 71 49 516 26 1188 7 546
1227 9634 71 50 514 28 1185 5 549
1228 9631 77 51 510 27 1189 6 545
1229 9632 70 52 515 27 1183 6 551
1230 9632 74 52 511 27 1189 6 545
1231 9632 66 52 519 28 1180 6 553
1232 9631 60 54 524 27 1176 7 557
1233 9631 62 53 523 27 1178 7 555
1234 9631 61 54 523 27 1179 7 554
1235 9631 63 55 520 27 1181 7 552
1236 9631 67 54 517 28 1184 8 547
1237 9631 68 55 515 28 1185 8 546
1238 9631 65 57 515 27 1183 9 549
1239 9631 61 57 519 27 1179 9 553
1240 9631 63 57 517 27 1181 9 551
1241 9630 64 58 516 27 1181 9 551
1242 9629 69 58 511 27 1185 9 548
1243 9629 70 58 510 27 1186 9 547
1244 9628 72 58 509 26 1190 10 543
1245 9627 73 60 507 26 1190 10 543
1246 9626 74 61 506 27 1189 9 544
1247 9627 80 61 499 27 1194 9 539
1248 9627 79 61 500 27 1193 10 539
1249 9627 65 61 514 25 1183 12 549
1250 9631 66 60 510 25 1190 12 542
1251 9629 63 59 516 25 1189 13 542
1252 9628 67 58 514 25 1190 13 541
1253 9630 58 57 522 25 1183 13 548
1254 9630 58 57 522 26 1182 12 549
1255 9630 63 56 518 27 1186 11 545
1256 9633 60 56 518 27 1186 11 545
1257 9638 59 52 518 27 1186 11 545
1258 9639 58 52 518 28 1187 11 543
1259 9640 62 50 515 27 1193 12 537
1260 9639 66 51 511 27 1196 12 534
1261 9638 66 53 510 27 1195 12 535
1262 9636 73 53 505 27 1196 12 534
1263 9634 72 53 508 27 1193 12 537
1264 9636 68 52 511 27 1187 12 543
1265 9636 62 53 516 27 1183 12 547
1266 9636 55 52 524 26 1177 13 553
1267 9640 45 49 533 26 1171 13 559
1268 9641 48 47 529 25 1176 14 556
1269 9643 49 45 528 25 1179 14 553
1270 9642 58 43 522 26 1186 13 546
1271 9641 56 43 525 26 1187 14 544
1272 9643 50 42 530 27 1182 14 548
1273 9640 50 41 534 26 1180 15 550
1274 9639 63 42 521 26 1192 15 538
1275 9639 59 42 525 26 1190 15 540
1276 9639 65 40 521 26 1196 15 534
1277 9642 66 39 518 26 1200 15 530
1278 9643 64 38 520 26 1199 15 531
1279 9641 69 39 516 26 1206 15 524
1280 9642 70 40 513 26 1210 15 520
1281 9640 69 40 516 26 1209 16 520
1282 9640 68 39 518 26 1210 16 519
1283 9640 65 42 518 26 1207 16 522
1284 9641 69 41 514 25 1213 18 515
1285 9641 69 42 513 27 1209 17 518
1286 9644 63 41 516 27 1206 17 522
1287 9644 72 41 507 28 1216 16 512
1288 9645 66 40 513 27 1212 17 516
1289 9646 69 41 508 27 1216 17 512
1290 9646 60 40 518 25 1209 19 519
1291 9645 55 41 523 26 1204 19 523
1292 9646 57 42 518 26 1205 19 523
1293 9648 64 43 508 27 1213 18 515
1294 9647 69 43 504 27 1215 18 513
1295 9648 67 41 507 27 1214 18 514
1296 9647 69 40 507 27 1217 18 511
1297 9647 68 40 508 28 1215 17 513
1298 9647 68 41 507 29 1212 16 516
1299 9648 62 41 512 29 1207 16 521
1300 9651 62 38 512 30 1209 15 519
1301 9651 61 39 513 31 1209 14 518
1302 9650 67 41 506 31 1216 14 511
1303 9651 63 41 509 32 1212 13 515
1304 9650 62 42 510 32 1210 13 517
1305 9647 61 42 514 32 1206 13 521
1306 9648 63 42 511 32 1207 13 520
1307 9647 58 41 517 31 1204 14 524
1308 9649 66 40 508 31 1214 14 514
1309 9650 60 39 514 31 1209 14 519
1310 9650 53 39 521 31 1202 14 526
1311 9650 56 38 519 32 1204 13 524
1312 9651 55 41 516 31 1205 14 523
1313 9650 61 41 511 32 1207 13 521
1314 9650 60 44 509 32 1204 13 524
1315 9648 61 45 509 33 1206 12 522
1316 9647 70 46 499 33 1214 12 515
1317 9647 59 47 509 33 1203 12 526
1318 9648 61 47 506 33 1204 12 525
1319 9649 56 48 509 32 1203 13 526
1320 9649 49 48 515 33 1195 13 534
1321 9647 52 50 512 33 1196 13 533
1322 9648 51 48 514 34 1195 12 534
1323 9648 45 49 519 34 1191 12 538
1324 9649 38 50 524 33 1188 13 541
1325 9649 37 49 526 33 1187 13 542
1326 9649 47 52 513 33 1197 13 532
1327 9650 52 51 508 33 1201 14 527
1328 9651 58 49 503 33 1208 14 520
1329 9651 64 48 498 33 1214 14 514
1330 9651 58 47 505 35 1208 14 518
1331 9654 55 46 506 35 1210 14 516
1332 9654 53 44 510 34 1211 15 515
1333 9655 49 43 514 33 1211 16 515
1334 9658 54 41 508 33 1221 16 505
1335 9657 49 42 513 33 1213 16 513
1336 9658 48 41 514 32 1214 17 512
1337 9656 53 42 510 32 1217 17 509
1338 9657 50 41 513 31 1214 18 512
1339 9657 57 42 505 30 1222 19 504
1340 9659 61 44 497 31 1227 18 499
1341 9658 60 45 498 31 1225 18 501
1342 9658 52 44 507 31 1217 18 509
1343 9658 54 45 504 30 1220 19 506
1344 9659 61 44 497 31 1221 18 505
1345 9658 65 45 493 31 1226 18 500
1346 9660 63 43 494 31 1230 18 497
1347 9660 64 44 492 31 1231 18 496
1348 9660 61 44 495 31 1232 18 495
1349 9663 58 42 497 30 1233 19 494
1350 9663 61 43 493 30 1234 19 493
1351 9664 52 45 499 30 1228 19 499
1352 9666 50 46 498 30 1228 19 499
1353 9669 50 47 494 29 1232 20 495
1354 9668 53 47 492 28 1235 21 492
1355 9666 53 47 494 29 1232 20 495
1356 9665 49 47 499 29 1227 21 499
1357 9665 45 48 502 29 1223 21 503
1358 9663 51 49 496 29 1225 21 502
1359 9663 52 48 496 29 1224 21 503
1360 9663 53 48 495 29 1223 21 504
1361 9664 66 47 482 30 1236 20 491
1362 9664 64 48 483 32 1232 18 495
1363 9664 64 49 482 33 1231 17 496
1364 9664 66 51 478 34 1232 16 495
1365 9664 68 52 475 34 1234 16 493
1366 9664 68 52 475 33 1235 17 492
1367 9664 73 50 472 33 1238 17 489
1368 9664 72 50 473 35 1235 16 491
1369 9663 71 50 475 36 1232 15 494
1370 9662 70 52 475 36 1230 15 496
1371 9662 72 53 472 37 1231 14 495
1372 9663 67 54 475 37 1227 14 499
1373 9665 65 55 474 38 1226 13 500
1374 9667 66 55 471 40 1229 11 497
1375 9670 56 57 476 40 1224 11 502
1376 9674 59 55 471 40 1231 11 495
1377 9674 56 55 474 40 1228 11 498
1378 9674 58 58 469 42 1228 10 497
1379 9678 67 54 460 42 1239 10 486
1380 9678 62 53 466 42 1234 10 491
1381 9679 67 51 462 42 1238 10 487
1382 9681 60 49 469 42 1233 10 492
1383 9683 60 47 469 41 1236 11 489
1384 9685 57 47 470 40 1234 12 491
1385 9684 59 49 467 41 1234 11 491
1386 9684 57 48 469 40 1235 12 491
1387 9683 63 49 463 40 1240 12 486
1388 9685 55 47 471 40 1236 12 490
1389 9685 59 48 466 40 1240 12 486
1390 9686 52 48 472 39 1237 13 489
1391 9685 46 47 480 40 1231 12 495
1392 9687 50 45 476 39 1238 13 488
1393 9686 48 45 479 41 1233 11 493
1394 9688 47 43 480 40 1233 11 494
1395 9697 59 37 465 42 1250 10 476
1396 9697 54 39 468 41 1246 11 480
1397 9697 53 38 471 41 1245 11 480
1398 9699 58 36 466 41 1252 11 473
1399 9700 64 36 459 41 1257 11 468
1400 9699 60 36 464 41 1252 11 473
1401 9699 62 35 463 41 1254 11 471
1402 9697 57 35 470 41 1249 11 476
1403 9698 54 34 473 41 1247 11 478
1404 9697 70 35 457 41 1258 11 467
1405 9697 68 35 459 41 1256 11 469
1406 9696 67 35 461 41 1256 11 469
1407 9697 59 34 469 41 1249 11 476
1408 9694 59 33 473 41 1248 11 477
1409 9693 56 33 477 41 1244 11 481
1410 9694 51 31 483 41 1240 11 485
1411 9694 50 32 483 40 1240 12 485
1412 9694 51 29 485 37 1244 15 481
1413 9694 50 31 484 38 1242 16 481
1414 9695 51 32 481 38 1244 16 479
1415 9695 51 32 481 38 1244 16 479
1416 9695 56 33 475 38 1249 16 474
1417 9694 50 33 482 36 1244 18 479
1418 9695 46 33 485 36 1241 18 482
1419 9695 39 33 492 36 1236 18 487
1420 9695 43 34 488 36 1240 18 482
1421 9694 48 33 485 37 1243 17 479
1422 9695 48 33 484 36 1245 18 477
1423 9698 51 29 482 36 1247 18 475
1424 9698 59 31 472 36 1255 18 467
1425 9698 59 33 470 35 1256 19 466
1426 9696 64 33 467 34 1260 20 462
1427 9698 55 31 476 34 1253 20 469
1428 9699 58 31 472 35 1256 20 465
1429 9702 48 31 479 34 1250 21 471
1430 9700 53 31 476 34 1253 21 468
1431 9704 53 28 475 35 1256 20 465
1432 9703 54 29 474 36 1253 19 468
1433 9704 43 29 484 36 1245 19 476
1434 9704 46 30 480 35 1247 20 474
1435 9705 47 29 479 36 1248 19 473
1436 9705 41 29 485 37 1241 18 480
1437 9705 48 30 477 37 1248 18 473
1438 9704 50 30 476 37 1249 18 472
1439 9705 45 30 480 39 1243 17 477
1440 9704 41 30 485 39 1238 17 482
1441 9703 42 31 484 39 1238 17 482
1442 9701 47 31 481 39 1239 17 481
1443 9701 48 33 478 40 1241 16 479
1444 9702 46 33 479 38 1238 19 481
1445 9700 48 34 478 37 1239 20 480
1446 9701 50 33 476 37 1242 20 477
1447 9700 39 36 485 37 1230 20 489
1448 9701 32 36 491 37 1222 20 497
1449 9701 36 35 488 37 1226 20 493
1450 9703 41 34 482 38 1232 19 487
1451 9704 42 34 480 38 1232 19 487
1452 9703 43 33 481 39 1231 18 488
1453 9704 39 32 485 39 1230 18 489
1454 9704 44 33 479 39 1237 18 482
1455 9705 38 31 486 39 1232 18 487
1456 9703 43 30 483 40 1234 17 486
1457 9702 44 32 481 40 1234 17 486
1458 9704 47 32 476 40 1239 17 481
1459 9705 54 32 468 39 1246 18 474
1460 9704 56 34 465 38 1248 19 472
1461 9705 60 37 457 41 1250 16 470
1462 9705 63 38 453 40 1252 18 467
1463 9705 68 38 448 40 1257 18 462
1464 9708 62 36 453 41 1253 18 465
1465 9708 69 36 446 42 1257 18 460
1466 9707 70 37 445 42 1257 18 460
1467 9706 65 36 452 42 1251 18 466
1468 9708 70 39 442 40 1260 20 457
1469 9708 71 41 439 40 1261 20 456
1470 9708 63 41 446 40 1255 20 463
1471 9709 66 42 441 41 1258 20 459
1472 9709 63 42 444 41 1257 20 460
1473 9710 64 43 441 42 1260 19 457
1474 9710 56 43 449 42 1252 19 465
1475 9710 57 45 446 42 1253 19 464
1476 9714 65 42 437 43 1264 18 453
1477 9715 58 41 444 43 1258 18 459
1478 9716 51 39 452 43 1254 18 463
1479 9716 51 40 451 44 1253 18 463
1480 9716 48 43 451 45 1251 17 465
1481 9717 53 43 445 44 1256 18 460
1482 9716 49 43 450 44 1249 18 467
1483 9718 45 43 452 43 1250 19 466
1484 9721 50 40 447 44 1257 18 459
1485 9718 56 40 444 44 1260 18 456
1486 9715 58 41 444 44 1259 18 457
1487 9712 57 42 447 44 1257 18 459
1488 9713 51 42 452 44 1252 18 464
1489 9713 50 41 454 45 1250 18 465
1490 9715 50 40 453 47 1250 16 465
1491 9717 49 39 453 47 1251 16 464
1492 9718 49 39 452 48 1251 15 464
1493 9719 56 39 444 48 1259 15 456
1494 9721 54 36 447 48 1259 15 456
1495 9719 56 37 446 49 1260 15 454
1496 9722 56 35 445 49 1263 15 451
1497 9723 52 34 449 49 1260 15 454
1498 9721 48 34 455 49 1254 15 460
1499 9722 43 33 460 49 1250 15 464
1500 9723 47 31 457 48 1256 16 458
1501 9723 50 30 455 47 1260 17 454
1502 9723 54 30 451 47 1264 17 450
1503 9724 53 29 452 49 1262 15 452
1504 9725 55 27 451 49 1265 15 449
1505 9724 57 27 450 49 1266 15 448
1506 9725 57 26 450 50 1266 14 448
1507 9726 58 25 449 50 1268 14 446
1508 9727 57 26 448 50 1268 14 446
1509 9727 54 29 448 50 1267 14 447
1510 9727 54 28 449 49 1268 15 446
1511 9728 50 26 454 49 1263 15 451
1512 9728 56 24 450 50 1268 15 445
1513 9729 60 23 446 51 1272 14 441
1514 9728 55 24 451 50 1265 15 448
1515 9729 53 23 453 50 1262 15 451
1516 9729 57 23 449 50 1266 15 447
1517 9728 60 23 447 50 1270 15 443
1518 9727 63 23 445 50 1272 15 441
1519 9727 61 26 443 49 1271 16 443
1520 9725 67 26 439 49 1273 16 441
1521 9725 69 26 437 48 1276 17 438
1522 9726 62 26 443 47 1271 18 443
1523 9726 62 26 443 47 1273 18 441
1524 9727 53 25 452 46 1268 19 446
1525 9727 48 26 456 46 1263 19 451
1526 9727 50 26 454 46 1267 19 447
1527 9727 51 27 452 46 1270 19 444
1528 9728 54 27 448 47 1273 18 441
1529 9729 53 26 449 49 1271 16 443
1530 9730 54 25 448 48 1274 17 440
1531 9731 52 25 449 50 1271 16 442
1532 9732 49 26 449 50 1269 16 445
1533 9732 53 27 444 50 1273 16 441
1534 9732 50 27 447 51 1271 15 443
1535 9731 54 27 444 50 1275 16 439
1536 9728 51 28 449 52 1269 15 444
1537 9728 62 27 439 51 1283 16 430
1538 9727 55 28 446 52 1274 15 439
1539 9727 63 31 435 51 1281 16 432
1540 9727 63 31 435 50 1282 17 431
1541 9725 58 31 442 51 1274 16 439
1542 9724 48 33 451 51 1263 16 450
1543 9723 45 33 455 51 1259 16 454
1544 9721 46 35 454 50 1259 17 454
1545 9721 49 36 450 50 1262 17 451
1546 9721 47 37 451 51 1259 16 454
1547 9722 55 35 444 51 1266 16 447
1548 9724 61 35 436 52 1273 16 439
1549 9726 58 34 438 52 1272 16 440
1550 9726 62 34 434 53 1275 15 437
1551 9727 67 33 429 54 1280 14 432
1552 9728 61 31 436 55 1274 13 438
1553 9730 53 30 443 55 1268 13 444
1554 9730 57 31 438 55 1270 13 442
1555 9730 56 30 440 55 1269 13 443
1556 9730 51 33 442 56 1261 13 450
1557 9730 44 35 447 57 1253 13 457
1558 9729 44 35 448 57 1252 13 458
1559 9731 40 34 451 58 1249 12 461
1560 9730 45 35 446 59 1252 11 458
1561 9730 50 35 441 59 1257 11 453
1562 9729 42 35 450 59 1250 11 460
1563 9730 42 33 451 59 1251 12 458
1564 9733 49 31 443 59 1261 12 448
1565 9732 53 32 439 59 1264 12 445
1566 9730 53 32 441 58 1263 14 445
1567 9731 51 32 442 57 1263 15 445
1568 9733 58 32 433 56 1271 16 437
1569 9730 58 32 436 55 1269 17 439
1570 9731 60 32 433 55 1272 17 436
1571 9731 64 32 429 55 1276 18 431
1572 9731 63 34 428 56 1272 17 435
1573 9733 59 33 431 55 1269 18 438
1574 9733 65 32 425 56 1274 18 433
1575 9734 55 32 434 55 1266 19 441
1576 9735 59 31 430 56 1270 18 437
1577 9735 69 32 419 55 1281 20 425
1578 9735 66 35 419 54 1279 21 427
1579 9736 61 34 424 54 1277 21 429
1580 9740 50 31 434 55 1269 20 437
1581 9740 54 31 430 56 1274 19 432
1582 9737 61 32 425 57 1277 18 429
1583 9736 65 33 421 58 1279 17 427
1584 9737 53 33 432 57 1269 18 437
1585 9736 57 34 428 57 1276 18 430
1586 9737 50 33 435 57 1270 18 436
1587 9739 54 32 430 56 1277 19 429
1588 9740 59 34 422 55 1284 20 422
1589 9741 56 34 424 55 1282 21 423
1590 9742 59 31 423 54 1287 21 419
1591 9743 65 31 416 57 1291 18 415
1592 9742 58 33 422 58 1282 17 424
1593 9742 59 34 420 59 1282 18 422
1594 9742 48 34 431 57 1273 20 431
1595 9743 47 33 432 58 1270 19 434
1596 9746 48 30 431 59 1273 18 431
1597 9746 39 31 439 57 1268 20 436
1598 9747 38 30 440 58 1267 19 437
1599 9748 42 28 437 58 1272 19 432
1600 9751 43 25 436 58 1274 19 430
1601 9749 39 25 442 59 1267 18 437
1602 9750 38 24 443 60 1266 17 438
1603 9750 43 24 438 61 1270 16 434
1604 9750 40 25 440 61 1267 16 437
1605 9752 37 24 442 60 1267 17 437
1606 9752 37 24 442 60 1267 17 437
1607 9753 33 25 444 60 1264 17 440
1608 9754 42 26 432 60 1272 17 433
1609 9755 38 25 436 61 1268 16 437
1610 9755 47 24 428 62 1274 15 431
1611 9754 47 24 429 62 1273 15 432
1612 9754 48 25 427 62 1272 15 433
1613 9753 48 26 427 62 1271 15 434
1614 9755 44 24 431 64 1269 15 434
1615 9755 47 24 428 64 1272 15 431
1616 9755 48 23 428 67 1272 13 430
1617 9756 46 22 430 68 1272 13 429
1618 9758 46 21 429 68 1274 13 427
1619 9758 53 21 422 67 1280 14 421
1620 9758 51 21 424 67 1278 14 423
1621 9757 55 21 421 68 1280 13 421
1622 9757 55 21 421 68 1282 13 419
1623 9756 58 21 419 67 1287 14 414
1624 9758 51 20 425 66 1287 15 414
1625 9756 50 20 428 65 1285 16 416
1626 9758 48 17 431 66 1284 15 417
1627 9758 48 18 430 66 1282 15 419
1628 9756 48 19 431 65 1281 16 420
1629 9757 44 18 435 65 1278 16 423
1630 9754 49 18 433 66 1279 15 422
1631 9754 57 18 425 67 1286 14 415
1632 9754 53 18 429 67 1280 14 421
1633 9753 52 20 429 67 1280 14 421
1634 9753 49 20 432 67 1277 15 423
1635 9752 52 19 431 68 1278 14 422
1636 9752 61 22 419 68 1287 14 413
1637 9754 54 20 426 68 1282 14 418
1638 9757 48 20 429 71 1278 11 422
1639 9755 53 20 426 70 1284 12 416
1640 9756 54 20 424 70 1284 12 416
1641 9756 59 21 418 69 1288 13 412
1642 9756 53 20 425 68 1283 14 417
1643 9754 58 20 422 68 1286 14 414
1644 9754 60 20 420 67 1289 15 411
1645 9753 55 20 426 66 1284 16 416
1646 9753 51 20 430 67 1281 15 419
1647 9753 51 21 429 66 1282 16 418
1648 9752 53 21 428 66 1281 16 419
1649 9752 53 22 427 68 1279 15 420
1650 9751 53 22 428 69 1277 14 422
1651 9752 56 21 425 70 1278 13 421
1652 9752 47 23 432 70 1267 14 431
1653 9754 38 21 441 69 1263 15 435
1654 9753 39 21 441 69 1263 16 434
1655 9753 44 20 437 69 1266 16 431
1656 9753 41 20 440 69 1265 16 432
1657 9754 46 20 434 69 1271 16 426
1658 9755 46 20 432 69 1272 16 426
1659 9754 45 20 434 70 1269 15 429
1660 9755 45 20 433 67 1273 18 425
1661 9755 47 22 429 67 1275 18 423
1662 9755 41 23 434 68 1270 17 428
1663 9756 37 24 435 69 1268 16 431
1664 9756 46 24 426 68 1280 17 419
1665 9757 47 23 425 69 1283 16 416
1666 9758 48 21 425 68 1286 17 413
1667 9758 45 22 427 69 1282 16 417
1668 9759 40 23 429 69 1280 16 420
1669 9760 45 24 422 69 1286 16 414
1670 9761 48 23 419 70 1289 15 411
1671 9762 50 22 417 70 1292 15 408
1672 9763 46 21 421 69 1290 16 410
1673 9765 49 20 417 68 1298 17 402
1674 9765 49 21 416 68 1294 17 406
1675 9765 46 22 418 68 1293 18 406
1676 9766 39 22 424 69 1290 18 408
1677 9768 41 22 420 70 1293 17 405
1678 9767 37 22 425 70 1290 17 408
1679 9768 42 22 419 70 1294 17 404
1680 9768 42 21 420 70 1294 17 404
1681 9768 41 23 419 70 1293 17 405
1682 9767 45 23 416 70 1296 17 402
1683 9767 45 22 417 70 1296 17 402
1684 9768 45 22 416 71 1296 16 402
1685 9768 41 22 420 72 1291 16 406
1686 9768 55 23 404 72 1303 16 395
1687 9768 51 23 408 72 1299 16 399
1688 9769 51 22 408 73 1301 15 397
1689 9769 51 23 407 73 1301 15 397
1690 9770 55 23 402 77 1302 11 396
1691 9770 57 22 401 76 1303 12 395
1692 9770 59 22 399 76 1305 12 393
1693 9771 50 21 408 75 1298 13 400
1694 9770 49 23 408 76 1295 14 401
1695 9768 46 23 413 74 1292 16 404
1696 9765 43 24 418 73 1287 17 409
1697 9766 42 24 418 73 1289 17 407
1698 9767 34 24 425 73 1282 16 415
1699 9767 43 23 417 75 1289 14 408
1700 9766 39 23 422 76 1281 13 416
1701 9765 42 24 419 76 1283 13 414
1702 9763 51 24 412 75 1291 14 406
1703 9764 53 22 411 75 1294 14 403
1704 9764 55 22 409 74 1297 15 400
1705 9763 54 22 411 73 1298 16 399
1706 9763 54 23 410 74 1297 16 399
1707 9763 58 23 406 75 1300 15 396
1708 9762 56 23 409 75 1299 15 397
1709 9764 51 21 414 73 1298 17 398
1710 9763 53 23 411 73 1299 17 397
1711 9765 54 20 411 71 1302 19 394
1712 9765 56 20 409 71 1304 19 392
1713 9764 60 21 405 71 1307 19 389
1714 9764 54 21 411 71 1299 19 397
1715 9766 48 19 417 71 1295 20 400
1716 9766 49 19 416 71 1296 20 399
1717 9764 51 19 416 70 1297 21 398
1718 9763 53 19 415 71 1297 20 398
1719 9764 46 18 422 71 1291 20 404
1720 9764 44 19 423 71 1289 20 406
1721 9765 46 19 420 71 1290 20 405
1722 9767 44 17 422 72 1289 20 405
1723 9767 43 16 424 74 1286 19 407
1724 9768 41 15 426 72 1287 21 406
1725 9769 44 14 423 72 1291 21 402
1726 9769 44 15 422 75 1288 18 405
1727 9772 43 14 421 75 1288 18 405
1728 9772 38 14 426 76 1282 17 411
1729 9772 38 16 424 76 1282 17 411
1730 9774 35 15 426 78 1279 16 413
1731 9774 36 17 423 78 1280 16 412
1732 9774 37 18 421 78 1281 16 411
1733 9774 32 19 425 78 1276 16 416
1734 9775 41 18 416 78 1286 16 406
1735 9776 44 17 413 80 1290 15 401
1736 9778 34 17 421 82 1280 14 410
1737 9777 38 17 418 83 1284 14 405
1738 9777 46 17 410 83 1292 14 397
1739 9776 45 17 412 84 1291 13 398
1740 9775 50 17 408 84 1293 13 396
1741 9773 50 19 408 84 1293 13 396
1742 9771 47 19 413 84 1288 14 400
1743 9770 49 20 411 84 1287 14 401
1744 9770 45 20 415 84 1283 14 405
1745 9770 43 20 417 84 1281 14 407
1746 9770 39 20 421 83 1278 15 410
1747 9768 43 21 418 83 1280 15 408
1748 9768 40 21 421 83 1277 16 410
1749 9770 37 20 423 82 1277 18 409
1750 9770 35 21 424 81 1276 19 410
1751 9771 41 22 416 80 1284 20 402
1752 9771 45 22 412 78 1290 22 396
1753 9771 46 22 411 79 1288 21 398
1754 9771 48 24 407 80 1289 20 397
1755 9769 42 24 415 81 1280 20 405
1756 9769 46 23 412 83 1282 18 403
1757 9772 44 20 414 83 1283 18 402
1758 9771 53 20 406 86 1290 15 395
1759 9771 37 20 422 85 1277 16 408
1760 9771 39 20 420 85 1279 16 406
1761 9771 37 19 422 85 1277 16 409
1762 9771 39 20 419 83 1281 18 405
1763 9772 38 19 420 83 1281 18 405
1764 9770 43 19 417 83 1284 18 402
1765 9772 40 20 417 83 1283 18 403
1766 9772 32 20 425 84 1274 16 413
1767 9772 31 20 426 82 1275 18 412
1768 9769 36 22 422 83 1276 17 411
1769 9769 33 23 424 84 1272 16 415
1770 9768 35 23 423 84 1275 16 412
1771 9768 30 23 428 84 1270 16 417
1772 9768 31 23 427 84 1271 16 416
1773 9768 28 23 430 83 1271 17 416
1774 9770 30 24 425 84 1274 16 413
1775 9769 34 25 421 84 1277 16 410
1776 9768 41 25 415 86 1281 15 405
1777 9768 45 27 409 86 1285 15 401
1778 9768 44 28 409 86 1284 16 401
1779 9769 47 29 404 87 1287 15 398
1780 9769 49 29 402 87 1291 15 394
1781 9770 46 28 405 86 1292 16 393
1782 9773 50 26 400 86 1297 16 388
1783 9773 43 26 407 85 1291 17 394
1784 9772 37 27 413 84 1285 18 400
1785 9773 38 26 412 82 1289 20 396
1786 9774 30 25 420 81 1285 21 400
1787 9774 29 25 421 80 1287 22 398
1788 9774 28 26 421 80 1286 22 399
1789 9775 36 24 414 80 1295 22 390
1790 9776 35 24 414 81 1290 21 395
1791 9775 38 24 412 82 1291 21 393
1792 9775 37 23 414 82 1292 21 392
1793 9773 40 23 413 84 1291 19 393
1794 9772 43 24 410 84 1293 19 391
1795 9772 38 24 415 83 1289 20 395
1796 9771 37 25 416 84 1284 19 400
1797 9773 36 23 417 84 1285 19 399
1798 9774 39 23 413 84 1289 19 395
1799 9775 39 22 413 83 1291 20 393
1800 9775 40 22 412 84 1291 19 393
1801 9773 49 22 405 82 1298 21 386
1802 9773 59 22 395 82 1302 21 382
1803 9774 53 21 401 81 1298 22 386
1804 9774 48 21 406 81 1295 22 389
1805 9774 45 21 409 81 1292 22 392
1806 9774 48 21 406 80 1296 23 388
1807 9774 50 22 403 81 1293 22 391
1808 9775 45 23 406 80 1290 23 394
1809 9776 49 22 402 80 1293 23 391
1810 9776 42 22 409 80 1286 24 397
1811 9776 38 22 413 81 1281 23 402
1812 9776 41 22 410 80 1287 24 396
1813 9776 42 22 409 79 1289 25 394
1814 9778 45 20 406 80 1293 24 390
1815 9778 37 21 413 80 1283 24 400
1816 9780 35 20 414 80 1283 24 400
1817 9781 41 19 408 80 1288 24 395
1818 9781 35 20 413 81 1281 24 401
1819 9782 33 20 414 81 1280 24 402
1820 9781 28 20 420 81 1274 25 407
1821 9782 33 20 414 82 1279 24 402
1822 9782 30 21 416 84 1274 23 406
1823 9781 30 22 416 83 1274 24 406
1824 9781 40 21 407 83 1284 25 395
1825 9783 37 20 409 84 1282 24 397
1826 9783 39 20 407 85 1283 23 396
1827 9781 47 20 401 86 1286 23 392
1828 9781 46 20 402 87 1284 22 394
1829 9780 38 24 407 87 1275 22 403
1830 9780 43 23 403 87 1280 22 398
1831 9779 47 23 400 86 1284 23 394
1832 9779 44 24 402 88 1281 21 397
1833 9780 41 23 405 88 1279 21 399
1834 9781 45 22 401 88 1282 21 396
1835 9781 41 22 405 89 1279 20 399
1836 9780 39 24 406 89 1276 20 402
1837 9780 40 24 405 89 1275 20 403
1838 9780 40 26 403 91 1273 19 404
1839 9780 43 25 401 92 1275 20 400
1840 9780 38 25 406 92 1272 20 403
1841 9781 40 24 404 91 1276 21 399
1842 9781 38 24 406 90 1275 22 400
1843 9782 42 23 402 91 1279 21 396
1844 9782 44 23 400 91 1281 21 394
1845 9781 43 23 402 92 1280 20 395
1846 9780 43 23 403 91 1278 21 397
1847 9777 49 25 398 90 1282 22 393
1848 9776 47 24 402 89 1280 23 395
1849 9777 47 24 401 89 1281 23 394
1850 9777 45 25 402 89 1279 23 396
1851 9776 44 25 404 89 1277 23 398
1852 9777 53 24 395 91 1283 21 392
1853 9776 48 24 401 90 1278 22 397
1854 9777 44 23 404 90 1277 22 399
1855 9776 48 22 402 90 1280 22 396
1856 9773 50 22 403 90 1279 22 397
1857 9776 52 19 401 90 1284 22 392
1858 9773 50 18 407 90 1279 22 397
1859 9774 46 18 410 89 1277 23 399
1860 9773 47 18 410 87 1281 25 395
1861 9773 44 17 414 87 1278 26 397
1862 9772 39 16 421 87 1274 26 401
1863 9771 37 16 424 87 1271 26 404
1864 9771 44 16 417 87 1278 26 397
1865 9771 41 15 421 86 1276 27 399
1866 9770 42 15 421 86 1276 27 399
1867 9770 53 15 410 91 1278 23 396
1868 9772 49 13 414 92 1275 22 399
1869 9774 49 12 413 89 1280 25 394
1870 9775 45 12 416 89 1277 25 397
1871 9775 45 12 416 89 1277 25 397
1872 9775 45 12 416 90 1278 24 396
1873 9774 48 12 414 89 1281 25 393
1874 9775 47 11 415 90 1280 24 394
1875 9774 41 11 422 89 1274 25 400
1876 9774 44 12 418 90 1276 24 398
1877 9774 38 14 422 89 1271 26 402
1878 9775 42 13 418 89 1274 26 399
1879 9775 41 14 418 88 1274 27 399
1880 9774 41 14 419 89 1272 26 401
1881 9771 44 14 419 89 1272 26 401
1882 9771 41 15 421 89 1269 27 403
1883 9771 41 16 420 88 1272 28 400
1884 9771 41 18 418 88 1272 29 399
1885 9769 47 18 414 86 1278 32 392
1886 9769 50 18 411 86 1281 32 389
1887 9769 48 20 411 86 1279 32 391
1888 9769 45 22 412 86 1278 32 392
1889 9769 47 21 411 86 1280 32 390
1890 9768 51 21 408 86 1283 32 387
1891 9767 50 21 410 86 1281 32 389
1892 9768 50 21 409 86 1280 32 390
1893 9769 45 21 413 87 1275 32 394
1894 9769 49 21 409 88 1278 31 391
1895 9770 45 22 411 88 1275 31 394
1896 9770 46 23 409 88 1276 31 393
1897 9770 45 23 410 91 1272 28 397
1898 9770 42 24 412 90 1270 30 398
1899 9770 39 24 415 90 1269 30 399
1900 9770 36 25 417 91 1265 29 403
1901 9771 37 25 414 92 1266 28 403
1902 9771 37 27 412 92 1266 29 402
1903 9771 40 25 411 92 1267 29 401
1904 9771 35 26 415 90 1264 31 404
1905 9771 37 28 411 90 1266 31 402
1906 9771 39 28 409 90 1268 31 400
1907 9769 40 28 410 88 1271 33 397
1908 9770 42 28 407 89 1273 32 395
1909 9770 46 28 403 92 1270 30 397
1910 9771 45 27 404 93 1271 29 396
1911 9770 50 28 399 94 1272 28 395
1912 9770 43 27 407 93 1268 29 399
1913 9769 47 29 402 94 1270 28 397
1914 9770 41 28 408 97 1266 26 400
1915 9773 38 26 410 97 1266 26 400
1916 9775 42 24 406 97 1272 26 394
1917 9773 36 25 413 98 1263 26 402
1918 9775 32 23 417 96 1263 28 402
1919 9776 33 23 415 99 1262 27 401
1920 9777 36 22 412 99 1266 27 397
1921 9777 33 22 415 100 1260 26 403
1922 9777 38 22 410 102 1265 25 397
1923 9776 40 23 408 103 1265 24 397
1924 9775 46 23 403 102 1271 25 391
1925 9775 46 24 402 103 1270 24 392
1926 9776 44 23 404 100 1272 27 390
1927 9774 44 24 405 100 1272 27 390
1928 9774 47 25 401 99 1278 28 384
1929 9774 45 27 401 100 1275 27 387
1930 9773 44 29 401 100 1273 27 389
1931 9774 42 30 401 100 1272 27 390
1932 9775 46 29 397 101 1278 26 384
1933 9777 45 27 398 99 1283 28 379
1934 9777 44 28 398 100 1281 27 381
1935 9777 42 28 400 98 1281 29 381
1936 9778 45 27 397 97 1284 31 377
1937 9778 53 28 388 98 1291 30 370
1938 9778 59 28 382 99 1294 30 366
1939 9778 54 28 387 99 1289 30 371
1940 9780 49 26 392 99 1286 30 374
1941 9780 54 26 387 99 1291 30 369
1942 9780 51 26 390 99 1288 30 372
1943 9780 50 26 391 100 1286 29 374
1944 9782 47 24 394 101 1284 28 376
1945 9783 42 23 399 101 1278 28 382
1946 9784 45 22 396 103 1280 26 380
1947 9784 39 22 402 102 1277 27 383
1948 9785 43 21 398 103 1279 26 381
1949 9783 42 26 396 103 1276 26 384
1950 9784 32 26 405 102 1268 27 392
1951 9784 44 26 393 100 1280 29 380
1952 9783 45 27 392 100 1278 29 382
1953 9783 41 28 395 100 1274 29 386
1954 9782 40 28 397 98 1274 31 386
1955 9783 35 27 402 98 1272 31 388
1956 9783 32 30 402 98 1269 32 390
1957 9784 34 27 402 95 1275 35 384
1958 9783 45 27 392 93 1287 37 372
1959 9782 42 28 395 94 1282 36 377
1960 9781 43 27 396 94 1282 36 377
1961 9781 45 28 393 94 1284 36 375
1962 9781 50 27 389 95 1284 35 375
1963 9783 50 25 389 94 1287 36 372
1964 9784 53 24 386 94 1291 36 368
1965 9786 50 22 389 93 1289 37 370
1966 9787 46 21 393 94 1283 36 376
1967 9787 44 20 396 93 1282 37 377
1968 9788 45 20 394 94 1283 37 375
1969 9788 43 21 395 95 1280 36 378
1970 9788 39 22 398 96 1275 35 383
1971 9789 42 21 395 96 1279 35 379
1972 9789 39 22 397 97 1275 35 382
1973 9787 47 22 391 98 1280 34 377
1974 9785 48 23 391 95 1282 37 375
1975 9785 52 24 386 96 1287 36 370
1976 9785 50 26 386 95 1286 37 371
1977 9787 52 24 384 97 1288 35 369
1978 9788 47 23 389 97 1284 35 373
1979 9787 45 24 391 98 1280 34 377
1980 9788 47 22 390 100 1281 32 376
1981 9786 44 22 395 100 1274 32 383
1982 9785 39 22 401 100 1270 32 387
1983 9785 42 21 399 100 1273 32 384
1984 9786 39 20 402 100 1271 32 386
1985 9786 47 20 394 100 1279 32 378
1986 9784 51 22 390 100 1281 33 375
1987 9784 55 22 386 99 1286 34 370
1988 9783 50 21 393 98 1279 35 377
1989 9783 47 20 397 99 1275 34 381
1990 9783 50 20 394 99 1278 35 377
1991 9782 51 20 394 100 1277 34 378
1992 9782 41 22 402 98 1271 37 383
1993 9783 43 21 400 99 1273 36 381
1994 9783 43 21 400 100 1274 35 380
1995 9781 50 21 395 101 1278 34 376
1996 9781 54 22 390 102 1281 34 372
1997 9782 46 21 398 101 1277 35 376
1998 9782 54 21 390 102 1284 34 369
1999 9782 50 20 395 102 1280 34 373
2000 9782 45 20 400 101 1276 35 377
2001 9783 42 19 403 100 1275 36 378
2002 9783 39 19 406 100 1272 36 381
2003 9784 38 19 407 100 1272 36 380
2004 9784 28 19 417 100 1262 36 390
2005 9784 33 19 412 101 1266 35 386
2006 9783 31 19 415 101 1263 35 389
2007 9783 35 19 411 102 1264 34 388
2008 9782 30 19 417 100 1260 36 392
2009 9781 36 19 412 101 1264 35 388
2010 9781 41 20 406 103 1267 33 385
2011 9781 41 21 405 102 1268 34 384
2012 9780 39 21 408 102 1265 34 387
2013 9779 41 22 406 100 1268 36 384
2014 9780 38 21 409 100 1268 36 384
2015 9781 32 20 415 100 1263 37 388
2016 9780 32 19 417 99 1263 38 388
2017 9780 38 20 410 100 1268 37 383
2018 9782 38 19 409 100 1270 37 381
2019 9783 40 18 407 99 1274 39 376
2020 9783 36 18 411 99 1270 39 380
2021 9781 36 19 412 99 1268 39 382
2022 9781 39 19 409 99 1271 39 379
2023 9781 41 19 407 99 1273 39 377
2024 9780 42 19 407 100 1272 38 378
2025 9780 42 19 407 101 1273 37 377
2026 9781 45 18 404 102 1276 36 374
2027 9782 42 17 407 102 1274 36 376
2028 9782 37 17 412 101 1272 37 378
2029 9782 33 17 416 102 1267 37 382
2030 9783 35 17 413 103 1269 36 380
2031 9784 33 17 414 104 1267 35 382
2032 9784 34 17 413 106 1266 33 383
2033 9785 36 16 411 109 1266 32 381
2034 9785 35 15 413 111 1263 31 383
2035 9785 36 15 412 111 1264 31 382
2036 9784 43 15 406 112 1269 30 377
2037 9784 44 16 404 112 1270 30 376
2038 9784 47 17 400 115 1274 28 371
2039 9784 51 17 396 116 1273 27 372
2040 9786 38 15 409 116 1262 27 383
2041 9785 40 15 408 116 1263 27 382
2042 9785 38 15 410 116 1261 27 384
2043 9781 44 15 408 115 1264 28 381
2044 9782 41 14 411 114 1263 29 382
2045 9781 55 14 398 114 1276 29 369
2046 9781 55 13 399 114 1276 29 369
2047 9781 56 13 398 114 1277 29 368
2048 9783 56 11 398 115 1278 28 367
2049 9783 52 11 402 114 1273 29 372
2050 9784 51 10 403 113 1274 30 371
2051 9783 50 10 405 112 1273 31 372
2052 9786 44 10 408 114 1268 29 377
2053 9786 47 10 405 116 1269 26 377
2054 9786 44 10 408 114 1268 28 378
2055 9786 44 10 408 113 1269 29 377
2056 9786 40 10 412 113 1265 29 381
2057 9786 38 10 414 115 1261 29 383
2058 9786 35 10 417 114 1259 30 385
2059 9784 40 10 414 113 1263 31 381
2060 9783 32 11 421 112 1255 32 390
2061 9782 37 12 416 112 1259 32 386
2062 9781 42 13 412 111 1264 33 380
2063 9781 44 13 410 110 1271 34 373
2064 9781 46 14 407 110 1273 34 371
2065 9780 49 15 404 112 1271 32 373
2066 9780 42 17 409 111 1265 33 379
2067 9781 43 17 407 112 1266 32 378
2068 9781 36 17 414 112 1261 32 383
2069 9781 41 18 408 112 1266 32 378
2070 9780 39 18 411 110 1267 34 377
2071 9782 44 16 406 111 1273 33 371
2072 9782 42 18 406 111 1271 34 372
2073 9785 45 16 402 112 1276 34 366
2074 9786 42 15 405 113 1273 34 368
2075 9786 38 15 409 114 1266 33 375
2076 9785 40 16 406 115 1266 32 376
2077 9784 39 16 409 115 1264 32 377
2078 9784 39 16 409 114 1265 33 376
2079 9784 41 15 408 115 1266 32 375
2080 9784 44 15 405 116 1268 31 373
2081 9783 45 16 404 116 1266 31 375
2082 9782 37 16 413 116 1259 31 382
2083 9783 42 15 408 116 1265 31 376
2084 9782 41 15 410 117 1262 30 379
2085 9781 42 16 409 118 1263 29 378
2086 9781 46 18 403 118 1263 29 378
2087 9781 46 17 404 117 1264 30 377
2088 9782 41 17 408 116 1261 31 380
2089 9783 42 16 407 115 1262 32 379
2090 9783 40 16 409 115 1260 32 381
2091 9784 37 16 411 114 1261 33 380
2092 9785 40 15 408 115 1264 32 377
2093 9785 41 16 406 114 1266 33 375
2094 9785 46 18 399 115 1270 32 371
2095 9784 38 18 408 113 1263 34 378
2096 9784 37 19 408 113 1262 34 379
2097 9783 36 19 410 113 1260 34 381
2098 9784 38 21 405 113 1261 34 380
2099 9784 35 21 408 115 1256 32 385
2100 9783 40 22 403 117 1258 30 383
2101 9783 38 22 405 117 1254 30 387
2102 9782 52 24 390 119 1265 29 375
2103 9783 49 22 394 118 1262 30 378
2104 9784 47 21 396 119 1260 30 379
2105 9784 49 21 394 120 1261 29 378
2106 9785 49 22 392 120 1262 29 377
2107 9786 43 22 397 120 1257 29 382
2108 9786 47 23 392 119 1262 30 377
2109 9786 45 23 394 120 1259 29 380
2110 9787 39 22 400 119 1255 30 384
2111 9789 40 21 398 119 1256 30 383
2112 9789 45 21 393 121 1259 28 380
2113 9788 47 21 392 122 1257 27 382
2114 9788 51 23 386 122 1261 27 378
2115 9788 50 25 385 122 1260 27 379
2116 9787 50 25 386 120 1261 28 379
2117 9789 55 24 380 119 1269 29 371
2118 9791 56 23 378 119 1272 29 368
2119 9791 54 22 381 119 1270 29 370
2120 9792 52 21 383 118 1270 30 370
2121 9792 51 21 384 117 1270 31 370
2122 9793 52 20 383 116 1273 32 367
2123 9793 44 19 392 115 1266 33 374
2124 9793 43 20 392 115 1265 33 375
2125 9792 52 20 384 115 1273 33 367
2126 9793 51 19 385 117 1273 32 366
2127 9792 42 20 394 117 1265 33 373
2128 9791 34 21 402 115 1258 35 380
2129 9791 32 20 405 115 1256 35 382
2130 9791 39 20 398 116 1262 34 376
2131 9791 42 20 395 116 1265 35 372
2132 9791 42 20 395 117 1262 34 375
2133 9791 44 20 393 117 1264 34 373
2134 9792 42 19 395 117 1263 34 374
2135 9793 39 18 398 116 1262 35 375
2136 9794 42 18 394 115 1267 36 370
2137 9794 44 18 392 115 1269 36 368
2138 9794 39 18 397 114 1265 36 373
2139 9796 43 16 393 113 1272 37 366
2140 9796 43 16 393 112 1273 38 365
2141 9797 43 14 394 114 1272 37 365
2142 9797 37 14 400 113 1267 38 370
2143 9797 41 14 396 115 1269 36 368
2144 9796 47 15 390 116 1273 36 363
2145 9796 43 16 393 117 1268 35 368
2146 9796 43 16 393 116 1269 36 367
2147 9795 42 17 394 116 1267 37 368
2148 9794 41 17 396 116 1265 37 370
2149 9793 43 18 394 117 1265 36 370
2150 9794 51 18 385 117 1274 36 361
2151 9794 47 17 390 117 1270 36 365
2152 9794 48 17 389 117 1271 37 363
2153 9795 45 16 392 116 1270 38 364
2154 9794 42 16 396 116 1266 38 368
2155 9796 41 17 394 116 1269 38 365
2156 9795 42 17 394 116 1271 38 363
2157 9797 42 15 394 116 1273 38 361
2158 9797 51 15 385 115 1283 39 351
2159 9797 54 16 381 116 1285 38 349
2160 9796 59 15 378 118 1287 36 347
2161 9797 56 16 379 118 1283 36 351
2162 9797 54 16 381 119 1280 35 354
2163 9797 55 15 381 120 1278 35 355
2164 9797 53 15 383 119 1277 36 356
2165 9795 59 16 378 120 1280 35 353
2166 9795 56 17 380 121 1276 34 357
2167 9795 50 18 385 122 1271 34 361
2168 9796 46 17 389 121 1271 36 360
2169 9796 50 17 385 120 1276 37 355
2170 9795 49 17 387 119 1277 38 354
2171 9796 47 16 389 120 1275 37 356
2172 9795 44 17 392 121 1270 36 361
2173 9794 45 18 391 122 1269 35 362
2174 9793 47 18 390 123 1269 34 362
2175 9794 41 17 396 124 1263 33 368
2176 9794 47 17 390 124 1269 33 362
2177 9793 45 17 393 123 1267 34 364
2178 9792 43 17 396 123 1264 34 367
2179 9791 43 18 396 123 1263 34 368
2180 9790 40 19 399 123 1259 34 372
2181 9790 40 19 399 125 1257 32 374
2182 9791 37 19 401 122 1258 35 373
2183 9792 40 20 396 123 1261 34 370
2184 9792 48 20 388 123 1269 35 361
2185 9793 38 20 397 121 1262 37 368
2186 9795 37 20 396 119 1265 39 365
2187 9794 36 20 398 122 1262 37 367
2188 9794 30 20 404 122 1256 37 373
2189 9792 37 20 399 122 1261 37 368
2190 9791 39 21 397 122 1262 37 367
2191 9791 39 21 397 123 1259 36 370
2192 9791 34 21 402 121 1256 38 373
2193 9793 36 19 400 121 1260 38 369
2194 9793 38 19 398 121 1262 39 366
2195 9792 41 20 395 122 1263 39 364
2196 9790 40 20 398 124 1258 37 369
2197 9790 38 22 398 122 1258 39 369
2198 9790 40 21 397 122 1260 39 367
2199 9790 41 22 395 122 1261 39 366
2200 9789 38 22 399 123 1256 38 371
