0 1979 195 0 0 0 0 0 0 0 0 0 0 0 0 0 0
1 11641 197 197 1 0 0 0 0 0 0 0 0 0 0 0 0
2 11641 197 197 1 0 0 0 0 0 0 0 0 0 0 0 0
3 11639 198 198 1 0 0 0 0 0 0 0 0 0 0 0 0
4 11641 197 197 1 0 0 0 0 0 0 0 0 0 0 0 0
5 11644 195 195 2 0 0 0 0 0 0 0 0 0 0 0 0
6 11641 196 196 3 0 0 0 0 0 0 0 0 0 0 0 0
7 11639 197 197 3 0 0 0 0 0 0 0 0 0 0 0 0
8 11637 198 198 3 0 0 0 0 0 0 0 0 0 0 0 0
9 11635 199 199 3 0 0 0 0 0 0 0 0 0 0 0 0
10 11635 199 199 3 0 0 0 0 0 0 0 0 0 0 0 0
11 11635 199 199 3 0 0 0 0 0 0 0 0 0 0 0 0
12 11633 200 200 3 0 0 0 0 0 0 0 0 0 0 0 0
13 11633 200 200 3 0 0 0 0 0 0 0 0 0 0 0 0
14 11631 201 201 3 0 0 0 0 0 0 0 0 0 0 0 0
15 11627 203 203 3 0 0 0 0 0 0 0 0 0 0 0 0
16 11624 204 204 4 0 0 0 0 0 0 0 0 0 0 0 0
17 11624 204 204 4 0 0 0 0 0 0 0 0 0 0 0 0
18 11628 202 202 4 0 0 0 0 0 0 0 0 0 0 0 0
19 11632 200 200 4 0 0 0 0 0 0 0 0 0 0 0 0
20 11632 200 200 4 0 0 0 0 0 0 0 0 0 0 0 0
21 11632 200 200 4 0 0 0 0 0 0 0 0 0 0 0 0
22 11626 203 203 4 0 0 0 0 0 0 0 0 0 0 0 0
23 11628 202 202 4 0 0 0 0 0 0 0 0 0 0 0 0
24 11628 202 202 4 0 0 0 0 0 0 0 0 0 0 0 0
25 11624 204 204 4 0 0 0 0 0 0 0 0 0 0 0 0
26 11620 206 206 4 0 0 0 0 0 0 0 0 0 0 0 0
27 11618 207 207 4 0 0 0 0 0 0 0 0 0 0 0 0
28 11616 208 208 4 0 0 0 0 0 0 0 0 0 0 0 0
29 11616 208 208 4 0 0 0 0 0 0 0 0 0 0 0 0
30 11612 210 210 4 0 0 0 0 0 0 0 0 0 0 0 0
31 11608 212 212 4 0 0 0 0 0 0 0 0 0 0 0 0
32 11600 216 216 4 0 0 0 0 0 0 0 0 0 0 0 0
33 11594 219 219 4 0 0 0 0 0 0 0 0 0 0 0 0
34 11594 219 219 4 0 0 0 0 0 0 0 0 0 0 0 0
35 11596 218 218 4 0 0 0 0 0 0 0 0 0 0 0 0
36 11588 222 222 4 0 0 0 0 0 0 0 0 0 0 0 0
37 11582 225 225 4 0 0 0 0 0 0 0 0 0 0 0 0
38 11580 226 226 4 0 0 0 0 0 0 0 0 0 0 0 0
39 11579 226 226 5 0 0 0 0 0 0 0 0 0 0 0 0
40 11573 229 229 5 0 0 0 0 0 0 0 0 0 0 0 0
41 11571 230 230 5 0 0 0 0 0 0 0 0 0 0 0 0
42 11567 232 232 5 0 0 0 0 0 0 0 0 0 0 0 0
43 11567 232 232 5 0 0 0 0 0 0 0 0 0 0 0 0
44 11565 233 233 5 0 0 0 0 0 0 0 0 0 0 0 0
45 11543 244 244 5 0 0 0 0 0 0 0 0 0 0 0 0
46 11529 251 251 5 0 0 0 0 0 0 0 0 0 0 0 0
47 11527 252 252 5 0 0 0 0 0 0 0 0 0 0 0 0
48 11520 256 256 4 0 0 0 0 0 0 0 0 0 0 0 0
49 11504 264 264 4 0 0 0 0 0 0 0 0 0 0 0 0
50 11490 271 271 4 0 0 0 0 0 0 0 0 0 0 0 0
51 11488 272 272 4 0 0 0 0 0 0 0 0 0 0 0 0
52 11473 280 280 3 0 0 0 0 0 0 0 0 0 0 0 0
53 11461 286 286 3 0 0 0 0 0 0 0 0 0 0 0 0
54 11447 293 293 3 0 0 0 0 0 0 0 0 0 0 0 0
55 11434 299 299 4 0 0 0 0 0 0 0 0 0 0 0 0
56 11432 300 300 4 0 0 0 0 0 0 0 0 0 0 0 0
57 11427 302 302 5 0 0 0 0 0 0 0 0 0 0 0 0
58 11413 308 308 7 0 0 0 0 0 0 0 0 0 0 0 0
59 11404 312 312 8 0 0 0 0 0 0 0 0 0 0 0 0
60 11392 318 318 8 0 0 0 0 0 0 0 0 0 0 0 0
61 11378 325 325 8 0 0 0 0 0 0 0 0 0 0 0 0
62 11378 325 325 8 0 0 0 0 0 0 0 0 0 0 0 0
63 11360 334 334 8 0 0 0 0 0 0 0 0 0 0 0 0
64 11346 341 341 8 0 0 0 0 0 0 0 0 0 0 0 0
65 11338 344 344 10 0 0 0 0 0 0 0 0 0 0 0 0
66 11319 354 354 9 0 0 0 0 0 0 0 0 0 0 0 0
67 11305 361 361 9 0 0 0 0 0 0 0 0 0 0 0 0
68 11285 370 370 11 0 0 0 0 0 0 0 0 0 0 0 0
69 11268 378 378 12 0 0 0 0 0 0 0 0 0 0 0 0
70 11253 386 386 11 0 0 0 0 0 0 0 0 0 0 0 0
71 11251 387 387 11 0 0 0 0 0 0 0 0 0 0 0 0
72 11245 390 390 11 0 0 0 0 0 0 0 0 0 0 0 0
73 11231 397 397 11 0 0 0 0 0 0 0 0 0 0 0 0
74 11211 406 406 13 0 0 0 0 0 0 0 0 0 0 0 0
75 11200 411 411 14 0 0 0 0 0 0 0 0 0 0 0 0
76 11181 420 420 15 0 0 0 0 0 0 0 0 0 0 0 0
77 11160 430 430 16 0 0 0 0 0 0 0 0 0 0 0 0
78 11142 439 439 16 0 0 0 0 0 0 0 0 0 0 0 0
79 11122 448 448 18 0 0 0 0 0 0 0 0 0 0 0 0
80 11110 453 453 20 0 0 0 0 0 0 0 0 0 0 0 0
81 11102 456 456 22 0 0 0 0 0 0 0 0 0 0 0 0
82 11085 464 464 23 0 0 0 0 0 0 0 0 0 0 0 0
83 11062 475 475 24 0 0 0 0 0 0 0 0 0 0 0 0
84 11050 481 481 24 0 0 0 0 0 0 0 0 0 0 0 0
85 11035 488 487 24 0 0 1 0 0 0 0 1 0 0 0 0
86 11031 490 489 24 0 0 1 0 0 0 0 1 0 0 0 0
87 11009 500 499 26 0 0 1 0 0 0 0 1 0 0 0 0
88 10991 509 508 26 0 0 1 0 0 0 0 1 0 0 0 0
89 10977 516 515 26 0 0 1 0 0 0 0 1 0 0 0 0
90 10950 530 529 25 0 0 1 0 0 0 0 1 0 0 0 0
91 10935 537 536 26 0 0 1 0 0 0 0 1 0 0 0 0
92 10919 545 544 26 0 0 1 0 0 0 0 1 0 0 0 0
93 10915 547 546 26 0 0 1 0 0 0 0 1 0 0 0 0
94 10906 551 550 27 0 0 1 0 0 0 0 1 0 0 0 0
95 10892 558 557 27 0 0 1 0 0 0 0 1 0 0 0 0
96 10879 564 563 28 0 0 1 0 0 0 0 1 0 0 0 0
97 10870 568 567 29 0 0 1 0 0 0 0 1 0 0 0 0
98 10869 568 566 29 0 0 2 0 0 0 0 2 0 0 0 0
99 10851 577 575 29 0 0 2 0 0 0 0 2 0 0 0 0
100 10852 577 575 28 0 0 2 0 0 0 0 2 0 0 0 0
101 10845 580 578 29 0 0 2 0 0 0 0 2 0 0 0 0
102 10825 590 588 29 0 0 2 0 0 0 0 2 0 0 0 0
103 10819 593 591 29 0 0 2 0 0 0 0 2 0 0 0 0
104 10803 601 599 29 0 0 2 0 0 0 0 2 0 0 0 0
105 10790 607 604 29 0 0 3 0 0 0 0 3 0 0 0 0
106 10777 613 610 30 0 0 3 0 0 0 0 3 0 0 0 0
107 10762 621 618 29 0 0 3 0 0 0 0 3 0 0 0 0
108 10756 624 621 29 0 0 3 0 0 0 0 3 0 0 0 0
109 10751 626 623 30 0 0 3 0 0 0 0 3 0 0 0 0
110 10748 628 625 29 0 0 3 0 0 0 0 3 0 0 0 0
111 10745 629 626 30 0 0 3 0 0 0 0 3 0 0 0 0
112 10743 629 626 32 0 0 3 0 0 0 0 3 0 0 0 0
113 10733 633 631 33 0 0 3 0 0 1 0 2 0 0 0 0
114 10726 636 634 34 0 0 3 0 0 1 0 2 0 0 0 0
115 10720 638 636 36 0 0 3 0 0 1 0 2 0 0 0 0
116 10712 642 640 36 0 0 3 0 0 1 0 2 0 0 0 0
117 10699 649 647 35 0 0 3 0 0 1 0 2 0 0 0 0
118 10698 650 647 33 0 0 4 0 0 1 0 3 0 0 0 0
119 10702 648 645 33 0 0 4 0 0 1 0 3 0 0 0 0
120 10688 654 651 35 0 0 4 0 0 1 0 3 0 0 0 0
121 10685 656 653 34 0 0 4 0 0 1 0 3 0 0 0 0
122 10681 657 654 36 0 0 4 0 0 1 0 3 0 0 0 0
123 10664 665 661 36 0 0 5 0 0 1 0 4 0 0 0 0
124 10658 668 663 35 0 0 6 0 0 1 0 5 0 0 0 0
125 10656 669 664 35 0 0 6 0 0 1 0 5 0 0 0 0
126 10631 680 674 37 0 0 7 0 0 1 0 6 0 0 0 0
127 10630 680 674 38 0 0 7 0 0 1 0 6 0 0 0 0
128 10628 681 675 38 0 0 7 0 0 1 0 6 0 0 0 0
129 10615 687 681 39 0 0 7 0 0 1 0 6 0 0 0 0
130 10613 688 682 39 0 0 7 0 0 1 0 6 0 0 0 0
131 10597 695 690 40 0 0 6 1 0 1 0 6 0 0 0 0
132 10573 707 702 40 0 0 6 1 0 1 0 6 0 0 0 0
133 10565 711 706 40 0 0 6 1 0 1 0 6 0 0 0 0
134 10557 714 709 42 0 0 6 1 0 1 0 6 0 0 0 0
135 10547 719 714 42 0 0 6 1 0 1 0 6 0 0 0 0
136 10522 731 726 43 0 0 6 1 0 1 0 6 0 0 0 0
137 10499 741 736 46 0 0 6 1 0 1 0 6 0 0 0 0
138 10490 744 739 49 0 0 6 1 0 1 0 6 0 0 0 0
139 10484 747 743 48 0 0 6 1 0 2 0 5 0 0 0 0
140 10475 751 746 48 0 0 7 1 0 2 0 6 0 0 0 0
141 10468 753 747 50 0 0 8 1 0 2 0 7 0 0 0 0
142 10461 756 750 51 0 0 8 1 0 2 0 7 0 0 0 0
143 10448 761 755 54 0 0 8 1 0 2 0 7 0 0 0 0
144 10428 771 765 54 0 0 8 1 0 2 0 7 0 0 0 0
145 10419 775 769 55 0 0 8 1 0 2 0 7 0 0 0 0
146 10398 785 779 56 0 0 8 1 0 2 0 7 0 0 0 0
147 10375 795 789 59 0 0 8 1 0 2 0 7 0 0 0 0
148 10369 797 791 61 0 0 8 1 0 2 0 7 0 0 0 0
149 10348 808 802 60 0 0 8 1 0 2 0 7 0 0 0 0
150 10322 821 816 59 0 0 7 2 0 2 0 7 0 0 0 0
151 10310 825 819 62 0 0 8 2 0 2 0 8 0 0 0 0
152 10298 831 825 62 0 0 8 2 0 2 0 8 0 0 0 0
153 10291 835 830 60 0 0 8 2 0 3 0 7 0 0 0 0
154 10272 843 838 63 0 0 8 2 0 3 0 7 0 0 0 0
155 10238 859 854 65 0 0 8 2 0 3 0 7 0 0 0 0
156 10211 870 865 70 0 0 8 2 0 3 0 7 0 0 0 0
157 10191 878 873 74 0 0 8 2 0 3 0 7 0 0 0 0
158 10153 895 891 77 0 0 7 3 0 3 0 7 0 0 0 0
159 10128 906 901 79 0 0 8 3 0 3 0 8 0 0 0 0
160 10106 916 911 81 0 0 8 3 0 3 0 8 0 0 0 0
161 10084 926 920 82 0 0 9 3 0 3 0 9 0 0 0 0
162 10052 941 935 84 0 0 9 3 0 3 0 9 0 0 0 0
163 10039 946 937 85 0 0 12 2 0 3 0 11 0 0 0 1
164 10007 962 953 85 0 0 12 2 0 3 0 11 0 0 0 1
165 9988 972 963 84 0 0 12 2 0 3 0 11 0 0 0 1
166 9966 982 973 86 0 0 12 2 0 3 0 11 0 0 0 1
167 9943 993 983 86 0 0 13 2 0 3 0 12 0 0 0 1
168 9924 1002 991 86 0 0 14 2 0 3 0 13 0 0 0 1
169 9893 1015 1003 90 0 0 15 2 0 3 0 14 0 0 0 1
170 9878 1020 1007 94 0 0 16 2 0 3 0 15 0 0 0 1
171 9854 1031 1017 95 0 0 17 2 0 3 0 16 0 0 0 1
172 9828 1043 1028 96 0 0 18 2 0 3 0 17 0 0 0 1
173 9799 1058 1043 95 0 0 18 2 0 3 0 17 0 0 0 1
174 9785 1065 1050 95 0 0 18 2 0 3 0 17 0 0 0 1
175 9770 1071 1056 98 0 0 18 2 0 3 0 17 0 0 0 1
176 9765 1073 1058 99 0 0 18 2 0 3 0 17 0 0 0 1
177 9740 1083 1068 104 0 0 18 2 0 3 0 17 0 0 0 1
178 9725 1088 1073 109 0 0 18 2 0 3 0 17 0 0 0 1
179 9691 1101 1085 116 0 0 19 2 0 3 0 18 0 0 0 1
180 9683 1105 1089 116 0 0 19 2 0 3 0 18 0 0 0 1
181 9660 1116 1099 114 0 0 20 3 0 3 0 20 0 0 0 1
182 9654 1116 1099 120 0 0 20 3 0 3 0 20 0 0 0 1
183 9637 1124 1107 121 0 0 20 3 0 3 0 20 0 0 0 1
184 9627 1128 1109 121 0 0 22 3 0 3 0 22 0 0 0 1
185 9611 1135 1115 123 0 0 23 2 0 3 0 22 0 0 0 2
186 9596 1142 1120 122 0 0 25 2 0 3 0 24 0 0 0 2
187 9592 1143 1121 124 0 0 25 2 0 3 0 24 0 0 0 2
188 9577 1150 1128 125 0 0 25 2 0 3 0 24 0 0 0 2
189 9564 1156 1133 125 0 0 26 2 0 3 0 25 0 0 0 2
190 9553 1161 1138 126 0 0 26 2 0 3 0 25 0 0 0 2
191 9541 1165 1142 130 0 0 26 2 0 3 0 25 0 0 0 2
192 9534 1169 1145 128 0 0 27 2 0 3 0 26 0 0 0 2
193 9505 1183 1158 128 0 0 28 2 0 3 0 27 0 0 0 2
194 9482 1192 1166 132 0 0 29 2 0 3 0 28 0 0 0 2
195 9475 1196 1170 131 0 0 29 2 0 3 0 28 0 0 0 2
196 9467 1199 1173 131 0 0 29 3 0 3 0 29 0 0 0 2
197 9450 1207 1180 131 0 0 30 3 0 3 0 30 0 0 0 2
198 9447 1209 1181 129 0 0 31 3 0 3 0 31 0 0 0 2
199 9431 1217 1187 127 0 0 33 3 0 3 0 33 0 0 0 2
200 9428 1216 1185 131 0 0 34 3 0 3 0 34 0 0 0 2
201 9414 1222 1192 132 0 0 34 3 0 4 0 33 0 0 0 2
202 9405 1226 1195 132 0 0 35 3 0 4 0 34 0 0 0 2
203 9412 1222 1191 131 0 0 36 3 0 5 0 34 0 0 0 2
204 9415 1220 1188 131 0 0 37 3 0 5 0 35 0 0 0 2
205 9403 1226 1194 131 0 0 37 3 0 5 0 35 0 0 0 2
206 9399 1228 1195 130 0 0 38 3 0 5 0 36 0 0 0 2
207 9393 1231 1198 130 0 0 38 3 0 5 0 36 0 0 0 2
208 9390 1233 1200 129 0 0 38 3 0 5 0 36 0 0 0 2
209 9388 1232 1199 133 0 0 38 3 0 5 0 36 0 0 0 2
210 9388 1232 1199 133 0 0 38 3 0 5 0 36 0 0 0 2
211 9370 1240 1207 133 0 0 38 4 0 5 0 37 0 0 0 2
212 9371 1238 1205 134 0 0 39 4 0 6 0 37 0 0 0 2
213 9375 1235 1201 135 0 0 40 4 0 6 0 38 0 0 0 2
214 9372 1236 1202 136 0 0 40 4 0 6 0 38 0 0 0 2
215 9366 1238 1204 134 0 0 40 6 0 6 0 40 0 0 0 2
216 9370 1236 1203 133 0 0 40 6 0 7 0 39 0 0 0 2
217 9368 1236 1203 135 0 0 40 6 0 7 0 39 0 0 0 2
218 9360 1239 1206 137 0 0 40 6 0 7 0 39 0 0 0 2
219 9351 1241 1208 140 0 0 40 7 0 7 0 40 0 0 0 2
220 9359 1238 1204 137 0 0 41 7 0 7 0 41 0 0 0 2
221 9349 1242 1208 139 0 0 41 7 0 7 0 41 0 0 0 2
222 9343 1245 1210 138 0 0 42 7 0 7 0 42 0 0 0 2
223 9349 1241 1206 138 0 0 43 7 0 8 0 42 0 0 0 2
224 9342 1244 1208 136 0 0 45 7 0 9 0 43 0 0 0 2
225 9334 1247 1210 138 0 0 46 6 0 9 0 43 0 0 0 3
226 9327 1250 1214 138 0 0 46 6 0 10 0 42 0 0 0 3
227 9312 1257 1221 139 0 0 46 6 0 10 0 42 0 0 0 3
228 9306 1261 1225 137 0 0 46 6 0 10 0 42 0 0 0 3
229 9300 1264 1229 136 0 0 45 7 0 10 0 42 0 0 0 3
230 9300 1263 1229 137 0 0 45 7 0 11 0 41 0 0 0 3
231 9291 1266 1232 140 0 0 45 7 0 11 0 41 0 0 0 3
232 9295 1262 1229 143 0 0 45 7 0 12 0 40 0 0 0 3
233 9287 1266 1232 142 0 0 46 7 0 12 0 41 0 0 0 3
234 9280 1270 1236 141 0 0 46 7 0 12 0 41 0 0 0 3
235 9288 1266 1232 141 0 0 46 7 0 12 0 41 0 0 0 3
236 9284 1268 1234 141 0 0 46 7 0 12 0 41 0 0 0 3
237 9285 1267 1233 142 0 0 46 7 0 12 0 41 0 0 0 3
238 9281 1268 1235 143 0 0 46 7 0 13 0 40 0 0 0 3
239 9261 1276 1243 147 0 0 46 7 0 13 0 40 0 0 0 3
240 9263 1275 1241 146 0 0 47 7 0 13 0 41 0 0 0 3
241 9257 1279 1245 144 0 0 47 7 0 13 0 41 0 0 0 3
242 9252 1281 1247 145 0 0 47 7 0 13 0 41 0 0 0 3
243 9246 1283 1247 145 0 0 49 7 0 13 0 43 0 0 0 3
244 9234 1288 1252 145 0 0 49 8 0 13 0 44 0 0 0 3
245 9219 1295 1258 143 0 0 50 9 0 13 0 46 0 0 0 3
246 9212 1299 1262 142 0 0 50 9 0 13 0 46 0 0 0 3
247 9194 1307 1269 143 0 0 51 9 0 13 0 47 0 0 0 3
248 9186 1312 1274 141 0 0 51 9 0 13 0 47 0 0 0 3
249 9191 1308 1271 141 0 0 52 9 0 15 0 46 0 0 0 3
250 9172 1318 1279 140 0 0 54 8 0 15 0 47 0 0 0 3
251 9163 1322 1283 141 0 0 54 8 0 15 0 47 0 0 0 3
252 9145 1330 1290 142 0 0 55 8 0 15 0 48 0 0 0 3
253 9138 1332 1292 145 0 0 55 8 0 15 0 48 0 0 0 3
254 9129 1334 1294 148 0 0 56 8 0 16 0 48 0 0 0 3
255 9121 1338 1300 146 0 0 56 8 0 18 0 46 0 0 0 3
256 9113 1342 1304 146 0 0 56 8 0 18 0 46 0 0 0 3
257 9102 1346 1308 147 0 0 57 8 0 19 0 46 0 0 0 3
258 9098 1347 1309 149 0 0 57 8 0 19 0 46 0 0 0 3
259 9094 1346 1306 153 0 0 58 9 0 18 0 49 0 0 0 3
260 9082 1351 1311 155 0 0 58 9 0 18 0 49 0 0 0 3
261 9067 1358 1319 155 0 0 57 10 0 18 0 49 0 0 0 3
262 9051 1366 1326 154 0 0 58 10 0 18 0 50 0 0 0 3
263 9046 1368 1326 155 0 0 60 9 0 18 0 51 0 0 0 3
264 9037 1371 1329 158 0 0 60 9 0 18 0 51 0 0 0 3
265 9018 1378 1336 163 0 0 60 9 0 18 0 51 0 0 0 3
266 9006 1383 1340 164 0 0 61 9 0 18 0 52 0 0 0 3
267 8991 1387 1344 170 0 0 61 9 0 18 0 52 0 0 0 4
268 8963 1401 1358 170 0 0 61 9 0 18 0 52 0 0 0 4
269 8948 1407 1362 170 0 0 63 9 0 18 0 54 0 0 0 5
270 8934 1412 1367 172 0 0 64 9 0 19 0 54 0 0 0 5
271 8915 1417 1372 180 0 0 64 9 0 19 0 54 0 0 0 6
272 8913 1417 1371 181 0 0 65 9 0 19 0 55 0 0 0 6
273 8902 1419 1373 186 0 0 65 10 0 19 0 56 0 0 0 6
274 8895 1420 1375 188 0 0 66 10 0 21 0 55 0 0 0 6
275 8895 1419 1374 188 0 0 67 10 0 22 0 55 0 0 0 6
276 8873 1426 1380 193 0 0 68 11 0 22 0 57 0 0 0 6
277 8868 1429 1380 191 0 0 71 10 0 22 0 59 0 0 0 6
278 8849 1438 1387 190 0 0 73 10 0 22 0 61 0 0 0 6
279 8831 1447 1396 190 0 0 73 10 0 22 0 61 0 0 0 6
280 8816 1452 1399 193 0 0 75 10 0 22 0 63 0 0 0 6
281 8800 1457 1402 198 0 0 77 9 0 22 0 64 0 0 0 7
282 8798 1456 1399 200 0 0 79 9 0 22 0 66 0 0 0 7
283 8783 1462 1405 201 0 0 79 10 0 22 0 67 0 0 0 7
284 8775 1466 1406 198 0 0 82 10 0 22 0 70 0 0 0 7
285 8767 1470 1410 198 0 0 82 10 0 22 0 70 0 0 0 7
286 8760 1474 1414 197 0 0 82 10 0 22 0 70 0 0 0 7
287 8748 1478 1417 200 0 0 83 10 0 22 0 71 0 0 0 7
288 8742 1480 1417 200 0 0 85 10 0 22 0 73 0 0 0 7
289 8714 1493 1431 201 0 0 85 10 0 23 0 72 0 0 0 7
290 8706 1495 1430 202 0 0 88 10 0 23 0 75 0 0 0 7
291 8707 1492 1428 204 0 0 89 10 0 25 0 74 0 0 0 7
292 8698 1495 1431 207 0 0 89 10 0 25 0 74 0 0 0 7
293 8688 1498 1434 209 0 0 90 10 0 26 0 74 0 0 0 7
294 8674 1504 1439 210 0 0 91 10 0 26 0 75 0 0 0 7
295 8672 1503 1438 214 0 0 91 10 0 26 0 75 0 0 0 7
296 8670 1503 1436 214 0 0 93 9 0 26 0 76 0 0 0 9
297 8662 1505 1438 216 0 0 93 10 0 26 0 77 0 0 0 9
298 8656 1508 1441 216 0 0 93 10 0 26 0 77 0 0 0 9
299 8664 1504 1436 215 0 0 94 10 0 26 0 78 0 0 0 9
300 8666 1503 1432 212 0 0 97 10 0 26 0 81 0 0 0 9
301 8657 1507 1436 213 0 0 97 10 0 26 0 81 0 0 0 9
302 8659 1505 1433 214 0 0 98 10 0 26 0 82 0 0 0 9
303 8643 1512 1439 215 0 0 99 10 0 26 0 83 0 0 0 9
304 8642 1511 1437 217 0 0 100 10 0 26 0 84 0 0 0 9
305 8642 1512 1437 213 0 0 101 10 0 26 0 85 0 0 0 10
306 8632 1516 1441 213 0 0 101 11 0 26 0 86 0 0 0 10
307 8623 1519 1443 217 0 0 101 11 0 25 0 87 0 0 0 10
308 8622 1518 1443 216 0 0 102 11 0 27 0 86 0 0 0 11
309 8627 1516 1441 215 0 0 102 11 0 27 0 86 0 0 0 11
310 8624 1517 1442 216 0 0 102 10 0 27 0 85 0 0 0 13
311 8626 1515 1440 218 0 0 102 10 0 27 0 85 0 0 0 13
312 8621 1516 1440 220 0 0 103 10 0 27 0 86 0 0 0 13
313 8621 1517 1440 217 0 0 104 10 0 27 0 87 0 0 0 13
314 8617 1518 1441 217 0 0 105 10 0 28 0 87 0 0 0 13
315 8612 1518 1442 221 0 0 104 11 0 28 0 87 0 0 0 13
316 8608 1520 1444 219 0 0 104 12 0 28 0 88 0 0 0 13
317 8597 1525 1450 219 0 0 104 12 0 29 0 87 0 0 0 13
318 8590 1527 1453 221 0 0 104 12 0 30 0 86 0 0 0 13
319 8575 1532 1460 224 0 0 103 13 0 31 0 85 0 0 0 13
320 8573 1532 1460 226 0 0 103 13 0 31 0 85 0 0 0 13
321 8575 1531 1459 226 0 0 103 13 0 31 0 85 0 0 0 13
322 8572 1532 1459 224 0 0 105 13 0 32 0 86 0 0 0 13
323 8566 1534 1462 225 0 0 105 13 0 33 0 85 0 0 0 13
324 8557 1540 1467 221 0 0 106 13 0 33 0 86 0 0 0 13
325 8542 1548 1476 217 0 0 105 15 0 33 0 87 0 0 0 13
326 8536 1550 1477 218 0 0 106 15 0 33 0 88 0 0 0 13
327 8537 1549 1477 218 0 0 106 15 0 34 0 87 0 0 0 13
328 8536 1548 1476 219 0 0 106 16 0 34 0 88 0 0 0 13
329 8544 1545 1474 216 0 0 105 17 0 34 0 88 0 0 0 13
330 8536 1547 1476 220 0 0 105 17 0 34 0 88 0 0 0 13
331 8532 1549 1477 219 0 0 106 17 0 34 0 89 0 0 0 13
332 8535 1546 1474 222 0 0 106 17 0 34 0 89 0 0 0 13
333 8530 1549 1478 220 0 0 106 17 0 35 0 88 0 0 0 13
334 8520 1553 1482 220 0 0 106 18 0 35 0 89 0 0 0 13
335 8523 1551 1480 221 0 0 106 18 0 35 0 89 0 0 0 13
336 8509 1557 1485 222 0 0 107 18 0 35 0 90 0 0 0 13
337 8494 1564 1491 222 0 0 108 18 0 35 0 91 0 0 0 13
338 8487 1564 1491 229 0 0 108 18 0 35 0 91 0 0 0 13
339 8503 1556 1484 226 0 0 109 18 0 37 0 90 0 0 0 13
340 8492 1560 1485 226 0 0 112 18 0 37 0 93 0 0 0 13
341 8487 1563 1488 225 0 0 112 18 0 37 0 93 0 0 0 13
342 8500 1556 1479 224 0 0 114 18 0 37 0 95 0 0 0 13
343 8489 1563 1486 219 0 0 115 18 0 38 0 95 0 0 0 13
344 8483 1562 1483 225 0 0 117 18 0 38 0 97 0 0 0 13
345 8465 1568 1488 230 0 0 118 18 0 38 0 98 0 0 0 13
346 8459 1569 1488 232 0 0 119 18 0 38 0 99 0 0 0 14
347 8436 1579 1498 233 0 0 119 19 0 38 0 100 0 0 0 14
348 8425 1583 1501 237 0 0 120 18 0 38 0 100 0 0 0 14
349 8412 1588 1506 240 0 0 120 18 0 38 0 100 0 0 0 14
350 8392 1596 1514 243 0 0 121 17 0 39 0 99 0 0 0 15
351 8372 1605 1522 244 0 0 122 17 0 39 0 100 0 0 0 15
352 8361 1608 1523 247 0 0 124 17 0 39 0 102 0 0 0 15
353 8353 1612 1526 244 0 0 126 17 0 40 0 103 0 0 0 15
354 8343 1616 1531 243 0 0 127 17 0 42 0 102 0 0 0 15
355 8333 1620 1534 244 0 0 128 17 0 42 0 103 0 0 0 15
356 8324 1624 1536 241 0 0 130 18 0 42 0 106 0 0 0 15
357 8303 1633 1543 238 0 0 133 19 0 43 0 109 0 0 0 15
358 8298 1634 1540 236 0 0 138 18 0 44 0 112 0 0 0 16
359 8290 1636 1542 240 0 0 138 18 0 44 0 112 0 0 0 16
360 8273 1643 1549 241 0 0 139 18 0 45 0 112 0 0 0 16
361 8261 1647 1552 244 0 0 140 18 0 45 0 113 0 0 0 16
362 8263 1645 1549 243 0 0 142 18 0 46 0 114 0 0 0 16
363 8254 1648 1551 245 0 0 143 18 0 46 0 115 0 0 0 16
364 8250 1650 1554 242 0 0 144 18 0 48 0 114 0 0 0 16
365 8235 1656 1559 243 0 0 148 15 0 51 0 112 0 0 0 17
366 8236 1654 1556 243 0 0 150 15 0 52 0 113 0 0 0 17
367 8234 1655 1555 241 0 0 152 15 0 52 0 115 0 0 0 17
368 8226 1660 1558 237 0 0 154 15 0 52 0 117 0 0 0 17
369 8229 1656 1554 242 0 0 154 15 0 52 0 117 0 0 0 17
370 8211 1663 1561 246 0 0 154 15 0 52 0 117 0 0 0 17
371 8202 1666 1563 248 0 0 155 15 0 52 0 118 0 0 0 17
372 8187 1672 1571 247 0 0 154 17 0 53 0 118 0 0 0 17
373 8174 1676 1574 248 0 0 156 17 0 54 0 119 0 0 0 18
374 8161 1681 1575 246 0 0 161 16 0 55 0 122 0 0 0 19
375 8151 1685 1577 246 0 0 163 16 0 55 0 124 0 0 0 19
376 8155 1683 1572 243 0 0 166 16 0 55 0 127 0 0 0 19
377 8142 1690 1579 240 0 0 167 16 0 56 0 127 0 0 0 19
378 8125 1698 1586 240 0 0 168 16 0 56 0 128 0 0 0 19
379 8123 1699 1587 238 0 0 169 16 0 57 0 128 0 0 0 19
380 8127 1698 1587 235 0 0 169 16 0 58 0 127 0 0 0 19
381 8124 1698 1588 234 0 0 170 16 0 60 0 126 0 0 0 20
382 8111 1703 1594 234 0 0 170 17 0 61 0 126 0 0 0 20
383 8112 1702 1593 233 0 0 171 17 0 62 0 126 0 0 0 20
384 8118 1699 1591 232 0 0 171 17 0 63 0 125 0 0 0 20
385 8103 1703 1596 238 0 0 171 17 0 64 0 124 0 0 0 20
386 8097 1706 1596 235 0 0 173 18 0 63 0 128 0 0 0 20
387 8099 1705 1594 234 0 0 174 18 0 63 0 129 0 0 0 20
388 8100 1705 1594 232 0 0 174 18 0 63 0 129 0 0 0 21
389 8091 1706 1597 235 0 0 174 19 0 65 0 128 0 0 0 21
390 8092 1705 1596 233 0 0 176 18 0 67 0 127 0 0 0 22
391 8091 1706 1596 231 0 0 177 18 0 67 0 128 0 0 0 22
392 8093 1704 1595 232 0 0 176 19 0 67 0 128 0 0 0 22
393 8092 1705 1596 231 0 0 176 19 0 67 0 128 0 0 0 22
394 8104 1698 1590 230 0 0 177 19 0 69 0 127 0 0 0 22
395 8100 1700 1592 230 0 0 177 19 0 69 0 127 0 0 0 22
396 8109 1694 1587 230 0 0 177 20 0 70 0 127 0 0 0 22
397 8101 1699 1591 229 0 0 177 20 0 69 0 128 0 0 0 22
398 8113 1692 1584 231 0 0 177 20 0 69 0 128 0 0 0 22
399 8110 1692 1584 234 0 0 177 20 0 69 0 128 0 0 0 22
400 8117 1687 1579 233 0 0 178 21 0 70 0 129 0 0 0 22
401 8119 1686 1577 234 0 0 179 20 0 70 0 129 0 0 0 22
402 8119 1684 1576 237 0 0 179 20 0 71 0 128 0 0 0 22
403 8112 1687 1578 237 0 0 180 20 0 71 0 129 0 0 0 22
404 8118 1684 1573 235 0 0 182 20 0 71 0 131 0 0 0 22
405 8108 1688 1576 236 0 0 183 20 0 71 0 132 0 0 0 22
406 8115 1683 1568 234 0 0 187 20 0 72 0 135 0 0 0 22
407 8108 1686 1572 232 0 0 188 20 0 74 0 134 0 0 0 22
408 8118 1680 1568 226 0 0 190 21 0 78 0 133 0 0 0 22
409 8118 1679 1568 227 0 0 189 22 0 78 0 133 0 0 0 22
410 8123 1676 1565 228 0 0 190 21 0 79 0 132 0 0 0 22
411 8123 1675 1566 228 0 0 190 21 0 81 0 130 0 0 0 22
412 8116 1679 1571 226 0 0 190 21 0 82 0 129 0 0 0 22
413 8117 1678 1569 228 0 0 190 21 0 81 0 130 0 0 0 22
414 8121 1676 1567 228 0 0 190 21 0 81 0 130 0 0 0 22
415 8124 1672 1565 231 0 0 189 22 0 82 0 129 0 0 0 22
416 8129 1669 1562 231 0 0 189 22 0 82 0 129 0 0 0 23
417 8135 1666 1559 230 0 0 190 21 0 83 0 128 0 0 0 24
418 8125 1670 1564 231 0 0 189 22 0 83 0 128 0 0 0 24
419 8125 1668 1562 232 0 0 190 22 0 84 0 128 0 0 0 25
420 8144 1658 1555 230 0 0 189 23 0 86 0 126 0 0 0 25
421 8128 1665 1562 230 0 0 189 24 0 86 0 127 0 0 0 25
422 8133 1661 1558 231 0 0 189 25 0 86 0 128 0 0 0 25
423 8131 1661 1557 230 0 0 190 26 0 86 0 130 0 0 0 25
424 8147 1652 1547 231 0 0 191 26 0 86 0 131 0 0 0 25
425 8141 1653 1549 232 0 0 192 26 0 88 0 130 0 0 0 25
426 8138 1654 1552 231 0 0 191 27 0 89 0 129 0 0 0 25
427 8135 1654 1553 231 0 0 191 28 0 90 0 129 0 0 0 25
428 8134 1653 1553 231 0 0 192 28 0 92 0 128 0 0 0 25
429 8134 1653 1552 230 0 0 193 28 0 92 0 129 0 0 0 25
430 8129 1653 1551 232 0 0 194 29 0 92 0 131 0 0 0 25
431 8115 1657 1555 236 0 0 194 29 0 92 0 131 0 0 0 27
432 8115 1658 1557 233 0 0 194 29 0 93 0 130 0 0 0 27
433 8113 1657 1556 233 0 0 194 31 0 93 0 132 0 0 0 27
434 8112 1656 1554 236 0 0 195 30 0 93 0 132 0 0 0 28
435 8107 1658 1558 235 0 0 194 31 0 94 0 131 0 0 0 28
436 8101 1659 1558 236 0 0 196 31 0 95 0 132 0 0 0 28
437 8099 1659 1559 236 0 0 196 31 0 96 0 131 0 0 0 29
438 8097 1659 1559 238 0 0 196 31 0 96 0 131 0 0 0 29
439 8074 1671 1572 236 0 0 195 32 0 96 0 131 0 0 0 29
440 8071 1671 1573 238 0 0 195 32 0 97 0 130 0 0 0 29
441 8060 1674 1576 241 0 0 195 33 0 97 0 131 0 0 0 29
442 8064 1672 1575 240 0 0 195 33 0 98 0 130 0 0 0 29
443 8057 1674 1576 240 0 0 196 34 0 98 0 132 0 0 0 29
444 8044 1676 1578 249 0 0 196 34 0 98 0 132 0 0 0 29
445 8045 1676 1576 247 0 0 198 33 0 98 0 133 0 0 0 30
446 8038 1678 1578 250 0 0 198 33 0 98 0 133 0 0 0 30
447 8029 1681 1580 252 0 0 199 33 0 98 0 134 0 0 0 30
448 8015 1687 1585 253 0 0 200 33 0 98 0 135 0 0 0 30
449 8002 1692 1588 253 0 0 202 33 0 98 0 137 0 0 0 31
450 7991 1699 1596 249 0 0 202 33 0 99 0 136 0 0 0 31
451 7990 1697 1594 252 0 0 202 34 0 99 0 137 0 0 0 31
452 7982 1699 1597 255 0 0 202 34 0 100 0 136 0 0 0 31
453 7977 1697 1594 259 0 0 205 33 0 102 0 136 0 0 0 33
454 7976 1695 1592 262 0 0 206 33 0 103 0 136 0 0 0 33
455 7956 1702 1599 267 0 0 206 33 0 103 0 136 0 0 0 34
456 7943 1708 1605 266 0 0 207 33 0 104 0 136 0 0 0 34
457 7936 1709 1606 269 0 0 208 33 0 105 0 136 0 0 0 34
458 7933 1707 1601 274 0 0 211 32 0 105 0 138 0 0 0 35
459 7936 1706 1597 272 0 0 214 31 0 105 0 140 0 0 0 35
460 7927 1710 1599 272 0 0 216 30 0 105 0 141 0 0 0 36
461 7907 1716 1604 276 0 0 219 29 0 107 0 141 0 0 0 37
462 7907 1716 1602 276 0 0 221 28 0 107 0 142 0 0 0 37
463 7909 1712 1599 275 0 0 222 30 0 109 0 143 0 0 0 37
464 7898 1718 1603 273 0 0 225 28 0 110 0 143 0 0 0 38
465 7884 1722 1605 275 0 0 227 29 0 110 0 146 0 0 0 38
466 7858 1733 1617 278 0 0 227 29 0 111 0 145 0 0 0 38
467 7828 1749 1630 275 0 0 229 29 0 110 0 148 0 0 0 38
468 7806 1757 1635 283 0 0 230 28 0 108 0 150 0 0 0 39
469 7798 1759 1637 284 0 0 231 28 0 109 0 150 0 0 0 40
470 7782 1765 1640 283 0 0 234 29 0 109 0 154 0 0 0 40
471 7775 1769 1642 277 0 0 236 30 0 109 0 157 0 0 0 41
472 7775 1767 1640 277 0 0 237 31 0 110 0 158 0 0 0 41
473 7766 1768 1638 282 0 0 240 30 0 110 0 160 0 0 0 42
474 7755 1772 1640 282 0 0 241 31 0 109 0 163 0 0 0 43
475 7745 1775 1642 285 0 0 242 31 0 109 0 164 0 0 0 43
476 7731 1778 1644 293 0 0 243 30 0 109 0 164 0 0 0 44
477 7719 1784 1648 291 0 0 245 30 0 109 0 166 0 0 0 44
478 7726 1780 1642 292 0 0 247 28 0 109 0 166 0 0 0 46
479 7718 1782 1642 292 0 0 250 28 0 110 0 168 0 0 0 46
480 7703 1785 1646 298 0 0 249 30 0 110 0 169 0 0 0 46
481 7698 1790 1649 295 0 0 250 29 0 109 0 170 0 0 0 46
482 7709 1784 1642 293 0 0 252 29 0 110 0 171 0 0 0 46
483 7700 1783 1641 296 0 0 255 30 0 113 0 172 0 0 0 46
484 7687 1790 1649 292 0 0 255 31 0 114 0 172 0 0 0 46
485 7683 1789 1647 295 0 0 256 32 0 114 0 174 0 0 0 46
486 7673 1791 1647 299 0 0 258 32 0 114 0 176 0 0 0 46
487 7668 1792 1649 301 0 0 258 32 0 115 0 175 0 0 0 46
488 7666 1789 1647 306 0 0 258 33 0 116 0 175 0 0 0 46
489 7659 1792 1649 306 0 0 259 33 0 116 0 176 0 0 0 46
490 7665 1785 1647 305 0 0 259 35 0 121 0 173 0 0 0 46
491 7659 1787 1649 304 0 0 260 35 0 122 0 173 0 0 0 47
492 7657 1787 1650 305 0 0 259 36 0 122 0 173 0 0 0 47
493 7645 1791 1652 306 0 0 262 35 0 123 0 174 0 0 0 48
494 7638 1791 1653 310 0 0 261 37 0 123 0 175 0 0 0 48
495 7637 1787 1649 313 0 0 262 39 0 124 0 177 0 0 0 48
496 7622 1793 1654 317 0 0 262 39 0 123 0 178 0 0 0 48
497 7621 1792 1652 319 0 0 263 39 0 123 0 179 0 0 0 48
498 7606 1797 1658 321 0 0 262 41 0 123 0 180 0 0 0 48
499 7604 1795 1658 325 0 0 261 42 0 124 0 179 0 0 0 48
500 7608 1791 1655 326 0 0 261 42 0 125 0 178 0 0 0 50
501 7614 1790 1650 318 0 0 265 41 0 125 0 181 0 0 0 52
502 7613 1791 1650 316 0 0 266 41 0 125 0 182 0 0 0 52
503 7612 1792 1651 315 0 0 266 41 0 125 0 182 0 0 0 52
504 7607 1796 1655 312 0 0 267 40 0 126 0 181 0 0 0 52
505 7600 1797 1656 315 0 0 267 41 0 126 0 182 0 0 0 52
506 7596 1798 1659 315 0 0 267 41 0 128 0 180 0 0 0 52
507 7599 1796 1657 315 0 0 267 41 0 128 0 180 0 0 0 53
508 7589 1796 1659 316 0 0 269 42 0 132 0 179 0 0 0 54
509 7585 1797 1660 314 0 0 270 43 0 133 0 180 0 0 0 54
510 7592 1795 1658 311 0 0 270 43 0 133 0 180 0 0 0 54
511 7591 1796 1659 309 0 0 270 43 0 133 0 180 0 0 0 55
512 7583 1797 1660 313 0 0 270 44 0 133 0 181 0 0 0 55
513 7568 1805 1667 313 0 0 270 44 0 132 0 182 0 0 0 55
514 7580 1800 1661 308 0 0 272 44 0 133 0 183 0 0 0 55
515 7577 1800 1662 307 0 0 274 43 0 136 0 181 0 0 0 56
516 7581 1800 1658 301 0 0 278 41 0 136 0 183 0 0 0 58
517 7578 1800 1658 302 0 0 279 41 0 137 0 183 0 0 0 58
518 7585 1797 1659 295 0 0 279 42 0 141 0 180 0 0 0 58
519 7576 1802 1665 293 0 0 279 42 0 142 0 179 0 0 0 58
520 7580 1800 1663 292 0 0 280 41 0 143 0 178 0 0 0 59
521 7585 1799 1662 289 0 0 280 41 0 143 0 178 0 0 0 59
522 7591 1797 1660 287 0 0 280 41 0 143 0 178 0 0 0 59
523 7591 1796 1659 285 0 0 281 42 0 144 0 179 0 0 0 59
524 7592 1796 1659 282 0 0 282 42 0 145 0 179 0 0 0 59
525 7591 1797 1658 281 0 0 284 41 0 145 0 180 0 0 0 59
526 7591 1797 1659 280 0 0 284 41 0 146 0 179 0 0 0 59
527 7590 1795 1657 282 0 0 284 42 0 146 0 180 0 0 0 60
528 7590 1793 1656 283 0 0 283 44 0 146 0 181 0 0 0 60
529 7600 1787 1650 283 0 0 284 44 0 147 0 181 0 0 0 60
530 7610 1781 1644 285 0 0 284 44 0 147 0 181 0 0 0 60
531 7625 1773 1636 284 0 0 285 44 0 148 0 181 0 0 0 60
532 7623 1773 1636 282 0 0 287 44 0 150 0 181 0 0 0 60
533 7619 1772 1637 286 0 0 286 45 0 151 0 180 0 0 0 60
534 7627 1768 1634 285 0 0 286 45 0 152 0 179 0 0 0 60
535 7615 1773 1639 283 0 0 286 47 0 152 0 181 0 0 0 60
536 7615 1772 1641 282 0 0 285 48 0 154 0 179 0 0 0 60
537 7610 1774 1641 281 0 0 287 48 0 154 0 181 0 0 0 60
538 7610 1776 1643 277 0 0 287 48 0 154 0 181 0 0 0 60
539 7625 1768 1636 276 0 0 288 47 0 156 0 179 0 0 0 61
540 7621 1767 1637 277 0 0 287 49 0 157 0 179 0 0 0 62
541 7617 1768 1638 277 0 0 289 48 0 159 0 178 0 0 0 62
542 7636 1757 1628 279 0 0 289 48 0 160 0 177 0 0 0 62
543 7647 1754 1624 275 0 0 291 46 0 161 0 176 0 0 0 62
544 7651 1751 1622 276 0 0 291 46 0 162 0 175 0 0 0 62
545 7656 1749 1618 276 0 0 293 44 0 162 0 175 0 0 0 63
546 7655 1749 1618 277 0 0 294 43 0 163 0 174 0 0 0 63
547 7651 1752 1618 274 0 0 297 42 0 163 0 176 0 0 0 63
548 7644 1756 1622 271 0 0 297 43 0 163 0 177 0 0 0 63
549 7637 1757 1623 276 0 0 297 43 0 163 0 177 0 0 0 63
550 7650 1750 1619 274 0 0 297 43 0 166 0 174 0 0 0 63
551 7660 1743 1614 276 0 0 297 43 0 168 0 172 0 0 0 63
552 7657 1744 1617 275 0 0 297 43 0 170 0 170 0 0 0 63
553 7661 1740 1615 277 0 0 297 43 0 172 0 168 0 0 0 63
554 7670 1736 1611 274 0 0 298 43 0 173 0 168 0 0 0 63
555 7675 1735 1609 269 0 0 299 43 0 173 0 169 0 0 0 64
556 7671 1736 1610 271 0 0 299 43 0 173 0 169 0 0 0 64
557 7680 1731 1608 269 0 0 298 44 0 175 0 167 0 0 0 64
558 7674 1733 1610 270 0 0 299 43 0 176 0 166 0 0 0 65
559 7690 1725 1603 268 0 0 299 43 0 177 0 165 0 0 0 66
560 7686 1726 1606 268 0 0 298 44 0 178 0 164 0 0 0 66
561 7687 1726 1605 268 0 0 299 43 0 178 0 164 0 0 0 66
562 7698 1720 1597 267 0 0 301 43 0 178 0 166 0 0 0 66
563 7709 1715 1591 265 0 0 302 43 0 178 0 167 0 0 0 66
564 7700 1720 1594 265 0 0 302 43 0 176 0 169 0 0 0 67
565 7696 1720 1595 268 0 0 302 43 0 177 0 168 0 0 0 67
566 7701 1717 1593 268 0 0 302 43 0 178 0 167 0 0 0 67
567 7709 1712 1588 270 0 0 302 43 0 178 0 167 0 0 0 67
568 7725 1704 1581 268 0 0 301 44 0 178 0 167 0 0 0 68
569 7731 1700 1577 269 0 0 303 42 0 180 0 165 0 0 0 69
570 7726 1704 1582 265 0 0 303 42 0 181 0 164 0 0 0 69
571 7716 1709 1588 264 0 0 303 42 0 182 0 163 0 0 0 69
572 7708 1711 1590 268 0 0 304 41 0 183 0 162 0 0 0 69
573 7701 1714 1594 268 0 0 304 41 0 184 0 161 0 0 0 69
574 7700 1714 1594 267 0 0 304 42 0 184 0 162 0 0 0 69
575 7722 1703 1584 266 0 0 303 43 0 184 0 162 0 0 0 69
576 7722 1705 1585 263 0 0 303 43 0 183 0 163 0 0 0 69
577 7719 1705 1587 263 0 0 303 43 0 185 0 161 0 0 0 70
578 7732 1702 1583 257 0 0 304 41 0 185 0 160 0 0 0 72
579 7739 1700 1581 254 0 0 304 41 0 185 0 160 0 0 0 72
580 7754 1692 1573 255 0 0 305 40 0 186 0 159 0 0 0 72
581 7749 1692 1573 260 0 0 305 40 0 186 0 159 0 0 0 72
582 7747 1692 1574 259 0 0 306 40 0 188 0 158 0 0 0 72
583 7751 1689 1568 262 0 0 309 38 0 188 0 159 0 0 0 72
584 7761 1680 1563 266 0 0 309 38 0 192 0 155 0 0 0 72
585 7780 1673 1557 260 0 0 309 38 0 193 0 154 0 0 0 72
586 7781 1674 1559 256 0 0 308 39 0 193 0 154 0 0 0 72
587 7780 1676 1561 253 0 0 308 39 0 193 0 154 0 0 0 72
588 7784 1675 1562 249 0 0 308 39 0 195 0 152 0 0 0 72
589 7788 1674 1559 245 0 0 310 39 0 195 0 154 0 0 0 72
590 7798 1670 1554 244 0 0 311 38 0 195 0 154 0 0 0 72
591 7789 1673 1557 245 0 0 311 39 0 195 0 155 0 0 0 72
592 7804 1666 1551 243 0 0 311 39 0 196 0 154 0 0 0 72
593 7815 1660 1543 246 0 0 312 38 0 195 0 155 0 0 0 72
594 7821 1656 1542 245 0 0 311 39 0 197 0 153 0 0 0 72
595 7831 1650 1536 247 0 0 311 39 0 197 0 153 0 0 0 72
596 7844 1644 1529 246 0 0 313 37 0 198 0 152 0 0 0 73
597 7836 1648 1533 246 0 0 313 37 0 198 0 152 0 0 0 73
598 7841 1645 1531 246 0 0 313 37 0 199 0 151 0 0 0 73
599 7843 1644 1528 247 0 0 314 36 0 198 0 152 0 0 0 74
600 7838 1646 1530 246 0 0 314 37 0 198 0 153 0 0 0 74
601 7842 1642 1526 248 0 0 315 37 0 199 0 153 0 0 0 74
602 7853 1637 1522 246 0 0 315 37 0 200 0 152 0 0 0 74
603 7862 1632 1516 248 0 0 316 36 0 200 0 152 0 0 0 74
604 7851 1638 1522 247 0 0 316 36 0 200 0 152 0 0 0 74
605 7858 1634 1518 248 0 0 316 36 0 200 0 152 0 0 0 74
606 7858 1632 1517 251 0 0 315 37 0 200 0 152 0 0 0 74
607 7866 1628 1514 250 0 0 315 37 0 201 0 151 0 0 0 74
608 7864 1627 1515 252 0 0 314 38 0 202 0 150 0 0 0 74
609 7870 1623 1513 252 0 0 314 38 0 204 0 148 0 0 0 74
610 7873 1620 1512 251 0 0 313 40 0 205 0 148 0 0 0 74
611 7871 1622 1513 250 0 0 313 40 0 204 0 149 0 0 0 74
612 7879 1619 1512 246 0 0 312 41 0 205 0 148 0 0 0 74
613 7892 1613 1507 244 0 0 312 41 0 206 0 147 0 0 0 74
614 7904 1607 1501 242 0 0 313 41 0 207 0 147 0 0 0 74
615 7905 1607 1499 241 0 0 314 41 0 206 0 149 0 0 0 74
616 7913 1601 1494 244 0 0 314 41 0 207 0 148 0 0 0 74
617 7915 1600 1493 242 0 0 315 41 0 208 0 148 0 0 0 74
618 7917 1599 1491 241 0 0 316 41 0 208 0 149 0 0 0 74
619 7919 1598 1491 240 0 0 316 41 0 209 0 148 0 0 0 74
620 7922 1594 1487 245 0 0 316 41 0 209 0 148 0 0 0 74
621 7924 1591 1485 247 0 0 315 42 0 209 0 148 0 0 0 75
622 7938 1583 1477 249 0 0 316 41 0 210 0 147 0 0 0 75
623 7943 1579 1474 248 0 0 317 41 0 212 0 146 0 0 0 76
624 7938 1583 1478 245 0 0 317 41 0 212 0 146 0 0 0 76
625 7949 1577 1473 245 0 0 317 41 0 213 0 145 0 0 0 76
626 7961 1571 1466 244 0 0 318 41 0 213 0 146 0 0 0 76
627 7966 1568 1464 244 0 0 318 41 0 214 0 145 0 0 0 76
628 7976 1564 1460 242 0 0 318 41 0 214 0 145 0 0 0 76
629 7973 1565 1459 245 0 0 319 40 0 213 0 146 0 0 0 76
630 7974 1565 1459 244 0 0 319 40 0 213 0 146 0 0 0 76
631 7955 1575 1470 242 0 0 318 41 0 213 0 146 0 0 0 76
632 7970 1570 1466 236 0 0 318 41 0 214 0 145 0 0 0 76
633 7973 1569 1466 234 0 0 317 42 0 214 0 145 0 0 0 76
634 7969 1571 1468 234 0 0 318 41 0 215 0 144 0 0 0 76
635 7972 1568 1467 233 0 0 319 41 0 218 0 142 0 0 0 76
636 7957 1574 1472 235 0 0 319 42 0 217 0 144 0 0 0 76
637 7966 1570 1468 234 0 0 319 42 0 217 0 144 0 0 0 76
638 7968 1568 1465 235 0 0 321 41 0 218 0 144 0 0 0 76
639 7961 1568 1465 242 0 0 321 41 0 218 0 144 0 0 0 76
640 7961 1567 1466 242 0 0 321 41 0 220 0 142 0 0 0 76
641 7954 1570 1470 242 0 0 321 40 0 221 0 140 0 0 0 78
642 7958 1569 1470 239 0 0 320 41 0 221 0 140 0 0 0 78
643 7960 1567 1470 237 0 0 320 42 0 223 0 139 0 0 0 78
644 7963 1564 1468 239 0 0 320 42 0 224 0 138 0 0 0 78
645 7968 1562 1467 237 0 0 319 43 0 224 0 138 0 0 0 78
646 7977 1558 1463 234 0 0 320 43 0 225 0 138 0 0 0 78
647 7970 1562 1467 233 0 0 319 44 0 224 0 139 0 0 0 78
648 7980 1558 1460 232 0 0 323 41 0 225 0 139 0 0 0 78
649 7988 1555 1457 229 0 0 323 41 0 225 0 139 0 0 0 79
650 7994 1553 1455 225 0 0 324 41 0 226 0 139 0 0 0 79
651 7995 1554 1455 221 0 0 326 40 0 227 0 139 0 0 0 79
652 7992 1553 1456 223 0 0 326 40 0 229 0 137 0 0 0 80
653 8001 1551 1454 218 0 0 326 40 0 229 0 137 0 0 0 80
654 8009 1547 1450 218 0 0 326 40 0 229 0 137 0 0 0 80
655 8006 1548 1453 217 0 0 326 40 0 231 0 135 0 0 0 80
656 8026 1539 1442 215 0 0 329 38 0 232 0 135 0 0 0 80
657 8039 1532 1435 216 0 0 330 37 0 233 0 134 0 0 0 80
658 8052 1526 1428 216 0 0 332 35 0 234 0 133 0 0 0 80
659 8054 1526 1427 213 0 0 333 35 0 234 0 134 0 0 0 80
660 8058 1522 1425 215 0 0 333 35 0 236 0 132 0 0 0 80
661 8064 1518 1424 214 0 0 333 35 0 239 0 129 0 0 0 80
662 8077 1512 1418 213 0 0 333 35 0 239 0 129 0 0 0 80
663 8085 1506 1416 213 0 0 331 37 0 241 0 127 0 0 0 80
664 8101 1500 1410 209 0 0 331 37 0 241 0 127 0 0 0 80
665 8108 1496 1406 210 0 0 331 37 0 241 0 127 0 0 0 80
666 8106 1498 1409 207 0 0 331 37 0 242 0 126 0 0 0 80
667 8122 1488 1402 208 0 0 331 37 0 245 0 123 0 0 0 80
668 8123 1488 1403 206 0 0 331 37 0 246 0 122 0 0 0 80
669 8123 1486 1400 209 0 0 332 37 0 246 0 123 0 0 0 80
670 8121 1487 1400 210 0 0 333 36 0 246 0 123 0 0 0 80
671 8113 1487 1400 214 0 0 335 36 0 248 0 123 0 0 0 80
672 8110 1487 1401 216 0 0 336 35 0 250 0 121 0 0 0 80
673 8114 1485 1397 216 0 0 337 35 0 249 0 123 0 0 0 80
674 8119 1482 1394 217 0 0 336 36 0 248 0 124 0 0 0 80
675 8117 1485 1396 214 0 0 337 35 0 248 0 124 0 0 0 80
676 8120 1482 1392 215 0 0 338 35 0 248 0 125 0 0 0 81
677 8126 1480 1390 213 0 0 338 35 0 248 0 125 0 0 0 81
678 8124 1482 1392 209 0 0 339 35 0 249 0 125 0 0 0 81
679 8150 1469 1380 208 0 0 339 35 0 250 0 124 0 0 0 81
680 8156 1466 1377 208 0 0 339 35 0 250 0 124 0 0 0 81
681 8166 1462 1374 205 0 0 339 35 0 251 0 123 0 0 0 81
682 8178 1458 1369 202 0 0 340 34 0 251 0 123 0 0 0 81
683 8176 1459 1370 200 0 0 340 35 0 251 0 124 0 0 0 81
684 8171 1462 1373 199 0 0 341 34 0 252 0 123 0 0 0 81
685 8161 1466 1378 200 0 0 341 34 0 253 0 122 0 0 0 81
686 8163 1467 1379 196 0 0 341 34 0 253 0 122 0 0 0 81
687 8173 1462 1374 196 0 0 341 34 0 253 0 122 0 0 0 81
688 8180 1456 1367 200 0 0 342 34 0 253 0 123 0 0 0 81
689 8179 1457 1369 198 0 0 342 34 0 254 0 122 0 0 0 81
690 8187 1454 1365 197 0 0 343 33 0 254 0 122 0 0 0 81
691 8171 1462 1375 195 0 0 342 34 0 255 0 121 0 0 0 81
692 8172 1460 1375 196 0 0 342 34 0 257 0 119 0 0 0 81
693 8182 1455 1371 195 0 0 342 34 0 258 0 118 0 0 0 81
694 8181 1454 1370 198 0 0 342 34 0 258 0 118 0 0 0 81
695 8195 1446 1364 198 0 0 342 34 0 260 0 116 0 0 0 81
696 8205 1442 1362 194 0 0 341 35 0 261 0 115 0 0 0 81
697 8211 1440 1360 192 0 0 341 35 0 261 0 115 0 0 0 81
698 8220 1436 1359 188 0 0 341 35 0 264 0 112 0 0 0 81
699 8219 1435 1358 189 0 0 341 36 0 264 0 113 0 0 0 81
700 8220 1433 1356 192 0 0 341 36 0 264 0 113 0 0 0 81
701 8223 1431 1353 190 0 0 342 37 0 264 0 115 0 0 0 81
702 8225 1428 1349 195 0 0 343 36 0 264 0 115 0 0 0 81
703 8231 1425 1346 195 0 0 342 37 0 263 0 116 0 0 0 81
704 8227 1428 1349 193 0 0 342 37 0 263 0 116 0 0 0 81
705 8235 1424 1347 191 0 0 340 39 0 263 0 116 0 0 0 81
706 8241 1423 1344 188 0 0 342 37 0 263 0 116 0 0 0 82
707 8238 1425 1346 187 0 0 342 37 0 263 0 116 0 0 0 82
708 8251 1419 1340 186 0 0 342 37 0 263 0 116 0 0 0 82
709 8270 1409 1331 186 0 0 342 37 0 264 0 115 0 0 0 82
710 8267 1411 1333 185 0 0 342 37 0 264 0 115 0 0 0 82
711 8275 1408 1330 183 0 0 342 37 0 264 0 115 0 0 0 82
712 8283 1405 1328 180 0 0 342 37 0 265 0 114 0 0 0 82
713 8282 1406 1330 178 0 0 342 37 0 266 0 113 0 0 0 82
714 8289 1403 1328 175 0 0 343 36 0 268 0 111 0 0 0 83
715 8299 1396 1321 179 0 0 344 35 0 269 0 110 0 0 0 83
716 8315 1388 1313 178 0 0 344 35 0 269 0 110 0 0 0 84
717 8322 1384 1310 176 0 0 345 35 0 271 0 109 0 0 0 84
718 8316 1387 1313 172 0 0 346 36 0 272 0 110 0 0 0 84
719 8312 1388 1315 173 0 0 345 37 0 272 0 110 0 0 0 84
720 8315 1387 1312 172 0 0 347 36 0 272 0 111 0 0 0 84
721 8314 1386 1313 173 0 0 347 36 0 274 0 109 0 0 0 84
722 8326 1380 1307 173 0 0 347 36 0 274 0 109 0 0 0 84
723 8331 1378 1306 171 0 0 347 36 0 275 0 108 0 0 0 84
724 8340 1374 1303 169 0 0 347 36 0 276 0 107 0 0 0 84
725 8344 1371 1299 170 1 0 347 36 1 275 0 108 0 0 0 84
726 8340 1372 1302 170 1 0 346 37 1 276 0 107 0 0 0 84
727 8343 1371 1302 168 1 0 346 37 1 277 0 106 0 0 0 84
728 8345 1371 1302 164 1 0 347 37 1 278 0 106 0 0 0 84
729 8353 1367 1299 163 1 0 346 38 1 278 0 106 0 0 0 84
730 8375 1357 1289 161 1 0 347 37 1 279 0 105 0 0 0 84
731 8382 1353 1285 162 1 0 347 37 1 279 0 105 0 0 0 84
732 8398 1346 1278 160 1 0 347 37 1 279 0 105 0 0 0 84
733 8405 1341 1273 163 1 0 347 37 1 279 0 105 0 0 0 84
734 8398 1345 1276 161 1 0 348 37 1 279 0 106 0 0 0 84
735 8400 1343 1276 161 1 0 348 37 1 281 0 104 0 0 0 84
736 8398 1342 1276 164 1 0 348 37 1 282 0 103 0 0 0 84
737 8402 1341 1275 162 1 0 348 37 1 282 0 103 0 0 0 84
738 8409 1339 1273 159 1 0 348 37 1 282 0 103 0 0 0 84
739 8408 1338 1271 163 1 0 348 37 1 281 0 104 0 0 0 84
740 8411 1337 1268 162 1 0 349 37 1 280 0 106 0 0 0 84
741 8412 1336 1269 161 1 0 349 37 1 282 0 104 0 0 0 84
742 8426 1327 1263 162 1 0 346 40 1 282 0 104 0 0 0 84
743 8422 1328 1264 164 1 0 346 40 1 282 0 104 0 0 0 84
744 8415 1332 1269 162 1 0 345 41 1 282 0 104 0 0 0 84
745 8409 1335 1272 162 1 0 345 41 1 282 0 104 0 0 0 84
746 8421 1328 1264 165 1 0 346 40 1 282 0 104 0 0 0 84
747 8415 1330 1267 166 1 0 345 41 1 282 0 104 0 0 0 84
748 8413 1332 1269 164 1 0 345 41 1 282 0 104 0 0 0 84
749 8420 1328 1266 164 1 0 345 41 1 283 0 103 0 0 0 84
750 8428 1325 1264 161 1 0 345 41 1 284 0 102 0 0 0 84
751 8421 1328 1266 163 1 0 345 41 1 283 0 103 0 0 0 84
752 8419 1329 1268 162 1 0 344 42 1 283 0 103 0 0 0 84
753 8413 1333 1272 160 1 0 344 42 1 283 0 103 0 0 0 84
754 8409 1336 1275 158 1 0 344 42 1 283 0 103 0 0 0 84
755 8409 1335 1274 160 1 0 344 42 1 283 0 103 0 0 0 84
756 8405 1336 1274 163 1 0 345 41 1 283 0 103 0 0 0 84
757 8414 1332 1270 162 1 0 346 40 1 284 0 102 0 0 0 84
758 8410 1335 1273 160 1 0 346 40 1 284 0 102 0 0 0 84
759 8423 1328 1266 159 1 0 347 40 1 285 0 102 0 0 0 84
760 8425 1328 1267 156 1 0 347 40 1 286 0 101 0 0 0 84
761 8426 1328 1268 154 1 0 346 41 1 286 0 101 0 0 0 84
762 8421 1330 1270 155 1 0 346 41 1 286 0 101 0 0 0 84
763 8424 1330 1271 151 1 0 346 41 1 287 0 100 0 0 0 84
764 8428 1329 1272 147 1 0 346 41 1 289 0 98 0 0 0 84
765 8444 1323 1266 143 1 0 348 39 1 291 0 96 0 0 0 84
766 8453 1319 1260 142 1 0 350 38 1 291 0 97 0 0 0 84
767 8452 1319 1261 142 1 0 350 38 1 292 0 96 0 0 0 84
768 8458 1316 1258 142 1 0 350 38 1 292 0 96 0 0 0 84
769 8472 1309 1252 141 1 0 350 38 1 293 0 95 0 0 0 84
770 8489 1302 1246 137 1 0 350 38 1 294 0 94 0 0 0 84
771 8494 1300 1244 136 1 0 350 38 1 294 0 94 0 0 0 84
772 8504 1293 1239 138 1 0 349 39 1 295 0 93 0 0 0 84
773 8508 1290 1236 140 1 0 349 39 1 295 0 93 0 0 0 84
774 8517 1284 1231 142 1 0 349 39 1 296 0 92 0 0 0 84
775 8529 1276 1225 144 1 0 348 40 1 297 0 91 0 0 0 84
776 8539 1270 1218 147 1 0 348 40 1 296 0 92 0 0 0 84
777 8546 1267 1216 145 1 0 348 40 1 297 0 91 0 0 0 84
778 8539 1271 1220 144 1 0 348 40 1 297 0 91 0 0 0 84
779 8548 1267 1216 143 1 0 348 40 1 297 0 91 0 0 0 84
780 8555 1261 1211 147 1 0 348 40 1 298 0 90 0 0 0 84
781 8567 1255 1205 147 1 0 348 40 1 298 0 90 0 0 0 84
782 8568 1255 1205 146 1 0 348 40 1 298 0 90 0 0 0 84
783 8579 1250 1200 145 1 1 348 39 1 298 1 89 0 0 0 84
784 8577 1250 1200 145 1 1 348 40 1 298 1 90 0 0 0 84
785 8596 1244 1195 137 1 1 349 39 1 300 1 88 0 0 0 84
786 8606 1238 1189 139 1 1 349 39 1 300 1 88 0 0 0 84
787 8600 1241 1191 140 1 1 349 39 1 299 1 89 0 0 0 84
788 8603 1240 1190 139 1 1 349 39 1 299 1 89 0 0 0 84
789 8604 1241 1192 135 1 1 349 39 2 299 0 89 0 0 0 84
790 8593 1247 1197 133 1 1 350 39 2 299 0 90 0 0 0 84
791 8604 1241 1192 133 1 1 351 38 2 301 0 88 0 0 0 84
792 8609 1238 1190 133 1 1 351 38 2 302 0 87 0 0 0 84
793 8609 1238 1190 133 1 1 351 38 2 302 0 87 0 0 0 84
794 8614 1236 1188 132 1 1 351 38 2 302 0 87 0 0 0 84
795 8612 1236 1190 132 1 1 350 39 2 303 0 86 0 0 0 84
796 8615 1234 1189 132 1 1 349 40 2 303 0 86 0 0 0 84
797 8629 1226 1183 132 1 1 349 40 2 305 0 84 0 0 0 84
798 8625 1228 1185 132 1 1 349 40 2 305 0 84 0 0 0 84
799 8629 1225 1182 134 1 1 350 39 2 306 0 83 0 0 0 84
800 8627 1224 1181 136 1 1 351 39 2 307 0 83 0 0 0 84
801 8629 1223 1179 137 1 1 352 38 2 307 0 83 0 0 0 84
802 8637 1220 1177 134 1 1 352 38 2 308 0 82 0 0 0 84
803 8658 1208 1165 137 1 1 352 38 2 308 0 82 0 0 0 84
804 8660 1208 1164 134 1 1 353 38 2 308 0 83 0 0 0 84
805 8675 1202 1157 132 1 1 354 37 2 308 0 83 0 0 0 84
806 8671 1203 1160 130 1 1 354 38 2 310 0 82 0 0 0 84
807 8674 1200 1158 132 1 1 354 38 2 311 0 81 0 0 0 84
808 8681 1197 1155 131 1 1 354 38 2 311 0 81 0 0 0 84
809 8689 1193 1152 130 1 1 354 38 2 312 0 80 0 0 0 84
810 8690 1192 1151 131 1 1 354 38 2 312 0 80 0 0 0 84
811 8703 1186 1146 129 1 1 354 38 2 313 0 79 0 0 0 84
812 8710 1183 1143 128 1 1 354 38 2 313 0 79 0 0 0 84
813 8705 1186 1146 127 1 1 354 38 2 313 0 79 0 0 0 84
814 8711 1182 1143 128 1 1 353 39 2 313 0 79 0 0 0 84
815 8711 1182 1142 129 1 1 353 39 2 312 0 80 0 0 0 84
816 8711 1181 1143 129 1 1 352 40 2 313 0 79 0 0 0 84
817 8722 1175 1138 129 1 1 351 41 2 313 0 79 0 0 0 84
818 8731 1170 1133 130 1 1 351 41 2 313 0 79 0 0 0 84
819 8736 1168 1131 129 1 1 351 41 2 313 0 79 0 0 0 84
820 8736 1168 1131 129 1 1 351 41 2 313 0 79 0 0 0 84
821 8748 1162 1126 128 1 1 351 41 2 314 0 78 0 0 0 84
822 8743 1163 1127 131 1 1 351 41 2 314 0 78 0 0 0 84
823 8747 1162 1127 128 1 1 351 41 2 315 0 77 0 0 0 84
824 8753 1158 1124 129 1 1 351 41 2 316 0 76 0 0 0 84
825 8743 1162 1128 131 1 1 351 41 2 316 0 76 0 0 0 84
826 8746 1162 1129 127 1 1 351 41 2 317 0 75 0 0 0 84
827 8749 1161 1127 127 1 1 352 40 2 317 0 75 0 0 0 84
828 8764 1155 1118 125 1 1 355 38 2 317 0 76 0 0 0 84
829 8772 1151 1115 124 1 1 355 38 2 318 0 75 0 0 0 84
830 8767 1153 1118 124 1 1 355 38 2 319 0 74 0 0 0 84
831 8763 1156 1121 122 1 1 355 38 2 319 0 74 0 0 0 84
832 8781 1147 1111 123 1 1 355 38 2 318 0 75 0 0 0 84
833 8788 1144 1108 122 1 1 355 38 2 318 0 75 0 0 0 84
834 8806 1135 1099 122 1 1 355 38 2 318 0 75 0 0 0 84
835 8807 1135 1098 122 1 1 355 38 2 317 0 76 0 0 0 84
836 8817 1131 1094 120 1 1 355 38 2 317 0 76 0 0 0 84
837 8812 1134 1098 118 1 1 355 38 2 318 0 75 0 0 0 84
838 8825 1126 1092 117 1 1 355 39 2 320 0 74 0 0 0 84
839 8835 1121 1087 117 1 1 355 39 2 320 0 74 0 0 0 84
840 8844 1117 1082 116 1 1 356 38 2 320 0 74 0 0 0 85
841 8839 1122 1086 112 1 1 357 37 2 320 0 74 0 0 0 85
842 8843 1120 1083 112 1 1 358 36 2 320 0 74 0 0 0 86
843 8856 1114 1075 113 1 1 360 34 2 320 0 74 0 0 0 86
844 8857 1114 1074 111 1 1 361 34 2 320 0 75 0 0 0 86
845 8847 1118 1080 111 1 1 360 35 2 321 0 74 0 0 0 86
846 8853 1115 1078 110 1 1 359 36 2 321 0 74 0 0 0 86
847 8856 1114 1076 110 1 1 360 35 2 321 0 74 0 0 0 86
848 8861 1112 1074 109 1 1 360 35 2 321 0 74 0 0 0 86
849 8864 1110 1073 109 1 1 359 36 2 321 0 74 0 0 0 86
850 8870 1107 1070 109 1 1 359 36 2 321 0 74 0 0 0 86
851 8866 1110 1072 108 1 1 360 35 2 321 0 74 0 0 0 86
852 8878 1104 1066 108 1 1 361 34 2 322 0 73 0 0 0 86
853 8880 1104 1067 105 1 1 362 33 2 324 0 71 0 0 0 86
854 8887 1101 1063 105 1 1 363 32 2 324 0 71 0 0 0 86
855 8887 1102 1065 102 1 1 363 32 2 325 0 70 0 0 0 86
856 8899 1095 1059 103 1 1 363 32 2 326 0 69 0 0 0 86
857 8906 1092 1055 103 1 1 363 32 2 325 0 70 0 0 0 86
858 8907 1091 1054 104 1 1 363 32 2 325 0 70 0 0 0 86
859 8918 1087 1050 101 1 1 363 32 2 325 0 70 0 0 0 86
860 8916 1088 1051 101 1 1 363 32 2 325 0 70 0 0 0 86
861 8920 1086 1049 101 1 1 363 32 2 325 0 70 0 0 0 86
862 8935 1079 1043 99 1 1 363 32 2 326 0 69 0 0 0 86
863 8952 1072 1035 97 1 1 364 31 2 326 0 69 0 0 0 86
864 8955 1072 1035 94 1 1 364 31 2 326 0 69 0 0 0 86
865 8950 1075 1038 93 1 1 364 31 2 326 0 69 0 0 0 86
866 8949 1075 1040 92 1 1 363 32 2 327 0 68 0 0 0 86
867 8954 1071 1036 95 1 1 363 32 2 327 0 68 0 0 0 86
868 8958 1070 1034 94 1 1 363 32 2 326 0 69 0 0 0 86
869 8959 1069 1033 95 1 1 363 32 2 326 0 69 0 0 0 86
870 8965 1066 1030 95 1 1 363 32 2 326 0 69 0 0 0 86
871 8977 1061 1025 93 1 1 363 32 2 326 0 69 0 0 0 86
872 8980 1060 1024 92 1 1 363 32 2 326 0 69 0 0 0 86
873 8999 1050 1013 94 1 1 365 30 2 327 0 68 0 0 0 86
874 9001 1047 1010 98 1 1 365 30 2 327 0 68 0 0 0 86
875 9002 1046 1009 97 1 1 365 31 2 327 0 69 0 0 0 86
876 9004 1045 1008 97 1 1 365 31 2 327 0 69 0 0 0 86
877 9011 1042 1004 97 1 1 366 30 2 327 0 69 0 0 0 86
878 9017 1040 1001 96 1 1 367 29 2 327 0 69 0 0 0 86
879 9013 1042 1003 96 1 1 367 29 2 327 0 69 0 0 0 86
880 9021 1037 1000 96 1 1 367 29 2 329 0 67 0 0 0 86
881 9020 1038 1000 96 1 1 368 28 2 329 0 67 0 0 0 86
882 9019 1036 1000 99 1 1 367 29 2 330 0 66 0 0 0 86
883 9037 1028 993 96 1 1 367 29 2 331 0 65 0 0 0 86
884 9041 1026 992 95 1 1 367 29 2 332 0 64 0 0 0 86
885 9053 1019 985 97 1 1 367 29 2 332 0 64 0 0 0 86
886 9056 1018 983 97 2 0 366 30 2 331 0 65 0 0 0 86
887 9056 1018 981 97 2 0 367 30 2 330 0 67 0 0 0 86
888 9069 1011 975 97 2 0 367 30 2 331 0 66 0 0 0 86
889 9075 1010 973 94 2 0 368 29 2 331 0 66 0 0 0 86
890 9069 1011 974 98 2 0 368 29 2 331 0 66 0 0 0 86
891 9070 1009 975 98 2 0 366 31 2 332 0 65 0 0 0 86
892 9076 1006 971 99 2 0 366 31 2 331 0 66 0 0 0 86
893 9078 1005 969 98 2 0 367 31 2 331 0 67 0 0 0 86
894 9098 994 959 99 2 0 368 30 2 333 0 65 0 0 0 86
895 9103 992 958 97 2 0 368 30 2 334 0 64 0 0 0 86
896 9108 990 956 96 2 0 368 30 2 334 0 64 0 0 0 86
897 9121 984 950 93 2 0 368 31 2 334 0 65 0 0 0 86
898 9131 980 945 90 2 0 368 32 2 333 0 67 0 0 0 86
899 9133 979 944 90 2 0 368 32 2 333 0 67 0 0 0 86
900 9130 981 946 89 2 0 368 32 2 333 0 67 0 0 0 86
901 9143 975 941 87 2 0 367 33 2 333 0 67 0 0 0 86
902 9143 976 942 85 2 0 367 33 2 333 0 67 0 0 0 86
903 9142 977 942 85 2 0 367 33 2 332 0 68 0 0 0 86
904 9149 974 939 84 2 0 367 33 2 332 0 68 0 0 0 86
905 9151 973 938 84 2 0 367 33 2 332 0 68 0 0 0 86
906 9142 977 942 85 2 0 367 33 2 332 0 68 0 0 0 86
907 9142 975 941 88 2 0 366 34 2 332 0 68 0 0 0 86
908 9135 979 945 87 2 0 366 34 2 332 0 68 0 0 0 86
909 9145 975 940 86 2 0 366 34 2 331 0 69 0 0 0 86
910 9145 975 939 87 2 0 367 33 2 331 0 69 0 0 0 86
911 9154 971 934 87 2 0 368 32 2 331 0 69 0 0 0 86
912 9157 970 933 86 2 0 368 32 2 331 0 69 0 0 0 86
913 9160 966 930 90 2 0 368 32 2 332 0 68 0 0 0 86
914 9164 964 928 90 2 0 368 32 2 332 0 68 0 0 0 86
915 9167 962 927 90 2 0 368 32 2 333 0 67 0 0 0 86
916 9170 960 925 91 2 0 368 32 2 333 0 67 0 0 0 86
917 9179 955 921 91 2 0 368 32 2 334 0 66 0 0 0 86
918 9185 952 918 91 2 0 368 32 2 334 0 66 0 0 0 86
919 9183 952 918 93 2 0 369 31 2 335 0 65 0 0 0 86
920 9182 953 919 92 2 0 369 31 2 335 0 65 0 0 0 86
921 9168 959 925 94 2 0 369 31 2 335 0 65 0 0 0 86
922 9178 953 920 95 2 0 369 31 2 336 0 64 0 0 0 86
923 9178 954 920 94 2 0 370 30 2 336 0 64 0 0 0 86
924 9177 953 919 97 2 0 370 30 2 336 0 64 0 0 0 86
925 9185 949 915 97 2 0 370 30 2 336 0 64 0 0 0 86
926 9199 941 909 97 2 0 369 31 2 337 0 63 0 0 0 86
927 9206 938 905 97 2 0 370 30 2 337 0 63 0 0 0 86
928 9211 936 902 97 2 0 370 30 2 336 0 64 0 0 0 86
929 9228 928 894 96 2 0 370 30 2 336 0 64 0 0 0 86
930 9235 925 890 96 2 0 370 30 2 335 0 65 0 0 0 86
931 9245 920 885 96 2 0 370 30 2 335 0 65 0 0 0 86
932 9245 919 882 97 2 0 372 29 2 335 0 66 0 0 0 87
933 9250 916 879 98 2 0 372 29 2 335 0 66 0 0 0 87
934 9255 913 876 99 2 0 372 29 2 335 0 66 0 0 0 87
935 9266 907 872 98 2 0 372 29 2 337 0 64 0 0 0 87
936 9276 901 867 99 2 0 372 29 2 338 0 63 0 0 0 87
937 9289 896 863 95 2 0 372 29 2 339 0 62 0 0 0 87
938 9284 898 865 96 2 0 372 29 2 339 0 62 0 0 0 87
939 9284 899 866 94 2 0 372 29 2 339 0 62 0 0 0 87
940 9293 894 861 95 2 0 372 29 2 339 0 62 0 0 0 87
941 9302 890 858 93 2 0 372 29 2 340 0 61 0 0 0 87
942 9314 885 852 92 2 0 373 28 2 340 0 61 0 0 0 87
943 9320 883 849 91 2 0 374 27 2 340 0 61 0 0 0 87
944 9320 883 849 91 2 0 374 27 2 340 0 61 0 0 0 87
945 9324 881 845 91 2 0 375 27 2 339 0 63 0 0 0 87
946 9339 875 837 88 2 0 377 26 2 339 0 64 0 0 0 87
947 9346 873 834 86 2 0 378 25 2 339 0 64 0 0 0 87
948 9345 872 834 88 2 0 377 26 2 339 0 64 0 0 0 87
949 9343 874 835 87 2 0 377 26 2 338 0 65 0 0 0 87
950 9353 869 831 86 2 0 377 26 2 339 0 64 0 0 0 87
951 9354 868 830 87 2 0 377 26 2 339 0 64 0 0 0 87
952 9354 870 830 85 2 0 378 25 2 338 0 65 0 0 0 87
953 9367 864 824 84 2 0 378 25 2 338 0 65 0 0 0 87
954 9376 859 820 84 2 0 378 25 2 339 0 64 0 0 0 87
955 9373 861 822 83 2 0 378 25 2 339 0 64 0 0 0 87
956 9369 864 824 82 2 0 378 25 2 338 0 65 0 0 0 87
957 9372 863 822 82 2 0 378 25 2 337 0 66 0 0 0 87
958 9372 863 822 82 2 0 378 25 2 337 0 66 0 0 0 87
959 9375 862 820 83 2 0 378 25 2 336 0 67 0 0 0 86
960 9367 865 823 85 2 0 378 25 2 336 0 67 0 0 0 86
961 9367 864 824 85 2 0 378 25 2 338 0 65 0 0 0 86
962 9375 861 821 83 2 0 378 25 2 338 0 65 0 0 0 86
963 9381 858 818 83 2 0 378 25 2 338 0 65 0 0 0 86
964 9386 855 816 83 2 0 378 25 2 339 0 64 0 0 0 86
965 9390 853 814 83 2 0 378 24 2 339 0 63 0 0 0 88
966 9397 851 811 81 2 0 379 23 2 339 0 63 0 0 0 88
967 9394 853 813 80 2 0 379 23 2 339 0 63 0 0 0 88
968 9382 858 818 82 2 0 379 23 2 339 0 63 0 0 0 88
969 9387 856 815 82 2 0 379 23 2 338 0 64 0 0 0 88
970 9391 856 813 79 2 0 380 22 2 337 0 65 0 0 0 89
971 9399 852 809 79 2 0 380 22 2 337 0 65 0 0 0 89
972 9398 852 810 79 2 0 380 22 2 338 0 64 0 0 0 89
973 9394 854 812 79 2 0 380 22 2 338 0 64 0 0 0 89
974 9389 859 817 74 2 0 380 22 2 338 0 64 0 0 0 89
975 9399 853 812 75 2 0 379 23 2 338 0 64 0 0 0 89
976 9397 854 812 76 2 0 379 23 2 337 0 65 0 0 0 89
977 9397 854 812 76 2 0 379 23 2 337 0 65 0 0 0 89
978 9407 850 809 73 2 0 379 23 2 338 0 64 0 0 0 89
979 9420 845 804 70 2 0 379 23 2 338 0 64 0 0 0 89
980 9415 847 807 70 2 0 379 23 2 339 0 63 0 0 0 89
981 9421 845 805 68 2 0 379 23 2 339 0 63 0 0 0 89
982 9419 847 806 67 2 0 379 23 2 338 0 64 0 0 0 89
983 9428 844 802 65 2 0 379 23 2 337 0 65 0 0 0 89
984 9429 844 802 64 2 0 379 23 2 337 0 65 0 0 0 89
985 9436 840 799 64 2 0 379 23 2 338 0 64 0 0 0 89
986 9426 845 804 64 2 0 379 23 2 338 0 64 0 0 0 89
987 9422 845 805 67 2 0 379 23 2 339 0 63 0 0 0 89
988 9430 841 801 67 2 0 379 23 2 339 0 63 0 0 0 89
989 9433 839 799 68 2 0 379 23 2 339 0 63 0 0 0 89
990 9441 835 796 67 2 0 379 23 2 340 0 62 0 0 0 89
991 9442 834 794 69 2 0 380 22 2 340 0 62 0 0 0 89
992 9448 830 792 69 2 0 380 22 2 342 0 60 0 0 0 89
993 9448 830 792 69 2 0 380 22 2 342 0 60 0 0 0 89
994 9455 827 788 69 2 0 381 21 2 342 0 60 0 0 0 89
995 9463 824 783 69 2 0 382 20 2 341 0 61 0 0 0 89
996 9467 822 782 68 2 0 382 20 2 342 0 60 0 0 0 89
997 9475 819 778 67 2 0 383 19 2 342 0 60 0 0 0 89
998 9473 821 779 66 2 0 383 19 2 341 0 61 0 0 0 89
999 9470 822 779 68 2 0 384 18 2 341 0 61 0 0 0 89
1000 9476 819 777 67 2 0 384 18 2 342 0 60 0 0 0 89
1001 9477 818 776 68 2 0 384 18 2 342 0 60 0 0 0 89
1002 9480 817 775 67 2 0 384 18 2 342 0 60 0 0 0 89
1003 9485 813 773 68 2 0 384 18 2 344 0 58 0 0 0 89
1004 9497 807 767 68 2 0 384 18 2 344 0 58 0 0 0 89
1005 9490 811 771 67 2 0 384 18 2 344 0 58 0 0 0 89
1006 9486 814 774 65 2 0 384 18 2 344 0 58 0 0 0 89
1007 9492 810 771 66 2 0 383 19 2 344 0 58 0 0 0 89
1008 9494 809 769 67 2 0 384 18 2 344 0 58 0 0 0 89
1009 9492 810 770 67 2 0 384 18 2 344 0 58 0 0 0 89
1010 9496 808 768 67 2 0 384 18 2 344 0 58 0 0 0 89
1011 9502 804 764 69 2 0 383 19 2 343 0 59 0 0 0 89
1012 9505 803 763 68 2 0 383 19 2 343 0 59 0 0 0 89
1013 9511 801 760 67 2 0 384 18 2 343 0 59 0 0 0 89
1014 9506 805 763 63 2 0 385 18 2 343 0 60 0 0 0 89
1015 9508 804 762 63 2 0 385 18 2 343 0 60 0 0 0 89
1016 9509 803 762 63 2 0 385 18 2 344 0 59 0 0 0 89
1017 9517 799 758 63 2 0 385 18 2 344 0 59 0 0 0 89
1018 9517 799 758 63 2 0 385 18 2 344 0 59 0 0 0 89
1019 9524 795 754 64 2 0 385 18 2 344 0 59 0 0 0 89
1020 9530 792 750 65 2 0 385 18 2 343 0 60 0 0 0 89
1021 9533 791 749 64 2 0 385 18 2 343 0 60 0 0 0 89
1022 9543 787 744 61 2 0 386 18 2 343 0 61 0 0 0 89
1023 9546 786 744 59 2 0 386 18 2 344 0 60 0 0 0 89
1024 9546 786 744 59 2 0 386 18 2 344 0 60 0 0 0 89
1025 9548 784 743 60 2 0 386 18 2 345 0 59 0 0 0 89
1026 9558 779 738 60 2 0 386 18 2 345 0 59 0 0 0 89
1027 9558 779 737 59 2 0 387 18 2 345 0 60 0 0 0 89
1028 9565 775 732 61 2 0 388 17 2 345 0 60 0 0 0 89
1029 9554 780 738 61 2 0 388 17 2 346 0 59 0 0 0 89
1030 9559 778 736 60 2 0 388 17 2 346 0 59 0 0 0 89
1031 9562 777 734 60 2 0 389 16 2 346 0 59 0 0 0 89
1032 9569 773 730 61 2 0 389 16 2 346 0 59 0 0 0 89
1033 9573 771 728 61 2 0 389 16 2 346 0 59 0 0 0 89
1034 9576 770 727 60 2 0 389 16 2 346 0 59 0 0 0 89
1035 9582 767 724 60 2 0 390 15 2 347 0 58 0 0 0 89
1036 9592 763 720 58 2 0 390 15 2 347 0 58 0 0 0 89
1037 9599 759 717 58 2 0 390 15 2 348 0 57 0 0 0 89
1038 9598 759 718 58 2 0 390 15 2 349 0 56 0 0 0 89
1039 9605 756 714 58 2 0 391 14 2 349 0 56 0 0 0 89
1040 9606 755 714 58 2 0 391 14 2 350 0 55 0 0 0 89
1041 9609 754 713 57 2 0 391 14 2 350 0 55 0 0 0 89
1042 9618 750 708 55 2 0 392 14 2 350 0 56 0 0 0 89
1043 9612 753 711 55 2 0 392 14 2 350 0 56 0 0 0 89
1044 9624 747 705 55 2 0 392 14 2 350 0 56 0 0 0 89
1045 9634 742 700 55 2 0 393 13 2 351 0 55 0 0 0 89
1046 9635 742 700 54 2 0 393 13 2 351 0 55 0 0 0 89
1047 9640 741 698 52 2 0 393 13 2 350 0 56 0 0 0 89
1048 9646 738 695 52 2 0 393 13 2 350 0 56 0 0 0 89
1049 9650 736 693 52 2 0 393 13 2 350 0 56 0 0 0 89
1050 9658 733 690 50 2 0 393 13 2 350 0 56 0 0 0 89
1051 9664 730 687 50 2 0 393 13 2 350 0 56 0 0 0 89
1052 9663 730 688 50 2 0 392 14 2 350 0 56 0 0 0 89
1053 9669 727 684 51 2 0 393 13 2 350 0 56 0 0 0 89
1054 9677 723 680 51 2 0 393 13 2 350 0 56 0 0 0 89
1055 9681 721 678 51 2 0 393 13 2 350 0 56 0 0 0 89
1056 9681 721 678 51 2 0 393 13 2 350 0 56 0 0 0 89
1057 9686 717 674 52 2 0 394 13 2 351 0 56 0 0 0 89
1058 9690 715 672 52 2 0 394 13 2 351 0 56 0 0 0 89
1059 9691 714 672 52 2 0 394 13 2 352 0 55 0 0 0 89
1060 9698 711 668 52 2 0 395 12 2 352 0 55 0 0 0 89
1061 9703 709 666 51 2 0 395 12 2 352 0 55 0 0 0 89
1062 9705 708 665 51 2 0 395 12 2 352 0 55 0 0 0 89
1063 9709 706 662 50 2 0 396 12 2 352 0 56 0 0 0 89
1064 9715 702 659 51 2 0 396 12 2 353 0 55 0 0 0 89
1065 9713 704 661 49 2 0 396 12 2 353 0 55 0 0 0 89
1066 9709 706 663 49 2 0 395 13 2 352 0 56 0 0 0 89
1067 9711 706 663 47 2 0 395 13 2 352 0 56 0 0 0 89
1068 9724 699 656 48 2 0 395 13 2 352 0 56 0 0 0 89
1069 9730 696 653 48 2 0 395 13 2 352 0 56 0 0 0 89
1070 9734 693 651 49 2 0 395 13 2 353 0 55 0 0 0 89
1071 9734 693 651 49 2 0 395 13 2 353 0 55 0 0 0 89
1072 9732 694 652 49 2 0 395 13 2 353 0 55 0 0 0 89
1073 9733 695 653 46 2 0 395 13 2 353 0 55 0 0 0 89
1074 9738 693 652 44 2 0 395 13 2 354 0 54 0 0 0 89
1075 9737 695 652 43 2 0 395 13 2 352 0 56 0 0 0 89
1076 9751 688 646 42 2 0 395 13 2 353 0 55 0 0 0 89
1077 9762 682 642 41 2 0 394 14 2 354 0 54 0 0 0 89
1078 9764 681 641 41 2 0 394 14 2 354 0 54 0 0 0 89
1079 9760 685 643 39 2 0 395 13 2 353 0 55 0 0 0 89
1080 9761 684 643 39 2 0 394 14 2 353 0 55 0 0 0 89
1081 9774 678 637 38 2 0 393 15 2 352 0 56 0 0 0 89
1082 9774 677 638 38 2 0 392 16 2 353 0 55 0 0 0 89
1083 9778 675 636 38 2 0 392 16 2 353 0 55 0 0 0 89
1084 9785 671 633 38 2 0 392 16 2 354 0 54 0 0 0 89
1085 9779 675 636 37 2 0 392 16 2 353 0 55 0 0 0 89
1086 9779 675 636 37 2 0 391 17 2 352 0 56 0 0 0 89
1087 9779 675 634 39 2 0 393 15 2 352 0 56 0 0 0 89
1088 9785 671 631 40 2 0 393 15 2 353 0 55 0 0 0 89
1089 9794 667 626 40 2 0 394 14 2 353 0 55 0 0 0 89
1090 9798 665 624 40 2 0 394 14 2 353 0 55 0 0 0 89
1091 9804 662 622 39 2 0 393 15 2 353 0 55 0 0 0 89
1092 9800 663 623 41 2 0 393 15 2 353 0 55 0 0 0 89
1093 9799 663 623 42 2 0 393 15 2 353 0 55 0 0 0 89
1094 9803 661 621 42 2 0 393 15 2 353 0 55 0 0 0 89
1095 9802 661 622 42 2 0 392 16 2 353 0 55 0 0 0 89
1096 9807 659 620 41 2 0 393 15 2 354 0 54 0 0 0 89
1097 9807 658 620 42 2 0 393 15 2 355 0 53 0 0 0 89
1098 9812 656 617 42 2 0 394 14 2 355 0 53 0 0 0 89
1099 9817 654 615 41 2 0 394 14 2 355 0 53 0 0 0 89
1100 9817 654 615 41 2 0 394 14 2 355 0 53 0 0 0 89
1101 9820 652 614 41 2 0 394 14 2 356 0 52 0 0 0 89
1102 9822 651 613 41 2 0 394 14 2 356 0 52 0 0 0 89
1103 9821 651 613 42 2 0 394 14 2 356 0 52 0 0 0 89
1104 9820 650 614 43 2 0 393 15 2 357 0 51 0 0 0 89
1105 9827 647 611 42 2 0 393 15 2 357 0 51 0 0 0 89
1106 9829 646 610 42 2 0 393 15 2 357 0 51 0 0 0 89
1107 9834 644 607 41 2 0 394 14 2 357 0 51 0 0 0 90
1108 9853 635 598 40 2 0 394 14 2 357 0 51 0 0 0 90
1109 9858 634 597 37 2 0 394 14 2 357 0 51 0 0 0 90
1110 9862 632 595 37 2 0 394 14 2 357 0 51 0 0 0 90
1111 9859 633 596 38 2 0 394 14 2 357 0 51 0 0 0 90
1112 9864 631 594 37 2 0 394 14 2 357 0 51 0 0 0 90
1113 9863 632 595 36 2 0 394 14 2 357 0 51 0 0 0 90
1114 9866 630 593 37 2 0 394 14 2 357 0 51 0 0 0 90
1115 9865 630 593 38 2 0 394 14 2 357 0 51 0 0 0 90
1116 9866 629 592 39 2 0 394 14 2 357 0 51 0 0 0 90
1117 9872 625 589 40 2 0 394 14 2 358 0 50 0 0 0 90
1118 9874 624 588 40 2 0 394 14 2 358 0 50 0 0 0 90
1119 9879 622 586 39 2 0 394 14 2 358 0 50 0 0 0 90
1120 9882 619 585 40 2 0 393 15 2 359 0 49 0 0 0 90
1121 9890 615 581 40 2 0 393 15 2 359 0 49 0 0 0 90
1122 9890 615 581 40 2 0 393 15 2 359 0 49 0 0 0 90
1123 9890 614 581 41 2 0 393 15 2 360 0 48 0 0 0 90
1124 9891 614 581 40 2 0 393 15 2 360 0 48 0 0 0 90
1125 9896 612 578 40 2 0 394 14 2 360 0 48 0 0 0 90
1126 9904 609 575 38 2 0 395 13 2 361 0 47 0 0 0 90
1127 9901 610 577 38 2 0 395 13 2 362 0 46 0 0 0 90
1128 9903 609 576 38 2 0 394 14 2 361 0 47 0 0 0 90
1129 9904 609 576 37 2 0 394 14 2 361 0 47 0 0 0 90
1130 9903 610 577 36 2 0 394 14 2 361 0 47 0 0 0 90
1131 9910 607 574 35 2 0 394 14 2 361 0 47 0 0 0 90
1132 9918 603 570 35 2 0 394 14 2 361 0 47 0 0 0 90
1133 9920 602 569 35 2 0 394 14 2 361 0 47 0 0 0 90
1134 9920 602 569 35 2 0 394 14 2 361 0 47 0 0 0 90
1135 9924 600 567 35 2 0 394 14 2 361 0 47 0 0 0 90
1136 9931 597 564 34 2 0 394 14 2 361 0 47 0 0 0 90
1137 9929 598 565 34 2 0 394 14 2 361 0 47 0 0 0 90
1138 9933 596 563 34 2 0 394 14 2 361 0 47 0 0 0 90
1139 9933 596 563 34 2 0 394 14 2 361 0 47 0 0 0 90
1140 9934 596 563 33 2 0 394 14 2 361 0 47 0 0 0 90
1141 9942 592 559 33 2 0 394 14 2 361 0 47 0 0 0 90
1142 9947 590 557 32 2 0 394 14 2 361 0 47 0 0 0 90
1143 9946 591 558 31 2 0 394 14 2 361 0 47 0 0 0 90
1144 9944 592 559 31 2 0 394 14 2 361 0 47 0 0 0 90
1145 9955 586 554 31 2 0 394 14 2 362 0 46 0 0 0 90
1146 9956 586 554 30 2 0 394 14 2 362 0 46 0 0 0 90
1147 9960 584 553 29 2 0 394 14 2 363 0 45 0 0 0 90
1148 9970 579 548 29 2 0 394 14 2 363 0 45 0 0 0 90
1149 9972 578 547 29 2 0 394 14 2 363 0 45 0 0 0 90
1150 9975 577 546 28 2 0 394 14 2 363 0 45 0 0 0 90
1151 9985 571 542 28 2 0 394 14 2 365 0 43 0 0 0 90
1152 9994 567 537 28 2 0 396 12 2 366 0 42 0 0 0 90
1153 9996 566 535 29 2 0 397 11 2 366 0 42 0 0 0 90
1154 9996 566 535 29 2 0 397 11 2 366 0 42 0 0 0 90
1155 9999 564 534 29 2 0 397 11 2 367 0 41 0 0 0 90
1156 10002 562 533 29 2 0 397 11 2 368 0 40 0 0 0 90
1157 10005 560 532 29 2 0 397 11 2 369 0 39 0 0 0 90
1158 10004 560 532 30 2 0 397 11 2 369 0 39 0 0 0 90
1159 10005 559 532 30 2 0 397 11 2 370 0 38 0 0 0 90
1160 10004 559 532 31 2 0 397 11 2 370 0 38 0 0 0 90
1161 10010 556 530 30 2 0 397 11 2 371 0 37 0 0 0 90
1162 10003 560 534 29 2 0 397 11 2 371 0 37 0 0 0 90
1163 10002 561 534 28 2 0 398 10 2 371 0 37 0 0 0 91
1164 10010 556 530 29 2 0 397 11 2 371 0 37 0 0 0 91
1165 10012 555 528 28 2 0 398 11 2 371 0 38 0 0 0 91
1166 10016 553 526 28 2 0 398 11 2 371 0 38 0 0 0 91
1167 10015 553 526 29 3 0 397 11 3 370 0 38 0 0 0 91
1168 10017 552 525 29 3 0 397 11 3 370 0 38 0 0 0 91
1169 10024 549 521 29 3 0 398 10 3 370 0 38 0 0 0 91
1170 10027 547 520 29 3 0 397 11 3 370 0 38 0 0 0 91
1171 10020 550 524 29 3 0 397 11 3 371 0 37 0 0 0 91
1172 10022 549 523 29 3 0 397 11 3 371 0 37 0 0 0 91
1173 10031 544 518 28 3 0 398 11 3 372 0 37 0 0 0 91
1174 10029 545 519 28 3 0 398 11 3 372 0 37 0 0 0 91
1175 10029 545 519 28 3 0 398 11 3 372 0 37 0 0 0 91
1176 10027 546 520 28 3 0 398 11 3 372 0 37 0 0 0 91
1177 10031 544 518 28 3 0 398 11 3 372 0 37 0 0 0 91
1178 10037 541 515 28 3 0 398 11 3 372 0 37 0 0 0 91
1179 10043 538 512 28 3 0 398 11 3 372 0 37 0 0 0 91
1180 10051 534 508 28 3 0 398 11 3 372 0 37 0 0 0 91
1181 10053 532 507 29 3 0 398 11 3 373 0 36 0 0 0 91
1182 10061 528 503 29 3 0 398 11 3 373 0 36 0 0 0 91
1183 10067 525 500 29 3 0 398 11 3 373 0 36 0 0 0 91
1184 10072 522 498 29 3 0 397 12 3 373 0 36 0 0 0 91
1185 10078 520 495 28 3 0 398 11 3 373 0 36 0 0 0 91
1186 10080 519 494 28 3 0 398 11 3 373 0 36 0 0 0 91
1187 10078 520 495 28 3 0 398 11 3 373 0 36 0 0 0 91
1188 10085 517 492 27 3 0 398 11 3 373 0 36 0 0 0 91
1189 10090 515 491 25 3 0 398 11 3 374 0 35 0 0 0 91
1190 10090 515 491 25 3 0 398 11 3 374 0 35 0 0 0 91
1191 10087 517 492 25 3 0 398 11 3 373 0 36 0 0 0 91
1192 10090 516 491 24 3 0 398 11 3 373 0 36 0 0 0 91
1193 10092 515 490 24 3 0 398 11 3 373 0 36 0 0 0 91
1194 10098 512 487 24 3 0 398 11 3 373 0 36 0 0 0 91
1195 10096 513 488 24 3 0 398 11 3 373 0 36 0 0 0 91
1196 10101 510 486 24 3 0 397 12 3 373 0 36 0 0 0 91
1197 10109 506 482 24 3 0 397 12 3 373 0 36 0 0 0 91
1198 10108 506 482 25 3 0 397 12 3 373 0 36 0 0 0 91
1199 10113 503 480 25 3 0 397 12 3 374 0 35 0 0 0 91
1200 10123 498 475 25 3 0 397 12 3 374 0 35 0 0 0 91
1201 10126 497 474 24 3 0 397 12 3 374 0 35 0 0 0 91
1202 10128 496 473 24 3 0 397 12 3 374 0 35 0 0 0 91
1203 10127 496 474 24 3 0 397 12 3 375 0 34 0 0 0 91
1204 10139 490 468 24 3 0 397 12 3 375 0 34 0 0 0 91
1205 10137 490 469 25 4 0 395 13 4 374 0 34 0 0 0 91
1206 10140 488 468 25 4 0 395 13 4 375 0 33 0 0 0 91
1207 10149 484 464 24 4 0 395 13 4 375 0 33 0 0 0 91
1208 10149 484 464 24 5 0 394 13 5 374 0 33 0 0 0 91
1209 10158 480 460 23 5 0 394 13 5 374 0 33 0 0 0 91
1210 10158 480 460 23 5 0 394 13 5 374 0 33 0 0 0 91
1211 10160 479 459 23 5 0 394 13 5 374 0 33 0 0 0 91
1212 10158 480 460 23 5 0 394 13 5 374 0 33 0 0 0 91
1213 10158 480 461 22 5 0 393 14 5 374 0 33 0 0 0 91
1214 10166 476 457 22 5 0 393 14 5 374 0 33 0 0 0 91
1215 10168 475 456 22 5 0 393 14 5 374 0 33 0 0 0 91
1216 10170 474 455 22 5 0 393 14 5 374 0 33 0 0 0 91
1217 10165 476 457 23 5 0 393 14 5 374 0 33 0 0 0 91
1218 10165 475 457 24 5 0 392 15 5 374 0 33 0 0 0 91
1219 10167 474 456 24 5 0 392 15 5 374 0 33 0 0 0 91
1220 10170 472 455 24 5 0 392 15 5 375 0 32 0 0 0 91
1221 10166 474 457 24 5 0 392 15 5 375 0 32 0 0 0 91
1222 10172 471 454 24 5 0 392 15 5 375 0 32 0 0 0 91
1223 10183 466 449 23 5 0 392 15 5 375 0 32 0 0 0 91
1224 10188 463 448 22 5 0 392 15 5 377 0 30 0 0 0 91
1225 10189 462 448 22 5 0 392 15 5 378 0 29 0 0 0 91
1226 10200 456 444 21 5 0 391 16 5 379 0 28 0 0 0 91
1227 10208 452 440 21 5 0 391 16 5 379 0 28 0 0 0 91
1228 10213 449 437 22 5 0 391 16 5 379 0 28 0 0 0 91
1229 10208 451 439 23 5 0 391 16 5 379 0 28 0 0 0 91
1230 10213 449 437 22 5 0 391 16 5 379 0 28 0 0 0 91
1231 10215 448 436 22 6 0 390 16 6 378 0 28 0 0 0 91
1232 10213 449 437 22 6 0 390 16 6 378 0 28 0 0 0 91
1233 10222 445 432 22 6 0 391 15 6 378 0 28 0 0 0 91
1234 10232 439 427 23 6 0 391 15 6 379 0 27 0 0 0 91
1235 10239 435 424 23 6 0 392 14 6 381 0 25 0 0 0 91
1236 10237 437 424 23 6 0 393 13 6 380 0 26 0 0 0 91
1237 10235 438 425 23 6 0 393 13 6 380 0 26 0 0 0 91
1238 10235 438 424 23 6 0 394 12 6 380 0 26 0 0 0 92
1239 10235 438 424 23 6 0 394 12 6 380 0 26 0 0 0 92
1240 10233 439 425 23 6 0 394 12 6 380 0 26 0 0 0 92
1241 10241 435 421 23 6 0 394 12 6 380 0 26 0 0 0 92
1242 10248 431 417 24 6 0 394 12 6 380 0 26 0 0 0 92
1243 10255 427 415 23 6 0 393 13 6 381 0 25 0 0 0 92
1244 10253 428 417 22 6 0 393 13 6 382 0 24 0 0 0 92
1245 10262 423 413 22 6 0 393 13 6 383 0 23 0 0 0 92
1246 10267 421 411 21 6 0 393 13 6 383 0 23 0 0 0 92
1247 10268 420 411 21 6 0 393 13 6 384 0 22 0 0 0 92
1248 10266 421 412 21 6 0 393 13 6 384 0 22 0 0 0 92
1249 10270 419 410 21 6 0 393 13 6 384 0 22 0 0 0 92
1250 10275 416 408 21 7 0 391 14 7 383 0 22 0 0 0 92
1251 10275 415 408 22 7 0 391 14 7 384 0 21 0 0 0 92
1252 10276 414 408 22 7 0 390 15 7 384 0 21 0 0 0 92
1253 10270 417 411 22 7 0 390 15 7 384 0 21 0 0 0 92
1254 10277 414 408 21 7 0 390 15 7 384 0 21 0 0 0 92
1255 10277 414 408 21 7 0 390 15 7 384 0 21 0 0 0 92
1256 10278 414 407 21 7 0 391 14 7 384 0 21 0 0 0 92
1257 10282 412 405 21 7 0 391 14 7 384 0 21 0 0 0 92
1258 10281 413 405 21 7 0 392 13 7 384 0 21 0 0 0 92
1259 10279 414 406 21 7 0 392 13 7 384 0 21 0 0 0 92
1260 10281 414 405 20 7 0 393 12 7 384 0 21 0 0 0 92
1261 10281 414 405 20 7 0 393 12 7 384 0 21 0 0 0 92
1262 10282 413 405 20 7 0 393 12 7 385 0 20 0 0 0 92
1263 10287 411 402 20 7 0 394 11 7 385 0 20 0 0 0 92
1264 10287 411 402 20 7 0 394 11 7 385 0 20 0 0 0 92
1265 10292 409 400 19 7 0 394 11 7 385 0 20 0 0 0 92
1266 10293 409 399 19 7 0 395 10 7 385 0 20 0 0 0 92
1267 10293 409 399 19 7 0 395 10 7 385 0 20 0 0 0 92
1268 10288 410 402 20 7 0 394 11 7 386 0 19 0 0 0 92
1269 10287 411 403 19 7 0 394 11 7 386 0 19 0 0 0 92
1270 10285 412 404 19 7 0 394 11 7 386 0 19 0 0 0 92
1271 10288 411 403 18 7 0 394 11 7 386 0 19 0 0 0 92
1272 10290 411 403 16 7 0 394 11 7 386 0 19 0 0 0 92
1273 10289 411 403 17 7 0 394 11 7 386 0 19 0 0 0 92
1274 10287 412 404 17 7 0 394 11 7 386 0 19 0 0 0 92
1275 10287 412 404 17 7 0 394 11 7 386 0 19 0 0 0 92
1276 10285 413 405 17 7 0 394 11 7 386 0 19 0 0 0 92
1277 10288 412 404 16 7 0 394 11 7 386 0 19 0 0 0 92
1278 10293 409 402 16 7 0 394 11 7 387 0 18 0 0 0 92
1279 10291 410 403 16 7 0 394 11 7 387 0 18 0 0 0 92
1280 10290 411 404 15 7 0 394 11 7 387 0 18 0 0 0 92
1281 10288 412 405 15 7 0 394 11 7 387 0 18 0 0 0 92
1282 10298 407 400 15 7 0 394 11 7 387 0 18 0 0 0 92
1283 10300 406 399 15 7 0 394 11 7 387 0 18 0 0 0 92
1284 10301 405 399 15 7 0 393 12 7 387 0 18 0 0 0 92
1285 10304 404 397 15 7 0 393 12 7 386 0 19 0 0 0 92
1286 10308 402 395 15 8 0 392 12 7 386 0 19 0 0 1 91
1287 10305 403 397 15 8 0 391 13 7 386 0 19 0 0 1 91
1288 10305 403 397 15 8 0 391 13 7 386 0 19 0 0 1 91
1289 10301 405 399 15 8 0 391 13 7 386 0 19 0 0 1 91
1290 10304 404 398 14 8 0 391 13 7 386 0 19 0 0 1 91
1291 10300 407 400 13 8 0 391 13 7 385 0 20 0 0 1 91
1292 10307 404 397 12 8 0 391 13 7 385 0 20 0 0 1 91
1293 10309 403 396 12 8 0 391 13 7 385 0 20 0 0 1 91
1294 10311 402 395 12 8 0 391 13 7 385 0 20 0 0 1 91
1295 10310 403 396 11 8 0 391 13 7 385 0 20 0 0 1 91
1296 10310 403 396 11 8 0 391 13 7 385 0 20 0 0 1 91
1297 10310 403 396 11 8 0 391 13 7 385 0 20 0 0 1 91
1298 10310 403 396 11 8 0 391 13 7 385 0 20 0 0 1 91
1299 10307 404 398 11 8 0 391 13 7 386 0 19 0 0 1 91
1300 10305 405 399 11 8 0 391 13 7 386 0 19 0 0 1 91
1301 10307 404 398 11 8 0 391 13 7 386 0 19 0 0 1 91
1302 10311 402 396 11 8 0 391 13 7 386 0 19 0 0 1 91
1303 10323 396 390 11 8 0 391 13 7 386 0 19 0 0 1 91
1304 10324 395 390 11 8 0 390 14 7 386 0 19 0 0 1 91
1305 10318 398 393 11 8 0 390 14 7 386 0 19 0 0 1 91
1306 10312 401 396 11 8 0 390 14 7 386 0 19 0 0 1 91
1307 10317 398 393 12 8 0 390 14 7 386 0 19 0 0 1 91
1308 10317 398 393 12 8 0 390 14 7 386 0 19 0 0 1 91
1309 10312 400 395 13 8 0 390 14 7 386 0 19 0 0 1 91
1310 10317 398 393 12 8 0 390 14 7 386 0 19 0 0 1 91
1311 10320 397 392 11 8 0 390 14 7 386 0 19 0 0 1 91
1312 10325 395 390 10 8 0 390 14 7 386 0 19 0 0 1 91
1313 10329 393 388 10 8 0 390 14 7 386 0 19 0 0 1 91
1314 10324 395 391 10 8 0 390 14 7 387 0 18 0 0 1 91
1315 10328 393 389 10 8 0 390 14 7 387 0 18 0 0 1 91
1316 10328 393 389 10 8 0 390 14 7 387 0 18 0 0 1 91
1317 10327 394 389 10 8 0 390 14 7 386 0 19 0 0 1 91
1318 10323 396 391 10 8 0 390 14 7 386 0 19 0 0 1 91
1319 10327 394 389 10 8 0 390 14 7 386 0 19 0 0 1 91
1320 10331 392 387 10 8 0 390 14 7 386 0 19 0 0 1 91
1321 10332 391 387 10 8 0 390 14 7 387 0 18 0 0 1 91
1322 10334 390 386 10 8 0 390 14 7 387 0 18 0 0 1 91
1323 10333 390 386 11 8 0 390 14 7 387 0 18 0 0 1 91
1324 10335 389 385 11 8 0 390 14 7 387 0 18 0 0 1 91
1325 10336 388 385 11 8 0 390 14 7 388 0 17 0 0 1 91
1326 10338 387 384 11 8 0 390 14 7 388 0 17 0 0 1 91
1327 10340 385 383 12 8 0 390 14 7 389 0 16 0 0 1 91
1328 10342 384 382 12 8 0 390 14 7 389 0 16 0 0 1 91
1329 10338 386 384 12 8 0 390 14 7 389 0 16 0 0 1 91
1330 10348 381 379 12 8 0 390 14 7 389 0 16 0 0 1 91
1331 10348 381 379 12 8 0 390 14 7 389 0 16 0 0 1 91
1332 10345 382 381 12 8 0 389 15 7 389 0 16 0 0 1 91
1333 10347 381 380 12 8 0 389 15 7 389 0 16 0 0 1 91
1334 10339 385 384 12 8 0 389 15 7 389 0 16 0 0 1 91
1335 10341 384 383 12 8 0 389 15 7 389 0 16 0 0 1 91
1336 10344 383 382 11 8 0 389 15 7 389 0 16 0 0 1 91
1337 10343 383 382 12 8 0 389 15 7 389 0 16 0 0 1 91
1338 10341 384 383 12 8 0 389 15 7 389 0 16 0 0 1 91
1339 10347 381 380 12 8 0 389 15 7 389 0 16 0 0 1 91
1340 10347 381 380 12 8 0 389 15 7 389 0 16 0 0 1 91
1341 10341 384 383 12 8 0 389 15 7 389 0 16 0 0 1 91
1342 10353 378 377 12 8 0 389 15 7 389 0 16 0 0 1 91
1343 10358 375 375 12 8 0 388 16 7 389 0 16 0 0 1 91
1344 10358 376 376 10 8 0 388 16 7 389 0 16 0 0 1 91
1345 10356 377 377 10 9 0 387 16 8 388 0 16 0 0 1 91
1346 10353 379 378 10 9 0 387 16 8 387 0 17 0 0 1 91
1347 10353 379 378 10 9 0 387 16 8 387 0 17 0 0 1 91
1348 10357 377 376 10 10 0 386 16 9 386 0 17 0 0 1 91
1349 10360 376 374 10 11 0 385 16 10 384 0 18 0 0 1 91
1350 10364 374 372 10 11 0 385 16 10 384 0 18 0 0 1 91
1351 10362 375 373 10 11 0 385 16 10 384 0 18 0 0 1 91
1352 10375 368 366 11 11 0 385 16 10 384 0 18 0 0 1 91
1353 10375 368 366 11 11 0 385 16 10 384 0 18 0 0 1 91
1354 10374 369 367 10 11 0 385 16 10 384 0 18 0 0 1 91
1355 10378 367 365 10 11 0 385 16 10 384 0 18 0 0 1 91
1356 10380 366 364 10 11 0 385 16 10 384 0 18 0 0 1 91
1357 10372 370 368 10 11 0 385 16 10 384 0 18 0 0 1 91
1358 10374 369 367 10 11 0 385 16 10 384 0 18 0 0 1 91
1359 10378 367 365 10 11 0 385 16 10 384 0 18 0 0 1 91
1360 10378 367 365 10 11 0 385 16 10 384 0 18 0 0 1 91
1361 10377 367 366 10 11 0 385 16 10 385 0 17 0 0 1 91
1362 10377 367 367 9 11 0 385 16 10 386 0 16 0 0 1 91
1363 10373 369 369 9 11 0 385 16 10 386 0 16 0 0 1 91
1364 10375 368 368 9 11 0 385 16 10 386 0 16 0 0 1 91
1365 10375 368 368 9 11 0 385 16 10 386 0 16 0 0 1 91
1366 10380 366 365 9 11 0 386 15 10 386 0 16 0 0 1 91
1367 10378 367 366 9 11 0 386 15 10 386 0 16 0 0 1 91
1368 10377 367 366 10 11 0 386 15 10 386 0 16 0 0 1 91
1369 10381 365 364 10 11 0 386 15 10 386 0 16 0 0 1 91
1370 10385 363 362 10 11 0 386 15 10 386 0 16 0 0 1 91
1371 10389 361 360 10 11 0 386 15 10 386 0 16 0 0 1 91
1372 10390 360 360 10 11 0 386 15 10 387 0 15 0 0 1 91
1373 10392 359 359 10 11 0 386 15 10 387 0 15 0 0 1 91
1374 10391 359 360 10 11 0 386 15 10 388 0 14 0 0 1 91
1375 10387 361 362 10 11 0 386 15 10 388 0 14 0 0 1 91
1376 10388 361 361 10 11 0 387 14 10 388 0 14 0 0 1 91
1377 10394 358 358 10 11 0 387 14 10 388 0 14 0 0 1 91
1378 10390 360 360 10 11 0 387 14 10 388 0 14 0 0 1 91
1379 10394 358 358 10 12 0 386 14 11 387 0 14 0 0 1 91
1380 10398 356 357 9 12 0 386 14 11 388 0 13 0 0 1 91
1381 10400 355 356 9 12 0 386 14 11 388 0 13 0 0 1 91
1382 10404 353 354 9 12 0 386 14 11 388 0 13 0 0 1 91
1383 10404 353 354 9 12 0 386 14 11 388 0 13 0 0 1 91
1384 10402 354 355 9 12 0 386 14 11 388 0 13 0 0 1 91
1385 10410 350 351 9 12 0 386 14 11 388 0 13 0 0 1 91
1386 10416 347 348 9 12 0 386 14 11 388 0 13 0 0 1 91
1387 10420 345 346 9 12 0 386 14 11 388 0 13 0 0 1 91
1388 10421 344 346 9 12 0 385 15 11 388 0 13 0 0 1 91
1389 10419 345 347 9 12 0 385 15 11 388 0 13 0 0 1 91
1390 10417 345 349 9 12 0 384 16 11 389 0 12 0 0 1 91
1391 10421 343 347 9 12 0 384 16 11 389 0 12 0 0 1 91
1392 10432 338 342 8 12 0 384 16 11 389 0 12 0 0 1 91
1393 10427 340 344 9 12 0 384 16 11 389 0 12 0 0 1 91
1394 10429 339 343 9 12 0 384 16 11 389 0 12 0 0 1 91
1395 10427 340 344 9 12 0 384 16 11 389 0 12 0 0 1 91
1396 10427 340 344 9 12 0 384 16 11 389 0 12 0 0 1 91
1397 10433 337 341 9 12 0 384 16 11 389 0 12 0 0 1 91
1398 10431 338 342 9 12 0 384 16 11 389 0 12 0 0 1 91
1399 10429 339 343 9 12 0 384 16 11 389 0 12 0 0 1 91
1400 10433 337 341 9 12 0 384 16 11 389 0 12 0 0 1 91
1401 10441 333 337 9 12 0 384 16 11 389 0 12 0 0 1 91
1402 10445 331 336 8 12 0 384 16 11 390 0 11 0 0 1 91
1403 10444 332 336 8 12 0 385 15 11 390 0 11 0 0 1 91
1404 10444 332 336 8 12 0 385 15 11 390 0 11 0 0 1 91
1405 10437 335 340 8 12 0 384 16 11 390 0 11 0 0 1 91
1406 10443 332 337 8 12 0 384 16 11 390 0 11 0 0 1 91
1407 10447 330 335 8 12 0 384 16 11 390 0 11 0 0 1 91
1408 10447 330 335 8 12 0 384 16 11 390 0 11 0 0 1 91
1409 10453 327 332 8 12 0 384 16 11 390 0 11 0 0 1 91
1410 10453 327 332 8 12 0 384 16 11 390 0 11 0 0 1 91
1411 10458 324 329 9 12 0 384 16 11 390 0 11 0 0 1 91
1412 10456 325 330 9 12 0 384 16 11 390 0 11 0 0 1 91
1413 10461 323 327 9 12 0 384 16 11 389 0 12 0 0 1 91
1414 10461 323 327 9 12 0 384 16 11 389 0 12 0 0 1 91
1415 10461 323 327 9 12 0 384 16 11 389 0 12 0 0 1 91
1416 10459 324 328 9 12 0 384 16 11 389 0 12 0 0 1 91
1417 10457 325 329 9 12 0 384 16 11 389 0 12 0 0 1 91
1418 10458 325 329 8 12 0 384 16 11 389 0 12 0 0 1 91
1419 10460 324 328 8 12 0 384 16 11 389 0 12 0 0 1 91
1420 10461 323 327 9 12 0 384 16 11 389 0 12 0 0 1 91
1421 10462 322 326 10 12 0 384 16 11 389 0 12 0 0 1 91
1422 10459 324 327 10 12 0 384 16 11 388 0 13 0 0 1 91
1423 10461 323 326 10 12 0 384 16 11 388 0 13 0 0 1 91
1424 10467 320 322 10 12 0 385 15 11 388 0 13 0 0 1 92
1425 10469 319 321 10 12 0 385 15 11 388 0 13 0 0 1 92
1426 10474 317 318 10 12 0 385 15 11 387 0 14 0 0 1 92
1427 10480 314 315 10 12 0 385 15 11 387 0 14 0 0 1 92
1428 10480 314 315 10 12 0 385 15 11 387 0 14 0 0 1 92
1429 10482 313 314 10 12 0 385 15 11 387 0 14 0 0 1 92
1430 10484 312 313 10 12 0 385 15 11 387 0 14 0 0 1 92
1431 10490 309 310 10 12 0 385 15 11 387 0 14 0 0 1 92
1432 10492 308 309 10 12 0 385 15 11 387 0 14 0 0 1 92
1433 10492 308 309 10 12 0 385 15 11 387 0 14 0 0 1 92
1434 10488 310 311 10 12 0 385 15 11 387 0 14 0 0 1 92
1435 10487 310 312 10 12 0 385 15 11 388 0 13 0 0 1 92
1436 10487 310 312 10 12 0 385 15 11 388 0 13 0 0 1 92
1437 10487 310 312 10 12 0 385 15 11 388 0 13 0 0 1 92
1438 10490 308 311 10 12 0 385 15 11 389 0 12 0 0 1 92
1439 10490 308 311 10 12 0 385 15 11 389 0 12 0 0 1 92
1440 10488 309 312 10 12 0 385 15 11 389 0 12 0 0 1 92
1441 10485 310 314 10 12 0 384 16 11 389 0 12 0 0 1 92
1442 10487 309 313 10 12 0 384 16 11 389 0 12 0 0 1 92
1443 10484 311 314 10 12 0 385 15 11 389 0 12 0 0 1 92
1444 10489 309 312 9 12 0 385 15 11 389 0 12 0 0 1 92
1445 10491 308 311 9 12 0 385 15 11 389 0 12 0 0 1 92
1446 10493 307 310 9 12 0 385 15 11 389 0 12 0 0 1 92
1447 10498 305 307 9 12 0 385 15 11 388 0 13 0 0 1 92
1448 10500 304 306 9 12 0 385 15 11 388 0 13 0 0 1 92
1449 10496 306 308 9 12 0 385 15 11 388 0 13 0 0 1 92
1450 10500 304 306 9 12 0 385 15 11 388 0 13 0 0 1 92
1451 10502 302 306 9 12 0 384 16 11 389 0 12 0 0 1 92
1452 10506 300 304 9 12 0 384 16 11 389 0 12 0 0 1 92
1453 10508 299 303 9 12 0 384 16 11 389 0 12 0 0 1 92
1454 10513 298 300 8 12 0 386 14 11 389 0 12 0 0 1 92
1455 10513 298 300 8 12 0 386 14 11 389 0 12 0 0 1 92
1456 10513 298 300 8 12 0 386 14 11 389 0 12 0 0 1 92
1457 10507 301 303 8 12 0 386 14 11 389 0 12 0 0 1 92
1458 10513 298 300 8 12 0 386 14 11 389 0 12 0 0 1 92
1459 10513 298 300 8 12 0 386 14 11 389 0 12 0 0 1 92
1460 10517 296 298 8 12 0 386 14 11 389 0 12 0 0 1 92
1461 10519 295 297 8 12 0 386 14 11 389 0 12 0 0 1 92
1462 10526 292 294 7 12 0 386 14 11 389 0 12 0 0 1 92
1463 10528 291 293 7 12 0 386 14 11 389 0 12 0 0 1 92
1464 10530 290 292 7 13 0 385 14 12 388 0 12 0 0 1 92
1465 10534 288 290 7 13 0 385 14 12 388 0 12 0 0 1 92
1466 10534 288 290 7 13 0 385 14 12 388 0 12 0 0 1 92
1467 10540 285 287 7 13 0 385 14 12 388 0 12 0 0 1 92
1468 10542 284 286 7 13 0 385 14 12 388 0 12 0 0 1 92
1469 10546 282 284 7 13 0 385 14 12 388 0 12 0 0 1 92
1470 10545 283 285 6 13 0 385 14 12 388 0 12 0 0 1 92
1471 10543 284 285 6 13 0 386 13 12 388 0 12 0 0 1 93
1472 10542 284 286 6 13 0 385 14 12 388 0 12 0 0 1 93
1473 10542 284 286 6 13 0 385 14 12 388 0 12 0 0 1 93
1474 10544 283 285 6 13 0 385 14 12 388 0 12 0 0 1 93
1475 10549 281 282 6 14 0 385 13 13 387 0 12 0 0 1 93
1476 10549 281 282 6 14 0 385 13 13 387 0 12 0 0 1 93
1477 10556 278 279 5 14 0 385 13 13 387 0 12 0 0 1 93
1478 10557 278 278 5 14 0 386 12 13 387 0 12 0 0 1 93
1479 10547 283 283 5 14 0 386 12 13 387 0 12 0 0 1 93
1480 10547 283 283 5 14 0 386 12 13 387 0 12 0 0 1 93
1481 10549 282 282 5 14 0 386 12 13 387 0 12 0 0 1 93
1482 10551 281 281 5 14 0 386 12 13 387 0 12 0 0 1 93
1483 10546 283 283 6 14 0 386 12 13 387 0 12 0 0 1 93
1484 10545 283 284 6 14 0 386 12 13 388 0 11 0 0 1 93
1485 10546 283 284 5 14 0 386 12 13 388 0 11 0 0 1 93
1486 10544 284 285 5 14 0 386 12 13 388 0 11 0 0 1 93
1487 10544 284 285 5 14 0 386 12 13 388 0 11 0 0 1 93
1488 10542 285 286 5 14 0 386 12 13 388 0 11 0 0 1 93
1489 10539 286 287 6 14 0 386 12 13 388 0 11 0 0 1 93
1490 10539 286 287 6 14 0 386 12 13 388 0 11 0 0 1 93
1491 10544 283 284 7 14 0 386 12 13 388 0 11 0 0 1 93
1492 10541 284 286 7 14 0 385 13 13 388 0 11 0 0 1 93
1493 10541 284 286 7 14 0 385 13 13 388 0 11 0 0 1 93
1494 10539 284 287 8 14 0 385 13 13 389 0 10 0 0 1 93
1495 10544 282 285 7 14 0 385 13 13 389 0 10 0 0 1 93
1496 10546 282 284 6 14 0 385 13 13 388 0 11 0 0 1 93
1497 10544 283 285 6 14 0 385 13 13 388 0 11 0 0 1 93
1498 10540 285 287 6 14 0 385 13 13 388 0 11 0 0 1 93
1499 10547 282 283 6 14 0 385 13 13 387 0 12 0 0 1 93
1500 10549 281 282 6 14 0 385 13 13 387 0 12 0 0 1 93
