0 1979 195 0 0 0 0 0 0 0 0 0 0 0 0 0 0
1 11648 194 194 0 0 0 0 0 0 0 0 0 0 0 0 0
2 11648 194 194 0 0 0 0 0 0 0 0 0 0 0 0 0
3 11648 194 194 0 0 0 0 0 0 0 0 0 0 0 0 0
4 11647 194 194 1 0 0 0 0 0 0 0 0 0 0 0 0
5 11647 194 194 1 0 0 0 0 0 0 0 0 0 0 0 0
6 11651 192 192 1 0 0 0 0 0 0 0 0 0 0 0 0
7 11651 192 192 1 0 0 0 0 0 0 0 0 0 0 0 0
8 11651 192 192 1 0 0 0 0 0 0 0 0 0 0 0 0
9 11651 192 192 1 0 0 0 0 0 0 0 0 0 0 0 0
10 11653 191 191 1 0 0 0 0 0 0 0 0 0 0 0 0
11 11651 192 192 1 0 0 0 0 0 0 0 0 0 0 0 0
12 11653 191 191 1 0 0 0 0 0 0 0 0 0 0 0 0
13 11655 190 190 1 0 0 0 0 0 0 0 0 0 0 0 0
14 11653 191 191 1 0 0 0 0 0 0 0 0 0 0 0 0
15 11653 191 191 1 0 0 0 0 0 0 0 0 0 0 0 0
16 11651 192 192 1 0 0 0 0 0 0 0 0 0 0 0 0
17 11655 190 190 1 0 0 0 0 0 0 0 0 0 0 0 0
18 11657 189 189 1 0 0 0 0 0 0 0 0 0 0 0 0
19 11655 190 190 1 0 0 0 0 0 0 0 0 0 0 0 0
20 11657 189 189 1 0 0 0 0 0 0 0 0 0 0 0 0
21 11653 191 191 1 0 0 0 0 0 0 0 0 0 0 0 0
22 11655 190 190 1 0 0 0 0 0 0 0 0 0 0 0 0
23 11661 187 187 1 0 0 0 0 0 0 0 0 0 0 0 0
24 11661 187 187 1 0 0 0 0 0 0 0 0 0 0 0 0
25 11659 188 188 1 0 0 0 0 0 0 0 0 0 0 0 0
26 11655 190 190 1 0 0 0 0 0 0 0 0 0 0 0 0
27 11655 190 190 1 0 0 0 0 0 0 0 0 0 0 0 0
28 11656 189 189 2 0 0 0 0 0 0 0 0 0 0 0 0
29 11652 191 191 2 0 0 0 0 0 0 0 0 0 0 0 0
30 11646 194 194 2 0 0 0 0 0 0 0 0 0 0 0 0
31 11646 194 194 2 0 0 0 0 0 0 0 0 0 0 0 0
32 11640 196 196 4 0 0 0 0 0 0 0 0 0 0 0 0
33 11638 197 197 4 0 0 0 0 0 0 0 0 0 0 0 0
34 11636 198 198 4 0 0 0 0 0 0 0 0 0 0 0 0
35 11627 203 203 3 0 0 0 0 0 0 0 0 0 0 0 0
36 11625 204 204 3 0 0 0 0 0 0 0 0 0 0 0 0
37 11619 207 207 3 0 0 0 0 0 0 0 0 0 0 0 0
38 11599 217 217 3 0 0 0 0 0 0 0 0 0 0 0 0
39 11585 224 224 3 0 0 0 0 0 0 0 0 0 0 0 0
40 11585 224 224 3 0 0 0 0 0 0 0 0 0 0 0 0
41 11564 234 234 4 0 0 0 0 0 0 0 0 0 0 0 0
42 11556 238 238 4 0 0 0 0 0 0 0 0 0 0 0 0
43 11543 244 244 5 0 0 0 0 0 0 0 0 0 0 0 0
44 11528 252 252 4 0 0 0 0 0 0 0 0 0 0 0 0
45 11520 256 256 4 0 0 0 0 0 0 0 0 0 0 0 0
46 11512 260 260 4 0 0 0 0 0 0 0 0 0 0 0 0
47 11496 267 267 6 0 0 0 0 0 0 0 0 0 0 0 0
48 11488 270 270 8 0 0 0 0 0 0 0 0 0 0 0 0
49 11470 279 279 8 0 0 0 0 0 0 0 0 0 0 0 0
50 11466 281 281 8 0 0 0 0 0 0 0 0 0 0 0 0
51 11456 286 286 8 0 0 0 0 0 0 0 0 0 0 0 0
52 11439 294 294 9 0 0 0 0 0 0 0 0 0 0 0 0
53 11426 300 300 10 0 0 0 0 0 0 0 0 0 0 0 0
54 11414 306 306 10 0 0 0 0 0 0 0 0 0 0 0 0
55 11404 311 311 10 0 0 0 0 0 0 0 0 0 0 0 0
56 11390 318 318 10 0 0 0 0 0 0 0 0 0 0 0 0
57 11358 334 334 10 0 0 0 0 0 0 0 0 0 0 0 0
58 11354 336 336 10 0 0 0 0 0 0 0 0 0 0 0 0
59 11343 341 341 11 0 0 0 0 0 0 0 0 0 0 0 0
60 11329 348 348 11 0 0 0 0 0 0 0 0 0 0 0 0
61 11318 353 353 12 0 0 0 0 0 0 0 0 0 0 0 0
62 11304 360 360 12 0 0 0 0 0 0 0 0 0 0 0 0
63 11294 365 365 12 0 0 0 0 0 0 0 0 0 0 0 0
64 11277 373 373 13 0 0 0 0 0 0 0 0 0 0 0 0
65 11264 380 380 12 0 0 0 0 0 0 0 0 0 0 0 0
66 11253 385 385 13 0 0 0 0 0 0 0 0 0 0 0 0
67 11249 387 387 13 0 0 0 0 0 0 0 0 0 0 0 0
68 11237 392 391 14 0 0 1 0 0 0 0 1 0 0 0 0
69 11233 394 393 14 0 0 1 0 0 0 0 1 0 0 0 0
70 11225 398 397 14 0 0 1 0 0 0 0 1 0 0 0 0
71 11214 403 402 15 0 0 1 0 0 0 0 1 0 0 0 0
72 11202 409 408 15 0 0 1 0 0 0 0 1 0 0 0 0
73 11181 419 418 16 0 0 1 0 0 0 0 1 0 0 0 0
74 11175 422 421 16 0 0 1 0 0 0 0 1 0 0 0 0
75 11167 426 425 16 0 0 1 0 0 0 0 1 0 0 0 0
76 11162 428 427 17 0 0 1 0 0 0 0 1 0 0 0 0
77 11161 428 427 18 0 0 1 0 0 0 0 1 0 0 0 0
78 11145 436 435 18 0 0 1 0 0 0 0 1 0 0 0 0
79 11142 437 436 19 0 0 1 0 0 0 0 1 0 0 0 0
80 11122 447 446 19 0 0 1 0 0 0 0 1 0 0 0 0
81 11107 454 453 20 0 0 1 0 0 0 0 1 0 0 0 0
82 11093 461 460 20 0 0 1 0 0 0 0 1 0 0 0 0
83 11070 471 469 22 0 0 2 0 0 0 0 2 0 0 0 0
84 11064 474 472 22 0 0 2 0 0 0 0 2 0 0 0 0
85 11055 478 476 23 0 0 2 0 0 0 0 2 0 0 0 0
86 11050 480 478 24 0 0 2 0 0 0 0 2 0 0 0 0
87 11044 484 482 20 0 0 2 1 0 0 0 3 0 0 0 0
88 11036 488 486 20 0 0 2 1 0 0 0 3 0 0 0 0
89 11031 490 488 21 0 0 2 1 0 0 0 3 0 0 0 0
90 11017 497 495 21 0 0 2 1 0 0 0 3 0 0 0 0
91 11005 503 501 21 0 0 2 1 0 0 0 3 0 0 0 0
92 10991 510 508 21 0 0 2 1 0 0 0 3 0 0 0 0
93 10987 512 510 21 0 0 2 1 0 0 0 3 0 0 0 0
94 10983 514 512 21 0 0 2 1 0 0 0 3 0 0 0 0
95 10972 519 517 22 0 0 2 1 0 0 0 3 0 0 0 0
96 10966 522 520 22 0 0 2 1 0 0 0 3 0 0 0 0
97 10959 525 523 23 0 0 2 1 0 0 0 3 0 0 0 0
98 10953 528 526 23 0 0 2 1 0 0 0 3 0 0 0 0
99 10946 532 530 22 0 0 2 1 0 0 0 3 0 0 0 0
100 10941 535 533 21 0 0 2 1 0 0 0 3 0 0 0 0
101 10945 533 531 21 0 0 2 1 0 0 0 3 0 0 0 0
102 10937 537 534 20 0 0 3 1 0 0 0 4 0 0 0 0
103 10936 537 535 20 0 0 3 1 0 1 0 3 0 0 0 0
104 10937 536 534 21 0 0 3 1 0 1 0 3 0 0 0 0
105 10943 532 531 22 0 0 3 1 0 2 0 2 0 0 0 0
106 10937 535 534 22 0 0 3 1 0 2 0 2 0 0 0 0
107 10925 540 539 24 0 0 3 1 0 2 0 2 0 0 0 0
108 10910 546 545 27 0 0 3 1 0 2 0 2 0 0 0 0
109 10902 550 549 27 0 0 3 1 0 2 0 2 0 0 0 0
110 10897 553 552 26 0 0 3 1 0 2 0 2 0 0 0 0
111 10888 558 557 25 0 0 3 1 0 2 0 2 0 0 0 0
112 10890 557 556 25 0 0 3 1 0 2 0 2 0 0 0 0
113 10885 559 558 26 0 0 3 1 0 2 0 2 0 0 0 0
114 10878 563 562 25 0 0 3 1 0 2 0 2 0 0 0 0
115 10878 562 561 27 0 0 3 1 0 2 0 2 0 0 0 0
116 10872 564 563 29 0 0 3 1 0 2 0 2 0 0 0 0
117 10867 566 565 30 0 0 3 1 0 2 0 2 0 0 0 0
118 10857 570 569 32 0 0 3 1 0 2 0 2 0 0 0 0
119 10849 574 573 32 0 0 3 1 0 2 0 2 0 0 0 0
120 10844 577 576 31 0 0 3 1 0 2 0 2 0 0 0 0
121 10834 582 581 31 0 0 3 1 0 2 0 2 0 0 0 0
122 10840 579 578 31 0 0 3 1 0 2 0 2 0 0 0 0
123 10827 585 584 32 0 0 3 1 0 2 0 2 0 0 0 0
124 10818 589 588 33 0 0 3 1 0 2 0 2 0 0 0 0
125 10811 592 591 34 0 0 3 1 0 2 0 2 0 0 0 0
126 10809 593 592 34 0 0 3 1 0 2 0 2 0 0 0 0
127 10800 597 596 35 0 0 3 1 0 2 0 2 0 0 0 0
128 10799 597 596 36 0 0 3 1 0 2 0 2 0 0 0 0
129 10800 597 596 35 0 0 3 1 0 2 0 2 0 0 0 0
130 10796 598 597 37 0 0 3 1 0 2 0 2 0 0 0 0
131 10792 600 598 36 0 0 4 1 0 2 0 3 0 0 0 0
132 10794 599 597 36 0 0 4 1 0 2 0 3 0 0 0 0
133 10789 601 599 37 0 0 4 1 0 2 0 3 0 0 0 0
134 10779 605 602 38 0 0 5 1 0 2 0 4 0 0 0 0
135 10786 601 598 39 0 0 5 1 0 2 0 4 0 0 0 0
136 10777 606 603 38 0 0 5 1 0 2 0 4 0 0 0 0
137 10780 605 602 37 0 0 5 1 0 2 0 4 0 0 0 0
138 10778 606 603 37 0 0 5 1 0 2 0 4 0 0 0 0
139 10769 611 608 36 0 0 5 1 0 2 0 4 0 0 0 0
140 10762 614 611 37 0 0 5 1 0 2 0 4 0 0 0 0
141 10757 616 613 38 0 0 5 1 0 2 0 4 0 0 0 0
142 10756 617 614 37 0 0 5 1 0 2 0 4 0 0 0 0
143 10746 622 619 37 0 0 5 1 0 2 0 4 0 0 0 0
144 10736 627 624 37 0 0 5 1 0 2 0 4 0 0 0 0
145 10734 628 625 37 0 0 5 1 0 2 0 4 0 0 0 0
146 10724 632 629 39 0 0 5 1 0 2 0 4 0 0 0 0
147 10723 632 629 40 0 0 5 1 0 2 0 4 0 0 0 0
148 10712 637 634 41 0 0 5 1 0 2 0 4 0 0 0 0
149 10706 640 637 41 0 0 5 1 0 2 0 4 0 0 0 0
150 10698 644 641 41 0 0 5 1 0 2 0 4 0 0 0 0
151 10707 639 636 42 0 0 5 1 0 2 0 4 0 0 0 0
152 10702 641 638 43 0 0 5 1 0 2 0 4 0 0 0 0
153 10700 642 639 43 0 0 5 1 0 2 0 4 0 0 0 0
154 10706 640 637 41 0 0 5 1 0 2 0 4 0 0 0 0
155 10708 639 635 40 0 0 6 1 0 2 0 5 0 0 0 0
156 10709 638 634 41 0 0 6 1 0 2 0 5 0 0 0 0
157 10711 636 633 42 0 0 6 1 0 3 0 4 0 0 0 0
158 10704 638 635 45 0 0 6 1 0 3 0 4 0 0 0 0
159 10701 640 637 44 0 0 6 1 0 3 0 4 0 0 0 0
160 10707 637 634 44 0 0 6 1 0 3 0 4 0 0 0 0
161 10711 635 632 44 0 0 6 1 0 3 0 4 0 0 0 0
162 10702 640 637 43 0 0 6 1 0 3 0 4 0 0 0 0
163 10703 639 636 44 0 0 6 1 0 3 0 4 0 0 0 0
164 10693 644 641 44 0 0 6 1 0 3 0 4 0 0 0 0
165 10692 644 641 45 0 0 6 1 0 3 0 4 0 0 0 0
166 10691 644 641 46 0 0 6 1 0 3 0 4 0 0 0 0
167 10689 645 642 46 0 0 6 1 0 3 0 4 0 0 0 0
168 10686 646 643 47 0 0 6 1 0 3 0 4 0 0 0 0
169 10685 647 644 46 0 0 6 1 0 3 0 4 0 0 0 0
170 10682 649 645 44 0 0 7 1 0 3 0 5 0 0 0 0
171 10682 649 645 44 0 0 7 1 0 3 0 5 0 0 0 0
172 10683 648 644 45 0 0 7 1 0 3 0 5 0 0 0 0
173 10677 651 647 45 0 0 7 1 0 3 0 5 0 0 0 0
174 10675 652 648 45 0 0 7 1 0 3 0 5 0 0 0 0
175 10665 657 653 45 0 0 7 1 0 3 0 5 0 0 0 0
176 10667 656 652 45 0 0 7 1 0 3 0 5 0 0 0 0
177 10655 661 657 47 0 0 7 1 0 3 0 5 0 0 0 0
178 10655 661 657 47 0 0 7 1 0 3 0 5 0 0 0 0
179 10659 659 655 47 0 0 7 1 0 3 0 5 0 0 0 0
180 10666 656 652 46 0 0 7 1 0 3 0 5 0 0 0 0
181 10677 651 646 44 0 0 8 1 0 3 0 6 0 0 0 0
182 10677 651 646 44 0 0 8 1 0 3 0 6 0 0 0 0
183 10677 651 646 44 0 0 8 1 0 3 0 6 0 0 0 0
184 10677 651 646 44 0 0 8 1 0 3 0 6 0 0 0 0
185 10680 649 644 45 0 0 8 1 0 3 0 6 0 0 0 0
186 10675 650 645 48 0 0 8 1 0 3 0 6 0 0 0 0
187 10669 653 648 48 0 0 8 1 0 3 0 6 0 0 0 0
188 10660 658 653 47 0 0 8 1 0 3 0 6 0 0 0 0
189 10663 655 650 50 0 0 8 1 0 3 0 6 0 0 0 0
190 10656 658 654 50 0 0 8 1 0 4 0 5 0 0 0 0
191 10650 661 657 50 0 0 8 1 0 4 0 5 0 0 0 0
192 10653 660 656 49 0 0 8 1 0 4 0 5 0 0 0 0
193 10651 661 657 49 0 0 8 1 0 4 0 5 0 0 0 0
194 10650 661 657 50 0 0 8 1 0 4 0 5 0 0 0 0
195 10647 663 659 49 0 0 8 1 0 4 0 5 0 0 0 0
196 10638 667 663 50 0 0 8 1 0 4 0 5 0 0 0 0
197 10636 668 664 50 0 0 8 1 0 4 0 5 0 0 0 0
198 10640 666 662 50 0 0 8 1 0 4 0 5 0 0 0 0
199 10637 667 663 51 0 0 8 1 0 4 0 5 0 0 0 0
200 10630 671 667 50 0 0 8 1 0 4 0 5 0 0 0 0
201 10624 674 670 50 0 0 8 1 0 4 0 5 0 0 0 0
202 10622 675 671 50 0 0 8 1 0 4 0 5 0 0 0 0
203 10626 673 669 50 0 0 8 1 0 4 0 5 0 0 0 0
204 10627 672 668 51 0 0 8 1 0 4 0 5 0 0 0 0
205 10636 669 666 47 0 0 8 1 0 5 0 4 0 0 0 0
206 10643 667 664 44 0 0 8 1 0 5 0 4 0 0 0 0
207 10638 670 667 43 0 0 8 1 0 5 0 4 0 0 0 0
208 10637 670 667 44 0 0 8 1 0 5 0 4 0 0 0 0
209 10640 669 666 43 0 0 8 1 0 5 0 4 0 0 0 0
210 10640 670 667 41 0 0 8 1 0 5 0 4 0 0 0 0
211 10638 671 668 41 0 0 8 1 0 5 0 4 0 0 0 0
212 10639 670 667 42 0 0 8 1 0 5 0 4 0 0 0 0
213 10636 672 669 41 0 0 8 1 0 5 0 4 0 0 0 0
214 10627 675 672 44 0 0 8 1 0 5 0 4 0 0 0 0
215 10627 675 671 43 0 0 9 1 0 5 0 5 0 0 0 0
216 10627 675 671 43 0 0 9 1 0 5 0 5 0 0 0 0
217 10632 672 669 43 0 0 9 1 0 6 0 4 0 0 0 0
218 10641 667 664 44 0 0 9 1 0 6 0 4 0 0 0 0
219 10646 664 661 45 0 0 9 1 0 6 0 4 0 0 0 0
220 10642 666 663 45 0 0 9 1 0 6 0 4 0 0 0 0
221 10644 665 661 44 0 0 10 1 0 6 0 5 0 0 0 0
222 10642 667 663 42 0 0 10 1 0 6 0 5 0 0 0 0
223 10636 671 667 40 0 0 10 1 0 6 0 5 0 0 0 0
224 10627 676 672 39 0 0 10 1 0 6 0 5 0 0 0 0
225 10620 679 675 40 0 0 10 1 0 6 0 5 0 0 0 0
226 10619 679 675 41 0 0 10 1 0 6 0 5 0 0 0 0
227 10620 678 674 42 0 0 10 1 0 6 0 5 0 0 0 0
228 10617 679 675 43 0 0 10 1 0 6 0 5 0 0 0 0
229 10618 678 674 44 0 0 10 1 0 6 0 5 0 0 0 0
230 10602 685 681 46 0 0 10 1 0 6 0 5 0 0 0 0
231 10598 687 683 46 0 0 10 1 0 6 0 5 0 0 0 0
232 10596 688 684 46 0 0 10 1 0 6 0 5 0 0 0 0
233 10583 694 690 47 0 0 10 1 0 6 0 5 0 0 0 0
234 10579 696 692 47 0 0 10 1 0 6 0 5 0 0 0 0
235 10570 701 696 45 0 0 11 1 0 6 0 6 0 0 0 0
236 10559 706 701 46 0 0 11 1 0 6 0 6 0 0 0 0
237 10557 707 702 46 0 0 11 1 0 6 0 6 0 0 0 0
238 10554 708 703 47 0 0 11 1 0 6 0 6 0 0 0 0
239 10551 709 704 48 0 0 11 1 0 6 0 6 0 0 0 0
240 10545 711 705 49 0 0 12 1 0 6 0 7 0 0 0 0
241 10531 718 712 49 0 0 12 1 0 6 0 7 0 0 0 0
242 10516 725 718 49 1 0 12 1 1 5 0 8 0 0 0 0
243 10498 733 726 51 1 0 12 1 1 5 0 8 0 0 0 0
244 10482 740 733 53 1 0 12 1 1 5 0 8 0 0 0 0
245 10471 745 738 54 1 0 12 1 1 5 0 8 0 0 0 0
246 10460 750 742 54 1 0 13 1 1 5 0 9 0 0 0 0
247 10450 755 747 54 1 0 13 1 1 5 0 9 0 0 0 0
248 10440 760 752 54 1 0 13 1 1 5 0 9 0 0 0 0
249 10429 765 757 55 1 0 13 1 1 5 0 9 0 0 0 0
250 10403 778 770 55 1 0 13 1 1 5 0 9 0 0 0 0
251 10390 784 776 56 1 0 13 1 1 5 0 9 0 0 0 0
252 10393 781 772 58 1 0 14 1 1 5 0 10 0 0 0 0
253 10382 787 778 57 1 0 14 1 1 5 0 10 0 0 0 0
254 10372 792 783 57 1 0 14 1 1 5 0 10 0 0 0 0
255 10365 796 787 56 1 0 14 1 1 5 0 10 0 0 0 0
256 10363 797 787 55 1 0 15 1 1 5 0 11 0 0 0 0
257 10367 795 785 55 1 0 15 1 1 5 0 11 0 0 0 0
258 10358 799 789 56 1 0 15 1 1 5 0 11 0 0 0 0
259 10331 812 802 57 1 0 15 1 1 5 0 11 0 0 0 0
260 10321 817 807 57 1 0 15 1 1 5 0 11 0 0 0 0
261 10315 820 810 57 1 0 15 1 1 5 0 11 0 0 0 0
262 10311 822 812 57 1 0 15 1 1 5 0 11 0 0 0 0
263 10307 823 814 58 1 0 15 1 1 6 0 10 0 0 0 0
264 10292 830 821 59 1 0 15 1 1 6 0 10 0 0 0 0
265 10287 833 823 57 1 0 16 1 1 6 0 11 0 0 0 0
266 10269 841 831 59 1 0 16 1 1 6 0 11 0 0 0 0
267 10252 850 840 58 1 0 16 1 1 6 0 11 0 0 0 0
268 10240 856 846 58 1 0 16 1 1 6 0 11 0 0 0 0
269 10228 862 852 58 1 0 16 1 1 6 0 11 0 0 0 0
270 10229 860 850 61 1 0 16 1 1 6 0 11 0 0 0 0
271 10214 868 857 59 1 0 17 1 1 6 0 12 0 0 0 0
272 10207 871 860 60 1 0 17 1 1 6 0 12 0 0 0 0
273 10194 875 864 65 1 0 17 1 1 6 0 12 0 0 0 0
274 10177 884 873 64 1 0 17 1 1 6 0 12 0 0 0 0
275 10174 885 874 65 1 0 17 1 1 6 0 12 0 0 0 0
276 10171 886 875 66 1 0 17 1 1 6 0 12 0 0 0 0
277 10160 890 881 67 1 0 16 2 1 7 0 11 0 0 0 0
278 10150 895 886 67 1 0 16 2 1 7 0 11 0 0 0 0
279 10128 905 896 69 1 0 16 2 1 7 0 11 0 0 0 0
280 10124 907 898 69 1 0 16 2 1 7 0 11 0 0 0 0
281 10112 914 905 67 1 0 16 2 1 7 0 11 0 0 0 0
282 10096 922 912 66 1 0 17 2 1 7 0 12 0 0 0 0
283 10097 919 909 71 1 0 17 2 1 7 0 12 0 0 0 0
284 10087 925 915 69 1 0 17 2 1 7 0 12 0 0 0 0
285 10086 925 915 70 1 0 17 2 1 7 0 12 0 0 0 0
286 10086 924 913 71 1 0 18 2 1 7 0 13 0 0 0 0
287 10087 922 912 73 1 0 18 2 1 8 0 12 0 0 0 0
288 10083 924 914 73 1 0 18 2 1 8 0 12 0 0 0 0
289 10078 926 916 74 1 0 18 2 1 8 0 12 0 0 0 0
290 10078 925 915 76 1 0 18 2 1 8 0 12 0 0 0 0
291 10068 928 917 79 1 0 19 2 1 8 0 13 0 0 0 0
292 10067 929 918 78 1 0 19 2 1 8 0 13 0 0 0 0
293 10059 931 920 82 1 0 19 2 1 8 0 13 0 0 0 0
294 10054 934 923 81 1 0 19 2 1 8 0 13 0 0 0 0
295 10055 932 921 84 1 0 19 2 1 8 0 13 0 0 0 0
296 10045 936 925 86 1 0 19 2 1 8 0 13 0 0 0 0
297 10047 935 924 84 1 0 20 2 1 9 0 13 0 0 0 0
298 10040 939 928 83 1 0 20 2 1 9 0 13 0 0 0 0
299 10031 942 930 85 1 0 21 2 1 9 0 14 0 0 0 0
300 10030 942 930 86 1 0 21 2 1 9 0 14 0 0 0 0
301 10018 947 935 88 1 0 21 2 1 9 0 14 0 0 0 0
302 10010 951 939 88 1 0 21 2 1 9 0 14 0 0 0 0
303 10004 953 941 88 1 0 21 3 1 9 0 15 0 0 0 0
304 9997 957 945 87 1 0 21 3 1 9 0 15 0 0 0 0
305 9993 960 947 84 1 0 22 3 1 9 0 16 0 0 0 0
306 9989 962 948 81 1 0 24 3 1 10 0 17 0 0 0 0
307 9971 970 956 83 1 0 24 3 1 10 0 17 0 0 0 0
308 9969 970 956 85 1 0 24 3 1 10 0 17 0 0 0 0
309 9974 969 955 82 1 0 24 3 1 10 0 17 0 0 0 0
310 9971 969 955 85 1 0 24 3 1 10 0 17 0 0 0 0
311 9976 966 952 86 1 0 24 3 1 10 0 17 0 0 0 0
312 9974 967 953 86 1 0 24 3 1 10 0 17 0 0 0 0
313 9974 965 951 88 1 0 24 4 1 10 0 18 0 0 0 0
314 9972 965 951 90 1 0 24 4 1 10 0 18 0 0 0 0
315 9971 966 952 89 1 0 24 4 1 10 0 18 0 0 0 0
316 9966 968 954 90 1 0 24 4 1 10 0 18 0 0 0 0
317 9959 972 957 88 1 0 25 4 1 10 0 19 0 0 0 0
318 9971 966 949 86 1 0 27 4 1 10 0 21 0 0 0 0
319 9978 963 946 85 1 0 27 4 1 10 0 21 0 0 0 0
320 9971 965 948 88 1 0 27 4 1 10 0 21 0 0 0 0
321 9961 969 952 90 1 0 27 4 1 10 0 21 0 0 0 0
322 9949 975 958 90 1 0 27 4 1 10 0 21 0 0 0 0
323 9958 968 950 94 1 0 28 4 1 10 0 22 0 0 0 0
324 9945 974 957 94 1 0 28 4 1 11 0 21 0 0 0 0
325 9943 976 959 92 1 0 28 4 1 11 0 21 0 0 0 0
326 9934 981 964 91 1 0 28 4 1 11 0 21 0 0 0 0
327 9932 982 965 91 1 0 28 4 1 11 0 21 0 0 0 0
328 9940 979 961 88 1 0 29 4 1 11 0 22 0 0 0 0
329 9936 982 964 86 1 0 29 4 1 11 0 22 0 0 0 0
330 9938 980 962 88 1 0 29 4 1 11 0 22 0 0 0 0
331 9948 974 956 90 1 0 29 4 1 11 0 22 0 0 0 0
332 9952 973 954 89 1 0 30 3 1 11 0 22 0 0 0 0
333 9952 971 954 89 0 1 31 3 1 13 0 21 0 0 0 0
334 9941 975 959 91 0 1 31 3 1 14 0 20 0 0 0 0
335 9950 971 955 90 0 1 31 3 1 14 0 20 0 0 0 0
336 9951 970 954 91 0 1 31 3 1 14 0 20 0 0 0 0
337 9956 968 953 89 0 1 31 3 1 15 0 19 0 0 0 0
338 9959 964 951 92 0 1 31 3 1 17 0 17 0 0 0 0
339 9962 963 950 91 0 1 31 3 1 17 0 17 0 0 0 0
340 9958 964 951 93 0 1 31 3 1 17 0 17 0 0 0 0
341 9956 965 952 93 0 1 31 3 1 17 0 17 0 0 0 0
342 9958 963 950 95 0 1 31 3 1 17 0 17 0 0 0 0
343 9954 965 952 95 0 1 31 3 1 17 0 17 0 0 0 0
344 9940 971 958 95 0 1 31 4 1 17 0 18 0 0 0 0
345 9939 971 958 96 0 1 31 4 1 17 0 18 0 0 0 0
346 9935 972 959 98 0 1 31 4 1 17 0 18 0 0 0 0
347 9933 972 959 100 0 1 31 4 1 17 0 18 0 0 0 0
348 9921 977 964 102 0 1 31 4 1 17 0 18 0 0 0 0
349 9920 979 965 98 0 1 32 4 1 17 0 19 0 0 0 0
350 9919 979 965 99 0 1 32 4 1 17 0 19 0 0 0 0
351 9907 985 971 99 0 1 32 4 1 17 0 19 0 0 0 0
352 9898 989 975 100 0 1 32 4 1 17 0 19 0 0 0 0
353 9895 990 976 101 0 1 32 4 1 17 0 19 0 0 0 0
354 9902 987 973 100 0 1 32 4 1 17 0 19 0 0 0 0
355 9894 991 975 100 0 1 33 4 1 16 0 21 0 0 0 0
356 9900 990 974 96 0 1 33 4 1 16 0 21 0 0 0 0
357 9909 986 970 95 0 1 33 4 1 16 0 21 0 0 0 0
358 9909 986 970 95 0 1 33 4 1 16 0 21 0 0 0 0
359 9907 987 972 94 0 1 33 4 1 17 0 20 0 0 0 0
360 9911 985 970 94 0 1 33 4 1 17 0 20 0 0 0 0
361 9920 981 966 93 0 1 33 4 1 17 0 20 0 0 0 0
362 9925 979 964 92 0 1 33 4 1 17 0 20 0 0 0 0
363 9917 984 967 90 0 1 35 3 1 17 0 21 0 0 0 0
364 9921 982 965 90 0 1 35 3 1 17 0 21 0 0 0 0
365 9920 982 965 91 0 1 35 3 1 17 0 21 0 0 0 0
366 9921 981 964 92 0 1 35 3 1 17 0 21 0 0 0 0
367 9932 975 959 92 0 1 34 4 1 17 0 21 0 0 0 0
368 9912 983 967 96 0 1 34 4 1 17 0 21 0 0 0 0
369 9902 988 972 96 0 1 34 4 1 17 0 21 0 0 0 0
370 9893 992 975 96 0 1 35 4 1 17 0 22 0 0 0 0
371 9887 994 976 97 0 1 36 4 1 17 0 23 0 0 0 0
372 9885 994 976 99 0 1 36 4 1 17 0 23 0 0 0 0
373 9896 989 971 98 0 1 36 4 1 17 0 23 0 0 0 0
374 9893 991 973 97 0 1 36 4 1 17 0 23 0 0 0 0
375 9891 993 975 95 0 1 36 4 1 17 0 23 0 0 0 0
376 9894 992 974 94 0 1 36 4 1 17 0 23 0 0 0 0
377 9915 982 964 93 0 1 36 4 1 17 0 23 0 0 0 0
378 9923 978 961 92 0 1 36 4 1 18 0 22 0 0 0 0
379 9932 973 956 93 0 1 36 4 1 18 0 22 0 0 0 0
380 9930 974 957 93 0 1 36 4 1 18 0 22 0 0 0 0
381 9933 973 956 92 0 1 36 4 1 18 0 22 0 0 0 0
382 9937 971 954 92 0 1 36 4 1 18 0 22 0 0 0 0
383 9933 973 956 91 0 1 36 4 1 18 0 22 0 0 0 1
384 9931 974 957 91 0 1 36 4 1 18 0 22 0 0 0 1
385 9935 972 955 91 0 1 36 4 1 18 0 22 0 0 0 1
386 9925 977 959 90 0 1 37 4 1 18 0 23 0 0 0 1
387 9922 978 960 91 0 1 37 4 1 18 0 23 0 0 0 1
388 9924 977 957 89 0 1 39 4 1 18 0 25 0 0 0 1
389 9920 978 958 91 0 1 39 4 1 18 0 25 0 0 0 1
390 9915 981 960 89 0 1 40 4 1 18 0 26 0 0 0 1
391 9925 976 955 89 0 1 40 4 1 18 0 26 0 0 0 1
392 9933 972 951 89 0 1 40 4 1 18 0 26 0 0 0 1
393 9941 968 947 89 0 1 40 4 1 18 0 26 0 0 0 1
394 9935 971 949 88 0 1 41 4 1 18 0 27 0 0 0 1
395 9928 975 954 86 0 1 41 4 1 19 0 26 0 0 0 1
396 9927 975 954 87 0 1 41 4 1 19 0 26 0 0 0 1
397 9919 978 957 89 0 1 41 4 1 19 0 26 0 0 0 1
398 9921 977 956 89 0 1 41 4 1 19 0 26 0 0 0 1
399 9921 977 956 89 0 1 41 4 1 19 0 26 0 0 0 1
400 9939 970 949 85 0 1 41 4 1 19 0 26 0 0 0 1
401 9932 973 953 85 0 1 40 5 1 19 0 26 0 0 0 1
402 9934 970 951 88 0 1 40 5 1 20 0 25 0 0 0 1
403 9925 973 954 91 0 1 40 5 1 20 0 25 0 0 0 1
404 9927 972 953 91 0 1 40 5 1 20 0 25 0 0 0 1
405 9931 971 951 90 0 1 40 5 1 19 0 26 0 0 0 1
406 9942 967 947 87 0 1 40 5 1 19 0 26 0 0 0 1
407 9938 968 947 88 0 1 41 5 1 19 0 27 0 0 0 1
408 9945 965 943 87 0 1 42 4 1 19 0 27 0 0 0 2
409 9949 964 942 85 0 1 42 4 1 19 0 27 0 0 0 2
410 9957 959 937 87 0 1 42 4 1 19 0 27 0 0 0 2
411 9955 960 938 87 0 1 42 4 1 19 0 27 0 0 0 2
412 9950 963 941 86 0 1 42 4 1 19 0 27 0 0 0 2
413 9941 967 945 87 0 1 42 4 1 19 0 27 0 0 0 2
414 9931 972 950 87 0 1 42 4 1 19 0 27 0 0 0 2
415 9928 974 952 86 0 1 42 4 1 19 0 27 0 0 0 2
416 9936 971 949 84 0 1 42 4 1 19 0 27 0 0 0 2
417 9934 972 949 84 0 0 43 4 1 19 0 27 0 1 0 2
418 9931 973 951 84 0 0 43 4 1 20 0 26 0 1 0 2
419 9932 973 951 83 0 0 44 3 1 21 0 25 0 1 0 2
420 9924 977 955 83 0 0 44 3 1 21 0 25 0 1 0 2
421 9924 978 955 80 0 0 45 3 1 21 0 26 0 1 0 2
422 9919 981 957 78 0 0 46 3 1 21 0 27 0 1 0 2
423 9927 977 953 78 0 0 46 3 1 21 0 27 0 1 0 2
424 9934 974 950 77 0 0 46 3 1 21 0 27 0 1 0 2
425 9934 972 948 81 0 0 46 3 1 21 0 27 0 1 0 2
426 9927 975 951 82 0 0 46 3 1 21 0 27 0 1 0 2
427 9911 982 958 84 0 0 46 3 1 21 0 27 0 1 0 2
428 9895 989 965 84 0 0 47 3 1 22 0 27 0 1 0 2
429 9900 985 961 85 0 0 48 3 1 23 0 27 0 1 0 2
430 9894 988 964 85 0 0 48 3 1 23 0 27 0 1 0 2
431 9887 991 967 86 0 0 48 3 1 23 0 27 0 1 0 2
432 9881 995 970 83 0 0 49 3 1 23 0 28 0 1 0 2
433 9879 995 971 84 0 0 48 4 1 23 0 28 0 1 0 2
434 9865 1001 977 86 0 0 48 4 1 23 0 28 0 1 0 2
435 9851 1007 984 87 0 0 47 5 1 23 0 28 0 1 0 2
436 9826 1019 996 88 0 0 47 5 1 23 0 28 0 1 0 2
437 9832 1016 993 88 0 0 47 5 1 23 0 28 0 1 0 2
438 9828 1016 995 90 0 0 47 5 1 25 0 26 0 1 0 2
439 9827 1015 994 93 0 0 47 5 1 25 0 26 0 1 0 2
440 9820 1019 998 92 0 0 47 5 1 25 0 26 0 1 0 2
441 9816 1020 999 94 0 0 47 5 1 25 0 26 0 1 0 2
442 9804 1025 1004 96 0 0 47 5 1 25 0 26 0 1 0 2
443 9799 1027 1005 96 0 0 48 5 1 25 0 27 0 1 0 2
444 9785 1034 1012 96 0 0 48 5 1 25 0 27 0 1 0 2
445 9769 1042 1020 96 0 0 48 5 1 25 0 27 0 1 0 2
446 9756 1048 1027 96 0 0 48 5 1 26 0 26 0 1 0 2
447 9750 1050 1029 98 0 0 48 5 1 26 0 26 0 1 0 2
448 9745 1054 1030 94 0 0 50 5 1 25 0 29 0 1 0 2
449 9733 1060 1036 94 0 0 50 5 1 25 0 29 0 1 0 2
450 9731 1060 1035 95 0 0 51 5 1 25 0 30 0 1 0 2
451 9728 1060 1035 98 0 0 51 5 1 25 0 30 0 1 0 2
452 9732 1058 1034 97 0 0 51 5 1 26 0 29 0 1 0 2
453 9722 1062 1039 98 0 0 51 5 1 27 0 28 0 1 0 2
454 9719 1063 1040 99 0 0 51 5 1 27 0 28 0 1 0 2
455 9702 1069 1046 104 0 0 51 5 1 27 0 28 0 1 0 2
456 9693 1073 1047 102 0 0 54 5 1 27 0 31 0 1 0 2
457 9686 1077 1049 101 0 0 56 4 1 27 0 32 0 1 0 2
458 9686 1075 1047 105 0 0 56 4 1 27 0 32 0 1 0 2
459 9662 1086 1058 107 0 0 56 4 1 27 0 32 0 1 0 2
460 9657 1089 1061 106 0 0 56 4 1 27 0 32 0 1 0 2
461 9641 1096 1067 107 0 0 57 4 1 27 0 33 0 1 0 2
462 9628 1102 1074 107 0 0 57 4 1 28 0 32 0 1 0 2
463 9605 1114 1087 105 0 0 57 4 1 29 0 31 0 1 0 2
464 9582 1122 1095 112 0 0 57 4 1 29 0 31 0 1 0 2
465 9566 1129 1103 113 0 0 57 4 1 30 0 30 0 1 0 2
466 9558 1132 1104 113 0 0 59 4 1 30 0 32 0 1 0 2
467 9547 1136 1108 116 0 0 59 4 1 30 0 32 0 1 0 2
468 9535 1141 1114 117 0 0 58 5 1 30 0 32 0 1 0 2
469 9528 1143 1115 119 0 0 59 5 1 30 0 33 0 1 0 2
470 9530 1141 1112 120 0 0 60 5 1 30 0 34 0 1 0 2
471 9527 1142 1113 119 0 0 60 6 1 30 0 35 0 1 0 2
472 9524 1143 1114 120 0 0 60 6 1 30 0 35 0 1 0 2
473 9501 1152 1121 123 0 0 62 6 1 30 0 37 0 1 0 2
474 9480 1162 1130 123 0 0 63 6 1 30 0 38 0 1 0 2
475 9450 1175 1144 126 0 0 62 7 1 30 0 38 0 1 0 2
476 9432 1184 1155 124 0 0 61 8 1 31 0 37 0 1 0 2
477 9431 1184 1154 124 0 0 62 8 1 31 0 38 0 1 0 2
478 9422 1187 1155 125 0 0 64 8 1 31 0 40 0 1 0 2
479 9418 1189 1156 124 0 0 65 8 1 31 0 41 0 1 0 2
480 9400 1198 1163 126 0 0 66 7 1 30 0 42 0 1 0 2
481 9396 1200 1165 126 0 0 66 7 1 30 0 42 0 1 0 2
482 9391 1201 1166 129 0 0 66 7 1 30 0 42 0 1 0 2
483 9384 1206 1170 126 0 0 67 6 1 30 0 42 0 1 0 3
484 9381 1206 1170 126 0 0 68 6 1 31 0 42 0 1 0 4
485 9377 1207 1172 127 0 0 68 6 1 32 0 41 0 1 0 4
486 9370 1209 1173 127 0 0 69 7 1 32 0 43 0 1 0 4
487 9361 1214 1176 126 0 0 71 6 1 32 0 44 0 1 0 4
488 9360 1214 1174 125 0 0 73 6 1 32 0 46 0 1 0 4
489 9348 1218 1179 128 0 0 73 6 1 33 0 45 0 1 0 4
490 9349 1218 1178 126 0 0 74 6 1 33 0 46 0 1 0 4
491 9334 1225 1184 126 0 0 75 6 1 33 0 47 0 1 0 4
492 9320 1232 1190 123 0 0 76 7 1 33 0 49 0 1 0 4
493 9314 1233 1193 125 0 0 76 7 1 35 0 47 0 1 0 4
494 9305 1236 1195 125 0 0 76 9 1 34 0 50 0 1 0 4
495 9299 1237 1196 129 0 0 76 9 1 34 0 50 0 1 0 4
496 9297 1238 1197 129 0 0 76 9 1 34 0 50 0 1 0 4
497 9296 1237 1195 131 0 0 77 9 1 34 0 51 0 1 0 4
498 9294 1237 1195 131 0 0 77 10 1 34 0 52 0 1 0 4
499 9281 1243 1201 132 0 0 77 10 1 34 0 52 0 1 0 4
500 9267 1249 1207 134 0 0 77 10 1 34 0 52 0 1 0 4
501 9268 1246 1205 138 0 0 77 10 1 35 0 51 0 1 0 4
502 9267 1245 1204 141 0 0 77 10 1 35 0 51 0 1 0 4
503 9266 1247 1206 138 0 0 77 10 1 35 0 51 0 1 0 4
504 9265 1247 1205 138 0 0 78 10 1 35 0 52 0 1 0 4
505 9263 1248 1206 138 0 0 78 10 1 35 0 52 0 1 0 4
506 9253 1252 1211 139 0 0 78 10 1 36 0 51 0 1 0 4
507 9247 1256 1214 138 0 0 79 9 1 36 0 51 0 1 0 4
508 9249 1253 1208 141 0 0 82 8 1 36 0 53 0 1 0 4
509 9239 1257 1211 140 0 0 84 8 1 37 0 54 0 1 0 4
510 9232 1260 1214 139 0 0 85 8 1 38 0 54 0 1 0 4
511 9227 1262 1216 138 0 0 85 9 1 38 0 55 0 1 0 4
512 9224 1262 1216 141 0 0 85 9 1 38 0 55 0 1 0 4
513 9228 1262 1217 136 0 0 85 9 1 39 0 54 0 1 0 4
514 9219 1265 1220 139 0 0 85 9 1 39 0 54 0 1 0 4
515 9210 1267 1221 143 0 0 86 9 1 39 0 55 0 1 0 4
516 9203 1267 1223 148 0 0 86 9 1 41 0 53 0 1 0 4
517 9204 1266 1222 149 0 0 86 9 1 41 0 53 0 1 0 4
518 9195 1273 1228 143 0 0 87 9 1 41 0 54 0 1 0 4
519 9194 1271 1227 147 0 0 87 9 1 42 0 53 0 1 0 4
520 9195 1269 1225 150 0 0 87 9 1 42 0 53 0 1 0 4
521 9193 1270 1225 149 0 0 88 9 1 42 0 54 0 1 0 4
522 9187 1271 1227 152 0 0 87 10 1 42 0 54 0 1 0 4
523 9181 1274 1230 152 0 0 87 10 1 42 0 54 0 1 0 4
524 9180 1274 1231 152 0 0 87 10 1 43 0 53 0 1 0 4
525 9177 1275 1232 153 0 0 87 10 1 43 0 53 0 1 0 4
526 9175 1275 1232 155 0 0 87 10 1 43 0 53 0 1 0 4
527 9169 1278 1235 155 0 0 87 10 1 43 0 53 0 1 0 4
528 9166 1280 1236 155 0 0 88 9 1 43 0 53 0 1 0 4
529 9155 1285 1241 156 0 0 88 9 1 43 0 53 0 1 0 4
530 9163 1282 1238 154 0 0 88 9 1 43 0 53 0 1 0 4
531 9160 1284 1241 152 0 0 87 10 1 43 0 53 0 1 0 4
532 9156 1287 1244 150 0 0 87 10 1 43 0 53 0 1 0 4
533 9154 1288 1246 149 0 0 87 10 1 44 0 52 0 1 0 4
534 9157 1285 1245 150 0 0 86 11 1 45 0 51 0 1 0 4
535 9162 1280 1240 155 0 0 86 11 1 45 0 51 0 1 0 4
536 9164 1279 1239 155 0 0 86 11 1 45 0 51 0 1 0 4
537 9163 1280 1239 153 0 0 88 10 1 46 0 51 0 1 0 4
538 9153 1284 1242 154 0 0 89 10 1 46 0 52 0 1 0 4
539 9130 1296 1254 153 0 0 89 10 1 46 0 52 0 1 0 4
540 9118 1302 1261 152 0 0 89 10 1 47 0 51 0 1 0 4
541 9111 1304 1262 152 0 0 91 10 1 48 0 52 0 1 0 4
542 9113 1303 1260 151 0 0 92 10 1 48 0 53 0 1 0 4
543 9122 1298 1253 150 0 0 94 10 1 48 0 55 0 1 0 4
544 9114 1301 1257 151 0 0 94 10 1 49 0 54 0 1 0 4
545 9111 1301 1257 154 0 0 95 9 1 50 0 53 0 1 0 4
546 9117 1299 1255 152 0 0 95 9 1 50 0 53 0 1 0 4
547 9118 1299 1255 151 0 0 95 9 1 50 0 53 0 1 0 4
548 9108 1303 1259 153 0 0 95 9 1 50 0 53 0 1 0 4
549 9111 1301 1258 153 0 0 95 9 1 51 0 52 0 1 0 4
550 9118 1297 1254 154 0 0 95 9 1 51 0 52 0 1 0 4
551 9113 1300 1256 154 0 0 96 8 1 51 0 52 0 1 0 4
552 9110 1302 1259 152 0 0 96 8 1 52 0 51 0 1 0 4
553 9109 1302 1259 153 0 0 96 8 1 52 0 51 0 1 0 4
554 9107 1305 1261 150 0 0 96 8 1 51 0 52 0 1 0 4
555 9101 1309 1264 147 0 0 97 8 1 51 0 53 0 1 0 4
556 9100 1311 1267 143 0 0 97 8 1 52 0 52 0 1 0 4
557 9098 1310 1267 146 0 0 96 9 1 52 0 52 0 1 0 4
558 9089 1312 1270 150 0 0 95 10 1 52 0 52 0 1 0 4
559 9098 1308 1266 149 0 0 96 9 1 53 0 51 0 1 0 4
560 9093 1309 1267 150 0 0 97 9 1 54 0 51 0 1 0 4
561 9095 1307 1265 152 0 0 97 9 1 54 0 51 0 1 0 4
562 9098 1305 1263 153 0 0 98 8 1 55 0 50 0 1 0 4
563 9113 1298 1256 152 0 0 98 8 1 55 0 50 0 1 0 4
564 9119 1293 1252 155 0 0 98 8 1 56 0 49 0 1 0 4
565 9129 1288 1247 155 0 0 98 8 1 56 0 49 0 1 0 4
566 9118 1293 1253 155 0 0 98 8 1 57 0 48 0 1 0 4
567 9117 1293 1252 154 0 0 99 8 1 57 0 49 0 1 0 5
568 9126 1289 1248 153 0 0 99 8 1 57 0 49 0 1 0 5
569 9138 1284 1243 151 0 0 99 8 1 57 0 49 0 1 0 5
570 9141 1284 1242 149 0 0 100 7 1 57 0 49 0 1 0 5
571 9133 1287 1245 151 0 0 100 7 1 57 0 49 0 1 0 5
572 9145 1280 1239 152 0 0 100 7 1 58 0 48 0 1 0 5
573 9136 1283 1242 155 0 0 101 6 1 59 0 47 0 1 0 5
574 9147 1277 1236 156 0 0 101 6 1 59 0 47 0 1 0 5
575 9135 1283 1242 156 0 0 101 6 1 59 0 47 0 1 0 5
576 9134 1283 1243 156 0 0 101 6 1 60 0 46 0 1 0 5
577 9130 1284 1245 157 0 0 101 6 1 61 0 45 0 1 0 5
578 9123 1288 1248 157 0 0 102 5 1 61 0 45 0 1 0 5
579 9124 1287 1247 157 0 0 102 5 1 61 0 45 0 1 0 6
580 9122 1290 1249 152 0 0 103 5 1 61 0 46 0 1 0 6
581 9128 1286 1246 153 0 0 102 6 1 61 0 46 0 1 0 6
582 9129 1284 1245 155 0 0 102 6 1 62 0 45 0 1 0 6
583 9127 1283 1244 159 0 0 102 6 1 62 0 45 0 1 0 6
584 9124 1285 1245 157 0 0 103 6 1 62 0 46 0 1 0 6
585 9137 1279 1239 156 0 0 103 6 1 62 0 46 0 1 0 6
586 9132 1281 1242 156 0 0 102 7 1 62 0 46 0 1 0 6
587 9133 1280 1241 157 0 0 102 7 1 62 0 46 0 1 0 6
588 9118 1286 1248 159 0 0 102 7 1 63 0 45 0 1 0 6
589 9124 1283 1245 159 0 0 102 7 1 63 0 45 0 1 0 6
590 9132 1278 1238 159 0 0 104 7 1 63 0 47 0 1 0 6
591 9139 1275 1235 158 0 0 104 7 1 63 0 47 0 1 0 6
592 9145 1271 1231 160 0 0 104 7 1 63 0 47 0 1 0 6
593 9148 1270 1230 159 0 0 104 7 1 63 0 47 0 1 0 6
594 9156 1265 1225 161 0 0 104 7 1 63 0 47 0 1 0 6
595 9160 1265 1224 158 0 0 105 6 1 63 0 47 0 1 0 6
596 9161 1262 1221 163 0 0 105 6 1 63 0 47 0 1 0 6
597 9157 1264 1222 164 0 0 105 6 1 62 0 48 0 1 0 6
598 9153 1265 1225 164 0 0 105 6 1 64 0 46 0 1 0 6
599 9139 1273 1233 162 0 0 105 6 1 64 0 46 0 1 0 6
600 9141 1271 1233 162 0 0 105 6 1 66 0 44 0 1 0 6
601 9148 1266 1230 163 0 0 104 7 1 67 0 43 0 1 0 6
602 9149 1265 1228 163 0 0 105 7 1 67 0 44 0 1 0 6
603 9156 1264 1226 159 0 0 106 6 1 67 0 44 0 1 0 6
604 9152 1265 1226 160 0 0 107 6 1 67 0 45 0 1 0 6
605 9146 1267 1228 162 0 0 107 6 1 67 0 45 0 1 0 6
606 9139 1272 1231 157 0 0 109 6 1 67 0 47 0 1 0 6
607 9137 1272 1231 159 0 0 109 6 1 67 0 47 0 1 0 6
608 9143 1270 1229 157 0 0 109 6 1 67 0 47 0 1 0 6
609 9139 1273 1232 155 0 0 109 6 1 67 0 47 0 1 0 6
610 9140 1274 1233 152 0 0 109 6 1 67 0 47 0 1 0 6
611 9127 1279 1239 154 0 0 109 6 1 68 0 46 0 1 0 6
612 9134 1276 1237 152 0 0 109 6 1 69 0 45 0 1 0 6
613 9126 1279 1239 153 0 0 110 6 1 69 0 46 0 1 0 6
614 9136 1275 1234 150 0 0 111 6 1 69 0 47 0 1 0 6
615 9141 1272 1232 150 0 0 110 7 1 69 0 47 0 1 0 6
616 9136 1272 1232 155 0 0 110 7 1 69 0 47 0 1 0 6
617 9152 1263 1225 155 0 0 110 7 1 71 0 45 0 1 0 6
618 9152 1262 1224 157 0 0 111 6 1 72 0 44 0 1 0 6
619 9162 1256 1218 159 0 0 111 6 1 72 0 44 0 1 0 6
620 9169 1254 1216 154 0 0 111 7 1 72 0 45 0 1 0 6
621 9161 1258 1220 154 0 0 111 7 1 72 0 45 0 1 0 6
622 9164 1257 1219 153 0 0 111 7 1 72 0 45 0 1 0 6
623 9163 1257 1219 152 0 0 111 8 1 72 0 46 0 1 0 6
624 9175 1250 1212 154 0 0 111 8 1 72 0 46 0 1 0 6
625 9174 1251 1211 155 0 0 112 7 1 71 0 47 0 1 0 6
626 9173 1250 1210 158 0 0 112 7 1 71 0 47 0 1 0 6
627 9175 1248 1208 160 0 0 112 7 1 71 0 47 0 1 0 6
628 9172 1247 1208 164 0 0 112 7 1 72 0 46 0 1 0 6
629 9143 1259 1219 168 0 0 113 7 1 72 0 47 0 1 0 6
630 9137 1261 1221 170 0 0 113 7 1 72 0 47 0 1 0 6
631 9135 1260 1220 174 0 0 113 7 1 72 0 47 0 1 0 6
632 9129 1262 1221 173 0 0 115 7 1 73 0 48 0 1 0 6
633 9131 1261 1220 173 0 0 115 7 1 73 0 48 0 1 0 6
634 9129 1261 1222 173 0 0 115 7 1 75 0 46 0 1 0 6
635 9122 1263 1226 172 0 0 115 8 1 77 0 45 0 1 0 6
636 9114 1266 1229 174 0 0 115 8 1 77 0 45 0 1 0 6
637 9105 1271 1234 173 0 0 115 8 1 77 0 45 0 1 0 6
638 9086 1279 1243 175 0 0 115 8 1 78 0 44 0 1 0 6
639 9088 1277 1241 177 0 0 115 8 1 78 0 44 0 1 0 6
640 9081 1279 1243 180 0 0 115 8 1 78 0 44 0 1 0 6
641 9079 1278 1242 182 0 0 115 9 1 78 0 45 0 1 0 6
642 9084 1277 1240 178 0 0 116 9 1 78 0 46 0 1 0 6
643 9092 1272 1234 179 0 0 117 9 1 78 0 47 0 1 0 6
644 9079 1276 1239 183 0 0 116 10 1 78 0 47 0 1 0 6
645 9061 1283 1246 185 0 0 117 10 1 79 0 47 0 1 0 6
646 9052 1288 1251 184 0 0 117 10 1 79 0 47 0 1 0 6
647 9031 1301 1263 180 0 0 117 10 1 78 0 48 0 1 0 6
648 9020 1307 1266 178 0 0 119 10 1 77 0 51 0 1 0 6
649 9022 1307 1264 176 0 0 120 10 1 76 0 53 0 1 0 6
650 9008 1313 1268 178 0 0 121 10 1 75 0 55 0 1 0 6
651 8993 1319 1275 180 0 0 121 10 1 76 0 54 0 1 0 6
652 8994 1318 1274 181 0 0 121 10 1 76 0 54 0 1 0 6
653 8978 1323 1276 185 0 0 124 9 1 76 0 56 0 1 0 7
654 8972 1326 1279 184 0 0 124 9 1 76 0 56 0 1 0 8
655 8955 1334 1286 182 0 0 125 10 1 76 0 58 0 1 0 8
656 8946 1337 1288 186 0 0 125 10 1 75 0 59 0 1 0 8
657 8926 1346 1298 187 0 0 125 10 1 76 0 58 0 1 0 8
658 8927 1344 1297 189 0 0 125 10 1 77 0 57 0 1 0 8
659 8916 1347 1300 194 0 0 125 10 1 77 0 57 0 1 0 8
660 8920 1346 1299 192 0 0 125 10 1 77 0 57 0 1 0 8
661 8914 1349 1302 192 0 0 125 10 1 77 0 57 0 1 0 8
662 8905 1353 1305 192 0 0 126 10 1 77 0 58 0 1 0 8
663 8893 1358 1311 193 0 0 126 10 1 78 0 57 0 1 0 8
664 8880 1364 1316 193 0 0 127 10 1 78 0 58 0 1 0 8
665 8872 1366 1317 196 0 0 127 11 1 77 0 60 0 1 0 8
666 8847 1376 1325 195 0 0 129 13 1 77 0 64 0 1 0 8
667 8832 1383 1332 194 0 0 128 15 1 76 0 66 0 1 0 8
668 8831 1385 1333 192 0 0 128 15 1 75 0 67 0 1 0 8
669 8800 1399 1347 195 0 0 128 15 1 75 0 67 0 1 0 8
670 8785 1406 1353 191 0 0 129 17 1 75 0 70 0 1 0 8
671 8759 1417 1364 191 0 0 129 19 1 75 0 72 0 1 0 8
672 8740 1424 1369 192 0 0 131 20 1 75 0 75 0 1 0 8
673 8729 1431 1376 189 0 0 131 20 1 75 0 75 0 1 0 8
674 8720 1434 1379 190 0 0 131 21 1 75 0 76 0 1 0 8
675 8709 1438 1382 192 0 0 132 21 1 75 0 77 0 1 0 8
676 8692 1444 1387 195 0 0 133 21 1 75 0 78 0 1 0 9
677 8690 1445 1385 192 0 0 136 21 1 75 0 81 0 1 0 9
678 8677 1452 1392 191 0 0 136 21 1 75 0 81 0 1 0 9
679 8663 1457 1398 194 0 0 136 21 1 76 0 80 0 1 0 9
680 8646 1465 1407 194 0 0 136 21 1 77 0 79 0 1 0 9
681 8652 1462 1402 192 0 0 138 21 1 77 0 81 0 1 0 9
682 8636 1468 1407 196 0 0 139 20 1 77 0 81 0 1 0 10
683 8627 1470 1407 200 0 0 141 19 1 77 0 82 0 1 0 11
684 8617 1474 1410 200 0 0 142 19 1 77 0 83 0 1 0 12
685 8609 1477 1413 200 0 0 143 19 1 78 0 83 0 1 0 12
686 8595 1481 1417 204 0 0 143 20 1 78 0 84 0 1 0 12
687 8602 1476 1412 207 0 0 143 20 1 78 0 84 0 1 0 12
688 8591 1483 1418 205 0 0 143 20 1 77 0 85 0 1 0 12
689 8590 1484 1416 203 0 0 146 19 1 77 0 87 0 1 0 12
690 8583 1486 1417 205 0 0 147 19 1 77 0 88 0 1 0 12
691 8600 1477 1406 202 0 0 150 19 1 78 0 90 0 1 0 12
692 8592 1478 1409 206 0 0 150 19 1 80 0 88 0 1 0 12
693 8577 1484 1414 210 0 0 150 19 1 79 0 89 0 1 0 12
694 8574 1483 1411 212 0 0 152 19 1 79 0 91 0 1 0 13
695 8563 1489 1416 212 0 0 152 19 1 78 0 92 0 1 0 13
696 8563 1489 1416 212 0 0 152 19 1 78 0 92 0 1 0 13
697 8555 1494 1421 210 0 0 152 19 1 78 0 92 0 1 0 13
698 8543 1501 1425 210 0 0 154 17 1 77 0 93 0 1 0 14
699 8536 1503 1427 213 0 0 154 17 1 77 0 93 0 1 0 14
700 8532 1501 1427 219 0 0 154 17 1 79 0 91 0 1 0 14
701 8528 1502 1430 219 0 0 154 17 1 81 0 89 0 1 0 14
702 8519 1506 1436 216 0 0 155 17 1 84 0 87 0 1 0 14
703 8512 1509 1439 215 0 0 155 18 1 84 0 88 0 1 0 14
704 8497 1513 1441 222 0 0 156 18 1 83 0 90 0 1 0 14
705 8500 1513 1440 220 0 0 157 17 1 83 0 90 0 1 0 14
706 8505 1508 1436 222 0 0 157 18 1 84 0 90 0 1 0 14
707 8509 1505 1432 221 0 0 159 18 1 85 0 91 0 1 0 14
708 8497 1510 1438 220 0 0 159 19 1 86 0 91 0 1 0 14
709 8492 1513 1441 219 0 0 159 19 1 86 0 91 0 1 0 14
710 8488 1512 1443 222 0 0 157 21 1 87 0 90 0 1 0 14
711 8490 1507 1438 228 0 0 158 21 1 88 0 90 0 1 0 14
712 8488 1511 1441 223 0 0 158 21 1 87 0 91 0 1 0 14
713 8485 1511 1442 225 0 0 158 21 1 88 0 90 0 1 0 14
714 8490 1507 1439 227 0 0 157 22 1 88 0 90 0 1 0 14
715 8483 1510 1442 226 0 0 158 22 1 89 0 90 0 1 0 14
716 8485 1509 1441 226 0 0 158 22 1 89 0 90 0 1 0 14
717 8479 1510 1442 228 0 0 158 23 1 89 0 91 0 1 0 14
718 8472 1512 1444 231 0 0 158 23 1 89 0 91 0 1 0 14
719 8484 1505 1438 232 0 0 157 24 1 89 0 91 0 1 0 14
720 8469 1512 1445 233 0 0 157 24 1 89 0 91 0 1 0 14
721 8464 1514 1446 233 0 0 158 24 1 89 0 92 0 1 0 14
722 8465 1514 1445 231 0 0 159 24 1 89 0 93 0 1 0 14
723 8458 1515 1447 233 0 0 160 24 1 91 0 92 0 1 0 14
724 8459 1514 1445 234 0 0 162 22 1 92 0 91 0 1 0 15
725 8461 1511 1442 238 0 0 162 22 1 92 0 91 0 1 0 15
726 8466 1510 1439 234 0 0 164 21 1 92 0 92 0 1 0 16
727 8460 1513 1441 233 0 0 165 21 1 92 0 93 0 1 0 16
728 8461 1513 1443 230 0 0 164 22 1 93 0 92 0 1 0 16
729 8467 1510 1440 230 0 0 165 21 1 94 0 91 0 1 0 16
730 8472 1508 1438 229 0 0 165 21 1 94 0 91 0 1 0 16
731 8470 1509 1438 228 0 0 165 22 1 93 0 93 0 1 0 16
732 8479 1506 1435 225 0 0 165 22 1 93 0 93 0 1 0 16
733 8478 1506 1436 225 0 0 165 22 1 94 0 92 0 1 0 16
734 8488 1500 1430 227 0 0 165 22 1 94 0 92 0 1 0 16
735 8472 1508 1437 228 0 0 166 21 1 94 0 92 0 1 0 16
736 8460 1511 1440 232 0 0 166 22 1 94 0 93 0 1 0 16
737 8461 1511 1439 231 0 0 167 21 1 94 0 93 0 1 0 17
738 8470 1508 1436 226 0 0 167 22 1 94 0 94 0 1 0 17
739 8477 1503 1430 228 0 0 168 22 1 94 0 95 0 1 0 17
740 8476 1502 1432 228 0 0 167 23 1 96 0 93 0 1 0 17
741 8474 1501 1431 232 0 0 167 23 1 96 0 93 0 1 0 17
742 8471 1501 1431 235 0 0 167 23 1 96 0 93 0 1 0 17
743 8470 1500 1429 237 0 0 168 23 1 96 0 94 0 1 0 17
744 8477 1496 1426 235 0 0 168 24 1 97 0 94 0 1 0 17
745 8477 1493 1423 241 0 0 168 24 1 97 0 94 0 1 0 17
746 8483 1488 1418 243 0 0 169 24 1 98 0 94 0 1 0 17
747 8484 1486 1415 243 0 0 171 24 1 99 0 95 0 1 0 17
748 8473 1490 1418 245 0 0 172 24 1 99 0 96 0 1 0 17
749 8491 1479 1408 248 0 0 172 24 1 100 0 95 0 1 0 17
750 8480 1485 1416 245 0 0 172 24 1 102 0 93 0 1 0 17
751 8489 1481 1410 242 0 0 174 24 1 102 0 95 0 1 0 17
752 8486 1484 1411 241 0 0 174 24 1 100 0 97 0 1 0 17
753 8489 1483 1410 240 0 0 174 24 1 100 0 97 0 1 0 17
754 8490 1480 1409 239 0 0 174 26 1 102 0 97 0 1 0 17
755 8492 1477 1405 240 0 0 176 26 1 103 0 98 0 1 0 17
756 8506 1471 1399 236 0 0 177 26 1 104 0 98 0 1 0 17
757 8508 1470 1397 237 0 0 178 25 1 104 0 98 0 1 0 17
758 8506 1471 1398 236 0 0 179 24 1 105 0 97 0 1 0 18
759 8503 1473 1400 235 0 0 179 24 1 105 0 97 0 1 0 18
760 8497 1477 1403 234 0 0 180 23 1 105 0 97 0 1 0 18
761 8499 1477 1403 230 0 0 181 23 1 106 0 97 0 1 0 18
762 8496 1478 1404 231 0 0 181 23 1 106 0 97 0 1 0 18
763 8493 1477 1403 234 0 0 182 23 1 107 0 97 0 1 0 18
764 8501 1472 1399 235 0 0 182 23 1 108 0 96 0 1 0 18
765 8497 1472 1399 239 0 0 182 23 1 108 0 96 0 1 0 18
766 8500 1469 1395 241 0 0 183 23 1 108 0 97 0 1 0 18
767 8509 1463 1389 244 0 0 183 23 1 108 0 97 0 1 0 18
768 8511 1462 1389 243 0 0 183 23 1 109 0 96 0 1 0 18
769 8505 1466 1393 240 0 0 183 23 1 109 0 96 0 1 0 19
770 8508 1464 1391 241 0 0 184 22 1 110 0 95 0 1 0 19
771 8505 1466 1394 239 0 0 183 23 1 110 0 95 0 1 0 19
772 8504 1465 1394 241 0 0 183 23 1 111 0 94 0 1 0 19
773 8502 1467 1396 239 0 0 183 23 1 111 0 94 0 1 0 19
774 8500 1468 1396 238 0 0 184 23 1 111 0 95 0 1 0 19
775 8506 1466 1394 234 0 0 185 23 1 112 0 95 0 1 0 19
776 8512 1463 1392 233 0 0 185 23 1 113 0 94 0 1 0 19
777 8508 1465 1395 232 0 0 185 23 1 114 0 93 0 1 0 19
778 8508 1465 1394 231 0 0 187 22 1 115 0 93 0 1 0 19
779 8505 1468 1397 226 0 0 187 23 1 115 0 94 0 1 0 19
780 8519 1461 1390 226 0 0 187 23 1 115 0 94 0 1 0 19
781 8520 1460 1390 226 0 0 187 23 1 116 0 93 0 1 0 19
782 8520 1460 1390 225 0 0 188 22 1 117 0 92 0 1 0 20
783 8525 1459 1389 222 0 0 188 22 1 117 0 92 0 1 0 20
784 8543 1449 1382 220 0 0 188 22 1 120 0 89 0 1 0 21
785 8542 1449 1384 217 0 0 188 23 1 122 0 88 0 1 0 21
786 8542 1447 1383 220 0 0 188 23 1 123 0 87 0 1 0 21
787 8543 1445 1382 220 0 0 189 23 1 125 0 86 0 1 0 21
788 8548 1443 1381 218 0 0 188 24 1 125 0 86 0 1 0 21
789 8560 1436 1375 218 0 0 188 24 1 126 0 85 0 1 0 22
790 8550 1440 1380 219 0 0 187 25 1 126 0 85 0 1 0 22
791 8552 1440 1380 217 0 0 187 25 1 126 0 85 0 1 0 22
792 8556 1437 1378 218 0 0 187 25 1 127 0 84 0 1 0 22
793 8565 1433 1372 217 0 0 189 24 1 127 0 85 0 1 0 22
794 8563 1433 1372 219 0 0 189 24 1 127 0 85 0 1 0 22
795 8572 1428 1366 217 0 0 190 25 1 127 0 87 0 1 0 22
796 8575 1427 1364 215 0 0 191 25 1 127 0 88 0 1 0 22
797 8570 1428 1365 218 0 0 191 25 1 127 0 88 0 1 0 22
798 8583 1421 1358 218 0 0 191 25 1 127 0 88 0 1 0 23
799 8583 1422 1357 216 0 0 192 25 1 126 0 90 0 1 0 23
800 8585 1423 1358 209 0 0 192 26 1 126 0 91 0 1 0 24
801 8591 1420 1355 209 0 0 192 26 1 126 0 91 0 1 0 24
802 8592 1417 1354 212 0 0 191 27 1 127 0 90 0 1 0 24
803 8608 1410 1347 210 0 0 191 27 1 127 0 90 0 1 0 24
804 8600 1415 1352 206 0 0 193 26 1 129 0 89 0 1 0 24
805 8590 1419 1355 209 0 0 193 26 1 128 0 90 0 1 0 24
806 8599 1415 1353 206 0 0 193 26 1 130 0 88 0 1 0 24
807 8583 1421 1358 211 0 0 194 25 1 130 0 88 0 1 0 24
808 8587 1419 1356 211 0 0 194 25 1 130 0 88 0 1 0 24
809 8598 1416 1352 205 0 0 195 25 1 130 0 89 0 1 0 24
810 8604 1414 1350 203 0 0 196 24 1 131 0 88 0 1 0 24
811 8608 1412 1348 203 0 0 196 24 1 131 0 88 0 1 0 24
812 8608 1411 1347 205 0 0 196 24 1 131 0 88 0 1 0 24
813 8615 1407 1344 205 0 0 195 25 1 131 0 88 0 1 0 24
814 8618 1405 1342 206 0 0 195 25 1 131 0 88 0 1 0 24
815 8622 1406 1342 201 0 0 196 24 1 131 0 88 0 1 0 24
816 8617 1408 1345 201 0 0 195 25 1 131 0 88 0 1 0 24
817 8617 1407 1346 201 0 0 194 26 1 132 0 87 0 1 0 24
818 8608 1412 1350 201 0 0 194 26 1 131 0 88 0 1 0 24
819 8602 1415 1353 201 0 0 194 26 1 131 0 88 0 1 0 24
820 8588 1421 1359 201 0 0 196 25 1 133 0 87 0 1 0 24
821 8588 1421 1359 201 0 0 196 25 1 133 0 87 0 1 0 24
822 8591 1419 1358 201 0 0 196 25 1 134 0 86 0 1 0 24
823 8604 1411 1351 203 0 0 196 25 1 135 0 85 0 1 0 24
824 8609 1409 1351 200 0 0 196 25 1 137 0 83 0 1 0 24
825 8612 1410 1352 195 0 0 197 24 1 138 0 82 0 1 0 24
826 8620 1407 1349 193 0 0 197 24 1 138 0 82 0 1 0 24
827 8621 1405 1348 195 0 0 197 24 1 139 0 81 0 1 0 24
828 8614 1409 1352 194 0 0 197 24 1 139 0 81 0 1 0 24
829 8613 1409 1351 192 0 0 198 25 1 139 0 83 0 1 0 24
830 8619 1407 1351 188 0 0 198 25 1 141 0 81 0 1 0 24
831 8622 1406 1349 188 0 0 199 24 1 141 0 81 0 1 0 24
832 8626 1404 1346 187 0 0 201 23 1 142 0 81 0 1 0 24
833 8632 1401 1343 187 0 0 201 23 1 142 0 81 0 1 0 24
834 8633 1398 1342 190 0 0 200 24 1 143 0 80 0 1 0 24
835 8632 1399 1343 189 0 0 200 24 1 143 0 80 0 1 0 24
836 8616 1406 1348 189 0 0 202 24 1 143 0 82 0 1 0 24
837 8607 1412 1353 183 0 0 206 22 1 146 0 81 0 1 0 24
838 8600 1415 1356 182 0 0 207 22 1 147 0 81 0 1 0 24
839 8589 1420 1361 183 0 0 207 22 1 147 0 81 0 1 0 24
840 8576 1428 1368 181 0 0 207 22 1 146 0 82 0 1 0 24
841 8572 1429 1369 183 0 0 207 22 1 146 0 82 0 1 0 24
842 8556 1437 1376 183 0 0 207 22 1 145 0 83 0 1 0 25
843 8546 1442 1379 181 0 0 209 22 1 145 0 85 0 1 0 25
844 8542 1443 1380 183 0 0 209 22 1 145 0 85 0 1 0 25
845 8534 1448 1385 181 0 0 209 22 1 145 0 85 0 1 0 25
846 8526 1450 1386 184 0 0 210 22 1 145 0 86 0 1 0 25
847 8519 1452 1388 187 0 0 210 22 1 145 0 86 0 1 0 25
848 8503 1459 1396 188 0 0 210 22 1 146 0 85 0 1 0 25
849 8489 1466 1402 189 0 0 210 22 1 145 0 86 0 1 0 25
850 8487 1464 1400 195 0 0 210 22 1 145 0 86 0 1 0 25
851 8472 1470 1406 198 0 0 210 22 1 145 0 86 0 1 0 25
852 8477 1467 1402 195 0 0 211 23 1 145 0 88 0 1 0 26
853 8477 1467 1401 196 0 0 212 22 1 145 0 88 0 1 0 26
854 8473 1470 1403 193 0 0 213 22 1 145 0 89 0 1 0 26
855 8464 1474 1407 194 0 0 213 22 1 145 0 89 0 1 0 26
856 8449 1483 1414 193 0 0 213 22 1 143 0 91 0 1 0 26
857 8438 1485 1416 198 0 0 214 22 1 144 0 91 0 1 0 26
858 8441 1483 1415 198 0 0 214 22 1 145 0 90 0 1 0 26
859 8430 1489 1419 195 0 0 216 21 1 145 0 91 0 1 0 28
860 8421 1493 1423 196 0 0 216 21 1 145 0 91 0 1 0 28
861 8418 1494 1424 197 0 0 216 21 1 145 0 91 0 1 0 28
862 8415 1496 1425 193 0 0 217 22 1 145 0 93 0 1 0 28
863 8406 1499 1425 195 0 0 221 19 1 146 0 93 0 1 0 30
864 8387 1507 1431 196 0 0 223 19 1 146 0 95 0 1 0 30
865 8368 1515 1439 199 0 0 222 20 1 145 0 96 0 1 0 30
866 8355 1521 1445 198 0 0 222 21 1 145 0 97 0 1 0 30
867 8348 1523 1448 198 0 0 223 21 1 147 0 96 0 1 0 30
868 8339 1526 1447 197 0 0 227 21 1 147 0 100 0 1 0 30
869 8332 1530 1448 197 0 0 230 19 1 147 0 101 0 1 0 30
870 8333 1528 1445 197 0 0 232 19 1 148 0 102 0 1 0 30
871 8317 1537 1453 194 0 0 232 20 1 147 0 104 0 1 0 30
872 8309 1538 1454 200 0 0 231 21 1 146 0 105 0 1 0 30
873 8304 1539 1457 201 0 0 230 22 1 147 0 104 0 1 0 30
874 8311 1538 1454 195 0 0 232 21 1 147 0 105 0 1 0 31
875 8307 1540 1456 195 0 0 232 21 1 147 0 105 0 1 0 31
876 8294 1548 1464 192 0 0 232 21 1 147 0 105 0 1 0 31
877 8278 1555 1472 193 0 0 231 22 1 147 0 105 0 1 0 31
878 8266 1559 1475 197 0 0 232 21 1 147 0 105 0 1 0 32
879 8260 1561 1474 198 0 0 234 21 1 146 0 108 0 1 0 32
880 8256 1562 1476 199 0 0 234 21 1 147 0 107 0 1 0 32
881 8258 1560 1472 201 0 0 235 21 1 146 0 109 0 1 0 32
882 8245 1561 1473 210 0 0 236 21 1 147 0 109 0 1 0 32
883 8249 1557 1468 212 0 0 238 20 1 148 0 109 0 1 0 33
884 8233 1564 1474 211 0 0 239 21 1 148 0 111 0 1 0 33
885 8231 1560 1472 219 0 0 238 22 1 149 0 110 0 1 0 33
886 8232 1558 1467 221 0 0 241 21 1 149 0 112 0 1 0 33
887 8210 1566 1476 226 0 0 241 21 1 150 0 111 0 1 0 33
888 8200 1568 1478 231 0 0 241 21 1 150 0 111 0 1 0 34
889 8182 1576 1485 234 0 0 241 21 1 149 0 112 0 1 0 34
890 8175 1581 1488 226 0 0 244 21 1 150 0 114 0 1 0 35
891 8160 1587 1494 227 0 0 245 21 1 151 0 114 0 1 0 35
892 8158 1586 1491 226 0 0 248 21 1 152 0 116 0 1 0 36
893 8147 1590 1494 228 0 0 249 21 1 152 0 117 0 1 0 36
894 8142 1589 1492 234 0 0 250 21 1 152 0 118 0 1 0 36
895 8140 1590 1493 234 0 0 250 21 1 152 0 118 0 1 0 36
896 8149 1583 1485 234 0 0 252 22 1 153 0 120 0 1 0 36
897 8146 1584 1484 233 0 0 252 24 1 151 0 124 0 1 0 36
898 8120 1594 1491 235 0 0 255 24 1 151 0 127 0 1 0 37
899 8117 1595 1492 234 0 0 255 25 1 151 0 128 0 1 0 37
900 8099 1603 1500 236 0 0 255 25 1 151 0 128 0 1 0 37
901 8093 1604 1502 239 0 0 255 25 1 152 0 127 0 1 0 37
902 8106 1597 1495 240 0 0 255 25 1 152 0 127 0 1 0 37
903 8115 1591 1488 243 0 0 256 24 1 152 0 127 0 1 0 38
904 8112 1591 1489 245 0 0 256 24 1 153 0 126 0 1 0 38
905 8102 1594 1492 249 0 0 256 24 1 153 0 126 0 1 0 38
906 8082 1602 1500 253 0 0 257 23 1 154 0 125 0 1 0 38
907 8084 1601 1499 251 0 0 258 23 1 155 0 125 0 1 0 38
908 8091 1593 1494 257 0 0 258 23 1 158 0 122 0 1 0 38
909 8093 1592 1492 256 0 0 259 23 1 158 0 123 0 1 0 38
910 8082 1599 1497 253 0 0 260 23 1 157 0 125 0 1 0 38
911 8090 1596 1494 251 0 0 260 23 1 157 0 125 0 1 0 38
912 8090 1596 1493 250 0 0 261 23 1 157 0 126 0 1 0 38
913 8083 1600 1496 242 0 0 263 25 1 158 1 128 0 2 0 37
914 8086 1597 1493 245 0 0 263 25 1 158 1 128 0 2 0 37
915 8094 1593 1489 244 0 0 264 24 1 159 1 127 0 2 0 38
916 8090 1595 1492 243 0 0 264 24 1 160 1 126 0 2 0 38
917 8088 1595 1492 245 0 0 264 24 1 160 1 126 0 2 0 38
918 8094 1595 1491 240 0 0 264 24 1 159 1 127 0 2 0 38
919 8098 1593 1489 240 0 0 264 24 1 159 1 127 0 2 0 38
920 8101 1588 1485 246 0 0 264 24 1 160 1 126 0 2 0 38
921 8084 1594 1491 249 0 0 265 24 1 161 1 126 0 2 0 38
922 8093 1591 1486 244 0 0 266 25 1 160 1 129 0 2 0 38
923 8089 1592 1490 243 0 0 266 25 1 163 1 126 0 2 0 38
924 8087 1590 1490 247 0 0 265 26 1 164 1 125 0 2 0 38
925 8086 1588 1489 251 0 0 265 26 1 165 1 124 0 2 0 38
926 8089 1587 1486 248 0 0 267 26 1 165 1 126 0 2 0 38
927 8092 1584 1483 251 0 0 267 26 1 165 1 126 0 2 0 38
928 8101 1580 1479 250 0 0 267 26 1 165 1 126 0 2 0 38
929 8106 1577 1475 250 0 0 268 26 1 165 1 127 0 2 0 38
930 8117 1572 1470 247 0 0 270 25 1 167 1 126 0 2 0 38
931 8107 1578 1475 244 0 0 272 24 1 168 1 126 0 2 0 38
932 8116 1572 1468 246 0 0 274 23 1 169 1 126 0 2 0 38
933 8110 1573 1469 248 0 0 275 23 1 170 1 126 0 2 0 38
934 8102 1575 1471 252 0 0 275 23 1 170 1 126 0 2 0 38
935 8098 1577 1472 253 0 0 276 22 1 170 1 126 0 2 0 38
936 8092 1575 1473 260 0 0 275 23 1 172 1 124 0 2 0 38
937 8092 1575 1473 260 0 0 275 23 1 172 1 124 0 2 0 38
938 8083 1583 1480 254 0 0 275 23 1 171 1 125 0 2 0 38
939 8088 1580 1477 255 0 0 275 23 1 171 1 125 0 2 0 38
940 8095 1576 1471 256 0 0 277 22 1 171 1 126 0 2 0 38
941 8105 1571 1467 255 0 0 277 22 1 172 1 125 0 2 0 38
942 8108 1569 1465 254 0 0 277 23 1 172 1 126 0 2 0 38
943 8104 1571 1467 254 0 0 277 23 1 172 1 126 0 2 0 38
944 8105 1570 1471 250 0 0 277 23 1 177 1 121 0 2 0 38
945 8102 1571 1472 247 0 0 279 23 1 179 1 121 0 2 0 38
946 8123 1562 1464 243 0 0 280 22 1 181 1 119 0 2 0 38
947 8131 1557 1459 240 0 0 281 23 1 182 1 120 0 2 0 39
948 8126 1562 1464 234 0 0 281 23 1 182 1 120 0 2 0 40
949 8128 1559 1461 238 0 0 281 23 1 182 1 120 0 2 0 40
950 8131 1559 1458 234 0 0 283 23 1 181 1 123 0 2 0 40
951 8138 1555 1455 234 0 0 283 23 1 182 1 122 0 2 0 40
952 8151 1550 1451 228 0 0 284 23 1 184 1 121 0 2 0 40
953 8145 1549 1452 233 0 0 284 23 1 186 1 119 0 2 0 41
954 8154 1543 1445 235 0 0 285 23 1 186 1 120 0 2 0 41
955 8157 1541 1443 236 0 0 285 23 1 186 1 120 0 2 0 41
956 8154 1544 1444 233 0 0 286 23 1 185 1 122 0 2 0 41
957 8146 1548 1447 230 0 0 287 24 1 185 1 124 0 2 0 41
958 8142 1550 1446 231 0 0 289 23 1 184 1 126 0 2 0 41
959 8147 1548 1444 230 0 0 290 22 1 185 1 125 0 2 0 41
960 8145 1549 1443 232 0 0 291 21 1 184 1 126 0 2 0 41
961 8137 1555 1448 227 0 0 292 21 1 184 1 127 0 2 0 41
962 8147 1549 1442 229 0 0 292 21 1 184 1 127 0 2 0 41
963 8139 1554 1445 227 0 0 293 21 1 183 1 129 0 2 0 41
964 8154 1546 1437 226 0 0 293 22 1 183 1 130 0 2 0 41
965 8148 1549 1440 226 0 0 293 22 1 183 1 130 0 2 0 41
966 8146 1548 1444 225 0 0 290 25 1 185 1 128 0 2 0 41
967 8148 1548 1443 222 0 0 290 26 1 184 1 130 0 2 0 41
968 8154 1544 1439 222 0 0 290 27 1 184 1 131 0 2 0 41
969 8160 1542 1439 218 0 0 290 27 1 186 1 129 0 2 0 41
970 8170 1536 1434 219 0 0 290 27 1 187 1 128 0 2 0 41
971 8179 1529 1427 222 0 0 290 28 1 187 1 129 0 2 0 41
972 8179 1528 1426 219 0 0 289 31 1 186 1 132 0 2 0 42
973 8180 1527 1423 222 0 0 290 30 1 185 1 133 0 2 0 42
974 8176 1526 1422 228 0 0 291 29 1 186 1 132 0 2 0 42
975 8181 1524 1421 226 0 0 291 29 1 187 1 131 0 2 0 42
976 8180 1525 1422 225 0 0 291 29 1 187 1 131 0 2 0 42
977 8170 1532 1429 221 0 0 291 29 1 187 1 131 0 2 0 42
978 8177 1530 1426 216 0 0 292 29 1 187 1 132 0 2 0 43
979 8185 1525 1421 214 0 0 293 30 1 188 1 133 0 2 0 43
980 8195 1519 1416 213 0 0 293 31 1 189 1 133 0 2 0 43
981 8196 1517 1417 211 0 0 293 32 1 192 1 131 0 2 0 43
982 8186 1519 1418 216 0 0 293 33 1 191 1 133 0 2 0 43
983 8171 1527 1427 214 0 0 292 34 1 191 1 133 0 2 0 43
984 8172 1526 1428 213 0 0 291 35 1 192 1 132 0 2 0 43
985 8162 1530 1431 213 0 0 293 34 1 193 1 132 0 2 0 44
986 8164 1528 1430 214 0 0 293 34 1 194 1 131 0 2 0 44
987 8186 1517 1418 213 0 0 296 32 1 196 1 130 0 2 0 44
988 8192 1515 1415 212 0 0 296 32 1 195 1 131 0 2 0 44
989 8197 1515 1414 208 0 0 297 31 1 195 1 131 0 2 0 44
990 8199 1513 1414 208 0 0 297 31 2 196 0 130 0 2 0 44
991 8205 1510 1409 208 0 0 300 29 2 197 0 130 0 2 0 44
992 8207 1509 1409 207 0 0 299 30 2 197 0 130 0 2 0 44
993 8214 1505 1407 206 0 0 299 30 2 199 0 128 0 2 0 44
994 8216 1504 1408 204 0 0 298 31 2 200 0 127 0 2 0 44
995 8208 1506 1410 208 0 0 298 31 2 200 0 127 0 2 0 44
996 8223 1497 1402 209 0 0 298 31 2 201 0 126 0 2 0 45
997 8223 1496 1402 210 0 0 297 32 2 201 0 126 0 2 0 45
998 8231 1493 1400 205 0 0 296 34 2 201 0 127 0 2 0 45
999 8239 1491 1396 201 0 0 298 33 2 201 0 128 0 2 0 45
1000 8251 1483 1389 204 0 0 298 33 2 202 0 127 0 2 0 45
1001 8264 1478 1383 202 0 0 299 32 2 202 0 127 0 2 0 45
1002 8267 1474 1382 204 0 0 297 34 2 203 0 126 0 2 0 45
1003 8286 1465 1373 201 0 0 298 34 2 204 0 126 0 2 0 45
1004 8298 1460 1368 199 0 0 298 34 2 204 0 126 0 2 0 45
1005 8304 1458 1362 199 0 0 301 32 2 203 0 128 0 2 0 45
1006 8307 1455 1359 200 0 0 303 31 2 205 0 127 0 2 0 45
1007 8308 1451 1354 206 0 0 304 31 2 205 0 128 0 2 0 45
1008 8302 1454 1356 205 0 0 305 31 2 205 0 129 0 2 0 45
1009 8306 1453 1354 204 0 0 306 30 2 205 0 129 0 2 0 45
1010 8301 1456 1356 203 0 0 307 29 2 205 0 129 0 2 0 46
1011 8293 1458 1360 205 0 0 307 29 2 207 0 127 0 2 0 46
1012 8296 1456 1359 205 0 0 307 29 2 208 0 126 0 2 0 46
1013 8297 1457 1359 203 0 0 307 29 2 207 0 127 0 2 0 46
1014 8294 1458 1361 203 0 0 306 30 2 207 0 127 0 2 0 46
1015 8307 1453 1356 200 0 0 306 30 2 207 0 127 0 2 0 46
1016 8312 1449 1354 201 0 0 306 30 2 209 0 125 0 2 0 46
1017 8318 1444 1350 204 0 0 306 30 2 210 0 124 0 2 0 46
1018 8320 1442 1348 204 0 0 306 31 2 210 0 125 0 2 0 46
1019 8325 1440 1346 203 0 0 306 31 2 210 0 125 0 2 0 46
1020 8324 1441 1347 202 0 0 306 31 2 210 0 125 0 2 0 46
1021 8318 1444 1351 201 0 0 306 31 2 211 0 124 0 2 0 46
1022 8310 1448 1358 198 0 0 306 31 2 214 0 121 0 2 0 46
1023 8307 1451 1361 195 0 0 306 31 2 214 0 121 0 2 0 46
1024 8311 1448 1359 196 0 0 306 31 2 215 0 120 0 2 0 46
1025 8317 1445 1356 194 0 0 308 30 2 217 0 119 0 2 0 46
1026 8325 1441 1353 193 0 0 308 30 2 218 0 118 0 2 0 46
1027 8328 1441 1352 191 0 0 309 29 2 218 0 118 0 2 0 46
1028 8339 1436 1349 188 0 0 309 29 2 220 0 116 0 2 0 46
1029 8335 1439 1351 185 0 0 310 29 2 220 0 117 0 2 0 46
1030 8335 1438 1350 187 0 0 309 30 2 219 0 118 0 2 0 46
1031 8345 1431 1344 190 0 0 309 30 2 220 0 117 0 2 0 46
1032 8350 1428 1342 190 0 0 308 31 2 220 0 117 0 2 0 46
1033 8352 1428 1341 189 0 0 310 29 2 221 0 116 0 2 0 46
1034 8350 1427 1342 191 0 0 308 31 2 221 0 116 0 2 0 46
1035 8355 1425 1339 191 0 0 308 31 2 220 0 117 0 2 0 46
1036 8364 1421 1336 189 0 0 308 31 2 221 0 116 0 2 0 46
1037 8362 1422 1339 187 0 0 308 31 2 223 0 114 0 2 0 46
1038 8340 1432 1349 189 0 0 308 31 2 223 0 114 0 2 0 46
1039 8344 1431 1350 185 0 0 307 32 2 224 0 113 0 2 0 46
1040 8366 1421 1340 183 0 0 307 32 2 224 0 113 0 2 0 46
1041 8369 1419 1338 184 0 0 307 32 2 224 0 113 0 2 0 46
1042 8381 1414 1333 180 0 0 308 32 2 225 0 113 0 2 0 46
1043 8379 1413 1335 181 0 0 308 32 2 228 0 110 0 2 0 46
1044 8369 1417 1339 181 0 0 308 33 2 228 0 111 0 2 0 46
1045 8372 1414 1336 184 0 0 308 33 1 229 1 110 0 2 0 46
1046 8381 1410 1332 183 0 0 308 33 1 229 1 110 0 2 0 46
1047 8371 1415 1335 185 0 0 309 32 1 228 1 111 0 2 0 46
1048 8374 1413 1334 185 0 0 309 32 1 229 1 110 0 2 0 46
1049 8375 1411 1331 188 0 0 310 31 1 229 1 110 0 2 0 47
1050 8383 1406 1328 188 0 0 310 31 1 231 1 108 0 2 0 47
1051 8387 1404 1327 187 0 0 310 31 1 232 1 107 0 2 0 47
1052 8391 1402 1325 187 0 0 310 31 1 232 1 107 0 2 0 47
1053 8397 1399 1322 187 0 0 310 31 1 232 1 107 0 2 0 47
1054 8417 1388 1313 187 0 0 309 32 1 233 1 106 0 2 0 47
1055 8416 1388 1312 189 0 0 309 32 1 232 1 107 0 2 0 47
1056 8418 1387 1309 187 0 0 311 32 1 232 1 109 0 2 0 47
1057 8436 1381 1303 181 0 0 311 32 1 232 1 109 0 2 0 47
1058 8446 1377 1299 179 0 0 311 32 1 232 1 109 0 2 0 47
1059 8450 1375 1298 178 0 0 311 32 1 233 1 108 0 2 0 47
1060 8458 1371 1295 177 0 0 311 32 1 234 1 107 0 2 0 47
1061 8466 1366 1292 177 0 0 311 32 1 236 1 105 0 2 0 47
1062 8473 1362 1290 176 0 0 310 33 1 237 1 104 0 2 0 47
1063 8485 1356 1285 175 0 0 309 34 1 237 1 104 0 2 0 47
1064 8495 1350 1281 175 0 0 309 34 1 239 1 102 0 2 0 47
1065 8497 1350 1279 173 0 0 311 33 1 239 1 103 0 2 0 47
1066 8504 1348 1276 171 0 0 312 32 1 239 1 103 0 2 0 47
1067 8508 1346 1272 169 0 0 314 32 1 239 1 105 0 2 0 47
1068 8504 1350 1276 165 0 0 314 32 1 239 1 105 0 2 0 47
1069 8512 1347 1272 164 0 0 315 31 1 239 1 105 0 2 0 47
1070 8510 1349 1277 159 0 0 314 32 1 241 1 103 0 2 0 47
1071 8519 1345 1273 158 0 0 314 32 1 241 1 103 0 2 0 47
1072 8527 1341 1269 156 0 0 315 32 1 242 1 103 0 2 0 47
1073 8537 1337 1267 152 0 0 315 32 1 244 1 101 0 2 0 47
1074 8546 1333 1262 150 0 0 316 32 1 244 1 102 0 2 0 47
1075 8562 1325 1254 150 0 0 316 32 1 244 1 102 0 2 0 47
1076 8563 1321 1250 157 0 0 316 32 1 244 1 102 0 2 0 47
1077 8566 1319 1249 157 0 0 315 33 1 244 1 102 0 2 0 47
1078 8562 1322 1253 154 0 0 315 33 1 245 1 101 0 2 0 47
1079 8568 1318 1249 156 0 0 315 32 1 245 1 100 0 2 0 49
1080 8566 1318 1249 158 0 0 314 33 1 244 1 101 0 2 0 49
1081 8549 1326 1256 160 0 0 314 32 1 243 1 101 0 2 0 51
1082 8556 1323 1253 159 0 0 314 32 1 243 1 101 0 2 0 51
1083 8546 1328 1258 159 0 0 314 32 1 243 1 101 0 2 0 51
1084 8553 1326 1253 157 0 0 316 31 1 242 1 103 0 2 0 51
1085 8556 1324 1252 157 0 0 316 31 1 243 1 102 0 2 0 51
1086 8562 1320 1250 157 0 0 316 31 1 245 1 100 0 2 0 51
1087 8567 1318 1252 152 0 0 316 31 1 249 1 96 0 2 0 51
1088 8571 1316 1249 151 0 0 317 31 1 249 1 97 0 2 0 51
1089 8574 1315 1248 150 0 0 317 31 1 249 1 97 0 2 0 51
1090 8561 1320 1254 152 0 0 316 32 1 249 1 97 0 2 0 51
1091 8560 1318 1254 155 0 0 316 32 1 251 1 95 0 2 0 51
1092 8572 1311 1247 157 0 0 316 32 1 251 1 95 0 2 0 51
1093 8577 1308 1245 157 0 0 316 32 1 252 1 94 0 2 0 51
1094 8596 1299 1238 154 0 0 316 32 2 253 0 93 0 2 0 51
1095 8603 1296 1235 151 0 0 316 33 2 253 0 94 0 2 0 51
1096 8609 1294 1232 150 0 0 317 32 2 253 0 94 0 2 0 51
1097 8614 1291 1228 150 0 0 318 32 2 253 0 95 0 2 0 51
1098 8630 1284 1220 149 0 0 319 31 2 253 0 95 0 2 0 51
1099 8637 1282 1217 147 0 0 320 30 2 253 0 95 0 2 0 51
1100 8651 1276 1212 144 0 0 320 30 2 254 0 94 0 2 0 51
1101 8654 1275 1211 143 0 0 320 30 2 254 0 94 0 2 0 51
1102 8654 1276 1210 142 0 0 320 30 2 252 0 96 0 2 0 52
1103 8658 1273 1208 143 0 0 320 30 2 253 0 95 0 2 0 52
1104 8670 1267 1202 143 0 0 320 30 2 253 0 95 0 2 0 52
1105 8666 1269 1205 142 0 0 320 30 2 254 0 94 0 2 0 52
1106 8678 1265 1200 139 0 0 322 28 2 255 0 93 0 2 0 52
1107 8686 1260 1197 139 0 0 322 28 2 257 0 91 0 2 0 52
1108 8685 1261 1199 137 0 0 321 29 2 257 0 91 0 2 0 52
1109 8687 1262 1198 133 0 0 322 29 2 256 0 93 0 2 0 52
1110 8697 1256 1193 134 0 0 321 30 2 256 0 93 0 2 0 52
1111 8698 1255 1192 135 0 0 321 30 2 256 0 93 0 2 0 52
1112 8693 1257 1194 136 0 0 321 30 2 256 0 93 0 2 0 52
1113 8691 1258 1195 136 0 0 321 30 2 256 0 93 0 2 0 52
1114 8697 1255 1193 135 0 0 321 30 2 257 0 92 0 2 0 52
1115 8699 1252 1190 139 0 0 321 30 2 257 0 92 0 2 0 52
1116 8711 1246 1184 139 0 0 321 30 2 257 0 92 0 2 0 52
1117 8717 1244 1183 136 1 0 320 30 3 257 0 91 0 2 0 52
1118 8723 1241 1180 136 1 0 320 30 3 257 0 91 0 2 0 52
1119 8729 1238 1177 136 1 0 320 30 3 257 0 91 0 2 0 52
1120 8727 1239 1178 136 1 0 320 30 3 257 0 91 0 2 0 52
1121 8733 1235 1175 135 1 0 321 30 3 259 0 90 0 2 0 52
1122 8736 1233 1173 136 1 0 321 30 3 259 0 90 0 2 0 52
1123 8746 1228 1168 136 1 0 321 30 3 259 0 90 0 2 0 52
1124 8747 1227 1167 137 1 0 321 30 3 259 0 90 0 2 0 52
1125 8759 1219 1160 140 1 0 321 30 3 260 0 89 0 2 0 52
1126 8766 1218 1159 135 1 0 321 30 3 260 0 89 0 2 0 52
1127 8780 1211 1152 135 1 0 321 30 3 260 0 89 0 2 0 52
1128 8773 1214 1155 136 2 0 320 30 3 260 1 88 0 2 0 52
1129 8779 1212 1153 134 2 0 320 30 3 260 1 88 0 2 0 52
1130 8786 1208 1149 135 2 0 320 30 3 260 1 88 0 2 0 52
1131 8784 1209 1150 133 2 0 321 30 4 260 0 89 0 2 0 52
1132 8778 1212 1154 132 2 0 321 30 4 261 0 88 0 2 0 52
1133 8785 1210 1153 128 2 0 321 30 4 262 0 87 0 2 0 52
1134 8794 1205 1146 129 2 0 322 30 4 261 0 89 0 2 0 52
1135 8800 1203 1143 128 2 0 322 30 4 260 0 90 0 2 0 52
1136 8811 1196 1137 130 2 0 322 30 4 261 0 89 0 2 0 52
1137 8805 1199 1139 131 2 0 322 30 4 260 0 90 0 2 0 52
1138 8813 1195 1134 131 2 0 323 29 4 260 0 90 0 2 0 53
1139 8828 1189 1127 129 2 0 324 28 4 260 0 90 0 2 0 53
1140 8833 1185 1125 130 2 0 324 28 4 262 0 88 0 2 0 53
1141 8836 1182 1123 132 2 0 324 28 4 263 0 87 0 2 0 53
1142 8839 1179 1121 134 2 0 324 28 4 264 0 86 0 2 0 53
1143 8846 1175 1118 134 2 0 323 29 4 264 0 86 0 2 0 53
1144 8850 1173 1117 133 2 0 323 29 4 265 0 85 0 2 0 53
1145 8849 1173 1117 132 2 0 324 29 4 266 0 85 0 2 0 53
1146 8847 1174 1119 131 3 0 323 29 5 266 0 84 0 2 0 53
1147 8841 1176 1121 133 3 0 323 29 5 266 0 84 0 2 0 53
1148 8833 1180 1126 132 3 0 323 29 5 267 0 83 0 2 0 53
1149 8830 1181 1128 132 3 0 322 30 5 267 0 83 0 2 0 53
1150 8840 1174 1121 136 3 0 322 30 5 267 0 83 0 2 0 53
1151 8844 1174 1119 134 3 0 323 29 5 266 0 84 0 2 0 53
1152 8850 1169 1115 137 3 0 323 29 5 267 0 83 0 2 0 53
1153 8852 1168 1115 136 3 0 323 29 5 268 0 82 0 2 0 53
1154 8862 1162 1110 137 3 0 322 30 5 268 0 82 0 2 0 53
1155 8877 1155 1104 135 3 0 322 30 5 269 0 81 0 2 0 53
1156 8872 1157 1107 135 3 0 323 29 5 271 0 79 0 2 0 53
1157 8889 1150 1101 131 3 0 323 29 5 272 0 78 0 2 0 53
1158 8884 1152 1103 132 3 0 324 28 5 273 0 77 0 2 0 53
1159 8873 1158 1109 131 3 0 324 28 5 273 0 77 0 2 0 53
1160 8872 1160 1111 128 3 0 324 28 5 273 0 77 0 2 0 53
1161 8885 1154 1104 126 3 0 325 28 5 273 0 78 0 2 0 53
1162 8892 1150 1098 129 3 0 326 27 5 272 0 79 0 2 0 53
1163 8895 1148 1096 130 3 0 326 27 5 272 0 79 0 2 0 53
1164 8889 1153 1100 126 3 0 327 26 5 272 0 79 0 2 0 54
1165 8900 1148 1095 125 3 0 327 26 5 272 0 79 0 2 0 54
1166 8910 1143 1090 125 3 0 327 26 5 272 0 79 0 2 0 54
1167 8927 1135 1083 123 3 0 327 26 5 273 0 78 0 2 0 54
1168 8920 1139 1087 122 3 0 327 26 5 273 0 78 0 2 0 54
1169 8928 1134 1083 123 3 0 327 26 5 274 0 77 0 2 0 54
1170 8931 1133 1080 124 3 0 329 24 5 274 0 77 0 2 0 54
1171 8922 1137 1084 125 3 0 329 24 5 274 0 77 0 2 0 54
1172 8927 1135 1082 124 3 0 329 24 5 274 0 77 0 2 0 54
1173 8932 1133 1080 123 3 0 329 24 5 274 0 77 0 2 0 54
1174 8937 1130 1076 125 3 0 329 24 5 273 0 78 0 2 0 54
1175 8951 1124 1069 124 3 0 330 23 5 273 0 78 0 2 0 54
1176 8948 1126 1071 123 3 0 330 23 5 273 0 78 0 2 0 54
1177 8956 1122 1067 123 3 0 330 23 5 273 0 78 0 2 0 54
1178 8965 1120 1064 119 3 0 332 21 5 274 0 77 0 2 0 54
1179 8966 1119 1063 120 3 0 332 21 5 274 0 77 0 2 0 54
1180 8973 1116 1059 120 3 0 332 21 5 273 0 78 0 2 0 54
1181 8976 1113 1058 121 3 0 331 22 5 274 0 77 0 2 0 54
1182 8982 1109 1055 122 3 0 330 23 5 274 0 77 0 2 0 54
1183 8983 1107 1055 123 3 0 330 23 5 276 0 75 0 2 0 54
1184 8981 1107 1056 124 3 0 330 23 5 277 0 74 0 2 0 54
1185 8983 1105 1056 123 3 0 329 24 5 278 0 73 0 2 0 55
1186 8990 1101 1051 125 3 0 329 24 5 277 0 74 0 2 0 55
1187 8995 1098 1049 125 2 0 330 24 4 279 0 73 0 2 0 55
1188 9004 1096 1047 120 2 0 330 24 4 279 0 73 0 2 0 55
1189 9009 1094 1046 118 2 0 330 24 4 280 0 72 0 2 0 55
1190 9018 1089 1043 117 2 0 330 24 4 282 0 70 0 2 0 55
1191 9033 1081 1036 117 3 0 329 24 5 282 0 69 0 2 0 55
1192 9048 1073 1029 117 3 0 329 24 5 283 0 68 0 2 0 55
1193 9057 1069 1025 116 3 0 329 24 5 283 0 68 0 2 0 55
1194 9063 1066 1022 116 3 0 329 24 5 283 0 68 0 2 0 55
1195 9071 1062 1018 116 3 0 329 24 5 283 0 68 0 2 0 55
1196 9069 1063 1019 116 3 0 329 24 5 283 0 68 0 2 0 55
1197 9078 1058 1015 116 3 0 329 24 5 284 0 67 0 2 0 55
1198 9087 1054 1010 114 3 0 330 24 5 284 0 68 0 2 0 55
1199 9098 1049 1005 113 3 0 330 24 5 284 0 68 0 2 0 55
1200 9101 1049 1006 109 3 0 329 25 5 284 0 68 0 2 0 55
1201 9096 1050 1007 112 3 0 329 25 5 284 0 68 0 2 0 55
1202 9099 1049 1007 110 3 0 328 26 5 284 0 68 0 2 0 55
1203 9109 1044 1001 111 3 0 328 26 5 283 0 69 0 2 0 55
1204 9118 1040 996 111 3 0 329 25 5 283 0 69 0 2 0 55
1205 9122 1038 995 110 3 0 329 25 5 284 0 68 0 2 0 55
1206 9116 1041 997 110 3 0 330 24 5 284 0 68 0 2 0 56
1207 9116 1040 997 111 3 0 330 24 5 285 0 67 0 2 0 56
1208 9121 1037 995 111 3 0 330 24 5 286 0 66 0 2 0 56
1209 9122 1035 992 115 3 0 331 23 5 286 0 66 0 2 0 56
1210 9125 1034 992 113 3 0 331 23 5 287 0 65 0 2 0 56
1211 9145 1023 981 115 3 0 331 23 5 287 0 65 0 2 0 56
1212 9147 1022 980 115 3 0 331 23 5 287 0 65 0 2 0 56
1213 9151 1020 978 115 3 0 331 23 5 287 0 65 0 2 0 56
1214 9156 1017 974 115 3 0 332 23 5 287 0 66 0 2 0 56
1215 9155 1017 974 116 3 0 332 23 5 287 0 66 0 2 0 56
1216 9149 1020 976 117 3 0 332 23 5 286 0 67 0 2 0 56
1217 9154 1016 974 118 3 0 332 23 5 288 0 65 0 2 0 56
1218 9155 1016 974 117 3 0 332 23 5 288 0 65 0 2 0 56
1219 9155 1015 973 119 3 0 332 23 5 288 0 65 0 2 0 56
1220 9167 1010 967 116 3 0 333 23 5 288 0 66 0 2 0 56
1221 9166 1012 970 112 3 0 333 23 5 289 0 65 0 2 0 56
1222 9160 1015 973 112 3 0 333 23 5 289 0 65 0 2 0 56
1223 9151 1018 977 114 3 0 332 24 5 289 0 65 0 2 0 56
1224 9149 1020 978 113 3 0 332 24 5 288 0 66 0 2 0 56
1225 9152 1019 977 112 3 0 332 24 5 288 0 66 0 2 0 56
1226 9160 1015 973 112 3 0 332 24 5 288 0 66 0 2 0 56
1227 9173 1008 966 112 3 0 333 23 5 289 0 65 0 2 0 57
1228 9178 1004 963 114 3 0 333 23 5 290 0 64 0 2 0 57
1229 9179 1003 964 113 3 0 333 23 5 292 0 62 0 2 0 57
1230 9191 998 958 112 3 0 334 22 5 292 0 62 0 2 0 57
1231 9201 992 953 113 3 0 333 23 5 292 0 62 0 2 0 57
1232 9211 987 948 113 3 0 333 23 5 292 0 62 0 2 0 57
1233 9213 985 946 115 3 0 333 23 5 292 0 62 0 2 0 57
1234 9216 984 945 112 3 0 333 24 5 292 0 63 0 2 0 57
1235 9222 982 944 109 3 0 333 24 5 293 0 62 0 2 0 57
1236 9217 984 946 110 3 0 333 24 5 293 0 62 0 2 0 57
1237 9224 980 942 111 3 0 333 24 5 293 0 62 0 2 0 57
1238 9226 979 941 111 3 0 333 24 5 293 0 62 0 2 0 57
1239 9221 982 945 109 3 0 333 24 5 294 0 61 0 2 0 57
1240 9227 979 941 110 3 0 333 24 5 293 0 62 0 2 0 57
1241 9227 982 946 102 3 0 333 24 5 295 0 60 0 2 0 57
1242 9246 973 936 100 3 0 334 24 5 295 0 61 0 2 0 57
1243 9246 972 937 100 4 0 333 24 6 296 0 59 0 2 0 57
1244 9250 971 937 97 4 0 333 24 6 297 0 58 0 2 0 57
1245 9261 965 932 97 4 0 333 24 6 298 0 57 0 2 0 57
1246 9265 964 931 95 4 0 334 23 6 299 0 56 0 2 0 57
1247 9276 958 926 95 4 0 334 23 6 300 0 55 0 2 0 57
1248 9276 957 926 96 4 0 333 24 6 300 0 55 0 2 0 57
1249 9281 955 924 95 4 0 333 24 6 300 0 55 0 2 0 57
1250 9281 954 925 95 4 0 333 24 6 302 0 53 0 2 0 57
1251 9283 953 923 95 4 0 334 23 6 302 0 53 0 2 0 58
1252 9290 949 919 96 4 0 334 23 6 302 0 53 0 2 0 58
1253 9296 945 915 98 4 0 334 23 6 302 0 53 0 2 0 58
1254 9298 945 913 96 4 0 336 22 6 302 0 54 0 2 0 58
1255 9309 942 910 89 4 0 336 23 6 302 0 55 0 2 0 58
1256 9319 938 904 89 4 0 336 23 6 300 0 57 0 2 0 58
1257 9323 936 901 88 4 0 337 23 6 300 0 58 0 2 0 58
1258 9321 938 904 85 4 0 337 23 6 301 0 57 0 2 0 58
1259 9313 942 909 84 4 0 337 23 6 302 0 56 0 2 0 58
1260 9314 941 908 85 4 0 338 22 6 303 0 55 0 2 0 58
1261 9333 932 900 83 4 0 338 22 6 304 0 54 0 2 0 58
1262 9337 930 898 83 4 0 338 22 6 304 0 54 0 2 0 58
1263 9335 931 899 83 4 0 338 22 6 304 0 54 0 2 0 58
1264 9341 927 896 84 4 0 338 22 6 305 0 53 0 2 0 58
1265 9344 925 894 85 4 0 338 22 6 305 0 53 0 2 0 58
1266 9343 926 894 83 4 0 339 22 6 305 0 54 0 2 0 58
1267 9335 930 898 83 4 0 339 22 6 305 0 54 0 2 0 58
1268 9353 922 890 81 4 0 339 22 6 305 0 54 0 2 0 58
1269 9347 925 893 81 4 0 339 22 6 305 0 54 0 2 0 58
1270 9360 919 887 80 4 0 339 22 6 305 0 54 0 2 0 58
1271 9369 915 883 79 4 0 339 22 6 305 0 54 0 2 0 58
1272 9372 914 881 79 4 0 339 22 6 304 0 55 0 2 0 58
1273 9364 918 885 79 4 0 339 22 6 304 0 55 0 2 0 58
1274 9368 915 883 80 4 0 339 22 6 305 0 54 0 2 0 58
1275 9377 911 879 79 4 0 339 22 6 305 0 54 0 2 0 58
1276 9381 909 877 79 4 0 340 21 6 306 0 53 0 2 0 58
1277 9382 908 875 79 4 0 341 21 6 306 0 54 0 2 0 58
1278 9380 908 876 80 4 0 341 21 6 307 0 53 0 2 0 58
1279 9377 910 878 79 5 0 340 21 7 306 0 53 0 2 0 58
1280 9377 910 879 78 5 0 340 21 7 307 0 52 0 2 0 58
1281 9373 912 881 76 5 0 340 22 7 307 0 53 0 2 0 58
1282 9384 907 877 74 5 0 339 23 7 307 0 53 0 2 0 58
1283 9389 905 874 74 5 0 339 23 7 306 0 54 0 2 0 58
1284 9394 902 873 73 5 0 339 23 7 308 0 52 0 2 0 58
1285 9404 897 868 73 5 0 339 23 7 308 0 52 0 2 0 58
1286 9420 890 861 71 5 0 339 23 7 308 0 52 0 2 0 58
1287 9425 888 859 70 5 0 339 23 7 308 0 52 0 2 0 58
1288 9415 891 863 71 5 0 339 24 7 309 0 52 0 2 0 58
1289 9428 884 857 71 5 0 338 25 7 309 0 52 0 2 0 58
1290 9436 880 854 70 5 0 337 26 7 309 0 52 0 2 0 58
1291 9434 880 855 71 5 0 336 27 7 309 0 52 0 2 0 58
1292 9449 873 847 71 5 0 337 26 7 309 0 52 0 2 0 58
1293 9457 869 844 70 5 0 337 26 7 310 0 51 0 2 0 58
1294 9462 866 841 71 5 0 337 26 7 310 0 51 0 2 0 58
1295 9478 857 832 73 5 0 337 26 7 310 0 51 0 2 0 58
1296 9476 858 833 73 5 0 337 26 7 310 0 51 0 2 0 58
1297 9474 859 834 73 5 0 337 26 7 310 0 51 0 2 0 58
1298 9472 859 835 74 5 0 337 26 7 311 0 50 0 2 0 58
1299 9477 856 832 75 5 0 337 26 7 311 0 50 0 2 0 58
1300 9486 852 829 71 5 0 337 27 7 312 0 50 0 2 0 58
1301 9493 848 825 72 5 0 338 26 7 313 0 49 0 2 0 58
1302 9496 847 823 72 5 0 338 26 7 312 0 50 0 2 0 58
1303 9496 847 823 72 5 0 338 26 7 312 0 50 0 2 0 58
1304 9497 846 821 73 5 0 339 25 7 312 0 50 0 2 0 59
1305 9505 843 815 72 5 0 342 23 7 312 0 51 0 2 0 59
1306 9514 839 812 70 5 0 343 22 7 314 0 49 0 2 0 59
1307 9511 840 814 70 5 0 343 22 7 315 0 48 0 2 0 59
1308 9515 838 812 70 5 0 343 22 7 315 0 48 0 2 0 59
1309 9524 834 807 70 5 0 343 22 7 314 0 49 0 2 0 59
1310 9525 833 806 71 6 0 342 22 8 313 0 49 0 2 0 59
1311 9528 832 805 70 6 0 342 22 8 313 0 49 0 2 0 59
1312 9526 833 806 70 6 0 342 22 8 313 0 49 0 2 0 59
1313 9522 836 808 69 6 0 342 22 8 312 0 50 0 2 0 59
1314 9519 838 809 69 6 0 343 21 8 312 0 50 0 2 0 59
1315 9512 841 812 70 6 0 343 21 8 312 0 50 0 2 0 59
1316 9505 845 815 70 6 0 343 21 8 311 0 51 0 2 0 59
1317 9500 847 818 70 6 0 343 21 8 312 0 50 0 2 0 59
1318 9508 843 814 70 6 0 343 21 8 312 0 50 0 2 0 59
1319 9511 842 813 69 6 0 343 21 8 312 0 50 0 2 0 59
1320 9523 837 808 67 6 0 343 21 8 312 0 50 0 2 0 59
1321 9526 835 806 68 6 0 343 21 8 312 0 50 0 2 0 59
1322 9532 832 803 68 6 0 343 21 8 312 0 50 0 2 0 59
1323 9529 834 805 67 6 0 343 21 8 312 0 50 0 2 0 59
1324 9530 833 805 67 6 0 342 22 8 312 0 50 0 2 0 59
1325 9535 831 803 66 6 0 342 22 8 312 0 50 0 2 0 59
1326 9542 827 799 67 6 0 342 22 8 312 0 50 0 2 0 59
1327 9542 826 798 69 6 0 342 22 8 312 0 50 0 2 0 59
1328 9546 824 796 69 6 0 342 22 8 312 0 50 0 2 0 59
1329 9556 819 791 69 6 0 342 22 8 312 0 50 0 2 0 59
1330 9562 816 788 69 6 0 342 22 8 312 0 50 0 2 0 59
1331 9576 809 782 68 6 0 342 22 8 313 0 49 0 2 0 59
1332 9583 806 779 67 6 0 342 22 8 313 0 49 0 2 0 59
1333 9591 802 775 67 6 0 342 22 8 313 0 49 0 2 0 59
1334 9598 799 772 66 6 0 342 22 8 313 0 49 0 2 0 59
1335 9599 799 771 66 6 0 342 22 8 312 0 50 0 2 0 59
1336 9602 798 768 65 6 0 344 21 8 312 0 51 0 2 0 59
1337 9608 794 764 67 6 0 343 22 8 311 0 52 0 2 0 59
1338 9609 793 763 66 6 0 344 22 8 312 0 52 0 2 0 59
1339 9613 792 763 63 6 0 345 21 8 314 0 50 0 2 0 59
1340 9613 792 761 63 6 0 347 20 8 314 0 51 0 2 0 59
1341 9620 787 757 65 6 0 346 21 8 314 0 51 0 2 0 59
1342 9626 783 754 66 6 0 346 21 8 315 0 50 0 2 0 59
1343 9623 785 755 66 6 0 346 21 8 314 0 51 0 2 0 59
1344 9629 781 751 68 6 0 347 20 8 315 0 50 0 2 0 59
1345 9638 777 747 67 6 0 347 20 8 315 0 50 0 2 0 59
1346 9641 777 748 63 6 0 347 20 8 316 0 49 0 2 0 59
1347 9650 772 743 64 6 0 348 19 8 317 0 48 0 2 0 59
1348 9657 769 739 64 6 0 349 18 8 317 0 48 0 2 0 59
1349 9653 771 740 65 6 0 349 18 8 316 0 49 0 2 0 59
1350 9661 767 736 65 6 0 349 18 8 316 0 49 0 2 0 59
1351 9661 767 735 66 6 0 350 17 8 316 0 49 0 2 0 59
1352 9661 766 735 67 6 0 350 17 8 317 0 48 0 2 0 59
1353 9665 763 732 67 6 0 351 17 8 318 0 48 0 2 0 59
1354 9664 764 733 66 6 0 351 17 8 318 0 48 0 2 0 59
1355 9667 763 731 66 6 0 351 17 8 317 0 49 0 2 0 59
1356 9673 760 729 65 6 0 351 17 8 318 0 48 0 2 0 59
1357 9676 759 728 64 6 0 351 17 8 318 0 48 0 2 0 59
1358 9676 759 728 64 6 0 351 17 8 318 0 48 0 2 0 59
1359 9694 750 719 64 6 0 352 16 8 319 0 47 0 2 0 59
1360 9697 750 720 60 6 0 352 16 8 320 0 46 0 2 0 59
1361 9700 747 719 61 6 0 351 17 8 321 0 45 0 2 0 59
1362 9717 739 711 60 5 0 352 17 7 322 0 45 0 2 0 59
1363 9717 739 711 60 5 0 352 17 7 322 0 45 0 2 0 59
1364 9714 741 713 59 5 0 352 17 7 322 0 45 0 2 0 59
1365 9712 742 714 59 5 0 352 17 7 322 0 45 0 2 0 59
1366 9706 744 716 61 5 0 352 17 7 322 0 45 0 2 0 59
1367 9723 736 708 60 5 0 352 17 7 322 0 45 0 2 0 59
1368 9722 735 708 62 5 0 352 17 7 323 0 44 0 2 0 59
1369 9718 737 709 62 5 0 353 16 7 323 0 44 0 2 0 60
1370 9719 737 708 62 5 0 354 15 7 323 0 44 0 2 0 60
1371 9725 733 705 63 5 0 354 15 7 324 0 43 0 2 0 60
1372 9733 729 702 62 6 0 352 16 7 324 1 42 0 2 0 60
1373 9739 726 699 62 6 0 352 16 7 324 1 42 0 2 0 60
1374 9738 726 699 63 6 0 352 16 7 324 1 42 0 2 0 60
1375 9735 728 700 63 6 0 353 15 7 324 1 42 0 2 0 60
1376 9741 725 697 63 6 0 353 15 7 324 1 42 0 2 0 60
1377 9757 716 688 65 6 0 353 15 7 324 1 42 0 2 0 60
1378 9748 720 691 67 6 0 353 15 7 323 1 43 0 2 0 60
1379 9742 723 694 67 6 0 353 15 7 323 1 43 0 2 0 60
1380 9742 722 693 69 6 0 353 15 7 323 1 43 0 2 0 60
1381 9746 720 693 67 6 0 352 16 7 324 1 42 0 2 0 60
1382 9751 718 691 66 6 0 352 16 7 324 1 42 0 2 0 60
1383 9760 713 687 66 6 0 351 17 7 324 1 42 0 2 0 60
1384 9766 710 684 66 6 0 351 17 7 324 1 42 0 2 0 60
1385 9770 708 683 65 6 0 351 17 7 325 1 41 0 2 0 60
1386 9774 706 682 64 6 0 351 17 7 326 1 40 0 2 0 60
1387 9784 702 677 61 6 0 352 17 7 326 1 41 0 2 0 60
1388 9784 701 678 61 6 0 351 18 7 327 1 40 0 2 0 60
1389 9797 696 673 58 6 0 351 18 7 327 1 40 0 2 0 60
1390 9797 696 673 58 6 0 351 18 7 327 1 40 0 2 0 60
1391 9796 696 673 59 6 0 351 18 7 327 1 40 0 2 0 60
1392 9794 696 675 59 6 0 351 18 7 329 1 38 0 2 0 60
1393 9788 699 678 59 6 0 351 18 7 329 1 38 0 2 0 60
1394 9784 701 680 59 6 0 351 18 7 329 1 38 0 2 0 60
1395 9787 701 680 56 6 0 351 18 7 329 1 38 0 2 0 60
1396 9780 704 684 56 6 0 351 18 7 330 1 37 0 2 0 60
1397 9784 702 682 56 6 0 351 18 7 330 1 37 0 2 0 60
1398 9787 700 680 57 6 0 351 18 7 330 1 37 0 2 0 60
1399 9782 702 683 57 6 0 350 19 7 330 1 37 0 2 0 60
1400 9782 703 682 56 6 0 351 18 7 329 1 38 0 2 0 61
1401 9789 699 678 57 6 0 351 18 7 329 1 38 0 2 0 61
1402 9800 695 674 54 6 0 351 18 7 329 1 38 0 2 0 61
1403 9805 693 671 54 6 0 351 18 7 328 1 39 0 2 0 61
1404 9811 690 668 54 6 0 351 18 7 328 1 39 0 2 0 61
1405 9814 688 666 55 6 0 351 18 7 328 1 39 0 2 0 61
1406 9812 689 667 55 6 0 351 18 7 328 1 39 0 2 0 61
1407 9821 685 662 55 6 0 351 18 7 327 1 40 0 2 0 61
1408 9819 686 662 56 6 0 352 17 7 327 1 40 0 2 0 61
1409 9824 684 660 55 6 0 352 17 7 327 1 40 0 2 0 61
1410 9828 682 658 55 6 0 352 17 7 327 1 40 0 2 0 61
1411 9831 681 656 55 6 0 353 16 7 327 1 40 0 2 0 61
1412 9837 678 654 54 6 0 353 16 7 328 1 39 0 2 0 61
1413 9844 675 651 53 7 0 352 16 8 327 1 39 0 2 0 61
1414 9849 672 648 54 7 0 352 16 8 327 1 39 0 2 0 61
1415 9847 673 649 54 7 0 352 16 8 327 1 39 0 2 0 61
1416 9845 674 650 54 7 0 352 16 8 327 1 39 0 2 0 61
1417 9859 667 644 53 7 0 352 16 8 328 1 38 0 2 0 61
1418 9865 664 641 53 7 0 352 16 8 328 1 38 0 2 0 61
1419 9862 666 643 52 7 0 352 16 8 328 1 38 0 2 0 61
1420 9871 662 638 52 7 0 353 15 8 328 1 38 0 2 0 61
1421 9873 661 637 52 7 0 353 15 8 328 1 38 0 2 0 61
1422 9873 661 637 52 7 0 353 15 8 328 1 38 0 2 0 61
1423 9875 661 637 50 7 0 353 15 8 328 1 38 0 2 0 61
1424 9889 655 632 47 7 0 353 15 8 329 1 37 0 2 0 61
1425 9903 649 626 45 8 0 352 15 9 328 1 37 0 2 0 61
1426 9902 650 627 44 8 0 352 15 9 328 1 37 0 2 0 61
1427 9908 647 624 44 8 0 352 15 9 328 1 37 0 2 0 61
1428 9920 641 618 44 8 0 352 15 9 328 1 37 0 2 0 61
1429 9924 640 616 43 8 0 353 14 9 328 1 37 0 2 0 61
1430 9926 640 616 41 8 0 353 14 9 328 1 37 0 2 0 61
1431 9931 638 614 40 8 0 353 14 9 328 1 37 0 2 0 61
1432 9937 635 611 40 8 0 353 14 9 328 1 37 0 2 0 61
1433 9937 635 611 40 8 0 353 14 9 328 1 37 0 2 0 61
1434 9943 632 609 39 8 0 353 14 9 329 1 36 0 2 0 61
1435 9947 630 607 39 8 0 353 14 9 329 1 36 0 2 0 61
1436 9945 630 608 40 8 0 352 15 9 329 1 36 0 2 0 61
1437 9944 630 608 41 8 0 352 15 9 329 1 36 0 2 0 61
1438 9946 629 608 40 8 0 352 15 9 330 1 35 0 2 0 61
1439 9953 625 604 41 8 0 352 15 9 330 1 35 0 2 0 61
1440 9952 626 605 40 8 0 352 15 9 330 1 35 0 2 0 61
1441 9954 625 604 40 8 0 352 15 9 330 1 35 0 2 0 61
1442 9951 627 606 39 8 0 352 15 9 330 1 35 0 2 0 61
1443 9945 630 609 39 8 0 352 15 9 330 1 35 0 2 0 61
1444 9947 629 608 39 9 0 351 15 9 330 1 35 0 2 1 60
1445 9953 626 605 39 9 0 351 15 9 330 1 35 0 2 1 60
1446 9951 627 606 39 9 0 351 15 9 330 1 35 0 2 1 60
1447 9954 624 605 40 9 0 350 16 9 331 1 34 0 2 1 60
1448 9959 622 603 39 9 0 350 16 9 331 1 34 0 2 1 60
1449 9963 620 601 39 9 0 350 16 9 331 1 34 0 2 1 60
1450 9968 619 600 36 9 0 350 16 9 331 1 34 0 2 1 60
1451 9975 616 597 35 9 0 350 16 9 331 1 34 0 2 1 60
1452 9980 614 596 33 9 0 351 15 9 333 1 32 0 2 1 60
1453 9988 610 592 33 9 0 351 15 9 333 1 32 0 2 1 60
1454 9986 611 593 33 9 0 351 15 9 333 1 32 0 2 1 60
1455 9988 610 592 33 9 0 351 15 9 333 1 32 0 2 1 60
1456 9998 605 586 34 9 0 351 15 9 332 1 33 0 2 1 60
1457 10001 603 586 33 9 0 351 15 9 334 1 31 0 2 1 60
1458 10007 600 583 33 9 0 351 15 9 334 1 31 0 2 1 60
1459 10005 601 584 33 9 0 351 15 9 334 1 31 0 2 1 60
1460 10005 601 584 33 9 0 351 15 9 334 1 31 0 2 1 60
1461 10008 600 583 32 9 0 351 15 9 334 1 31 0 2 1 60
1462 10012 598 581 32 10 0 350 15 10 333 1 31 0 2 1 60
1463 10019 595 578 31 10 0 350 15 10 333 1 31 0 2 1 60
1464 10023 593 576 31 10 0 350 15 10 333 1 31 0 2 1 60
1465 10029 590 574 30 10 0 350 15 10 334 1 30 0 2 1 60
1466 10037 586 571 29 10 0 350 15 11 334 0 30 0 2 1 60
1467 10037 586 571 29 10 0 350 15 11 334 0 30 0 2 1 60
1468 10045 582 566 30 10 0 351 14 11 334 0 30 0 2 1 60
1469 10045 582 566 30 10 0 351 14 11 334 0 30 0 2 1 60
1470 10053 578 562 30 10 0 351 14 11 334 0 30 0 2 1 60
1471 10054 577 562 30 10 0 350 15 11 334 0 30 0 2 1 60
1472 10059 575 560 29 10 0 350 15 11 334 0 30 0 2 1 60
1473 10066 571 556 30 10 0 350 15 11 334 0 30 0 2 1 60
1474 10073 568 552 30 10 0 351 14 11 334 0 30 0 2 1 60
1475 10068 569 555 31 10 0 351 14 11 336 0 28 0 2 1 60
1476 10070 568 554 31 10 0 351 14 11 336 0 28 0 2 1 60
1477 10077 564 551 31 10 0 351 14 11 337 0 27 0 2 1 60
1478 10084 560 548 31 10 0 350 15 11 337 0 27 0 2 1 60
1479 10086 559 546 32 10 0 350 15 11 336 0 28 0 2 1 60
1480 10086 558 546 33 10 0 349 16 11 336 0 28 0 2 1 60
1481 10092 556 544 31 10 0 349 16 11 336 0 28 0 2 1 60
1482 10091 557 545 30 10 0 349 16 11 336 0 28 0 2 1 60
1483 10093 556 544 30 10 0 349 16 11 336 0 28 0 2 1 60
1484 10093 556 544 30 10 0 349 16 11 336 0 28 0 2 1 60
1485 10095 554 542 32 10 0 349 16 11 336 0 28 0 2 1 60
1486 10103 551 537 30 10 0 351 15 11 336 0 29 0 2 1 60
1487 10107 549 535 30 10 0 351 15 11 336 0 29 0 2 1 60
1488 10095 555 541 30 10 0 351 15 11 336 0 29 0 2 1 60
1489 10095 555 541 30 10 0 351 15 11 336 0 29 0 2 1 60
1490 10097 554 540 30 10 0 351 15 11 336 0 29 0 2 1 60
1491 10093 556 542 30 10 0 351 15 11 336 0 29 0 2 1 60
1492 10097 554 540 30 10 0 351 15 11 336 0 29 0 2 1 60
1493 10093 556 542 30 10 0 351 15 11 336 0 29 0 2 1 60
1494 10103 551 538 29 10 0 351 15 11 337 0 28 0 2 1 60
1495 10112 547 533 29 10 0 351 15 11 336 0 29 0 2 1 60
1496 10116 544 531 30 10 0 351 15 11 337 0 28 0 2 1 60
1497 10121 542 529 29 10 0 351 15 11 337 0 28 0 2 1 60
1498 10129 538 525 29 10 0 351 15 11 337 0 28 0 2 1 60
1499 10129 538 525 29 10 0 351 15 11 337 0 28 0 2 1 60
1500 10132 536 524 29 10 0 351 15 11 338 0 27 0 2 1 60
