0 1979 195 0 0 0 0 0 0 0 0 0 0 0 0 0 0
1 11650 193 193 0 0 0 0 0 0 0 0 0 0 0 0 0
2 11652 192 192 0 0 0 0 0 0 0 0 0 0 0 0 0
3 11652 192 192 0 0 0 0 0 0 0 0 0 0 0 0 0
4 11652 192 192 0 0 0 0 0 0 0 0 0 0 0 0 0
5 11658 189 189 0 0 0 0 0 0 0 0 0 0 0 0 0
6 11658 189 189 0 0 0 0 0 0 0 0 0 0 0 0 0
7 11652 192 192 0 0 0 0 0 0 0 0 0 0 0 0 0
8 11652 192 192 0 0 0 0 0 0 0 0 0 0 0 0 0
9 11655 190 190 1 0 0 0 0 0 0 0 0 0 0 0 0
10 11651 192 192 1 0 0 0 0 0 0 0 0 0 0 0 0
11 11649 193 193 1 0 0 0 0 0 0 0 0 0 0 0 0
12 11647 194 194 1 0 0 0 0 0 0 0 0 0 0 0 0
13 11645 195 195 1 0 0 0 0 0 0 0 0 0 0 0 0
14 11639 198 198 1 0 0 0 0 0 0 0 0 0 0 0 0
15 11639 198 198 1 0 0 0 0 0 0 0 0 0 0 0 0
16 11643 196 196 1 0 0 0 0 0 0 0 0 0 0 0 0
17 11641 197 197 1 0 0 0 0 0 0 0 0 0 0 0 0
18 11641 197 197 1 0 0 0 0 0 0 0 0 0 0 0 0
19 11641 197 197 1 0 0 0 0 0 0 0 0 0 0 0 0
20 11643 196 196 1 0 0 0 0 0 0 0 0 0 0 0 0
21 11645 195 195 1 0 0 0 0 0 0 0 0 0 0 0 0
22 11647 194 194 1 0 0 0 0 0 0 0 0 0 0 0 0
23 11647 194 194 1 0 0 0 0 0 0 0 0 0 0 0 0
24 11639 198 198 1 0 0 0 0 0 0 0 0 0 0 0 0
25 11641 197 197 1 0 0 0 0 0 0 0 0 0 0 0 0
26 11641 197 197 1 0 0 0 0 0 0 0 0 0 0 0 0
27 11639 198 198 1 0 0 0 0 0 0 0 0 0 0 0 0
28 11635 200 200 1 0 0 0 0 0 0 0 0 0 0 0 0
29 11637 199 199 1 0 0 0 0 0 0 0 0 0 0 0 0
30 11643 196 196 1 0 0 0 0 0 0 0 0 0 0 0 0
31 11641 197 197 1 0 0 0 0 0 0 0 0 0 0 0 0
32 11637 199 199 1 0 0 0 0 0 0 0 0 0 0 0 0
33 11633 201 201 1 0 0 0 0 0 0 0 0 0 0 0 0
34 11633 201 201 1 0 0 0 0 0 0 0 0 0 0 0 0
35 11633 201 201 1 0 0 0 0 0 0 0 0 0 0 0 0
36 11623 206 206 1 0 0 0 0 0 0 0 0 0 0 0 0
37 11623 206 206 1 0 0 0 0 0 0 0 0 0 0 0 0
38 11618 208 208 2 0 0 0 0 0 0 0 0 0 0 0 0
39 11618 208 208 2 0 0 0 0 0 0 0 0 0 0 0 0
40 11612 211 211 2 0 0 0 0 0 0 0 0 0 0 0 0
41 11606 214 214 2 0 0 0 0 0 0 0 0 0 0 0 0
42 11606 214 214 2 0 0 0 0 0 0 0 0 0 0 0 0
43 11602 216 216 2 0 0 0 0 0 0 0 0 0 0 0 0
44 11592 221 221 2 0 0 0 0 0 0 0 0 0 0 0 0
45 11588 223 223 2 0 0 0 0 0 0 0 0 0 0 0 0
46 11582 226 226 2 0 0 0 0 0 0 0 0 0 0 0 0
47 11576 229 229 2 0 0 0 0 0 0 0 0 0 0 0 0
48 11561 236 236 3 0 0 0 0 0 0 0 0 0 0 0 0
49 11545 244 244 3 0 0 0 0 0 0 0 0 0 0 0 0
50 11540 246 246 4 0 0 0 0 0 0 0 0 0 0 0 0
51 11532 250 250 4 0 0 0 0 0 0 0 0 0 0 0 0
52 11523 255 255 3 0 0 0 0 0 0 0 0 0 0 0 0
53 11505 264 264 3 0 0 0 0 0 0 0 0 0 0 0 0
54 11486 274 274 2 0 0 0 0 0 0 0 0 0 0 0 0
55 11472 281 281 2 0 0 0 0 0 0 0 0 0 0 0 0
56 11456 289 289 2 0 0 0 0 0 0 0 0 0 0 0 0
57 11446 294 294 2 0 0 0 0 0 0 0 0 0 0 0 0
58 11436 299 299 2 0 0 0 0 0 0 0 0 0 0 0 0
59 11430 302 302 2 0 0 0 0 0 0 0 0 0 0 0 0
60 11421 306 306 3 0 0 0 0 0 0 0 0 0 0 0 0
61 11416 308 308 4 0 0 0 0 0 0 0 0 0 0 0 0
62 11401 315 315 5 0 0 0 0 0 0 0 0 0 0 0 0
63 11388 321 321 6 0 0 0 0 0 0 0 0 0 0 0 0
64 11356 337 337 6 0 0 0 0 0 0 0 0 0 0 0 0
65 11336 346 346 8 0 0 0 0 0 0 0 0 0 0 0 0
66 11312 357 357 10 0 0 0 0 0 0 0 0 0 0 0 0
67 11310 358 358 10 0 0 0 0 0 0 0 0 0 0 0 0
68 11304 361 361 10 0 0 0 0 0 0 0 0 0 0 0 0
69 11300 363 363 10 0 0 0 0 0 0 0 0 0 0 0 0
70 11287 369 369 11 0 0 0 0 0 0 0 0 0 0 0 0
71 11279 373 373 11 0 0 0 0 0 0 0 0 0 0 0 0
72 11263 381 381 11 0 0 0 0 0 0 0 0 0 0 0 0
73 11252 386 386 12 0 0 0 0 0 0 0 0 0 0 0 0
74 11226 399 399 12 0 0 0 0 0 0 0 0 0 0 0 0
75 11213 405 404 12 0 0 1 0 0 0 0 1 0 0 0 0
76 11199 412 411 12 0 0 1 0 0 0 0 1 0 0 0 0
77 11175 424 423 12 0 0 1 0 0 0 0 1 0 0 0 0
78 11165 429 428 12 0 0 1 0 0 0 0 1 0 0 0 0
79 11161 431 430 12 0 0 1 0 0 0 0 1 0 0 0 0
80 11158 432 431 13 0 0 1 0 0 0 0 1 0 0 0 0
81 11141 440 439 14 0 0 1 0 0 0 0 1 0 0 0 0
82 11126 447 446 15 0 0 1 0 0 0 0 1 0 0 0 0
83 11114 453 452 15 0 0 1 0 0 0 0 1 0 0 0 0
84 11098 461 460 15 0 0 1 0 0 0 0 1 0 0 0 0
85 11089 465 464 16 0 0 1 0 0 0 0 1 0 0 0 0
86 11070 473 472 19 0 0 1 0 0 0 0 1 0 0 0 0
87 11053 481 480 20 0 0 1 0 0 0 0 1 0 0 0 0
88 11033 492 491 18 0 0 1 0 0 0 0 1 0 0 0 0
89 11025 496 495 18 0 0 1 0 0 0 0 1 0 0 0 0
90 11007 505 504 18 0 0 1 0 0 0 0 1 0 0 0 0
91 10997 510 509 18 0 0 1 0 0 0 0 1 0 0 0 0
92 10985 516 515 18 0 0 1 0 0 0 0 1 0 0 0 0
93 10978 519 518 19 0 0 1 0 0 0 0 1 0 0 0 0
94 10973 521 520 20 0 0 1 0 0 0 0 1 0 0 0 0
95 10951 532 531 20 0 0 1 0 0 0 0 1 0 0 0 0
96 10943 535 534 22 0 0 1 0 0 0 0 1 0 0 0 0
97 10933 540 539 22 0 0 1 0 0 0 0 1 0 0 0 0
98 10921 546 545 22 0 0 1 0 0 0 0 1 0 0 0 0
99 10915 549 548 22 0 0 1 0 0 0 0 1 0 0 0 0
100 10911 551 550 22 0 0 1 0 0 0 0 1 0 0 0 0
101 10904 554 553 23 0 0 1 0 0 0 0 1 0 0 0 0
102 10887 562 561 24 0 0 1 0 0 0 0 1 0 0 0 0
103 10865 572 571 26 0 0 1 0 0 0 0 1 0 0 0 0
104 10866 571 570 27 0 0 1 0 0 0 0 1 0 0 0 0
105 10851 578 576 27 0 0 2 0 0 0 0 2 0 0 0 0
106 10844 582 580 26 0 0 2 0 0 0 0 2 0 0 0 0
107 10839 584 582 27 0 0 2 0 0 0 0 2 0 0 0 0
108 10835 586 584 27 0 0 2 0 0 0 0 2 0 0 0 0
109 10828 590 588 26 0 0 2 0 0 0 0 2 0 0 0 0
110 10824 591 588 27 0 0 3 0 0 0 0 3 0 0 0 0
111 10814 596 593 27 0 0 3 0 0 0 0 3 0 0 0 0
112 10808 599 596 27 0 0 3 0 0 0 0 3 0 0 0 0
113 10803 601 598 28 0 0 3 0 0 0 0 3 0 0 0 0
114 10797 603 600 30 0 0 3 0 0 0 0 3 0 0 0 0
115 10777 613 610 30 0 0 3 0 0 0 0 3 0 0 0 0
116 10767 618 614 29 0 0 4 0 0 0 0 4 0 0 0 0
117 10757 623 619 29 0 0 4 0 0 0 0 4 0 0 0 0
118 10745 629 625 29 0 0 4 0 0 0 0 4 0 0 0 0
119 10733 635 631 29 0 0 4 0 0 0 0 4 0 0 0 0
120 10717 643 639 29 0 0 4 0 0 0 0 4 0 0 0 0
121 10722 640 636 30 0 0 4 0 0 0 0 4 0 0 0 0
122 10711 645 641 31 0 0 4 0 0 0 0 4 0 0 0 0
123 10706 647 643 32 0 0 4 0 0 0 0 4 0 0 0 0
124 10687 656 652 33 0 0 4 0 0 0 0 4 0 0 0 0
125 10680 659 655 34 0 0 4 0 0 0 0 4 0 0 0 0
126 10658 670 666 34 0 0 4 0 0 0 0 4 0 0 0 0
127 10644 676 672 36 0 0 4 0 0 0 0 4 0 0 0 0
128 10631 681 677 39 0 0 4 0 0 0 0 4 0 0 0 0
129 10615 688 684 41 0 0 4 0 0 0 0 4 0 0 0 0
130 10600 696 692 40 0 0 4 0 0 0 0 4 0 0 0 0
131 10600 696 692 40 0 0 4 0 0 0 0 4 0 0 0 0
132 10591 700 696 41 0 0 4 0 0 0 0 4 0 0 0 0
133 10586 702 698 42 0 0 4 0 0 0 0 4 0 0 0 0
134 10564 713 708 41 0 0 5 0 0 0 0 5 0 0 0 0
135 10557 716 711 42 0 0 5 0 0 0 0 5 0 0 0 0
136 10545 722 718 41 0 0 5 0 0 1 0 4 0 0 0 0
137 10532 727 723 44 0 0 5 0 0 1 0 4 0 0 0 0
138 10521 732 728 45 0 0 5 0 0 1 0 4 0 0 0 0
139 10506 739 735 46 0 0 5 0 0 1 0 4 0 0 0 0
140 10494 746 742 44 0 0 5 0 0 1 0 4 0 0 0 0
141 10485 749 745 47 0 0 5 0 0 1 0 4 0 0 0 0
142 10473 755 751 47 0 0 5 0 0 1 0 4 0 0 0 0
143 10465 758 754 49 0 0 5 0 0 1 0 4 0 0 0 0
144 10450 765 761 50 0 0 5 0 0 1 0 4 0 0 0 0
145 10430 775 771 50 0 0 5 0 0 1 0 4 0 0 0 0
146 10419 780 776 51 0 0 5 0 0 1 0 4 0 0 0 0
147 10404 788 784 50 0 0 5 0 0 1 0 4 0 0 0 0
148 10389 795 790 50 0 0 6 0 0 1 0 5 0 0 0 0
149 10364 807 802 51 0 0 6 0 0 1 0 5 0 0 0 0
150 10332 823 817 50 0 0 7 0 0 1 0 6 0 0 0 0
151 10318 829 823 52 0 0 7 0 0 1 0 6 0 0 0 0
152 10308 834 828 52 0 0 7 0 0 1 0 6 0 0 0 0
153 10288 843 836 53 0 0 8 0 0 1 0 7 0 0 0 0
154 10286 843 836 55 0 0 8 0 0 1 0 7 0 0 0 0
155 10281 844 837 58 0 0 8 0 0 1 0 7 0 0 0 0
156 10249 858 851 62 0 0 8 0 0 1 0 7 0 0 0 0
157 10224 871 864 61 0 0 8 0 0 1 0 7 0 0 0 0
158 10202 882 875 61 0 0 8 0 0 1 0 7 0 0 0 0
159 10192 887 880 61 0 0 8 0 0 1 0 7 0 0 0 0
160 10181 891 884 64 0 0 8 0 0 1 0 7 0 0 0 0
161 10162 900 893 65 0 0 8 0 0 1 0 7 0 0 0 0
162 10122 919 912 67 0 0 8 0 0 1 0 7 0 0 0 0
163 10109 923 916 72 0 0 8 0 0 1 0 7 0 0 0 0
164 10068 942 935 75 0 0 8 0 0 1 0 7 0 0 0 0
165 10054 948 940 76 0 0 9 0 0 1 0 8 0 0 0 0
166 10025 962 954 77 0 0 9 0 0 1 0 8 0 0 0 0
167 10003 973 964 76 0 0 10 0 0 1 0 9 0 0 0 0
168 9982 982 973 79 0 0 10 0 0 1 0 9 0 0 0 0
169 9959 992 983 82 0 0 10 0 0 1 0 9 0 0 0 0
170 9935 1003 992 82 0 0 12 0 0 1 0 11 0 0 0 0
171 9919 1011 1000 82 0 0 12 0 0 1 0 11 0 0 0 0
172 9911 1013 1002 86 0 0 12 0 0 1 0 11 0 0 0 0
173 9893 1021 1010 88 0 0 12 0 0 1 0 11 0 0 0 0
174 9871 1030 1018 91 0 0 13 0 0 1 0 12 0 0 0 0
175 9847 1042 1029 90 0 0 14 0 0 1 0 13 0 0 0 0
176 9819 1055 1041 91 0 0 15 0 0 1 0 14 0 0 0 0
177 9781 1071 1056 96 0 0 16 0 0 1 0 15 0 0 0 0
178 9759 1083 1068 94 0 0 16 0 0 1 0 15 0 0 0 0
179 9730 1097 1081 94 0 0 17 0 0 1 0 16 0 0 0 0
180 9722 1099 1083 98 0 0 17 0 0 1 0 16 0 0 0 0
181 9707 1104 1087 102 0 0 18 0 0 1 0 17 0 0 0 0
182 9702 1105 1087 102 0 0 19 1 0 1 0 19 0 0 0 0
183 9694 1108 1090 104 0 0 19 1 0 1 0 19 0 0 0 0
184 9685 1113 1095 103 0 0 19 1 0 1 0 19 0 0 0 0
185 9672 1119 1101 104 0 0 19 1 0 1 0 19 0 0 0 0
186 9661 1123 1105 107 0 0 19 1 0 1 0 19 0 0 0 0
187 9655 1125 1108 108 0 0 18 2 0 1 0 19 0 0 0 0
188 9628 1138 1120 108 0 0 19 2 0 1 0 20 0 0 0 0
189 9634 1134 1116 110 0 0 19 2 0 1 0 20 0 0 0 0
190 9619 1140 1122 113 0 0 19 2 0 1 0 20 0 0 0 0
191 9596 1150 1132 116 0 0 19 2 0 1 0 20 0 0 0 0
192 9588 1152 1134 118 0 0 19 3 0 1 0 21 0 0 0 0
193 9564 1163 1145 120 0 0 19 3 0 1 0 21 0 0 0 0
194 9550 1169 1149 120 0 0 21 3 0 1 0 23 0 0 0 0
195 9537 1175 1154 120 0 0 22 3 0 1 0 24 0 0 0 0
196 9524 1181 1159 120 0 0 23 3 0 1 0 25 0 0 0 0
197 9511 1185 1162 124 0 0 24 3 0 1 0 26 0 0 0 0
198 9490 1195 1171 124 0 0 25 3 0 1 0 27 0 0 0 0
199 9485 1196 1172 127 0 0 25 3 0 1 0 27 0 0 0 0
200 9488 1195 1171 126 0 0 25 3 0 1 0 27 0 0 0 0
201 9485 1198 1172 119 0 0 27 4 0 1 0 30 0 0 0 0
202 9466 1207 1180 119 0 0 28 4 0 1 0 31 0 0 0 0
203 9466 1207 1181 118 0 0 28 4 0 2 0 30 0 0 0 0
204 9463 1207 1180 120 0 0 29 4 0 2 0 31 0 0 0 0
205 9460 1209 1182 119 0 0 29 4 0 2 0 31 0 0 0 0
206 9453 1211 1184 122 0 0 29 4 0 2 0 31 0 0 0 0
207 9451 1211 1184 124 0 0 29 4 0 2 0 31 0 0 0 0
208 9458 1208 1181 121 0 0 30 4 0 3 0 31 0 0 0 0
209 9455 1208 1180 123 0 0 31 4 0 3 0 32 0 0 0 0
210 9449 1211 1183 123 0 0 31 4 0 3 0 32 0 0 0 0
211 9432 1217 1189 128 0 0 31 4 0 3 0 32 0 0 0 0
212 9410 1228 1200 128 0 0 31 4 0 3 0 32 0 0 0 0
213 9400 1233 1204 127 0 0 32 4 0 3 0 33 0 0 0 0
214 9397 1234 1205 128 0 0 32 4 0 3 0 33 0 0 0 0
215 9390 1237 1208 129 0 0 32 4 0 3 0 33 0 0 0 0
216 9380 1240 1209 129 0 0 34 5 0 3 0 36 0 0 0 0
217 9369 1245 1215 129 0 0 34 5 0 4 0 35 0 0 0 0
218 9365 1246 1217 130 0 0 34 5 0 5 0 34 0 0 0 0
219 9357 1248 1219 132 0 0 34 6 0 5 0 35 0 0 0 0
220 9342 1256 1227 129 0 0 35 6 0 6 0 35 0 0 0 0
221 9329 1262 1233 126 0 0 35 8 0 6 0 37 0 0 0 0
222 9328 1264 1235 123 0 0 35 8 0 6 0 37 0 0 0 0
223 9325 1265 1235 125 0 0 36 7 0 6 0 37 0 0 0 0
224 9326 1264 1234 126 0 0 36 7 0 6 0 37 0 0 0 0
225 9318 1266 1237 127 0 0 37 7 0 8 0 36 0 0 0 0
226 9318 1267 1238 125 0 0 37 7 0 8 0 36 0 0 0 0
227 9311 1270 1241 126 0 0 37 7 0 8 0 36 0 0 0 0
228 9305 1274 1245 124 0 0 37 7 0 8 0 36 0 0 0 0
229 9300 1274 1244 128 0 0 38 7 0 8 0 37 0 0 0 0
230 9299 1275 1243 125 0 0 40 7 0 8 0 39 0 0 0 0
231 9292 1277 1246 127 0 0 40 7 0 9 0 38 0 0 0 0
232 9286 1281 1248 125 0 0 42 6 0 9 0 39 0 0 0 0
233 9290 1280 1247 123 0 0 42 6 0 9 0 39 0 0 0 0
234 9283 1284 1251 122 0 0 42 6 0 9 0 39 0 0 0 0
235 9285 1282 1249 124 0 0 42 6 0 9 0 39 0 0 0 0
236 9280 1284 1250 124 0 0 43 6 0 9 0 40 0 0 0 0
237 9277 1285 1251 125 0 0 43 6 0 9 0 40 0 0 0 0
238 9267 1289 1254 127 0 0 44 5 0 9 0 40 0 0 0 1
239 9255 1295 1259 126 0 0 45 5 0 9 0 41 0 0 0 1
240 9249 1298 1261 125 0 0 46 5 0 9 0 42 0 0 0 1
241 9245 1300 1262 124 0 0 47 5 0 9 0 43 0 0 0 1
242 9227 1308 1271 125 0 0 47 5 0 10 0 42 0 0 0 1
243 9226 1308 1270 123 0 0 48 6 0 10 0 44 0 0 0 1
244 9221 1310 1272 122 0 0 48 7 0 10 0 45 0 0 0 1
245 9222 1307 1269 127 0 0 48 7 0 10 0 45 0 0 0 1
246 9208 1312 1274 131 0 0 48 7 0 10 0 45 0 0 0 1
247 9198 1315 1278 134 0 0 48 7 0 11 0 44 0 0 0 1
248 9179 1325 1288 133 0 0 48 7 0 11 0 44 0 0 0 1
249 9176 1326 1287 132 0 0 50 7 0 11 0 46 0 0 0 1
250 9168 1329 1287 131 0 0 53 7 0 11 0 49 0 0 0 1
251 9152 1335 1293 135 0 0 53 7 0 11 0 49 0 0 0 1
252 9144 1339 1296 134 0 0 54 7 0 11 0 50 0 0 0 1
253 9136 1343 1299 131 0 0 55 8 0 11 0 52 0 0 0 1
254 9122 1348 1304 135 0 0 55 8 0 11 0 52 0 0 0 1
255 9117 1349 1305 138 0 0 55 8 0 11 0 52 0 0 0 1
256 9097 1358 1312 138 0 0 57 8 0 11 0 54 0 0 0 1
257 9084 1363 1318 140 0 0 57 8 0 12 0 53 0 0 0 1
258 9087 1363 1318 137 0 0 57 8 0 12 0 53 0 0 0 1
259 9061 1376 1332 136 0 0 56 9 0 12 0 53 0 0 0 1
260 9055 1378 1334 138 0 0 56 9 0 12 0 53 0 0 0 1
261 9028 1391 1347 139 0 0 56 9 0 12 0 53 0 0 0 1
262 8999 1404 1360 142 0 0 56 9 0 12 0 53 0 0 0 1
263 8990 1407 1363 145 0 0 56 9 0 12 0 53 0 0 0 1
264 8982 1409 1363 147 0 0 58 9 0 12 0 55 0 0 0 1
265 8963 1417 1371 150 0 0 58 9 0 12 0 55 0 0 0 1
266 8957 1418 1371 153 0 0 59 9 0 12 0 56 0 0 0 1
267 8948 1423 1375 153 0 0 60 8 0 12 0 56 0 0 0 1
268 8933 1428 1380 156 0 0 60 9 0 12 0 57 0 0 0 1
269 8918 1433 1385 161 0 0 60 9 0 12 0 57 0 0 0 1
270 8909 1434 1386 168 0 0 60 9 0 12 0 57 0 0 0 1
271 8915 1431 1382 167 0 0 61 9 0 12 0 58 0 0 0 1
272 8912 1432 1381 164 0 0 63 10 0 12 0 61 0 0 0 1
273 8893 1441 1388 163 0 0 65 10 0 12 0 63 0 0 0 1
274 8887 1443 1388 163 0 0 67 10 0 12 0 65 0 0 0 1
275 8868 1452 1395 161 0 0 69 10 0 12 0 67 0 0 0 2
276 8859 1455 1397 161 0 0 70 11 0 12 0 69 0 0 0 2
277 8835 1466 1408 163 0 0 70 11 0 12 0 69 0 0 0 2
278 8820 1472 1412 162 0 0 72 12 0 12 0 72 0 0 0 2
279 8819 1471 1411 163 0 0 72 13 0 12 0 73 0 0 0 2
280 8812 1473 1414 165 0 0 71 14 0 12 0 73 0 0 0 2
281 8807 1473 1413 169 0 0 72 14 0 12 0 74 0 0 0 2
282 8803 1474 1413 172 0 0 73 13 0 12 0 74 0 0 0 2
283 8807 1470 1406 174 0 0 76 12 0 12 0 76 0 0 0 3
284 8804 1470 1407 176 0 0 76 12 0 13 0 75 0 0 0 3
285 8796 1472 1409 180 0 0 76 12 0 13 0 75 0 0 0 3
286 8783 1476 1411 183 0 0 78 12 0 13 0 77 0 0 0 3
287 8789 1472 1407 185 0 0 78 12 0 13 0 77 0 0 0 3
288 8773 1478 1415 187 0 0 77 13 0 14 0 76 0 0 0 3
289 8763 1484 1421 185 0 0 77 13 0 14 0 76 0 0 0 3
290 8759 1485 1422 187 0 0 77 13 0 14 0 76 0 0 0 3
291 8748 1490 1427 188 0 0 77 13 0 14 0 76 0 0 0 3
292 8755 1485 1423 190 0 0 77 13 0 15 0 75 0 0 0 3
293 8739 1492 1429 191 0 0 78 13 0 15 0 76 0 0 0 3
294 8722 1500 1436 192 0 0 79 12 0 15 0 76 0 0 0 4
295 8727 1498 1434 191 0 0 79 12 0 15 0 76 0 0 0 4
296 8720 1498 1434 198 0 0 79 12 0 15 0 76 0 0 0 4
297 8727 1495 1430 198 0 0 79 12 0 14 0 77 0 0 0 4
298 8730 1493 1427 196 0 0 81 12 0 15 0 78 0 0 0 4
299 8718 1499 1432 193 0 0 82 13 0 15 0 80 0 0 0 4
300 8712 1499 1432 197 0 0 83 13 0 16 0 80 0 0 0 4
301 8709 1500 1433 198 0 0 83 13 0 16 0 80 0 0 0 4
302 8717 1496 1429 198 0 0 83 13 0 16 0 80 0 0 0 4
303 8705 1501 1434 200 0 0 83 13 0 16 0 80 0 0 0 4
304 8695 1505 1438 202 0 0 83 13 0 16 0 80 0 0 0 4
305 8691 1508 1440 201 0 0 83 13 0 15 0 81 0 0 0 4
306 8681 1511 1442 204 0 0 84 13 0 15 0 82 0 0 0 4
307 8679 1511 1442 204 0 0 84 14 0 15 0 83 0 0 0 4
308 8668 1514 1446 208 0 0 83 15 0 15 0 83 0 0 0 4
309 8665 1514 1446 211 0 0 83 15 0 15 0 83 0 0 0 4
310 8659 1517 1449 210 0 0 84 14 0 16 0 82 0 0 0 5
311 8658 1517 1446 205 0 0 87 15 0 16 0 86 0 0 0 6
312 8663 1512 1441 206 0 0 88 16 0 17 0 87 0 0 0 6
313 8660 1514 1441 203 0 0 90 16 0 17 0 89 0 0 0 6
314 8655 1517 1441 199 0 0 94 15 0 18 0 91 0 0 0 6
315 8646 1520 1443 201 0 0 95 15 0 18 0 92 0 0 0 6
316 8640 1522 1442 201 0 0 98 14 0 18 0 94 0 0 0 7
317 8628 1527 1448 202 0 0 98 14 0 19 0 93 0 0 0 7
318 8640 1522 1443 198 0 0 99 14 0 20 0 93 0 0 0 7
319 8645 1518 1439 201 0 0 99 14 0 20 0 93 0 0 0 7
320 8651 1515 1435 200 0 0 100 14 0 20 0 94 0 0 0 7
321 8642 1519 1438 200 0 0 101 14 0 20 0 95 0 0 0 7
322 8641 1518 1436 204 0 0 102 13 0 20 0 95 0 0 0 7
323 8645 1517 1435 202 0 0 102 13 0 20 0 95 0 0 0 7
324 8649 1515 1434 199 0 0 103 13 0 22 0 94 0 0 0 7
325 8654 1510 1430 203 0 0 103 13 0 23 0 93 0 0 0 7
326 8646 1513 1432 204 0 0 104 13 0 23 0 94 0 0 0 7
327 8651 1510 1430 202 0 0 104 14 0 24 0 94 0 0 0 7
328 8652 1510 1430 201 0 0 104 14 0 24 0 94 0 0 0 7
329 8654 1511 1430 196 0 0 105 14 0 24 0 95 0 0 0 7
330 8665 1506 1424 196 0 0 106 13 0 24 0 95 0 0 0 7
331 8653 1510 1429 199 0 0 106 13 0 25 0 94 0 0 0 7
332 8652 1510 1430 199 0 0 106 13 0 26 0 93 0 0 0 7
333 8647 1510 1430 204 0 0 106 13 0 26 0 93 0 0 0 7
334 8643 1512 1432 204 0 0 106 13 0 26 0 93 0 0 0 7
335 8642 1512 1431 204 0 0 107 13 0 26 0 94 0 0 0 7
336 8635 1514 1431 205 0 0 109 13 0 26 0 96 0 0 0 7
337 8634 1511 1429 211 0 0 108 14 0 26 0 96 0 0 0 7
338 8618 1517 1437 213 0 0 107 15 0 27 0 95 0 0 0 7
339 8614 1521 1439 207 0 0 109 15 0 27 0 97 0 0 0 7
340 8602 1527 1445 205 0 0 109 16 0 27 0 98 0 0 0 7
341 8600 1525 1446 207 0 0 108 17 0 29 0 96 0 0 0 8
342 8589 1531 1452 206 0 0 108 17 0 29 0 96 0 0 0 8
343 8569 1539 1459 207 0 0 110 17 0 30 0 97 0 0 0 8
344 8557 1547 1468 202 0 0 109 18 0 30 0 97 0 0 0 8
345 8547 1551 1471 204 0 0 110 17 0 30 0 97 0 0 0 9
346 8525 1561 1480 205 0 0 111 17 0 30 0 98 0 0 0 9
347 8504 1570 1489 208 0 0 111 17 0 30 0 98 0 0 0 9
348 8488 1574 1495 212 0 0 110 19 0 31 0 98 0 0 0 9
349 8476 1579 1498 212 0 0 112 19 0 31 0 100 0 0 0 9
350 8465 1584 1504 211 0 0 112 19 0 32 0 99 0 0 0 10
351 8463 1585 1504 210 0 0 113 19 0 32 0 100 0 0 0 10
352 8448 1589 1507 216 0 0 114 19 0 32 0 101 0 0 0 10
353 8441 1590 1506 219 0 0 116 19 0 32 0 103 0 0 0 10
354 8424 1597 1511 220 0 0 118 19 0 32 0 105 0 0 0 10
355 8412 1602 1514 222 0 0 120 18 0 32 0 106 0 0 0 10
356 8415 1599 1511 225 0 0 120 18 0 32 0 106 0 0 0 10
357 8407 1602 1512 224 0 0 122 18 0 32 0 108 0 0 0 11
358 8392 1607 1514 226 0 0 125 18 0 32 0 111 0 0 0 11
359 8383 1612 1518 224 0 0 126 18 0 32 0 112 0 0 0 11
360 8378 1612 1519 226 0 0 125 20 0 32 0 113 0 0 0 11
361 8378 1613 1518 225 0 0 126 19 0 31 0 114 0 0 0 12
362 8361 1620 1525 226 0 0 127 19 0 32 0 114 0 0 0 12
363 8347 1626 1530 229 0 0 128 18 0 32 0 114 0 0 0 12
364 8335 1632 1538 227 0 0 127 19 0 33 0 113 0 0 0 12
365 8317 1639 1546 230 0 0 127 19 0 34 0 112 0 0 0 12
366 8314 1637 1545 234 0 0 128 19 0 36 0 111 0 0 0 12
367 8302 1641 1549 238 0 0 128 19 0 36 0 111 0 0 0 12
368 8295 1644 1550 235 0 0 130 20 0 36 0 114 0 0 0 12
369 8280 1648 1555 241 0 0 130 20 0 37 0 113 0 0 0 12
370 8266 1650 1557 245 0 0 132 20 0 39 0 113 0 0 0 14
371 8271 1648 1552 241 0 0 135 20 0 39 0 116 0 0 0 14
372 8243 1662 1565 241 0 0 136 19 0 39 0 116 0 0 0 15
373 8239 1660 1561 247 0 0 138 19 0 39 0 118 0 0 0 15
374 8238 1660 1562 247 0 0 138 19 0 40 0 117 0 0 0 15
375 8239 1657 1564 245 0 0 137 21 0 44 0 114 0 0 0 15
376 8237 1657 1565 246 0 0 137 21 0 45 0 113 0 0 0 15
377 8224 1662 1570 249 0 0 137 21 0 45 0 113 0 0 0 15
378 8233 1655 1562 251 0 0 139 21 0 46 0 114 0 0 0 15
379 8223 1659 1565 252 0 0 140 21 0 46 0 115 0 0 0 15
380 8208 1665 1571 253 0 0 141 21 0 47 0 115 0 0 0 15
381 8198 1669 1575 253 0 0 141 22 0 47 0 116 0 0 0 15
382 8202 1668 1574 251 0 0 141 22 0 47 0 116 0 0 0 15
383 8197 1670 1574 250 0 0 143 22 0 47 0 118 0 0 0 15
384 8195 1670 1574 251 0 0 143 22 0 47 0 118 0 0 0 16
385 8198 1668 1573 249 0 0 144 22 0 49 0 117 0 0 0 16
386 8184 1675 1580 249 0 0 144 22 0 49 0 117 0 0 0 16
387 8178 1678 1583 249 0 0 144 22 0 49 0 117 0 0 0 16
388 8176 1678 1582 250 0 0 145 22 0 49 0 118 0 0 0 16
389 8172 1681 1585 246 0 0 146 22 0 50 0 118 0 0 0 16
390 8171 1681 1586 246 0 0 145 23 0 50 0 118 0 0 0 16
391 8168 1681 1587 248 0 0 145 23 0 51 0 117 0 0 0 16
392 8163 1681 1586 252 0 0 146 23 0 51 0 118 0 0 0 16
393 8162 1681 1586 253 0 0 146 23 0 51 0 118 0 0 0 16
394 8156 1682 1586 254 0 0 148 23 0 52 0 119 0 0 0 16
395 8164 1677 1582 255 0 0 148 23 0 53 0 118 0 0 0 16
396 8166 1675 1579 254 0 0 149 24 0 53 0 120 0 0 0 16
397 8169 1671 1576 258 0 0 149 24 0 54 0 119 0 0 0 16
398 8164 1671 1578 258 0 0 150 24 0 57 0 117 0 0 0 17
399 8158 1674 1582 257 0 0 150 24 0 58 0 116 0 0 0 17
400 8162 1673 1580 251 0 0 152 24 0 59 0 117 0 0 0 18
401 8162 1674 1583 243 0 0 153 25 0 62 0 116 0 0 0 18
402 8163 1673 1582 242 0 0 154 25 0 63 0 116 0 0 0 18
403 8164 1671 1582 243 0 0 154 25 0 65 0 114 0 0 0 18
404 8162 1669 1580 249 0 0 154 25 0 65 0 114 0 0 0 18
405 8163 1668 1579 250 0 0 155 24 0 66 0 113 0 0 0 18
406 8157 1670 1581 252 0 0 155 24 0 66 0 113 0 0 0 18
407 8162 1668 1577 251 0 0 156 24 0 65 0 115 0 0 0 18
408 8156 1671 1581 250 0 0 155 25 0 65 0 115 0 0 0 18
409 8169 1665 1575 248 0 0 156 24 0 66 0 114 0 0 0 19
410 8161 1667 1575 250 0 0 158 24 0 66 0 116 0 0 0 19
411 8166 1666 1575 246 0 0 157 25 0 66 0 116 0 0 0 19
412 8168 1663 1572 248 0 0 156 27 0 65 0 118 0 0 0 19
413 8160 1663 1572 256 0 0 156 27 0 65 0 118 0 0 0 19
414 8159 1664 1572 254 0 0 157 27 0 65 0 119 0 0 0 19
415 8156 1665 1574 251 0 0 158 27 0 67 0 118 0 0 0 20
416 8152 1666 1575 251 0 0 159 27 0 68 0 118 0 0 0 20
417 8164 1659 1570 251 0 0 159 27 0 70 0 116 0 0 0 20
418 8164 1661 1572 247 0 0 159 27 0 70 0 116 0 0 0 20
419 8152 1667 1578 246 0 0 159 27 0 70 0 116 0 0 0 21
420 8161 1662 1572 246 0 0 160 27 0 70 0 117 0 0 0 21
421 8153 1665 1574 248 0 0 161 27 0 70 0 118 0 0 0 20
422 8140 1668 1579 253 0 0 161 27 0 72 0 116 0 0 0 20
423 8142 1667 1578 253 0 0 161 27 0 72 0 116 0 0 0 20
424 8143 1666 1577 248 0 0 162 29 0 73 0 118 0 0 0 20
425 8140 1668 1576 243 0 0 166 28 0 74 0 120 0 0 0 21
426 8136 1669 1578 244 0 0 166 28 0 75 0 119 0 0 0 21
427 8122 1676 1584 243 0 0 167 28 0 75 0 120 0 0 0 21
428 8110 1678 1584 249 0 0 169 28 0 75 0 122 0 0 0 21
429 8097 1683 1588 251 0 0 170 28 0 75 0 123 0 0 0 21
430 8092 1684 1590 253 0 0 170 28 0 76 0 122 0 0 0 21
431 8083 1687 1593 250 0 0 172 29 0 78 0 123 0 0 0 21
432 8087 1686 1592 245 0 0 172 30 0 78 0 124 0 0 0 22
433 8088 1684 1590 245 0 0 175 28 0 81 0 122 0 0 0 23
434 8083 1685 1591 246 0 0 176 28 0 82 0 122 0 0 0 23
435 8087 1682 1587 245 0 0 177 29 0 82 0 124 0 0 0 23
436 8087 1681 1586 245 0 0 178 29 0 83 0 124 0 0 0 23
437 8085 1681 1586 245 0 0 178 30 0 83 0 125 0 0 0 23
438 8070 1688 1595 242 0 0 178 31 0 85 0 124 0 0 0 23
439 8057 1693 1599 244 0 0 180 30 0 86 0 124 0 0 0 23
440 8045 1698 1603 245 0 0 181 30 0 86 0 125 0 0 0 23
441 8036 1702 1608 245 0 0 180 31 0 86 0 125 0 0 0 23
442 8029 1703 1607 244 0 0 184 31 0 88 0 127 0 0 0 23
443 8027 1703 1607 246 0 0 184 31 0 88 0 127 0 0 0 23
444 8021 1706 1610 246 0 0 184 31 0 88 0 127 0 0 0 23
445 8017 1707 1611 246 0 0 184 32 0 88 0 128 0 0 0 23
446 7993 1717 1619 248 0 0 186 32 0 88 0 130 0 0 0 23
447 7976 1725 1623 243 0 0 190 33 0 88 0 135 0 0 0 23
448 7970 1730 1628 237 0 0 191 33 0 89 0 135 0 0 0 23
449 7962 1730 1629 244 0 0 191 33 0 90 0 134 0 0 0 23
450 7952 1732 1632 249 0 0 191 33 0 91 0 133 0 0 0 23
451 7962 1728 1629 246 0 0 190 34 0 91 0 133 0 0 0 23
452 7961 1730 1630 244 0 0 190 34 0 90 0 134 0 0 0 23
453 7942 1737 1637 249 0 0 190 34 0 90 0 134 0 0 0 23
454 7939 1737 1634 249 0 0 193 34 0 90 0 137 0 0 0 23
455 7934 1736 1634 255 0 0 193 34 0 91 0 136 0 0 0 23
456 7925 1738 1637 257 0 0 192 36 0 91 0 137 0 0 0 23
457 7909 1742 1639 263 0 0 194 36 0 91 0 139 0 0 0 23
458 7885 1751 1646 267 0 0 196 36 0 91 0 141 0 0 0 23
459 7886 1750 1642 267 0 0 198 36 0 90 0 144 0 0 0 23
460 7876 1753 1649 263 0 0 197 39 0 93 0 143 0 0 0 23
461 7863 1758 1655 261 0 0 197 41 0 94 0 144 0 0 0 23
462 7852 1763 1658 260 0 0 199 41 0 94 0 146 0 0 0 23
463 7836 1769 1664 262 0 0 199 42 0 94 0 147 0 0 0 23
464 7832 1768 1664 267 0 0 199 42 0 95 0 146 0 0 0 23
465 7822 1772 1665 266 0 0 202 42 0 95 0 149 0 0 0 23
466 7789 1787 1682 266 0 0 202 42 0 97 0 147 0 0 0 24
467 7775 1793 1683 261 0 0 208 42 0 98 0 152 0 0 0 24
468 7760 1799 1689 262 0 0 208 43 0 98 0 153 0 0 0 24
469 7748 1806 1693 260 0 0 211 40 0 98 0 153 0 0 0 27
470 7725 1815 1702 265 0 0 211 40 0 98 0 153 0 0 0 27
471 7731 1811 1696 264 0 0 214 39 0 99 0 154 0 0 0 28
472 7717 1816 1701 266 0 0 214 39 0 99 0 154 0 0 0 30
473 7709 1815 1698 276 0 0 216 37 0 99 0 154 0 0 0 32
474 7704 1816 1698 278 0 0 217 37 0 99 0 155 0 0 0 32
475 7694 1818 1701 281 0 0 218 37 0 101 0 154 0 0 0 32
476 7689 1821 1702 278 0 0 220 37 0 101 0 156 0 0 0 32
477 7682 1821 1703 284 0 0 220 37 0 102 0 155 0 0 0 32
478 7691 1816 1699 284 0 0 219 38 0 102 0 155 0 0 0 32
479 7695 1814 1697 282 0 0 220 38 0 103 0 155 0 0 0 32
480 7681 1818 1699 286 0 0 222 38 0 103 0 157 0 0 0 32
481 7676 1820 1701 284 0 0 223 38 0 104 0 157 0 0 0 33
482 7672 1820 1703 286 0 0 223 38 0 106 0 155 0 0 0 33
483 7666 1820 1705 290 0 0 222 39 0 107 0 154 0 0 0 33
484 7661 1820 1709 290 0 0 220 41 0 109 0 152 0 0 0 34
485 7666 1817 1704 289 0 0 221 42 0 108 0 155 0 0 0 34
486 7658 1819 1707 292 0 0 220 43 0 108 0 155 0 0 0 34
487 7658 1818 1707 293 0 0 220 43 0 109 0 154 0 0 0 34
488 7661 1815 1699 291 0 0 225 43 0 109 0 159 0 0 0 34
489 7659 1814 1699 291 0 0 226 43 0 111 0 158 0 0 0 35
490 7645 1821 1707 290 0 0 225 44 0 111 0 158 0 0 0 35
491 7637 1822 1708 292 0 0 227 44 0 113 0 158 0 0 0 35
492 7629 1822 1709 297 0 0 226 46 0 113 0 159 0 0 0 35
493 7623 1823 1712 299 0 0 225 47 0 114 0 158 0 0 0 35
494 7624 1822 1707 300 0 0 228 46 0 113 0 161 0 0 0 35
495 7607 1830 1715 295 0 0 230 47 0 115 0 162 0 0 0 35
496 7616 1825 1710 296 0 0 230 47 0 115 0 162 0 0 0 35
497 7613 1827 1712 295 0 0 230 47 0 115 0 162 0 0 0 35
498 7601 1831 1715 299 0 0 231 46 0 115 0 162 0 0 0 36
499 7595 1832 1716 301 0 0 232 46 0 116 0 162 0 0 0 36
500 7592 1830 1715 305 0 0 233 46 0 118 0 161 0 0 0 36
501 7607 1821 1705 306 0 0 235 45 0 119 0 161 0 0 0 37
502 7611 1821 1706 301 0 0 235 45 0 120 0 160 0 0 0 37
503 7608 1825 1709 293 0 0 236 46 0 120 0 162 0 0 0 37
504 7616 1819 1704 294 0 0 236 47 0 121 0 162 0 0 0 37
505 7610 1822 1707 294 0 0 236 47 0 121 0 162 0 0 0 37
506 7606 1822 1708 297 0 0 237 46 0 123 0 160 0 0 0 37
507 7602 1825 1709 295 0 0 239 45 0 123 0 161 0 0 0 37
508 7601 1822 1705 298 0 0 240 46 0 123 0 163 0 0 0 38
509 7605 1819 1703 297 0 0 241 46 0 125 0 162 0 0 0 38
510 7597 1822 1705 296 0 0 242 47 0 125 0 164 0 0 0 38
511 7593 1823 1706 296 0 0 242 48 0 125 0 165 0 0 0 38
512 7586 1825 1708 295 0 0 244 48 0 127 0 165 0 0 0 38
513 7591 1822 1703 293 0 0 246 48 0 127 0 167 0 0 0 39
514 7599 1818 1698 290 0 0 247 49 0 127 0 169 0 0 0 39
515 7607 1812 1696 289 0 0 245 51 0 129 0 167 0 0 0 40
516 7614 1809 1693 288 0 0 246 50 0 130 0 166 0 0 0 40
517 7630 1801 1685 286 0 0 247 50 0 131 0 166 0 0 0 40
518 7633 1798 1682 287 0 0 247 51 0 131 0 167 0 0 0 40
519 7632 1798 1682 287 0 0 247 51 0 131 0 167 0 0 0 41
520 7631 1798 1681 281 0 0 250 51 0 133 0 168 0 0 0 43
521 7633 1798 1682 278 0 0 249 52 0 133 0 168 0 0 0 43
522 7634 1798 1681 276 0 0 251 51 0 134 0 168 0 0 0 43
523 7658 1785 1667 277 0 0 253 50 0 135 0 168 0 0 0 43
524 7661 1783 1665 270 0 0 256 51 0 138 0 169 0 0 0 43
525 7656 1785 1667 271 0 0 257 50 0 139 0 168 0 0 0 43
526 7656 1786 1668 269 0 0 257 50 0 139 0 168 0 0 0 43
527 7630 1796 1680 273 0 0 255 52 0 139 0 168 0 0 0 43
528 7631 1792 1676 280 0 0 255 52 0 139 0 168 0 0 0 43
529 7643 1785 1669 280 0 0 256 52 0 140 0 168 0 0 0 43
530 7642 1785 1669 281 0 0 256 52 0 140 0 168 0 0 0 43
531 7635 1787 1671 284 0 0 256 52 0 140 0 168 0 0 0 43
532 7629 1791 1675 280 0 0 257 52 0 141 0 168 0 0 0 43
533 7637 1786 1670 278 0 0 259 52 0 143 0 168 0 0 0 43
534 7650 1778 1664 279 0 0 259 52 0 145 0 166 0 0 0 43
535 7646 1780 1668 277 0 0 258 53 0 146 0 165 0 0 0 43
536 7650 1777 1666 278 0 0 258 53 0 147 0 164 0 0 0 43
537 7649 1774 1662 284 0 0 260 52 0 148 0 164 0 0 0 43
538 7658 1769 1654 282 0 0 263 52 0 148 0 167 0 0 0 43
539 7669 1764 1648 280 0 0 264 52 0 148 0 168 0 0 0 43
540 7666 1762 1646 285 0 0 265 52 0 149 0 168 0 0 0 43
541 7666 1760 1643 283 0 0 267 53 0 150 0 170 0 0 0 44
542 7663 1759 1644 286 0 0 267 53 0 152 0 168 0 0 0 44
543 7658 1761 1646 287 0 0 267 53 0 152 0 168 0 0 0 44
544 7657 1764 1650 279 0 0 268 53 0 154 0 167 0 0 0 44
545 7656 1764 1652 278 0 0 268 53 0 156 0 165 0 0 0 44
546 7664 1757 1647 278 0 0 268 55 0 158 0 165 0 0 0 44
547 7671 1752 1641 280 0 0 269 55 0 158 0 166 0 0 0 44
548 7660 1757 1647 278 0 0 270 55 0 160 0 165 0 0 0 44
549 7666 1754 1643 277 0 0 271 55 0 160 0 166 0 0 0 44
550 7672 1748 1638 281 0 0 273 53 0 163 0 163 0 0 0 45
551 7686 1740 1631 282 0 0 273 53 0 164 0 162 0 0 0 45
552 7691 1735 1627 286 0 0 274 52 0 166 0 160 0 0 0 45
553 7688 1735 1627 289 0 0 275 51 0 167 0 159 0 0 0 45
554 7699 1731 1622 287 0 0 276 50 0 167 0 159 0 0 0 45
555 7698 1730 1622 289 0 0 277 49 0 169 0 157 0 0 0 45
556 7698 1731 1625 285 0 0 278 48 0 172 0 154 0 0 0 45
557 7716 1721 1616 286 0 0 279 47 0 174 0 152 0 0 0 45
558 7728 1714 1611 286 0 0 280 46 0 177 0 149 0 0 0 45
559 7729 1712 1610 288 0 0 280 46 0 178 0 148 0 0 0 45
560 7734 1708 1605 290 0 0 281 46 0 178 0 149 0 0 0 45
561 7723 1712 1609 291 0 0 282 46 0 179 0 149 0 0 0 45
562 7729 1707 1605 294 0 0 281 47 0 179 0 149 0 0 0 45
563 7737 1703 1604 291 0 0 279 49 0 180 0 148 0 0 0 45
564 7728 1706 1610 289 0 0 277 52 0 181 0 148 0 0 0 45
565 7730 1704 1608 291 0 0 276 53 0 180 0 149 0 0 0 45
566 7734 1698 1606 293 0 0 276 54 0 184 0 146 0 0 0 45
567 7734 1697 1604 292 0 0 278 54 0 185 0 147 0 0 0 45
568 7736 1696 1602 289 0 0 279 55 0 185 0 149 0 0 0 45
569 7741 1695 1601 286 0 0 279 55 0 185 0 149 0 0 0 45
570 7754 1688 1597 284 0 0 277 57 0 186 0 148 0 0 0 45
571 7743 1691 1602 287 0 0 276 58 0 187 0 147 0 0 0 45
572 7748 1686 1597 290 0 0 277 58 0 188 0 147 0 0 0 45
573 7754 1683 1593 291 0 0 278 57 0 188 0 147 0 0 0 45
574 7762 1677 1589 293 0 0 277 58 0 189 0 146 0 0 0 45
575 7762 1678 1590 291 0 0 277 58 0 189 0 146 0 0 0 45
576 7764 1675 1587 295 0 0 277 57 0 189 0 145 0 0 0 47
577 7765 1672 1586 296 0 0 277 58 0 191 0 144 0 0 0 47
578 7767 1668 1586 298 0 0 277 58 0 195 0 140 0 0 0 47
579 7778 1665 1583 293 0 0 278 57 0 196 0 139 0 0 0 47
580 7782 1662 1580 290 0 0 279 58 0 197 0 140 0 0 0 48
581 7782 1663 1579 288 0 0 281 57 0 197 0 141 0 0 0 48
582 7792 1659 1576 284 0 0 281 57 0 198 0 140 0 0 0 49
583 7794 1657 1574 286 0 0 282 56 0 199 0 139 0 0 0 49
584 7794 1658 1576 283 0 0 281 57 0 199 0 139 0 0 0 49
585 7817 1645 1565 284 0 0 281 57 0 201 0 137 0 0 0 49
586 7818 1643 1561 289 0 0 282 56 0 200 0 138 0 0 0 49
587 7808 1647 1566 290 0 0 282 56 0 201 0 137 0 0 0 49
588 7804 1647 1565 295 0 0 283 55 0 201 0 137 0 0 0 49
589 7797 1650 1571 293 0 0 281 56 0 202 0 135 0 0 0 51
590 7795 1650 1573 293 0 0 279 58 0 202 0 135 0 0 0 51
591 7806 1644 1566 294 0 0 281 56 0 203 0 134 0 0 0 52
592 7811 1642 1564 293 0 0 281 56 0 203 0 134 0 0 0 52
593 7815 1640 1561 294 0 0 281 56 0 202 0 135 0 0 0 52
594 7827 1634 1557 292 0 0 280 57 0 203 0 134 0 0 0 52
595 7836 1632 1553 285 0 0 282 57 0 203 0 136 0 0 0 52
596 7835 1633 1554 284 0 0 282 57 0 203 0 136 0 0 0 52
597 7843 1630 1546 285 0 0 286 54 0 202 0 138 0 0 0 52
598 7844 1630 1546 283 0 0 286 54 0 202 0 138 0 0 0 53
599 7852 1627 1544 280 0 0 285 55 0 202 0 138 0 0 0 53
600 7854 1626 1544 278 0 0 285 55 0 203 0 137 0 0 0 54
601 7855 1625 1543 278 0 0 285 55 0 203 0 137 0 0 0 55
602 7842 1631 1550 278 0 0 285 55 0 204 0 136 0 0 0 55
603 7845 1629 1548 277 0 0 286 55 0 205 0 136 0 0 0 55
604 7848 1627 1546 276 0 0 286 56 0 205 0 137 0 0 0 55
605 7861 1622 1538 273 0 0 289 54 0 205 0 138 0 0 0 56
606 7867 1620 1536 269 0 0 290 54 0 206 0 138 0 0 0 56
607 7868 1619 1534 269 0 0 291 54 0 206 0 139 0 0 0 56
608 7868 1621 1536 265 0 0 291 54 0 206 0 139 0 0 0 56
609 7869 1619 1534 268 0 0 292 53 0 207 0 138 0 0 0 56
610 7867 1620 1535 268 0 0 292 53 0 207 0 138 0 0 0 56
611 7881 1613 1527 268 0 0 293 52 0 207 0 138 0 0 0 57
612 7897 1606 1519 265 0 0 294 52 0 207 0 139 0 0 0 57
613 7899 1604 1515 268 0 0 296 50 0 207 0 139 0 0 0 58
614 7909 1598 1511 268 0 0 296 50 0 209 0 137 0 0 0 58
615 7902 1602 1515 267 0 0 296 50 0 209 0 137 0 0 0 58
616 7890 1609 1519 263 0 0 299 49 0 209 0 139 0 0 0 59
617 7892 1606 1515 266 0 0 300 49 0 209 0 140 0 0 0 59
618 7890 1605 1514 269 0 0 300 49 0 209 0 140 0 0 0 60
619 7906 1597 1504 269 0 0 302 48 0 209 0 141 0 0 0 60
620 7923 1589 1494 268 0 0 304 47 0 209 0 142 0 0 0 60
621 7933 1584 1490 267 0 0 305 46 0 211 0 140 0 0 0 60
622 7934 1582 1488 266 0 0 306 47 0 212 0 141 0 0 0 60
623 7941 1575 1480 272 0 0 307 47 0 212 0 142 0 0 0 60
624 7946 1571 1476 275 0 0 307 47 0 212 0 142 0 0 0 60
625 7949 1566 1474 279 0 0 305 49 0 213 0 141 0 0 0 60
626 7952 1563 1471 282 0 0 305 49 0 213 0 141 0 0 0 60
627 7952 1564 1472 280 0 0 305 49 0 213 0 141 0 0 0 60
628 7968 1553 1462 285 0 0 307 47 0 216 0 138 0 0 0 60
629 7969 1552 1461 286 0 0 307 47 0 216 0 138 0 0 0 60
630 7960 1558 1467 283 0 0 307 47 0 216 0 138 0 0 0 60
631 7981 1546 1455 284 0 0 308 47 0 217 0 138 0 0 0 60
632 7974 1548 1459 285 0 0 307 48 0 218 0 137 0 0 0 60
633 7975 1547 1458 286 0 0 307 48 0 218 0 137 0 0 0 60
634 7976 1546 1457 286 0 0 307 48 0 218 0 137 0 0 0 61
635 7978 1544 1455 288 0 0 307 48 0 218 0 137 0 0 0 61
636 7979 1543 1453 286 0 0 308 49 0 218 0 139 0 0 0 61
637 7983 1541 1452 285 0 0 308 49 0 219 0 138 0 0 0 61
638 7985 1540 1452 284 0 0 308 49 0 220 0 137 0 0 0 61
639 7992 1539 1451 277 0 0 308 50 0 220 0 138 0 0 0 61
640 8002 1534 1445 276 0 0 310 49 0 221 0 138 0 0 0 61
641 8007 1531 1441 276 0 0 311 49 0 221 0 139 0 0 0 61
642 8017 1527 1435 276 0 0 313 47 0 221 0 139 0 0 0 61
643 8020 1526 1433 274 0 0 314 47 0 221 0 140 0 0 0 61
644 8015 1527 1434 275 0 0 313 49 0 220 0 142 0 0 0 61
645 8011 1529 1438 273 0 0 313 49 0 222 0 140 0 0 0 61
646 8004 1533 1442 272 0 0 313 49 0 222 0 140 0 0 0 61
647 7995 1537 1446 273 0 0 313 49 0 222 0 140 0 0 0 61
648 8002 1532 1443 274 0 0 313 49 0 224 0 138 0 0 0 61
649 8012 1525 1436 278 0 0 313 49 0 224 0 138 0 0 0 61
650 8018 1523 1434 276 0 0 313 49 0 224 0 138 0 0 0 61
651 8026 1523 1432 270 0 0 315 47 0 224 0 138 0 0 0 61
652 8041 1516 1425 267 0 0 315 48 0 224 0 139 0 0 0 61
653 8032 1521 1432 262 0 0 316 48 0 227 0 137 0 0 0 61
654 8036 1518 1430 263 0 0 316 48 0 228 0 136 0 0 0 61
655 8038 1517 1430 262 0 0 315 49 0 228 0 136 0 0 0 61
656 8041 1516 1430 260 0 0 315 49 0 229 0 135 0 0 0 61
657 8051 1512 1426 258 0 0 315 49 0 229 0 135 0 0 0 61
658 8070 1503 1419 255 0 0 315 49 0 231 0 133 0 0 0 61
659 8077 1500 1419 251 0 0 315 49 0 234 0 130 0 0 0 61
660 8071 1503 1422 251 0 0 316 48 0 235 0 129 0 0 0 61
661 8069 1503 1422 253 0 0 316 48 0 235 0 129 0 0 0 61
662 8081 1499 1419 248 0 0 316 48 0 236 0 128 0 0 0 61
663 8079 1500 1420 246 0 0 316 49 0 236 0 129 0 0 0 61
664 8074 1503 1424 244 0 0 316 49 0 237 0 128 0 0 0 61
665 8083 1500 1421 241 0 0 317 48 0 238 0 127 0 0 0 61
666 8090 1497 1417 241 0 0 318 47 0 238 0 127 0 0 0 61
667 8095 1495 1413 241 0 0 319 47 0 237 0 129 0 0 0 60
668 8107 1492 1409 236 0 0 321 45 0 238 0 128 0 0 0 60
669 8111 1491 1407 235 0 0 323 43 0 239 0 127 0 0 0 60
670 8112 1489 1405 236 0 0 324 43 0 240 0 127 0 0 0 60
671 8110 1490 1407 235 0 0 324 43 0 241 0 126 0 0 0 60
672 8116 1486 1402 237 0 0 325 42 0 241 0 126 0 0 0 61
673 8111 1487 1403 238 0 0 326 42 0 242 0 126 0 0 0 61
674 8129 1477 1393 238 0 0 327 42 0 243 0 126 0 0 0 61
675 8134 1473 1389 239 0 0 328 42 0 244 0 126 0 0 0 61
676 8139 1469 1387 240 0 0 327 43 0 245 0 125 0 0 0 61
677 8149 1464 1382 238 0 0 328 43 0 246 0 125 0 0 0 61
678 8153 1461 1378 239 0 0 329 43 0 246 0 126 0 0 0 61
679 8158 1459 1376 238 0 0 329 43 0 246 0 126 0 0 0 61
680 8161 1459 1375 234 0 0 329 44 0 245 0 128 0 0 0 61
681 8180 1452 1367 230 0 0 330 43 0 245 0 128 0 0 0 61
682 8198 1442 1358 231 0 0 330 43 0 246 0 127 0 0 0 61
683 8194 1441 1358 235 0 0 330 43 0 247 0 126 0 0 0 62
684 8202 1438 1356 232 0 0 329 44 0 247 0 126 0 0 0 62
685 8212 1434 1352 228 0 0 330 44 0 248 0 126 0 0 0 62
686 8214 1433 1352 227 0 0 330 44 0 249 0 125 0 0 0 62
687 8221 1430 1349 226 0 0 331 43 0 250 0 124 0 0 0 62
688 8223 1429 1348 224 0 0 331 44 0 250 0 125 0 0 0 62
689 8221 1431 1350 222 0 0 331 44 0 250 0 125 0 0 0 62
690 8228 1428 1349 217 0 0 331 45 0 252 0 124 0 0 0 62
691 8231 1425 1347 219 0 0 331 45 0 253 0 123 0 0 0 62
692 8229 1426 1347 220 0 0 331 45 0 252 0 124 0 0 0 62
693 8227 1427 1348 218 0 0 331 46 0 252 0 125 0 0 0 62
694 8238 1422 1342 218 0 0 331 46 0 251 0 126 0 0 0 62
695 8240 1423 1340 214 0 0 334 44 0 251 0 127 0 0 0 63
696 8242 1422 1339 214 0 0 334 44 0 251 0 127 0 0 0 63
697 8249 1419 1337 212 0 0 334 44 0 252 0 126 0 0 0 63
698 8241 1423 1343 210 0 0 334 44 0 254 0 124 0 0 0 63
699 8244 1422 1341 210 0 0 335 43 0 254 0 124 0 0 0 63
700 8247 1422 1341 207 0 0 335 43 0 254 0 124 0 0 0 63
701 8247 1422 1341 207 0 0 335 43 0 254 0 124 0 0 0 63
702 8241 1424 1344 208 0 0 335 43 0 255 0 123 0 0 0 63
703 8246 1423 1343 205 0 0 335 43 0 255 0 123 0 0 0 63
704 8249 1422 1343 202 0 0 335 43 0 256 0 122 0 0 0 64
705 8249 1424 1343 200 0 0 336 42 0 255 0 123 0 0 0 64
706 8267 1415 1332 200 0 0 338 41 0 255 0 124 0 0 0 64
707 8273 1410 1329 202 0 0 338 41 0 257 0 122 0 0 0 64
708 8275 1407 1326 206 0 0 339 40 0 258 0 121 0 0 0 64
709 8282 1402 1322 208 0 0 339 40 0 259 0 120 0 0 0 64
710 8283 1402 1321 208 0 1 340 38 1 258 0 120 0 0 0 64
711 8289 1401 1319 203 0 1 341 38 1 258 0 121 0 0 0 64
712 8287 1403 1320 200 0 1 342 38 1 258 0 122 0 0 0 64
713 8294 1400 1315 201 0 1 342 38 1 256 0 124 0 0 0 64
714 8305 1396 1309 198 0 1 344 37 1 256 0 125 0 0 0 64
715 8308 1396 1308 194 0 1 345 37 1 256 0 126 0 0 0 64
716 8305 1398 1310 191 0 1 345 38 1 256 0 127 0 0 0 64
717 8316 1392 1308 188 0 1 345 38 1 260 0 123 0 0 0 64
718 8312 1393 1312 187 0 1 344 39 1 262 0 121 0 0 0 64
719 8321 1390 1309 184 0 1 344 39 1 262 0 121 0 0 0 64
720 8317 1393 1313 181 0 1 343 40 1 262 0 121 0 0 0 64
721 8309 1396 1316 183 0 1 344 39 1 263 0 120 0 0 0 64
722 8298 1402 1323 181 0 1 344 39 1 264 0 119 0 0 0 64
723 8302 1400 1321 181 0 1 344 39 1 264 0 119 0 0 0 64
724 8323 1391 1312 178 0 1 344 39 1 264 0 119 0 0 0 64
725 8339 1383 1304 177 0 1 345 38 1 265 0 118 0 0 0 65
726 8354 1376 1299 174 0 1 345 38 1 267 0 116 0 0 0 65
727 8354 1373 1299 177 0 1 344 39 1 269 0 114 0 0 0 65
728 8371 1363 1290 178 0 1 343 40 1 269 0 114 0 0 0 66
729 8368 1364 1292 178 0 1 343 40 1 270 0 113 0 0 0 66
730 8362 1368 1296 174 0 1 344 40 1 271 0 113 0 0 0 66
731 8380 1360 1289 171 0 1 344 40 1 272 0 112 0 0 0 66
732 8387 1356 1287 170 0 1 344 40 1 274 0 110 0 0 0 66
733 8395 1352 1283 170 0 1 344 40 1 274 0 110 0 0 0 66
734 8404 1349 1281 166 0 1 344 40 1 275 0 109 0 0 0 66
735 8408 1345 1280 167 0 1 343 41 1 277 0 107 0 0 0 66
736 8412 1342 1281 165 0 1 344 40 1 282 0 102 0 0 0 66
737 8428 1335 1273 162 0 1 345 40 1 282 0 103 0 0 0 66
738 8433 1331 1270 164 0 1 345 40 1 283 0 102 0 0 0 66
739 8435 1329 1269 165 0 1 345 40 1 284 0 101 0 0 0 66
740 8450 1321 1262 165 0 1 345 40 1 285 0 100 0 0 0 66
741 8450 1320 1262 164 0 1 345 41 1 286 0 100 0 0 0 66
742 8458 1316 1258 164 0 1 345 41 1 286 0 100 0 0 0 66
743 8448 1323 1265 160 0 1 345 41 1 286 0 100 0 0 0 66
744 8462 1315 1257 162 0 1 345 41 1 286 0 100 0 0 0 66
745 8460 1315 1257 163 0 1 346 40 1 287 0 99 0 0 0 67
746 8467 1312 1254 162 0 1 346 40 1 287 0 99 0 0 0 67
747 8461 1315 1258 161 0 1 345 41 1 287 0 99 0 0 0 67
748 8464 1314 1256 161 0 1 346 40 1 287 0 99 0 0 0 67
749 8466 1312 1255 162 0 1 346 40 1 288 0 98 0 0 0 67
750 8485 1302 1247 161 0 1 345 41 1 289 0 97 0 0 0 67
751 8486 1302 1246 161 0 1 346 40 1 289 0 97 0 0 0 67
752 8497 1296 1240 162 0 1 347 39 1 290 0 96 0 0 0 67
753 8498 1295 1238 164 0 1 348 38 1 290 0 96 0 0 0 67
754 8489 1299 1242 165 0 1 348 38 1 290 0 96 0 0 0 67
755 8487 1300 1243 165 0 1 348 38 1 290 0 96 0 0 0 67
756 8497 1293 1239 166 0 1 348 38 1 293 0 93 0 0 0 67
757 8498 1293 1238 166 0 1 348 38 1 292 0 94 0 0 0 67
758 8515 1284 1231 165 0 1 348 38 1 294 0 92 0 0 0 67
759 8518 1284 1232 161 0 1 347 39 1 294 0 92 0 0 0 67
760 8515 1285 1233 162 0 1 346 40 1 293 0 93 0 0 0 67
761 8525 1279 1228 163 0 1 346 40 1 294 0 92 0 0 0 67
762 8532 1277 1226 160 0 1 346 40 1 294 0 92 0 0 0 67
763 8527 1279 1228 161 0 1 345 41 1 293 0 93 0 0 0 67
764 8528 1280 1229 158 0 1 345 41 1 293 0 93 0 0 0 67
765 8529 1282 1231 153 0 1 345 41 1 293 0 93 0 0 0 67
766 8530 1281 1231 153 0 1 345 41 1 294 0 92 0 0 0 67
767 8538 1277 1226 154 0 1 345 41 1 293 0 93 0 0 0 67
768 8545 1272 1222 156 0 1 345 41 1 294 0 92 0 0 0 67
769 8558 1266 1216 155 0 1 345 41 1 294 0 92 0 0 0 67
770 8562 1265 1216 152 0 1 344 42 1 294 0 92 0 0 0 67
771 8573 1259 1209 154 0 1 344 42 1 293 0 93 0 0 0 67
772 8582 1254 1205 154 0 1 344 41 1 294 0 91 0 0 0 69
773 8592 1249 1202 152 0 1 345 40 1 297 0 88 0 0 0 69
774 8601 1244 1196 154 0 1 346 39 1 297 0 88 0 0 0 69
775 8601 1244 1197 153 0 1 346 39 1 298 0 87 0 0 0 69
776 8612 1239 1192 152 0 1 346 39 1 298 0 87 0 0 0 69
777 8596 1246 1198 153 0 1 347 39 1 298 0 88 0 0 0 69
778 8583 1252 1204 154 0 1 347 39 1 298 0 88 0 0 0 69
779 8579 1254 1206 154 0 1 347 39 1 298 0 88 0 0 0 69
780 8569 1258 1212 154 0 1 346 40 1 299 0 87 0 0 0 69
781 8579 1252 1206 152 0 1 347 41 1 300 0 88 0 0 0 69
782 8575 1254 1210 150 0 1 347 41 1 302 0 86 0 0 0 69
783 8579 1251 1209 150 0 1 347 41 1 304 0 84 0 0 0 69
784 8582 1250 1207 150 0 1 348 40 1 304 0 84 0 0 0 69
785 8590 1244 1202 153 0 1 348 40 1 305 0 83 0 0 0 69
786 8587 1248 1206 148 0 1 348 40 1 305 0 83 0 0 0 69
787 8600 1241 1200 148 0 1 348 40 1 306 0 82 0 0 0 69
788 8607 1238 1198 146 0 1 348 40 1 307 0 81 0 0 0 69
789 8609 1237 1195 146 0 1 350 39 1 307 0 82 0 0 0 69
790 8625 1230 1188 144 0 1 350 39 1 307 0 82 0 0 0 69
791 8631 1225 1182 149 0 1 350 39 1 306 0 83 0 0 0 69
792 8633 1225 1182 147 0 1 350 39 1 306 0 83 0 0 0 69
793 8630 1225 1181 151 0 1 351 38 1 306 0 83 0 0 0 69
794 8631 1224 1181 151 0 1 351 38 1 307 0 82 0 0 0 69
795 8639 1220 1178 150 0 1 351 38 1 308 0 81 0 0 0 69
796 8654 1211 1171 151 0 1 351 38 1 310 0 79 0 0 0 69
797 8670 1201 1163 153 0 1 351 38 1 312 0 77 0 0 0 69
798 8682 1196 1159 150 0 1 351 38 1 313 0 76 0 0 0 69
799 8676 1198 1163 150 0 1 350 39 1 314 0 75 0 0 0 69
800 8687 1194 1159 147 0 1 350 39 1 314 0 75 0 0 0 69
801 8687 1195 1159 146 0 1 350 39 1 313 0 76 0 0 0 69
802 8699 1189 1152 143 0 1 350 41 1 312 0 79 0 0 0 69
803 8706 1187 1150 140 0 1 349 42 1 311 0 80 0 0 0 69
804 8710 1186 1148 139 0 1 350 41 1 311 0 80 0 0 0 69
805 8720 1180 1143 140 0 1 350 41 1 312 0 79 0 0 0 69
806 8716 1182 1145 138 0 1 351 41 1 313 0 79 0 0 0 69
807 8709 1185 1149 138 0 1 351 41 1 314 0 78 0 0 0 69
808 8718 1181 1145 137 0 1 352 40 1 315 0 77 0 0 0 69
809 8718 1182 1144 137 0 1 353 39 1 314 0 78 0 0 0 69
810 8718 1182 1144 137 0 1 353 39 1 314 0 78 0 0 0 69
811 8722 1180 1141 136 0 1 354 39 1 314 0 79 0 0 0 69
812 8732 1175 1135 137 0 1 355 38 1 314 0 79 0 0 0 69
813 8743 1170 1131 135 0 1 355 38 1 315 0 78 0 0 0 69
814 8750 1166 1127 136 0 1 355 38 1 315 0 78 0 0 0 69
815 8761 1160 1122 136 0 1 355 38 1 316 0 77 0 0 0 69
816 8769 1157 1119 134 0 1 355 38 1 316 0 77 0 0 0 69
817 8776 1154 1116 133 0 1 356 37 1 317 0 76 0 0 0 69
818 8786 1150 1112 131 0 1 357 36 1 318 0 75 0 0 0 69
819 8781 1153 1114 131 0 1 357 36 1 317 0 76 0 0 0 69
820 8776 1155 1117 131 0 1 356 37 1 317 0 76 0 0 0 69
821 8772 1157 1119 131 0 1 355 38 1 316 0 77 0 0 0 69
822 8775 1155 1115 132 0 1 357 37 1 316 0 78 0 0 0 69
823 8788 1148 1108 133 0 1 357 37 1 316 0 78 0 0 0 69
824 8794 1146 1106 131 0 1 357 37 1 316 0 78 0 0 0 69
825 8798 1143 1103 133 0 1 357 37 1 316 0 78 0 0 0 69
826 8802 1141 1100 134 0 1 358 36 1 316 0 78 0 0 0 69
827 8813 1138 1095 131 0 1 360 34 1 316 0 78 0 0 0 69
828 8808 1141 1097 131 0 1 361 33 1 316 0 78 0 0 0 69
829 8818 1135 1090 133 0 1 362 32 1 316 0 78 0 0 0 70
830 8829 1129 1084 134 0 1 362 32 1 316 0 78 0 0 0 70
831 8831 1128 1083 134 0 1 362 32 1 316 0 78 0 0 0 70
832 8834 1128 1081 133 0 1 364 30 1 316 0 78 0 0 0 70
833 8841 1125 1078 132 0 1 364 30 1 316 0 78 0 0 0 70
834 8845 1123 1076 132 0 1 365 29 1 317 0 77 0 0 0 70
835 8839 1124 1077 136 0 1 365 29 1 317 0 77 0 0 0 70
836 8841 1122 1077 136 0 1 365 29 1 319 0 75 0 0 0 70
837 8847 1117 1074 138 0 1 365 29 1 321 0 73 0 0 0 70
838 8856 1112 1070 138 0 1 365 29 1 322 0 72 0 0 0 70
839 8873 1104 1062 137 0 1 366 28 1 323 0 71 0 0 0 70
840 8878 1103 1061 134 0 1 366 28 1 323 0 71 0 0 0 70
841 8882 1103 1061 130 0 1 366 28 1 323 0 71 0 0 0 70
842 8878 1105 1063 130 0 1 366 28 1 323 0 71 0 0 0 70
843 8894 1099 1057 125 0 1 367 27 1 324 0 70 0 0 0 71
844 8907 1092 1050 124 0 1 367 28 1 324 0 71 0 0 0 71
845 8918 1087 1045 123 0 1 367 28 1 324 0 71 0 0 0 71
846 8914 1088 1046 125 0 1 367 28 1 324 0 71 0 0 0 71
847 8920 1087 1043 123 0 1 368 27 1 323 0 72 0 0 0 71
848 8927 1084 1041 119 0 1 369 27 1 325 0 71 0 0 0 71
849 8937 1079 1036 117 0 1 370 27 1 326 0 71 0 0 0 71
850 8938 1079 1035 117 0 1 371 26 1 326 0 71 0 0 0 71
851 8933 1079 1037 120 0 1 369 28 1 326 0 71 0 0 0 71
852 8944 1074 1034 117 0 1 368 29 1 327 0 70 0 0 0 71
853 8944 1074 1035 116 0 1 368 29 1 328 0 69 0 0 0 71
854 8942 1075 1035 117 0 1 368 29 1 327 0 70 0 0 0 71
855 8954 1069 1029 117 0 1 368 29 1 327 0 70 0 0 0 71
856 8955 1069 1029 116 0 1 368 29 1 327 0 70 0 0 0 71
857 8963 1067 1026 113 0 1 368 29 1 326 0 71 0 0 0 71
858 8962 1067 1027 113 0 1 368 29 1 327 0 70 0 0 0 71
859 8959 1068 1027 113 0 1 369 29 1 327 0 71 0 0 0 71
860 8972 1062 1020 113 0 1 370 28 1 327 0 71 0 0 0 71
861 8976 1060 1018 113 0 1 370 28 1 327 0 71 0 0 0 71
862 8980 1058 1015 114 0 1 370 28 1 326 0 72 0 0 0 71
863 8996 1050 1007 114 0 1 370 28 1 326 0 72 0 0 0 71
864 9008 1043 1002 114 0 1 369 29 1 327 0 71 0 0 0 71
865 9027 1032 992 116 0 1 369 29 1 328 0 70 0 0 0 71
866 9021 1035 995 116 0 1 369 29 1 328 0 70 0 0 0 71
867 9029 1032 991 115 0 1 370 28 1 328 0 70 0 0 0 71
868 9026 1033 994 114 0 1 369 29 1 329 0 69 0 0 0 71
869 9030 1034 995 108 0 1 369 29 1 329 0 69 0 0 0 71
870 9018 1041 1001 107 0 1 369 29 1 328 0 70 0 0 0 71
871 9028 1038 999 102 0 1 369 29 1 329 0 69 0 0 0 71
872 9038 1035 995 99 0 1 369 29 1 328 0 70 0 0 0 71
873 9045 1031 992 99 0 1 368 30 1 328 0 70 0 0 0 71
874 9049 1028 989 99 0 1 369 30 1 329 0 70 0 0 0 71
875 9048 1028 990 99 0 1 369 30 1 330 0 69 0 0 0 71
876 9048 1027 990 100 0 1 369 30 1 331 0 68 0 0 0 71
877 9047 1028 992 98 0 1 369 30 1 332 0 67 0 0 0 71
878 9050 1026 991 98 0 1 369 30 1 333 0 66 0 0 0 71
879 9049 1026 992 98 0 1 369 30 1 334 0 65 0 0 0 71
880 9054 1024 990 97 0 1 369 30 1 334 0 65 0 0 0 71
881 9052 1025 992 96 0 1 368 31 1 334 0 65 0 0 0 71
882 9048 1026 995 96 0 1 367 32 1 335 0 64 0 0 0 71
883 9055 1023 992 95 0 1 368 31 1 336 0 63 0 0 0 71
884 9058 1021 991 95 0 1 367 32 1 336 0 63 0 0 0 71
885 9061 1020 990 92 0 1 367 33 1 336 0 64 0 0 0 71
886 9059 1021 991 92 0 1 367 33 1 336 0 64 0 0 0 71
887 9062 1020 990 91 0 1 367 33 1 336 0 64 0 0 0 71
888 9061 1020 991 91 0 1 367 33 1 337 0 63 0 0 0 71
889 9064 1020 990 89 0 1 368 32 1 337 0 63 0 0 0 71
890 9067 1019 988 89 0 1 368 32 1 336 0 64 0 0 0 71
891 9067 1020 987 87 0 1 369 32 1 335 0 66 0 0 0 71
892 9077 1016 983 83 0 1 369 33 1 335 0 67 0 0 0 71
893 9093 1006 975 85 0 1 369 33 1 337 0 65 0 0 0 71
894 9093 1005 975 86 0 1 369 33 1 338 0 64 0 0 0 71
895 9096 1003 973 87 0 1 369 33 1 338 0 64 0 0 0 71
896 9098 1003 972 86 0 1 370 32 1 338 0 64 0 0 0 71
897 9101 1002 971 85 0 1 370 32 1 338 0 64 0 0 0 71
898 9105 1000 969 85 0 1 370 32 1 338 0 64 0 0 0 71
899 9118 995 963 83 0 1 371 31 1 338 0 64 0 0 0 71
900 9115 997 965 82 0 1 372 30 1 339 0 63 0 0 0 71
901 9112 999 966 82 0 1 372 30 1 338 0 64 0 0 0 71
902 9115 999 965 80 0 1 373 29 1 338 0 64 0 0 0 71
903 9121 994 962 82 0 1 373 29 1 340 0 62 0 0 0 71
904 9126 992 960 81 0 1 373 29 1 340 0 62 0 0 0 71
905 9125 992 959 83 0 1 374 28 1 340 0 62 0 0 0 71
906 9123 992 960 84 0 1 374 28 1 341 0 61 0 0 0 71
907 9129 987 957 86 0 1 372 30 1 341 0 61 0 0 0 71
908 9142 980 952 85 0 1 372 30 1 343 0 59 0 0 0 71
909 9146 978 951 84 0 1 371 31 1 343 0 59 0 0 0 71
910 9154 974 947 84 0 1 371 31 1 343 0 59 0 0 0 71
911 9159 972 945 83 0 1 371 31 1 343 0 59 0 0 0 71
912 9164 969 943 83 0 1 370 32 1 343 0 59 0 0 0 71
913 9163 969 944 83 0 1 369 33 1 343 0 59 0 0 0 71
914 9175 963 938 83 0 1 369 33 1 343 0 59 0 0 0 71
915 9179 961 936 83 0 1 369 33 1 343 0 59 0 0 0 71
916 9175 963 938 83 0 1 369 33 1 343 0 59 0 0 0 71
917 9178 961 937 83 0 1 368 34 1 343 0 59 0 0 0 71
918 9180 960 936 83 0 1 368 34 1 343 0 59 0 0 0 71
919 9177 961 936 83 0 1 369 34 1 343 0 60 0 0 0 71
920 9175 962 937 83 0 1 369 34 1 343 0 60 0 0 0 71
921 9179 960 935 83 0 1 369 34 1 343 0 60 0 0 0 71
922 9169 963 939 86 0 1 369 34 1 344 0 59 0 0 0 71
923 9171 962 938 86 0 1 369 34 1 344 0 59 0 0 0 71
924 9178 958 934 87 0 1 369 34 1 344 0 59 0 0 0 71
925 9181 955 932 89 0 1 369 34 1 345 0 58 0 0 0 71
926 9183 954 931 89 0 1 369 34 1 345 0 58 0 0 0 71
927 9188 951 929 89 0 1 369 34 1 346 0 57 0 0 0 71
928 9190 948 926 93 0 1 369 34 1 346 0 57 0 0 0 71
929 9193 947 925 92 0 1 369 34 1 346 0 57 0 0 0 71
930 9194 946 925 92 0 1 369 34 1 347 0 56 0 0 0 71
931 9196 945 925 91 0 1 369 34 1 348 0 55 0 0 0 71
932 9198 943 925 91 0 1 367 36 1 348 0 55 0 0 0 71
933 9211 938 919 89 0 1 368 35 1 348 0 55 0 0 0 71
934 9216 936 918 87 0 1 368 35 1 349 0 54 0 0 0 71
935 9228 931 913 85 0 1 368 35 1 349 0 54 0 0 0 71
936 9236 926 910 85 0 1 368 35 1 351 0 52 0 0 0 71
937 9237 926 910 84 0 1 368 35 1 351 0 52 0 0 0 71
938 9243 925 908 81 0 1 369 34 1 351 0 52 0 0 0 71
939 9252 922 904 79 0 1 370 33 1 351 0 52 0 0 0 71
940 9255 921 902 79 0 1 371 32 1 351 0 52 0 0 0 71
941 9253 923 904 77 0 1 371 32 1 351 0 52 0 0 0 71
942 9261 919 899 78 0 1 372 31 1 351 0 52 0 0 0 71
943 9255 922 902 78 0 1 372 31 1 351 0 52 0 0 0 71
944 9256 922 903 76 0 1 372 31 1 352 0 51 0 0 0 71
945 9261 919 901 76 0 1 372 31 1 353 0 50 0 0 0 71
946 9272 913 896 76 0 1 373 30 1 355 0 48 0 0 0 71
947 9278 911 894 74 0 1 373 30 1 355 0 48 0 0 0 71
948 9271 914 897 75 0 1 373 30 1 355 0 48 0 0 0 71
949 9274 912 895 76 0 1 373 30 1 355 0 48 0 0 0 71
950 9272 913 896 76 0 1 373 30 1 355 0 48 0 0 0 71
951 9280 909 893 75 0 1 372 31 1 355 0 48 0 0 0 71
952 9282 908 892 75 0 1 373 30 1 356 0 47 0 0 0 71
953 9282 910 892 73 0 1 375 28 1 356 0 47 0 0 0 71
954 9281 909 892 75 0 1 375 28 1 357 0 46 0 0 0 71
955 9283 908 890 76 0 1 376 27 1 357 0 46 0 0 0 71
956 9283 909 891 74 0 1 376 27 1 357 0 46 0 0 0 71
957 9283 909 890 75 0 1 376 27 1 356 0 47 0 0 0 71
958 9285 909 890 73 0 1 376 27 1 356 0 47 0 0 0 71
959 9285 909 890 73 0 1 376 27 1 356 0 47 0 0 0 71
960 9285 910 890 72 1 1 375 27 2 354 0 48 0 0 0 71
961 9296 905 885 71 1 1 375 27 2 354 0 48 0 0 0 71
962 9305 900 880 72 1 1 375 27 2 354 0 48 0 0 0 71
963 9314 896 876 71 1 1 375 27 2 354 0 48 0 0 0 71
964 9314 896 876 71 1 1 375 27 2 354 0 48 0 0 0 71
965 9320 895 875 67 2 1 374 27 3 353 0 48 0 0 0 71
966 9318 897 876 66 2 1 374 27 3 352 0 49 0 0 0 71
967 9321 896 875 65 2 1 374 27 3 352 0 49 0 0 0 71
968 9320 895 874 68 2 1 374 27 3 352 0 49 0 0 0 71
969 9326 892 872 67 2 1 374 27 3 353 0 48 0 0 0 71
970 9339 885 866 67 2 1 374 27 3 354 0 47 0 0 0 71
971 9354 878 860 65 2 1 373 28 3 354 0 47 0 0 0 71
972 9361 874 856 66 2 1 373 28 3 354 0 47 0 0 0 71
973 9368 870 853 66 2 1 373 28 3 355 0 46 0 0 0 71
974 9367 870 853 67 2 1 373 28 3 355 0 46 0 0 0 71
975 9367 870 853 67 2 1 373 28 3 355 0 46 0 0 0 71
976 9370 869 852 66 2 1 373 28 3 355 0 46 0 0 0 71
977 9370 869 852 66 2 1 373 28 3 355 0 46 0 0 0 71
978 9374 868 850 65 2 1 373 28 3 354 0 47 0 0 0 71
979 9369 870 852 66 2 1 373 28 3 354 0 47 0 0 0 71
980 9375 869 851 62 2 1 373 28 3 354 0 47 0 0 0 71
981 9378 868 849 62 2 1 374 27 3 354 0 47 0 0 0 71
982 9380 867 848 62 2 1 374 27 3 354 0 47 0 0 0 71
983 9381 866 847 63 2 1 374 27 3 354 0 47 0 0 0 71
984 9380 867 848 62 2 1 374 27 3 354 0 47 0 0 0 71
985 9374 870 851 62 2 1 374 27 3 354 0 47 0 0 0 71
986 9384 865 847 61 2 1 373 28 3 354 0 47 0 0 0 71
987 9387 864 846 60 2 1 373 28 3 354 0 47 0 0 0 71
988 9390 862 845 60 2 1 373 28 3 355 0 46 0 0 0 71
989 9394 860 843 60 2 1 373 28 3 355 0 46 0 0 0 71
990 9400 857 839 61 2 1 374 27 3 355 0 46 0 0 0 71
991 9399 856 840 62 2 1 372 29 3 355 0 46 0 0 0 71
992 9404 853 837 63 2 1 372 29 3 355 0 46 0 0 0 71
993 9408 852 835 62 2 1 373 28 3 355 0 46 0 0 0 71
994 9412 850 833 62 2 1 373 28 3 355 0 46 0 0 0 71
995 9414 849 833 61 2 1 373 28 3 356 0 45 0 0 0 71
996 9420 847 831 59 2 1 373 28 3 356 0 45 0 0 0 71
997 9424 846 829 58 2 1 373 28 3 355 0 46 0 0 0 71
998 9426 845 828 58 2 1 373 28 3 355 0 46 0 0 0 71
999 9440 839 822 56 2 1 373 28 3 355 0 46 0 0 0 71
1000 9442 839 820 56 2 1 374 27 3 354 0 47 0 0 0 71
1001 9446 836 818 57 2 1 374 27 3 355 0 46 0 0 0 71
1002 9454 832 814 57 2 1 374 27 3 355 0 46 0 0 0 71
1003 9451 833 815 58 2 1 374 27 3 355 0 46 0 0 0 71
1004 9455 831 813 58 2 1 374 27 3 355 0 46 0 0 0 71
1005 9460 828 811 58 2 1 374 27 3 356 0 45 0 0 0 71
1006 9459 829 812 57 2 1 374 27 3 356 0 45 0 0 0 71
1007 9465 826 809 57 2 1 374 27 3 356 0 45 0 0 0 71
1008 9465 826 810 56 2 1 374 27 3 357 0 44 0 0 0 71
1009 9472 824 808 53 2 1 374 27 3 357 0 44 0 0 0 71
1010 9481 819 804 53 2 1 374 27 3 358 0 43 0 0 0 71
1011 9481 818 804 54 2 1 374 27 3 359 0 42 0 0 0 71
1012 9474 821 807 55 2 1 374 27 3 359 0 42 0 0 0 71
1013 9481 818 803 55 2 1 374 27 3 358 0 43 0 0 0 71
1014 9477 819 804 57 2 1 374 27 3 358 0 43 0 0 0 71
1015 9481 817 802 57 2 1 374 27 3 358 0 43 0 0 0 71
1016 9487 814 799 57 2 1 374 27 3 358 0 43 0 0 0 71
1017 9495 810 794 57 2 1 375 26 3 358 0 43 0 0 0 72
1018 9504 805 790 57 2 1 375 26 3 359 0 42 0 0 0 72
1019 9502 806 790 58 2 1 375 26 3 358 0 43 0 0 0 72
1020 9511 802 786 55 2 1 376 26 3 359 0 43 0 0 0 72
1021 9513 801 784 56 3 1 376 25 3 359 1 42 0 0 0 72
1022 9523 796 779 56 3 1 376 25 3 359 1 42 0 0 0 72
1023 9528 795 778 53 3 1 376 25 3 359 1 42 0 0 0 72
1024 9535 792 775 52 3 1 376 25 3 359 1 42 0 0 0 72
1025 9535 793 776 50 3 1 376 25 3 359 1 42 0 0 0 72
1026 9543 791 773 47 3 1 376 25 3 358 1 43 0 0 0 72
1027 9537 793 776 48 3 1 376 25 3 359 1 42 0 0 0 72
1028 9544 789 773 48 3 1 375 26 3 359 1 42 0 0 0 72
1029 9552 784 769 49 3 1 375 26 3 360 1 41 0 0 0 72
1030 9551 785 770 48 3 1 375 26 3 360 1 41 0 0 0 72
1031 9555 783 767 48 3 1 376 25 3 360 1 41 0 0 0 73
1032 9546 788 771 48 3 1 377 24 3 360 1 41 0 0 0 73
1033 9548 786 770 49 3 1 377 24 3 361 1 40 0 0 0 73
1034 9547 786 770 50 3 1 377 24 3 361 1 40 0 0 0 73
1035 9544 788 772 49 3 1 377 24 3 361 1 40 0 0 0 73
1036 9554 782 766 51 3 1 377 24 3 361 1 40 0 0 0 73
1037 9560 779 763 51 3 1 377 24 3 361 1 40 0 0 0 73
1038 9564 777 761 51 3 1 377 24 3 361 1 40 0 0 0 73
1039 9576 771 755 51 3 1 377 24 3 361 1 40 0 0 0 73
1040 9580 769 753 51 3 1 377 24 3 361 1 40 0 0 0 73
1041 9588 766 750 49 3 1 377 24 3 361 1 40 0 0 0 73
1042 9596 762 746 49 3 1 377 24 3 361 1 40 0 0 0 73
1043 9601 760 744 48 3 1 377 24 3 361 1 40 0 0 0 73
1044 9606 758 742 47 3 1 377 24 3 361 1 40 0 0 0 73
1045 9615 755 739 44 3 1 377 24 3 361 1 40 0 0 0 73
1046 9614 756 740 43 3 1 377 24 3 361 1 40 0 0 0 73
1047 9618 753 737 45 3 1 377 24 3 361 1 40 0 0 0 73
1048 9618 753 737 45 3 1 377 24 3 361 1 40 0 0 0 73
1049 9625 749 734 45 3 1 376 25 3 361 1 40 0 0 0 73
1050 9632 746 729 46 3 1 377 24 3 360 1 41 0 0 0 73
1051 9628 748 732 45 3 1 376 25 3 360 1 41 0 0 0 73
1052 9632 746 730 45 3 1 376 25 3 360 1 41 0 0 0 73
1053 9630 747 731 45 4 1 375 25 4 359 1 41 0 0 0 73
1054 9631 747 731 44 4 1 375 25 4 359 1 41 0 0 0 73
1055 9630 747 732 44 4 1 375 25 4 360 1 40 0 0 0 73
1056 9627 748 734 44 4 1 375 25 4 361 1 39 0 0 0 73
1057 9628 748 734 43 4 1 375 25 4 361 1 39 0 0 0 73
1058 9637 744 730 42 4 1 375 25 4 361 1 39 0 0 0 73
1059 9646 740 726 41 4 1 375 25 4 361 1 39 0 0 0 73
1060 9649 739 725 40 4 1 375 25 4 361 1 39 0 0 0 73
1061 9651 738 724 40 4 1 375 25 4 361 1 39 0 0 0 73
1062 9659 734 720 40 4 1 375 25 4 361 1 39 0 0 0 73
1063 9663 732 718 40 4 1 375 25 4 361 1 39 0 0 0 73
1064 9671 728 715 39 4 1 375 25 4 362 1 38 0 0 0 73
1065 9666 730 717 40 4 1 375 25 4 362 1 38 0 0 0 73
1066 9667 729 717 40 4 1 374 26 4 362 1 38 0 0 0 73
1067 9676 723 713 41 4 1 374 26 4 364 1 36 0 0 0 73
1068 9693 715 706 39 4 1 374 26 4 365 1 35 0 0 0 73
1069 9701 712 703 37 4 1 374 26 4 365 1 35 0 0 0 73
1070 9697 715 705 36 4 1 375 25 4 365 1 35 0 0 0 73
1071 9701 713 704 35 4 1 375 25 4 366 1 34 0 0 0 73
1072 9709 709 699 36 4 1 376 24 4 366 1 34 0 0 0 73
1073 9712 707 698 36 4 1 376 24 4 367 1 33 0 0 0 73
1074 9716 705 696 36 4 1 376 24 4 367 1 33 0 0 0 73
1075 9708 709 700 36 4 1 376 24 4 367 1 33 0 0 0 73
1076 9713 706 698 36 4 1 376 24 4 368 1 32 0 0 0 73
1077 9708 707 699 39 4 1 376 24 4 368 1 32 0 0 0 73
1078 9713 704 697 39 4 1 376 24 4 369 1 31 0 0 0 73
1079 9720 701 694 38 4 1 376 24 4 369 1 31 0 0 0 73
1080 9722 700 693 38 4 1 376 24 4 369 1 31 0 0 0 73
1081 9720 701 694 38 4 1 376 24 4 369 1 31 0 0 0 73
1082 9722 700 693 38 4 1 376 24 4 369 1 31 0 0 0 73
1083 9728 696 689 40 4 1 376 24 4 369 1 31 0 0 0 73
1084 9732 694 687 40 4 1 376 24 4 369 1 31 0 0 0 73
1085 9738 691 684 40 4 1 376 24 4 369 1 31 0 0 0 73
1086 9746 687 680 40 4 1 376 24 4 369 1 31 0 0 0 73
1087 9746 687 680 40 4 1 376 24 4 369 1 31 0 0 0 73
1088 9750 685 678 40 4 1 376 24 4 369 1 31 0 0 0 73
1089 9751 684 678 40 4 1 375 25 4 369 1 31 0 0 0 73
1090 9755 683 676 39 4 1 375 25 4 368 1 32 0 0 0 73
1091 9745 688 681 39 4 1 375 25 4 368 1 32 0 0 0 73
1092 9743 689 682 39 4 1 375 25 4 368 1 32 0 0 0 73
1093 9741 689 683 40 4 1 375 25 4 369 1 31 0 0 0 73
1094 9745 688 681 39 4 1 375 25 4 368 1 32 0 0 0 73
1095 9755 683 676 39 4 1 375 25 4 368 1 32 0 0 0 73
1096 9767 677 671 38 4 1 374 26 4 368 1 32 0 0 0 73
1097 9768 676 670 39 4 1 374 26 4 368 1 32 0 0 0 73
1098 9769 675 670 39 4 1 373 27 4 368 1 32 0 0 0 73
1099 9777 670 666 40 4 1 373 27 4 369 1 31 0 0 0 73
1100 9783 667 663 40 4 1 373 27 4 369 1 31 0 0 0 73
1101 9797 660 656 40 4 1 373 27 4 369 1 31 0 0 0 73
1102 9804 656 653 40 4 1 372 28 4 369 1 31 0 0 0 73
1103 9800 658 655 40 4 1 372 28 4 369 1 31 0 0 0 73
1104 9802 657 654 40 4 1 372 28 4 369 1 31 0 0 0 73
1105 9813 652 649 39 4 1 372 28 4 369 1 31 0 0 0 73
1106 9816 650 647 38 4 1 373 28 4 370 1 31 0 0 0 73
1107 9819 648 645 37 4 1 374 28 4 371 1 31 0 0 0 73
1108 9827 645 640 37 4 1 376 26 4 371 1 31 0 0 0 73
1109 9834 641 637 37 4 1 376 26 4 372 1 30 0 0 0 73
1110 9837 639 635 38 4 1 376 26 4 372 1 30 0 0 0 73
1111 9841 637 633 38 4 1 376 26 4 372 1 30 0 0 0 73
1112 9848 634 630 37 4 1 376 26 4 372 1 30 0 0 0 73
1113 9850 633 629 37 4 1 376 26 4 372 1 30 0 0 0 73
1114 9856 630 626 37 4 1 376 26 4 372 1 30 0 0 0 73
1115 9861 628 624 36 4 1 376 26 4 372 1 30 0 0 0 73
1116 9865 626 621 37 4 1 377 25 4 372 1 30 0 0 0 73
1117 9865 627 620 37 4 1 379 23 4 372 1 30 0 0 0 73
1118 9868 626 619 36 4 1 379 23 4 372 1 30 0 0 0 73
1119 9877 622 615 35 4 1 379 23 4 372 1 30 0 0 0 73
1120 9880 620 613 36 4 1 379 23 4 372 1 30 0 0 0 73
1121 9872 624 617 36 4 1 379 23 4 372 1 30 0 0 0 73
1122 9875 623 616 35 4 1 379 23 4 372 1 30 0 0 0 73
1123 9877 622 615 35 4 1 379 23 4 372 1 30 0 0 0 73
1124 9879 620 614 36 4 1 379 23 4 373 1 29 0 0 0 73
1125 9882 619 613 35 4 1 379 23 4 373 1 29 0 0 0 73
1126 9888 616 610 35 4 1 379 23 4 373 1 29 0 0 0 73
1127 9891 614 608 36 4 1 379 23 4 373 1 29 0 0 0 73
1128 9888 615 610 36 4 1 379 23 5 373 0 29 0 0 0 73
1129 9883 617 612 37 4 1 379 23 5 373 0 29 0 0 0 73
1130 9876 620 616 37 4 1 379 23 5 374 0 28 0 0 0 73
1131 9879 619 615 36 4 1 380 22 5 375 0 27 0 0 0 73
1132 9879 619 615 36 4 1 380 22 5 375 0 27 0 0 0 73
1133 9877 621 616 35 4 1 380 22 5 374 0 28 0 0 0 73
1134 9887 616 611 35 4 1 380 22 5 374 0 28 0 0 0 73
1135 9896 612 607 34 4 1 380 22 5 374 0 28 0 0 0 73
1136 9902 609 604 34 4 1 380 22 5 374 0 28 0 0 0 73
1137 9910 605 600 34 4 1 380 22 5 374 0 28 0 0 0 73
1138 9914 603 598 34 4 1 380 22 5 374 0 28 0 0 0 73
1139 9915 601 596 37 4 1 380 22 5 374 0 28 0 0 0 73
1140 9922 598 593 36 4 1 380 22 5 374 0 28 0 0 0 73
1141 9924 597 592 36 4 1 380 22 5 374 0 28 0 0 0 73
1142 9923 598 593 35 4 1 380 22 5 374 0 28 0 0 0 73
1143 9919 599 594 37 4 1 380 22 5 374 0 28 0 0 0 73
1144 9923 597 592 37 4 1 380 22 5 374 0 28 0 0 0 73
1145 9930 593 588 38 4 1 380 22 5 374 0 28 0 0 0 73
1146 9934 591 586 38 4 1 380 22 5 374 0 28 0 0 0 73
1147 9946 585 580 38 4 1 380 22 5 374 0 28 0 0 0 73
1148 9944 586 580 39 4 1 380 22 5 373 0 29 0 0 0 73
1149 9948 584 578 39 4 1 380 22 5 373 0 29 0 0 0 73
1150 9945 585 579 39 4 1 380 22 5 373 0 29 0 0 0 74
1151 9942 586 581 39 4 1 379 23 5 373 0 29 0 0 0 74
1152 9946 584 581 37 4 1 379 23 5 375 0 27 0 0 0 74
1153 9952 582 577 37 4 1 379 23 5 373 0 29 0 0 0 74
1154 9951 583 578 36 4 1 380 22 5 374 0 28 0 0 0 74
1155 9952 583 578 35 4 1 380 22 5 374 0 28 0 0 0 74
1156 9952 581 578 37 4 1 378 24 5 374 0 28 0 0 0 74
1157 9950 581 579 38 4 1 378 24 5 375 0 27 0 0 0 74
1158 9956 578 576 38 4 1 378 24 5 375 0 27 0 0 0 74
1159 9963 575 573 36 4 1 378 24 5 375 0 27 0 0 0 75
1160 9970 572 569 36 4 1 378 24 5 374 0 28 0 0 0 75
1161 9974 570 567 36 4 1 378 24 5 374 0 28 0 0 0 75
1162 9974 570 567 36 4 1 378 24 5 374 0 28 0 0 0 75
1163 9981 567 563 36 4 1 379 23 6 373 0 28 0 1 0 74
1164 9991 562 558 36 4 1 379 23 6 373 0 28 0 1 0 74
1165 9994 561 556 36 4 1 380 22 6 373 0 28 0 1 0 74
1166 10005 555 551 36 4 1 381 21 6 375 0 26 0 1 0 74
1167 10002 556 553 36 4 1 380 22 6 375 0 26 0 1 0 74
1168 10001 557 554 35 4 1 380 22 6 375 0 26 0 1 0 74
1169 10005 555 552 35 4 1 380 22 6 375 0 26 0 1 0 74
1170 10010 553 550 34 4 1 380 22 6 375 0 26 0 1 0 74
1171 10017 550 544 34 4 1 381 22 6 373 0 29 0 1 0 74
1172 10027 545 539 34 4 1 381 22 6 373 0 29 0 1 0 74
1173 10038 539 534 34 4 1 381 22 6 374 0 28 0 1 0 74
1174 10048 534 530 33 4 1 381 22 6 375 0 27 0 1 0 74
1175 10050 533 529 33 4 1 381 22 6 375 0 27 0 1 0 74
1176 10050 533 528 32 4 1 382 22 6 375 0 28 0 1 0 74
1177 10050 533 528 32 4 1 382 22 6 375 0 28 0 1 0 74
1178 10050 533 528 32 4 1 382 22 6 375 0 28 0 2 1 72
1179 10046 535 529 33 4 1 382 22 6 374 0 29 0 2 1 72
1180 10046 535 529 33 4 1 382 22 6 374 0 29 0 2 1 72
1181 10050 533 527 33 4 1 382 22 6 374 0 29 0 2 1 72
1182 10052 532 526 33 4 1 382 22 6 374 0 29 0 2 1 72
1183 10050 533 527 33 4 1 382 22 6 374 0 29 0 2 1 72
1184 10052 531 528 32 4 1 381 23 6 376 0 27 0 2 1 72
1185 10049 533 530 31 4 1 381 23 6 376 0 27 0 2 1 72
1186 10045 536 532 30 4 1 381 23 6 375 0 28 0 2 1 72
1187 10055 531 527 30 4 1 382 22 6 376 0 27 0 2 1 72
1188 10063 527 523 30 4 1 382 22 6 376 0 27 0 2 1 72
1189 10067 525 521 30 4 1 382 22 6 376 0 27 0 2 1 72
1190 10070 523 519 31 4 1 382 22 6 376 0 27 0 2 1 72
1191 10068 524 520 31 4 1 382 22 6 376 0 27 0 2 1 72
1192 10066 525 521 31 4 1 382 22 6 376 0 27 0 2 1 72
1193 10068 524 521 30 4 1 382 22 6 377 0 26 0 2 1 72
1194 10074 521 518 30 4 1 382 22 6 377 0 26 0 2 1 72
1195 10080 518 515 30 4 1 382 22 6 377 0 26 0 2 1 72
1196 10085 515 512 31 4 1 382 22 6 377 0 26 0 2 1 72
1197 10088 514 510 31 4 1 383 21 6 377 0 26 0 2 1 72
1198 10093 512 508 30 4 1 383 21 6 377 0 26 0 2 1 72
1199 10095 511 508 29 4 1 383 21 6 378 0 25 0 2 1 72
1200 10099 509 506 29 4 1 383 21 6 378 0 25 0 2 1 72
1201 10101 508 505 29 4 1 383 21 6 378 0 25 0 2 1 72
1202 10107 505 502 29 4 1 383 21 6 378 0 25 0 2 1 72
1203 10113 502 498 30 4 1 383 21 6 377 0 26 0 2 1 72
1204 10113 502 498 30 4 1 383 21 6 377 0 26 0 2 1 72
1205 10119 499 495 30 4 1 383 21 6 377 0 26 0 2 1 72
1206 10120 498 495 30 4 1 383 21 6 378 0 25 0 2 1 72
1207 10121 498 494 30 4 1 384 20 6 378 0 25 0 2 1 72
1208 10124 497 493 29 4 1 384 20 6 378 0 25 0 2 1 72
1209 10127 496 492 28 4 1 384 20 6 378 0 25 0 2 1 72
1210 10127 496 493 27 4 1 384 20 6 379 0 24 0 2 1 72
1211 10124 497 495 27 4 1 383 21 6 379 0 24 0 2 1 72
1212 10125 496 495 27 4 1 383 21 6 380 0 23 0 2 1 72
1213 10133 492 491 27 4 1 383 21 6 380 0 23 0 2 1 72
1214 10134 492 491 26 4 1 383 21 6 380 0 23 0 2 1 72
1215 10135 491 491 26 4 1 383 21 6 381 0 22 0 2 1 72
1216 10143 488 488 24 4 1 383 21 6 381 0 22 0 2 1 72
1217 10150 485 485 23 4 1 383 21 6 381 0 22 0 2 1 72
1218 10156 482 482 23 4 1 383 21 6 381 0 22 0 2 1 72
1219 10158 481 481 23 4 1 383 21 6 381 0 22 0 2 1 72
1220 10164 478 478 23 4 1 383 21 6 381 0 22 0 2 1 72
1221 10171 474 474 24 4 1 383 21 6 381 0 22 0 2 1 72
1222 10167 476 476 24 4 1 383 21 6 381 0 22 0 2 1 72
1223 10165 478 478 22 4 1 383 21 6 381 0 22 0 2 1 72
1224 10165 478 478 22 4 1 383 21 6 381 0 22 0 2 1 72
1225 10167 477 477 22 4 1 383 21 6 381 0 22 0 2 1 72
1226 10173 474 474 22 4 1 383 21 6 381 0 22 0 2 1 72
1227 10179 471 471 22 4 1 383 21 6 381 0 22 0 2 1 72
1228 10186 468 467 22 4 1 384 20 6 381 0 22 0 2 1 72
1229 10191 465 464 23 4 1 384 20 6 381 0 22 0 2 1 72
1230 10191 465 464 23 4 1 384 20 6 381 0 22 0 2 1 72
1231 10199 461 460 23 4 1 384 20 6 381 0 22 0 2 1 72
1232 10198 461 460 24 4 1 384 20 6 381 0 22 0 2 1 72
1233 10198 461 460 24 4 1 384 20 6 381 0 22 0 2 1 72
1234 10192 464 463 24 4 1 384 20 6 381 0 22 0 2 1 72
1235 10187 466 466 24 5 1 383 20 7 381 0 21 0 2 1 72
1236 10191 464 464 24 5 1 383 20 7 381 0 21 0 2 1 72
1237 10190 465 465 23 5 1 383 20 7 381 0 21 0 2 1 72
1238 10184 468 468 23 5 1 383 20 7 381 0 21 0 2 1 72
1239 10187 467 466 23 5 1 384 19 7 381 0 21 0 2 1 72
1240 10190 466 465 22 5 1 384 19 7 381 0 21 0 2 1 72
1241 10194 464 463 22 5 1 384 19 7 381 0 21 0 2 1 72
1242 10199 462 461 21 5 1 384 19 7 381 0 21 0 2 1 72
1243 10204 460 458 21 5 1 384 19 7 380 0 22 0 2 1 72
1244 10203 460 459 21 5 1 383 20 7 380 0 22 0 2 1 72
1245 10205 459 458 21 5 1 383 20 7 380 0 22 0 2 1 72
1246 10202 460 459 22 6 1 382 20 7 380 0 22 0 2 2 71
1247 10200 461 461 21 6 1 381 21 7 380 0 22 0 2 2 71
1248 10200 461 461 21 6 1 381 21 7 380 0 22 0 2 2 71
1249 10201 460 460 22 6 1 381 21 7 380 0 22 0 2 2 71
1250 10202 460 460 21 6 1 381 21 7 380 0 22 0 3 3 69
1251 10204 459 460 20 6 1 380 22 7 380 0 22 0 3 3 69
1252 10206 458 459 20 6 1 380 22 7 380 0 22 0 3 3 69
1253 10215 455 456 17 6 1 380 22 7 380 0 22 0 3 3 69
1254 10218 454 454 17 6 1 381 21 7 380 0 22 0 3 3 69
1255 10220 453 453 17 6 1 381 21 7 380 0 22 0 3 3 69
1256 10220 453 453 17 6 1 381 21 7 380 0 22 0 3 3 69
1257 10226 450 450 17 6 1 381 21 7 380 0 22 0 3 3 69
1258 10228 449 449 17 6 1 381 21 7 380 0 22 0 3 3 69
1259 10226 450 450 17 6 1 381 21 7 380 0 22 0 3 3 69
1260 10230 448 448 17 6 1 381 21 7 380 0 22 0 3 3 69
1261 10231 447 448 17 6 1 381 21 7 381 0 21 0 3 3 69
1262 10231 447 448 17 6 1 381 21 7 381 0 21 0 3 3 69
1263 10231 447 448 17 6 1 381 21 7 381 0 21 0 3 3 69
1264 10233 446 447 17 6 1 381 21 7 381 0 21 0 3 3 69
1265 10239 444 444 16 6 1 382 20 7 381 0 21 0 3 3 69
1266 10238 445 445 15 6 1 382 20 7 381 0 21 0 3 3 69
1267 10240 444 444 15 6 1 382 20 7 381 0 21 0 3 3 69
1268 10238 445 445 15 6 1 382 20 7 381 0 21 0 3 3 69
1269 10244 442 442 15 6 1 382 20 7 381 0 21 0 3 3 69
1270 10244 443 441 15 6 1 383 19 7 380 0 22 0 3 3 69
1271 10249 441 439 14 6 1 383 19 7 380 0 22 0 3 3 69
1272 10259 436 434 14 7 0 383 19 7 381 0 21 0 3 3 69
1273 10258 437 434 14 7 0 383 19 7 380 0 22 0 3 3 69
1274 10254 439 436 14 7 0 383 19 7 380 0 22 0 3 3 69
1275 10254 439 436 14 7 0 383 19 7 380 0 22 0 3 3 69
1276 10256 438 435 14 7 0 383 19 7 380 0 22 0 3 3 69
1277 10263 434 432 14 7 0 382 20 7 380 0 22 0 3 3 69
1278 10263 434 432 14 7 0 382 20 7 380 0 22 0 3 3 69
1279 10261 435 433 14 7 0 382 20 7 380 0 22 0 3 3 69
1280 10262 435 433 13 7 0 382 20 7 380 0 22 0 3 3 69
1281 10268 432 430 13 7 0 382 20 7 380 0 22 0 3 3 69
1282 10265 433 431 14 7 0 382 20 7 380 0 22 0 3 3 69
1283 10261 435 433 14 7 0 382 20 7 380 0 22 0 3 3 69
1284 10268 432 430 13 7 0 382 20 7 380 0 22 0 3 3 69
1285 10276 428 426 12 7 0 382 20 7 380 0 22 0 3 3 70
1286 10277 427 426 12 7 0 382 20 7 381 0 21 0 3 3 70
1287 10280 425 425 12 7 0 382 20 7 382 0 20 0 3 3 70
1288 10276 427 427 12 7 0 382 20 7 382 0 20 0 3 3 70
1289 10276 427 427 12 7 0 382 20 7 382 0 20 0 3 3 70
1290 10278 426 426 12 7 0 382 20 7 382 0 20 0 3 3 70
1291 10281 424 424 13 7 0 382 20 7 382 0 20 0 3 3 70
1292 10280 425 424 13 7 0 382 20 7 381 0 21 0 3 3 70
1293 10281 425 424 12 7 0 382 20 7 381 0 21 0 3 3 70
1294 10287 422 421 12 8 0 381 20 8 380 0 21 0 3 3 70
1295 10283 424 423 12 8 0 381 20 8 380 0 21 0 3 3 70
1296 10280 426 425 11 8 0 381 20 8 380 0 21 0 3 3 70
1297 10287 423 422 10 8 0 381 20 8 380 0 21 0 3 3 70
1298 10293 420 419 10 8 0 381 20 8 380 0 21 0 3 3 70
1299 10299 417 416 10 8 0 381 20 8 380 0 21 0 3 3 70
1300 10301 416 415 10 8 0 381 20 8 380 0 21 0 3 3 70
1301 10299 417 416 10 8 0 381 20 8 380 0 21 0 3 3 70
1302 10301 416 415 10 8 0 381 20 8 380 0 21 0 3 3 70
1303 10299 417 416 10 8 0 381 20 8 380 0 21 0 3 3 70
1304 10305 414 413 10 8 0 381 20 8 380 0 21 0 3 3 70
1305 10311 411 410 10 8 0 381 20 8 380 0 21 0 3 3 70
1306 10311 411 410 10 8 0 381 20 8 380 0 21 0 3 3 70
1307 10313 410 409 10 8 0 381 20 8 380 0 21 0 3 3 70
1308 10312 410 409 11 8 0 381 20 8 380 0 21 0 3 3 70
1309 10312 410 409 11 8 0 381 20 8 380 0 21 0 3 3 70
1310 10316 408 407 11 8 0 381 20 8 380 0 21 0 3 3 70
1311 10315 409 408 10 8 0 381 20 8 380 0 21 0 3 3 70
1312 10315 409 408 10 8 0 381 20 8 380 0 21 0 3 3 70
1313 10323 405 405 9 8 0 381 20 8 381 0 20 0 3 3 70
1314 10325 404 404 9 8 0 381 20 8 381 0 20 0 3 3 70
1315 10322 405 406 9 8 0 380 21 8 381 0 20 0 3 3 70
1316 10318 407 407 10 8 0 380 21 8 380 0 21 0 3 3 70
1317 10314 408 408 12 8 0 380 21 8 380 0 21 0 3 3 70
1318 10310 410 410 12 8 0 380 21 8 380 0 21 0 3 3 70
1319 10310 410 410 12 8 0 380 21 8 380 0 21 0 3 3 70
1320 10314 408 408 12 8 0 380 21 8 380 0 21 0 3 3 70
1321 10310 410 410 12 8 0 380 21 8 380 0 21 0 3 3 70
1322 10316 408 408 10 8 0 380 21 8 380 0 21 0 3 3 70
1323 10316 408 408 10 8 0 380 21 8 380 0 21 0 3 3 70
1324 10320 406 406 10 8 0 380 21 8 380 0 21 0 3 3 70
1325 10322 405 405 10 8 0 380 21 8 380 0 21 0 3 3 70
1326 10322 405 405 10 8 0 380 21 8 380 0 21 0 3 3 70
1327 10328 402 402 10 8 0 380 21 8 380 0 21 0 3 3 70
1328 10334 399 399 10 8 0 380 21 8 380 0 21 0 3 3 70
1329 10332 400 400 10 8 0 380 21 8 380 0 21 0 3 3 70
1330 10338 397 397 10 8 0 380 21 8 380 0 21 0 3 3 70
1331 10338 397 397 10 8 0 380 21 8 380 0 21 0 3 3 70
1332 10341 396 395 10 8 0 382 19 8 381 0 20 0 3 3 70
1333 10345 394 393 10 8 0 382 19 8 381 0 20 0 3 3 70
1334 10352 391 390 9 8 0 382 19 8 381 0 20 0 3 3 70
1335 10356 389 388 9 8 0 382 19 8 381 0 20 0 3 3 70
1336 10355 389 389 9 8 0 382 19 8 382 0 19 0 3 3 70
1337 10355 389 389 9 8 0 382 19 8 382 0 19 0 3 3 70
1338 10357 388 388 9 8 0 382 19 8 382 0 19 0 3 3 70
1339 10356 388 388 10 8 0 382 19 8 382 0 19 0 3 3 70
1340 10365 384 383 10 8 0 383 18 8 382 0 19 0 3 3 70
1341 10368 383 382 9 8 0 383 18 8 382 0 19 0 3 3 70
1342 10370 382 381 9 8 0 383 18 8 382 0 19 0 3 3 70
1343 10366 384 383 9 8 0 383 18 8 382 0 19 0 3 3 70
1344 10367 383 383 9 8 0 383 18 8 383 0 18 0 3 3 70
1345 10369 382 382 9 8 0 383 18 8 383 0 18 0 3 3 70
1346 10368 382 383 9 8 0 383 18 8 384 0 17 0 3 3 70
1347 10373 380 380 9 8 0 384 17 8 384 0 17 0 3 3 70
1348 10367 383 383 9 8 0 384 17 8 384 0 17 0 3 3 70
1349 10371 381 381 9 8 0 384 17 8 384 0 17 0 3 3 70
1350 10371 381 381 9 8 0 383 18 8 383 0 18 0 3 3 70
1351 10371 381 381 9 8 0 383 18 8 383 0 18 0 3 3 70
1352 10373 380 380 9 8 0 383 18 8 383 0 18 0 3 3 70
1353 10371 381 381 9 8 0 383 18 8 383 0 18 0 3 3 70
1354 10369 382 382 9 8 0 383 18 8 383 0 18 0 3 3 70
1355 10376 378 379 9 8 0 383 18 8 384 0 17 0 3 3 70
1356 10376 378 379 9 8 0 383 18 8 384 0 17 0 3 3 70
1357 10375 378 379 10 8 0 383 18 8 384 0 17 0 3 3 70
1358 10377 377 378 10 9 0 382 18 8 384 1 16 0 3 3 70
1359 10378 376 377 11 9 0 382 18 8 384 1 16 0 3 3 70
1360 10374 378 379 11 9 0 382 18 8 384 1 16 0 3 3 70
1361 10372 379 380 11 9 0 382 18 8 384 1 16 0 3 3 70
1362 10372 379 380 11 9 0 382 18 8 384 1 16 0 3 3 70
1363 10371 380 380 11 9 0 383 17 8 384 1 16 0 3 3 70
1364 10370 381 381 10 9 0 383 17 8 384 1 16 0 3 3 70
1365 10372 380 380 10 9 0 383 17 8 384 1 16 0 3 3 70
1366 10376 378 378 10 9 0 383 17 8 384 1 16 0 3 3 70
1367 10382 375 375 10 9 0 383 17 8 384 1 16 0 3 3 70
1368 10382 375 375 10 9 0 383 17 8 384 1 16 0 3 3 70
1369 10382 375 375 10 9 0 383 17 8 384 1 16 0 3 3 70
1370 10382 375 375 10 9 0 383 17 8 384 1 16 0 3 3 70
1371 10382 375 375 10 9 0 383 17 8 384 1 16 0 3 3 70
1372 10376 378 378 10 9 0 383 17 8 384 1 16 0 3 3 70
1373 10374 379 379 10 9 0 383 17 8 384 1 16 0 3 3 70
1374 10374 379 379 10 9 0 383 17 8 384 1 16 0 3 3 70
1375 10377 378 378 9 9 0 383 17 8 384 1 16 0 3 3 70
1376 10382 376 375 9 9 0 383 17 8 383 1 17 0 3 3 70
1377 10384 375 374 9 9 0 383 17 8 383 1 17 0 3 3 70
1378 10382 376 375 9 9 0 383 17 8 383 1 17 0 3 3 70
1379 10374 380 379 9 9 0 383 17 8 383 1 17 0 3 3 70
1380 10376 379 378 9 9 0 383 17 8 383 1 17 0 3 3 70
1381 10376 379 378 9 9 0 383 17 8 383 1 17 0 3 3 70
1382 10378 379 377 8 9 0 384 16 8 383 1 17 0 3 3 70
1383 10378 379 377 8 9 0 384 16 8 383 1 17 0 3 3 70
1384 10378 379 377 8 9 0 384 16 8 383 1 17 0 3 3 70
1385 10382 377 375 8 9 0 384 16 8 383 1 17 0 3 3 70
1386 10387 374 373 8 9 0 384 16 8 384 1 16 0 3 3 70
1387 10386 374 373 9 9 0 384 16 8 384 1 16 0 3 3 70
1388 10387 374 372 9 9 0 385 15 8 384 1 16 0 3 3 70
1389 10385 374 373 10 9 0 385 15 8 385 1 15 0 3 3 70
1390 10388 373 372 9 9 0 385 15 8 385 1 15 0 3 3 70
1391 10388 373 372 9 9 0 385 15 8 385 1 15 0 3 3 70
1392 10391 371 371 9 9 0 385 15 8 386 1 14 0 3 3 70
1393 10393 370 370 9 9 0 385 15 8 386 1 14 0 3 3 70
1394 10397 368 368 9 9 0 385 15 9 385 1 14 0 4 3 69
1395 10403 365 365 9 9 0 385 15 9 385 1 14 0 4 3 69
1396 10407 363 363 9 9 0 385 15 9 385 1 14 0 4 3 69
1397 10416 359 359 8 9 0 385 15 9 385 1 14 0 4 3 69
1398 10426 354 355 7 9 0 385 15 9 386 1 13 0 4 3 69
1399 10430 352 353 7 9 0 385 15 9 386 1 13 0 4 3 69
1400 10436 350 350 6 9 0 386 14 9 386 1 13 0 4 3 69
1401 10439 348 348 7 9 0 386 14 9 386 1 13 0 4 3 69
1402 10441 347 347 7 9 0 386 14 9 386 1 13 0 4 3 69
1403 10443 346 346 7 9 0 386 14 9 386 1 13 0 4 3 69
1404 10443 346 346 7 9 0 386 14 9 386 1 13 0 4 3 69
1405 10445 345 346 6 10 0 384 15 10 385 1 13 0 4 3 69
1406 10443 346 347 6 10 0 384 15 10 385 1 13 0 4 3 69
1407 10447 344 345 6 10 0 384 15 10 385 1 13 0 4 3 69
1408 10447 344 345 6 10 0 383 16 10 384 1 14 0 4 3 69
1409 10445 345 345 7 10 0 383 16 10 383 1 15 0 4 3 69
1410 10443 346 346 7 10 0 383 16 10 383 1 15 0 4 3 69
1411 10448 344 344 6 10 0 383 16 10 383 1 15 0 4 3 69
1412 10448 344 344 6 10 0 383 16 10 383 1 15 0 4 3 69
1413 10454 341 341 6 10 0 383 16 10 383 1 15 0 4 3 69
1414 10459 339 338 6 10 0 384 15 10 383 1 15 0 4 3 69
1415 10461 338 337 6 10 0 384 15 10 383 1 15 0 4 3 69
1416 10461 337 336 8 10 0 384 15 10 383 1 15 0 4 3 69
1417 10459 338 337 8 10 0 384 15 10 383 1 15 0 4 3 69
1418 10461 337 336 8 10 0 384 15 10 383 1 15 0 4 3 69
1419 10459 338 337 8 10 0 384 15 10 383 1 15 0 4 3 69
1420 10457 339 338 8 10 0 384 15 10 383 1 15 0 4 3 69
1421 10460 337 337 8 10 0 384 15 10 384 1 14 0 4 3 69
1422 10458 338 338 8 10 0 384 15 10 384 1 14 0 4 3 69
1423 10460 337 337 8 10 0 384 15 10 384 1 14 0 4 3 69
1424 10460 337 337 8 11 0 383 15 11 383 1 14 0 4 3 69
1425 10464 335 335 8 11 0 383 15 11 383 1 14 0 4 3 69
1426 10465 335 335 7 11 0 383 15 11 383 1 14 0 4 3 69
1427 10467 334 334 7 11 0 383 15 11 383 1 14 0 4 3 69
1428 10471 332 332 7 11 0 383 15 11 383 1 14 0 4 3 69
1429 10479 328 328 7 11 0 383 15 11 383 1 14 0 4 3 69
1430 10479 328 328 7 11 0 383 15 11 383 1 14 0 4 3 69
1431 10477 329 329 7 11 0 383 15 11 383 1 14 0 4 3 69
1432 10476 329 330 7 12 0 382 15 12 383 1 13 0 4 3 69
1433 10476 329 330 7 12 0 382 15 12 383 1 13 0 4 3 69
1434 10478 328 330 6 12 0 381 16 12 383 1 13 0 4 3 69
1435 10487 324 325 6 12 0 382 15 12 383 1 13 0 4 3 69
1436 10487 324 325 6 13 0 381 15 13 382 1 13 0 4 3 69
1437 10495 321 321 5 13 0 382 14 13 382 1 13 0 4 3 69
1438 10501 318 318 5 13 0 382 14 13 382 1 13 0 4 3 69
1439 10497 320 320 5 13 0 382 14 13 382 1 13 0 4 3 69
1440 10498 320 319 5 13 0 382 14 13 381 1 14 0 4 3 69
1441 10493 322 322 5 13 0 382 14 13 382 1 13 0 4 3 69
1442 10494 323 322 5 13 0 382 13 13 381 1 13 0 4 3 69
1443 10499 320 319 6 13 0 382 13 13 381 1 13 0 4 3 69
1444 10497 321 320 6 13 0 382 13 13 381 1 13 0 4 3 69
1445 10499 320 319 6 13 0 382 13 13 381 1 13 0 4 3 69
1446 10499 320 319 6 13 0 382 13 13 381 1 13 0 4 3 69
1447 10496 321 320 7 13 0 382 13 13 381 1 13 0 4 3 69
1448 10496 321 320 7 13 0 382 13 13 381 1 13 0 4 3 69
1449 10502 318 317 7 14 0 381 13 13 381 1 13 0 4 4 68
1450 10508 315 314 7 14 0 381 13 13 381 1 13 0 4 4 68
1451 10508 315 314 7 14 0 381 13 13 381 1 13 0 4 4 68
1452 10507 315 314 8 14 0 381 13 14 380 0 14 0 4 4 68
1453 10507 315 315 7 14 0 381 13 14 381 0 13 0 4 4 68
1454 10509 314 314 7 14 0 381 13 14 381 0 13 0 4 4 68
1455 10507 315 315 7 14 0 381 13 14 381 0 13 0 4 4 68
1456 10507 315 315 7 14 0 381 13 14 381 0 13 0 4 4 68
1457 10511 313 313 7 14 0 381 13 14 381 0 13 0 4 4 68
1458 10502 318 317 7 14 0 381 13 14 380 0 14 0 4 4 68
1459 10502 318 317 7 14 0 381 13 14 380 0 14 0 4 4 68
1460 10502 318 317 7 14 0 381 13 14 380 0 14 0 4 4 68
1461 10502 318 317 7 14 0 381 13 14 380 0 14 0 4 4 68
1462 10502 318 317 7 14 0 381 13 14 380 0 14 0 4 4 68
1463 10498 320 319 7 14 0 381 13 14 380 0 14 0 4 4 68
1464 10493 322 321 8 14 0 381 13 14 380 0 14 0 4 4 68
1465 10491 323 322 8 14 0 381 13 15 379 0 14 0 5 4 67
1466 10489 324 323 8 14 0 381 13 15 379 0 14 0 5 4 67
1467 10493 322 321 8 14 0 381 13 15 379 0 14 0 5 4 67
1468 10499 319 318 8 14 0 381 13 15 379 0 14 0 5 4 67
1469 10501 318 317 8 14 0 381 13 15 379 0 14 0 5 4 67
1470 10500 319 318 7 14 0 381 13 15 379 0 14 0 5 4 67
1471 10497 320 320 7 14 0 381 13 15 380 0 13 0 5 4 67
1472 10501 318 318 7 14 0 381 13 15 380 0 13 0 5 4 67
1473 10502 318 318 6 14 0 381 13 15 380 0 13 0 5 4 67
1474 10502 318 318 6 14 0 381 13 15 380 0 13 0 5 4 67
1475 10509 314 315 6 14 0 381 13 15 381 0 12 0 5 4 67
1476 10514 311 312 7 14 0 381 13 15 381 0 12 0 5 4 67
1477 10514 311 312 7 14 0 381 13 15 381 0 12 0 5 4 67
1478 10514 311 312 7 14 0 381 13 15 381 0 12 0 5 4 67
1479 10516 310 311 7 14 0 381 13 15 381 0 12 0 5 4 67
1480 10514 311 312 7 14 0 381 13 15 381 0 12 0 5 4 67
1481 10512 312 313 7 14 0 381 13 15 381 0 12 0 5 4 67
1482 10511 313 313 7 14 0 381 13 15 380 0 13 0 5 4 67
1483 10515 311 311 7 14 0 381 13 15 380 0 13 0 5 4 67
1484 10517 310 310 7 14 0 381 13 15 380 0 13 0 5 4 67
1485 10514 311 311 8 14 0 381 13 15 380 0 13 0 5 4 67
1486 10512 312 312 8 14 0 381 13 15 380 0 13 0 5 4 67
1487 10514 311 311 8 14 0 381 13 15 380 0 13 0 5 4 67
1488 10520 309 308 7 14 0 381 13 15 379 0 14 0 5 4 67
1489 10518 310 309 7 15 0 380 13 16 378 0 14 0 5 4 67
1490 10523 307 307 7 15 0 380 13 16 379 0 13 0 5 4 67
1491 10527 305 305 7 15 0 380 13 16 379 0 13 0 5 4 67
1492 10526 305 306 7 15 0 379 14 16 379 0 13 0 5 4 67
1493 10528 305 304 7 15 0 381 12 16 379 0 13 0 5 4 67
1494 10528 305 304 7 15 0 381 12 16 379 0 13 0 5 4 67
1495 10526 306 305 7 15 0 381 12 16 379 0 13 0 5 4 67
1496 10530 304 303 7 15 0 381 12 16 379 0 13 0 5 4 67
1497 10527 306 304 7 15 0 382 11 16 379 0 13 0 5 4 67
1498 10527 306 303 7 15 0 383 10 16 379 0 13 0 5 4 68
1499 10527 306 303 7 15 0 383 10 16 379 0 13 0 5 4 68
1500 10533 303 300 7 15 0 383 10 16 379 0 13 0 5 4 68
