0 1979 195 0 0 0 0 0 0 0 0 0 0 0 0 0 0
1 11646 195 195 0 0 0 0 0 0 0 0 0 0 0 0 0
2 11646 195 195 0 0 0 0 0 0 0 0 0 0 0 0 0
3 11648 194 194 0 0 0 0 0 0 0 0 0 0 0 0 0
4 11644 196 196 0 0 0 0 0 0 0 0 0 0 0 0 0
5 11648 194 194 0 0 0 0 0 0 0 0 0 0 0 0 0
6 11648 194 194 0 0 0 0 0 0 0 0 0 0 0 0 0
7 11644 196 196 0 0 0 0 0 0 0 0 0 0 0 0 0
8 11646 195 195 0 0 0 0 0 0 0 0 0 0 0 0 0
9 11652 192 192 0 0 0 0 0 0 0 0 0 0 0 0 0
10 11648 194 194 0 0 0 0 0 0 0 0 0 0 0 0 0
11 11644 196 196 0 0 0 0 0 0 0 0 0 0 0 0 0
12 11644 196 196 0 0 0 0 0 0 0 0 0 0 0 0 0
13 11642 197 197 0 0 0 0 0 0 0 0 0 0 0 0 0
14 11640 198 198 0 0 0 0 0 0 0 0 0 0 0 0 0
15 11642 197 197 0 0 0 0 0 0 0 0 0 0 0 0 0
16 11637 199 199 1 0 0 0 0 0 0 0 0 0 0 0 0
17 11635 200 200 1 0 0 0 0 0 0 0 0 0 0 0 0
18 11639 198 198 1 0 0 0 0 0 0 0 0 0 0 0 0
19 11640 197 197 2 0 0 0 0 0 0 0 0 0 0 0 0
20 11638 198 198 2 0 0 0 0 0 0 0 0 0 0 0 0
21 11638 198 198 2 0 0 0 0 0 0 0 0 0 0 0 0
22 11638 198 198 2 0 0 0 0 0 0 0 0 0 0 0 0
23 11638 198 198 2 0 0 0 0 0 0 0 0 0 0 0 0
24 11630 202 202 2 0 0 0 0 0 0 0 0 0 0 0 0
25 11630 202 202 2 0 0 0 0 0 0 0 0 0 0 0 0
26 11623 205 205 3 0 0 0 0 0 0 0 0 0 0 0 0
27 11619 207 207 3 0 0 0 0 0 0 0 0 0 0 0 0
28 11609 212 212 3 0 0 0 0 0 0 0 0 0 0 0 0
29 11607 213 213 3 0 0 0 0 0 0 0 0 0 0 0 0
30 11605 214 214 3 0 0 0 0 0 0 0 0 0 0 0 0
31 11601 216 216 3 0 0 0 0 0 0 0 0 0 0 0 0
32 11599 217 217 3 0 0 0 0 0 0 0 0 0 0 0 0
33 11597 218 218 3 0 0 0 0 0 0 0 0 0 0 0 0
34 11587 223 223 3 0 0 0 0 0 0 0 0 0 0 0 0
35 11581 226 226 3 0 0 0 0 0 0 0 0 0 0 0 0
36 11575 229 229 3 0 0 0 0 0 0 0 0 0 0 0 0
37 11577 228 228 3 0 0 0 0 0 0 0 0 0 0 0 0
38 11569 232 232 3 0 0 0 0 0 0 0 0 0 0 0 0
39 11563 235 235 3 0 0 0 0 0 0 0 0 0 0 0 0
40 11553 240 240 3 0 0 0 0 0 0 0 0 0 0 0 0
41 11552 240 240 4 0 0 0 0 0 0 0 0 0 0 0 0
42 11548 242 242 4 0 0 0 0 0 0 0 0 0 0 0 0
43 11548 242 242 4 0 0 0 0 0 0 0 0 0 0 0 0
44 11543 244 244 5 0 0 0 0 0 0 0 0 0 0 0 0
45 11539 246 246 5 0 0 0 0 0 0 0 0 0 0 0 0
46 11522 254 254 6 0 0 0 0 0 0 0 0 0 0 0 0
47 11516 257 257 6 0 0 0 0 0 0 0 0 0 0 0 0
48 11500 265 265 6 0 0 0 0 0 0 0 0 0 0 0 0
49 11496 267 267 6 0 0 0 0 0 0 0 0 0 0 0 0
50 11484 273 273 6 0 0 0 0 0 0 0 0 0 0 0 0
51 11483 273 273 7 0 0 0 0 0 0 0 0 0 0 0 0
52 11475 277 277 7 0 0 0 0 0 0 0 0 0 0 0 0
53 11473 278 278 7 0 0 0 0 0 0 0 0 0 0 0 0
54 11465 282 282 7 0 0 0 0 0 0 0 0 0 0 0 0
55 11447 291 290 6 0 0 1 0 0 0 0 1 0 0 0 0
56 11435 297 296 6 0 0 1 0 0 0 0 1 0 0 0 0
57 11421 304 303 6 0 0 1 0 0 0 0 1 0 0 0 0
58 11412 308 307 7 0 0 1 0 0 0 0 1 0 0 0 0
59 11403 312 311 8 0 0 1 0 0 0 0 1 0 0 0 0
60 11395 316 315 8 0 0 1 0 0 0 0 1 0 0 0 0
61 11381 323 322 8 0 0 1 0 0 0 0 1 0 0 0 0
62 11385 321 320 8 0 0 1 0 0 0 0 1 0 0 0 0
63 11367 330 329 8 0 0 1 0 0 0 0 1 0 0 0 0
64 11354 336 335 9 0 0 1 0 0 0 0 1 0 0 0 0
65 11336 345 344 9 0 0 1 0 0 0 0 1 0 0 0 0
66 11328 349 348 9 0 0 1 0 0 0 0 1 0 0 0 0
67 11317 354 353 10 0 0 1 0 0 0 0 1 0 0 0 0
68 11312 356 355 11 0 0 1 0 0 0 0 1 0 0 0 0
69 11304 360 359 11 0 0 1 0 0 0 0 1 0 0 0 0
70 11296 364 363 11 0 0 1 0 0 0 0 1 0 0 0 0
71 11278 373 372 11 0 0 1 0 0 0 0 1 0 0 0 0
72 11267 378 377 12 0 0 1 0 0 0 0 1 0 0 0 0
73 11257 383 382 12 0 0 1 0 0 0 0 1 0 0 0 0
74 11249 387 386 12 0 0 1 0 0 0 0 1 0 0 0 0
75 11244 389 388 13 0 0 1 0 0 0 0 1 0 0 0 0
76 11228 397 396 13 0 0 1 0 0 0 0 1 0 0 0 0
77 11218 401 400 15 0 0 1 0 0 0 0 1 0 0 0 0
78 11209 405 404 16 0 0 1 0 0 0 0 1 0 0 0 0
79 11200 409 407 16 0 0 2 0 0 0 0 2 0 0 0 0
80 11193 413 411 15 0 0 2 0 0 0 0 2 0 0 0 0
81 11181 419 417 15 0 0 2 0 0 0 0 2 0 0 0 0
82 11175 422 420 15 0 0 2 0 0 0 0 2 0 0 0 0
83 11171 424 422 15 0 0 2 0 0 0 0 2 0 0 0 0
84 11160 430 428 14 0 0 2 0 0 0 0 2 0 0 0 0
85 11145 438 436 13 0 0 2 0 0 0 0 2 0 0 0 0
86 11137 442 440 13 0 0 2 0 0 0 0 2 0 0 0 0
87 11128 447 445 12 0 0 2 0 0 0 0 2 0 0 0 0
88 11124 449 447 12 0 0 2 0 0 0 0 2 0 0 0 0
89 11126 448 446 12 0 0 2 0 0 0 0 2 0 0 0 0
90 11116 452 450 14 0 0 2 0 0 0 0 2 0 0 0 0
91 11108 456 454 14 0 0 2 0 0 0 0 2 0 0 0 0
92 11098 460 458 16 0 0 2 0 0 0 0 2 0 0 0 0
93 11092 462 460 18 0 0 2 0 0 0 0 2 0 0 0 0
94 11084 466 464 18 0 0 2 0 0 0 0 2 0 0 0 0
95 11078 469 467 18 0 0 2 0 0 0 0 2 0 0 0 0
96 11078 469 467 18 0 0 2 0 0 0 0 2 0 0 0 0
97 11075 470 468 19 0 0 2 0 0 0 0 2 0 0 0 0
98 11071 471 469 21 0 0 2 0 0 0 0 2 0 0 0 0
99 11065 474 472 21 0 0 2 0 0 0 0 2 0 0 0 0
100 11062 475 473 22 0 0 2 0 0 0 0 2 0 0 0 0
101 11058 477 475 22 0 0 2 0 0 0 0 2 0 0 0 0
102 11056 478 476 22 0 0 2 0 0 0 0 2 0 0 0 0
103 11049 481 479 23 0 0 2 0 0 0 0 2 0 0 0 0
104 11040 485 484 23 0 0 2 0 0 1 0 1 0 0 0 0
105 11035 487 486 24 0 0 2 0 0 1 0 1 0 0 0 0
106 11033 488 487 24 0 0 2 0 0 1 0 1 0 0 0 0
107 11021 494 493 24 0 0 2 0 0 1 0 1 0 0 0 0
108 11021 493 492 26 0 0 2 0 0 1 0 1 0 0 0 0
109 11018 495 494 25 0 0 2 0 0 1 0 1 0 0 0 0
110 11007 500 498 25 0 0 3 0 0 1 0 2 0 0 0 0
111 11000 503 501 26 0 0 3 0 0 1 0 2 0 0 0 0
112 10993 507 505 25 0 0 3 0 0 1 0 2 0 0 0 0
113 10990 508 506 26 0 0 3 0 0 1 0 2 0 0 0 0
114 10981 512 510 27 0 0 3 0 0 1 0 2 0 0 0 0
115 10961 522 519 26 0 0 4 0 0 1 0 3 0 0 0 0
116 10953 526 523 26 0 0 4 0 0 1 0 3 0 0 0 0
117 10952 527 524 25 0 0 4 0 0 1 0 3 0 0 0 0
118 10953 527 524 24 0 0 4 0 0 1 0 3 0 0 0 0
119 10953 528 525 22 0 0 4 0 0 1 0 3 0 0 0 0
120 10951 529 526 22 0 0 4 0 0 1 0 3 0 0 0 0
121 10947 531 528 22 0 0 4 0 0 1 0 3 0 0 0 0
122 10949 530 527 22 0 0 4 0 0 1 0 3 0 0 0 0
123 10945 532 529 22 0 0 4 0 0 1 0 3 0 0 0 0
124 10949 530 527 22 0 0 4 0 0 1 0 3 0 0 0 0
125 10947 531 528 22 0 0 4 0 0 1 0 3 0 0 0 0
126 10936 536 533 23 0 0 4 0 0 1 0 3 0 0 0 0
127 10922 543 540 23 0 0 4 0 0 1 0 3 0 0 0 0
128 10921 543 540 24 0 0 4 0 0 1 0 3 0 0 0 0
129 10910 548 545 25 0 0 4 0 0 1 0 3 0 0 0 0
130 10894 556 553 25 0 0 4 0 0 1 0 3 0 0 0 0
131 10880 563 560 25 0 0 4 0 0 1 0 3 0 0 0 0
132 10886 560 557 25 0 0 4 0 0 1 0 3 0 0 0 0
133 10885 560 557 26 0 0 4 0 0 1 0 3 0 0 0 0
134 10883 561 558 26 0 0 4 0 0 1 0 3 0 0 0 0
135 10883 560 557 28 0 0 4 0 0 1 0 3 0 0 0 0
136 10883 560 557 28 0 0 4 0 0 1 0 3 0 0 0 0
137 10877 563 560 28 0 0 4 0 0 1 0 3 0 0 0 0
138 10873 564 561 30 0 0 4 0 0 1 0 3 0 0 0 0
139 10867 567 564 30 0 0 4 0 0 1 0 3 0 0 0 0
140 10861 570 567 30 0 0 4 0 0 1 0 3 0 0 0 0
141 10865 568 564 29 0 0 5 0 0 1 0 4 0 0 0 0
142 10858 571 567 30 0 0 5 0 0 1 0 4 0 0 0 0
143 10860 570 566 30 0 0 5 0 0 1 0 4 0 0 0 0
144 10851 575 571 29 0 0 5 0 0 1 0 4 0 0 0 0
145 10853 574 570 29 0 0 5 0 0 1 0 4 0 0 0 0
146 10839 581 577 29 0 0 5 0 0 1 0 4 0 0 0 0
147 10844 578 574 30 0 0 5 0 0 1 0 4 0 0 0 0
148 10857 572 568 29 0 0 5 0 0 1 0 4 0 0 0 0
149 10847 577 573 29 0 0 5 0 0 1 0 4 0 0 0 0
150 10837 582 578 29 0 0 5 0 0 1 0 4 0 0 0 0
151 10835 583 579 29 0 0 5 0 0 1 0 4 0 0 0 0
152 10835 583 579 29 0 0 5 0 0 1 0 4 0 0 0 0
153 10837 582 578 29 0 0 5 0 0 1 0 4 0 0 0 0
154 10840 580 576 30 0 0 5 0 0 1 0 4 0 0 0 0
155 10844 578 574 30 0 0 5 0 0 1 0 4 0 0 0 0
156 10839 580 576 31 0 0 5 0 0 1 0 4 0 0 0 0
157 10834 582 578 32 0 0 5 0 0 1 0 4 0 0 0 0
158 10825 586 582 33 0 0 5 0 0 1 0 4 0 0 0 0
159 10817 590 586 33 0 0 5 0 0 1 0 4 0 0 0 0
160 10821 588 584 33 0 0 5 0 0 1 0 4 0 0 0 0
161 10815 591 587 33 0 0 5 0 0 1 0 4 0 0 0 0
162 10812 593 589 32 0 0 5 0 0 1 0 4 0 0 0 0
163 10815 591 587 33 0 0 5 0 0 1 0 4 0 0 0 0
164 10809 594 590 33 0 0 5 0 0 1 0 4 0 0 0 0
165 10810 593 589 34 0 0 5 0 0 1 0 4 0 0 0 0
166 10798 599 595 34 0 0 5 0 0 1 0 4 0 0 0 0
167 10796 600 596 34 0 0 5 0 0 1 0 4 0 0 0 0
168 10794 601 597 34 0 0 5 0 0 1 0 4 0 0 0 0
169 10789 603 599 35 0 0 5 0 0 1 0 4 0 0 0 0
170 10780 608 604 34 0 0 5 0 0 1 0 4 0 0 0 0
171 10773 612 608 33 0 0 5 0 0 1 0 4 0 0 0 0
172 10766 615 611 34 0 0 5 0 0 1 0 4 0 0 0 0
173 10764 616 612 34 0 0 5 0 0 1 0 4 0 0 0 0
174 10767 614 610 35 0 0 5 0 0 1 0 4 0 0 0 0
175 10762 616 612 36 0 0 5 0 0 1 0 4 0 0 0 0
176 10758 618 614 36 0 0 5 0 0 1 0 4 0 0 0 0
177 10761 616 612 37 0 0 5 0 0 1 0 4 0 0 0 0
178 10757 618 614 37 0 0 5 0 0 1 0 4 0 0 0 0
179 10764 614 610 38 0 0 5 0 0 1 0 4 0 0 0 0
180 10766 612 608 40 0 0 5 0 0 1 0 4 0 0 0 0
181 10771 609 605 41 0 0 5 0 0 1 0 4 0 0 0 0
182 10764 612 608 42 0 0 5 0 0 1 0 4 0 0 0 0
183 10774 607 603 42 0 0 5 0 0 1 0 4 0 0 0 0
184 10766 611 607 42 0 0 5 0 0 1 0 4 0 0 0 0
185 10766 611 607 42 0 0 5 0 0 1 0 4 0 0 0 0
186 10765 612 608 41 0 0 5 0 0 1 0 4 0 0 0 0
187 10769 610 606 41 0 0 5 0 0 1 0 4 0 0 0 0
188 10770 608 603 43 0 0 6 0 0 1 0 5 0 0 0 0
189 10772 607 602 43 0 0 6 0 0 1 0 5 0 0 0 0
190 10756 615 610 43 0 0 6 0 0 1 0 5 0 0 0 0
191 10760 613 608 43 0 0 6 0 0 1 0 5 0 0 0 0
192 10765 611 606 42 0 0 6 0 0 1 0 5 0 0 0 0
193 10769 609 604 42 0 0 6 0 0 1 0 5 0 0 0 0
194 10764 611 606 43 0 0 6 0 0 1 0 5 0 0 0 0
195 10764 611 606 43 0 0 6 0 0 1 0 5 0 0 0 0
196 10759 614 609 42 0 0 6 0 0 1 0 5 0 0 0 0
197 10754 616 611 43 0 0 6 0 0 1 0 5 0 0 0 0
198 10760 613 608 43 0 0 6 0 0 1 0 5 0 0 0 0
199 10764 611 606 43 0 0 6 0 0 1 0 5 0 0 0 0
200 10761 612 607 44 0 0 6 0 0 1 0 5 0 0 0 0
201 10749 618 613 44 0 0 6 0 0 1 0 5 0 0 0 0
202 10755 616 611 42 0 0 6 0 0 1 0 5 0 0 0 0
203 10752 618 613 41 0 0 6 0 0 1 0 5 0 0 0 0
204 10749 619 614 42 0 0 6 0 0 1 0 5 0 0 0 0
205 10731 629 624 40 0 0 6 0 0 1 0 5 0 0 0 0
206 10735 627 622 40 0 0 6 0 0 1 0 5 0 0 0 0
207 10741 624 619 40 0 0 6 0 0 1 0 5 0 0 0 0
208 10727 631 626 40 0 0 6 0 0 1 0 5 0 0 0 0
209 10736 627 622 39 0 0 6 0 0 1 0 5 0 0 0 0
210 10733 627 622 42 0 0 6 0 0 1 0 5 0 0 0 0
211 10734 627 621 40 0 0 7 0 0 1 0 6 0 0 0 0
212 10740 624 619 39 0 0 7 0 0 2 0 5 0 0 0 0
213 10730 629 624 39 0 0 7 0 0 2 0 5 0 0 0 0
214 10724 632 627 39 0 0 7 0 0 2 0 5 0 0 0 0
215 10724 632 627 39 0 0 7 0 0 2 0 5 0 0 0 0
216 10724 632 627 39 0 0 7 0 0 2 0 5 0 0 0 0
217 10721 633 628 40 0 0 7 0 0 2 0 5 0 0 0 0
218 10715 635 630 42 0 0 7 0 0 2 0 5 0 0 0 0
219 10720 632 627 43 0 0 7 0 0 2 0 5 0 0 0 0
220 10721 631 626 44 0 0 7 0 0 2 0 5 0 0 0 0
221 10718 633 628 43 0 0 7 0 0 2 0 5 0 0 0 0
222 10718 633 628 43 0 0 7 0 0 2 0 5 0 0 0 0
223 10724 629 624 45 0 0 7 0 0 2 0 5 0 0 0 0
224 10719 631 626 46 0 0 7 0 0 2 0 5 0 0 0 0
225 10717 632 627 46 0 0 7 0 0 2 0 5 0 0 0 0
226 10705 638 633 46 0 0 7 0 0 2 0 5 0 0 0 0
227 10699 641 636 46 0 0 7 0 0 2 0 5 0 0 0 0
228 10698 642 637 45 0 0 7 0 0 2 0 5 0 0 0 0
229 10701 641 636 44 0 0 7 0 0 2 0 5 0 0 0 0
230 10695 643 638 46 0 0 7 0 0 2 0 5 0 0 0 0
231 10686 647 642 47 0 0 7 0 0 2 0 5 0 0 0 0
232 10681 649 644 48 0 0 7 0 0 2 0 5 0 0 0 0
233 10678 651 646 47 0 0 7 0 0 2 0 5 0 0 0 0
234 10672 654 649 47 0 0 7 0 0 2 0 5 0 0 0 0
235 10668 656 651 47 0 0 7 0 0 2 0 5 0 0 0 0
236 10654 663 658 47 0 0 7 0 0 2 0 5 0 0 0 0
237 10654 662 656 48 0 0 8 0 0 2 0 6 0 0 0 0
238 10658 661 655 46 0 0 8 0 0 2 0 6 0 0 0 0
239 10664 658 652 46 0 0 8 0 0 2 0 6 0 0 0 0
240 10654 663 657 46 0 0 8 0 0 2 0 6 0 0 0 0
241 10636 672 666 46 0 0 8 0 0 2 0 6 0 0 0 0
242 10636 671 664 47 0 0 9 0 0 2 0 7 0 0 0 0
243 10620 678 671 49 0 0 9 0 0 2 0 7 0 0 0 0
244 10613 681 673 49 0 0 10 0 0 2 0 8 0 0 0 0
245 10605 684 676 51 0 0 10 0 0 2 0 8 0 0 0 0
246 10604 685 677 48 0 0 10 1 0 2 0 9 0 0 0 0
247 10592 691 683 48 0 0 10 1 0 2 0 9 0 0 0 0
248 10592 691 683 48 0 0 10 1 0 2 0 9 0 0 0 0
249 10584 694 686 50 0 0 10 1 0 2 0 9 0 0 0 0
250 10568 702 694 50 0 0 10 1 0 2 0 9 0 0 0 0
251 10559 705 697 53 0 0 10 1 0 2 0 9 0 0 0 0
252 10547 712 703 52 0 0 11 0 0 2 0 9 0 0 0 0
253 10524 723 714 53 0 0 11 0 0 2 0 9 0 0 0 0
254 10514 728 719 53 0 0 11 0 0 2 0 9 0 0 0 0
255 10509 731 722 52 0 0 11 0 0 2 0 9 0 0 0 0
256 10512 729 720 53 0 0 11 0 0 2 0 9 0 0 0 0
257 10500 735 726 53 0 0 11 0 0 2 0 9 0 0 0 0
258 10491 739 730 54 0 0 11 0 0 2 0 9 0 0 0 0
259 10480 744 735 55 0 0 11 0 0 2 0 9 0 0 0 0
260 10485 742 732 53 0 0 12 0 0 2 0 10 0 0 0 0
261 10482 743 733 54 0 0 12 0 0 2 0 10 0 0 0 0
262 10474 747 737 54 0 0 12 0 0 2 0 10 0 0 0 0
263 10461 753 743 55 0 0 12 0 0 2 0 10 0 0 0 0
264 10453 756 746 57 0 0 12 0 0 2 0 10 0 0 0 0
265 10443 761 750 56 0 0 13 0 0 2 0 11 0 0 0 0
266 10439 762 749 56 0 0 15 0 0 2 0 13 0 0 0 0
267 10428 767 754 57 0 0 15 0 0 2 0 13 0 0 0 0
268 10404 777 764 61 0 0 15 0 0 2 0 13 0 0 0 0
269 10406 777 764 59 0 0 15 0 0 2 0 13 0 0 0 0
270 10396 782 769 59 0 0 15 0 0 2 0 13 0 0 0 0
271 10372 793 779 60 0 0 16 0 0 2 0 14 0 0 0 0
272 10364 796 782 62 0 0 16 0 0 2 0 14 0 0 0 0
273 10362 797 782 61 0 0 17 0 0 2 0 15 0 0 0 0
274 10348 802 787 65 0 0 17 0 0 2 0 15 0 0 0 0
275 10326 813 797 64 0 0 18 0 0 2 0 16 0 0 0 0
276 10316 818 802 64 0 0 18 0 0 2 0 16 0 0 0 0
277 10297 827 811 65 0 0 18 0 0 2 0 16 0 0 0 0
278 10292 828 812 68 0 0 18 0 0 2 0 16 0 0 0 0
279 10287 832 816 65 0 0 18 0 0 2 0 16 0 0 0 0
280 10280 835 819 66 0 0 18 0 0 2 0 16 0 0 0 0
281 10271 839 822 66 0 0 19 0 0 2 0 17 0 0 0 0
282 10264 841 824 69 0 0 19 0 0 2 0 17 0 0 0 0
283 10260 841 825 72 0 0 19 0 0 3 0 16 0 0 0 0
284 10252 845 827 70 0 0 21 0 0 3 0 18 0 0 0 0
285 10246 848 830 70 0 0 21 0 0 3 0 18 0 0 0 0
286 10227 857 839 71 0 0 21 0 0 3 0 18 0 0 0 0
287 10224 857 840 73 0 0 21 0 0 4 0 17 0 0 0 0
288 10210 864 847 73 0 0 21 0 0 4 0 17 0 0 0 0
289 10198 870 853 73 0 0 21 0 0 4 0 17 0 0 0 0
290 10188 875 857 72 0 0 22 0 0 4 0 18 0 0 0 0
291 10185 875 856 74 0 0 23 0 0 4 0 19 0 0 0 0
292 10179 878 859 74 0 0 23 0 0 4 0 19 0 0 0 0
293 10174 880 861 75 0 0 23 0 0 4 0 19 0 0 0 0
294 10173 881 862 74 0 0 23 0 0 4 0 19 0 0 0 0
295 10174 880 861 75 0 0 23 0 0 4 0 19 0 0 0 0
296 10148 892 873 77 0 0 23 0 0 4 0 19 0 0 0 0
297 10142 895 874 75 0 0 25 0 0 4 0 21 0 0 0 0
298 10136 898 876 74 0 0 26 0 0 4 0 22 0 0 0 0
299 10135 899 877 73 0 0 26 0 0 4 0 22 0 0 0 0
300 10124 903 882 75 0 0 25 1 0 4 0 22 0 0 0 0
301 10120 905 884 75 0 0 25 1 0 4 0 22 0 0 0 0
302 10109 910 888 75 0 0 26 1 0 4 0 23 0 0 0 0
303 10099 915 893 75 0 0 26 1 0 4 0 23 0 0 0 0
304 10097 915 893 77 0 0 26 1 0 4 0 23 0 0 0 0
305 10096 915 892 77 0 0 27 1 0 4 0 24 0 0 0 0
306 10093 916 894 77 0 0 27 1 0 5 0 23 0 0 0 0
307 10087 919 898 76 0 0 27 1 0 6 0 22 0 0 0 0
308 10095 914 892 77 0 0 28 1 0 6 0 23 0 0 0 0
309 10097 913 891 77 0 0 28 1 0 6 0 23 0 0 0 0
310 10103 911 889 75 0 0 28 1 0 6 0 23 0 0 0 0
311 10114 904 882 78 0 0 28 1 0 6 0 23 0 0 0 0
312 10103 909 887 79 0 0 28 1 0 6 0 23 0 0 0 0
313 10095 913 891 79 0 0 28 1 0 6 0 23 0 0 0 0
314 10092 913 892 81 0 0 28 1 0 7 0 22 0 0 0 0
315 10093 913 892 80 0 0 28 1 0 7 0 22 0 0 0 0
316 10088 916 895 79 0 0 28 1 0 7 0 22 0 0 0 0
317 10076 920 900 82 0 0 28 1 0 8 0 21 0 0 0 0
318 10073 921 902 80 0 0 28 2 0 9 0 21 0 0 0 0
319 10080 918 899 77 0 0 28 3 0 9 0 22 0 0 0 0
320 10067 924 905 78 0 0 28 3 0 9 0 22 0 0 0 0
321 10067 924 905 78 0 0 28 3 0 9 0 22 0 0 0 0
322 10058 928 909 79 0 0 28 3 0 9 0 22 0 0 0 0
323 10053 930 911 80 0 0 28 3 0 9 0 22 0 0 0 0
324 10048 932 913 81 0 0 28 3 0 9 0 22 0 0 0 0
325 10033 939 920 82 0 0 28 3 0 9 0 22 0 0 0 0
326 10035 938 919 82 0 0 28 3 0 9 0 22 0 0 0 0
327 10035 937 918 84 0 0 28 3 0 9 0 22 0 0 0 0
328 10039 935 916 82 0 0 29 3 0 10 0 22 0 0 0 0
329 10038 936 917 81 0 0 29 3 0 10 0 22 0 0 0 0
330 10035 938 919 80 0 0 29 3 0 10 0 22 0 0 0 0
331 10047 932 913 80 0 0 29 3 0 10 0 22 0 0 0 0
332 10038 937 918 79 0 0 29 3 0 10 0 22 0 0 0 0
333 10039 937 917 78 0 0 30 2 0 10 0 22 0 0 0 1
334 10034 939 919 79 0 0 30 2 0 10 0 22 0 0 0 1
335 10034 940 919 76 0 0 31 2 0 10 0 23 0 0 0 1
336 10027 942 920 78 0 0 32 2 0 10 0 24 0 0 0 1
337 10029 940 919 79 0 0 32 2 0 11 0 23 0 0 0 1
338 10022 944 923 78 0 0 32 2 0 11 0 23 0 0 0 1
339 10028 941 920 78 0 0 32 2 0 11 0 23 0 0 0 1
340 10028 942 921 76 0 0 32 2 0 11 0 23 0 0 0 1
341 10027 941 921 76 0 0 33 2 0 13 0 22 0 0 0 1
342 10025 942 922 76 0 0 33 2 0 13 0 22 0 0 0 1
343 10031 939 919 76 0 0 33 2 0 13 0 22 0 0 0 1
344 10025 942 922 76 0 0 33 2 0 13 0 22 0 0 0 1
345 10032 938 918 77 0 0 33 2 0 13 0 22 0 0 0 1
346 10026 941 921 77 0 0 33 2 0 13 0 22 0 0 0 1
347 10025 940 920 80 0 0 33 2 0 13 0 22 0 0 0 1
348 10024 941 920 78 0 0 34 2 0 13 0 23 0 0 0 1
349 10016 946 924 77 0 0 35 1 0 13 0 23 0 0 0 1
350 10010 948 926 79 0 0 35 1 0 13 0 23 0 0 0 1
351 10014 947 925 77 0 0 35 1 0 13 0 23 0 0 0 1
352 10017 945 923 78 0 0 35 1 0 13 0 23 0 0 0 1
353 10014 946 924 79 0 0 35 1 0 13 0 23 0 0 0 1
354 10018 944 922 79 0 0 35 1 0 13 0 23 0 0 0 1
355 10025 940 918 80 0 0 35 1 0 13 0 23 0 0 0 1
356 10021 942 919 79 0 0 36 1 0 13 0 24 0 0 0 1
357 10023 941 918 79 0 0 36 1 0 13 0 24 0 0 0 1
358 10021 942 919 79 0 0 36 1 0 13 0 24 0 0 0 1
359 10031 937 915 78 0 0 36 1 0 14 0 23 0 0 0 1
360 10036 935 912 76 0 0 37 1 0 14 0 24 0 0 0 1
361 10030 937 914 78 0 0 37 1 0 14 0 24 0 0 0 1
362 10034 937 914 74 0 0 37 1 0 14 0 24 0 0 0 1
363 10032 937 916 74 1 0 35 2 1 14 0 23 0 0 0 1
364 10038 934 913 74 1 0 35 2 1 14 0 23 0 0 0 1
365 10034 936 915 74 1 0 35 2 1 14 0 23 0 0 0 1
366 10024 941 920 74 1 0 35 2 1 14 0 23 0 0 0 1
367 10012 946 925 74 1 0 35 3 1 14 0 24 0 0 0 1
368 10023 941 920 73 1 0 35 3 1 14 0 24 0 0 0 1
369 10017 944 925 71 1 0 34 4 1 15 0 23 0 0 0 1
370 10011 947 928 71 1 0 34 4 1 15 0 23 0 0 0 1
371 10009 947 929 72 1 0 34 4 1 16 0 22 0 0 0 1
372 10008 948 930 71 1 0 34 4 1 16 0 22 0 0 0 1
373 10016 944 926 71 1 0 34 4 1 16 0 22 0 0 0 1
374 10017 944 926 70 1 0 34 4 1 16 0 22 0 0 0 1
375 10010 947 929 71 1 0 34 4 1 16 0 22 0 0 0 1
376 10017 945 927 68 1 0 34 4 1 16 0 22 0 0 0 1
377 10013 947 929 68 1 0 34 4 1 16 0 22 0 0 0 1
378 10017 944 927 69 1 0 34 4 1 17 0 21 0 0 0 1
379 10014 945 928 70 1 0 34 4 1 17 0 21 0 0 0 1
380 10020 942 925 70 1 0 34 4 1 17 0 21 0 0 0 1
381 10018 944 927 68 1 0 34 4 1 17 0 21 0 0 0 1
382 10010 948 931 68 1 0 34 4 1 17 0 21 0 0 0 1
383 10008 950 933 66 1 0 34 4 1 17 0 21 0 0 0 1
384 10000 953 935 67 1 0 35 4 1 17 0 22 0 0 0 1
385 10005 950 931 67 1 0 36 4 1 17 0 23 0 0 0 1
386 9998 954 935 66 1 0 36 4 1 17 0 23 0 0 0 1
387 10006 950 931 66 1 0 36 4 1 17 0 23 0 0 0 1
388 10006 951 932 64 1 0 36 4 1 17 0 23 0 0 0 1
389 10006 950 931 66 1 0 36 4 1 17 0 23 0 0 0 1
390 10010 948 928 65 1 0 37 4 1 17 0 24 0 0 0 1
391 10017 945 925 64 1 0 37 4 1 17 0 24 0 0 0 1
392 10007 950 930 64 1 0 37 4 1 17 0 24 0 0 0 1
393 10005 951 931 64 1 0 37 4 1 17 0 24 0 0 0 1
394 10020 944 924 63 1 0 37 4 1 17 0 24 0 0 0 1
395 10025 941 922 63 1 0 37 4 1 18 0 23 0 0 0 1
396 10029 939 920 63 1 0 37 4 1 18 0 23 0 0 0 1
397 10016 944 925 66 1 0 37 4 1 18 0 23 0 0 0 1
398 10011 947 928 65 1 0 37 4 1 18 0 23 0 0 0 1
399 10010 947 928 66 1 0 37 4 1 18 0 23 0 0 0 1
400 10014 945 926 66 1 0 37 4 1 18 0 23 0 0 0 1
401 10021 942 923 65 1 0 37 4 1 18 0 23 0 0 0 1
402 10020 941 922 68 1 0 37 4 1 18 0 23 0 0 0 1
403 10031 935 916 69 1 0 37 4 1 18 0 23 0 0 0 1
404 10032 935 916 68 1 0 37 4 1 18 0 23 0 0 0 1
405 10037 933 914 67 1 0 37 4 1 18 0 23 0 0 0 1
406 10030 936 917 68 1 0 37 4 1 18 0 23 0 0 0 1
407 10028 937 918 68 1 0 37 4 1 18 0 23 0 0 0 1
408 10033 935 917 66 1 0 37 4 1 19 0 22 0 0 0 1
409 10036 933 914 66 1 0 38 4 1 19 0 23 0 0 0 1
410 10038 932 914 65 1 0 38 4 1 20 0 22 0 0 0 1
411 10039 931 913 66 1 0 38 4 1 20 0 22 0 0 0 1
412 10045 928 910 66 1 0 38 4 1 20 0 22 0 0 0 1
413 10043 928 910 68 1 0 38 4 1 20 0 22 0 0 0 1
414 10043 928 910 68 1 0 38 4 1 20 0 22 0 0 0 1
415 10034 932 913 70 1 0 39 3 1 20 0 22 0 0 0 1
416 10042 928 909 70 1 0 39 3 1 20 0 22 0 0 0 1
417 10037 930 912 70 1 0 39 3 1 21 0 21 0 0 0 1
418 10035 931 913 70 1 0 39 3 1 21 0 21 0 0 0 1
419 10043 927 909 70 1 0 39 3 1 21 0 21 0 0 0 1
420 10039 929 911 70 1 0 39 3 1 21 0 21 0 0 0 1
421 10047 925 907 70 1 0 39 3 1 21 0 21 0 0 0 1
422 10053 922 904 70 1 0 39 3 1 21 0 21 0 0 0 1
423 10041 927 908 71 1 0 40 3 1 21 0 22 0 0 0 1
424 10049 923 904 71 1 0 40 3 1 21 0 22 0 0 0 1
425 10046 924 905 72 1 0 40 3 1 21 0 22 0 0 0 1
426 10039 927 907 74 1 0 41 2 1 21 0 22 0 0 0 1
427 10030 931 911 75 1 0 41 2 1 21 0 22 0 0 0 1
428 10025 934 912 74 1 0 43 1 1 21 0 23 0 0 0 1
429 10029 932 909 73 1 0 44 1 1 21 0 24 0 0 0 1
430 10023 935 912 73 1 0 44 1 1 21 0 24 0 0 0 1
431 10026 933 910 74 1 0 44 1 1 21 0 24 0 0 0 1
432 10014 939 916 74 1 0 44 1 1 21 0 24 0 0 0 1
433 10015 938 915 75 1 0 44 1 1 21 0 24 0 0 0 1
434 10010 940 917 76 1 0 44 1 1 21 0 24 0 0 0 1
435 10004 944 922 73 1 0 44 1 1 22 0 23 0 0 0 1
436 9991 950 928 74 1 0 44 1 1 22 0 23 0 0 0 1
437 9984 954 931 72 1 0 45 1 1 22 0 24 0 0 0 1
438 9978 957 933 71 1 0 46 1 1 22 0 25 0 0 0 1
439 9977 958 934 70 1 0 46 1 1 22 0 25 0 0 0 1
440 9963 964 940 72 1 0 46 1 1 22 0 25 0 0 0 1
441 9973 958 934 74 1 0 46 1 1 22 0 25 0 0 0 1
442 9957 965 941 76 1 0 46 1 1 22 0 25 0 0 0 1
443 9946 971 947 75 1 0 46 1 1 22 0 25 0 0 0 1
444 9937 974 951 77 1 0 46 1 1 23 0 24 0 0 0 1
445 9907 987 964 81 1 0 46 1 1 23 0 24 0 0 0 1
446 9884 998 975 80 1 0 46 2 1 23 0 25 0 0 0 1
447 9875 1003 980 79 1 0 46 2 1 23 0 25 0 0 0 1
448 9848 1015 993 81 1 0 45 3 1 23 0 25 0 0 0 1
449 9844 1016 994 83 1 0 45 3 1 23 0 25 0 0 0 1
450 9838 1018 995 85 1 0 46 2 1 23 0 25 0 0 0 2
451 9833 1020 996 85 1 0 47 2 1 23 0 26 0 0 0 2
452 9825 1024 1000 85 1 0 47 2 1 23 0 26 0 0 0 2
453 9818 1025 1001 90 1 0 47 2 1 23 0 26 0 0 0 2
454 9819 1025 1001 89 1 0 47 2 1 23 0 26 0 0 0 2
455 9801 1032 1006 91 1 0 49 2 1 23 0 28 0 0 0 2
456 9778 1041 1014 95 1 0 50 2 1 23 0 29 0 0 0 2
457 9766 1046 1019 95 1 0 51 2 1 24 0 29 0 0 0 2
458 9756 1049 1021 98 1 0 52 2 1 24 0 30 0 0 0 2
459 9753 1051 1021 95 1 0 54 2 1 24 0 32 0 0 0 2
460 9740 1057 1027 96 1 0 54 2 1 24 0 32 0 0 0 2
461 9725 1064 1033 96 1 0 55 2 1 24 0 33 0 0 0 2
462 9711 1071 1039 95 1 0 56 2 1 24 0 34 0 0 0 2
463 9707 1072 1040 97 1 0 56 2 1 24 0 34 0 0 0 2
464 9685 1083 1050 96 1 0 57 2 1 24 0 35 0 0 0 2
465 9666 1092 1059 97 1 0 57 2 1 24 0 35 0 0 0 2
466 9650 1098 1065 101 1 0 57 2 1 24 0 35 0 0 0 2
467 9640 1103 1071 100 1 0 57 2 1 25 0 34 0 0 0 2
468 9640 1101 1069 104 1 0 57 2 1 25 0 34 0 0 0 2
469 9622 1107 1077 108 1 0 57 2 1 27 0 32 0 0 0 2
470 9607 1112 1082 113 1 0 57 2 1 27 0 32 0 0 0 2
471 9594 1119 1089 112 1 0 57 2 1 27 0 32 0 0 0 2
472 9601 1116 1085 110 1 0 58 2 1 27 0 33 0 0 0 2
473 9584 1123 1093 112 1 0 58 2 1 28 0 32 0 0 0 2
474 9577 1125 1095 114 1 0 59 1 1 29 0 31 0 0 0 3
475 9566 1129 1099 115 1 0 60 1 1 30 0 31 0 0 0 3
476 9555 1134 1102 114 1 0 62 1 1 30 0 33 0 0 0 3
477 9545 1139 1109 112 1 0 62 1 1 32 0 31 0 0 0 3
478 9539 1143 1111 108 1 0 64 1 1 32 0 33 0 0 0 3
479 9532 1145 1112 110 1 0 65 1 1 32 0 34 0 0 0 3
480 9529 1146 1112 110 1 0 66 1 1 32 0 35 0 0 0 3
481 9530 1146 1111 108 1 0 67 1 1 32 0 36 0 0 0 3
482 9511 1154 1119 111 1 0 67 1 1 32 0 36 0 0 0 3
483 9511 1154 1119 111 1 0 67 1 1 32 0 36 0 0 0 3
484 9511 1154 1119 111 1 0 67 1 1 32 0 36 0 0 0 3
485 9508 1156 1120 108 1 0 68 1 1 32 0 37 0 0 0 4
486 9507 1156 1120 107 1 0 69 1 1 33 0 37 0 0 0 4
487 9510 1154 1118 108 1 0 69 1 1 33 0 37 0 0 0 4
488 9487 1164 1128 109 1 0 70 1 1 34 0 37 0 0 0 4
489 9470 1172 1137 109 1 0 70 1 1 35 0 36 0 0 0 4
490 9456 1178 1142 110 1 0 71 1 1 35 0 37 0 0 0 4
491 9466 1173 1136 109 1 0 72 1 1 35 0 38 0 0 0 4
492 9456 1177 1139 110 1 0 73 1 1 35 0 39 0 0 0 4
493 9450 1179 1141 112 1 0 73 1 1 35 0 39 0 0 0 4
494 9430 1190 1152 110 1 0 73 1 1 35 0 39 0 0 0 4
495 9415 1196 1158 113 1 0 73 1 1 35 0 39 0 0 0 4
496 9410 1197 1159 116 1 0 73 1 1 35 0 39 0 0 0 4
497 9397 1204 1166 115 1 0 73 1 1 35 0 39 0 0 0 4
498 9392 1205 1167 118 1 0 73 1 1 35 0 39 0 0 0 4
499 9381 1209 1172 120 1 0 72 2 1 35 0 39 0 0 0 4
500 9368 1215 1178 121 1 0 72 2 1 35 0 39 0 0 0 4
501 9364 1216 1179 123 1 0 72 2 1 35 0 39 0 0 0 4
502 9364 1217 1178 119 1 0 74 2 1 35 0 41 0 0 0 4
503 9365 1216 1176 119 1 0 75 2 1 35 0 42 0 0 0 4
504 9349 1225 1185 117 1 0 75 2 1 35 0 42 0 0 0 4
505 9363 1216 1179 118 1 0 74 3 1 37 0 40 0 0 0 4
506 9354 1220 1182 118 1 0 75 3 1 37 0 41 0 0 0 4
507 9355 1219 1180 118 1 0 76 3 1 37 0 42 0 0 0 4
508 9359 1217 1178 118 1 0 76 3 1 37 0 42 0 0 0 4
509 9345 1222 1183 122 1 0 76 3 1 37 0 42 0 0 0 4
510 9339 1225 1185 121 1 0 77 3 1 37 0 43 0 0 0 4
511 9330 1227 1186 125 1 0 78 3 1 37 0 44 0 0 0 4
512 9335 1225 1184 124 1 0 78 3 1 37 0 44 0 0 0 4
513 9340 1223 1182 121 1 0 79 3 1 38 0 44 0 0 0 4
514 9342 1220 1179 123 1 0 80 3 1 39 0 44 0 0 0 4
515 9345 1216 1175 128 1 0 80 3 1 39 0 44 0 0 0 4
516 9343 1217 1176 128 1 0 80 3 1 39 0 44 0 0 0 4
517 9346 1216 1174 126 1 0 81 3 1 39 0 45 0 0 0 4
518 9331 1222 1182 127 1 0 81 3 1 41 0 43 0 0 0 4
519 9333 1222 1182 123 1 0 82 3 1 42 0 43 0 0 0 4
520 9324 1227 1186 121 1 0 83 3 1 42 0 44 0 0 0 4
521 9322 1226 1185 125 1 0 83 3 1 42 0 44 0 0 0 4
522 9315 1228 1187 128 1 0 83 3 1 42 0 44 0 0 0 4
523 9304 1232 1192 130 1 0 82 4 1 42 0 44 0 0 0 4
524 9299 1233 1192 132 1 0 83 4 1 42 0 45 0 0 0 4
525 9299 1233 1191 129 1 0 84 5 1 42 0 47 0 0 0 4
526 9308 1230 1187 127 1 0 85 4 1 42 0 47 0 0 0 4
527 9313 1228 1185 126 1 0 85 4 1 42 0 47 0 0 0 4
528 9317 1225 1183 127 1 0 85 4 1 43 0 46 0 0 0 4
529 9321 1225 1183 123 1 0 85 4 1 43 0 46 0 0 0 4
530 9328 1219 1178 127 1 0 85 4 1 44 0 45 0 0 0 4
531 9335 1215 1174 126 1 0 86 4 1 45 0 45 0 0 0 4
532 9328 1219 1177 124 1 0 87 4 1 45 0 46 0 0 0 4
533 9324 1220 1178 126 1 0 87 4 1 45 0 46 0 0 0 4
534 9326 1217 1174 127 1 0 89 4 1 46 0 47 0 0 0 4
535 9321 1219 1176 128 1 0 89 4 1 46 0 47 0 0 0 4
536 9323 1217 1174 130 1 0 89 4 1 46 0 47 0 0 0 4
537 9322 1217 1175 130 1 0 89 4 1 47 0 46 0 0 0 4
538 9320 1217 1175 132 1 0 89 4 1 47 0 46 0 0 0 4
539 9313 1219 1177 133 1 0 89 5 1 47 0 47 0 0 0 4
540 9318 1216 1174 134 1 0 89 5 1 47 0 47 0 0 0 4
541 9330 1210 1169 131 1 0 90 5 1 49 0 46 0 0 0 4
542 9333 1209 1168 130 1 0 90 5 1 49 0 46 0 0 0 4
543 9323 1215 1173 127 1 0 91 5 1 49 0 47 0 0 0 4
544 9325 1213 1171 129 1 0 91 5 1 49 0 47 0 0 0 4
545 9337 1208 1166 127 1 0 91 5 1 49 0 47 0 0 0 4
546 9341 1205 1164 128 1 0 91 5 1 50 0 46 0 0 0 4
547 9337 1206 1165 130 1 0 91 5 1 50 0 46 0 0 0 4
548 9331 1208 1168 131 1 0 91 5 1 51 0 45 0 0 0 4
549 9327 1209 1169 133 1 0 91 5 1 51 0 45 0 0 0 4
550 9310 1216 1175 135 1 0 92 5 1 51 0 46 0 0 0 4
551 9307 1217 1175 135 1 0 93 5 1 51 0 47 0 0 0 4
552 9304 1218 1176 136 1 0 93 5 1 51 0 47 0 0 0 4
553 9301 1219 1178 136 1 0 92 6 1 51 0 47 0 0 0 4
554 9298 1219 1179 138 1 0 92 6 1 52 0 46 0 0 0 4
555 9297 1219 1180 138 1 0 92 6 1 53 0 45 0 0 0 4
556 9313 1211 1171 137 1 0 93 6 1 53 0 46 0 0 0 4
557 9311 1213 1172 136 1 0 93 6 1 52 0 47 0 0 0 4
558 9309 1213 1172 138 1 0 93 6 1 52 0 47 0 0 0 4
559 9301 1217 1175 137 1 0 94 6 1 52 0 48 0 0 0 4
560 9314 1208 1167 141 1 0 94 6 1 53 0 47 0 0 0 4
561 9317 1207 1166 138 1 0 95 6 1 54 0 47 0 0 0 4
562 9327 1201 1161 139 1 0 96 5 1 56 0 45 0 0 0 4
563 9334 1195 1154 143 1 0 97 5 1 56 0 46 0 0 0 4
564 9327 1199 1159 141 1 0 96 6 1 56 0 46 0 0 0 4
565 9311 1208 1168 139 1 0 96 6 1 56 0 46 0 0 0 4
566 9315 1206 1166 139 1 0 96 6 1 56 0 46 0 0 0 4
567 9314 1207 1166 139 1 0 97 5 1 56 0 46 0 0 0 4
568 9307 1211 1172 136 1 0 96 6 1 57 0 45 0 0 0 4
569 9327 1201 1162 136 1 0 96 6 1 57 0 45 0 0 0 4
570 9335 1196 1158 135 1 0 96 7 1 58 0 45 0 0 0 4
571 9346 1190 1153 135 1 0 96 7 1 59 0 44 0 0 0 4
572 9342 1192 1156 132 1 0 96 8 1 60 0 44 0 0 0 4
573 9339 1193 1156 132 1 0 97 8 1 60 0 45 0 0 0 4
574 9335 1194 1157 133 1 0 98 7 1 61 0 44 0 0 0 5
575 9343 1191 1155 130 1 0 98 7 1 62 0 43 0 0 0 5
576 9338 1194 1158 129 1 0 98 7 1 62 0 43 0 0 0 5
577 9348 1189 1153 127 1 0 99 7 1 63 0 43 0 0 0 5
578 9366 1181 1145 125 1 0 99 7 1 63 0 43 0 0 0 5
579 9356 1186 1150 125 1 0 99 7 1 63 0 43 0 0 0 5
580 9361 1184 1148 124 1 0 99 7 1 63 0 43 0 0 0 5
581 9359 1184 1148 125 1 0 99 7 1 63 0 43 0 0 0 6
582 9375 1179 1143 119 1 0 99 7 1 63 0 43 0 0 0 6
583 9386 1174 1139 117 1 0 99 7 1 64 0 42 0 0 0 6
584 9382 1176 1141 117 1 0 99 7 1 64 0 42 0 0 0 6
585 9369 1182 1148 117 1 0 99 7 1 65 0 41 0 0 0 6
586 9378 1177 1142 117 1 0 100 7 1 65 0 42 0 0 0 6
587 9372 1179 1145 118 1 0 100 7 1 66 0 41 0 0 0 6
588 9383 1175 1141 115 1 0 100 7 1 66 0 41 0 0 0 6
589 9379 1175 1141 117 1 0 100 8 1 66 0 42 0 0 0 6
590 9383 1172 1138 119 1 0 99 9 1 65 0 43 0 0 0 6
591 9387 1171 1137 117 1 0 99 9 1 65 0 43 0 0 0 6
592 9391 1167 1133 121 1 0 100 8 1 66 0 42 0 0 0 6
593 9392 1166 1132 122 1 0 100 8 1 66 0 42 0 0 0 6
594 9398 1160 1127 127 1 0 100 8 1 67 0 41 0 0 0 6
595 9394 1162 1129 127 1 0 100 8 1 67 0 41 0 0 0 6
596 9400 1158 1125 129 1 0 100 8 1 67 0 41 0 0 0 6
597 9406 1157 1124 125 1 0 100 8 1 67 0 41 0 0 0 6
598 9394 1163 1129 125 1 0 101 7 1 67 0 41 0 0 0 7
599 9396 1162 1128 125 1 0 101 7 1 67 0 41 0 0 0 7
600 9397 1161 1127 126 1 0 101 7 1 67 0 41 0 0 0 7
601 9395 1160 1126 130 1 0 101 7 1 67 0 41 0 0 0 7
602 9387 1163 1129 132 1 0 101 7 1 67 0 41 0 0 0 7
603 9391 1160 1126 134 1 0 101 7 1 67 0 41 0 0 0 7
604 9392 1160 1126 133 1 0 101 7 1 67 0 41 0 0 0 7
605 9410 1154 1119 128 1 0 102 6 1 67 0 41 0 0 0 7
606 9413 1152 1119 127 1 0 102 6 1 69 0 39 0 0 0 7
607 9410 1152 1120 129 1 0 102 6 1 70 0 38 0 0 0 7
608 9399 1156 1124 131 1 0 102 6 1 70 0 38 0 0 0 8
609 9391 1158 1126 135 1 0 103 5 1 71 0 37 0 0 0 8
610 9395 1157 1123 131 1 0 105 5 1 71 0 39 0 0 0 8
611 9381 1163 1128 132 1 0 106 5 1 71 0 40 0 0 0 8
612 9400 1154 1119 131 1 0 106 5 1 71 0 40 0 0 0 8
613 9402 1152 1118 132 1 0 105 6 1 71 0 40 0 0 0 8
614 9403 1153 1119 129 1 0 105 6 1 71 0 40 0 0 0 8
615 9404 1153 1119 128 1 0 105 6 1 71 0 40 0 0 0 8
616 9401 1155 1121 127 1 0 105 6 1 71 0 40 0 0 0 8
617 9407 1153 1119 125 1 0 105 6 1 71 0 40 0 0 0 8
618 9409 1152 1118 123 1 0 105 7 1 71 0 41 0 0 0 8
619 9404 1154 1122 122 1 0 105 7 1 73 0 39 0 0 0 8
620 9399 1156 1124 121 1 0 105 8 1 73 0 40 0 0 0 8
621 9399 1157 1125 119 1 0 105 8 1 73 0 40 0 0 0 8
622 9419 1148 1116 117 1 0 105 8 1 73 0 40 0 0 0 8
623 9416 1148 1117 119 1 0 105 8 1 74 0 39 0 0 0 8
624 9420 1146 1117 117 1 0 105 8 1 76 0 37 0 0 0 8
625 9416 1147 1118 119 1 0 105 8 1 76 0 37 0 0 0 8
626 9411 1149 1120 120 1 0 105 8 1 76 0 37 0 0 0 8
627 9417 1145 1116 122 1 0 105 8 1 76 0 37 0 0 0 8
628 9425 1142 1113 120 1 0 105 8 1 76 0 37 0 0 0 8
629 9425 1142 1113 120 1 0 105 8 1 76 0 37 0 0 0 8
630 9411 1148 1119 122 1 0 105 8 1 76 0 37 0 0 0 8
631 9401 1152 1123 124 1 0 105 8 1 76 0 37 0 0 0 8
632 9393 1156 1126 123 1 0 106 8 1 76 0 38 0 0 0 8
633 9388 1158 1128 124 1 0 106 8 1 76 0 38 0 0 0 8
634 9383 1161 1130 122 1 0 107 8 1 76 0 39 0 0 0 8
635 9382 1163 1131 118 1 0 108 8 1 76 0 40 0 0 0 8
636 9368 1168 1136 120 1 0 108 9 1 76 0 41 0 0 0 8
637 9357 1172 1139 122 1 0 108 10 1 75 0 43 0 0 0 8
638 9346 1178 1146 120 1 0 107 11 1 75 0 43 0 0 0 8
639 9353 1176 1143 118 1 0 107 11 1 74 0 44 0 0 0 8
640 9336 1184 1151 119 1 0 107 11 1 74 0 44 0 0 0 8
641 9314 1194 1161 121 1 0 107 11 1 74 0 44 0 0 0 8
642 9312 1195 1162 121 1 0 107 11 1 74 0 44 0 0 0 8
643 9299 1201 1169 121 1 0 106 12 1 74 0 44 0 0 0 8
644 9296 1200 1167 125 1 0 107 12 1 74 0 45 0 0 0 8
645 9284 1207 1175 122 1 0 107 12 1 75 0 44 0 0 0 8
646 9270 1212 1181 125 1 0 107 12 1 76 0 43 0 0 0 8
647 9263 1213 1183 129 0 1 107 12 1 76 0 43 0 0 0 8
648 9247 1219 1189 133 0 1 107 12 1 76 0 43 0 0 0 8
649 9233 1227 1198 128 0 1 106 14 1 76 0 44 0 0 0 8
650 9227 1229 1200 130 0 1 106 14 1 76 0 44 0 0 0 8
651 9217 1234 1205 130 0 1 106 14 1 76 0 44 0 0 0 8
652 9208 1237 1208 133 0 1 106 14 1 76 0 44 0 0 0 8
653 9200 1240 1210 134 0 1 107 14 1 76 0 45 0 0 0 8
654 9187 1246 1216 135 0 1 107 14 1 76 0 45 0 0 0 8
655 9177 1250 1221 136 0 1 107 14 1 77 0 44 0 0 0 8
656 9154 1259 1229 140 0 1 107 15 1 76 0 46 0 0 0 8
657 9152 1260 1230 140 0 1 107 15 1 76 0 46 0 0 0 8
658 9137 1265 1235 145 0 1 107 15 1 76 0 46 0 0 0 8
659 9118 1274 1243 145 0 1 108 15 1 76 0 47 0 0 0 8
660 9108 1280 1250 142 0 1 108 15 1 77 0 46 0 0 0 8
661 9099 1284 1254 143 0 1 108 15 1 77 0 46 0 0 0 8
662 9087 1290 1260 143 0 1 108 15 1 77 0 46 0 0 0 8
663 9081 1292 1263 144 0 1 108 15 1 78 0 45 0 0 0 8
664 9071 1295 1266 148 0 1 108 15 1 78 0 45 0 0 0 8
665 9055 1301 1272 152 0 1 108 15 1 78 0 45 0 0 0 8
666 9046 1304 1273 153 0 1 110 15 1 78 0 47 0 0 0 8
667 9032 1309 1277 157 0 1 111 14 1 78 0 47 0 0 0 9
668 9019 1316 1282 156 0 1 112 14 1 77 0 49 0 0 0 9
669 9011 1319 1284 157 0 1 113 14 1 77 0 50 0 0 0 9
670 8986 1331 1296 158 0 1 113 14 1 77 0 50 0 0 0 9
671 8970 1338 1301 158 0 1 115 14 1 77 0 52 0 0 0 9
672 8959 1341 1304 163 0 1 115 14 1 77 0 52 0 0 0 9
673 8955 1342 1304 164 0 1 116 14 1 77 0 53 0 0 0 9
674 8946 1345 1307 167 0 1 116 14 1 77 0 53 0 0 0 9
675 8935 1349 1309 168 0 1 118 14 1 77 0 55 0 0 0 9
676 8918 1356 1316 171 0 1 118 14 1 77 0 55 0 0 0 9
677 8901 1362 1322 174 0 1 118 15 1 77 0 56 0 0 0 9
678 8894 1365 1324 176 0 1 119 14 1 77 0 56 0 0 0 9
679 8882 1370 1328 176 0 1 120 14 1 77 0 57 0 0 0 10
680 8868 1376 1333 179 0 1 120 14 1 76 0 58 0 0 0 10
681 8855 1381 1338 182 0 1 120 14 1 76 0 58 0 0 0 10
682 8841 1386 1344 183 0 1 120 15 1 77 0 58 0 0 0 10
683 8845 1382 1341 184 0 1 120 16 1 78 0 58 0 0 0 10
684 8840 1385 1343 182 0 1 121 16 1 78 0 59 0 0 0 10
685 8838 1385 1341 184 0 1 123 15 1 78 0 60 0 0 0 10
686 8808 1398 1353 185 0 1 125 15 1 79 0 61 0 0 0 10
687 8806 1399 1353 184 0 1 126 15 1 79 0 62 0 0 0 10
688 8808 1396 1350 186 0 1 127 15 1 80 0 62 0 0 0 10
689 8798 1400 1352 188 0 1 128 15 1 79 0 64 0 0 0 10
690 8796 1400 1352 190 0 1 128 15 1 79 0 64 0 0 0 10
691 8777 1410 1362 189 0 1 128 15 1 79 0 64 0 0 0 10
692 8775 1409 1361 193 0 1 128 15 1 79 0 64 0 0 0 10
693 8773 1411 1361 189 0 1 129 16 1 78 0 67 0 0 0 10
694 8776 1410 1356 186 0 1 133 15 1 78 0 70 0 0 0 10
695 8765 1415 1361 187 0 1 133 15 1 78 0 70 0 0 0 10
696 8759 1417 1363 189 0 1 133 15 1 78 0 70 0 0 0 10
697 8759 1417 1361 188 0 1 135 14 1 78 0 71 0 0 0 11
698 8745 1422 1365 189 0 1 136 15 1 78 0 73 0 0 0 11
699 8745 1422 1364 188 0 0 137 15 1 78 0 73 0 1 0 12
700 8741 1424 1364 188 0 0 139 14 1 78 0 74 0 1 0 12
701 8738 1423 1364 190 0 0 139 15 1 79 0 74 0 1 0 12
702 8732 1424 1366 193 0 0 138 16 1 79 0 74 0 1 0 12
703 8729 1425 1366 193 0 0 139 16 1 79 0 75 0 1 0 12
704 8718 1430 1371 194 0 0 139 16 1 79 0 75 0 1 0 12
705 8730 1425 1365 190 0 0 140 16 1 79 0 76 0 1 0 13
706 8743 1418 1357 188 0 0 142 16 1 80 0 77 0 1 0 13
707 8757 1412 1350 184 0 0 142 17 1 79 0 79 0 1 0 14
708 8745 1415 1353 190 0 0 142 17 1 79 0 79 0 1 0 14
709 8746 1413 1352 191 0 0 142 17 1 80 0 78 0 1 0 15
710 8729 1421 1359 191 0 0 143 17 1 80 0 79 0 1 0 15
711 8730 1420 1357 189 0 0 145 17 1 81 0 80 0 1 0 15
712 8722 1423 1360 189 0 0 146 17 1 82 0 80 0 1 0 15
713 8719 1425 1362 188 0 0 146 17 1 82 0 80 0 1 0 15
714 8724 1424 1360 186 0 0 147 16 1 82 0 80 0 1 0 15
715 8734 1419 1355 186 0 0 147 16 1 82 0 80 0 1 0 15
716 8715 1427 1362 188 0 0 148 16 1 82 0 81 0 1 0 15
717 8715 1428 1363 186 0 0 147 17 1 81 0 82 0 1 0 15
718 8698 1435 1370 189 0 0 147 17 1 81 0 82 0 1 0 15
719 8680 1444 1378 188 0 0 148 17 1 81 0 83 0 1 0 15
720 8677 1446 1378 185 0 0 150 17 1 81 0 85 0 1 0 15
721 8679 1445 1377 183 0 0 151 17 1 82 0 85 0 1 0 15
722 8689 1439 1371 185 0 0 151 17 1 82 0 85 0 1 0 15
723 8676 1443 1374 191 0 0 151 17 0 82 1 85 0 1 0 15
724 8680 1439 1371 194 0 0 150 18 0 82 1 85 0 1 0 15
725 8682 1439 1370 191 0 0 151 18 0 82 1 86 0 1 0 15
726 8681 1439 1370 192 0 0 151 18 0 82 1 86 0 1 0 15
727 8683 1438 1370 191 0 0 151 18 0 83 1 85 0 1 0 15
728 8678 1440 1372 192 0 0 151 18 0 83 1 85 0 1 0 15
729 8681 1439 1373 189 0 0 151 18 0 85 1 83 0 1 0 15
730 8681 1438 1371 188 0 0 153 18 0 86 1 84 0 1 0 15
731 8670 1443 1374 189 0 0 155 17 0 86 1 85 0 1 0 15
732 8672 1443 1375 186 0 0 154 18 0 86 1 85 0 1 0 15
733 8668 1445 1377 186 0 0 154 18 0 86 1 85 0 1 0 15
734 8674 1442 1375 183 0 0 154 19 0 87 1 85 0 1 0 15
735 8676 1441 1375 182 0 0 154 19 0 88 1 84 0 1 0 15
736 8664 1445 1381 184 0 0 154 19 0 90 1 82 0 1 0 15
737 8667 1443 1379 185 0 0 155 18 0 91 1 81 0 1 0 15
738 8664 1445 1380 185 0 0 156 17 0 91 1 81 0 1 0 15
739 8680 1437 1371 184 0 0 157 17 0 91 1 82 0 1 0 15
740 8677 1440 1373 182 0 0 158 16 0 91 1 82 0 1 0 15
741 8683 1437 1371 181 0 0 158 16 0 92 1 81 0 1 0 15
742 8681 1440 1374 177 0 0 158 16 0 92 1 81 0 1 0 15
743 8667 1446 1380 179 0 0 158 16 0 92 1 81 0 1 0 15
744 8668 1444 1379 181 0 0 157 17 0 92 1 81 0 1 0 15
745 8669 1442 1379 182 0 0 156 18 0 93 1 80 0 1 0 15
746 8666 1446 1383 177 0 0 157 17 0 94 1 79 0 1 0 15
747 8660 1449 1387 176 0 0 157 17 0 95 1 78 0 1 0 15
748 8665 1445 1385 177 0 0 156 18 0 96 1 77 0 1 0 15
749 8664 1446 1386 176 0 0 156 18 0 96 1 77 0 1 0 15
750 8662 1447 1387 176 0 0 157 17 0 97 1 76 0 1 0 15
751 8672 1445 1382 173 0 0 158 16 0 95 1 78 0 1 0 15
752 8675 1441 1379 175 0 0 158 17 0 96 1 78 0 1 0 15
753 8681 1437 1375 177 0 0 158 17 0 96 1 78 0 1 0 15
754 8678 1440 1378 174 0 0 159 16 0 97 1 77 0 1 0 15
755 8670 1442 1380 178 0 0 159 16 0 97 1 77 0 1 0 15
756 8673 1441 1378 178 0 0 159 16 0 96 1 78 0 1 0 15
757 8674 1439 1376 181 0 0 159 16 0 96 1 78 0 1 0 15
758 8678 1435 1374 181 0 0 160 16 0 99 1 76 0 1 0 15
759 8689 1429 1368 180 0 0 161 16 0 100 1 76 0 1 0 15
760 8693 1427 1365 179 0 0 162 16 0 100 1 77 0 1 0 15
761 8690 1428 1367 179 0 0 161 17 0 100 1 77 0 1 0 15
762 8686 1428 1370 180 0 0 161 17 0 103 1 74 0 1 0 15
763 8686 1428 1369 181 0 0 161 17 0 102 1 75 0 1 0 15
764 8683 1430 1370 181 0 0 162 16 0 102 1 75 0 1 0 15
765 8694 1422 1363 183 0 0 162 17 0 103 1 75 0 1 0 15
766 8695 1421 1362 184 0 0 162 17 0 103 1 75 0 1 0 15
767 8706 1416 1358 182 0 0 162 17 0 104 1 74 0 1 0 15
768 8705 1416 1357 182 0 0 163 17 0 104 1 75 0 1 0 15
769 8698 1418 1359 185 0 0 163 17 0 104 1 75 0 1 0 15
770 8702 1416 1358 184 0 0 163 17 0 105 1 74 0 1 0 15
771 8705 1415 1357 183 0 0 163 17 0 105 1 74 0 1 0 15
772 8712 1413 1354 179 0 0 164 17 0 105 1 75 0 1 0 15
773 8719 1408 1349 182 0 0 164 17 0 105 1 75 0 1 0 15
774 8727 1405 1346 178 0 0 165 17 0 106 1 75 0 1 0 15
775 8720 1408 1347 180 0 0 166 16 0 105 1 76 0 1 0 16
776 8717 1411 1350 177 0 0 166 16 0 105 1 76 0 1 0 16
777 8731 1404 1343 175 0 0 167 16 0 106 1 76 0 1 0 16
778 8727 1405 1344 177 0 0 167 16 0 106 1 76 0 1 0 16
779 8729 1404 1343 175 0 0 167 17 0 106 1 77 0 1 0 16
780 8728 1404 1343 176 0 0 167 17 0 106 1 77 0 1 0 16
781 8731 1402 1343 175 0 0 167 17 0 108 1 75 0 1 0 16
782 8728 1404 1346 171 0 0 167 18 0 109 1 75 0 1 0 16
783 8726 1404 1346 173 0 0 167 18 0 109 1 75 0 1 0 16
784 8739 1397 1339 174 0 0 167 18 0 109 1 75 0 1 0 16
785 8739 1396 1338 176 0 0 167 18 0 109 1 75 0 1 0 16
786 8753 1390 1331 175 0 0 168 17 0 109 1 75 0 1 0 16
787 8742 1395 1336 176 0 0 168 17 0 109 1 75 0 1 0 16
788 8747 1390 1332 179 0 0 167 18 0 109 1 75 0 1 0 17
789 8764 1380 1322 180 0 0 168 18 0 110 1 75 0 1 0 17
790 8766 1379 1321 178 0 0 169 18 0 111 1 75 0 1 0 17
791 8770 1377 1321 176 0 0 168 19 0 112 1 74 0 1 0 17
792 8781 1372 1315 176 0 0 168 19 0 111 1 75 0 1 0 17
793 8780 1372 1315 175 0 0 169 19 0 112 1 75 0 1 0 17
794 8785 1368 1311 178 0 0 169 19 0 112 1 75 0 1 0 17
795 8784 1368 1313 177 0 0 169 19 0 114 1 73 0 1 0 17
796 8788 1366 1312 176 0 0 169 19 0 115 1 72 0 1 0 17
797 8777 1370 1315 180 0 0 169 19 0 114 1 73 0 1 0 17
798 8778 1370 1316 178 0 0 168 20 0 114 1 73 0 1 0 17
799 8787 1365 1313 177 0 0 167 21 0 115 1 72 0 1 0 17
800 8787 1366 1315 174 0 0 167 21 0 116 1 71 0 1 0 17
801 8782 1367 1316 177 0 0 167 21 0 116 1 71 0 1 0 17
802 8791 1363 1311 177 0 0 167 21 0 115 1 72 0 1 0 17
803 8800 1357 1305 180 0 0 167 21 0 115 1 72 0 1 0 17
804 8800 1358 1304 180 0 0 167 21 0 113 1 74 0 1 0 17
805 8808 1353 1297 179 0 0 169 21 0 113 1 76 0 1 0 18
806 8819 1348 1292 178 0 0 169 21 0 113 1 76 0 1 0 18
807 8820 1348 1293 176 0 0 169 21 0 114 1 75 0 1 0 18
808 8823 1344 1292 178 0 0 167 23 0 115 1 74 0 1 0 18
809 8823 1345 1293 176 0 0 167 23 0 115 1 74 0 1 0 18
810 8839 1338 1288 172 0 0 166 24 0 116 1 73 0 1 0 18
811 8836 1340 1290 171 0 0 166 24 0 116 1 73 0 1 0 18
812 8850 1333 1284 170 0 0 166 24 0 117 1 72 0 1 0 18
813 8867 1327 1278 165 0 0 166 24 0 117 1 72 0 1 0 18
814 8872 1325 1275 164 0 0 167 23 0 117 1 72 0 1 0 19
815 8869 1326 1276 165 0 0 167 23 0 117 1 72 0 1 0 19
816 8876 1325 1276 159 0 0 167 23 0 118 1 71 0 1 0 19
817 8885 1321 1272 157 0 0 167 23 0 118 1 71 0 1 0 20
818 8876 1324 1276 159 0 0 167 23 0 119 1 70 0 1 0 20
819 8879 1324 1274 158 0 0 169 21 0 119 1 70 0 1 0 20
820 8888 1318 1269 160 0 0 168 22 0 119 1 70 0 1 0 20
821 8883 1319 1270 163 0 0 168 22 0 119 1 70 0 1 0 20
822 8879 1321 1271 162 0 0 169 22 0 119 1 71 0 1 0 20
823 8864 1329 1277 161 0 0 170 22 0 118 1 73 0 1 0 20
824 8870 1326 1274 161 0 0 170 22 0 118 1 73 0 1 0 20
825 8867 1328 1277 156 0 0 171 22 0 120 1 72 0 1 0 21
826 8874 1325 1273 154 0 0 172 22 0 120 1 73 0 1 0 21
827 8863 1328 1279 156 0 0 171 23 0 122 1 71 0 1 0 21
828 8862 1328 1278 158 0 0 171 23 0 121 1 72 0 1 0 21
829 8859 1328 1280 158 0 0 170 24 0 122 1 71 0 1 0 22
830 8870 1323 1275 157 0 0 170 24 0 122 1 71 0 1 0 22
831 8872 1321 1272 160 0 0 170 24 0 121 1 72 0 1 0 22
832 8873 1319 1270 163 0 0 170 24 0 121 1 72 0 1 0 22
833 8884 1313 1264 164 0 0 171 23 0 122 1 71 0 1 0 22
834 8884 1313 1264 164 0 0 171 23 0 122 1 71 0 1 0 22
835 8881 1315 1264 162 0 0 172 23 0 121 1 73 0 1 0 23
836 8875 1317 1266 164 0 0 172 23 0 121 1 73 0 1 0 23
837 8870 1318 1267 167 0 0 172 23 0 121 1 73 0 1 0 23
838 8860 1322 1270 170 0 0 172 23 0 120 1 74 0 1 0 23
839 8855 1326 1272 167 0 0 175 21 0 121 1 74 0 1 0 23
840 8848 1329 1273 166 0 0 177 21 0 121 1 76 0 1 0 23
841 8855 1325 1268 166 0 0 178 21 0 121 1 77 0 1 0 23
842 8850 1326 1270 167 0 0 179 20 0 123 1 75 0 1 0 24
843 8843 1330 1272 164 0 0 181 20 0 123 1 77 0 1 0 24
844 8837 1333 1274 165 0 0 182 19 0 123 1 77 0 1 0 24
845 8828 1336 1276 167 0 0 183 19 0 123 1 78 0 1 0 24
846 8813 1342 1280 169 0 0 185 18 0 123 1 79 0 1 0 25
847 8808 1344 1282 170 0 0 185 18 0 123 1 79 0 1 0 25
848 8804 1345 1283 172 0 0 185 18 0 123 1 79 0 1 0 25
849 8810 1342 1280 172 0 0 186 17 0 124 1 78 0 1 0 25
850 8800 1349 1286 169 0 0 187 16 0 124 1 78 0 1 0 25
851 8808 1344 1280 170 0 0 188 16 0 124 1 79 0 1 0 25
852 8795 1349 1283 171 0 0 190 16 0 124 1 81 0 1 0 25
853 8791 1350 1283 172 0 0 191 16 0 124 1 82 0 1 0 25
854 8795 1350 1283 168 0 0 191 16 0 124 1 82 0 1 0 25
855 8778 1356 1290 172 0 0 191 16 0 125 1 81 0 1 0 25
856 8775 1357 1291 171 0 0 192 16 0 126 1 81 0 1 0 25
857 8770 1358 1292 174 0 0 192 16 0 126 1 81 0 1 0 25
858 8769 1357 1291 175 0 0 192 17 0 126 1 82 0 1 0 25
859 8754 1363 1296 175 0 0 193 18 0 126 1 84 0 1 0 25
860 8730 1374 1306 177 0 0 194 17 0 126 1 84 0 1 0 26
861 8719 1378 1309 179 0 0 195 17 0 126 1 85 0 1 0 26
862 8712 1383 1313 177 0 0 195 17 0 125 1 86 0 1 0 26
863 8713 1382 1313 177 0 0 195 17 0 126 1 85 0 1 0 26
864 8703 1388 1319 175 0 0 195 17 0 126 1 85 0 1 0 26
865 8689 1393 1326 177 0 0 195 17 0 128 1 83 0 1 0 26
866 8671 1402 1334 176 0 0 196 17 0 128 1 84 0 1 0 26
867 8653 1410 1342 178 0 0 196 17 0 128 1 84 0 1 0 26
868 8618 1424 1355 182 0 0 197 18 0 128 1 86 0 1 0 26
869 8600 1431 1360 187 0 0 198 17 0 127 1 87 0 1 0 27
870 8598 1432 1360 186 0 0 199 17 0 127 1 88 0 1 0 27
871 8596 1434 1362 184 0 0 199 17 0 127 1 88 0 1 0 27
872 8573 1443 1371 189 0 0 199 17 0 127 1 88 0 1 0 27
873 8556 1450 1378 190 0 0 199 18 0 127 1 89 0 1 0 27
874 8561 1447 1375 191 0 0 199 18 0 127 1 89 0 1 0 27
875 8552 1450 1379 193 0 0 199 18 0 128 1 88 0 1 0 27
876 8555 1448 1377 192 0 0 199 19 0 128 1 89 0 1 0 27
877 8544 1452 1380 193 0 0 201 18 0 129 1 89 0 1 0 28
878 8541 1453 1382 191 0 0 200 20 0 129 1 90 0 1 0 28
879 8533 1457 1386 191 0 0 200 20 0 129 1 90 0 1 0 28
880 8528 1458 1387 192 0 0 200 21 0 129 1 91 0 1 0 28
881 8522 1460 1389 194 0 0 200 21 0 129 1 91 0 1 0 28
882 8527 1457 1383 192 0 0 204 20 0 130 1 93 0 1 0 28
883 8530 1457 1382 190 0 0 205 19 0 130 1 93 0 1 0 28
884 8529 1458 1382 190 0 0 206 18 0 130 1 93 0 1 0 28
885 8517 1465 1388 187 0 0 207 18 0 130 1 94 0 1 0 28
886 8507 1469 1392 185 0 0 208 19 0 131 1 95 0 1 0 28
887 8490 1477 1401 185 0 0 207 20 0 131 1 95 0 1 0 28
888 8486 1477 1402 187 0 0 206 21 0 131 0 96 0 1 1 28
889 8475 1481 1406 190 0 0 206 21 0 131 0 96 0 1 1 28
890 8471 1484 1409 186 0 0 207 21 0 132 0 96 0 1 1 28
891 8464 1487 1411 184 0 0 208 22 0 132 0 98 0 1 1 28
892 8456 1492 1416 182 0 0 207 23 0 131 0 99 0 1 1 28
893 8451 1494 1418 183 0 0 207 23 0 131 0 99 0 1 1 28
894 8442 1494 1420 190 0 0 206 24 0 132 0 98 0 1 1 28
895 8448 1488 1413 193 0 0 208 24 0 133 0 99 0 1 1 28
896 8445 1490 1416 191 0 0 208 24 0 134 0 98 0 1 1 28
897 8438 1494 1418 188 0 0 210 24 0 134 0 100 0 1 1 28
898 8444 1489 1413 190 0 0 211 24 0 135 0 100 0 1 1 28
899 8445 1488 1414 189 0 0 210 25 0 136 0 99 0 1 1 28
900 8445 1488 1413 188 0 0 211 25 0 136 0 100 0 1 1 28
901 8454 1483 1407 186 0 0 212 26 0 136 0 102 0 1 1 28
902 8464 1478 1399 185 0 0 215 24 0 136 0 103 0 1 1 30
903 8465 1478 1398 185 0 0 216 23 0 136 0 103 0 1 1 30
904 8464 1479 1398 185 0 0 216 23 0 135 0 104 0 1 1 30
905 8453 1483 1403 187 0 0 216 23 0 136 0 103 0 1 1 30
906 8445 1485 1406 188 0 0 217 23 0 138 0 102 0 1 1 30
907 8436 1489 1410 187 0 0 217 24 0 138 0 103 0 1 1 30
908 8438 1487 1409 188 0 0 216 25 0 138 0 103 0 1 1 30
909 8425 1493 1413 191 0 0 216 25 0 136 0 105 0 1 1 30
910 8412 1496 1419 195 0 0 214 27 0 137 0 104 0 1 1 30
911 8402 1501 1425 194 0 0 214 27 0 138 0 103 0 1 1 30
912 8394 1505 1429 194 0 0 214 27 0 138 0 103 0 1 1 30
913 8393 1503 1426 200 0 0 214 27 0 137 0 104 0 1 1 30
914 8391 1504 1427 200 0 0 214 27 0 137 0 104 0 1 1 30
915 8395 1505 1428 194 0 0 214 27 0 137 0 104 0 1 1 30
916 8382 1509 1430 199 0 0 216 26 0 137 0 105 0 1 1 30
917 8371 1513 1434 202 0 0 216 26 0 137 0 105 0 1 1 30
918 8372 1513 1433 202 0 0 217 25 0 137 0 105 0 1 1 30
919 8395 1504 1424 197 0 0 217 25 0 137 0 105 0 1 1 30
920 8395 1503 1424 198 0 0 217 25 0 138 0 104 0 1 1 30
921 8402 1499 1420 199 0 0 217 25 0 138 0 104 0 1 1 30
922 8411 1493 1413 203 0 0 218 24 0 138 0 104 0 1 1 30
923 8415 1490 1411 204 0 0 217 25 0 138 0 104 0 1 1 30
924 8410 1493 1414 203 0 0 217 25 0 138 0 104 0 1 1 30
925 8398 1496 1418 208 0 0 216 26 0 138 0 104 0 1 1 30
926 8395 1498 1420 207 0 0 217 25 0 139 0 103 0 1 1 30
927 8403 1493 1416 207 0 0 218 24 0 141 0 101 0 1 1 31
928 8400 1493 1415 209 0 0 219 24 0 141 0 102 0 1 1 31
929 8391 1497 1419 210 0 0 219 24 0 141 0 102 0 1 1 31
930 8393 1497 1420 207 0 0 219 24 0 142 0 101 0 1 1 31
931 8399 1493 1414 209 0 0 221 23 0 142 0 102 0 1 1 31
932 8404 1487 1409 213 0 0 220 25 0 142 0 103 0 1 1 31
933 8399 1488 1410 216 0 0 220 25 0 142 0 103 0 1 1 31
934 8398 1489 1409 215 0 0 222 24 0 142 0 104 0 1 1 31
935 8405 1485 1405 216 0 0 222 24 0 142 0 104 0 1 1 31
936 8417 1479 1399 216 0 0 222 24 0 142 0 104 0 1 1 31
937 8419 1479 1400 213 0 0 222 24 0 143 0 103 0 1 1 31
938 8409 1485 1405 208 0 0 224 24 0 144 0 104 0 1 1 31
939 8414 1482 1401 208 0 0 225 24 0 144 0 105 0 1 1 31
940 8413 1481 1401 210 0 0 224 25 0 144 0 105 0 1 1 31
941 8394 1489 1409 213 0 0 225 24 0 145 0 104 0 1 1 31
942 8399 1485 1406 211 0 0 225 26 0 146 0 105 0 1 1 31
943 8398 1486 1408 209 0 0 225 26 0 147 0 104 0 1 1 31
944 8399 1484 1406 212 0 0 225 26 0 147 0 104 0 1 1 31
945 8396 1485 1407 213 0 0 225 26 0 147 0 104 0 1 1 31
946 8390 1487 1409 215 0 0 226 25 0 148 0 103 0 1 1 31
947 8388 1486 1409 218 0 0 226 25 0 149 0 102 0 1 1 31
948 8396 1482 1403 218 0 0 228 24 0 149 0 103 0 1 1 31
949 8393 1483 1406 217 0 0 227 25 0 150 0 102 0 1 1 31
950 8389 1486 1409 212 0 0 228 25 0 151 0 102 0 1 1 32
951 8388 1488 1411 209 0 0 228 25 0 151 0 102 0 1 1 32
952 8402 1481 1405 208 0 0 228 25 0 152 0 101 0 1 1 32
953 8400 1480 1402 210 0 0 230 25 0 152 0 103 0 1 1 32
954 8386 1486 1408 212 0 0 230 25 0 152 0 103 0 1 1 32
955 8394 1481 1405 212 0 0 229 26 0 153 0 102 0 1 1 32
956 8388 1483 1407 213 0 0 229 26 0 153 0 102 0 1 1 33
957 8393 1481 1406 211 0 0 229 26 0 154 0 101 0 1 1 33
958 8407 1475 1398 211 0 0 231 24 0 154 0 101 0 1 1 33
959 8410 1472 1395 210 0 0 232 25 0 155 0 102 0 1 1 33
960 8418 1465 1388 216 0 0 232 25 0 155 0 102 0 1 1 33
961 8417 1467 1390 213 0 0 232 25 0 155 0 102 0 1 1 33
962 8416 1468 1390 213 0 0 232 25 0 154 0 103 0 1 1 33
963 8413 1470 1392 212 0 0 232 25 0 154 0 103 0 1 1 33
964 8426 1463 1384 214 0 0 232 25 0 153 0 104 0 1 1 33
965 8437 1459 1382 209 0 0 231 26 0 154 0 103 0 1 1 33
966 8440 1456 1379 212 0 0 231 26 0 154 0 103 0 1 1 33
967 8447 1451 1373 214 0 0 232 26 0 154 0 104 0 1 1 33
968 8444 1454 1376 211 0 0 232 26 0 154 0 104 0 1 1 33
969 8437 1457 1377 210 0 0 234 26 0 154 0 106 0 1 1 33
970 8433 1459 1378 209 0 0 235 26 0 154 0 107 0 1 1 33
971 8435 1459 1378 207 0 0 235 26 0 154 0 107 0 1 1 33
972 8436 1457 1376 210 0 0 235 26 0 154 0 107 0 1 1 33
973 8451 1450 1368 208 0 0 236 26 0 154 0 108 0 1 1 33
974 8456 1447 1366 208 0 0 236 26 0 155 0 107 0 1 1 33
975 8470 1440 1360 207 0 0 236 26 0 156 0 106 0 1 1 33
976 8488 1429 1351 209 0 0 236 26 0 158 0 104 0 1 1 33
977 8486 1430 1352 209 0 0 237 25 0 159 0 103 0 1 1 33
978 8492 1427 1350 208 0 0 236 26 0 159 0 103 0 1 1 33
979 8496 1426 1348 206 0 0 237 25 0 159 0 103 0 1 1 34
980 8505 1422 1346 203 0 0 236 26 0 160 0 102 0 1 1 34
981 8513 1417 1338 204 0 0 239 25 0 160 0 104 0 1 1 34
982 8522 1414 1336 200 0 0 238 26 0 160 0 104 0 1 1 34
983 8523 1413 1335 201 0 0 238 26 0 160 0 104 0 1 1 34
984 8529 1409 1332 202 0 0 238 26 0 161 0 103 0 1 1 34
985 8541 1404 1326 201 0 0 239 25 0 161 0 103 0 1 1 34
986 8546 1401 1325 200 0 0 239 25 0 163 0 101 0 1 1 34
987 8559 1396 1319 197 0 0 240 24 0 163 0 101 0 1 1 35
988 8560 1396 1320 195 0 0 240 24 0 164 0 100 0 1 1 35
989 8557 1396 1321 197 0 0 240 24 0 165 0 99 0 1 1 35
990 8559 1392 1320 198 0 0 238 27 0 166 0 99 0 1 1 35
991 8569 1385 1312 203 0 0 240 25 0 167 0 98 0 1 1 35
992 8571 1384 1310 202 0 0 241 25 0 167 0 99 0 1 1 35
993 8556 1393 1318 200 0 0 241 25 0 166 0 100 0 1 1 35
994 8557 1392 1319 199 0 0 240 26 0 167 0 99 0 1 1 35
995 8557 1393 1321 196 0 0 240 26 0 168 0 98 0 1 1 35
996 8562 1391 1319 195 0 0 240 26 0 168 0 98 0 1 1 35
997 8566 1389 1317 195 0 0 240 26 0 168 0 98 0 1 1 35
998 8566 1389 1317 195 0 0 240 26 0 168 0 98 0 1 1 35
999 8567 1387 1317 196 0 0 239 27 0 169 0 97 0 1 1 35
1000 8563 1390 1318 196 0 0 241 25 0 169 0 97 0 1 1 35
1001 8565 1387 1316 199 0 0 241 25 0 170 0 96 0 1 1 35
1002 8555 1391 1320 201 0 0 242 24 0 171 0 95 0 1 1 35
1003 8563 1388 1317 199 0 0 242 24 0 171 0 95 0 1 1 35
1004 8554 1392 1321 200 0 0 242 24 0 171 0 95 0 1 1 35
1005 8560 1390 1320 195 0 0 242 25 0 172 0 95 0 1 1 35
1006 8559 1391 1320 195 0 0 243 24 0 172 0 95 0 1 1 35
1007 8553 1395 1322 193 0 0 245 23 0 172 0 96 0 1 1 35
1008 8553 1393 1319 198 0 0 246 22 0 172 0 96 0 1 1 35
1009 8546 1396 1321 198 0 0 247 22 0 172 0 97 0 1 1 35
1010 8547 1396 1322 196 0 0 247 22 0 173 0 96 0 1 1 35
1011 8541 1398 1326 196 0 0 246 23 0 174 0 95 0 1 1 35
1012 8536 1400 1330 195 0 0 246 23 0 176 0 93 0 1 1 35
1013 8550 1394 1324 191 0 0 247 23 0 177 0 93 0 1 1 35
1014 8551 1393 1323 192 0 0 247 23 0 177 0 93 0 1 1 35
1015 8568 1385 1314 192 0 0 247 23 0 176 0 94 0 1 1 35
1016 8577 1382 1312 188 0 0 247 23 0 177 0 93 0 1 1 35
1017 8572 1385 1315 187 0 0 247 23 0 177 0 93 0 1 1 35
1018 8576 1383 1312 188 0 0 247 23 0 176 0 94 0 1 1 35
1019 8583 1379 1309 188 0 0 246 24 0 176 0 94 0 1 1 35
1020 8594 1374 1306 185 0 0 246 24 0 178 0 92 0 1 1 35
1021 8598 1374 1306 181 0 0 246 24 0 178 0 92 0 1 1 35
1022 8602 1373 1305 178 0 0 246 24 0 178 0 92 0 1 1 36
1023 8602 1375 1307 172 0 0 246 25 0 178 0 93 0 1 1 36
1024 8607 1372 1304 173 0 0 246 25 0 178 0 93 0 1 1 36
1025 8616 1367 1300 173 0 0 246 25 0 179 0 92 0 1 1 36
1026 8609 1368 1302 177 0 0 246 25 0 180 0 91 0 1 1 36
1027 8606 1369 1303 178 0 0 246 25 0 180 0 91 0 1 1 36
1028 8611 1366 1302 177 0 0 245 26 0 181 0 90 0 1 1 36
1029 8615 1364 1302 175 0 0 244 27 0 182 0 89 0 1 1 36
1030 8621 1362 1299 174 0 0 245 26 0 182 0 89 0 1 1 36
1031 8611 1366 1304 175 0 0 244 27 0 182 0 89 0 1 1 36
1032 8624 1359 1296 175 0 0 245 27 0 182 0 90 0 1 1 36
1033 8621 1359 1296 176 0 0 245 28 0 182 0 91 0 1 1 36
1034 8625 1359 1295 173 0 0 245 28 0 181 0 92 0 1 1 36
1035 8626 1357 1293 174 0 0 246 28 0 182 0 92 0 1 1 36
1036 8636 1352 1288 174 0 0 246 28 0 182 0 92 0 1 1 36
1037 8626 1357 1293 174 0 0 245 29 0 181 0 93 0 1 1 36
1038 8631 1354 1289 176 0 0 245 29 0 180 0 94 0 1 1 36
1039 8627 1354 1290 179 0 0 245 29 0 181 0 93 0 1 1 36
1040 8624 1357 1294 175 0 0 245 29 0 182 0 92 0 1 1 36
1041 8630 1354 1291 174 0 0 246 28 0 183 0 91 0 1 1 37
1042 8634 1352 1289 172 0 0 247 28 0 184 0 91 0 1 1 37
1043 8640 1349 1286 172 0 0 247 28 0 184 0 91 0 1 1 37
1044 8644 1345 1284 174 0 0 247 28 0 186 0 89 0 1 1 37
1045 8640 1347 1287 173 0 0 247 28 0 187 0 88 0 1 1 37
1046 8648 1341 1282 176 0 0 247 28 0 188 0 87 0 1 1 37
1047 8648 1340 1282 177 0 0 247 28 0 189 0 86 0 1 1 37
1048 8647 1342 1284 174 0 0 248 27 0 190 0 85 0 1 1 37
1049 8660 1334 1279 174 0 0 247 28 0 192 0 83 0 1 1 37
1050 8657 1336 1281 173 0 0 247 28 0 192 0 83 0 1 1 37
1051 8656 1336 1280 175 0 0 247 28 0 191 0 84 0 1 1 37
1052 8662 1333 1278 172 0 0 247 29 0 192 0 84 0 1 1 37
1053 8673 1329 1273 170 0 0 248 28 0 192 0 84 0 1 1 37
1054 8672 1328 1273 172 0 0 248 28 0 193 0 83 0 1 1 37
1055 8684 1322 1270 169 0 0 247 29 0 195 0 81 0 1 1 37
1056 8695 1317 1264 167 0 0 248 29 0 195 0 82 0 1 1 37
1057 8698 1315 1263 167 0 0 247 30 0 195 0 82 0 1 1 37
1058 8694 1316 1265 168 0 0 246 31 0 195 0 82 0 1 1 37
1059 8687 1320 1269 167 0 0 246 31 0 195 0 82 0 1 1 37
1060 8684 1322 1270 165 0 0 247 31 0 195 0 83 0 1 1 37
1061 8680 1323 1272 166 1 0 246 31 1 195 0 82 0 1 1 37
1062 8676 1325 1275 165 1 0 246 31 1 196 0 81 0 1 1 37
1063 8677 1324 1274 166 1 0 246 31 1 196 0 81 0 1 1 37
1064 8679 1321 1271 168 1 0 246 32 1 196 0 82 0 1 1 37
1065 8676 1321 1271 171 1 0 247 31 1 197 0 81 0 1 1 37
1066 8673 1322 1273 171 1 0 246 32 1 197 0 81 0 1 1 37
1067 8677 1322 1273 167 1 0 247 31 1 198 0 80 0 1 1 37
1068 8676 1322 1271 166 1 0 250 30 1 199 0 81 0 1 1 37
1069 8689 1317 1265 162 1 0 251 30 1 199 0 82 0 1 1 37
1070 8696 1315 1262 160 1 0 251 30 1 198 0 83 0 1 1 37
1071 8699 1314 1261 159 1 0 251 30 1 198 0 83 0 1 1 37
1072 8705 1313 1259 156 1 0 252 29 1 198 0 83 0 1 1 37
1073 8710 1313 1257 153 1 0 254 27 1 198 0 83 0 1 1 37
1074 8710 1313 1258 152 1 0 254 27 1 199 0 82 0 1 1 37
1075 8709 1314 1259 151 1 0 254 27 1 199 0 82 0 1 1 37
1076 8716 1309 1253 153 1 0 255 27 1 199 0 83 0 1 1 37
1077 8724 1305 1249 153 1 0 256 26 1 200 0 82 0 1 1 37
1078 8718 1306 1251 156 1 0 255 27 1 200 0 82 0 1 1 37
1079 8722 1303 1249 157 1 0 254 28 1 200 0 82 0 1 1 37
1080 8721 1302 1247 159 1 0 255 28 1 200 0 83 0 1 1 37
1081 8735 1295 1240 159 1 0 255 28 1 200 0 83 0 1 1 37
1082 8750 1288 1234 157 1 0 254 29 1 200 0 83 0 1 1 37
1083 8751 1287 1233 158 1 0 254 29 1 200 0 83 0 1 1 37
1084 8757 1285 1231 156 1 0 254 29 1 200 0 83 0 1 1 37
1085 8755 1286 1232 156 1 0 254 29 1 200 0 83 0 1 1 37
1086 8760 1284 1230 155 1 0 254 29 1 200 0 83 0 1 1 37
1087 8776 1278 1224 151 1 0 254 29 1 200 0 83 0 1 1 37
1088 8781 1274 1221 153 1 0 254 29 1 201 0 82 0 1 1 37
1089 8786 1272 1220 151 1 0 253 30 1 201 0 82 0 1 1 37
1090 8789 1272 1221 147 1 0 253 30 1 202 0 81 0 1 1 37
1091 8794 1270 1221 144 1 0 252 31 1 203 0 80 0 1 1 37
1092 8794 1269 1220 146 1 0 252 31 1 203 0 80 0 1 1 37
1093 8794 1269 1220 146 1 0 252 31 1 203 0 80 0 1 1 37
1094 8802 1264 1216 147 1 0 251 32 1 203 0 80 0 1 1 37
1095 8808 1258 1212 151 1 0 251 32 1 205 0 78 0 1 1 37
1096 8810 1257 1211 151 1 0 251 32 1 205 0 78 0 1 1 37
1097 8816 1253 1207 153 1 0 251 32 1 205 0 78 0 1 1 37
1098 8815 1252 1206 156 1 0 251 32 1 205 0 78 0 1 1 37
1099 8835 1242 1196 155 1 0 251 32 1 205 0 78 0 1 1 38
1100 8847 1237 1191 153 1 0 251 32 1 205 0 78 0 1 1 38
1101 8847 1238 1191 150 1 0 252 32 1 205 0 79 0 1 1 38
1102 8849 1237 1190 148 1 0 253 32 1 206 0 79 0 1 1 38
1103 8857 1231 1184 152 1 0 253 32 1 206 0 79 0 1 1 38
1104 8864 1228 1179 151 1 0 255 31 1 206 0 80 0 1 1 38
1105 8872 1225 1175 150 1 0 255 31 1 205 0 81 0 1 1 38
1106 8882 1222 1173 145 1 0 255 31 1 206 0 80 0 1 1 38
1107 8899 1214 1165 144 1 0 255 31 1 206 0 80 0 1 1 38
1108 8896 1215 1168 143 1 0 255 31 1 208 0 78 0 1 1 38
1109 8895 1215 1168 144 1 0 255 31 1 208 0 78 0 1 1 38
1110 8900 1214 1165 143 1 0 256 30 1 207 0 79 0 1 1 38
1111 8910 1205 1158 147 1 0 257 30 1 210 0 77 0 1 1 38
1112 8908 1207 1160 144 1 0 257 31 1 210 0 78 0 1 1 37
1113 8930 1197 1152 140 1 0 257 31 1 212 0 76 0 1 1 37
1114 8936 1195 1152 136 1 0 257 31 1 214 0 74 0 1 1 37
1115 8942 1192 1149 136 1 0 258 30 1 215 0 73 0 1 1 37
1116 8951 1186 1145 137 1 0 257 31 1 216 0 72 0 1 1 37
1117 8944 1189 1148 138 1 0 257 31 1 216 0 72 0 1 1 37
1118 8942 1189 1150 138 1 0 256 32 1 217 0 71 0 1 1 37
1119 8953 1185 1145 136 1 0 257 31 1 217 0 71 0 1 1 37
1120 8955 1184 1144 136 1 0 257 31 1 217 0 71 0 1 1 37
1121 8966 1179 1139 135 1 0 257 31 1 217 0 71 0 1 1 37
1122 8976 1173 1135 135 1 0 257 31 1 219 0 69 0 1 1 37
1123 8974 1173 1136 136 1 0 257 31 1 220 0 68 0 1 1 37
1124 8979 1169 1132 139 1 0 257 31 1 220 0 68 0 1 1 37
1125 8974 1172 1136 137 1 0 257 31 1 221 0 67 0 1 1 37
1126 8967 1176 1139 135 1 0 258 31 1 221 0 68 0 1 1 37
1127 8968 1176 1139 134 1 0 258 31 1 221 0 68 0 1 1 37
1128 8969 1175 1138 135 1 0 258 31 1 221 0 68 0 1 1 37
1129 8996 1163 1125 133 1 0 259 30 1 221 0 68 0 1 1 37
1130 8994 1163 1127 133 1 0 258 31 1 222 0 67 0 1 1 37
1131 9002 1158 1122 135 1 0 258 31 1 222 0 67 0 1 1 37
1132 8999 1160 1124 134 1 0 258 31 1 222 0 67 0 1 1 37
1133 8999 1160 1124 134 1 0 258 31 1 222 0 67 0 1 1 37
1134 8994 1162 1126 135 1 0 259 30 1 223 0 66 0 1 1 37
1135 8981 1168 1134 134 1 0 258 31 1 224 0 65 0 1 1 37
1136 8986 1165 1130 136 1 0 259 30 1 224 0 65 0 1 1 37
1137 8987 1165 1130 135 1 0 259 30 1 224 0 65 0 1 1 37
1138 8991 1162 1128 136 1 0 259 30 1 225 0 64 0 1 1 37
1139 8987 1164 1130 136 1 0 259 30 1 225 0 64 0 1 1 37
1140 9003 1156 1123 135 1 0 260 29 1 227 0 62 0 1 1 37
1141 9016 1151 1117 133 1 0 261 28 1 227 0 62 0 1 1 37
1142 9022 1148 1114 133 1 0 261 28 1 227 0 62 0 1 1 37
1143 9024 1147 1115 132 1 0 259 30 1 227 0 62 0 1 1 36
1144 9035 1143 1111 129 1 0 259 30 1 227 0 62 0 1 1 36
1145 9029 1145 1113 131 1 0 259 30 1 227 0 62 0 1 1 36
1146 9031 1143 1111 133 1 0 259 30 1 227 0 62 0 1 1 36
1147 9027 1145 1113 133 1 0 259 30 1 227 0 62 0 1 1 36
1148 9026 1145 1113 134 1 0 259 30 1 227 0 62 0 1 1 36
1149 9028 1143 1112 135 1 0 258 31 1 227 0 62 0 1 1 36
1150 9044 1136 1105 133 1 0 258 31 1 227 0 62 0 1 1 36
1151 9040 1138 1106 132 1 0 259 31 1 227 0 63 0 1 1 36
1152 9039 1137 1104 136 1 0 259 31 1 226 0 64 0 1 1 36
1153 9057 1128 1094 137 1 0 259 31 1 225 0 65 0 1 1 36
1154 9064 1125 1093 134 1 0 259 31 1 227 0 63 0 1 1 36
1155 9070 1123 1091 132 1 0 259 31 1 227 0 63 0 1 1 36
1156 9079 1119 1085 132 1 0 261 29 1 227 0 63 0 1 1 37
1157 9083 1118 1084 130 2 0 260 29 2 226 0 63 0 1 1 37
1158 9087 1116 1082 130 2 0 260 29 2 226 0 63 0 1 1 37
1159 9078 1119 1086 132 2 0 260 29 2 227 0 62 0 1 1 37
1160 9081 1117 1085 132 2 0 260 29 2 228 0 61 0 1 1 37
1161 9077 1120 1089 129 2 0 260 29 2 229 0 60 0 1 1 37
1162 9086 1115 1085 129 2 0 260 29 2 230 0 59 0 1 1 37
1163 9079 1118 1089 129 2 0 259 30 2 230 0 59 0 1 1 37
1164 9089 1114 1085 127 2 0 259 30 2 230 0 59 0 1 1 37
1165 9094 1111 1082 128 2 0 259 30 2 230 0 59 0 1 1 37
1166 9096 1111 1081 127 2 0 259 30 2 229 0 60 0 1 1 37
1167 9100 1108 1080 127 2 0 259 30 2 231 0 58 0 1 1 37
1168 9105 1105 1076 128 2 0 260 29 2 231 0 58 0 1 1 38
1169 9094 1110 1081 129 2 0 260 29 2 231 0 58 0 1 1 38
1170 9093 1110 1082 129 2 0 259 30 2 231 0 58 0 1 1 38
1171 9095 1110 1081 126 2 0 259 31 2 230 0 60 0 1 1 38
1172 9096 1106 1078 132 2 0 259 31 2 231 0 59 0 1 1 38
1173 9089 1109 1081 133 2 0 258 32 2 230 0 60 0 1 1 38
1174 9100 1105 1077 130 2 0 258 32 2 230 0 60 0 1 1 38
1175 9108 1104 1075 125 2 0 259 31 2 230 0 60 0 1 1 38
1176 9103 1106 1078 125 2 0 259 31 2 231 0 59 0 1 1 38
1177 9110 1101 1074 127 2 0 259 31 2 232 0 58 0 1 1 38
1178 9119 1097 1071 125 2 0 258 32 2 232 0 58 0 1 1 38
1179 9133 1090 1065 124 2 0 258 32 2 233 0 57 0 1 1 38
1180 9131 1092 1066 123 2 0 259 31 2 233 0 57 0 1 1 38
1181 9124 1098 1072 117 2 0 260 30 2 234 0 56 0 1 1 39
1182 9134 1095 1068 114 2 0 261 29 2 234 0 56 0 1 1 39
1183 9131 1096 1068 116 2 0 262 28 2 234 0 56 0 1 1 39
1184 9135 1095 1067 112 2 0 262 29 2 234 0 57 0 1 1 39
1185 9137 1094 1067 111 2 0 262 29 2 235 0 56 0 1 1 39
1186 9137 1093 1067 112 2 0 262 29 2 236 0 55 0 1 1 39
1187 9143 1090 1064 112 2 0 262 29 2 236 0 55 0 1 1 39
1188 9152 1085 1057 113 2 0 264 28 2 236 0 56 0 1 1 39
1189 9171 1076 1049 111 2 0 264 28 2 237 0 55 0 1 1 39
1190 9187 1069 1043 108 2 0 263 29 2 237 0 55 0 1 1 39
1191 9186 1070 1045 106 2 0 263 29 2 238 0 54 0 1 1 39
1192 9182 1072 1047 106 2 0 263 29 2 238 0 54 0 1 1 39
1193 9189 1069 1044 105 2 0 263 29 2 238 0 54 0 1 1 39
1194 9192 1068 1043 104 2 0 263 29 2 238 0 54 0 1 1 39
1195 9210 1058 1035 104 2 0 263 29 2 240 0 52 0 1 1 39
1196 9218 1054 1031 102 2 0 264 29 2 241 0 52 0 1 1 39
1197 9225 1050 1027 103 2 0 264 29 2 241 0 52 0 1 1 39
1198 9229 1048 1025 103 2 0 264 29 2 241 0 52 0 1 1 39
1199 9231 1048 1023 103 2 0 266 27 2 241 0 52 0 1 1 39
1200 9230 1047 1022 106 2 0 266 27 2 241 0 52 0 1 1 39
1201 9228 1050 1023 104 2 0 268 25 2 241 0 52 0 1 1 39
1202 9230 1048 1021 106 2 0 268 25 2 241 0 52 0 1 1 39
1203 9247 1038 1011 109 2 0 268 25 2 241 0 52 0 1 1 39
1204 9247 1038 1010 110 2 0 269 24 2 241 0 52 0 1 1 39
1205 9245 1039 1011 110 2 0 269 24 2 241 0 52 0 1 1 39
1206 9251 1037 1009 108 2 0 269 24 2 241 0 52 0 1 1 39
1207 9244 1039 1010 110 2 0 270 24 2 241 0 53 0 1 1 39
1208 9244 1038 1009 112 2 0 270 24 2 241 0 53 0 1 1 39
1209 9239 1040 1012 112 2 0 270 24 2 242 0 52 0 1 1 39
1210 9247 1036 1008 112 2 0 271 23 2 243 0 51 0 1 1 39
1211 9252 1034 1006 111 2 0 271 23 2 243 0 51 0 1 1 39
1212 9251 1035 1006 111 2 0 272 22 2 243 0 51 0 1 1 39
1213 9261 1030 1002 110 2 0 272 22 2 244 0 50 0 1 1 39
1214 9266 1027 1000 110 2 0 272 22 2 245 0 49 0 1 1 39
1215 9268 1025 999 111 2 0 272 22 2 246 0 48 0 1 1 39
1216 9275 1022 995 111 2 0 273 21 2 246 0 48 0 1 1 39
1217 9289 1015 988 109 2 0 274 21 2 247 0 48 0 1 1 39
1218 9293 1012 985 111 2 0 274 21 2 247 0 48 0 1 1 39
1219 9290 1012 986 113 2 0 273 22 2 247 0 48 0 1 1 39
1220 9293 1011 985 112 2 0 273 22 2 247 0 48 0 1 1 39
1221 9299 1009 981 112 2 0 274 21 2 246 0 49 0 1 1 39
1222 9306 1004 975 114 2 0 275 21 2 246 0 50 0 1 1 39
1223 9317 999 970 111 2 0 276 21 2 247 0 50 0 1 1 39
1224 9322 996 967 112 2 0 276 21 2 247 0 50 0 1 1 39
1225 9324 996 967 110 2 0 276 21 2 247 0 50 0 1 1 39
1226 9333 993 964 107 2 0 276 21 2 247 0 50 0 1 1 39
1227 9335 993 964 105 2 0 276 21 2 247 0 50 0 1 1 39
1228 9329 996 966 106 2 0 276 21 2 246 0 51 0 1 1 39
1229 9344 988 957 108 2 0 277 20 2 246 0 51 0 1 1 39
1230 9341 989 958 109 2 0 277 20 2 246 0 51 0 1 1 39
1231 9340 989 958 110 2 0 277 20 2 246 0 51 0 1 1 39
1232 9344 987 955 111 2 0 277 20 2 245 0 52 0 1 1 39
1233 9354 982 951 110 2 0 276 21 2 245 0 52 0 1 1 39
1234 9353 982 951 111 2 0 276 21 2 245 0 52 0 1 1 39
1235 9349 984 953 111 2 0 276 21 2 245 0 52 0 1 1 39
1236 9369 975 944 109 2 0 276 21 2 245 0 52 0 1 1 39
1237 9378 971 941 105 2 0 276 22 2 246 0 52 0 1 1 39
1238 9380 971 939 101 2 0 278 22 2 246 0 54 0 1 1 39
1239 9377 973 941 100 2 0 278 22 2 246 0 54 0 1 1 39
1240 9381 971 940 99 2 0 278 22 2 247 0 53 0 1 1 39
1241 9386 968 936 99 2 0 279 22 2 247 0 54 0 1 1 39
1242 9391 966 934 98 2 0 279 22 2 247 0 54 0 1 1 39
1243 9399 962 930 98 2 0 278 23 2 246 0 55 0 1 1 39
1244 9413 956 924 96 2 0 278 23 2 246 0 55 0 1 1 39
1245 9413 957 924 95 2 0 279 22 2 246 0 55 0 1 1 39
1246 9416 955 922 96 2 0 279 22 2 246 0 55 0 1 1 39
1247 9428 949 916 96 2 0 279 22 2 246 0 55 0 1 1 39
1248 9435 944 914 96 2 0 279 22 2 249 0 52 0 1 1 39
1249 9442 941 912 94 2 0 279 22 2 250 0 51 0 1 1 39
1250 9445 940 911 93 2 0 279 22 2 250 0 51 0 1 1 39
1251 9454 936 907 92 2 0 279 22 2 250 0 51 0 1 1 39
1252 9448 940 911 90 2 0 280 21 2 251 0 50 0 1 1 39
1253 9451 937 908 93 2 0 280 21 2 251 0 50 0 1 1 39
1254 9452 938 908 91 2 0 281 20 2 251 0 50 0 1 1 39
1255 9454 937 907 91 2 0 281 20 2 251 0 50 0 1 1 39
1256 9457 935 905 92 2 0 281 20 2 251 0 50 0 1 1 39
1257 9453 937 907 92 2 0 281 20 2 251 0 50 0 1 1 39
1258 9462 933 903 91 2 0 281 20 2 251 0 50 0 1 1 39
1259 9468 930 901 90 2 0 281 20 2 252 0 49 0 1 1 39
1260 9473 927 898 91 2 0 281 20 2 252 0 49 0 1 1 39
1261 9480 924 895 90 2 0 281 20 2 252 0 49 0 1 1 39
1262 9483 924 894 88 2 0 282 19 2 252 0 49 0 1 1 39
1263 9477 927 897 88 2 0 282 19 2 252 0 49 0 1 1 39
1264 9482 925 895 87 2 0 282 19 2 252 0 49 0 1 1 39
1265 9481 927 897 84 2 0 282 19 2 252 0 49 0 1 1 39
1266 9487 923 893 86 2 0 282 19 2 252 0 49 0 1 1 39
1267 9498 916 887 88 2 0 282 19 2 253 0 48 0 1 1 39
1268 9505 912 884 88 2 0 281 20 2 253 0 48 0 1 1 39
1269 9503 913 885 88 2 0 281 20 2 253 0 48 0 1 1 39
1270 9507 911 883 88 2 0 281 20 2 253 0 48 0 1 1 39
1271 9517 907 879 86 2 0 281 20 2 253 0 48 0 1 1 39
1272 9524 903 876 86 2 0 281 20 2 254 0 47 0 1 1 39
1273 9513 908 881 87 2 0 281 20 2 254 0 47 0 1 1 39
1274 9527 902 874 86 2 0 282 19 2 254 0 47 0 1 1 39
1275 9529 901 873 86 2 0 282 19 2 254 0 47 0 1 1 39
1276 9534 898 870 87 2 0 282 19 2 254 0 47 0 1 1 39
1277 9530 899 871 89 2 0 282 19 2 254 0 47 0 1 1 39
1278 9526 902 873 88 2 0 283 18 2 254 0 47 0 1 1 39
1279 9528 902 872 87 2 0 283 18 2 253 0 48 0 1 1 39
1280 9542 897 867 83 2 0 283 18 2 253 0 48 0 1 1 39
1281 9544 895 865 85 2 0 283 18 2 253 0 48 0 1 1 39
1282 9547 893 863 86 2 0 283 18 2 253 0 48 0 1 1 39
1283 9560 887 857 85 2 0 283 18 2 253 0 48 0 1 1 39
1284 9572 881 850 86 2 0 284 17 2 253 0 48 0 1 1 39
1285 9578 877 848 86 2 0 284 17 2 255 0 46 0 1 1 39
1286 9583 874 846 86 2 0 283 17 2 255 0 45 0 1 1 41
1287 9585 873 846 85 2 0 282 18 2 255 0 45 0 1 1 41
1288 9587 873 846 83 2 0 282 18 2 255 0 45 0 1 1 41
1289 9582 875 848 84 2 0 282 18 2 255 0 45 0 1 1 41
1290 9586 874 848 81 2 0 282 18 2 256 0 44 0 1 1 41
1291 9601 868 842 78 2 0 282 18 2 256 0 44 0 1 1 41
1292 9604 866 842 77 2 0 281 19 2 257 0 43 0 1 1 41
1293 9611 863 839 76 2 0 281 19 2 257 0 43 0 1 1 41
1294 9625 855 830 78 2 0 282 18 2 257 0 43 0 1 1 42
1295 9627 854 829 78 2 0 282 18 2 257 0 43 0 1 1 42
1296 9635 851 826 76 2 0 282 18 2 257 0 43 0 1 1 42
1297 9633 851 826 78 2 0 282 18 2 257 0 43 0 1 1 42
1298 9643 846 821 78 2 0 282 18 2 257 0 43 0 1 1 42
1299 9651 843 817 77 2 0 283 17 2 257 0 43 0 1 1 42
1300 9652 842 816 78 2 0 283 17 2 257 0 43 0 1 1 42
1301 9655 840 814 79 2 0 282 18 2 256 0 44 0 1 1 42
1302 9664 836 810 78 2 0 282 18 2 256 0 44 0 1 1 42
1303 9674 831 805 78 2 0 282 18 2 256 0 44 0 1 1 42
1304 9690 823 797 78 2 0 282 18 2 256 0 44 0 1 1 42
1305 9676 830 804 78 2 0 282 18 2 256 0 44 0 1 1 42
1306 9677 831 803 77 2 0 283 17 2 255 0 45 0 1 1 42
1307 9675 832 805 76 2 0 283 17 2 256 0 44 0 1 1 42
1308 9672 834 806 76 2 0 283 17 2 255 0 45 0 1 1 42
1309 9685 828 800 75 2 0 283 17 2 255 0 45 0 1 1 42
1310 9701 820 792 75 2 0 283 17 2 255 0 45 0 1 1 42
1311 9690 824 797 77 2 0 283 17 2 256 0 44 0 1 1 42
1312 9688 825 798 77 2 0 283 17 2 256 0 44 0 1 1 42
1313 9689 825 798 76 2 0 283 17 2 256 0 44 0 1 1 42
1314 9688 826 799 75 2 0 283 17 2 256 0 44 0 1 1 42
1315 9699 821 794 74 2 0 283 17 2 256 0 44 0 1 1 42
1316 9701 821 793 71 2 0 284 17 2 256 0 45 0 1 1 42
1317 9699 821 793 73 2 0 284 17 2 256 0 45 0 1 1 42
1318 9700 821 793 72 2 0 284 17 2 256 0 45 0 1 1 42
1319 9698 821 793 74 2 0 284 17 2 256 0 45 0 1 1 42
1320 9702 817 791 76 2 0 284 17 2 258 0 43 0 1 1 42
1321 9719 809 784 74 2 0 284 17 2 259 0 42 0 1 1 42
1322 9727 805 780 74 2 0 284 17 2 259 0 42 0 1 1 42
1323 9726 806 781 73 2 0 284 17 2 259 0 42 0 1 1 42
1324 9735 801 777 73 2 0 285 16 2 261 0 40 0 1 1 42
1325 9741 798 773 74 2 0 286 15 2 261 0 40 0 1 1 42
1326 9748 795 770 73 2 0 286 15 2 261 0 40 0 1 1 42
1327 9751 792 768 75 2 0 286 15 2 262 0 39 0 1 1 42
1328 9760 788 764 74 2 0 286 15 2 262 0 39 0 1 1 42
1329 9761 788 764 73 2 0 286 15 2 262 0 39 0 1 1 42
1330 9766 786 762 72 2 0 286 15 2 262 0 39 0 1 1 42
1331 9775 782 758 71 2 0 286 15 2 262 0 39 0 1 1 42
1332 9784 778 754 70 2 0 286 15 2 262 0 39 0 1 1 42
1333 9788 776 752 70 2 0 286 15 2 262 0 39 0 1 1 42
1334 9792 774 750 70 2 0 286 15 2 262 0 39 0 1 1 42
1335 9791 775 751 69 2 0 286 15 2 262 0 39 0 1 1 42
1336 9793 774 751 68 2 0 286 15 2 263 0 38 0 1 1 42
1337 9798 773 750 65 2 0 286 15 2 263 0 38 0 1 1 42
1338 9800 773 749 64 2 0 286 15 2 262 0 39 0 1 1 42
1339 9807 770 746 63 2 0 286 15 2 262 0 39 0 1 1 42
1340 9813 768 744 61 2 0 286 15 2 262 0 39 0 1 1 42
1341 9806 771 745 60 2 0 288 15 2 262 0 41 0 1 1 42
1342 9807 770 745 60 2 0 288 15 2 263 0 40 0 1 1 42
1343 9810 769 743 60 2 0 289 14 2 263 0 40 0 1 1 42
1344 9819 765 739 59 3 0 288 14 2 263 0 40 0 1 2 41
1345 9823 763 737 59 3 0 287 15 2 262 0 41 0 1 2 41
1346 9828 761 735 58 3 0 287 15 2 262 0 41 0 1 2 41
1347 9839 755 730 58 3 0 287 15 2 263 0 40 0 1 2 41
1348 9840 754 729 59 3 0 287 15 2 263 0 40 0 1 2 41
1349 9843 753 728 58 3 0 287 15 2 263 0 40 0 1 2 41
1350 9848 750 726 58 3 0 286 16 2 263 0 40 0 1 2 41
1351 9841 753 729 59 3 0 286 16 2 263 0 40 0 1 2 41
1352 9837 755 731 59 3 0 286 16 2 263 0 40 0 1 2 41
1353 9840 754 730 58 3 0 286 16 2 263 0 40 0 1 2 41
1354 9843 752 728 59 3 0 286 16 2 263 0 40 0 1 2 41
1355 9846 751 727 58 3 0 286 16 2 263 0 40 0 1 2 41
1356 9852 748 724 58 3 0 286 16 2 263 0 40 0 1 2 41
1357 9857 745 722 58 3 0 285 17 2 263 0 40 0 1 2 41
1358 9859 744 721 58 3 0 285 17 2 263 0 40 0 1 2 41
1359 9868 740 716 58 3 0 285 17 2 262 0 41 0 1 2 41
1360 9868 740 716 58 3 0 285 17 2 262 0 41 0 1 2 41
1361 9868 740 716 58 3 0 285 17 2 262 0 41 0 1 2 41
1362 9880 734 710 58 3 0 285 17 2 262 0 41 0 1 2 41
1363 9876 736 711 59 3 0 286 16 2 262 0 41 0 1 2 41
1364 9875 736 712 59 3 0 286 16 2 263 0 40 0 1 2 41
1365 9866 740 715 59 3 0 287 16 2 263 0 41 0 1 2 41
1366 9866 740 715 59 3 0 287 16 2 263 0 41 0 1 2 41
1367 9868 740 715 57 3 0 287 16 2 263 0 41 0 1 2 41
1368 9873 738 713 56 4 0 286 16 2 263 1 40 0 1 2 41
1369 9872 739 714 55 4 0 286 16 2 263 1 40 0 1 2 41
1370 9871 740 715 54 4 0 286 16 2 263 1 40 0 1 2 41
1371 9876 738 713 53 4 0 286 16 2 263 1 40 0 1 2 41
1372 9887 733 708 52 4 0 286 16 2 263 1 40 0 1 2 41
1373 9888 732 707 53 4 0 286 16 2 263 1 40 0 1 2 41
1374 9887 732 706 55 4 0 286 16 2 262 1 41 0 1 2 41
1375 9892 730 703 55 4 0 286 16 2 261 1 42 0 1 2 41
1376 9893 729 703 55 4 0 285 17 2 261 1 42 0 1 2 41
1377 9897 726 701 56 4 0 285 17 2 262 1 41 0 1 2 41
1378 9910 720 694 56 4 0 286 16 2 262 1 41 0 1 2 41
1379 9916 716 692 56 4 0 285 17 2 263 1 40 0 1 2 41
1380 9923 713 688 56 4 0 286 16 2 263 1 40 0 1 2 41
1381 9925 714 688 53 4 0 287 15 2 263 1 40 0 1 2 41
1382 9919 717 690 54 4 0 288 14 2 263 1 40 0 1 2 41
1383 9923 715 688 54 4 0 288 14 2 263 1 40 0 1 2 41
1384 9931 711 684 54 4 0 288 14 2 263 1 40 0 1 2 41
1385 9931 710 685 54 4 0 288 14 2 265 1 38 0 1 2 41
1386 9935 709 682 54 4 0 289 13 2 264 1 39 0 1 2 41
1387 9932 711 684 53 4 0 289 13 2 264 1 39 0 1 2 41
1388 9943 707 680 50 3 0 290 13 1 265 1 39 0 1 2 41
1389 9942 707 680 51 3 0 290 13 1 265 1 39 0 1 2 41
1390 9947 705 678 50 3 0 290 13 1 265 1 39 0 1 2 41
1391 9951 703 676 50 3 0 290 13 1 265 1 39 0 1 2 41
1392 9962 697 671 50 3 0 289 14 1 265 1 39 0 1 2 41
1393 9974 691 665 50 3 0 289 14 1 265 1 39 0 1 2 41
1394 9976 691 664 49 3 0 290 13 1 265 1 39 0 1 2 41
1395 9974 692 665 49 3 0 290 13 1 265 1 39 0 1 2 41
1396 9982 688 661 49 3 0 290 13 1 265 1 39 0 1 2 41
1397 9984 687 660 49 3 0 290 13 1 265 1 39 0 1 2 41
1398 9990 684 658 48 3 0 290 13 2 265 0 39 0 1 2 41
1399 9995 681 655 49 3 0 290 13 2 265 0 39 0 1 2 41
1400 9997 680 654 49 3 0 290 13 2 265 0 39 0 1 2 41
1401 9999 679 654 48 3 0 289 14 2 265 0 39 0 1 2 41
1402 9993 682 658 47 3 0 288 15 2 265 0 39 0 1 2 41
1403 9992 682 659 47 3 0 287 16 2 265 0 39 0 1 2 41
1404 9994 681 658 47 3 0 287 16 2 265 0 39 0 1 2 41
1405 10004 677 655 44 3 0 287 16 2 266 0 38 0 1 2 41
1406 9997 680 658 45 3 0 287 16 2 266 0 38 0 1 2 41
1407 10004 677 654 45 3 0 288 15 2 266 0 38 0 1 2 41
1408 10001 679 656 44 3 0 288 15 2 266 0 38 0 1 2 41
1409 10003 677 655 45 3 0 288 15 2 267 0 37 0 1 2 41
1410 10023 667 645 45 3 0 288 15 2 267 0 37 0 1 2 41
1411 10020 669 645 44 3 0 290 14 2 267 0 38 0 1 2 41
1412 10025 667 642 44 3 0 291 13 2 267 0 38 0 1 2 41
1413 10029 665 640 44 3 0 291 13 2 267 0 38 0 1 2 41
1414 10035 663 638 42 3 0 291 13 2 267 0 38 0 1 2 41
1415 10042 659 635 42 3 0 291 13 2 268 0 37 0 1 2 41
1416 10051 654 631 42 3 0 291 13 2 269 0 36 0 1 2 41
1417 10057 651 629 41 3 0 291 13 2 270 0 35 0 1 2 41
1418 10057 651 629 41 3 0 291 13 2 270 0 35 0 1 2 41
1419 10062 649 627 40 3 0 291 13 2 270 0 35 0 1 2 41
1420 10060 649 627 42 3 0 291 13 2 270 0 35 0 1 2 41
1421 10068 644 623 43 3 0 291 13 2 271 0 34 0 1 2 41
1422 10074 641 620 43 3 0 291 13 2 271 0 34 0 1 2 41
1423 10075 641 620 42 3 0 291 13 2 271 0 34 0 1 2 41
1424 10078 640 618 40 3 0 292 13 2 271 0 35 0 1 2 41
1425 10087 635 614 40 3 0 291 14 2 271 0 35 0 1 2 41
1426 10089 634 613 40 3 0 291 14 2 271 0 35 0 1 2 41
1427 10097 631 611 37 3 0 291 14 2 272 0 34 0 1 2 41
1428 10099 630 610 37 3 0 291 14 2 272 0 34 0 1 2 41
1429 10105 627 607 37 3 0 291 14 2 272 0 34 0 1 2 41
1430 10106 626 606 36 3 0 292 14 2 273 0 34 0 1 2 41
1431 10110 624 605 35 3 0 292 14 2 274 0 33 0 1 2 41
1432 10106 626 607 35 3 0 292 14 2 274 0 33 0 1 2 41
1433 10119 620 600 35 3 0 293 13 2 274 0 33 0 1 2 41
1434 10120 619 600 35 3 0 293 13 2 275 0 32 0 1 2 41
1435 10124 617 598 35 3 0 293 13 2 275 0 32 0 1 2 41
1436 10125 616 598 35 3 0 293 13 2 276 0 31 0 1 2 41
1437 10124 617 598 35 3 0 294 12 2 276 0 31 0 1 2 41
1438 10125 616 598 35 3 0 294 12 2 277 0 30 0 1 2 41
1439 10134 612 594 34 3 0 294 12 2 277 0 30 0 1 2 41
1440 10135 611 593 35 3 0 294 12 2 277 0 30 0 1 2 41
1441 10141 608 590 35 3 0 294 12 2 277 0 30 0 1 2 41
1442 10149 604 586 35 3 0 294 12 2 277 0 30 0 1 2 41
1443 10155 601 584 34 3 0 294 12 2 278 0 29 0 1 2 41
1444 10159 599 582 34 3 0 294 12 2 278 0 29 0 1 2 41
1445 10158 600 583 33 3 0 294 12 2 278 0 29 0 1 2 41
1446 10159 600 583 32 3 0 294 12 2 278 0 29 0 1 2 41
1447 10165 598 581 30 3 0 294 12 2 278 0 29 0 1 2 41
1448 10166 597 580 31 3 0 294 12 2 278 0 29 0 1 2 41
1449 10170 595 577 30 3 0 295 12 2 278 0 30 0 1 2 41
1450 10172 594 576 30 3 0 295 12 2 278 0 30 0 1 2 41
1451 10175 593 575 29 3 0 295 12 2 278 0 30 0 1 2 41
1452 10178 591 574 29 3 0 295 12 2 279 0 29 0 1 2 41
1453 10176 592 575 29 3 0 295 12 2 279 0 29 0 1 2 41
1454 10168 596 579 29 3 0 295 12 2 279 0 29 0 1 2 41
1455 10167 596 579 30 3 0 295 12 2 279 0 29 0 0 1 43
1456 10170 594 577 31 3 0 295 12 2 279 0 29 0 0 1 43
1457 10177 591 574 30 3 0 295 12 2 279 0 29 0 0 1 43
1458 10178 591 574 29 3 0 295 12 2 279 0 29 0 0 1 43
1459 10175 592 575 30 3 0 295 12 2 279 0 29 0 0 1 43
1460 10181 589 572 30 3 0 295 12 2 279 0 29 0 0 1 43
1461 10180 590 572 30 3 0 296 11 2 279 0 29 0 0 1 43
1462 10187 587 569 29 3 0 296 11 2 279 0 29 0 0 1 43
1463 10187 587 569 29 3 0 296 11 2 279 0 29 0 0 1 43
1464 10186 587 569 30 3 0 296 11 2 279 0 29 0 0 1 43
1465 10191 584 566 31 3 0 296 11 2 279 0 29 0 0 1 43
1466 10201 579 561 31 3 0 296 11 2 279 0 29 0 0 1 43
1467 10201 579 561 31 3 0 296 11 2 279 0 29 0 0 1 43
1468 10200 580 562 30 3 0 296 11 2 279 0 29 0 0 1 43
1469 10205 578 560 29 3 0 296 11 2 279 0 29 0 0 1 43
1470 10198 582 563 29 3 0 296 11 2 278 0 30 0 0 1 43
1471 10203 579 561 29 2 1 297 10 2 279 0 29 0 0 1 43
1472 10203 579 561 29 2 1 297 10 2 279 0 29 0 0 1 43
1473 10208 577 559 28 2 1 297 10 2 279 0 29 0 0 1 43
1474 10213 575 557 27 2 1 297 10 2 279 0 29 0 0 1 43
1475 10217 573 556 26 2 1 297 10 2 280 0 28 0 0 1 43
1476 10221 571 554 26 2 1 297 10 2 280 0 28 0 0 1 43
1477 10224 569 553 26 2 1 297 10 2 281 0 27 0 0 1 43
1478 10222 570 554 26 2 1 297 10 2 281 0 27 0 0 1 43
1479 10219 571 555 27 2 1 297 10 2 281 0 27 0 0 1 43
1480 10216 573 557 26 2 1 297 10 2 281 0 27 0 0 1 43
1481 10223 569 554 26 2 1 297 10 2 282 0 26 0 0 1 43
1482 10227 567 552 26 2 1 297 10 2 282 0 26 0 0 1 43
1483 10229 566 551 26 2 1 297 10 2 282 0 26 0 0 1 43
1484 10229 566 551 26 2 1 297 10 2 282 0 26 0 0 1 43
1485 10234 564 549 25 2 1 297 10 2 282 0 26 0 0 1 43
1486 10230 566 551 25 2 1 297 10 2 282 0 26 0 0 1 43
1487 10232 565 550 25 2 1 297 10 2 282 0 26 0 0 1 43
1488 10237 563 548 24 2 1 297 10 2 282 0 26 0 0 1 43
1489 10229 567 552 24 2 1 297 10 2 282 0 26 0 0 1 43
1490 10235 564 549 24 2 1 297 10 2 282 0 26 0 0 1 43
1491 10237 563 548 24 2 1 297 10 2 282 0 26 0 0 1 43
1492 10241 561 546 24 3 1 296 10 3 281 0 26 0 0 1 43
1493 10244 560 544 24 3 1 296 10 3 280 0 27 0 0 1 43
1494 10242 561 545 24 3 1 296 10 3 280 0 27 0 0 1 43
1495 10248 558 542 24 3 1 296 10 3 280 0 27 0 0 1 43
1496 10253 555 540 24 3 1 296 10 3 281 0 26 0 0 1 43
1497 10246 558 544 24 3 1 295 11 3 281 0 26 0 0 1 43
1498 10248 557 543 24 3 1 295 11 3 281 0 26 0 0 1 43
1499 10242 560 546 24 3 1 295 11 3 281 0 26 0 0 1 43
1500 10255 553 540 24 3 1 295 11 3 282 0 25 0 0 1 43
