0 1979 195 0 0 0 0 0 0 0 0 0 0 0 0 0 0
1 11650 193 193 0 0 0 0 0 0 0 0 0 0 0 0 0
2 11650 193 193 0 0 0 0 0 0 0 0 0 0 0 0 0
3 11652 192 192 0 0 0 0 0 0 0 0 0 0 0 0 0
4 11649 193 193 1 0 0 0 0 0 0 0 0 0 0 0 0
5 11645 195 195 1 0 0 0 0 0 0 0 0 0 0 0 0
6 11645 195 195 1 0 0 0 0 0 0 0 0 0 0 0 0
7 11640 197 197 2 0 0 0 0 0 0 0 0 0 0 0 0
8 11639 197 197 3 0 0 0 0 0 0 0 0 0 0 0 0
9 11639 197 197 3 0 0 0 0 0 0 0 0 0 0 0 0
10 11635 199 199 3 0 0 0 0 0 0 0 0 0 0 0 0
11 11637 198 198 3 0 0 0 0 0 0 0 0 0 0 0 0
12 11639 197 197 3 0 0 0 0 0 0 0 0 0 0 0 0
13 11637 198 198 3 0 0 0 0 0 0 0 0 0 0 0 0
14 11634 200 200 2 0 0 0 0 0 0 0 0 0 0 0 0
15 11636 199 199 2 0 0 0 0 0 0 0 0 0 0 0 0
16 11636 199 199 2 0 0 0 0 0 0 0 0 0 0 0 0
17 11636 199 199 2 0 0 0 0 0 0 0 0 0 0 0 0
18 11637 198 198 3 0 0 0 0 0 0 0 0 0 0 0 0
19 11639 197 197 3 0 0 0 0 0 0 0 0 0 0 0 0
20 11637 198 198 3 0 0 0 0 0 0 0 0 0 0 0 0
21 11637 198 198 3 0 0 0 0 0 0 0 0 0 0 0 0
22 11639 197 197 3 0 0 0 0 0 0 0 0 0 0 0 0
23 11635 199 199 3 0 0 0 0 0 0 0 0 0 0 0 0
24 11637 198 198 3 0 0 0 0 0 0 0 0 0 0 0 0
25 11635 199 199 3 0 0 0 0 0 0 0 0 0 0 0 0
26 11631 201 201 3 0 0 0 0 0 0 0 0 0 0 0 0
27 11631 201 201 3 0 0 0 0 0 0 0 0 0 0 0 0
28 11629 202 202 3 0 0 0 0 0 0 0 0 0 0 0 0
29 11627 203 203 3 0 0 0 0 0 0 0 0 0 0 0 0
30 11625 204 204 3 0 0 0 0 0 0 0 0 0 0 0 0
31 11619 207 207 3 0 0 0 0 0 0 0 0 0 0 0 0
32 11615 209 209 3 0 0 0 0 0 0 0 0 0 0 0 0
33 11607 213 213 3 0 0 0 0 0 0 0 0 0 0 0 0
34 11607 213 213 3 0 0 0 0 0 0 0 0 0 0 0 0
35 11609 212 212 3 0 0 0 0 0 0 0 0 0 0 0 0
36 11606 214 214 2 0 0 0 0 0 0 0 0 0 0 0 0
37 11612 211 211 2 0 0 0 0 0 0 0 0 0 0 0 0
38 11606 214 214 2 0 0 0 0 0 0 0 0 0 0 0 0
39 11608 213 213 2 0 0 0 0 0 0 0 0 0 0 0 0
40 11600 217 217 2 0 0 0 0 0 0 0 0 0 0 0 0
41 11592 221 221 2 0 0 0 0 0 0 0 0 0 0 0 0
42 11592 221 221 2 0 0 0 0 0 0 0 0 0 0 0 0
43 11592 221 221 2 0 0 0 0 0 0 0 0 0 0 0 0
44 11589 222 222 3 0 0 0 0 0 0 0 0 0 0 0 0
45 11574 228 228 6 0 0 0 0 0 0 0 0 0 0 0 0
46 11559 235 235 7 0 0 0 0 0 0 0 0 0 0 0 0
47 11557 236 236 7 0 0 0 0 0 0 0 0 0 0 0 0
48 11545 242 242 7 0 0 0 0 0 0 0 0 0 0 0 0
49 11533 248 248 7 0 0 0 0 0 0 0 0 0 0 0 0
50 11524 252 252 8 0 0 0 0 0 0 0 0 0 0 0 0
51 11508 260 260 8 0 0 0 0 0 0 0 0 0 0 0 0
52 11504 262 262 8 0 0 0 0 0 0 0 0 0 0 0 0
53 11496 266 266 8 0 0 0 0 0 0 0 0 0 0 0 0
54 11482 273 273 8 0 0 0 0 0 0 0 0 0 0 0 0
55 11470 279 279 8 0 0 0 0 0 0 0 0 0 0 0 0
56 11460 284 284 8 0 0 0 0 0 0 0 0 0 0 0 0
57 11446 290 290 10 0 0 0 0 0 0 0 0 0 0 0 0
58 11428 299 299 10 0 0 0 0 0 0 0 0 0 0 0 0
59 11426 300 300 10 0 0 0 0 0 0 0 0 0 0 0 0
60 11412 306 306 12 0 0 0 0 0 0 0 0 0 0 0 0
61 11412 306 306 12 0 0 0 0 0 0 0 0 0 0 0 0
62 11398 313 313 12 0 0 0 0 0 0 0 0 0 0 0 0
63 11390 317 317 12 0 0 0 0 0 0 0 0 0 0 0 0
64 11382 321 321 12 0 0 0 0 0 0 0 0 0 0 0 0
65 11366 329 329 12 0 0 0 0 0 0 0 0 0 0 0 0
66 11345 340 340 11 0 0 0 0 0 0 0 0 0 0 0 0
67 11327 349 349 11 0 0 0 0 0 0 0 0 0 0 0 0
68 11316 354 354 12 0 0 0 0 0 0 0 0 0 0 0 0
69 11295 364 364 13 0 0 0 0 0 0 0 0 0 0 0 0
70 11273 375 375 13 0 0 0 0 0 0 0 0 0 0 0 0
71 11261 381 381 13 0 0 0 0 0 0 0 0 0 0 0 0
72 11244 387 387 18 0 0 0 0 0 0 0 0 0 0 0 0
73 11218 400 400 18 0 0 0 0 0 0 0 0 0 0 0 0
74 11214 402 402 18 0 0 0 0 0 0 0 0 0 0 0 0
75 11195 411 411 19 0 0 0 0 0 0 0 0 0 0 0 0
76 11180 418 418 20 0 0 0 0 0 0 0 0 0 0 0 0
77 11170 423 423 20 0 0 0 0 0 0 0 0 0 0 0 0
78 11159 428 427 20 0 0 1 0 0 0 0 1 0 0 0 0
79 11150 432 431 21 0 0 1 0 0 0 0 1 0 0 0 0
80 11142 436 435 21 0 0 1 0 0 0 0 1 0 0 0 0
81 11124 445 444 21 0 0 1 0 0 0 0 1 0 0 0 0
82 11097 458 457 22 0 0 1 0 0 0 0 1 0 0 0 0
83 11079 467 466 22 0 0 1 0 0 0 0 1 0 0 0 0
84 11077 468 467 22 0 0 1 0 0 0 0 1 0 0 0 0
85 11069 472 471 22 0 0 1 0 0 0 0 1 0 0 0 0
86 11065 474 473 22 0 0 1 0 0 0 0 1 0 0 0 0
87 11057 478 477 22 0 0 1 0 0 0 0 1 0 0 0 0
88 11047 483 482 22 0 0 1 0 0 0 0 1 0 0 0 0
89 11032 490 488 22 0 0 2 0 0 0 0 2 0 0 0 0
90 11016 498 496 22 0 0 2 0 0 0 0 2 0 0 0 0
91 10993 509 505 21 0 0 4 0 0 0 0 4 0 0 0 0
92 10989 510 506 23 0 0 4 0 0 0 0 4 0 0 0 0
93 10963 523 519 23 0 0 4 0 0 0 0 4 0 0 0 0
94 10957 526 521 22 0 0 5 0 0 0 0 5 0 0 0 0
95 10943 533 528 22 0 0 5 0 0 0 0 5 0 0 0 0
96 10926 541 536 23 0 0 5 0 0 0 0 5 0 0 0 0
97 10914 547 542 23 0 0 5 0 0 0 0 5 0 0 0 0
98 10899 554 549 24 0 0 5 0 0 0 0 5 0 0 0 0
99 10891 558 553 24 0 0 5 0 0 0 0 5 0 0 0 0
100 10880 563 558 25 0 0 5 0 0 0 0 5 0 0 0 0
101 10853 576 571 26 0 0 5 0 0 0 0 5 0 0 0 0
102 10842 581 576 27 0 0 5 0 0 0 0 5 0 0 0 0
103 10833 585 580 28 0 0 5 0 0 0 0 5 0 0 0 0
104 10819 592 587 28 0 0 5 0 0 0 0 5 0 0 0 0
105 10809 596 591 30 0 0 5 0 0 0 0 5 0 0 0 0
106 10807 597 592 30 0 0 5 0 0 0 0 5 0 0 0 0
107 10797 602 597 30 0 0 5 0 0 0 0 5 0 0 0 0
108 10789 606 601 30 0 0 5 0 0 0 0 5 0 0 0 0
109 10780 610 605 31 0 0 5 0 0 0 0 5 0 0 0 0
110 10771 614 609 32 0 0 5 0 0 0 0 5 0 0 0 0
111 10763 619 614 30 0 0 5 0 0 0 0 5 0 0 0 0
112 10757 622 617 30 0 0 5 0 0 0 0 5 0 0 0 0
113 10744 629 623 28 0 0 6 0 0 0 0 6 0 0 0 0
114 10746 628 622 28 0 0 6 0 0 0 0 6 0 0 0 0
115 10731 635 628 28 0 0 7 0 0 0 0 7 0 0 0 0
116 10721 640 633 28 0 0 7 0 0 0 0 7 0 0 0 0
117 10712 644 637 29 0 0 7 0 0 0 0 7 0 0 0 0
118 10701 649 642 30 0 0 7 0 0 0 0 7 0 0 0 0
119 10689 654 646 31 0 0 8 0 0 0 0 8 0 0 0 0
120 10681 658 650 31 0 0 8 0 0 0 0 8 0 0 0 0
121 10674 662 654 30 0 0 8 0 0 0 0 8 0 0 0 0
122 10667 664 656 33 0 0 8 0 0 0 0 8 0 0 0 0
123 10657 669 661 33 0 0 8 0 0 0 0 8 0 0 0 0
124 10653 671 663 33 0 0 8 0 0 0 0 8 0 0 0 0
125 10637 679 671 33 0 0 8 0 0 0 0 8 0 0 0 0
126 10624 686 678 32 0 0 8 0 0 0 0 8 0 0 0 0
127 10623 687 679 31 0 0 8 0 0 0 0 8 0 0 0 0
128 10610 694 686 30 0 0 8 0 0 0 0 8 0 0 0 0
129 10589 704 696 31 0 0 8 0 0 0 0 8 0 0 0 0
130 10594 701 693 32 0 0 8 0 0 0 0 8 0 0 0 0
131 10586 705 697 32 0 0 8 0 0 0 0 8 0 0 0 0
132 10574 711 703 32 0 0 8 0 0 0 0 8 0 0 0 0
133 10561 716 708 35 0 0 8 0 0 0 0 8 0 0 0 0
134 10544 723 716 37 0 0 8 0 0 1 0 7 0 0 0 0
135 10545 721 714 40 0 0 8 0 0 1 0 7 0 0 0 0
136 10534 725 719 42 0 0 8 0 0 2 0 6 0 0 0 0
137 10528 728 722 42 0 0 8 0 0 2 0 6 0 0 0 0
138 10510 736 729 43 0 0 9 0 0 2 0 7 0 0 0 0
139 10500 741 734 43 0 0 9 0 0 2 0 7 0 0 0 0
140 10487 747 740 44 0 0 9 0 0 2 0 7 0 0 0 0
141 10458 761 754 45 0 0 9 0 0 2 0 7 0 0 0 0
142 10439 768 761 50 0 0 9 0 0 2 0 7 0 0 0 0
143 10435 770 763 50 0 0 9 0 0 2 0 7 0 0 0 0
144 10416 778 771 51 0 0 9 1 0 2 0 8 0 0 0 0
145 10404 783 777 52 0 0 9 1 0 3 0 7 0 0 0 0
146 10381 794 788 53 0 0 9 1 0 3 0 7 0 0 0 0
147 10375 796 790 55 0 0 9 1 0 3 0 7 0 0 0 0
148 10359 803 796 56 0 0 10 1 0 3 0 8 0 0 0 0
149 10349 807 800 58 0 0 10 1 0 3 0 8 0 0 0 0
150 10347 808 801 58 0 0 10 1 0 3 0 8 0 0 0 0
151 10335 813 806 60 0 0 10 1 0 3 0 8 0 0 0 0
152 10311 822 815 66 0 0 10 1 0 3 0 8 0 0 0 0
153 10308 823 816 67 0 0 10 1 0 3 0 8 0 0 0 0
154 10300 827 819 66 0 0 11 1 0 3 0 9 0 0 0 0
155 10275 838 830 69 0 0 11 1 0 3 0 9 0 0 0 0
156 10247 850 842 73 0 0 11 1 0 3 0 9 0 0 0 0
157 10212 865 857 78 0 0 11 1 0 3 0 9 0 0 0 0
158 10181 880 871 78 0 0 12 1 0 3 0 10 0 0 0 0
159 10153 894 885 78 0 0 12 1 0 3 0 10 0 0 0 0
160 10109 915 906 80 0 0 12 1 0 3 0 10 0 0 0 0
161 10087 925 916 82 0 0 12 1 0 3 0 10 0 0 0 0
162 10068 934 925 83 0 0 12 1 0 3 0 10 0 0 0 0
163 10049 942 931 80 0 0 14 3 0 3 0 14 0 0 0 0
164 10030 951 940 81 0 0 14 3 0 3 0 14 0 0 0 0
165 10005 963 952 82 0 0 14 3 0 3 0 14 0 0 0 0
166 9985 972 960 83 0 0 15 3 0 3 0 15 0 0 0 0
167 9960 983 971 86 0 0 15 3 0 3 0 15 0 0 0 0
168 9928 998 986 88 0 0 15 3 0 3 0 15 0 0 0 0
169 9898 1012 1000 90 0 0 15 3 0 3 0 15 0 0 0 0
170 9869 1025 1014 92 0 0 15 3 0 4 0 14 0 0 0 0
171 9853 1031 1020 96 0 0 15 3 0 4 0 14 0 0 0 0
172 9840 1037 1026 97 0 0 15 3 0 4 0 14 0 0 0 0
173 9809 1052 1041 96 0 0 16 3 0 5 0 14 0 0 0 0
174 9801 1055 1044 94 0 0 17 4 0 6 0 15 0 0 0 0
175 9778 1066 1053 93 0 0 19 4 0 6 0 17 0 0 0 0
176 9763 1073 1060 94 0 0 19 4 0 6 0 17 0 0 0 0
177 9743 1083 1069 93 0 0 20 4 0 6 0 18 0 0 0 0
178 9730 1087 1073 98 0 0 20 4 0 6 0 18 0 0 0 0
179 9724 1089 1072 97 0 0 23 4 0 6 0 21 0 0 0 0
180 9706 1096 1079 99 0 0 23 5 0 6 0 22 0 0 0 0
181 9688 1104 1085 101 0 0 25 4 0 6 0 23 0 0 0 0
182 9677 1109 1090 102 0 0 25 4 0 6 0 23 0 0 0 0
183 9677 1107 1086 104 0 0 27 4 0 6 0 25 0 0 0 0
184 9675 1107 1086 106 0 0 27 4 0 6 0 25 0 0 0 0
185 9653 1117 1096 106 0 0 27 5 0 6 0 26 0 0 0 0
186 9642 1121 1099 108 0 0 28 5 0 6 0 27 0 0 0 0
187 9622 1131 1109 108 0 0 28 5 0 6 0 27 0 0 0 0
188 9612 1134 1111 110 0 0 29 5 0 6 0 28 0 0 0 1
189 9605 1137 1114 111 0 0 29 5 0 6 0 28 0 0 0 1
190 9583 1147 1123 113 0 0 30 4 0 6 0 28 0 0 0 2
191 9571 1151 1127 117 0 0 30 4 0 6 0 28 0 0 0 2
192 9546 1162 1137 119 0 0 31 4 0 6 0 29 0 0 0 2
193 9546 1162 1137 119 0 0 31 4 0 6 0 29 0 0 0 2
194 9523 1172 1146 121 0 0 32 4 0 6 0 30 0 0 0 2
195 9507 1179 1152 122 0 0 33 4 0 6 0 31 0 0 0 2
196 9497 1184 1156 119 0 0 35 4 0 7 0 32 0 0 0 2
197 9479 1191 1163 123 0 0 35 4 0 7 0 32 0 0 0 2
198 9484 1189 1160 121 0 0 36 4 0 7 0 33 0 0 0 2
199 9472 1195 1165 120 0 0 37 4 0 7 0 34 0 0 0 2
200 9464 1198 1167 121 0 0 38 4 0 7 0 35 0 0 0 2
201 9459 1199 1168 124 0 0 38 4 0 7 0 35 0 0 0 2
202 9438 1209 1178 123 0 0 39 4 0 8 0 35 0 0 0 2
203 9432 1211 1179 124 0 0 40 4 0 8 0 36 0 0 0 2
204 9431 1210 1177 126 0 0 41 4 0 8 0 37 0 0 0 2
205 9433 1208 1175 128 0 0 41 4 0 8 0 37 0 0 0 2
206 9421 1214 1181 128 0 0 41 4 0 8 0 37 0 0 0 2
207 9419 1214 1183 128 0 0 41 4 0 10 0 35 0 0 0 2
208 9407 1220 1189 128 0 0 41 4 0 10 0 35 0 0 0 2
209 9402 1221 1190 131 0 0 41 4 0 10 0 35 0 0 0 2
210 9395 1223 1193 133 0 0 41 4 0 11 0 34 0 0 0 2
211 9389 1225 1195 135 0 0 41 4 0 11 0 34 0 0 0 2
212 9379 1229 1199 137 0 0 41 4 0 11 0 34 0 0 0 2
213 9358 1237 1207 142 0 0 41 4 0 11 0 34 0 0 0 2
214 9342 1246 1216 140 0 0 41 4 0 11 0 34 0 0 0 2
215 9327 1253 1222 140 0 0 42 4 0 11 0 35 0 0 0 2
216 9326 1253 1220 139 0 0 44 4 0 11 0 37 0 0 0 2
217 9325 1253 1220 140 0 0 44 4 0 11 0 37 0 0 0 2
218 9319 1256 1224 139 0 0 44 4 0 12 0 36 0 0 0 2
219 9316 1258 1226 138 0 0 44 4 0 12 0 36 0 0 0 2
220 9323 1255 1221 135 0 0 46 4 0 12 0 38 0 0 0 2
221 9317 1259 1225 133 0 0 46 4 0 12 0 38 0 0 0 2
222 9325 1255 1221 133 0 0 46 4 0 12 0 38 0 0 0 2
223 9323 1255 1222 134 0 0 46 4 0 13 0 37 0 0 0 2
224 9319 1256 1223 136 0 0 46 4 0 13 0 37 0 0 0 2
225 9308 1261 1226 135 0 0 48 4 0 13 0 39 0 0 0 2
226 9308 1262 1225 133 0 0 50 2 0 13 0 39 0 0 0 4
227 9306 1263 1226 133 0 0 50 2 0 13 0 39 0 0 0 4
228 9303 1264 1226 133 0 0 51 2 0 13 0 40 0 0 0 4
229 9311 1260 1220 131 0 0 53 2 0 13 0 42 0 0 0 4
230 9285 1272 1232 133 0 0 53 2 0 13 0 42 0 0 0 4
231 9287 1271 1230 132 0 0 54 2 0 13 0 43 0 0 0 4
232 9280 1273 1231 133 0 0 55 2 0 13 0 44 0 0 0 5
233 9272 1276 1234 135 0 0 55 2 0 13 0 44 0 0 0 5
234 9265 1278 1236 136 0 0 55 3 0 13 0 45 0 0 0 5
235 9266 1276 1235 138 0 0 55 3 0 14 0 44 0 0 0 5
236 9249 1283 1242 141 0 0 55 3 0 14 0 44 0 0 0 5
237 9248 1282 1240 143 0 0 56 3 0 14 0 45 0 0 0 5
238 9248 1283 1241 139 0 0 56 4 0 14 0 46 0 0 0 5
239 9239 1288 1246 138 0 0 56 4 0 14 0 46 0 0 0 5
240 9240 1289 1247 135 0 0 56 4 0 14 0 46 0 0 0 5
241 9244 1287 1244 134 0 0 57 4 0 14 0 47 0 0 0 5
242 9226 1296 1252 133 0 0 58 4 0 14 0 48 0 0 0 5
243 9222 1296 1252 137 0 0 58 4 0 14 0 48 0 0 0 5
244 9230 1292 1247 138 0 0 59 3 0 14 0 48 0 0 0 5
245 9220 1297 1252 138 0 0 59 3 0 14 0 48 0 0 0 5
246 9204 1302 1257 144 0 0 59 3 0 14 0 48 0 0 0 5
247 9193 1308 1262 140 0 0 61 3 0 15 0 49 0 0 0 5
248 9184 1310 1264 145 0 0 61 3 0 15 0 49 0 0 0 5
249 9162 1320 1271 146 0 0 63 3 0 14 0 52 0 0 0 5
250 9150 1325 1276 148 0 0 63 3 0 14 0 52 0 0 0 5
251 9134 1332 1282 149 0 0 64 3 0 14 0 53 0 0 0 5
252 9129 1333 1282 149 0 0 66 3 0 15 0 54 0 0 0 5
253 9124 1334 1283 150 0 0 67 3 0 16 0 54 0 0 0 5
254 9116 1336 1284 154 0 0 68 2 0 16 0 54 0 0 0 6
255 9114 1335 1284 157 0 0 68 2 0 17 0 53 0 0 0 6
256 9096 1344 1294 156 0 0 68 2 0 18 0 52 0 0 0 6
257 9084 1349 1297 156 0 0 70 2 0 18 0 54 0 0 0 6
258 9079 1352 1299 154 0 0 71 2 0 18 0 55 0 0 0 6
259 9070 1356 1303 155 0 0 71 2 0 18 0 55 0 0 0 6
260 9057 1361 1306 154 0 0 73 3 0 18 0 58 0 0 0 6
261 9041 1368 1313 156 0 0 73 3 0 18 0 58 0 0 0 6
262 9016 1380 1326 156 0 0 73 3 0 19 0 57 0 0 0 6
263 8998 1387 1333 160 0 0 73 3 0 19 0 57 0 0 0 6
264 8981 1392 1337 166 0 0 74 3 0 19 0 58 0 0 0 6
265 8986 1386 1331 171 0 0 74 4 0 19 0 59 0 0 0 6
266 8965 1393 1338 176 0 0 75 4 0 20 0 59 0 0 0 6
267 8949 1400 1344 179 0 0 75 4 0 19 0 60 0 0 0 6
268 8936 1404 1348 184 0 0 75 4 0 19 0 60 0 0 0 6
269 8909 1417 1359 183 0 0 77 4 0 19 0 62 0 0 0 6
270 8887 1427 1369 185 0 0 77 4 0 19 0 62 0 0 0 6
271 8877 1431 1373 183 0 0 79 4 0 21 0 62 0 0 0 6
272 8872 1432 1375 185 0 0 79 4 0 22 0 61 0 0 0 6
273 8864 1436 1378 184 0 0 80 4 0 22 0 62 0 0 0 6
274 8861 1437 1378 184 0 0 81 4 0 22 0 63 0 0 0 6
275 8841 1446 1387 186 0 0 81 4 0 22 0 63 0 0 0 6
276 8841 1444 1385 188 0 0 82 4 0 23 0 63 0 0 0 6
277 8837 1444 1383 190 0 0 84 4 0 23 0 65 0 0 0 6
278 8807 1456 1396 195 0 0 84 4 0 24 0 64 0 0 0 6
279 8796 1461 1401 196 0 0 84 4 0 24 0 64 0 0 0 6
280 8794 1459 1400 199 0 0 84 5 0 25 0 64 0 0 0 6
281 8798 1455 1396 203 0 0 84 5 0 25 0 64 0 0 0 6
282 8780 1464 1405 203 0 0 84 5 0 25 0 64 0 0 0 6
283 8780 1462 1404 206 0 0 83 6 0 25 0 64 0 0 0 6
284 8763 1469 1410 208 0 0 84 6 0 25 0 65 0 0 0 6
285 8755 1473 1414 208 0 0 84 6 0 25 0 65 0 0 0 6
286 8732 1482 1422 212 0 0 85 6 0 25 0 66 0 0 0 6
287 8715 1489 1429 215 0 0 85 6 0 25 0 66 0 0 0 6
288 8701 1495 1433 214 0 0 87 6 0 25 0 68 0 0 0 7
289 8694 1499 1437 213 0 0 87 6 0 25 0 68 0 0 0 7
290 8689 1503 1440 209 0 0 88 6 0 25 0 69 0 0 0 7
291 8673 1509 1446 211 0 0 89 6 0 26 0 69 0 0 0 7
292 8664 1512 1448 211 0 0 91 6 0 27 0 70 0 0 0 7
293 8660 1510 1447 218 0 0 91 6 0 28 0 69 0 0 0 7
294 8650 1514 1451 218 0 0 92 6 0 29 0 69 0 0 0 7
295 8645 1517 1455 214 0 0 93 6 0 31 0 68 0 0 0 7
296 8643 1518 1455 213 0 0 94 6 0 31 0 69 0 0 0 7
297 8636 1519 1455 215 0 0 96 6 0 32 0 70 0 0 0 7
298 8617 1526 1462 220 0 0 96 6 0 32 0 70 0 0 0 7
299 8604 1533 1466 218 0 0 98 6 0 31 0 73 0 0 0 7
300 8588 1540 1472 219 0 0 99 6 0 31 0 74 0 0 0 7
301 8577 1547 1479 214 0 0 100 6 0 32 0 74 0 0 0 7
302 8581 1543 1475 218 0 0 100 6 0 32 0 74 0 0 0 7
303 8571 1548 1481 217 0 0 99 7 0 32 0 74 0 0 0 7
304 8550 1556 1488 221 0 0 100 7 0 32 0 75 0 0 0 7
305 8553 1554 1487 221 0 0 100 7 0 33 0 74 0 0 0 7
306 8555 1554 1487 219 0 0 100 7 0 33 0 74 0 0 0 7
307 8556 1551 1485 223 0 0 99 8 0 33 0 74 0 0 0 7
308 8548 1554 1487 224 0 0 100 8 0 33 0 75 0 0 0 7
309 8539 1559 1491 222 0 0 101 8 0 33 0 76 0 0 0 7
310 8528 1564 1495 220 0 0 103 8 0 34 0 77 0 0 0 7
311 8533 1561 1491 220 0 0 104 8 0 34 0 78 0 0 0 7
312 8526 1563 1488 218 0 0 109 8 0 34 0 83 0 0 0 7
313 8519 1567 1492 216 0 0 109 8 0 34 0 83 0 0 0 8
314 8518 1568 1494 214 0 0 109 8 0 35 0 82 0 0 0 8
315 8517 1567 1493 215 0 0 110 8 0 36 0 82 0 0 0 8
316 8519 1566 1491 216 0 0 111 7 0 36 0 82 0 0 0 8
317 8529 1560 1484 217 0 0 112 7 0 36 0 83 0 0 0 8
318 8536 1555 1479 220 0 0 112 7 0 36 0 83 0 0 0 8
319 8535 1555 1479 221 0 0 112 7 0 36 0 83 0 0 0 8
320 8529 1557 1481 219 0 0 113 8 0 37 0 84 0 0 0 8
321 8530 1557 1482 217 0 0 113 8 0 38 0 83 0 0 0 8
322 8540 1551 1472 217 0 0 117 7 0 38 0 86 0 0 0 8
323 8532 1554 1474 216 0 0 119 7 0 39 0 87 0 0 0 8
324 8543 1549 1470 214 0 0 119 7 0 40 0 86 0 0 0 8
325 8534 1552 1474 214 0 0 120 7 0 42 0 85 0 0 0 8
326 8534 1552 1472 212 0 0 122 7 0 42 0 87 0 0 0 8
327 8534 1550 1471 215 0 0 122 7 0 43 0 86 0 0 0 8
328 8525 1551 1472 220 0 0 123 7 0 44 0 86 0 0 0 8
329 8526 1552 1472 216 0 0 124 7 0 44 0 87 0 0 0 8
330 8527 1551 1471 217 0 0 124 7 0 44 0 87 0 0 0 8
331 8527 1551 1470 216 0 0 125 7 0 44 0 88 0 0 0 8
332 8514 1556 1473 217 0 0 127 7 0 44 0 90 0 0 0 8
333 8509 1557 1475 217 0 0 127 8 0 45 0 90 0 0 0 8
334 8495 1563 1481 219 0 0 127 8 0 45 0 90 0 0 0 8
335 8460 1578 1496 222 0 0 127 9 0 45 0 91 0 0 0 8
336 8452 1582 1500 222 0 0 127 9 0 45 0 91 0 0 0 8
337 8466 1574 1493 221 0 0 128 9 0 47 0 90 0 0 0 8
338 8468 1571 1490 225 0 0 128 9 0 47 0 90 0 0 0 8
339 8471 1570 1489 224 0 0 128 9 0 47 0 90 0 0 0 8
340 8446 1579 1498 229 0 0 128 10 0 47 0 91 0 0 0 8
341 8443 1581 1499 227 0 0 129 10 0 47 0 92 0 0 0 8
342 8458 1574 1493 224 0 0 129 10 0 48 0 91 0 0 0 9
343 8436 1584 1502 223 0 0 131 10 0 49 0 92 0 0 0 9
344 8426 1589 1508 222 0 0 131 10 0 50 0 91 0 0 0 9
345 8402 1597 1516 226 0 0 131 12 0 50 0 93 0 0 0 9
346 8395 1599 1517 228 0 0 131 13 0 49 0 95 0 0 0 9
347 8391 1598 1517 229 0 0 131 15 0 50 0 96 0 0 0 9
348 8375 1603 1522 232 0 0 131 16 0 50 0 97 0 0 0 10
349 8381 1599 1515 235 0 0 133 15 0 49 0 99 0 0 0 10
350 8358 1609 1525 236 0 0 134 15 0 50 0 99 0 0 0 10
351 8342 1613 1529 243 0 0 134 15 0 50 0 99 0 0 0 11
352 8339 1614 1531 241 0 0 134 16 0 51 0 99 0 0 0 11
353 8332 1617 1531 242 0 0 137 14 0 51 0 100 0 0 0 12
354 8320 1622 1536 242 0 0 138 14 0 52 0 100 0 0 0 12
355 8302 1629 1543 246 0 0 138 14 0 52 0 100 0 0 0 12
356 8302 1628 1541 247 0 0 139 14 0 52 0 101 0 0 0 12
357 8290 1634 1547 241 0 0 140 16 0 53 0 103 0 0 0 12
358 8275 1639 1551 245 0 0 141 16 0 53 0 104 0 0 0 12
359 8261 1642 1555 250 0 0 141 17 0 54 0 104 0 0 0 12
360 8255 1646 1558 245 0 0 142 18 0 54 0 106 0 0 0 12
361 8243 1650 1561 248 0 0 143 18 0 54 0 107 0 0 0 12
362 8232 1655 1565 246 0 0 144 19 0 54 0 109 0 0 0 12
363 8217 1658 1569 254 0 0 143 20 0 54 0 109 0 0 0 12
364 8217 1658 1569 254 0 0 143 20 0 54 0 109 0 0 0 12
365 8213 1658 1568 257 0 0 144 20 0 54 0 110 0 0 0 12
366 8215 1656 1565 258 0 0 145 20 0 54 0 111 0 0 0 12
367 8207 1658 1567 260 0 0 146 20 0 55 0 111 0 0 0 12
368 8204 1656 1565 267 0 0 146 20 0 55 0 111 0 0 0 12
369 8210 1653 1563 265 0 0 147 19 0 57 0 109 0 0 0 13
370 8207 1653 1561 266 0 0 149 19 0 57 0 111 0 0 0 13
371 8192 1659 1567 267 0 0 150 19 0 58 0 111 0 0 0 13
372 8190 1658 1567 268 0 0 150 20 0 59 0 111 0 0 0 13
373 8193 1656 1563 267 0 0 152 20 0 59 0 113 0 0 0 13
374 8190 1657 1562 267 0 0 154 19 0 59 0 114 0 0 0 14
375 8175 1662 1567 269 0 0 154 20 0 59 0 115 0 0 0 15
376 8158 1668 1572 273 0 0 155 20 0 59 0 116 0 0 0 15
377 8150 1670 1575 275 0 0 154 21 0 59 0 116 0 0 0 16
378 8139 1675 1578 274 0 0 156 21 0 59 0 118 0 0 0 16
379 8131 1679 1584 272 0 0 157 20 0 62 0 115 0 0 0 16
380 8139 1675 1579 273 0 0 157 20 0 61 0 116 0 0 0 16
381 8146 1670 1573 273 0 0 158 21 0 61 0 118 0 0 0 16
382 8158 1661 1564 277 0 0 159 21 0 62 0 118 0 0 0 16
383 8159 1660 1562 277 0 0 160 21 0 62 0 119 0 0 0 16
384 8154 1662 1561 276 0 0 162 21 0 61 0 122 0 0 0 17
385 8152 1663 1560 275 0 0 164 20 0 61 0 123 0 0 0 18
386 8145 1667 1564 272 0 0 165 20 0 62 0 123 0 0 0 18
387 8145 1666 1562 271 0 0 166 21 0 62 0 125 0 0 0 18
388 8143 1668 1565 264 0 0 166 23 0 63 0 126 0 0 0 18
389 8135 1671 1570 264 0 0 166 23 0 65 0 124 0 0 0 18
390 8132 1671 1570 265 0 0 166 24 0 65 0 125 0 0 0 18
391 8130 1671 1570 265 0 0 167 24 0 66 0 125 0 0 0 18
392 8127 1672 1570 265 0 0 168 24 0 66 0 126 0 0 0 18
393 8127 1672 1570 264 0 0 168 24 0 66 0 126 0 0 0 19
394 8111 1678 1574 263 0 0 171 24 0 67 0 128 0 0 0 20
395 8101 1682 1578 265 0 0 171 24 0 67 0 128 0 0 0 20
396 8103 1680 1577 266 0 0 171 24 0 68 0 127 0 0 0 20
397 8106 1679 1577 262 0 0 173 23 0 71 0 125 0 0 0 20
398 8093 1684 1583 263 0 0 172 24 0 71 0 125 0 0 0 21
399 8087 1687 1586 263 0 0 172 24 0 71 0 125 0 0 0 21
400 8073 1691 1590 267 0 0 172 24 0 71 0 125 0 0 0 23
401 8067 1693 1592 265 0 0 173 25 0 72 0 126 0 0 0 23
402 8074 1690 1589 264 0 0 173 25 0 72 0 126 0 0 0 23
403 8075 1691 1585 258 0 0 177 25 0 71 0 131 0 0 0 23
404 8076 1690 1584 257 0 0 178 25 0 72 0 131 0 0 0 23
405 8077 1688 1582 258 0 0 178 25 0 72 0 131 0 0 0 25
406 8090 1681 1576 258 0 0 178 25 0 73 0 130 0 0 0 25
407 8079 1686 1581 259 0 0 179 24 0 74 0 129 0 0 0 25
408 8078 1686 1582 259 0 0 179 24 0 75 0 128 0 0 0 25
409 8064 1692 1588 261 0 0 179 24 0 75 0 128 0 0 0 25
410 8066 1690 1584 262 0 0 181 23 0 75 0 129 0 0 0 26
411 8058 1692 1585 267 0 0 182 22 0 75 0 129 0 0 0 26
412 8056 1690 1584 272 0 0 181 23 0 75 0 129 0 0 0 26
413 8064 1685 1581 272 0 0 180 24 0 76 0 128 0 0 0 26
414 8060 1687 1583 268 0 0 182 24 0 78 0 128 0 0 0 26
415 8067 1684 1581 266 0 0 182 24 0 79 0 127 0 0 0 26
416 8051 1692 1589 266 0 0 182 24 0 79 0 127 0 0 0 26
417 8045 1692 1590 270 0 0 182 24 0 80 0 126 0 0 0 27
418 8044 1690 1590 271 0 0 182 25 0 82 0 125 0 0 0 27
419 8058 1682 1583 272 0 0 182 25 0 83 0 124 0 0 0 27
420 8051 1683 1585 275 0 0 183 24 0 85 0 122 0 0 0 28
421 8057 1679 1582 276 0 0 183 24 0 86 0 121 0 0 0 28
422 8065 1675 1577 271 0 0 185 25 0 87 0 123 0 0 0 28
423 8069 1673 1575 269 0 0 185 26 0 87 0 124 0 0 0 28
424 8066 1676 1578 264 0 0 186 26 0 88 0 124 0 0 0 28
425 8066 1675 1577 266 0 0 186 26 0 88 0 124 0 0 0 28
426 8058 1678 1579 267 0 0 187 26 0 88 0 125 0 0 0 28
427 8055 1676 1579 272 0 0 185 28 0 88 0 125 0 0 0 28
428 8051 1676 1580 275 0 0 185 28 0 89 0 124 0 0 0 28
429 8044 1678 1582 278 0 0 185 28 0 89 0 124 0 0 0 28
430 8039 1678 1584 281 0 0 184 29 0 90 0 123 0 0 0 28
431 8033 1678 1585 284 0 0 185 29 0 92 0 122 0 0 0 28
432 8035 1678 1585 281 0 0 185 29 0 92 0 122 0 0 0 29
433 8033 1678 1583 281 0 0 187 29 0 92 0 124 0 0 0 29
434 8016 1687 1593 279 0 0 186 30 0 92 0 124 0 0 0 29
435 8015 1684 1589 283 0 0 187 31 0 92 0 126 0 0 0 29
436 8011 1686 1590 282 0 0 188 31 0 92 0 127 0 0 0 29
437 7996 1691 1596 286 0 0 187 32 0 92 0 127 0 0 0 29
438 8005 1685 1590 285 0 0 188 33 0 93 0 128 0 0 0 29
439 8007 1682 1585 289 0 0 189 33 0 92 0 130 0 0 0 29
440 8013 1680 1582 286 0 0 190 33 0 92 0 131 0 0 0 29
441 8003 1684 1585 281 0 0 191 36 0 92 0 135 0 0 0 29
442 8004 1682 1585 282 0 0 190 37 0 93 0 134 0 0 0 29
443 7999 1683 1586 281 0 0 191 38 0 94 0 135 0 0 0 29
444 7995 1684 1587 283 0 0 191 38 0 94 0 135 0 0 0 29
445 7994 1684 1587 280 0 0 192 39 0 95 0 136 0 0 0 29
446 7983 1688 1588 282 0 0 195 37 0 95 0 137 0 0 0 31
447 7965 1693 1592 283 0 0 198 37 0 97 0 138 0 0 0 33
448 7956 1697 1595 282 0 0 199 37 0 97 0 139 0 0 0 34
449 7942 1702 1597 282 0 0 202 37 0 97 0 142 0 0 0 35
450 7925 1708 1604 286 0 0 202 37 0 98 0 141 0 0 0 35
451 7919 1710 1605 282 0 0 205 37 0 100 0 142 0 0 0 36
452 7911 1713 1608 282 0 0 206 37 0 101 0 142 0 0 0 36
453 7915 1709 1603 285 0 0 207 37 0 101 0 143 0 0 0 36
454 7912 1709 1603 285 0 0 208 37 0 102 0 143 0 0 0 37
455 7908 1709 1603 286 0 0 209 37 0 103 0 143 0 0 0 38
456 7902 1709 1604 289 0 0 209 38 0 104 0 143 0 0 0 38
457 7891 1712 1607 288 0 0 212 38 0 107 0 143 0 0 0 38
458 7868 1721 1614 291 0 0 214 37 0 107 0 144 0 0 0 40
459 7850 1731 1621 288 0 0 215 38 0 105 0 148 0 0 0 40
460 7840 1733 1622 290 0 0 216 39 0 105 0 150 0 0 0 41
461 7842 1733 1620 286 0 0 217 40 0 104 0 153 0 0 0 41
462 7847 1731 1617 284 0 0 218 40 0 104 0 154 0 0 0 41
463 7849 1727 1615 288 0 0 218 40 0 106 0 152 0 0 0 41
464 7827 1735 1622 288 0 0 220 41 0 107 0 154 0 0 0 42
465 7810 1742 1625 289 0 0 224 40 0 107 0 157 0 0 0 42
466 7798 1747 1628 289 0 0 225 41 0 106 0 160 0 0 0 42
467 7781 1754 1633 289 0 0 227 41 0 106 0 162 0 0 0 43
468 7789 1749 1628 288 0 0 228 41 0 107 0 162 0 0 0 44
469 7778 1753 1630 288 0 0 230 41 0 107 0 164 0 0 0 45
470 7765 1757 1634 289 0 0 232 41 0 109 0 164 0 0 0 45
471 7760 1759 1636 288 0 0 232 41 0 109 0 164 0 0 0 47
472 7757 1759 1636 287 0 0 232 43 0 109 0 166 0 0 0 47
473 7743 1764 1641 291 0 0 231 44 0 108 0 167 0 0 0 47
474 7732 1767 1644 296 0 0 231 44 0 108 0 167 0 0 0 47
475 7730 1767 1645 293 0 0 232 45 0 110 0 167 0 0 0 47
476 7724 1770 1646 291 0 0 234 45 0 110 0 169 0 0 0 47
477 7720 1770 1644 293 0 0 235 46 0 109 0 172 0 0 0 47
478 7712 1774 1647 290 0 0 237 46 0 110 0 173 0 0 0 47
479 7710 1774 1644 289 0 0 240 46 0 110 0 176 0 0 0 47
480 7697 1780 1648 289 0 0 242 45 0 110 0 177 0 0 0 48
481 7692 1781 1647 288 0 0 245 45 0 111 0 179 0 0 0 48
482 7682 1785 1651 290 0 0 245 45 0 111 0 179 0 0 0 48
483 7672 1787 1654 291 0 0 247 45 0 114 0 178 0 0 0 48
484 7671 1786 1654 293 0 0 248 44 0 116 0 176 0 0 0 48
485 7663 1790 1658 286 0 0 248 47 0 116 0 179 0 0 0 49
486 7649 1797 1663 285 0 0 250 46 0 116 0 180 0 0 0 50
487 7645 1797 1659 284 0 0 255 45 0 117 0 183 0 0 0 51
488 7644 1799 1662 280 0 0 255 45 0 118 0 182 0 0 0 51
489 7635 1801 1665 278 0 0 257 46 0 121 0 182 0 0 0 51
490 7636 1798 1662 281 0 0 258 46 0 122 0 182 0 0 0 51
491 7630 1800 1663 282 0 0 259 46 0 122 0 183 0 0 0 51
492 7609 1807 1670 289 0 0 259 46 0 122 0 183 0 0 0 51
493 7596 1811 1675 291 0 0 259 47 0 123 0 183 0 0 0 51
494 7582 1817 1680 292 0 0 261 46 0 124 0 183 0 0 0 51
495 7574 1819 1681 295 0 0 262 46 0 124 0 184 0 0 0 51
496 7576 1818 1678 293 0 0 264 46 0 124 0 186 0 0 0 51
497 7570 1820 1679 294 0 0 265 46 0 124 0 187 0 0 0 51
498 7569 1818 1678 298 0 0 266 45 0 126 0 185 0 0 0 51
499 7565 1821 1678 295 0 0 268 45 0 125 0 188 0 0 0 51
500 7558 1822 1675 300 0 0 272 42 0 125 0 189 0 0 0 53
501 7546 1828 1680 301 0 0 274 40 0 126 0 188 0 0 0 53
502 7548 1826 1676 301 0 0 276 40 0 126 0 190 0 0 0 53
503 7542 1828 1678 301 0 0 276 41 0 126 0 191 0 0 0 53
504 7551 1823 1674 299 0 0 276 42 0 127 0 191 0 0 0 53
505 7558 1817 1669 297 0 0 278 43 0 130 0 191 0 0 0 53
506 7552 1819 1669 298 0 0 281 41 0 131 0 191 0 0 0 54
507 7555 1817 1667 297 0 0 282 40 0 132 0 190 0 0 0 56
508 7571 1810 1660 293 0 0 283 40 0 133 0 190 0 0 0 56
509 7576 1807 1658 291 0 0 284 40 0 135 0 189 0 0 0 56
510 7572 1808 1657 293 0 0 286 39 0 135 0 190 0 0 0 56
511 7567 1810 1656 291 0 0 289 39 0 135 0 193 0 0 0 56
512 7559 1812 1658 289 0 0 291 40 0 137 0 194 0 0 0 56
513 7561 1808 1654 295 0 0 291 40 0 137 0 194 0 0 0 56
514 7551 1811 1655 299 0 0 293 39 0 137 0 195 0 0 0 56
515 7555 1806 1653 302 0 0 293 39 0 140 0 192 0 0 0 56
516 7550 1806 1653 304 0 0 293 40 0 140 0 193 0 0 0 57
517 7563 1800 1647 303 0 0 293 40 0 140 0 193 0 0 0 57
518 7566 1799 1647 299 0 0 293 41 0 141 0 193 0 0 0 57
519 7562 1801 1650 298 0 0 293 41 0 142 0 192 0 0 0 57
520 7557 1800 1649 303 0 0 294 41 0 143 0 192 0 0 0 57
521 7570 1795 1642 300 0 0 295 41 0 142 0 194 0 0 0 57
522 7586 1787 1636 298 0 0 295 41 0 144 0 192 0 0 0 57
523 7578 1791 1637 294 0 0 299 40 0 145 0 194 0 0 0 58
524 7573 1793 1637 295 0 0 301 39 0 145 0 195 0 0 0 58
525 7564 1797 1641 292 0 0 301 41 0 145 0 197 0 0 0 58
526 7562 1799 1644 287 0 0 301 42 0 146 0 197 0 0 0 58
527 7571 1792 1636 291 0 0 302 42 0 146 0 198 0 0 0 58
528 7569 1791 1637 293 0 0 302 42 0 148 0 196 0 0 0 58
529 7567 1789 1634 296 0 0 304 42 0 149 0 197 0 0 0 58
530 7570 1789 1634 293 0 0 304 42 0 149 0 197 0 0 0 58
531 7562 1792 1638 294 0 0 304 42 0 150 0 196 0 0 0 58
532 7569 1784 1632 301 0 0 304 42 0 152 0 194 0 0 0 58
533 7569 1785 1632 298 0 0 305 42 0 152 0 195 0 0 0 58
534 7562 1786 1632 302 0 0 307 41 0 153 0 195 0 0 0 58
535 7563 1785 1630 300 0 0 309 41 0 154 0 196 0 0 0 58
536 7561 1782 1629 306 0 0 308 42 0 155 0 195 0 0 0 58
537 7585 1770 1619 304 0 0 307 43 0 156 0 194 0 0 0 58
538 7594 1766 1618 300 0 0 306 44 0 158 0 192 0 0 0 58
539 7597 1764 1619 298 0 0 306 44 0 161 0 189 0 0 0 58
540 7591 1766 1623 298 0 0 306 44 0 163 0 187 0 0 0 58
541 7594 1763 1621 300 0 0 306 44 0 164 0 186 0 0 0 58
542 7597 1761 1619 301 0 0 306 44 0 164 0 186 0 0 0 58
543 7599 1757 1615 302 0 0 308 44 0 166 0 186 0 0 0 59
544 7617 1744 1602 308 0 0 309 44 0 167 0 186 0 0 0 59
545 7610 1747 1605 307 0 0 310 44 0 168 0 186 0 0 0 59
546 7609 1747 1606 306 0 0 310 44 0 169 0 185 0 0 0 60
547 7609 1744 1604 310 0 0 310 44 0 170 0 184 0 0 0 61
548 7596 1749 1611 311 0 0 311 43 0 173 0 181 0 0 0 61
549 7595 1750 1612 308 0 0 311 44 0 173 0 182 0 0 0 61
550 7598 1746 1606 313 0 0 313 43 0 173 0 183 0 0 0 61
551 7595 1747 1609 311 0 0 314 42 0 176 0 180 0 0 0 62
552 7601 1742 1605 314 0 0 315 41 0 178 0 178 0 0 0 62
553 7595 1744 1608 315 0 0 315 41 0 179 0 177 0 0 0 62
554 7606 1739 1604 313 0 0 315 41 0 180 0 176 0 0 0 62
555 7605 1739 1602 314 0 0 317 40 0 180 0 177 0 0 0 62
556 7621 1730 1595 312 0 0 317 41 0 182 0 176 0 0 0 62
557 7629 1728 1593 308 0 0 317 41 0 182 0 176 0 0 0 62
558 7624 1727 1595 312 0 0 317 41 0 185 0 173 0 0 0 62
559 7636 1722 1591 307 0 0 317 42 0 186 0 173 0 0 0 62
560 7642 1720 1590 304 0 0 318 41 0 188 0 171 0 0 0 62
561 7648 1718 1590 295 0 0 319 42 0 191 0 170 0 0 0 63
562 7649 1715 1586 299 0 0 320 42 0 191 0 171 0 0 0 63
563 7654 1715 1585 295 0 0 321 41 0 191 0 171 0 0 0 63
564 7661 1710 1580 298 0 0 321 41 0 191 0 171 0 0 0 63
565 7664 1706 1576 301 0 0 322 41 0 192 0 171 0 0 0 63
566 7659 1707 1575 303 0 0 324 40 0 192 0 172 0 0 0 64
567 7675 1696 1568 302 0 0 325 40 0 197 0 168 0 0 0 65
568 7685 1690 1563 300 0 0 326 40 0 199 0 167 0 0 0 66
569 7686 1688 1560 302 0 0 327 40 0 199 0 168 0 0 0 66
570 7688 1688 1558 300 0 0 328 40 0 198 0 170 0 0 0 66
571 7690 1686 1557 301 0 0 328 40 0 199 0 169 0 0 0 66
572 7700 1683 1554 296 0 0 328 40 0 199 0 169 0 0 0 67
573 7713 1676 1545 295 0 0 330 40 0 199 0 171 0 0 0 67
574 7717 1673 1541 296 0 0 332 39 0 200 0 171 0 0 0 67
575 7706 1679 1547 294 0 0 333 38 0 201 0 170 0 0 0 68
576 7703 1682 1549 290 0 0 335 37 0 202 0 170 0 0 0 68
577 7707 1677 1546 294 0 0 334 38 0 203 0 169 0 0 0 68
578 7712 1674 1543 295 0 0 335 37 0 204 0 168 0 0 0 68
579 7720 1671 1539 292 0 0 336 37 0 204 0 169 0 0 0 68
580 7717 1669 1540 296 0 0 335 38 0 206 0 167 0 0 0 68
581 7716 1670 1540 294 0 0 336 38 0 206 0 168 0 0 0 68
582 7723 1665 1535 295 0 0 338 37 0 208 0 167 0 0 0 68
583 7725 1664 1533 292 0 0 339 38 0 208 0 169 0 0 0 68
584 7722 1662 1533 297 0 0 339 38 0 210 0 167 0 0 0 68
585 7719 1663 1537 293 0 0 338 40 0 212 0 166 0 0 0 68
586 7718 1664 1539 291 0 0 339 39 0 214 0 164 0 0 0 68
587 7718 1661 1538 295 0 0 338 40 0 215 0 163 0 0 0 68
588 7726 1660 1536 288 0 0 339 40 0 215 0 164 0 0 0 68
589 7732 1657 1533 286 0 0 339 41 0 215 0 165 0 0 0 68
590 7736 1654 1530 288 0 0 339 41 0 215 0 165 0 0 0 68
591 7754 1645 1521 286 0 0 340 41 0 216 0 165 0 0 0 68
592 7753 1644 1520 287 0 0 341 41 0 217 0 165 0 0 0 68
593 7753 1644 1522 285 0 0 340 42 0 218 0 164 0 0 0 68
594 7759 1643 1520 278 0 0 342 42 0 219 0 165 0 0 0 68
595 7757 1645 1522 276 0 0 342 42 0 219 0 165 0 0 0 68
596 7767 1640 1516 275 0 0 343 42 0 219 0 166 0 0 0 68
597 7778 1635 1511 274 0 0 343 42 0 219 0 166 0 0 0 68
598 7774 1638 1514 270 0 0 343 43 0 219 0 167 0 0 0 68
599 7774 1636 1515 269 0 0 342 44 0 221 0 165 0 0 0 70
600 7776 1634 1514 268 0 0 343 44 0 223 0 164 0 0 0 70
601 7782 1631 1511 264 0 0 344 45 0 224 0 165 0 0 0 70
602 7768 1638 1517 265 0 0 344 45 0 223 0 166 0 0 0 70
603 7773 1634 1514 267 0 0 344 45 0 224 0 165 0 0 0 70
604 7776 1634 1513 263 0 0 345 45 0 224 0 166 0 0 0 70
605 7786 1629 1507 262 0 0 346 45 0 224 0 167 0 0 0 70
606 7798 1624 1503 257 0 0 347 45 0 226 0 166 0 0 0 70
607 7790 1627 1507 254 0 0 349 45 0 229 0 165 0 0 0 70
608 7796 1624 1503 253 0 0 350 45 0 229 0 166 0 0 0 70
609 7809 1617 1497 253 0 0 350 45 0 230 0 165 0 0 0 70
610 7817 1614 1494 251 0 0 350 45 0 230 0 165 0 0 0 70
611 7819 1611 1492 254 0 0 351 44 0 232 0 163 0 0 0 70
612 7818 1613 1494 250 0 0 351 44 0 232 0 163 0 0 0 71
613 7820 1613 1496 246 0 0 350 45 0 233 0 162 0 0 0 71
614 7829 1608 1491 247 0 0 350 45 0 233 0 162 0 0 0 71
615 7844 1598 1480 251 0 0 351 45 0 233 0 163 0 0 0 71
616 7850 1593 1476 254 0 0 350 46 0 233 0 163 0 0 0 71
617 7860 1587 1471 255 0 0 349 47 0 233 0 163 0 0 0 71
618 7853 1588 1473 257 0 0 350 47 0 235 0 162 0 0 0 71
619 7872 1578 1464 254 0 0 350 48 0 236 0 162 0 0 0 72
620 7889 1567 1454 258 0 0 350 48 0 237 0 161 0 0 0 72
621 7888 1569 1457 254 0 0 349 49 0 237 0 161 0 0 0 72
622 7898 1565 1452 251 0 0 351 48 0 238 0 161 0 0 0 72
623 7900 1566 1454 246 0 0 351 48 0 239 0 160 0 0 0 72
624 7895 1567 1455 249 0 0 351 48 0 239 0 160 0 0 0 72
625 7898 1565 1453 249 0 0 352 47 0 240 0 159 0 0 0 73
626 7910 1560 1446 247 0 0 353 47 0 239 0 161 0 0 0 73
627 7907 1560 1448 248 0 0 353 47 0 241 0 159 0 0 0 73
628 7923 1550 1439 247 0 0 354 48 0 243 0 159 0 0 0 73
629 7924 1549 1440 246 0 0 354 48 0 245 0 157 0 0 0 73
630 7931 1544 1436 248 0 0 353 49 0 245 0 157 0 0 0 73
631 7925 1548 1440 246 0 0 353 49 0 245 0 157 0 0 0 73
632 7927 1546 1440 246 0 0 353 49 0 247 0 155 0 0 0 73
633 7920 1550 1445 240 0 0 353 51 0 248 0 156 0 0 0 73
634 7922 1548 1443 242 0 0 353 51 0 248 0 156 0 0 0 73
635 7929 1540 1439 247 0 0 352 52 0 251 0 153 0 0 0 73
636 7925 1542 1440 247 0 0 353 51 0 251 0 153 0 0 0 74
637 7929 1542 1442 241 0 0 353 51 0 253 0 151 0 0 0 74
638 7950 1531 1429 242 0 0 357 48 0 255 0 150 0 0 0 74
639 7964 1525 1424 239 0 0 357 48 0 256 0 149 0 0 0 74
640 7951 1533 1430 236 0 0 359 47 0 256 0 150 0 0 0 74
641 7967 1527 1423 231 0 0 360 47 0 256 0 151 0 0 0 74
642 7961 1527 1424 236 0 0 360 47 0 257 0 150 0 0 0 74
643 7978 1521 1418 231 0 0 360 47 0 257 0 150 0 0 0 74
644 7980 1518 1416 232 0 0 361 47 0 259 0 149 0 0 0 74
645 7985 1513 1412 234 0 0 361 48 0 260 0 149 0 0 0 74
646 7989 1509 1408 238 0 0 361 48 0 260 0 149 0 0 0 74
647 7989 1512 1410 233 0 0 362 47 0 260 0 149 0 0 0 74
648 8000 1504 1402 236 0 0 362 48 0 260 0 150 0 0 0 74
649 8007 1500 1398 237 0 0 362 48 0 260 0 150 0 0 0 74
650 8013 1496 1394 239 1 0 361 48 0 260 1 149 0 0 0 74
651 8027 1490 1389 234 1 0 362 48 0 262 1 148 0 0 0 74
652 8045 1481 1382 232 1 0 362 48 0 264 1 146 0 0 0 74
653 8048 1479 1380 233 1 0 363 47 0 265 1 145 0 0 0 74
654 8051 1478 1379 232 1 0 363 47 0 265 1 145 0 0 0 74
655 8046 1480 1381 232 1 0 363 47 0 265 1 145 0 0 0 75
656 8043 1481 1384 231 1 0 363 47 0 267 1 143 0 0 0 75
657 8048 1479 1381 231 1 0 363 47 0 266 1 144 0 0 0 75
658 8051 1473 1379 236 1 0 361 49 0 268 1 142 0 0 0 75
659 8058 1468 1377 234 1 0 360 51 0 270 1 141 0 0 0 75
660 8059 1467 1378 233 1 0 361 50 0 273 1 138 0 0 0 75
661 8066 1466 1377 226 1 0 361 51 0 273 1 139 0 0 0 75
662 8060 1468 1380 227 1 0 362 50 0 275 1 137 0 0 0 75
663 8065 1466 1378 226 1 0 362 50 0 275 1 137 0 0 0 75
664 8060 1467 1380 228 1 0 362 50 0 276 1 136 0 0 0 75
665 8060 1467 1379 229 1 0 363 49 0 276 1 136 0 0 0 75
666 8054 1470 1380 231 1 0 363 49 0 274 1 138 0 0 0 75
667 8052 1470 1378 234 1 0 364 48 0 273 1 139 0 0 0 76
668 8047 1472 1380 233 1 0 364 49 0 273 1 140 0 0 0 76
669 8063 1463 1374 232 1 0 364 49 0 276 1 137 0 0 0 76
670 8069 1461 1373 229 1 0 364 49 0 277 1 136 0 0 0 76
671 8078 1457 1368 227 1 0 365 49 0 277 1 137 0 0 0 76
672 8097 1446 1356 231 1 0 365 49 0 276 1 138 0 0 0 76
673 8107 1438 1352 233 1 0 364 50 0 279 1 135 0 0 0 76
674 8106 1440 1353 231 1 0 365 49 0 279 1 135 0 0 0 76
675 8108 1438 1351 233 1 0 365 49 0 279 1 135 0 0 0 76
676 8115 1434 1345 234 1 0 368 47 0 280 1 135 0 0 0 76
677 8119 1432 1343 232 1 0 369 47 0 281 1 135 0 0 0 76
678 8132 1424 1337 231 1 0 369 48 0 283 1 134 0 0 0 76
679 8138 1424 1337 225 1 0 369 48 0 283 1 134 0 0 0 76
680 8136 1424 1337 227 1 0 369 48 0 283 1 134 0 0 0 76
681 8149 1417 1332 226 1 0 369 48 0 285 1 132 0 0 0 76
682 8153 1416 1330 225 1 0 371 46 0 286 1 131 0 0 0 76
683 8149 1419 1333 220 1 0 372 46 0 287 1 131 0 0 0 77
684 8161 1415 1328 215 1 0 373 46 0 287 1 132 0 0 0 77
685 8164 1415 1328 212 1 0 373 46 0 287 1 132 0 0 0 77
686 8166 1415 1327 211 1 0 373 46 0 286 1 133 0 0 0 77
687 8165 1416 1327 209 1 0 373 47 0 285 1 135 0 0 0 77
688 8163 1415 1326 213 1 0 374 46 1 285 0 135 0 0 0 77
689 8159 1415 1327 215 1 0 375 45 1 287 0 133 0 0 0 78
690 8171 1409 1320 216 1 0 375 45 1 286 0 134 0 0 0 78
691 8176 1406 1318 216 1 0 374 46 1 286 0 134 0 0 0 78
692 8169 1409 1322 216 1 0 375 45 1 288 0 132 0 0 0 78
693 8176 1407 1318 211 1 0 377 45 1 288 0 134 0 0 0 78
694 8177 1406 1319 210 1 0 377 45 1 290 0 132 0 0 0 78
695 8187 1401 1315 209 1 0 377 45 1 291 0 131 0 0 0 78
696 8198 1397 1311 205 1 0 378 44 1 292 0 130 0 0 0 79
697 8201 1396 1309 205 1 0 378 44 1 291 0 131 0 0 0 79
698 8210 1392 1305 202 1 0 379 44 1 292 0 131 0 0 0 79
699 8217 1388 1303 201 1 0 379 44 1 294 0 129 0 0 0 79
700 8219 1387 1303 200 1 0 379 44 1 295 0 128 0 0 0 79
701 8222 1385 1303 199 1 0 378 45 1 296 0 127 0 0 0 79
702 8228 1382 1300 199 1 0 378 45 1 296 0 127 0 0 0 79
703 8234 1379 1300 196 1 0 377 46 1 298 0 125 0 0 0 79
704 8230 1380 1301 196 1 0 378 46 1 299 0 125 0 0 0 79
705 8233 1378 1299 197 1 0 378 46 1 299 0 125 0 0 0 79
706 8247 1373 1295 192 1 0 378 46 1 300 0 124 0 0 0 79
707 8256 1370 1290 190 1 0 379 45 1 299 0 125 0 0 0 80
708 8263 1365 1286 192 1 0 379 45 1 300 0 124 0 0 0 80
709 8265 1363 1283 195 1 0 379 45 1 299 0 125 0 0 0 80
710 8270 1361 1281 194 1 0 380 44 1 300 0 124 0 0 0 80
711 8284 1354 1274 193 1 0 382 42 1 302 0 122 0 0 0 81
712 8285 1353 1274 193 1 0 382 42 1 303 0 121 0 0 0 81
713 8283 1355 1274 192 1 0 384 40 1 303 0 121 0 0 0 82
714 8274 1359 1278 193 2 0 383 40 1 303 0 121 0 0 1 81
715 8271 1361 1278 194 2 0 384 39 1 302 0 122 0 0 1 81
716 8283 1355 1272 194 2 0 384 39 1 302 0 122 0 0 1 81
717 8279 1355 1273 195 2 0 385 39 1 304 0 121 0 0 1 81
718 8286 1351 1270 195 2 0 385 39 1 305 0 120 0 0 1 81
719 8296 1347 1266 191 2 0 386 39 1 306 0 120 0 0 1 81
720 8317 1337 1257 189 2 0 386 39 1 307 0 119 0 0 1 81
721 8320 1336 1258 186 2 0 386 39 1 309 0 117 0 0 1 81
722 8326 1334 1253 187 2 0 388 37 1 308 0 118 0 0 1 81
723 8326 1336 1254 184 2 0 389 36 1 308 0 118 0 0 1 81
724 8329 1336 1253 182 2 0 389 36 1 307 0 119 0 0 1 81
725 8321 1340 1257 182 2 0 389 36 1 307 0 119 0 0 1 81
726 8308 1347 1265 180 2 0 389 36 1 308 0 118 0 0 1 81
727 8316 1342 1260 180 2 0 389 37 1 308 0 119 0 0 1 81
728 8303 1348 1264 183 2 0 390 36 1 307 0 120 0 0 1 81
729 8309 1344 1262 183 2 0 389 37 1 308 0 119 0 0 1 81
730 8314 1344 1260 180 2 0 391 35 1 308 0 119 0 0 1 81
731 8314 1345 1260 177 2 0 391 36 1 307 0 121 0 0 1 81
732 8320 1342 1258 176 2 0 390 37 1 307 0 121 0 0 1 81
733 8321 1342 1258 175 2 0 391 36 1 308 0 120 0 0 1 81
734 8329 1336 1255 176 2 0 390 37 1 310 0 118 0 0 1 81
735 8329 1336 1255 175 2 0 390 37 1 310 0 118 0 0 1 82
736 8333 1334 1254 174 2 0 389 38 1 310 0 118 0 0 1 82
737 8339 1330 1250 176 2 0 389 38 1 310 0 118 0 0 1 82
738 8344 1329 1250 172 2 0 389 38 1 311 0 117 0 0 1 82
739 8353 1326 1247 169 2 0 390 37 1 312 0 116 0 0 1 82
740 8351 1325 1248 171 2 0 389 38 1 313 0 115 0 0 1 82
741 8367 1316 1240 172 2 0 389 38 1 314 0 114 0 0 1 82
742 8373 1313 1238 171 2 0 389 38 1 315 0 113 0 0 1 82
743 8380 1309 1236 170 2 0 389 38 1 317 0 111 0 0 1 82
744 8376 1309 1235 171 2 0 391 38 1 318 0 112 0 0 1 82
745 8382 1306 1233 170 2 0 391 38 1 319 0 111 0 0 1 82
746 8387 1303 1229 172 2 0 391 38 1 318 0 112 0 0 1 82
747 8393 1299 1225 174 2 0 391 38 1 318 0 112 0 0 1 82
748 8412 1290 1216 173 2 0 391 38 1 318 0 112 0 0 1 82
749 8418 1288 1215 170 2 0 391 38 1 319 0 111 0 0 1 82
750 8430 1283 1209 169 2 0 392 37 1 319 0 111 0 0 1 82
751 8430 1283 1209 169 2 0 392 37 1 319 0 111 0 0 1 82
752 8426 1287 1212 166 2 0 393 36 1 319 0 111 0 0 1 82
753 8417 1292 1217 165 2 0 392 37 1 318 0 112 0 0 1 82
754 8432 1284 1210 165 2 0 392 37 1 319 0 111 0 0 1 82
755 8444 1278 1206 163 2 0 392 37 1 321 0 109 0 0 1 82
756 8444 1279 1206 162 2 0 392 37 1 320 0 110 0 0 1 82
757 8440 1283 1210 158 2 0 392 37 1 320 0 110 0 0 1 82
758 8446 1281 1209 155 3 0 390 38 1 320 0 110 0 0 2 81
759 8454 1276 1205 156 3 0 389 39 1 320 0 110 0 0 2 81
760 8464 1272 1203 152 2 1 389 39 1 321 0 109 0 0 2 81
761 8458 1272 1206 155 2 1 386 42 1 321 0 109 0 0 2 81
762 8458 1271 1205 157 2 1 387 41 1 322 0 108 0 0 2 81
763 8458 1271 1205 157 2 1 387 41 1 322 0 108 0 0 2 81
764 8468 1266 1201 156 2 1 387 41 1 323 0 107 0 0 2 81
765 8473 1263 1198 157 2 1 386 42 1 322 0 108 0 0 2 81
766 8476 1261 1194 158 2 1 387 42 1 321 0 110 0 0 2 81
767 8481 1259 1193 156 2 1 388 41 1 323 0 108 0 0 2 81
768 8483 1259 1192 155 2 1 388 41 1 322 0 109 0 0 2 81
769 8482 1258 1192 157 2 1 389 40 1 324 0 107 0 0 2 81
770 8488 1256 1189 156 2 1 390 39 1 324 0 107 0 0 2 81
771 8496 1252 1186 155 2 1 390 39 1 325 0 106 0 0 2 81
772 8519 1242 1175 153 2 1 390 39 1 324 0 107 0 0 2 81
773 8513 1245 1179 152 2 1 389 40 1 324 0 107 0 0 2 81
774 8507 1248 1182 152 2 1 389 40 1 324 0 107 0 0 2 81
775 8514 1244 1176 153 2 1 391 39 1 324 0 108 0 0 2 81
776 8519 1242 1171 153 2 1 394 36 1 324 0 108 0 0 2 83
777 8540 1232 1162 151 2 1 393 37 1 324 0 108 0 0 2 83
778 8540 1232 1164 149 2 1 393 37 1 326 0 106 0 0 2 83
779 8540 1230 1162 151 2 1 394 37 1 327 0 106 0 0 2 83
780 8544 1229 1162 148 2 1 394 37 1 328 0 105 0 0 2 83
781 8565 1219 1153 145 2 1 395 36 1 330 0 103 0 0 2 84
782 8566 1221 1154 141 2 1 395 36 1 329 0 104 0 0 2 84
783 8572 1220 1155 135 2 1 395 36 1 331 0 102 0 0 2 84
784 8574 1218 1154 136 2 1 394 37 1 331 0 102 0 0 2 84
785 8582 1213 1151 136 2 1 394 37 1 333 0 100 0 0 2 84
786 8576 1215 1154 137 2 1 393 38 1 333 0 100 0 0 2 84
787 8596 1206 1145 135 2 1 393 38 1 333 0 100 0 0 2 84
788 8615 1197 1135 133 2 1 394 38 1 333 0 101 0 0 2 84
789 8611 1199 1138 132 2 1 394 38 1 334 0 100 0 0 2 84
790 8620 1195 1133 132 2 1 395 37 1 334 0 100 0 0 2 84
791 8638 1186 1126 130 2 1 395 37 1 336 0 98 0 0 2 84
792 8651 1178 1120 131 2 1 395 37 1 338 0 96 0 0 2 84
793 8658 1173 1115 132 2 1 396 37 1 339 0 96 0 0 2 84
794 8661 1170 1112 134 2 1 397 36 1 340 0 95 0 0 2 85
795 8665 1168 1110 134 2 1 397 36 1 340 0 95 0 0 2 85
796 8659 1170 1112 136 2 1 397 36 1 340 0 95 0 0 2 85
797 8663 1168 1110 136 2 1 397 36 1 340 0 95 0 0 2 85
798 8681 1161 1101 134 3 0 397 36 1 339 0 96 0 0 2 85
799 8686 1159 1099 133 3 0 397 36 1 339 0 96 0 0 2 85
800 8693 1157 1095 130 3 0 399 35 1 339 0 97 0 0 2 85
801 8702 1152 1090 131 3 0 399 35 1 339 0 97 0 0 2 85
802 8704 1153 1089 128 3 0 401 33 1 339 0 97 0 0 2 86
803 8706 1152 1088 128 3 0 401 33 1 339 0 97 0 0 2 86
804 8717 1146 1082 129 3 0 401 33 1 339 0 97 0 0 2 86
805 8721 1144 1081 128 3 0 401 33 1 340 0 96 0 0 2 86
806 8734 1139 1077 124 3 0 401 33 1 341 0 95 0 0 2 86
807 8730 1142 1080 122 3 0 401 33 1 341 0 95 0 0 2 86
808 8741 1137 1075 121 3 0 402 32 1 342 0 94 0 0 2 86
809 8743 1136 1075 120 3 0 402 32 1 343 0 93 0 0 2 86
810 8734 1140 1081 119 3 0 400 34 1 343 0 93 0 0 2 86
811 8733 1142 1081 118 4 0 400 33 1 342 0 94 0 0 3 85
812 8735 1142 1081 116 4 0 400 33 1 342 0 94 0 0 3 85
813 8734 1143 1082 115 4 0 400 33 1 342 0 94 0 0 3 85
814 8736 1142 1082 114 4 0 400 33 1 343 0 93 0 0 3 85
815 8736 1140 1080 118 4 0 400 33 1 343 0 93 0 0 3 85
816 8741 1137 1076 120 4 0 400 33 1 342 0 94 0 0 3 85
817 8749 1134 1072 117 4 0 401 33 1 342 0 95 0 0 3 85
818 8770 1123 1063 116 4 0 401 33 1 344 0 93 0 0 3 85
819 8779 1119 1059 115 4 0 401 33 1 344 0 93 0 0 3 85
820 8789 1112 1053 116 4 0 401 34 1 345 0 93 0 0 3 85
821 8804 1104 1047 115 4 0 401 34 1 347 0 91 0 0 3 85
822 8814 1099 1042 115 4 0 401 34 1 347 0 91 0 0 3 85
823 8821 1094 1039 116 4 0 401 34 1 349 0 89 0 0 3 85
824 8823 1093 1039 115 4 0 401 34 1 350 0 88 0 0 3 85
825 8824 1092 1037 115 4 0 402 34 1 350 0 89 0 0 3 85
826 8826 1089 1036 117 4 0 402 34 1 352 0 87 0 0 3 85
827 8825 1091 1035 115 4 0 405 32 1 352 0 88 0 0 3 85
828 8822 1092 1036 116 4 0 405 32 1 352 0 88 0 0 3 85
829 8818 1093 1039 116 4 0 404 33 1 353 0 87 0 0 3 85
830 8821 1090 1037 118 4 0 404 33 1 354 0 86 0 0 3 85
831 8815 1094 1042 115 4 0 403 34 1 354 0 86 0 0 3 85
832 8827 1089 1036 114 4 0 403 34 1 353 0 87 0 0 3 85
833 8832 1088 1035 111 4 0 403 34 1 353 0 87 0 0 3 85
834 8832 1087 1035 112 4 0 402 35 1 353 0 87 0 0 3 85
835 8836 1085 1033 112 4 0 402 35 1 353 0 87 0 0 3 85
836 8843 1082 1030 111 4 0 402 35 1 353 0 87 0 0 3 85
837 8851 1078 1026 109 4 0 402 36 1 353 0 88 0 0 3 85
838 8856 1076 1024 106 4 0 402 37 1 353 0 89 0 0 3 85
839 8854 1079 1026 103 4 0 402 37 1 352 0 90 0 0 3 85
840 8857 1077 1024 104 4 0 402 37 1 352 0 90 0 0 3 85
841 8863 1072 1021 106 4 0 402 37 1 354 0 88 0 0 3 85
842 8868 1069 1018 107 4 0 402 37 1 354 0 88 0 0 3 85
843 8877 1067 1015 103 4 0 403 36 1 354 0 88 0 0 3 85
844 8874 1067 1018 103 4 0 403 36 1 357 0 85 0 0 3 85
845 8870 1069 1020 103 4 0 403 36 1 357 0 85 0 0 3 85
846 8869 1069 1021 103 3 0 404 36 1 358 0 84 0 0 2 86
847 8876 1066 1017 102 3 0 405 35 1 358 0 84 0 0 2 87
848 8878 1064 1016 103 3 0 405 35 1 359 0 83 0 0 2 87
849 8871 1068 1020 102 3 0 405 35 1 359 0 83 0 0 2 87
850 8876 1065 1018 102 3 0 405 35 1 360 0 82 0 0 2 87
851 8883 1060 1013 105 3 0 405 35 1 360 0 82 0 0 2 87
852 8893 1055 1008 105 3 0 405 35 1 360 0 82 0 0 2 87
853 8890 1056 1010 105 3 0 404 36 1 360 0 82 0 0 2 87
854 8900 1050 1005 106 3 0 403 37 1 360 0 82 0 0 2 87
855 8905 1047 1003 106 3 0 403 37 1 361 0 81 0 0 2 87
856 8914 1042 999 106 3 0 403 37 1 362 0 80 0 0 2 87
857 8930 1033 990 108 3 0 403 37 1 362 0 80 0 0 2 87
858 8939 1029 985 108 3 0 404 36 1 362 0 80 0 0 2 87
859 8946 1026 981 108 3 0 404 36 1 361 0 81 0 0 2 87
860 8949 1021 979 112 3 0 402 38 1 362 0 80 0 0 2 87
861 8946 1022 981 112 3 0 402 38 1 363 0 79 0 0 2 87
862 8962 1013 973 113 3 0 402 38 1 364 0 78 0 0 2 87
863 8971 1008 968 114 3 0 402 38 1 364 0 78 0 0 2 87
864 8973 1006 967 115 3 0 401 39 1 364 0 78 0 0 2 87
865 8970 1008 970 113 3 0 401 39 1 365 0 77 0 0 2 87
866 8981 1005 965 110 3 0 402 38 1 364 0 78 0 0 2 87
867 8988 1001 961 111 3 0 402 38 1 364 0 78 0 0 2 87
868 8991 1000 961 109 3 0 402 38 1 365 0 77 0 0 2 87
869 8991 1000 962 108 3 0 402 38 1 366 0 76 0 0 2 87
870 9002 995 957 107 3 0 402 38 1 366 0 76 0 0 2 87
871 9007 994 956 104 3 0 402 38 1 366 0 76 0 0 2 87
872 9011 992 954 104 3 0 402 38 1 366 0 76 0 0 2 87
873 9023 986 950 102 4 0 401 38 2 367 0 74 0 0 2 87
874 9025 984 948 102 4 0 402 38 2 368 0 74 0 0 2 87
875 9028 985 949 97 4 0 402 38 2 368 0 74 0 0 2 87
876 9040 978 942 99 4 0 403 37 2 369 0 73 0 0 2 87
877 9042 977 941 99 4 0 404 36 2 370 0 72 0 0 2 87
878 9052 973 937 97 4 0 404 36 2 370 0 72 0 0 2 87
879 9056 971 934 96 4 0 405 36 2 370 0 73 0 0 2 87
880 9066 967 930 94 4 0 405 36 2 370 0 73 0 0 2 87
881 9072 964 927 94 4 0 405 36 2 370 0 73 0 0 2 87
882 9086 957 920 94 4 0 405 36 2 370 0 73 0 0 2 87
883 9099 952 915 91 4 0 405 36 2 370 0 73 0 0 2 87
884 9104 950 913 90 4 0 406 35 2 371 0 72 0 0 2 87
885 9108 949 911 89 4 0 408 33 2 372 0 71 0 0 2 87
886 9108 949 911 89 4 0 409 32 2 373 0 70 0 0 2 87
887 9103 951 912 91 4 0 409 32 2 372 0 71 0 0 2 87
888 9106 950 911 90 4 0 409 32 2 372 0 71 0 0 2 87
889 9109 949 908 91 4 0 410 31 2 371 0 72 0 0 2 87
890 9116 945 905 91 4 0 410 31 2 372 0 71 0 0 2 87
891 9115 944 905 93 4 0 410 31 2 373 0 70 0 0 2 87
892 9117 942 904 94 4 0 410 31 2 374 0 69 0 0 2 87
893 9124 938 900 95 4 0 410 31 2 374 0 69 0 0 2 87
894 9133 934 896 94 4 0 410 31 2 374 0 69 0 0 2 87
895 9137 931 893 96 4 0 410 31 2 374 0 69 0 0 2 87
896 9145 927 889 95 4 0 411 30 2 375 0 68 0 0 2 88
897 9144 928 889 95 4 0 412 29 2 375 0 68 0 0 2 88
898 9141 930 891 94 4 0 412 29 2 375 0 68 0 0 2 88
899 9148 927 888 93 4 0 412 29 2 375 0 68 0 0 2 88
900 9149 928 888 91 4 0 413 28 2 375 0 68 0 0 2 88
901 9151 927 887 89 4 0 414 28 2 376 0 68 0 0 2 88
902 9152 926 886 90 4 0 414 28 2 376 0 68 0 0 2 88
903 9156 925 885 88 4 0 414 28 2 376 0 68 0 0 2 88
904 9165 921 882 86 4 0 414 28 2 377 0 67 0 0 2 88
905 9172 919 880 83 4 0 414 28 2 377 0 67 0 0 2 88
906 9188 910 872 84 4 0 413 29 2 377 0 67 0 0 2 88
907 9184 912 874 84 4 0 413 29 2 377 0 67 0 0 2 88
908 9189 909 872 84 4 0 413 29 2 378 0 66 0 0 2 88
909 9189 909 872 84 4 0 413 29 2 378 0 66 0 0 2 88
910 9197 906 868 83 4 0 413 29 2 377 0 67 0 0 2 88
911 9206 902 863 83 4 0 413 29 2 376 0 68 0 0 2 88
912 9207 902 862 83 4 0 414 28 2 376 0 68 0 0 2 88
913 9210 900 861 81 4 0 414 29 2 377 0 68 0 0 2 88
914 9218 894 856 84 4 0 414 29 2 378 0 67 0 0 2 88
915 9213 897 860 82 4 0 413 30 2 378 0 67 0 0 2 88
916 9211 898 862 81 4 0 412 31 2 378 0 67 0 0 2 88
917 9217 895 859 81 4 0 412 31 2 378 0 67 0 0 2 88
918 9216 896 859 81 4 0 413 30 2 378 0 67 0 0 2 88
919 9218 895 858 81 4 0 414 29 2 379 0 66 0 0 2 88
920 9222 894 856 80 4 0 414 29 2 378 0 67 0 0 2 88
921 9218 896 857 81 4 0 415 28 2 378 0 67 0 0 2 88
922 9217 896 857 82 4 0 416 27 2 379 0 66 0 0 2 88
923 9218 897 857 78 4 0 417 27 2 379 0 67 0 0 2 88
924 9215 900 859 76 4 0 417 27 2 378 0 68 0 0 2 88
925 9220 896 856 76 4 0 417 28 2 379 0 68 0 0 2 88
926 9226 892 853 77 4 0 418 27 2 381 0 66 0 0 2 88
927 9216 896 857 79 4 0 418 27 2 381 0 66 0 0 2 88
928 9215 897 859 77 4 0 418 27 2 382 0 65 0 0 2 88
929 9212 898 860 78 4 0 418 27 2 382 0 65 0 0 2 88
930 9209 900 861 77 4 0 419 26 2 382 0 65 0 0 2 89
931 9219 895 858 75 4 0 419 26 2 384 0 63 0 0 2 89
932 9220 895 858 74 4 0 419 26 2 384 0 63 0 0 2 89
933 9234 889 852 72 4 0 419 26 2 384 0 63 0 0 2 89
934 9244 884 847 72 4 0 419 26 2 384 0 63 0 0 2 89
935 9253 880 843 71 4 0 419 26 2 384 0 63 0 0 2 89
936 9261 878 839 69 4 0 419 26 2 382 0 65 0 0 2 89
937 9259 879 840 69 4 0 419 26 2 382 0 65 0 0 2 89
938 9258 878 840 71 4 0 419 26 2 383 0 64 0 0 2 89
939 9254 879 841 73 4 0 419 26 2 383 0 64 0 0 2 89
940 9255 879 841 72 4 0 419 26 2 383 0 64 0 0 2 89
941 9258 878 840 71 4 0 419 26 2 383 0 64 0 0 2 89
942 9267 874 835 69 4 0 420 26 2 383 0 65 0 0 2 89
943 9268 873 835 69 4 0 420 26 2 384 0 64 0 0 2 89
944 9269 872 834 69 4 0 421 25 2 385 0 63 0 0 2 90
945 9265 874 838 67 4 0 420 26 2 386 0 62 0 0 2 90
946 9264 874 838 68 4 0 420 26 2 386 0 62 0 0 2 90
947 9252 879 843 70 4 0 420 26 2 386 0 62 0 0 2 90
948 9253 880 842 69 4 0 423 23 2 387 0 61 0 0 2 90
949 9256 879 842 67 4 0 423 23 2 388 0 60 0 0 2 90
950 9262 876 839 67 4 0 423 23 2 388 0 60 0 0 2 90
951 9265 874 837 68 4 0 423 23 2 388 0 60 0 0 2 90
952 9265 873 836 70 4 0 423 23 2 388 0 60 0 0 2 90
953 9265 872 835 72 4 0 423 23 2 388 0 60 0 0 2 90
954 9265 872 837 70 4 0 422 24 2 389 0 59 0 0 2 90
955 9272 868 834 70 4 0 422 24 2 390 0 58 0 0 2 90
956 9280 864 831 69 4 0 422 24 2 391 0 57 0 0 2 90
957 9285 861 829 69 4 0 422 24 2 392 0 56 0 0 2 90
958 9295 856 824 69 4 0 423 23 2 393 0 55 0 0 2 90
959 9303 852 820 69 4 0 425 21 2 395 0 53 0 0 2 90
960 9312 848 816 68 4 0 425 21 2 395 0 53 0 0 2 90
961 9306 851 818 69 4 0 425 21 2 394 0 54 0 0 2 90
962 9304 852 819 69 4 0 425 21 2 394 0 54 0 0 2 90
963 9296 857 824 67 4 0 425 21 2 394 0 54 0 0 2 90
964 9299 854 822 69 4 0 425 21 2 395 0 53 0 0 2 90
965 9307 850 819 68 4 0 425 21 2 396 0 52 0 0 2 90
966 9314 847 817 66 4 0 424 22 2 396 0 52 0 0 2 90
967 9321 843 814 66 4 0 424 22 2 397 0 51 0 0 2 90
968 9324 841 813 66 4 0 424 22 2 398 0 50 0 0 2 90
969 9334 834 806 70 4 0 424 22 2 398 0 50 0 0 2 90
970 9330 835 806 73 5 0 423 22 2 397 1 50 0 0 2 90
971 9333 834 805 72 5 0 423 22 2 397 1 50 0 0 2 90
972 9337 832 804 71 5 0 423 22 2 398 1 49 0 0 2 90
973 9352 826 797 69 5 0 424 21 2 398 1 49 0 0 2 90
974 9357 823 796 68 5 0 424 21 2 400 1 47 0 0 2 90
975 9361 821 794 68 5 0 424 21 2 400 1 47 0 0 2 90
976 9364 819 793 68 5 0 424 21 2 401 1 46 0 0 2 90
977 9372 815 789 68 5 0 424 21 2 401 1 46 0 0 2 90
978 9384 809 783 68 5 0 425 20 2 402 1 45 0 0 2 90
979 9385 809 783 67 5 0 425 20 2 402 1 45 0 0 2 90
980 9392 805 779 68 5 0 425 20 2 402 1 45 0 0 2 90
981 9394 804 778 68 5 0 425 20 2 402 1 45 0 0 2 90
982 9401 800 775 68 6 0 424 20 3 402 1 44 0 0 2 90
983 9409 797 772 66 7 0 423 20 4 401 1 44 0 0 2 90
984 9419 792 767 66 7 0 423 20 4 401 1 44 0 0 2 90
985 9424 791 765 64 7 0 423 20 4 400 1 45 0 0 2 90
986 9430 789 762 63 7 0 423 20 4 399 1 46 0 0 2 90
987 9426 790 764 64 7 0 422 21 4 399 1 46 0 0 2 90
988 9425 791 765 63 7 0 422 21 4 399 1 46 0 0 2 90
989 9434 788 762 60 7 0 422 21 4 399 1 46 0 0 2 90
990 9438 786 760 60 7 0 422 21 4 399 1 46 0 0 2 90
991 9442 784 758 60 7 0 422 21 4 399 1 46 0 0 2 90
992 9453 779 753 59 7 0 422 21 4 399 1 46 0 0 2 90
993 9455 778 753 58 7 0 421 22 4 399 1 46 0 0 2 90
994 9464 773 748 59 7 0 421 22 4 399 1 46 0 0 2 90
995 9462 774 749 59 7 0 421 22 4 399 1 46 0 0 2 90
996 9466 772 746 60 7 0 421 22 4 398 1 47 0 0 2 90
997 9469 770 746 59 7 0 419 24 4 398 1 47 0 0 2 90
998 9464 772 748 60 7 0 419 24 4 398 1 47 0 0 2 90
999 9463 773 749 59 7 0 418 25 4 397 1 48 0 0 2 90
1000 9466 772 747 59 7 0 418 25 4 396 1 49 0 0 2 90
1001 9467 773 747 57 7 0 419 24 4 396 1 49 0 0 2 90
1002 9467 773 747 57 7 0 419 24 4 396 1 49 0 0 2 90
1003 9470 772 746 56 7 0 419 24 4 396 1 49 0 0 2 90
1004 9477 768 742 57 7 0 419 24 4 396 1 49 0 0 2 90
1005 9487 764 738 55 7 0 419 24 4 396 1 49 0 0 2 90
1006 9495 760 734 55 7 0 419 24 4 396 1 49 0 0 2 90
1007 9487 763 738 56 7 0 419 24 4 397 1 48 0 0 2 90
1008 9490 761 737 56 7 0 419 24 4 398 1 47 0 0 2 90
1009 9499 756 732 57 7 0 419 24 4 398 1 47 0 0 2 90
1010 9502 754 731 57 7 0 418 25 4 398 1 47 0 0 2 90
1011 9509 751 729 55 7 0 417 26 4 398 1 47 0 0 2 90
1012 9507 752 730 55 7 0 417 26 4 398 1 47 0 0 2 90
1013 9506 753 730 54 7 0 418 25 4 398 1 47 0 0 2 91
1014 9516 747 726 54 7 0 417 26 4 399 1 46 0 0 2 91
1015 9514 748 727 54 7 0 417 26 4 399 1 46 0 0 2 91
1016 9512 748 728 55 7 0 416 27 4 399 1 46 0 0 2 91
1017 9518 744 725 56 7 0 416 27 4 400 1 45 0 0 2 91
1018 9519 743 724 57 7 0 417 26 4 401 1 44 0 0 2 91
1019 9520 743 724 56 7 0 418 25 4 402 1 43 0 0 2 91
1020 9532 737 718 56 7 0 418 25 4 402 1 43 0 0 2 91
1021 9537 735 715 56 7 0 418 25 4 401 1 44 0 0 2 91
1022 9542 733 713 55 7 0 418 25 4 401 1 44 0 0 2 91
1023 9549 729 710 55 7 0 417 26 4 401 1 44 0 0 2 91
1024 9542 732 714 55 7 0 416 27 4 401 1 44 0 0 2 91
1025 9542 731 712 58 7 0 417 26 4 401 1 44 0 0 2 91
1026 9544 729 713 57 7 0 415 28 4 402 1 43 0 0 2 91
1027 9540 731 715 57 7 0 415 28 4 402 1 43 0 0 2 91
1028 9539 731 716 57 7 0 415 28 4 403 1 42 0 0 2 91
1029 9539 732 717 55 7 0 416 27 4 404 1 41 0 0 2 91
1030 9554 725 709 55 7 0 417 26 4 404 1 41 0 0 2 91
1031 9563 721 705 54 7 0 417 26 4 404 1 41 0 0 2 91
1032 9564 720 704 55 7 0 417 26 4 404 1 41 0 0 2 91
1033 9575 714 699 55 7 0 417 26 4 405 1 40 0 0 2 91
1034 9580 711 697 55 7 0 417 26 4 406 1 39 0 0 2 91
1035 9585 708 695 55 7 0 417 26 4 407 1 38 0 0 2 91
1036 9596 704 690 53 7 0 417 26 4 406 1 39 0 0 2 91
1037 9600 702 688 53 7 0 417 26 4 406 1 39 0 0 2 91
1038 9600 702 688 53 7 0 417 26 4 406 1 39 0 0 2 91
1039 9597 704 690 52 7 0 417 26 4 406 1 39 0 0 2 91
1040 9596 703 689 55 7 0 417 26 4 406 1 39 0 0 2 91
1041 9590 706 691 56 7 0 417 26 4 405 1 40 0 0 2 91
1042 9594 704 689 56 7 0 417 26 4 405 1 40 0 0 2 91
1043 9601 701 687 54 7 0 417 26 4 406 1 39 0 0 2 91
1044 9603 700 686 54 7 0 417 26 4 406 1 39 0 0 2 91
1045 9606 698 685 54 7 0 417 26 4 407 1 38 0 0 2 91
1046 9616 693 680 54 7 0 417 26 4 407 1 38 0 0 2 91
1047 9614 694 681 54 7 0 417 26 4 407 1 38 0 0 2 91
1048 9615 693 680 55 7 0 417 26 4 407 1 38 0 0 2 91
1049 9622 690 677 54 7 0 417 26 4 407 1 38 0 0 2 91
1050 9623 690 677 53 7 0 417 26 4 407 1 38 0 0 2 91
1051 9626 688 675 54 7 0 417 26 4 407 1 38 0 0 2 91
1052 9635 684 670 54 7 0 417 26 4 406 1 39 0 0 2 91
1053 9636 684 669 54 7 0 418 25 4 406 1 39 0 0 2 91
1054 9636 684 670 53 7 0 417 26 4 406 1 39 0 0 2 91
1055 9650 679 664 50 7 0 418 25 4 406 1 39 0 0 2 91
1056 9656 676 662 49 7 0 417 26 4 406 1 39 0 0 2 91
1057 9655 676 663 49 7 0 416 27 4 406 1 39 0 0 2 91
1058 9661 673 661 48 7 0 416 27 4 407 1 38 0 0 2 91
1059 9660 674 661 48 7 0 416 27 4 406 1 39 0 0 2 91
1060 9660 675 662 46 7 0 416 27 4 406 1 39 0 0 2 91
1061 9659 676 663 45 7 0 416 27 4 406 1 39 0 0 2 91
1062 9667 672 659 45 7 0 416 27 4 406 1 39 0 0 2 91
1063 9666 673 659 45 7 0 417 26 4 406 1 39 0 0 2 91
1064 9670 671 657 45 7 0 417 26 4 406 1 39 0 0 2 91
1065 9678 667 653 45 7 0 417 26 4 406 1 39 0 0 2 91
1066 9689 661 647 46 7 0 417 26 4 406 1 39 0 0 2 91
1067 9686 662 648 47 7 0 417 26 4 406 1 39 0 0 2 91
1068 9691 660 646 46 7 0 417 26 4 406 1 39 0 0 2 91
1069 9701 655 641 46 7 0 417 26 4 406 1 39 0 0 2 91
1070 9708 652 639 42 7 0 418 26 5 407 0 39 0 0 2 91
1071 9708 652 639 42 7 0 418 26 5 407 0 39 0 0 2 91
1072 9705 654 640 42 7 0 418 26 5 406 0 40 0 0 2 91
1073 9715 649 635 42 7 0 418 26 5 406 0 40 0 0 2 91
1074 9714 648 635 44 7 0 418 26 5 407 0 39 0 0 2 91
1075 9712 649 636 44 7 0 418 26 5 407 0 39 0 0 2 91
1076 9710 650 637 44 7 0 418 26 5 407 0 39 0 0 2 91
1077 9719 646 633 43 7 0 418 26 5 407 0 39 0 0 2 91
1078 9715 647 636 43 7 0 416 28 5 407 0 39 0 0 2 91
1079 9716 647 637 41 7 0 415 29 5 407 0 39 0 0 2 91
1080 9721 644 634 42 7 0 415 29 5 407 0 39 0 0 2 91
1081 9725 642 632 42 7 0 415 29 5 407 0 39 0 0 2 91
1082 9731 639 630 41 7 0 414 30 5 407 0 39 0 0 2 91
1083 9737 637 628 39 7 0 414 30 5 407 0 39 0 0 2 91
1084 9731 641 631 38 7 0 415 29 5 407 0 39 0 0 2 91
1085 9732 640 630 39 7 0 415 29 5 407 0 39 0 0 2 91
1086 9734 639 629 39 7 0 415 29 5 407 0 39 0 0 2 91
1087 9743 635 626 37 7 0 415 29 5 408 0 38 0 0 2 91
1088 9746 634 625 36 7 0 415 29 5 408 0 38 0 0 2 91
1089 9766 624 615 36 8 0 414 29 6 407 0 38 0 0 2 91
1090 9779 618 608 36 8 0 415 28 6 407 0 38 0 0 2 91
1091 9777 620 608 36 8 0 415 28 6 405 0 40 0 0 2 91
1092 9783 617 605 36 8 0 415 28 6 405 0 40 0 0 2 91
1093 9793 612 601 35 8 0 415 28 6 406 0 39 0 0 2 91
1094 9799 610 599 33 8 0 415 28 6 406 0 39 0 0 2 91
1095 9802 608 598 33 8 0 415 28 6 407 0 38 0 0 2 91
1096 9802 609 599 31 8 0 415 28 6 407 0 38 0 0 2 91
1097 9800 610 601 30 9 0 414 28 7 407 0 37 0 0 2 91
1098 9798 611 602 30 9 0 414 28 7 407 0 37 0 0 2 91
1099 9799 610 602 30 9 0 414 28 7 408 0 36 0 0 2 91
1100 9801 609 601 30 9 0 414 28 7 408 0 36 0 0 2 91
1101 9798 611 602 30 9 0 414 28 7 407 0 37 0 0 2 91
1102 9806 607 598 30 9 0 414 28 7 407 0 37 0 0 2 91
1103 9807 607 597 30 9 0 415 27 7 407 0 37 0 0 2 91
1104 9812 604 595 30 9 0 414 28 7 407 0 37 0 0 2 91
1105 9820 598 592 31 9 0 411 31 7 407 0 37 0 0 2 91
1106 9823 596 590 32 9 0 411 31 7 407 0 37 0 0 2 91
1107 9829 593 587 32 9 0 411 31 7 407 0 37 0 0 2 91
1108 9835 589 583 34 9 0 411 31 7 407 0 37 0 0 2 91
1109 9837 588 583 33 9 0 411 31 7 408 0 36 0 0 2 91
1110 9836 589 584 32 9 0 411 31 7 408 0 36 0 0 2 91
1111 9842 587 580 32 9 0 412 30 7 407 0 37 0 0 2 91
1112 9846 587 579 29 9 0 412 30 7 406 0 38 0 0 2 91
1113 9848 586 578 29 9 0 412 30 7 406 0 38 0 0 2 91
1114 9847 586 579 28 9 0 413 29 7 408 0 36 0 0 2 92
1115 9854 583 576 27 9 0 414 28 7 409 0 35 0 0 2 92
1116 9854 583 576 27 9 0 414 28 7 409 0 35 0 0 2 92
1117 9848 586 579 27 9 0 415 27 7 410 0 34 0 0 2 92
1118 9852 584 577 27 9 0 415 27 7 410 0 34 0 0 2 92
1119 9852 584 577 27 9 0 415 27 7 410 0 34 0 0 2 92
1120 9849 585 579 27 9 0 415 27 7 411 0 33 0 0 2 92
1121 9855 582 576 27 9 0 415 27 7 411 0 33 0 0 2 92
1122 9862 579 573 26 9 0 415 27 7 411 0 33 0 0 2 92
1123 9864 577 572 27 9 0 415 27 7 412 0 32 0 0 2 92
1124 9872 573 568 27 9 0 416 26 7 413 0 31 0 0 2 92
1125 9877 571 565 27 9 0 417 25 7 413 0 31 0 0 2 92
1126 9881 569 563 27 9 0 417 25 7 413 0 31 0 0 2 92
1127 9887 566 561 26 9 0 417 25 7 414 0 30 0 0 2 92
1128 9893 563 559 25 9 0 416 26 7 414 0 30 0 0 2 92
1129 9901 560 555 24 9 0 417 25 7 414 0 30 0 0 2 92
1130 9900 560 555 25 9 0 417 25 7 414 0 30 0 0 2 92
1131 9894 562 557 27 9 0 417 25 7 414 0 30 0 0 2 92
1132 9894 562 557 27 9 0 417 25 7 414 0 30 0 0 2 92
1133 9891 564 559 26 9 0 417 25 7 414 0 30 0 0 2 92
1134 9900 559 555 26 9 0 417 25 7 415 0 29 0 0 2 92
1135 9904 557 554 25 9 0 417 25 7 416 0 28 0 0 2 92
1136 9910 553 551 26 9 0 416 26 7 416 0 28 0 0 2 92
1137 9912 552 550 26 9 0 416 26 7 416 0 28 0 0 2 92
1138 9920 548 546 26 9 0 416 26 7 416 0 28 0 0 2 92
1139 9920 548 546 26 9 0 416 26 7 416 0 28 0 0 2 92
1140 9918 549 547 26 9 0 416 26 7 416 0 28 0 0 2 92
1141 9918 549 547 26 9 0 416 26 7 416 0 28 0 0 2 92
1142 9925 545 543 27 9 0 416 26 7 416 0 28 0 0 2 92
1143 9929 543 541 27 9 0 416 26 7 416 0 28 0 0 2 92
1144 9935 540 538 27 9 0 416 26 7 416 0 28 0 0 2 92
1145 9945 535 533 27 10 0 415 26 8 415 0 28 0 0 2 92
1146 9947 534 533 26 10 0 414 27 8 415 0 28 0 0 2 92
1147 9947 534 533 26 10 0 415 26 8 416 0 27 0 0 2 92
1148 9951 532 531 26 10 0 415 26 8 416 0 27 0 0 2 92
1149 9952 531 531 26 10 0 414 27 8 416 0 27 0 0 2 92
1150 9951 532 531 26 10 0 414 27 8 415 0 28 0 0 2 92
1151 9955 530 529 26 10 0 414 27 8 415 0 28 0 0 2 92
1152 9962 528 525 25 10 0 416 25 8 415 0 28 0 0 2 92
1153 9964 526 525 25 10 0 415 26 8 416 0 27 0 0 2 92
1154 9966 525 524 25 10 0 415 26 8 416 0 27 0 0 2 92
1155 9975 520 518 26 11 0 415 25 9 415 0 27 0 0 2 93
1156 9980 517 514 28 11 0 416 24 9 415 0 27 0 0 2 93
1157 9973 521 518 27 11 0 416 24 9 415 0 27 0 0 2 93
1158 9978 518 516 27 11 0 416 24 9 416 0 26 0 0 2 93
1159 9976 519 517 27 11 0 416 24 9 416 0 26 0 0 2 93
1160 9977 518 517 27 11 0 416 24 9 417 0 25 0 0 2 93
1161 9982 516 514 27 11 0 417 23 9 417 0 25 0 0 2 93
1162 9981 516 515 27 11 0 417 23 9 418 0 24 0 0 2 93
1163 9980 518 515 26 11 0 419 21 9 418 0 24 0 0 2 93
1164 9990 513 510 26 11 0 419 21 9 418 0 24 0 0 2 93
1165 9992 512 509 26 11 0 419 21 9 418 0 24 0 0 2 93
1166 9992 512 509 26 11 0 419 21 9 418 0 24 0 0 2 93
1167 9997 510 506 26 11 0 420 20 9 418 0 24 0 0 2 93
1168 9998 509 506 26 11 0 419 21 9 418 0 24 0 0 2 93
1169 10005 505 503 26 11 0 419 21 9 419 0 23 0 0 2 93
1170 10011 503 501 24 11 0 419 21 9 419 0 23 0 0 2 93
1171 10009 504 503 23 11 0 418 22 9 419 0 23 0 0 2 93
1172 10006 506 504 23 11 0 419 21 9 419 0 23 0 0 2 93
1173 10010 503 502 24 11 0 419 21 9 420 0 22 0 0 2 93
1174 10014 501 500 24 11 0 419 21 9 420 0 22 0 0 2 93
1175 10018 499 498 24 11 0 419 21 9 420 0 22 0 0 2 93
1176 10022 497 496 24 11 0 419 21 9 420 0 22 0 0 2 93
1177 10020 498 497 24 11 0 419 21 9 420 0 22 0 0 2 93
1178 10023 496 496 24 11 0 419 21 9 421 0 21 0 0 2 93
1179 10031 492 492 24 11 0 419 21 9 421 0 21 0 0 2 93
1180 10030 493 493 23 11 0 420 20 9 422 0 20 0 0 2 93
1181 10031 493 493 22 11 0 420 20 9 422 0 20 0 0 2 93
1182 10032 493 492 22 11 0 420 20 9 421 0 21 0 0 2 93
1183 10028 495 494 22 11 0 420 20 9 421 0 21 0 0 2 93
1184 10030 494 493 22 11 0 420 20 9 421 0 21 0 0 2 93
1185 10029 495 493 22 11 0 420 20 9 420 0 22 0 0 2 93
1186 10028 496 494 21 11 0 420 20 9 420 0 22 0 0 2 93
1187 10029 495 493 22 11 0 420 20 9 420 0 22 0 0 2 93
1188 10034 493 491 21 11 0 420 20 9 420 0 22 0 0 2 93
1189 10033 493 491 22 11 0 420 20 9 420 0 22 0 0 2 93
1190 10035 492 490 22 11 0 420 20 9 420 0 22 0 0 2 93
1191 10039 490 488 22 11 0 420 20 9 420 0 22 0 0 2 93
1192 10039 490 488 22 11 0 420 20 9 420 0 22 0 0 2 93
1193 10043 488 486 22 11 0 420 20 9 420 0 22 0 0 2 93
1194 10047 487 483 22 11 0 421 19 9 419 0 23 0 0 2 93
1195 10043 489 485 22 11 0 421 19 9 419 0 23 0 0 2 93
1196 10047 487 484 21 11 0 420 20 9 419 0 23 0 0 2 93
1197 10049 486 483 21 11 0 420 20 9 419 0 23 0 0 2 93
1198 10048 487 483 21 11 0 421 19 9 419 0 23 0 0 2 93
1199 10050 486 482 21 11 0 421 19 9 419 0 23 0 0 2 93
1200 10050 486 482 21 11 0 421 19 9 419 0 23 0 0 2 93
1201 10052 485 481 21 11 0 421 19 9 419 0 23 0 0 2 93
1202 10057 483 478 21 11 0 422 18 9 419 0 23 0 0 2 93
1203 10070 476 472 21 11 0 422 18 9 420 0 22 0 0 2 93
1204 10072 475 471 21 11 0 422 18 9 420 0 22 0 0 2 93
1205 10072 475 471 21 11 0 422 18 9 420 0 22 0 0 2 93
1206 10076 473 469 21 11 0 422 18 9 420 0 22 0 0 2 93
1207 10080 471 467 21 11 0 422 18 9 420 0 22 0 0 2 93
1208 10082 470 466 21 11 0 422 18 9 420 0 22 0 0 2 93
1209 10082 470 466 21 11 0 422 18 9 420 0 22 0 0 2 93
1210 10086 467 463 23 12 0 421 18 9 420 0 22 0 0 3 92
1211 10089 465 461 24 12 0 421 18 9 420 0 22 0 0 3 92
1212 10090 465 461 23 12 0 421 18 9 420 0 22 0 0 3 92
1213 10090 466 462 21 12 0 421 18 9 420 0 22 0 0 3 92
1214 10094 464 460 21 12 0 421 18 9 420 0 22 0 0 3 92
1215 10098 462 458 21 12 0 421 18 9 420 0 22 0 0 3 92
1216 10108 457 453 21 12 0 421 18 9 420 0 22 0 0 3 92
1217 10111 455 452 21 12 0 421 18 9 421 0 21 0 0 3 92
1218 10110 455 452 22 12 0 421 18 9 421 0 21 0 0 3 92
1219 10118 451 448 22 12 0 421 18 9 421 0 21 0 0 3 92
1220 10118 451 448 22 12 0 421 18 9 421 0 21 0 0 3 92
1221 10113 454 451 21 12 0 421 18 9 421 0 21 0 0 3 92
1222 10120 450 448 21 12 0 421 18 9 422 0 20 0 0 3 92
1223 10126 447 446 20 12 0 421 18 9 423 0 19 0 0 3 92
1224 10130 445 444 20 12 0 421 18 9 423 0 19 0 0 3 92
1225 10131 444 444 20 12 0 421 18 9 424 0 18 0 0 3 92
1226 10129 445 445 20 12 0 421 18 9 424 0 18 0 0 3 92
1227 10135 442 442 20 12 0 421 18 9 424 0 18 0 0 3 92
1228 10137 441 441 20 12 0 421 18 9 424 0 18 0 0 3 92
1229 10142 439 439 19 12 0 421 18 9 424 0 18 0 0 3 92
1230 10136 443 442 18 12 0 421 18 9 423 0 19 0 0 3 92
1231 10142 440 439 18 12 0 421 18 9 423 0 19 0 0 3 92
1232 10135 444 443 17 12 0 421 18 9 423 0 19 0 0 3 92
1233 10136 444 442 17 12 0 421 18 9 422 0 20 0 0 3 92
1234 10134 445 443 17 12 0 421 18 9 422 0 20 0 0 3 92
1235 10138 443 441 17 12 0 421 18 9 422 0 20 0 0 3 92
1236 10139 443 440 17 12 0 422 17 9 422 0 20 0 0 3 92
1237 10143 441 438 17 12 0 422 17 9 422 0 20 0 0 3 92
1238 10151 437 435 16 12 0 422 17 9 423 0 19 0 0 3 92
1239 10152 437 435 15 12 0 422 17 9 423 0 19 0 0 3 92
1240 10149 438 436 16 12 0 423 16 9 424 0 18 0 0 3 92
1241 10151 437 435 16 12 0 423 16 9 424 0 18 0 0 3 92
1242 10148 439 436 16 12 0 423 16 9 423 0 19 0 0 3 92
1243 10163 432 428 16 12 0 424 15 9 423 0 19 0 0 3 92
1244 10163 432 428 16 12 0 424 15 9 423 0 19 0 0 3 92
1245 10169 428 426 16 12 0 424 15 9 425 0 17 0 0 3 92
1246 10175 425 424 15 12 0 424 15 9 426 0 16 0 0 3 92
1247 10171 427 426 15 12 0 424 15 9 426 0 16 0 0 3 92
1248 10174 425 425 15 12 0 424 15 9 427 0 15 0 0 3 92
1249 10176 424 424 15 12 0 424 15 9 427 0 15 0 0 3 92
1250 10190 417 417 15 12 0 424 15 9 427 0 15 0 0 3 92
1251 10191 416 417 15 12 0 423 16 9 427 0 15 0 0 3 92
1252 10193 415 416 15 12 0 423 16 9 427 0 15 0 0 3 92
1253 10197 413 414 15 12 0 423 16 9 427 0 15 0 0 3 92
1254 10201 411 412 15 12 0 423 16 9 427 0 15 0 0 3 92
1255 10208 407 409 15 12 0 423 16 9 428 0 14 0 0 3 92
1256 10204 409 411 15 12 0 423 16 9 428 0 14 0 0 3 92
1257 10201 410 413 15 12 0 422 17 9 428 0 14 0 0 3 92
1258 10200 410 413 16 12 0 422 17 9 428 0 14 0 0 3 92
1259 10202 409 412 16 12 0 422 17 9 428 0 14 0 0 3 92
1260 10204 408 411 16 12 0 422 17 9 428 0 14 0 0 3 92
1261 10211 405 407 16 12 0 423 16 9 428 0 14 0 0 3 92
1262 10216 403 404 16 12 0 424 15 9 428 0 14 0 0 3 92
1263 10216 403 404 16 12 0 424 15 9 428 0 14 0 0 3 92
1264 10216 403 403 16 12 0 425 14 9 428 0 14 0 0 3 93
1265 10216 403 403 16 12 0 425 14 9 428 0 14 0 0 3 93
1266 10218 402 402 16 12 0 425 14 9 428 0 14 0 0 3 93
1267 10226 398 398 16 12 0 425 14 9 428 0 14 0 0 3 93
1268 10228 397 397 16 12 0 425 14 9 428 0 14 0 0 3 93
1269 10226 398 398 16 12 0 425 14 9 428 0 14 0 0 3 93
1270 10220 401 401 16 12 0 425 14 9 428 0 14 0 0 3 93
1271 10218 402 402 16 12 0 425 14 9 428 0 14 0 0 3 93
1272 10226 398 398 16 12 0 425 14 9 428 0 14 0 0 3 93
1273 10224 399 399 16 12 0 425 14 9 428 0 14 0 0 3 93
1274 10233 395 395 15 12 0 425 14 9 428 0 14 0 0 3 93
1275 10231 398 394 15 12 0 426 13 9 425 0 17 0 0 3 93
1276 10233 397 393 15 12 0 426 13 9 425 0 17 0 0 3 93
1277 10245 391 387 15 12 0 426 13 9 425 0 17 0 0 3 93
1278 10242 393 389 14 12 0 426 13 9 425 0 17 0 0 3 93
1279 10241 394 389 14 12 0 426 13 9 424 0 18 0 0 3 93
1280 10247 391 386 14 12 0 426 13 10 423 0 18 0 1 3 92
1281 10246 392 386 14 12 0 427 12 10 423 0 18 0 1 3 92
1282 10249 392 385 12 12 0 428 11 10 423 0 18 0 1 3 92
1283 10253 390 383 12 12 0 428 11 10 423 0 18 0 1 3 92
1284 10255 389 382 12 12 0 428 11 10 423 0 18 0 1 3 92
1285 10253 390 383 12 12 0 428 11 10 423 0 18 0 1 3 92
1286 10250 391 384 13 12 0 428 11 10 423 0 18 0 1 3 92
1287 10244 394 387 13 12 0 428 11 10 423 0 18 0 1 3 92
1288 10248 392 385 13 12 0 428 11 10 423 0 18 0 1 3 92
1289 10256 388 381 13 12 0 428 11 10 423 0 18 0 1 3 92
1290 10260 386 379 13 12 0 428 11 10 423 0 18 0 1 3 92
1291 10263 384 379 12 12 0 428 11 10 425 0 16 0 1 3 92
1292 10267 382 377 12 12 0 428 11 10 425 0 16 0 1 3 92
1293 10271 380 375 12 12 0 428 11 10 425 0 16 0 1 3 92
1294 10267 382 377 12 12 0 428 11 10 425 0 16 0 1 3 92
1295 10271 380 376 11 12 0 428 11 10 426 0 15 0 1 3 92
1296 10269 381 377 11 12 0 428 11 10 426 0 15 0 1 3 92
1297 10269 381 377 11 12 0 428 11 10 426 0 15 0 1 3 92
1298 10272 379 375 12 12 0 428 11 10 426 0 15 0 1 3 92
1299 10267 381 378 12 12 0 427 12 10 426 0 15 0 1 3 92
1300 10272 378 376 12 12 0 427 12 10 427 0 14 0 1 3 92
1301 10272 378 376 12 12 0 427 12 10 427 0 14 0 1 3 92
1302 10272 378 376 12 12 0 427 12 10 427 0 14 0 1 3 92
1303 10269 379 377 13 12 0 427 12 10 427 0 14 0 1 3 92
1304 10271 378 376 13 12 0 427 12 10 427 0 14 0 1 3 92
1305 10275 376 374 13 12 0 427 12 10 427 0 14 0 1 3 92
1306 10275 376 374 13 12 0 427 12 10 427 0 14 0 1 3 92
1307 10283 372 370 13 12 0 427 12 10 427 0 14 0 1 3 92
1308 10289 370 366 13 12 0 429 10 10 427 0 14 0 1 3 92
1309 10287 371 367 13 12 0 429 10 10 427 0 14 0 1 3 92
1310 10285 372 368 13 12 0 429 10 10 427 0 14 0 1 3 92
1311 10286 372 369 11 12 0 429 10 10 428 0 13 0 1 3 92
1312 10290 370 367 11 12 0 429 10 10 428 0 13 0 1 3 92
1313 10292 369 366 11 12 0 429 10 10 428 0 13 0 1 3 92
1314 10296 367 364 11 12 0 429 10 10 428 0 13 0 1 3 92
1315 10292 369 366 11 12 0 429 10 10 428 0 13 0 1 3 92
1316 10291 369 366 12 12 0 429 10 10 428 0 13 0 1 3 92
1317 10288 370 367 13 12 0 429 10 10 428 0 13 0 1 3 92
1318 10289 370 367 12 12 0 429 10 10 428 0 13 0 1 3 92
1319 10284 372 369 13 12 0 429 10 10 428 0 13 0 1 3 92
1320 10289 369 367 13 12 0 428 11 10 428 0 13 0 1 3 92
1321 10295 366 364 13 12 0 428 11 10 428 0 13 0 1 3 92
1322 10300 363 362 13 12 0 428 11 10 429 0 12 0 1 3 92
1323 10303 362 360 13 12 0 429 10 10 429 0 12 0 1 3 92
1324 10305 361 359 13 12 0 429 10 10 429 0 12 0 1 3 92
1325 10304 361 360 13 12 0 428 11 10 429 0 12 0 1 3 92
1326 10303 361 361 13 12 0 428 11 10 430 0 11 0 1 3 92
1327 10310 358 358 12 12 0 428 11 10 430 0 11 0 1 3 92
1328 10314 356 356 12 12 0 428 11 10 430 0 11 0 1 3 92
1329 10316 355 355 12 12 0 428 11 10 430 0 11 0 1 3 92
1330 10319 353 354 12 12 0 427 12 10 430 0 11 0 1 3 92
1331 10321 352 353 12 12 0 427 12 10 430 0 11 0 1 3 92
1332 10325 350 351 12 12 0 427 12 10 430 0 11 0 1 3 92
1333 10329 348 349 12 12 0 427 12 10 430 0 11 0 1 3 92
1334 10325 350 351 12 12 0 427 12 10 430 0 11 0 1 3 92
1335 10326 350 350 12 12 0 428 11 10 430 0 11 0 1 3 92
1336 10328 349 349 12 12 0 428 11 10 430 0 11 0 1 3 92
1337 10327 350 350 11 12 0 428 11 10 430 0 11 0 1 3 92
1338 10326 350 351 11 12 0 427 12 10 430 0 11 0 1 3 92
1339 10322 352 353 11 12 0 427 12 10 430 0 11 0 1 3 92
1340 10324 351 352 11 12 0 427 12 10 430 0 11 0 1 3 92
1341 10322 352 353 11 12 0 427 12 10 430 0 11 0 1 3 92
1342 10328 349 350 11 12 0 427 12 10 430 0 11 0 1 3 92
1343 10327 349 350 12 12 0 427 12 10 430 0 11 0 1 3 92
1344 10327 349 350 12 12 0 427 12 10 430 0 11 0 1 3 92
1345 10325 350 351 12 12 0 427 12 10 430 0 11 0 1 3 92
1346 10331 347 348 12 12 0 427 12 10 430 0 11 0 1 3 92
1347 10335 345 346 12 12 0 427 12 10 430 0 11 0 1 3 92
1348 10337 344 345 12 12 0 427 12 10 430 0 11 0 1 3 92
1349 10335 345 346 12 12 0 427 12 10 430 0 11 0 1 3 92
1350 10340 343 343 12 12 0 428 11 10 430 0 11 0 1 3 92
1351 10344 341 341 12 12 0 428 11 10 430 0 11 0 1 3 92
1352 10342 342 342 12 12 0 428 11 10 430 0 11 0 1 3 92
1353 10343 342 341 12 12 0 429 10 10 430 0 11 0 2 4 90
1354 10351 338 337 12 12 0 429 10 10 430 0 11 0 2 4 90
1355 10351 338 337 12 12 0 429 10 10 430 0 11 0 2 4 90
1356 10350 339 337 12 12 0 429 10 10 429 0 12 0 2 4 90
1357 10350 339 337 12 12 0 429 10 10 429 0 12 0 2 4 90
1358 10353 337 336 12 12 0 428 11 10 429 0 12 0 2 4 90
1359 10352 337 336 13 12 0 428 11 10 429 0 12 0 2 4 90
1360 10354 336 335 13 12 0 428 11 10 429 0 12 0 2 4 90
1361 10356 335 334 13 12 0 428 11 10 429 0 12 0 2 4 90
1362 10358 334 333 13 13 0 427 11 11 428 0 12 0 2 4 90
1363 10358 334 333 13 13 0 427 11 11 428 0 12 0 2 4 90
1364 10355 336 335 12 13 0 427 11 11 428 0 12 0 2 4 90
1365 10353 337 336 12 13 0 427 11 11 428 0 12 0 2 4 90
1366 10351 338 337 12 13 0 427 11 11 428 0 12 0 2 4 90
1367 10353 337 336 12 13 0 427 11 11 428 0 12 0 2 4 90
1368 10352 338 336 12 13 0 428 10 11 428 0 12 0 2 4 90
1369 10354 337 335 12 13 0 428 10 11 428 0 12 0 2 4 90
1370 10357 336 333 12 13 0 429 9 11 428 0 12 0 2 4 90
1371 10355 337 334 12 13 0 429 9 11 428 0 12 0 2 4 90
1372 10355 337 334 12 13 0 429 9 11 428 0 12 0 2 4 90
1373 10355 337 334 12 13 0 430 8 11 429 0 11 0 2 4 90
1374 10355 337 334 12 13 0 430 8 11 429 0 11 0 2 4 90
1375 10352 339 336 11 13 0 430 8 11 429 0 11 0 2 4 90
1376 10349 341 337 11 13 0 431 7 11 429 0 11 0 2 4 90
1377 10349 341 337 11 13 0 431 7 11 429 0 11 0 2 4 90
1378 10357 337 333 11 13 0 431 7 11 429 0 11 0 2 4 90
1379 10355 338 334 11 13 0 431 7 11 429 0 11 0 2 4 90
1380 10357 337 333 11 13 0 431 7 11 429 0 11 0 2 4 90
1381 10355 338 334 11 13 0 431 7 11 429 0 11 0 2 4 90
1382 10354 339 334 11 13 0 431 7 11 428 0 12 0 2 4 90
1383 10358 338 333 9 13 0 431 7 12 427 0 12 0 3 4 89
1384 10358 338 333 9 13 0 431 7 12 427 0 12 0 3 4 89
1385 10362 336 331 9 13 0 431 7 12 427 0 12 0 3 4 89
1386 10362 336 331 9 13 0 431 7 12 427 0 12 0 3 4 89
1387 10365 334 330 9 13 0 431 7 12 428 0 11 0 3 4 89
1388 10365 333 329 11 13 0 431 7 12 428 0 11 0 3 4 89
1389 10368 332 327 11 13 0 432 6 12 428 0 11 0 3 4 89
1390 10372 330 325 11 13 0 432 6 12 428 0 11 0 3 4 89
1391 10369 331 326 11 13 0 432 6 12 428 0 11 0 3 4 90
1392 10373 329 324 11 13 0 432 6 12 428 0 11 0 3 4 90
1393 10371 330 325 11 13 0 432 6 12 428 0 11 0 3 4 90
1394 10375 328 323 11 13 0 432 6 12 428 0 11 0 3 4 90
1395 10379 326 321 11 13 0 432 6 12 428 0 11 0 3 4 90
1396 10379 327 322 11 13 0 431 6 12 427 0 11 0 3 4 90
1397 10389 322 317 11 13 0 431 6 12 427 0 11 0 3 4 90
1398 10389 322 317 11 13 0 431 6 12 427 0 11 0 3 4 90
1399 10389 322 317 11 13 0 431 6 12 427 0 11 0 3 4 90
1400 10389 322 317 11 13 0 431 6 12 427 0 11 0 3 4 90
1401 10389 322 317 11 13 0 431 6 12 427 0 11 0 3 4 90
1402 10394 319 315 11 13 0 431 6 12 428 0 10 0 3 4 90
1403 10398 317 313 11 13 0 431 6 12 428 0 10 0 3 4 90
1404 10398 317 313 11 13 0 431 6 12 428 0 10 0 3 4 90
1405 10397 318 313 11 13 0 431 6 12 427 0 11 0 3 4 90
1406 10395 319 314 11 13 0 431 6 12 427 0 11 0 3 4 90
1407 10393 320 315 11 13 0 431 6 12 427 0 11 0 3 4 90
1408 10397 318 313 11 13 0 431 6 12 427 0 11 0 3 4 90
1409 10397 318 313 11 13 0 431 6 12 427 0 11 0 3 4 90
1410 10397 319 313 10 14 0 431 5 13 426 0 11 0 3 4 90
1411 10396 320 313 10 14 0 431 5 13 425 0 12 0 3 4 90
1412 10394 321 314 10 14 0 431 5 13 425 0 12 0 3 4 90
1413 10400 319 311 9 14 0 432 4 13 425 0 12 0 3 4 90
1414 10404 317 309 9 14 0 431 5 13 424 0 13 0 3 4 90
1415 10410 314 306 9 14 0 431 5 13 424 0 13 0 3 4 90
1416 10414 312 304 9 14 0 431 5 13 424 0 13 0 3 4 90
1417 10414 312 304 9 14 0 431 5 13 424 0 13 0 3 4 90
1418 10416 311 304 8 14 0 430 6 13 424 0 13 0 3 4 90
1419 10420 309 302 8 14 0 430 6 13 424 0 13 0 3 4 90
1420 10418 310 303 8 14 0 430 6 13 424 0 13 0 3 4 90
1421 10420 309 302 8 14 0 430 6 13 424 0 13 0 3 4 90
1422 10418 310 303 8 14 0 430 6 13 424 0 13 0 3 4 90
1423 10422 308 301 8 14 0 430 6 13 424 0 13 0 3 4 90
1424 10422 308 301 8 15 0 429 6 14 423 0 13 0 3 4 90
1425 10418 310 303 8 15 0 429 6 14 423 0 13 0 3 4 90
1426 10426 306 299 8 15 0 429 6 14 423 0 13 0 3 4 90
1427 10433 302 296 8 15 0 428 7 14 423 0 13 0 3 4 90
1428 10435 302 295 8 15 0 428 7 14 422 0 14 0 3 4 89
1429 10431 304 297 8 15 0 428 7 14 422 0 14 0 3 4 89
1430 10433 303 296 8 15 0 428 7 14 422 0 14 0 4 5 87
1431 10433 303 296 8 15 0 428 7 14 422 0 14 0 4 5 87
1432 10432 304 296 8 15 0 429 6 14 422 0 14 0 4 5 87
1433 10435 303 294 8 15 0 429 6 14 421 0 15 0 4 5 87
1434 10437 302 293 8 15 0 429 6 14 421 0 15 0 4 5 87
1435 10435 303 294 8 15 0 429 6 14 421 0 15 0 4 5 87
1436 10435 303 294 8 15 0 429 6 14 421 0 15 0 4 5 87
1437 10438 302 293 7 15 0 429 6 14 421 0 15 0 4 5 87
1438 10444 299 290 7 15 0 429 6 14 421 0 15 0 4 5 87
1439 10446 298 289 7 15 0 429 6 14 421 0 15 0 4 5 87
1440 10448 297 288 7 15 0 429 6 14 421 0 15 0 4 5 87
1441 10450 296 287 7 15 0 429 6 14 421 0 15 0 4 5 87
1442 10451 295 287 7 15 0 429 6 14 422 0 14 0 4 5 87
1443 10457 292 284 7 15 0 429 6 15 421 0 14 0 5 5 86
1444 10457 292 284 7 15 0 429 6 15 421 0 14 0 5 5 86
1445 10461 290 282 7 15 0 429 6 15 421 0 14 0 5 5 86
1446 10461 290 282 7 15 0 429 6 15 421 0 14 0 5 5 86
1447 10461 290 282 7 15 0 429 6 15 421 0 14 0 5 5 86
1448 10464 289 280 7 15 0 430 5 15 421 0 14 0 5 5 86
1449 10462 290 281 7 15 0 430 5 15 421 0 14 0 5 5 86
1450 10460 291 282 7 15 0 430 5 15 421 0 14 0 5 5 86
1451 10464 289 280 7 15 0 430 5 15 421 0 14 0 5 5 86
1452 10459 291 283 7 15 0 430 5 15 422 0 13 0 5 5 86
1453 10461 290 282 7 15 0 430 5 15 422 0 13 0 5 5 86
1454 10459 291 283 7 15 0 430 5 15 422 0 13 0 5 5 86
1455 10455 293 285 7 15 0 430 5 15 422 0 13 0 5 5 86
1456 10457 292 284 7 15 0 430 5 15 422 0 13 0 5 5 86
1457 10456 292 285 7 15 0 429 6 15 422 0 13 0 5 5 86
1458 10459 291 284 6 15 0 429 6 15 422 0 13 0 5 5 86
1459 10455 293 286 6 15 0 429 6 15 422 0 13 0 5 5 86
1460 10455 293 286 6 15 0 429 6 15 422 0 13 0 5 5 86
1461 10453 294 287 6 15 0 429 6 15 422 0 13 0 5 5 86
1462 10454 293 287 6 15 0 429 6 15 423 0 12 0 5 5 86
1463 10455 292 286 7 15 0 429 6 15 423 0 12 0 5 5 86
1464 10459 290 284 7 15 0 429 6 15 423 0 12 0 5 5 86
1465 10461 289 283 7 15 0 429 6 15 423 0 12 0 5 5 86
1466 10460 289 284 7 15 0 428 7 15 423 0 12 0 5 5 86
1467 10460 289 284 7 15 0 428 7 15 423 0 12 0 5 5 86
1468 10459 290 285 6 15 0 428 7 15 423 0 12 0 5 5 86
1469 10461 289 284 6 15 0 428 7 15 423 0 12 0 5 5 86
1470 10465 287 282 6 15 0 428 7 15 423 0 12 0 5 5 86
1471 10469 285 280 6 15 0 428 7 15 423 0 12 0 5 5 86
1472 10469 285 280 6 15 0 428 7 15 423 0 12 0 5 5 86
1473 10469 285 280 6 15 0 428 7 15 423 0 12 0 5 5 86
1474 10473 283 278 6 15 0 428 7 15 423 0 12 0 6 6 84
1475 10473 283 278 6 15 0 428 7 15 423 0 12 0 6 6 84
1476 10481 279 274 6 15 0 428 7 15 423 0 12 0 6 6 84
1477 10482 278 274 6 15 0 428 7 15 424 0 11 0 6 6 84
1478 10480 279 275 6 15 0 428 7 15 424 0 11 0 6 6 84
1479 10490 274 270 6 15 0 429 6 15 425 0 10 0 6 6 84
1480 10496 271 267 6 15 0 429 6 15 425 0 10 0 6 6 84
1481 10494 272 268 6 15 0 429 6 15 425 0 10 0 6 6 84
1482 10492 273 269 6 15 0 429 6 15 425 0 10 0 6 6 84
1483 10494 272 268 6 15 0 429 6 15 425 0 10 0 6 6 84
1484 10495 271 268 6 15 0 429 6 15 426 0 9 0 6 6 84
1485 10499 269 266 6 15 0 429 6 15 426 0 9 0 6 6 84
1486 10499 269 266 6 15 0 429 6 15 426 0 9 0 6 6 84
1487 10501 268 265 6 15 0 429 6 15 426 0 9 0 6 6 84
1488 10499 269 266 6 15 0 429 6 15 426 0 9 0 6 6 84
1489 10499 269 266 6 15 0 429 6 15 426 0 9 0 6 6 84
1490 10497 270 267 6 15 0 429 6 15 426 0 9 0 6 6 84
1491 10496 271 267 6 16 0 428 6 15 425 0 10 0 6 7 83
1492 10504 267 263 6 16 0 428 6 15 425 0 10 0 6 7 83
1493 10508 265 261 6 16 0 428 6 15 425 0 10 0 6 7 83
1494 10508 265 261 6 16 0 428 6 15 425 0 10 0 6 7 83
1495 10510 264 260 6 16 0 428 6 15 425 0 10 0 6 7 83
1496 10510 264 260 6 16 0 428 6 15 425 0 10 0 6 7 83
1497 10506 266 262 6 16 0 428 6 15 425 0 10 0 6 7 83
1498 10504 267 263 6 16 0 428 6 15 425 0 10 0 6 7 83
1499 10503 268 263 6 16 0 428 6 15 424 0 11 0 6 7 83
1500 10507 266 261 6 16 0 428 6 15 424 0 11 0 6 7 83
