0 4425 6150
1 4333 6242
2 4344 6231
3 4332 6243
4 4318 6257
5 4311 6264
6 4309 6266
7 4306 6269
8 4300 6275
9 4295 6280
10 4287 6288
11 4275 6300
12 4285 6290
13 4283 6292
14 4298 6277
15 4311 6264
16 4314 6261
17 4322 6253
18 4316 6259
19 4328 6247
20 4354 6221
21 4367 6208
22 4336 6239
23 4312 6263
24 4315 6260
25 4336 6239
26 4325 6250
27 4333 6242
28 4329 6246
29 4326 6249
30 4358 6217
31 4363 6212
32 4417 6158
33 4429 6146
34 4426 6149
35 4473 6102
36 4448 6127
37 4438 6137
38 4440 6135
39 4401 6174
40 4420 6155
41 4439 6136
42 4450 6125
43 4464 6111
44 4506 6069
45 4501 6074
46 4512 6063
47 4531 6044
48 4529 6046
49 4560 6015
50 4552 6023
51 4572 6003
52 4587 5988
53 4619 5956
54 4625 5950
55 4664 5911
56 4679 5896
57 4684 5891
58 4687 5888
59 4705 5870
60 4691 5884
61 4715 5860
62 4717 5858
63 4729 5846
64 4785 5790
65 4793 5782
66 4795 5780
67 4797 5778
68 4818 5757
69 4858 5717
70 4863 5712
71 4866 5709
72 4875 5700
73 4870 5705
74 4877 5698
75 4894 5681
76 4909 5666
77 4920 5655
78 4948 5627
79 4991 5584
80 4984 5591
81 5012 5563
82 5008 5567
83 5012 5563
84 5034 5541
85 5055 5520
86 5023 5552
87 5026 5549
88 5032 5543
89 5060 5515
90 5078 5497
91 5071 5504
92 5077 5498
93 5076 5499
94 5093 5482
95 5096 5479
96 5120 5455
97 5139 5436
98 5115 5460
99 5132 5443
100 5168 5407
101 5174 5401
102 5160 5415
103 5177 5398
104 5200 5375
105 5229 5346
106 5234 5341
107 5237 5338
108 5243 5332
109 5253 5322
110 5264 5311
111 5271 5304
112 5291 5284
113 5301 5274
114 5354 5221
115 5360 5215
116 5370 5205
117 5362 5213
118 5352 5223
119 5371 5204
120 5369 5206
121 5394 5181
122 5400 5175
123 5433 5142
124 5429 5146
125 5460 5115
126 5487 5088
127 5492 5083
128 5497 5078
129 5506 5069
130 5540 5035
131 5554 5021
132 5560 5015
133 5568 5007
134 5586 4989
135 5602 4973
136 5612 4963
137 5615 4960
138 5617 4958
139 5662 4913
140 5649 4926
141 5663 4912
142 5690 4885
143 5694 4881
144 5719 4856
145 5718 4857
146 5749 4826
147 5761 4814
148 5756 4819
149 5776 4799
150 5778 4797
151 5787 4788
152 5804 4771
153 5807 4768
154 5847 4728
155 5858 4717
156 5866 4709
157 5858 4717
158 5871 4704
159 5878 4697
160 5910 4665
161 5907 4668
162 5930 4645
163 5948 4627
164 5983 4592
165 6000 4575
166 6011 4564
167 6027 4548
168 6035 4540
169 6056 4519
170 6077 4498
171 6085 4490
172 6095 4480
173 6129 4446
174 6129 4446
175 6146 4429
176 6148 4427
177 6163 4412
178 6185 4390
179 6214 4361
180 6245 4330
181 6246 4329
182 6267 4308
183 6297 4278
184 6305 4270
185 6314 4261
186 6315 4260
187 6349 4226
188 6362 4213
189 6378 4197
190 6400 4175
191 6419 4156
192 6411 4164
193 6440 4135
194 6437 4138
195 6462 4113
196 6467 4108
197 6473 4102
198 6496 4079
199 6510 4065
200 6540 4035
201 6538 4037
202 6541 4034
203 6551 4024
204 6560 4015
205 6567 4008
206 6592 3983
207 6604 3971
208 6613 3962
209 6643 3932
210 6653 3922
211 6644 3931
212 6657 3918
213 6654 3921
214 6658 3917
215 6639 3936
216 6655 3920
217 6668 3907
218 6661 3914
219 6672 3903
220 6694 3881
221 6696 3879
222 6691 3884
223 6691 3884
224 6702 3873
225 6719 3856
226 6746 3829
227 6747 3828
228 6737 3838
229 6746 3829
230 6755 3820
231 6766 3809
232 6757 3818
233 6772 3803
234 6794 3781
235 6807 3768
236 6806 3769
237 6803 3772
238 6814 3761
239 6819 3756
240 6821 3754
241 6810 3765
242 6810 3765
243 6824 3751
244 6830 3745
245 6852 3723
246 6871 3704
247 6861 3714
248 6885 3690
249 6888 3687
250 6894 3681
251 6913 3662
252 6913 3662
253 6931 3644
254 6953 3622
255 6966 3609
256 6967 3608
257 6967 3608
258 6985 3590
259 6989 3586
260 7005 3570
261 6993 3582
262 6999 3576
263 7014 3561
264 7020 3555
265 7028 3547
266 7024 3551
267 7011 3564
268 6992 3583
269 7000 3575
270 7007 3568
271 7013 3562
272 7007 3568
273 7016 3559
274 7026 3549
275 7066 3509
276 7077 3498
277 7080 3495
278 7078 3497
279 7068 3507
280 7090 3485
281 7110 3465
282 7129 3446
283 7153 3422
284 7181 3394
285 7183 3392
286 7185 3390
287 7193 3382
288 7204 3371
289 7223 3352
290 7214 3361
291 7207 3368
292 7201 3374
293 7213 3362
294 7221 3354
295 7224 3351
296 7228 3347
297 7231 3344
298 7240 3335
299 7232 3343
300 7239 3336
301 7257 3318
302 7276 3299
303 7279 3296
304 7278 3297
305 7279 3296
306 7273 3302
307 7290 3285
308 7302 3273
309 7299 3276
310 7313 3262
311 7296 3279
312 7301 3274
313 7305 3270
314 7317 3258
315 7327 3248
316 7332 3243
317 7346 3229
318 7361 3214
319 7379 3196
320 7389 3186
321 7382 3193
322 7391 3184
323 7404 3171
324 7406 3169
325 7421 3154
326 7419 3156
327 7410 3165
328 7423 3152
329 7435 3140
330 7455 3120
331 7444 3131
332 7447 3128
333 7478 3097
334 7475 3100
335 7475 3100
336 7481 3094
337 7491 3084
338 7516 3059
339 7519 3056
340 7507 3068
341 7515 3060
342 7516 3059
343 7522 3053
344 7529 3046
345 7541 3034
346 7549 3026
347 7552 3023
348 7554 3021
349 7555 3020
350 7571 3004
351 7584 2991
352 7589 2986
353 7619 2956
354 7627 2948
355 7633 2942
356 7651 2924
357 7651 2924
358 7651 2924
359 7638 2937
360 7654 2921
361 7650 2925
362 7654 2921
363 7666 2909
364 7683 2892
365 7681 2894
366 7699 2876
367 7710 2865
368 7711 2864
369 7729 2846
370 7745 2830
371 7756 2819
372 7762 2813
373 7762 2813
374 7774 2801
375 7770 2805
376 7774 2801
377 7776 2799
378 7778 2797
379 7779 2796
380 7794 2781
381 7798 2777
382 7819 2756
383 7823 2752
384 7834 2741
385 7850 2725
386 7859 2716
387 7861 2714
388 7860 2715
389 7862 2713
390 7866 2709
391 7869 2706
392 7880 2695
393 7893 2682
394 7885 2690
395 7884 2691
396 7897 2678
397 7910 2665
398 7921 2654
399 7924 2651
400 7924 2651
401 7936 2639
402 7958 2617
403 7963 2612
404 7972 2603
405 7966 2609
406 7980 2595
407 7983 2592
408 7989 2586
409 8003 2572
410 7999 2576
411 8010 2565
412 8018 2557
413 8028 2547
414 8053 2522
415 8055 2520
416 8037 2538
417 8024 2551
418 8032 2543
419 8029 2546
420 8038 2537
421 8041 2534
422 8055 2520
423 8055 2520
424 8052 2523
425 8065 2510
426 8054 2521
427 8061 2514
428 8074 2501
429 8078 2497
430 8095 2480
431 8101 2474
432 8117 2458
433 8101 2474
434 8103 2472
435 8109 2466
436 8124 2451
437 8117 2458
438 8124 2451
439 8146 2429
440 8140 2435
441 8147 2428
442 8151 2424
443 8160 2415
444 8159 2416
445 8155 2420
446 8155 2420
447 8156 2419
448 8144 2431
449 8156 2419
450 8149 2426
451 8152 2423
452 8155 2420
453 8157 2418
454 8158 2417
455 8169 2406
456 8171 2404
457 8162 2413
458 8170 2405
459 8179 2396
460 8184 2391
461 8167 2408
462 8165 2410
463 8166 2409
464 8172 2403
465 8182 2393
466 8182 2393
467 8191 2384
468 8199 2376
469 8201 2374
470 8209 2366
471 8210 2365
472 8212 2363
473 8208 2367
474 8203 2372
475 8213 2362
476 8208 2367
477 8214 2361
478 8224 2351
479 8226 2349
480 8233 2342
481 8234 2341
482 8218 2357
483 8232 2343
484 8238 2337
485 8238 2337
486 8238 2337
487 8245 2330
488 8260 2315
489 8273 2302
490 8289 2286
491 8299 2276
492 8302 2273
493 8288 2287
494 8305 2270
495 8314 2261
496 8306 2269
497 8316 2259
498 8332 2243
499 8332 2243
500 8326 2249
501 8331 2244
502 8328 2247
503 8331 2244
504 8336 2239
505 8337 2238
506 8332 2243
507 8336 2239
508 8338 2237
509 8331 2244
510 8337 2238
511 8350 2225
512 8352 2223
513 8356 2219
514 8361 2214
515 8356 2219
516 8354 2221
517 8366 2209
518 8380 2195
519 8388 2187
520 8389 2186
521 8385 2190
522 8387 2188
523 8398 2177
524 8400 2175
525 8397 2178
526 8403 2172
527 8415 2160
528 8420 2155
529 8408 2167
530 8404 2171
531 8405 2170
532 8409 2166
533 8400 2175
534 8397 2178
535 8392 2183
536 8390 2185
537 8398 2177
538 8395 2180
539 8403 2172
540 8409 2166
541 8416 2159
542 8411 2164
543 8419 2156
544 8419 2156
545 8431 2144
546 8440 2135
547 8444 2131
548 8445 2130
549 8457 2118
550 8466 2109
551 8476 2099
552 8473 2102
553 8474 2101
554 8477 2098
555 8480 2095
556 8485 2090
557 8502 2073
558 8518 2057
559 8521 2054
560 8524 2051
561 8526 2049
562 8524 2051
563 8520 2055
564 8532 2043
565 8540 2035
566 8546 2029
567 8546 2029
568 8553 2022
569 8562 2013
570 8562 2013
571 8568 2007
572 8568 2007
573 8570 2005
574 8568 2007
575 8568 2007
576 8571 2004
577 8570 2005
578 8569 2006
579 8578 1997
580 8579 1996
581 8581 1994
582 8580 1995
583 8588 1987
584 8590 1985
585 8587 1988
586 8595 1980
587 8604 1971
588 8614 1961
589 8617 1958
590 8616 1959
591 8624 1951
592 8637 1938
593 8635 1940
594 8632 1943
595 8640 1935
596 8636 1939
597 8634 1941
598 8637 1938
599 8638 1937
600 8643 1932
601 8645 1930
602 8645 1930
603 8645 1930
604 8644 1931
605 8654 1921
606 8649 1926
607 8665 1910
608 8668 1907
609 8670 1905
610 8671 1904
611 8671 1904
612 8681 1894
613 8698 1877
614 8697 1878
615 8699 1876
616 8699 1876
617 8707 1868
618 8705 1870
619 8703 1872
620 8705 1870
621 8708 1867
622 8711 1864
623 8725 1850
624 8715 1860
625 8720 1855
626 8718 1857
627 8715 1860
628 8728 1847
629 8719 1856
630 8721 1854
631 8711 1864
632 8712 1863
633 8707 1868
634 8710 1865
635 8715 1860
636 8714 1861
637 8721 1854
638 8731 1844
639 8732 1843
640 8738 1837
641 8728 1847
642 8720 1855
643 8732 1843
644 8737 1838
645 8750 1825
646 8746 1829
647 8741 1834
648 8739 1836
649 8745 1830
650 8741 1834
651 8741 1834
652 8752 1823
653 8754 1821
654 8756 1819
655 8759 1816
656 8752 1823
657 8750 1825
658 8752 1823
659 8753 1822
660 8752 1823
661 8747 1828
662 8748 1827
663 8758 1817
664 8765 1810
665 8769 1806
666 8775 1800
667 8785 1790
668 8797 1778
669 8794 1781
670 8792 1783
671 8796 1779
672 8797 1778
673 8795 1780
674 8790 1785
675 8798 1777
676 8805 1770
677 8798 1777
678 8798 1777
679 8794 1781
680 8797 1778
681 8796 1779
682 8804 1771
683 8806 1769
684 8813 1762
685 8815 1760
686 8813 1762
687 8816 1759
688 8818 1757
689 8825 1750
690 8826 1749
691 8826 1749
692 8838 1737
693 8830 1745
694 8830 1745
695 8850 1725
696 8845 1730
697 8845 1730
698 8843 1732
699 8842 1733
700 8837 1738
701 8844 1731
702 8846 1729
703 8844 1731
704 8843 1732
705 8845 1730
706 8845 1730
707 8842 1733
708 8844 1731
709 8849 1726
710 8852 1723
711 8855 1720
712 8859 1716
713 8861 1714
714 8872 1703
715 8865 1710
716 8862 1713
717 8864 1711
718 8870 1705
719 8875 1700
720 8872 1703
721 8868 1707
722 8869 1706
723 8871 1704
724 8867 1708
725 8869 1706
726 8875 1700
727 8868 1707
728 8868 1707
729 8871 1704
730 8870 1705
731 8877 1698
732 8881 1694
733 8885 1690
734 8888 1687
735 8888 1687
736 8883 1692
737 8887 1688
738 8888 1687
739 8883 1692
740 8881 1694
741 8875 1700
742 8878 1697
743 8877 1698
744 8878 1697
745 8879 1696
746 8879 1696
747 8891 1684
748 8899 1676
749 8899 1676
750 8888 1687
751 8895 1680
752 8898 1677
753 8902 1673
754 8900 1675
755 8897 1678
756 8906 1669
757 8910 1665
758 8913 1662
759 8915 1660
760 8921 1654
761 8921 1654
762 8908 1667
763 8923 1652
764 8920 1655
765 8927 1648
766 8931 1644
767 8938 1637
768 8938 1637
769 8947 1628
770 8944 1631
771 8942 1633
772 8943 1632
773 8949 1626
774 8949 1626
775 8943 1632
776 8942 1633
777 8947 1628
778 8947 1628
779 8954 1621
780 8963 1612
781 8957 1618
782 8962 1613
783 8973 1602
784 8973 1602
785 8973 1602
786 8976 1599
787 8980 1595
788 8984 1591
789 8990 1585
790 8986 1589
791 8990 1585
792 8986 1589
793 8982 1593
794 8987 1588
795 8992 1583
796 9003 1572
797 9001 1574
798 9002 1573
799 9003 1572
800 8998 1577
801 8999 1576
802 8995 1580
803 9001 1574
804 9007 1568
805 9016 1559
806 9014 1561
807 9017 1558
808 9023 1552
809 9025 1550
810 9025 1550
811 9033 1542
812 9030 1545
813 9040 1535
814 9041 1534
815 9032 1543
816 9034 1541
817 9038 1537
818 9025 1550
819 9025 1550
820 9031 1544
821 9032 1543
822 9040 1535
823 9034 1541
824 9036 1539
825 9038 1537
826 9042 1533
827 9044 1531
828 9042 1533
829 9041 1534
830 9042 1533
831 9041 1534
832 9042 1533
833 9046 1529
834 9047 1528
835 9046 1529
836 9054 1521
837 9059 1516
838 9058 1517
839 9053 1522
840 9063 1512
841 9062 1513
842 9065 1510
843 9066 1509
844 9064 1511
845 9068 1507
846 9065 1510
847 9065 1510
848 9064 1511
849 9072 1503
850 9075 1500
851 9067 1508
852 9072 1503
853 9075 1500
854 9083 1492
855 9084 1491
856 9092 1483
857 9087 1488
858 9094 1481
859 9094 1481
860 9101 1474
861 9100 1475
862 9098 1477
863 9101 1474
864 9108 1467
865 9115 1460
866 9112 1463
867 9110 1465
868 9107 1468
869 9105 1470
870 9115 1460
871 9122 1453
872 9115 1460
873 9107 1468
874 9110 1465
875 9101 1474
876 9102 1473
877 9108 1467
878 9112 1463
879 9111 1464
880 9107 1468
881 9105 1470
882 9101 1474
883 9099 1476
884 9093 1482
885 9095 1480
886 9105 1470
887 9101 1474
888 9102 1473
889 9102 1473
890 9111 1464
891 9108 1467
892 9109 1466
893 9109 1466
894 9107 1468
895 9113 1462
896 9117 1458
897 9114 1461
898 9113 1462
899 9107 1468
900 9109 1466
901 9111 1464
902 9117 1458
903 9120 1455
904 9118 1457
905 9117 1458
906 9119 1456
907 9106 1469
908 9111 1464
909 9109 1466
910 9113 1462
911 9116 1459
912 9116 1459
913 9119 1456
914 9120 1455
915 9124 1451
916 9123 1452
917 9119 1456
918 9115 1460
919 9113 1462
920 9119 1456
921 9119 1456
922 9122 1453
923 9126 1449
924 9130 1445
925 9133 1442
926 9135 1440
927 9135 1440
928 9133 1442
929 9130 1445
930 9130 1445
931 9134 1441
932 9134 1441
933 9135 1440
934 9132 1443
935 9137 1438
936 9146 1429
937 9147 1428
938 9148 1427
939 9151 1424
940 9153 1422
941 9156 1419
942 9161 1414
943 9160 1415
944 9154 1421
945 9155 1420
946 9156 1419
947 9161 1414
948 9159 1416
949 9170 1405
950 9166 1409
951 9163 1412
952 9155 1420
953 9160 1415
954 9163 1412
955 9164 1411
956 9161 1414
957 9158 1417
958 9154 1421
959 9145 1430
960 9148 1427
961 9142 1433
962 9147 1428
963 9150 1425
964 9142 1433
965 9146 1429
966 9153 1422
967 9154 1421
968 9157 1418
969 9164 1411
970 9171 1404
971 9168 1407
972 9170 1405
973 9173 1402
974 9165 1410
975 9166 1409
976 9166 1409
977 9167 1408
978 9169 1406
979 9175 1400
980 9177 1398
981 9179 1396
982 9181 1394
983 9183 1392
984 9189 1386
985 9191 1384
986 9197 1378
987 9192 1383
988 9186 1389
989 9189 1386
990 9197 1378
991 9202 1373
992 9198 1377
993 9194 1381
994 9192 1383
995 9195 1380
996 9206 1369
997 9209 1366
998 9203 1372
999 9204 1371
1000 9203 1372
1001 9206 1369
1002 9208 1367
1003 9206 1369
1004 9203 1372
1005 9204 1371
1006 9210 1365
1007 9212 1363
1008 9216 1359
1009 9222 1353
1010 9226 1349
1011 9222 1353
1012 9225 1350
1013 9226 1349
1014 9223 1352
1015 9220 1355
1016 9226 1349
1017 9222 1353
1018 9230 1345
1019 9233 1342
1020 9233 1342
1021 9238 1337
1022 9239 1336
1023 9233 1342
1024 9231 1344
1025 9234 1341
1026 9238 1337
1027 9238 1337
1028 9240 1335
1029 9236 1339
1030 9239 1336
1031 9238 1337
1032 9240 1335
1033 9244 1331
1034 9244 1331
1035 9245 1330
1036 9244 1331
1037 9242 1333
1038 9245 1330
1039 9245 1330
1040 9245 1330
1041 9250 1325
1042 9245 1330
1043 9248 1327
1044 9249 1326
1045 9252 1323
1046 9248 1327
1047 9249 1326
1048 9257 1318
1049 9252 1323
1050 9257 1318
1051 9264 1311
1052 9263 1312
1053 9266 1309
1054 9268 1307
1055 9268 1307
1056 9263 1312
1057 9266 1309
1058 9262 1313
1059 9268 1307
1060 9264 1311
1061 9270 1305
1062 9268 1307
1063 9266 1309
1064 9263 1312
1065 9267 1308
1066 9265 1310
1067 9268 1307
1068 9275 1300
1069 9273 1302
1070 9275 1300
1071 9286 1289
1072 9280 1295
1073 9275 1300
1074 9279 1296
1075 9277 1298
1076 9277 1298
1077 9276 1299
1078 9279 1296
1079 9275 1300
1080 9277 1298
1081 9274 1301
1082 9273 1302
1083 9275 1300
1084 9275 1300
1085 9281 1294
1086 9284 1291
1087 9286 1289
1088 9289 1286
1089 9286 1289
1090 9285 1290
1091 9289 1286
1092 9290 1285
1093 9291 1284
1094 9296 1279
1095 9298 1277
1096 9303 1272
1097 9298 1277
1098 9304 1271
1099 9302 1273
1100 9307 1268
1101 9307 1268
1102 9315 1260
1103 9318 1257
1104 9315 1260
1105 9313 1262
1106 9313 1262
1107 9309 1266
1108 9316 1259
1109 9316 1259
1110 9307 1268
1111 9312 1263
1112 9311 1264
1113 9313 1262
1114 9309 1266
1115 9313 1262
1116 9312 1263
1117 9318 1257
1118 9318 1257
1119 9316 1259
1120 9315 1260
1121 9312 1263
1122 9316 1259
1123 9319 1256
1124 9317 1258
1125 9315 1260
1126 9316 1259
1127 9319 1256
1128 9319 1256
1129 9321 1254
1130 9325 1250
1131 9322 1253
1132 9322 1253
1133 9321 1254
1134 9324 1251
1135 9317 1258
1136 9322 1253
1137 9317 1258
1138 9319 1256
1139 9316 1259
1140 9322 1253
1141 9323 1252
1142 9322 1253
1143 9325 1250
1144 9331 1244
1145 9331 1244
1146 9326 1249
1147 9330 1245
1148 9332 1243
1149 9332 1243
1150 9334 1241
1151 9337 1238
1152 9337 1238
1153 9340 1235
1154 9345 1230
1155 9344 1231
1156 9346 1229
1157 9349 1226
1158 9343 1232
1159 9340 1235
1160 9346 1229
1161 9343 1232
1162 9343 1232
1163 9337 1238
1164 9342 1233
1165 9344 1231
1166 9344 1231
1167 9343 1232
1168 9342 1233
1169 9344 1231
1170 9343 1232
1171 9342 1233
1172 9352 1223
1173 9347 1228
1174 9355 1220
1175 9350 1225
1176 9352 1223
1177 9349 1226
1178 9351 1224
1179 9353 1222
1180 9355 1220
1181 9350 1225
1182 9359 1216
1183 9354 1221
1184 9355 1220
1185 9356 1219
1186 9367 1208
1187 9363 1212
1188 9365 1210
1189 9365 1210
1190 9370 1205
1191 9371 1204
1192 9371 1204
1193 9373 1202
1194 9376 1199
1195 9376 1199
1196 9375 1200
1197 9376 1199
1198 9374 1201
1199 9373 1202
1200 9374 1201
1201 9379 1196
1202 9377 1198
1203 9380 1195
1204 9377 1198
1205 9375 1200
1206 9374 1201
1207 9376 1199
1208 9375 1200
1209 9381 1194
1210 9384 1191
1211 9382 1193
1212 9382 1193
1213 9383 1192
1214 9385 1190
1215 9389 1186
1216 9393 1182
1217 9389 1186
1218 9392 1183
1219 9396 1179
1220 9395 1180
1221 9398 1177
1222 9395 1180
1223 9397 1178
1224 9390 1185
1225 9388 1187
1226 9390 1185
1227 9395 1180
1228 9398 1177
1229 9394 1181
1230 9399 1176
1231 9402 1173
1232 9398 1177
1233 9398 1177
1234 9399 1176
1235 9403 1172
1236 9405 1170
1237 9403 1172
1238 9403 1172
1239 9404 1171
1240 9409 1166
1241 9405 1170
1242 9403 1172
1243 9405 1170
1244 9409 1166
1245 9413 1162
1246 9416 1159
1247 9414 1161
1248 9413 1162
1249 9414 1161
1250 9415 1160
1251 9410 1165
1252 9408 1167
1253 9412 1163
1254 9409 1166
1255 9407 1168
1256 9406 1169
1257 9408 1167
1258 9408 1167
1259 9409 1166
1260 9404 1171
1261 9405 1170
1262 9398 1177
1263 9398 1177
1264 9400 1175
1265 9395 1180
1266 9395 1180
1267 9398 1177
1268 9399 1176
1269 9407 1168
1270 9415 1160
1271 9411 1164
1272 9409 1166
1273 9411 1164
1274 9408 1167
1275 9416 1159
1276 9414 1161
1277 9416 1159
1278 9421 1154
1279 9424 1151
1280 9423 1152
1281 9422 1153
1282 9426 1149
1283 9433 1142
1284 9426 1149
1285 9427 1148
1286 9427 1148
1287 9428 1147
1288 9425 1150
1289 9421 1154
1290 9417 1158
1291 9423 1152
1292 9423 1152
1293 9424 1151
1294 9419 1156
1295 9420 1155
1296 9416 1159
1297 9422 1153
1298 9422 1153
1299 9423 1152
1300 9426 1149
1301 9427 1148
1302 9428 1147
1303 9424 1151
1304 9422 1153
1305 9428 1147
1306 9429 1146
1307 9430 1145
1308 9429 1146
1309 9433 1142
1310 9435 1140
1311 9438 1137
1312 9438 1137
1313 9442 1133
1314 9436 1139
1315 9436 1139
1316 9440 1135
1317 9437 1138
1318 9435 1140
1319 9441 1134
1320 9449 1126
1321 9447 1128
1322 9448 1127
1323 9445 1130
1324 9446 1129
1325 9447 1128
1326 9445 1130
1327 9439 1136
1328 9438 1137
1329 9438 1137
1330 9438 1137
1331 9441 1134
1332 9434 1141
1333 9435 1140
1334 9436 1139
1335 9441 1134
1336 9439 1136
1337 9438 1137
1338 9435 1140
1339 9435 1140
1340 9430 1145
1341 9436 1139
1342 9436 1139
1343 9431 1144
1344 9432 1143
1345 9433 1142
1346 9437 1138
1347 9440 1135
1348 9438 1137
1349 9438 1137
1350 9437 1138
1351 9436 1139
1352 9442 1133
1353 9437 1138
1354 9437 1138
1355 9431 1144
1356 9433 1142
1357 9434 1141
1358 9435 1140
1359 9440 1135
1360 9440 1135
1361 9440 1135
1362 9443 1132
1363 9445 1130
1364 9445 1130
1365 9446 1129
1366 9448 1127
1367 9452 1123
1368 9453 1122
1369 9447 1128
1370 9450 1125
1371 9449 1126
1372 9451 1124
1373 9451 1124
1374 9450 1125
1375 9453 1122
1376 9453 1122
1377 9458 1117
1378 9457 1118
1379 9457 1118
1380 9456 1119
1381 9456 1119
1382 9454 1121
1383 9457 1118
1384 9452 1123
1385 9454 1121
1386 9451 1124
1387 9450 1125
1388 9453 1122
1389 9453 1122
1390 9446 1129
1391 9444 1131
1392 9446 1129
1393 9443 1132
1394 9446 1129
1395 9442 1133
1396 9445 1130
1397 9446 1129
1398 9448 1127
1399 9445 1130
1400 9451 1124
1401 9453 1122
1402 9454 1121
1403 9455 1120
1404 9456 1119
1405 9455 1120
1406 9453 1122
1407 9457 1118
1408 9456 1119
1409 9454 1121
1410 9453 1122
1411 9463 1112
1412 9459 1116
1413 9456 1119
1414 9455 1120
1415 9455 1120
1416 9461 1114
1417 9460 1115
1418 9458 1117
1419 9456 1119
1420 9459 1116
1421 9463 1112
1422 9463 1112
1423 9465 1110
1424 9469 1106
1425 9470 1105
1426 9471 1104
1427 9468 1107
1428 9467 1108
1429 9465 1110
1430 9466 1109
1431 9470 1105
1432 9467 1108
1433 9470 1105
1434 9471 1104
1435 9473 1102
1436 9475 1100
1437 9479 1096
1438 9475 1100
1439 9475 1100
1440 9473 1102
1441 9477 1098
1442 9478 1097
1443 9480 1095
1444 9481 1094
1445 9485 1090
1446 9486 1089
1447 9483 1092
1448 9482 1093
1449 9487 1088
1450 9486 1089
1451 9482 1093
1452 9485 1090
1453 9482 1093
1454 9479 1096
1455 9480 1095
1456 9481 1094
1457 9482 1093
1458 9482 1093
1459 9483 1092
1460 9488 1087
1461 9491 1084
1462 9490 1085
1463 9493 1082
1464 9498 1077
1465 9497 1078
1466 9499 1076
1467 9496 1079
1468 9493 1082
1469 9497 1078
1470 9499 1076
1471 9498 1077
1472 9498 1077
1473 9498 1077
1474 9502 1073
1475 9501 1074
1476 9501 1074
1477 9503 1072
1478 9502 1073
1479 9499 1076
1480 9505 1070
1481 9501 1074
1482 9501 1074
1483 9499 1076
1484 9502 1073
1485 9503 1072
1486 9502 1073
1487 9502 1073
1488 9503 1072
1489 9500 1075
1490 9506 1069
1491 9500 1075
1492 9498 1077
1493 9500 1075
1494 9497 1078
1495 9496 1079
1496 9501 1074
1497 9498 1077
1498 9501 1074
1499 9504 1071
1500 9506 1069
1501 9507 1068
1502 9508 1067
1503 9519 1056
1504 9515 1060
1505 9513 1062
1506 9515 1060
1507 9516 1059
1508 9514 1061
1509 9507 1068
1510 9507 1068
1511 9506 1069
1512 9505 1070
1513 9506 1069
1514 9506 1069
1515 9508 1067
1516 9506 1069
1517 9505 1070
1518 9505 1070
1519 9503 1072
1520 9506 1069
1521 9510 1065
1522 9512 1063
1523 9512 1063
1524 9509 1066
1525 9504 1071
1526 9507 1068
1527 9504 1071
1528 9506 1069
1529 9505 1070
1530 9507 1068
1531 9510 1065
1532 9511 1064
1533 9515 1060
1534 9516 1059
1535 9521 1054
1536 9518 1057
1537 9516 1059
1538 9514 1061
1539 9517 1058
1540 9519 1056
1541 9519 1056
1542 9519 1056
1543 9523 1052
1544 9521 1054
1545 9519 1056
1546 9519 1056
1547 9518 1057
1548 9520 1055
1549 9516 1059
1550 9519 1056
1551 9522 1053
1552 9519 1056
1553 9526 1049
1554 9521 1054
1555 9524 1051
1556 9525 1050
1557 9526 1049
1558 9527 1048
1559 9526 1049
1560 9527 1048
1561 9529 1046
1562 9529 1046
1563 9529 1046
1564 9533 1042
1565 9536 1039
1566 9538 1037
1567 9542 1033
1568 9545 1030
1569 9540 1035
1570 9542 1033
1571 9547 1028
1572 9550 1025
1573 9556 1019
1574 9551 1024
1575 9550 1025
1576 9553 1022
1577 9550 1025
1578 9547 1028
1579 9548 1027
1580 9548 1027
1581 9548 1027
1582 9550 1025
1583 9550 1025
1584 9550 1025
1585 9551 1024
1586 9556 1019
1587 9548 1027
1588 9549 1026
1589 9547 1028
1590 9554 1021
1591 9553 1022
1592 9552 1023
1593 9553 1022
1594 9554 1021
1595 9559 1016
1596 9557 1018
1597 9556 1019
1598 9553 1022
1599 9552 1023
1600 9556 1019
1601 9552 1023
1602 9548 1027
1603 9549 1026
1604 9552 1023
1605 9556 1019
1606 9553 1022
1607 9551 1024
1608 9556 1019
1609 9559 1016
1610 9557 1018
1611 9558 1017
1612 9555 1020
1613 9561 1014
1614 9560 1015
1615 9561 1014
1616 9564 1011
1617 9567 1008
1618 9572 1003
1619 9568 1007
1620 9574 1001
1621 9573 1002
1622 9576 999
1623 9576 999
1624 9571 1004
1625 9566 1009
1626 9561 1014
1627 9566 1009
1628 9569 1006
1629 9570 1005
1630 9574 1001
1631 9572 1003
1632 9574 1001
1633 9572 1003
1634 9569 1006
1635 9569 1006
1636 9571 1004
1637 9576 999
1638 9573 1002
1639 9575 1000
1640 9572 1003
1641 9573 1002
1642 9577 998
1643 9583 992
1644 9581 994
1645 9575 1000
1646 9575 1000
1647 9574 1001
1648 9575 1000
1649 9574 1001
1650 9573 1002
1651 9576 999
1652 9575 1000
1653 9573 1002
1654 9576 999
1655 9578 997
1656 9576 999
1657 9574 1001
1658 9572 1003
1659 9570 1005
1660 9567 1008
1661 9572 1003
1662 9573 1002
1663 9575 1000
1664 9577 998
1665 9580 995
1666 9583 992
1667 9580 995
1668 9585 990
1669 9582 993
1670 9587 988
1671 9592 983
1672 9592 983
1673 9586 989
1674 9588 987
1675 9587 988
1676 9587 988
1677 9591 984
1678 9591 984
1679 9592 983
1680 9590 985
1681 9590 985
1682 9587 988
1683 9584 991
1684 9583 992
1685 9583 992
1686 9585 990
1687 9583 992
1688 9585 990
1689 9587 988
1690 9585 990
1691 9584 991
1692 9585 990
1693 9585 990
1694 9583 992
1695 9581 994
1696 9582 993
1697 9584 991
1698 9585 990
1699 9583 992
1700 9583 992
1701 9583 992
1702 9586 989
1703 9584 991
1704 9581 994
1705 9582 993
1706 9585 990
1707 9587 988
1708 9587 988
1709 9580 995
1710 9583 992
1711 9586 989
1712 9590 985
1713 9589 986
1714 9591 984
1715 9591 984
1716 9591 984
1717 9589 986
1718 9585 990
1719 9586 989
1720 9585 990
1721 9583 992
1722 9585 990
1723 9589 986
1724 9590 985
1725 9587 988
1726 9588 987
1727 9585 990
1728 9584 991
1729 9584 991
1730 9586 989
1731 9587 988
1732 9585 990
1733 9585 990
1734 9585 990
1735 9589 986
1736 9587 988
1737 9583 992
1738 9581 994
1739 9585 990
1740 9586 989
1741 9588 987
1742 9589 986
1743 9592 983
1744 9588 987
1745 9591 984
1746 9590 985
1747 9589 986
1748 9591 984
1749 9591 984
1750 9597 978
1751 9597 978
1752 9600 975
1753 9604 971
1754 9604 971
1755 9601 974
1756 9599 976
1757 9600 975
1758 9599 976
1759 9598 977
1760 9604 971
1761 9603 972
1762 9607 968
1763 9607 968
1764 9608 967
1765 9605 970
1766 9609 966
1767 9611 964
1768 9611 964
1769 9608 967
1770 9608 967
1771 9607 968
1772 9605 970
1773 9606 969
1774 9608 967
1775 9612 963
1776 9608 967
1777 9609 966
1778 9609 966
1779 9612 963
1780 9616 959
1781 9614 961
1782 9612 963
1783 9611 964
1784 9610 965
1785 9611 964
1786 9611 964
1787 9609 966
1788 9610 965
1789 9612 963
1790 9612 963
1791 9613 962
1792 9616 959
1793 9612 963
1794 9612 963
1795 9611 964
1796 9611 964
1797 9613 962
1798 9611 964
1799 9614 961
1800 9612 963
1801 9616 959
1802 9614 961
1803 9618 957
1804 9613 962
1805 9610 965
1806 9617 958
1807 9616 959
1808 9620 955
1809 9619 956
1810 9621 954
1811 9620 955
1812 9618 957
1813 9617 958
1814 9614 961
1815 9617 958
1816 9619 956
1817 9618 957
1818 9618 957
1819 9619 956
1820 9623 952
1821 9625 950
1822 9621 954
1823 9624 951
1824 9622 953
1825 9621 954
1826 9622 953
1827 9620 955
1828 9618 957
1829 9625 950
1830 9625 950
1831 9625 950
1832 9627 948
1833 9625 950
1834 9626 949
1835 9628 947
1836 9632 943
1837 9633 942
1838 9638 937
1839 9636 939
1840 9638 937
1841 9639 936
1842 9638 937
1843 9640 935
1844 9639 936
1845 9640 935
1846 9641 934
1847 9640 935
1848 9639 936
1849 9641 934
1850 9640 935
1851 9640 935
1852 9640 935
1853 9639 936
1854 9640 935
1855 9642 933
1856 9643 932
1857 9641 934
1858 9642 933
1859 9643 932
1860 9640 935
1861 9639 936
1862 9642 933
1863 9646 929
1864 9641 934
1865 9639 936
1866 9647 928
1867 9646 929
1868 9648 927
1869 9650 925
1870 9650 925
1871 9651 924
1872 9649 926
1873 9648 927
1874 9650 925
1875 9650 925
1876 9646 929
1877 9644 931
1878 9641 934
1879 9646 929
1880 9646 929
1881 9642 933
1882 9643 932
1883 9641 934
1884 9643 932
1885 9643 932
1886 9646 929
1887 9648 927
1888 9645 930
1889 9642 933
1890 9644 931
1891 9646 929
1892 9648 927
1893 9649 926
1894 9654 921
1895 9653 922
1896 9652 923
1897 9654 921
1898 9658 917
1899 9651 924
1900 9651 924
1901 9649 926
1902 9650 925
1903 9650 925
1904 9652 923
1905 9652 923
1906 9649 926
1907 9649 926
1908 9652 923
1909 9653 922
1910 9651 924
1911 9659 916
1912 9655 920
1913 9655 920
1914 9658 917
1915 9658 917
1916 9657 918
1917 9659 916
1918 9660 915
1919 9662 913
1920 9658 917
1921 9658 917
1922 9654 921
1923 9658 917
1924 9664 911
1925 9664 911
1926 9664 911
1927 9665 910
1928 9664 911
1929 9667 908
1930 9668 907
1931 9668 907
1932 9668 907
1933 9668 907
1934 9672 903
1935 9675 900
1936 9679 896
1937 9675 900
1938 9676 899
1939 9678 897
1940 9679 896
1941 9679 896
1942 9679 896
1943 9677 898
1944 9679 896
1945 9677 898
1946 9680 895
1947 9679 896
1948 9682 893
1949 9682 893
1950 9681 894
1951 9680 895
1952 9680 895
1953 9678 897
1954 9678 897
1955 9674 901
1956 9674 901
1957 9672 903
1958 9672 903
1959 9675 900
1960 9676 899
1961 9678 897
1962 9678 897
1963 9677 898
1964 9679 896
1965 9683 892
1966 9682 893
1967 9682 893
1968 9681 894
1969 9683 892
1970 9689 886
1971 9688 887
1972 9692 883
1973 9692 883
1974 9688 887
1975 9687 888
1976 9688 887
1977 9686 889
1978 9686 889
1979 9687 888
1980 9687 888
1981 9688 887
1982 9688 887
1983 9687 888
1984 9687 888
1985 9685 890
1986 9689 886
1987 9687 888
1988 9685 890
1989 9687 888
1990 9684 891
1991 9687 888
1992 9687 888
1993 9692 883
1994 9691 884
1995 9693 882
1996 9692 883
1997 9693 882
1998 9696 879
1999 9699 876
2000 9702 873
2001 9703 872
2002 9707 868
2003 9706 869
2004 9704 871
2005 9700 875
2006 9699 876
2007 9696 879
2008 9697 878
2009 9698 877
2010 9695 880
2011 9699 876
2012 9701 874
2013 9704 871
2014 9699 876
2015 9700 875
2016 9697 878
2017 9700 875
2018 9701 874
2019 9703 872
2020 9701 874
2021 9702 873
2022 9707 868
2023 9709 866
2024 9710 865
2025 9708 867
2026 9712 863
2027 9712 863
2028 9710 865
2029 9711 864
2030 9715 860
2031 9714 861
2032 9713 862
2033 9713 862
2034 9715 860
2035 9714 861
2036 9715 860
2037 9718 857
2038 9715 860
2039 9714 861
2040 9715 860
2041 9714 861
2042 9716 859
2043 9715 860
2044 9714 861
2045 9716 859
2046 9716 859
2047 9712 863
2048 9711 864
2049 9709 866
2050 9706 869
2051 9708 867
2052 9708 867
2053 9706 869
2054 9708 867
2055 9707 868
2056 9706 869
2057 9706 869
2058 9702 873
2059 9703 872
2060 9703 872
2061 9703 872
2062 9704 871
2063 9701 874
2064 9701 874
2065 9701 874
2066 9701 874
2067 9705 870
2068 9700 875
2069 9705 870
2070 9707 868
2071 9707 868
2072 9710 865
2073 9707 868
2074 9710 865
2075 9712 863
2076 9710 865
2077 9710 865
2078 9709 866
2079 9710 865
2080 9709 866
2081 9709 866
2082 9709 866
2083 9709 866
2084 9713 862
2085 9715 860
2086 9717 858
2087 9716 859
2088 9716 859
2089 9715 860
2090 9714 861
2091 9719 856
2092 9714 861
2093 9712 863
2094 9711 864
2095 9713 862
2096 9713 862
2097 9710 865
2098 9713 862
2099 9710 865
2100 9713 862
2101 9713 862
2102 9713 862
2103 9714 861
2104 9714 861
2105 9713 862
2106 9714 861
2107 9716 859
2108 9718 857
2109 9715 860
2110 9716 859
2111 9714 861
2112 9717 858
2113 9723 852
2114 9722 853
2115 9722 853
2116 9723 852
2117 9724 851
2118 9724 851
2119 9725 850
2120 9725 850
2121 9726 849
2122 9724 851
2123 9726 849
2124 9725 850
2125 9723 852
2126 9728 847
2127 9725 850
2128 9727 848
2129 9725 850
2130 9726 849
2131 9727 848
2132 9729 846
2133 9727 848
2134 9728 847
2135 9730 845
2136 9728 847
2137 9726 849
2138 9728 847
2139 9728 847
2140 9730 845
2141 9732 843
2142 9731 844
2143 9732 843
2144 9729 846
2145 9727 848
2146 9731 844
2147 9733 842
2148 9733 842
2149 9735 840
2150 9730 845
2151 9728 847
2152 9729 846
2153 9727 848
2154 9728 847
2155 9728 847
2156 9729 846
2157 9729 846
2158 9726 849
2159 9726 849
2160 9730 845
2161 9728 847
2162 9727 848
2163 9726 849
2164 9726 849
2165 9729 846
2166 9727 848
2167 9731 844
2168 9727 848
2169 9727 848
2170 9724 851
2171 9724 851
2172 9726 849
2173 9723 852
2174 9724 851
2175 9725 850
2176 9724 851
2177 9724 851
2178 9724 851
2179 9727 848
2180 9728 847
2181 9732 843
2182 9729 846
2183 9729 846
2184 9732 843
2185 9732 843
2186 9734 841
2187 9733 842
2188 9733 842
2189 9729 846
2190 9729 846
2191 9729 846
2192 9733 842
2193 9734 841
2194 9735 840
2195 9738 837
2196 9737 838
2197 9737 838
2198 9735 840
2199 9735 840
2200 9735 840
2201 9732 843
2202 9732 843
2203 9733 842
2204 9732 843
2205 9730 845
2206 9730 845
2207 9731 844
2208 9727 848
2209 9730 845
2210 9732 843
2211 9733 842
2212 9734 841
2213 9733 842
2214 9732 843
2215 9731 844
2216 9731 844
2217 9732 843
2218 9730 845
2219 9733 842
2220 9734 841
2221 9738 837
2222 9740 835
2223 9739 836
2224 9741 834
2225 9740 835
2226 9740 835
2227 9741 834
2228 9740 835
2229 9739 836
2230 9741 834
2231 9742 833
2232 9739 836
2233 9737 838
2234 9738 837
2235 9740 835
2236 9740 835
2237 9739 836
2238 9738 837
2239 9739 836
2240 9741 834
2241 9739 836
2242 9741 834
2243 9741 834
2244 9739 836
2245 9741 834
2246 9738 837
2247 9738 837
2248 9739 836
2249 9739 836
2250 9737 838
2251 9740 835
2252 9737 838
2253 9738 837
2254 9740 835
2255 9744 831
2256 9743 832
2257 9744 831
2258 9744 831
2259 9747 828
2260 9748 827
2261 9750 825
2262 9748 827
2263 9749 826
2264 9751 824
2265 9751 824
2266 9752 823
2267 9753 822
2268 9754 821
2269 9753 822
2270 9755 820
2271 9754 821
2272 9755 820
2273 9752 823
2274 9751 824
2275 9752 823
2276 9750 825
2277 9752 823
2278 9754 821
2279 9754 821
2280 9753 822
2281 9753 822
2282 9752 823
2283 9755 820
2284 9754 821
2285 9754 821
2286 9754 821
2287 9752 823
2288 9751 824
2289 9753 822
2290 9759 816
2291 9756 819
2292 9754 821
2293 9753 822
2294 9754 821
2295 9753 822
2296 9753 822
2297 9752 823
2298 9750 825
2299 9750 825
2300 9749 826
2301 9748 827
2302 9748 827
2303 9755 820
2304 9752 823
2305 9751 824
2306 9749 826
2307 9753 822
2308 9752 823
2309 9751 824
2310 9749 826
2311 9750 825
2312 9751 824
2313 9751 824
2314 9748 827
2315 9750 825
2316 9752 823
2317 9755 820
2318 9753 822
2319 9755 820
2320 9755 820
2321 9755 820
2322 9756 819
2323 9756 819
2324 9758 817
2325 9756 819
2326 9755 820
2327 9753 822
2328 9753 822
2329 9756 819
2330 9757 818
2331 9754 821
2332 9756 819
2333 9755 820
2334 9758 817
2335 9756 819
2336 9755 820
2337 9757 818
2338 9757 818
2339 9756 819
2340 9756 819
2341 9757 818
2342 9759 816
2343 9760 815
2344 9757 818
2345 9758 817
2346 9758 817
2347 9758 817
2348 9759 816
2349 9760 815
2350 9761 814
2351 9762 813
2352 9763 812
2353 9765 810
2354 9764 811
2355 9762 813
2356 9763 812
2357 9764 811
2358 9763 812
2359 9763 812
2360 9762 813
2361 9763 812
2362 9763 812
2363 9764 811
2364 9766 809
2365 9767 808
2366 9768 807
2367 9767 808
2368 9767 808
2369 9767 808
2370 9768 807
2371 9767 808
2372 9765 810
2373 9766 809
2374 9764 811
2375 9764 811
2376 9763 812
2377 9765 810
2378 9764 811
2379 9764 811
2380 9765 810
2381 9765 810
2382 9766 809
2383 9769 806
2384 9772 803
2385 9775 800
2386 9773 802
2387 9773 802
2388 9775 800
2389 9774 801
2390 9771 804
2391 9776 799
2392 9775 800
2393 9771 804
2394 9771 804
2395 9772 803
2396 9772 803
2397 9773 802
2398 9775 800
2399 9775 800
2400 9771 804
2401 9773 802
2402 9773 802
2403 9777 798
2404 9777 798
2405 9775 800
2406 9774 801
2407 9776 799
2408 9774 801
2409 9774 801
2410 9773 802
2411 9770 805
2412 9771 804
2413 9771 804
2414 9772 803
2415 9774 801
2416 9775 800
2417 9776 799
2418 9778 797
2419 9779 796
2420 9780 795
2421 9781 794
2422 9778 797
2423 9778 797
2424 9776 799
2425 9779 796
2426 9778 797
2427 9779 796
2428 9778 797
2429 9775 800
2430 9779 796
2431 9776 799
2432 9778 797
2433 9782 793
2434 9778 797
2435 9779 796
2436 9778 797
2437 9780 795
2438 9778 797
2439 9780 795
2440 9779 796
2441 9778 797
2442 9779 796
2443 9780 795
2444 9782 793
2445 9780 795
2446 9779 796
2447 9781 794
2448 9782 793
2449 9783 792
2450 9786 789
2451 9785 790
2452 9786 789
2453 9783 792
2454 9781 794
2455 9782 793
2456 9783 792
2457 9787 788
2458 9785 790
2459 9787 788
2460 9786 789
2461 9786 789
2462 9789 786
2463 9790 785
2464 9788 787
2465 9787 788
2466 9785 790
2467 9789 786
2468 9790 785
2469 9789 786
2470 9790 785
2471 9790 785
2472 9790 785
2473 9790 785
2474 9790 785
2475 9789 786
2476 9788 787
2477 9790 785
2478 9789 786
2479 9791 784
2480 9790 785
2481 9790 785
2482 9792 783
2483 9792 783
2484 9791 784
2485 9792 783
2486 9793 782
2487 9795 780
2488 9793 782
2489 9794 781
2490 9795 780
2491 9793 782
2492 9794 781
2493 9795 780
2494 9797 778
2495 9798 777
2496 9798 777
2497 9796 779
2498 9797 778
2499 9795 780
2500 9795 780
2501 9794 781
2502 9796 779
2503 9795 780
2504 9796 779
2505 9796 779
2506 9797 778
2507 9798 777
2508 9796 779
2509 9796 779
2510 9797 778
2511 9796 779
2512 9795 780
2513 9794 781
2514 9793 782
2515 9791 784
2516 9793 782
2517 9794 781
2518 9794 781
2519 9794 781
2520 9793 782
2521 9793 782
2522 9792 783
2523 9793 782
2524 9795 780
2525 9791 784
2526 9791 784
2527 9791 784
2528 9791 784
2529 9793 782
2530 9793 782
2531 9797 778
2532 9796 779
2533 9796 779
2534 9797 778
2535 9797 778
2536 9797 778
2537 9797 778
2538 9798 777
2539 9798 777
2540 9799 776
2541 9800 775
2542 9801 774
2543 9800 775
2544 9801 774
2545 9803 772
2546 9802 773
2547 9802 773
2548 9802 773
2549 9801 774
2550 9800 775
2551 9799 776
2552 9797 778
2553 9797 778
2554 9800 775
2555 9800 775
2556 9802 773
2557 9799 776
2558 9800 775
2559 9801 774
2560 9798 777
2561 9798 777
2562 9798 777
2563 9796 779
2564 9797 778
2565 9797 778
2566 9797 778
2567 9797 778
2568 9798 777
2569 9798 777
2570 9798 777
2571 9798 777
2572 9797 778
2573 9798 777
2574 9799 776
2575 9801 774
2576 9804 771
2577 9808 767
2578 9805 770
2579 9803 772
2580 9806 769
2581 9807 768
2582 9806 769
2583 9807 768
2584 9806 769
2585 9808 767
2586 9807 768
2587 9807 768
2588 9805 770
2589 9802 773
2590 9804 771
2591 9805 770
2592 9804 771
2593 9803 772
2594 9804 771
2595 9805 770
2596 9803 772
2597 9805 770
2598 9807 768
2599 9805 770
2600 9805 770
2601 9805 770
2602 9806 769
2603 9805 770
2604 9806 769
2605 9807 768
2606 9807 768
2607 9809 766
2608 9809 766
2609 9809 766
2610 9809 766
2611 9813 762
2612 9814 761
2613 9812 763
2614 9808 767
2615 9809 766
2616 9811 764
2617 9815 760
2618 9814 761
2619 9813 762
2620 9813 762
2621 9812 763
2622 9812 763
2623 9815 760
2624 9816 759
2625 9817 758
2626 9814 761
2627 9814 761
2628 9813 762
2629 9813 762
2630 9813 762
2631 9813 762
2632 9813 762
2633 9813 762
2634 9813 762
2635 9815 760
2636 9817 758
2637 9817 758
2638 9818 757
2639 9819 756
2640 9821 754
2641 9821 754
2642 9822 753
2643 9821 754
2644 9822 753
2645 9819 756
2646 9819 756
2647 9818 757
2648 9821 754
2649 9821 754
2650 9820 755
2651 9821 754
2652 9821 754
2653 9823 752
2654 9823 752
2655 9824 751
2656 9825 750
2657 9826 749
2658 9826 749
2659 9825 750
2660 9825 750
2661 9826 749
2662 9828 747
2663 9827 748
2664 9828 747
2665 9827 748
2666 9827 748
2667 9826 749
2668 9828 747
2669 9827 748
2670 9826 749
2671 9824 751
2672 9823 752
2673 9822 753
2674 9826 749
2675 9826 749
2676 9823 752
2677 9823 752
2678 9823 752
2679 9822 753
2680 9824 751
2681 9822 753
2682 9818 757
2683 9819 756
2684 9820 755
2685 9820 755
2686 9821 754
2687 9819 756
2688 9820 755
2689 9821 754
2690 9820 755
2691 9823 752
2692 9823 752
2693 9822 753
2694 9822 753
2695 9821 754
2696 9819 756
2697 9820 755
2698 9820 755
2699 9819 756
2700 9821 754
2701 9823 752
2702 9822 753
2703 9824 751
2704 9823 752
2705 9825 750
2706 9823 752
2707 9822 753
2708 9824 751
2709 9824 751
2710 9824 751
2711 9823 752
2712 9823 752
2713 9827 748
2714 9824 751
2715 9824 751
2716 9826 749
2717 9826 749
2718 9826 749
2719 9826 749
2720 9825 750
2721 9828 747
2722 9828 747
2723 9829 746
2724 9830 745
2725 9831 744
2726 9831 744
2727 9831 744
2728 9835 740
2729 9835 740
2730 9835 740
2731 9833 742
2732 9831 744
2733 9829 746
2734 9828 747
2735 9830 745
2736 9832 743
2737 9833 742
2738 9831 744
2739 9834 741
2740 9834 741
2741 9832 743
2742 9834 741
2743 9833 742
2744 9838 737
2745 9834 741
2746 9833 742
2747 9832 743
2748 9832 743
2749 9831 744
2750 9828 747
2751 9828 747
2752 9828 747
2753 9828 747
2754 9829 746
2755 9830 745
2756 9831 744
2757 9831 744
2758 9831 744
2759 9830 745
2760 9829 746
2761 9827 748
2762 9828 747
2763 9831 744
2764 9834 741
2765 9836 739
2766 9836 739
2767 9834 741
2768 9835 740
2769 9833 742
2770 9834 741
2771 9831 744
2772 9834 741
2773 9831 744
2774 9831 744
2775 9830 745
2776 9829 746
2777 9831 744
2778 9832 743
2779 9834 741
2780 9836 739
2781 9833 742
2782 9833 742
2783 9835 740
2784 9835 740
2785 9836 739
2786 9838 737
2787 9836 739
2788 9837 738
2789 9834 741
2790 9834 741
2791 9833 742
2792 9833 742
2793 9836 739
2794 9836 739
2795 9836 739
2796 9835 740
2797 9835 740
2798 9835 740
2799 9836 739
2800 9837 738
2801 9839 736
2802 9840 735
2803 9836 739
2804 9835 740
2805 9834 741
2806 9834 741
2807 9832 743
2808 9833 742
2809 9832 743
2810 9832 743
2811 9833 742
2812 9832 743
2813 9832 743
2814 9832 743
2815 9832 743
2816 9832 743
2817 9833 742
2818 9833 742
2819 9836 739
2820 9834 741
2821 9834 741
2822 9833 742
2823 9834 741
2824 9836 739
2825 9836 739
2826 9836 739
2827 9837 738
2828 9836 739
2829 9835 740
2830 9836 739
2831 9837 738
2832 9836 739
2833 9838 737
2834 9839 736
2835 9842 733
2836 9841 734
2837 9842 733
2838 9842 733
2839 9839 736
2840 9837 738
2841 9837 738
2842 9838 737
2843 9840 735
2844 9840 735
2845 9841 734
2846 9841 734
2847 9840 735
2848 9838 737
2849 9836 739
2850 9836 739
2851 9835 740
2852 9836 739
2853 9838 737
2854 9837 738
2855 9837 738
2856 9838 737
2857 9838 737
2858 9839 736
2859 9840 735
2860 9839 736
2861 9840 735
2862 9840 735
2863 9838 737
2864 9836 739
2865 9836 739
2866 9837 738
2867 9836 739
2868 9838 737
2869 9837 738
2870 9836 739
2871 9836 739
2872 9836 739
2873 9835 740
2874 9839 736
2875 9838 737
2876 9837 738
2877 9837 738
2878 9836 739
2879 9836 739
2880 9836 739
2881 9834 741
2882 9835 740
2883 9838 737
2884 9838 737
2885 9837 738
2886 9837 738
2887 9837 738
2888 9838 737
2889 9839 736
2890 9843 732
2891 9841 734
2892 9841 734
2893 9839 736
2894 9839 736
2895 9840 735
2896 9841 734
2897 9839 736
2898 9837 738
2899 9837 738
2900 9838 737
2901 9837 738
2902 9835 740
2903 9837 738
2904 9837 738
2905 9837 738
2906 9838 737
2907 9838 737
2908 9838 737
2909 9839 736
2910 9838 737
2911 9838 737
2912 9839 736
2913 9839 736
2914 9840 735
2915 9839 736
2916 9838 737
2917 9838 737
2918 9841 734
2919 9840 735
2920 9837 738
2921 9839 736
2922 9837 738
2923 9838 737
2924 9841 734
2925 9840 735
2926 9837 738
2927 9838 737
2928 9840 735
2929 9840 735
2930 9843 732
2931 9842 733
2932 9843 732
2933 9841 734
2934 9841 734
2935 9841 734
2936 9840 735
2937 9841 734
2938 9841 734
2939 9842 733
2940 9843 732
2941 9841 734
2942 9841 734
2943 9842 733
2944 9843 732
2945 9841 734
2946 9842 733
2947 9842 733
2948 9843 732
2949 9842 733
2950 9843 732
2951 9844 731
2952 9843 732
2953 9844 731
2954 9844 731
2955 9843 732
2956 9841 734
2957 9840 735
2958 9841 734
2959 9841 734
2960 9841 734
2961 9840 735
2962 9841 734
2963 9841 734
2964 9842 733
2965 9842 733
2966 9843 732
2967 9844 731
2968 9844 731
2969 9845 730
2970 9844 731
2971 9846 729
2972 9846 729
2973 9845 730
2974 9844 731
2975 9845 730
2976 9844 731
2977 9844 731
2978 9846 729
2979 9846 729
2980 9846 729
2981 9845 730
2982 9844 731
2983 9845 730
2984 9846 729
2985 9846 729
2986 9848 727
2987 9848 727
2988 9850 725
2989 9849 726
2990 9847 728
2991 9848 727
2992 9848 727
2993 9848 727
2994 9846 729
2995 9846 729
2996 9847 728
2997 9846 729
2998 9848 727
2999 9847 728
3000 9847 728
