0 1979 195 0 0 0 0 0 0 0 0 0 0 0 0 0 0
1 11646 195 195 0 0 0 0 0 0 0 0 0 0 0 0 0
2 11644 196 196 0 0 0 0 0 0 0 0 0 0 0 0 0
3 11646 195 195 0 0 0 0 0 0 0 0 0 0 0 0 0
4 11646 195 195 0 0 0 0 0 0 0 0 0 0 0 0 0
5 11650 193 193 0 0 0 0 0 0 0 0 0 0 0 0 0
6 11648 194 194 0 0 0 0 0 0 0 0 0 0 0 0 0
7 11648 194 194 0 0 0 0 0 0 0 0 0 0 0 0 0
8 11650 193 193 0 0 0 0 0 0 0 0 0 0 0 0 0
9 11650 193 193 0 0 0 0 0 0 0 0 0 0 0 0 0
10 11646 195 195 0 0 0 0 0 0 0 0 0 0 0 0 0
11 11648 194 194 0 0 0 0 0 0 0 0 0 0 0 0 0
12 11644 196 196 0 0 0 0 0 0 0 0 0 0 0 0 0
13 11646 195 195 0 0 0 0 0 0 0 0 0 0 0 0 0
14 11648 194 194 0 0 0 0 0 0 0 0 0 0 0 0 0
15 11644 196 196 0 0 0 0 0 0 0 0 0 0 0 0 0
16 11646 195 195 0 0 0 0 0 0 0 0 0 0 0 0 0
17 11642 197 197 0 0 0 0 0 0 0 0 0 0 0 0 0
18 11642 197 197 0 0 0 0 0 0 0 0 0 0 0 0 0
19 11638 199 199 0 0 0 0 0 0 0 0 0 0 0 0 0
20 11636 200 200 0 0 0 0 0 0 0 0 0 0 0 0 0
21 11638 199 199 0 0 0 0 0 0 0 0 0 0 0 0 0
22 11638 199 199 0 0 0 0 0 0 0 0 0 0 0 0 0
23 11638 199 199 0 0 0 0 0 0 0 0 0 0 0 0 0
24 11642 197 197 0 0 0 0 0 0 0 0 0 0 0 0 0
25 11644 196 196 0 0 0 0 0 0 0 0 0 0 0 0 0
26 11644 196 196 0 0 0 0 0 0 0 0 0 0 0 0 0
27 11648 194 194 0 0 0 0 0 0 0 0 0 0 0 0 0
28 11646 195 195 0 0 0 0 0 0 0 0 0 0 0 0 0
29 11648 194 194 0 0 0 0 0 0 0 0 0 0 0 0 0
30 11650 193 193 0 0 0 0 0 0 0 0 0 0 0 0 0
31 11650 193 193 0 0 0 0 0 0 0 0 0 0 0 0 0
32 11648 194 194 0 0 0 0 0 0 0 0 0 0 0 0 0
33 11644 196 196 0 0 0 0 0 0 0 0 0 0 0 0 0
34 11646 195 195 0 0 0 0 0 0 0 0 0 0 0 0 0
35 11640 198 198 0 0 0 0 0 0 0 0 0 0 0 0 0
36 11638 199 199 0 0 0 0 0 0 0 0 0 0 0 0 0
37 11636 200 200 0 0 0 0 0 0 0 0 0 0 0 0 0
38 11628 204 204 0 0 0 0 0 0 0 0 0 0 0 0 0
39 11626 205 205 0 0 0 0 0 0 0 0 0 0 0 0 0
40 11618 209 209 0 0 0 0 0 0 0 0 0 0 0 0 0
41 11618 209 209 0 0 0 0 0 0 0 0 0 0 0 0 0
42 11614 211 211 0 0 0 0 0 0 0 0 0 0 0 0 0
43 11614 211 211 0 0 0 0 0 0 0 0 0 0 0 0 0
44 11604 216 216 0 0 0 0 0 0 0 0 0 0 0 0 0
45 11598 219 219 0 0 0 0 0 0 0 0 0 0 0 0 0
46 11592 222 222 0 0 0 0 0 0 0 0 0 0 0 0 0
47 11580 228 228 0 0 0 0 0 0 0 0 0 0 0 0 0
48 11562 237 237 0 0 0 0 0 0 0 0 0 0 0 0 0
49 11560 238 238 0 0 0 0 0 0 0 0 0 0 0 0 0
50 11553 241 241 1 0 0 0 0 0 0 0 0 0 0 0 0
51 11541 247 247 1 0 0 0 0 0 0 0 0 0 0 0 0
52 11532 251 251 2 0 0 0 0 0 0 0 0 0 0 0 0
53 11526 254 254 2 0 0 0 0 0 0 0 0 0 0 0 0
54 11518 258 258 2 0 0 0 0 0 0 0 0 0 0 0 0
55 11506 264 264 2 0 0 0 0 0 0 0 0 0 0 0 0
56 11492 271 271 2 0 0 0 0 0 0 0 0 0 0 0 0
57 11476 279 279 2 0 0 0 0 0 0 0 0 0 0 0 0
58 11463 285 285 3 0 0 0 0 0 0 0 0 0 0 0 0
59 11446 293 293 4 0 0 0 0 0 0 0 0 0 0 0 0
60 11435 298 298 5 0 0 0 0 0 0 0 0 0 0 0 0
61 11432 299 299 6 0 0 0 0 0 0 0 0 0 0 0 0
62 11428 301 301 6 0 0 0 0 0 0 0 0 0 0 0 0
63 11422 304 304 6 0 0 0 0 0 0 0 0 0 0 0 0
64 11402 314 313 5 0 0 1 0 0 0 0 1 0 0 0 0
65 11394 318 317 5 0 0 1 0 0 0 0 1 0 0 0 0
66 11381 324 323 6 0 0 1 0 0 0 0 1 0 0 0 0
67 11363 333 332 6 0 0 1 0 0 0 0 1 0 0 0 0
68 11343 342 341 8 0 0 1 0 0 0 0 1 0 0 0 0
69 11329 349 348 8 0 0 1 0 0 0 0 1 0 0 0 0
70 11309 359 358 8 0 0 1 0 0 0 0 1 0 0 0 0
71 11289 369 368 8 0 0 1 0 0 0 0 1 0 0 0 0
72 11278 374 373 9 0 0 1 0 0 0 0 1 0 0 0 0
73 11261 382 381 10 0 0 1 0 0 0 0 1 0 0 0 0
74 11239 393 392 10 0 0 1 0 0 0 0 1 0 0 0 0
75 11221 402 401 10 0 0 1 0 0 0 0 1 0 0 0 0
76 11213 406 405 10 0 0 1 0 0 0 0 1 0 0 0 0
77 11195 414 413 12 0 0 1 0 0 0 0 1 0 0 0 0
78 11171 424 423 16 0 0 1 0 0 0 0 1 0 0 0 0
79 11163 428 427 16 0 0 1 0 0 0 0 1 0 0 0 0
80 11147 435 434 18 0 0 1 0 0 0 0 1 0 0 0 0
81 11130 443 442 19 0 0 1 0 0 0 0 1 0 0 0 0
82 11114 451 450 19 0 0 1 0 0 0 0 1 0 0 0 0
83 11090 463 462 19 0 0 1 0 0 0 0 1 0 0 0 0
84 11076 469 468 21 0 0 1 0 0 0 0 1 0 0 0 0
85 11072 471 470 21 0 0 1 0 0 0 0 1 0 0 0 0
86 11054 480 479 21 0 0 1 0 0 0 0 1 0 0 0 0
87 11055 479 478 22 0 0 1 0 0 0 0 1 0 0 0 0
88 11040 486 485 23 0 0 1 0 0 0 0 1 0 0 0 0
89 11013 499 498 24 0 0 1 0 0 0 0 1 0 0 0 0
90 10995 507 506 26 0 0 1 0 0 0 0 1 0 0 0 0
91 10987 511 509 25 0 0 2 0 0 0 0 2 0 0 0 0
92 10978 515 513 26 0 0 2 0 0 0 0 2 0 0 0 0
93 10970 519 517 26 0 0 2 0 0 0 0 2 0 0 0 0
94 10953 526 524 29 0 0 2 0 0 0 0 2 0 0 0 0
95 10945 530 528 29 0 0 2 0 0 0 0 2 0 0 0 0
96 10933 536 534 29 0 0 2 0 0 0 0 2 0 0 0 0
97 10918 544 542 28 0 0 2 0 0 0 0 2 0 0 0 0
98 10906 550 548 28 0 0 2 0 0 0 0 2 0 0 0 0
99 10897 554 552 29 0 0 2 0 0 0 0 2 0 0 0 0
100 10892 555 553 32 0 0 2 0 0 0 0 2 0 0 0 0
101 10874 564 562 32 0 0 2 0 0 0 0 2 0 0 0 0
102 10865 568 565 32 0 0 3 0 0 0 0 3 0 0 0 0
103 10864 569 566 31 0 0 3 0 0 0 0 3 0 0 0 0
104 10860 571 567 30 0 0 4 0 0 0 0 4 0 0 0 0
105 10842 579 575 32 0 0 4 0 0 0 0 4 0 0 0 0
106 10837 580 577 34 0 0 4 0 0 1 0 3 0 0 0 0
107 10832 580 578 38 0 0 4 0 0 2 0 2 0 0 0 0
108 10809 591 589 39 0 0 4 0 0 2 0 2 0 0 0 0
109 10789 601 599 39 0 0 4 0 0 2 0 2 0 0 0 0
110 10772 609 607 40 0 0 4 0 0 2 0 2 0 0 0 0
111 10768 610 608 42 0 0 4 0 0 2 0 2 0 0 0 0
112 10758 614 612 42 0 0 5 0 0 3 0 2 0 0 0 0
113 10759 613 611 43 0 0 5 0 0 3 0 2 0 0 0 0
114 10758 614 612 42 0 0 5 0 0 3 0 2 0 0 0 0
115 10739 623 620 42 0 0 6 0 0 3 0 3 0 0 0 0
116 10727 629 626 42 0 0 6 0 0 3 0 3 0 0 0 0
117 10704 640 637 43 0 0 6 0 0 3 0 3 0 0 0 0
118 10696 644 641 43 0 0 6 0 0 3 0 3 0 0 0 0
119 10688 648 645 43 0 0 6 0 0 3 0 3 0 0 0 0
120 10681 651 648 44 0 0 6 0 0 3 0 3 0 0 0 0
121 10681 651 648 44 0 0 6 0 0 3 0 3 0 0 0 0
122 10683 650 647 44 0 0 6 0 0 3 0 3 0 0 0 0
123 10691 646 643 44 0 0 6 0 0 3 0 3 0 0 0 0
124 10690 646 643 45 0 0 6 0 0 3 0 3 0 0 0 0
125 10672 653 650 49 0 0 6 0 0 3 0 3 0 0 0 0
126 10657 660 657 50 0 0 6 0 0 3 0 3 0 0 0 0
127 10639 669 666 50 0 0 6 0 0 3 0 3 0 0 0 0
128 10632 672 669 51 0 0 6 0 0 3 0 3 0 0 0 0
129 10610 681 677 54 0 0 7 0 0 3 0 4 0 0 0 0
130 10610 681 677 54 0 0 7 0 0 3 0 4 0 0 0 0
131 10583 694 690 55 0 0 7 0 0 3 0 4 0 0 0 0
132 10571 700 696 55 0 0 7 0 0 3 0 4 0 0 0 0
133 10553 709 705 55 0 0 7 0 0 3 0 4 0 0 0 0
134 10539 715 711 57 0 0 7 0 0 3 0 4 0 0 0 0
135 10531 718 714 59 0 0 7 0 0 3 0 4 0 0 0 0
136 10517 724 720 61 0 0 7 0 0 3 0 4 0 0 0 0
137 10519 722 717 62 0 0 8 0 0 3 0 5 0 0 0 0
138 10509 727 721 61 0 0 9 0 0 3 0 6 0 0 0 0
139 10501 731 725 61 0 0 9 0 0 3 0 6 0 0 0 0
140 10498 732 726 62 0 0 9 0 0 3 0 6 0 0 0 0
141 10489 736 730 61 0 0 9 1 0 3 0 7 0 0 0 0
142 10476 743 737 60 0 0 9 1 0 3 0 7 0 0 0 0
143 10473 744 738 61 0 0 9 1 0 3 0 7 0 0 0 0
144 10463 749 743 61 0 0 9 1 0 3 0 7 0 0 0 0
145 10450 755 748 61 0 0 10 1 0 3 0 8 0 0 0 0
146 10436 761 754 63 0 0 10 1 0 3 0 8 0 0 0 0
147 10413 771 764 66 0 0 10 1 0 3 0 8 0 0 0 0
148 10391 781 775 67 0 0 9 2 0 3 0 8 0 0 0 0
149 10378 787 781 68 0 0 9 2 0 3 0 8 0 0 0 0
150 10369 792 785 66 0 0 10 2 0 3 0 9 0 0 0 0
151 10351 802 795 64 0 0 10 2 0 3 0 9 0 0 0 0
152 10343 806 798 63 0 0 11 2 0 3 0 10 0 0 0 0
153 10318 817 809 66 0 0 11 2 0 3 0 10 0 0 0 0
154 10298 825 817 70 0 0 11 2 0 3 0 10 0 0 0 0
155 10267 838 830 75 0 0 11 2 0 3 0 10 0 0 0 0
156 10244 847 838 79 0 0 12 2 0 3 0 11 0 0 0 0
157 10216 860 850 80 0 0 13 2 0 3 0 12 0 0 0 0
158 10184 876 865 79 0 0 14 2 0 3 0 13 0 0 0 0
159 10162 885 875 82 0 0 14 2 0 4 0 12 0 0 0 0
160 10143 894 884 83 0 0 14 2 0 4 0 12 0 0 0 0
161 10121 905 895 83 0 0 14 2 0 4 0 12 0 0 0 0
162 10094 917 907 86 0 0 14 2 0 4 0 12 0 0 0 0
163 10071 928 918 87 0 0 14 2 0 4 0 12 0 0 0 0
164 10050 937 927 90 0 0 14 2 0 4 0 12 0 0 0 0
165 10032 945 935 92 0 0 14 2 0 4 0 12 0 0 0 0
166 10011 954 942 93 0 0 16 2 0 4 0 14 0 0 0 0
167 9980 968 956 96 0 0 16 2 0 4 0 14 0 0 0 0
168 9964 974 962 100 0 0 16 2 0 4 0 14 0 0 0 0
169 9946 984 972 98 0 0 16 2 0 4 0 14 0 0 0 0
170 9912 999 987 102 0 0 16 2 0 4 0 14 0 0 0 0
171 9878 1015 1001 102 0 0 18 2 0 4 0 16 0 0 0 0
172 9849 1028 1014 105 0 0 18 2 0 4 0 16 0 0 0 0
173 9831 1036 1022 105 0 0 18 3 0 4 0 17 0 0 0 0
174 9816 1043 1029 106 0 0 18 3 0 4 0 17 0 0 0 0
175 9811 1045 1029 105 0 0 20 3 0 4 0 19 0 0 0 0
176 9805 1048 1032 105 0 0 20 3 0 4 0 19 0 0 0 0
177 9788 1054 1037 108 0 0 21 3 0 4 0 20 0 0 0 1
178 9773 1062 1044 106 0 0 22 3 0 4 0 21 0 0 0 1
179 9760 1068 1049 106 0 0 23 3 0 4 0 22 0 0 0 1
180 9729 1082 1061 107 0 0 25 3 0 4 0 24 0 0 0 1
181 9717 1087 1066 109 0 0 25 3 0 4 0 24 0 0 0 1
182 9698 1094 1073 114 0 0 25 3 0 4 0 24 0 0 0 1
183 9676 1105 1083 113 0 0 26 3 0 4 0 25 0 0 0 1
184 9665 1110 1087 113 0 0 27 3 0 4 0 26 0 0 0 1
185 9649 1117 1093 114 0 0 28 3 0 4 0 27 0 0 0 1
186 9634 1124 1100 115 0 0 28 3 0 4 0 27 0 0 0 1
187 9620 1132 1107 110 0 0 30 3 0 5 0 28 0 0 0 1
188 9613 1135 1110 111 0 0 30 3 0 5 0 28 0 0 0 1
189 9596 1142 1116 113 0 0 31 3 0 5 0 29 0 0 0 1
190 9580 1148 1122 117 0 0 31 3 0 5 0 29 0 0 0 1
191 9584 1145 1119 119 0 0 31 3 0 5 0 29 0 0 0 1
192 9583 1146 1120 118 0 0 31 3 0 5 0 29 0 0 0 1
193 9578 1148 1122 119 0 0 31 3 0 5 0 29 0 0 0 1
194 9563 1155 1129 118 0 0 31 4 0 5 0 30 0 0 0 1
195 9547 1158 1131 127 0 0 32 4 0 5 0 31 0 0 0 1
196 9526 1166 1138 131 0 0 33 4 0 5 0 32 0 0 0 1
197 9516 1169 1142 134 0 0 33 4 0 6 0 31 0 0 0 1
198 9506 1174 1147 132 0 0 33 5 0 6 0 32 0 0 0 1
199 9491 1180 1152 136 0 0 33 5 0 5 0 33 0 0 0 1
200 9484 1183 1154 136 0 0 34 5 0 5 0 34 0 0 0 1
201 9467 1191 1159 135 0 0 37 4 0 5 0 36 0 0 0 2
202 9457 1195 1162 136 0 0 38 4 0 5 0 37 0 0 0 2
203 9447 1199 1165 137 0 0 39 4 0 5 0 38 0 0 0 2
204 9435 1203 1169 141 0 0 39 4 0 5 0 38 0 0 0 2
205 9430 1206 1172 140 0 0 39 4 0 5 0 38 0 0 0 2
206 9412 1213 1177 141 0 0 41 4 0 5 0 40 0 0 0 3
207 9401 1218 1183 141 0 0 40 5 0 5 0 40 0 0 0 3
208 9404 1214 1180 145 0 0 40 5 0 6 0 39 0 0 0 3
209 9397 1218 1185 143 0 0 40 5 0 7 0 38 0 0 0 3
210 9388 1223 1187 139 0 0 43 5 0 7 0 41 0 0 0 3
211 9386 1225 1189 137 0 0 43 5 0 7 0 41 0 0 0 3
212 9386 1225 1186 136 0 0 46 4 0 7 0 43 0 0 0 3
213 9382 1226 1186 137 0 0 47 4 0 7 0 44 0 0 0 3
214 9371 1230 1190 140 0 0 47 4 0 7 0 44 0 0 0 3
215 9371 1230 1190 140 0 0 47 4 0 7 0 44 0 0 0 3
216 9383 1223 1184 141 0 0 47 4 0 8 0 43 0 0 0 3
217 9378 1225 1186 142 0 0 47 4 0 8 0 43 0 0 0 3
218 9367 1230 1192 142 0 0 47 4 0 9 0 42 0 0 0 3
219 9370 1230 1190 139 0 0 48 4 0 8 0 44 0 0 0 3
220 9358 1234 1194 143 0 0 48 4 0 8 0 44 0 0 0 3
221 9365 1231 1191 142 0 0 48 4 0 8 0 44 0 0 0 3
222 9374 1226 1185 142 0 0 49 4 0 8 0 45 0 0 0 3
223 9372 1227 1184 140 0 0 51 4 0 8 0 47 0 0 0 3
224 9364 1230 1187 141 0 0 51 4 0 8 0 47 0 0 0 4
225 9351 1238 1195 138 0 0 51 4 0 8 0 47 0 0 0 4
226 9343 1243 1199 135 0 0 52 4 0 8 0 48 0 0 0 4
227 9335 1245 1201 139 0 0 52 4 0 8 0 48 0 0 0 4
228 9331 1246 1201 140 0 0 53 4 0 8 0 49 0 0 0 4
229 9320 1252 1207 139 0 0 53 4 0 8 0 49 0 0 0 4
230 9316 1254 1209 139 0 0 53 4 0 8 0 49 0 0 0 4
231 9311 1258 1213 136 0 0 53 4 0 8 0 49 0 0 0 4
232 9310 1258 1214 136 0 0 53 4 0 9 0 48 0 0 0 4
233 9316 1256 1211 131 0 0 55 4 0 10 0 49 0 0 0 4
234 9305 1259 1214 136 0 0 55 4 0 10 0 49 0 0 0 4
235 9291 1267 1222 134 0 0 55 4 0 10 0 49 0 0 0 4
236 9280 1272 1226 136 0 0 55 4 0 9 0 50 0 0 0 4
237 9278 1274 1228 134 0 0 55 4 0 9 0 50 0 0 0 4
238 9270 1277 1232 135 0 0 55 4 0 10 0 49 0 0 0 4
239 9274 1274 1229 137 0 0 55 4 0 10 0 49 0 0 0 4
240 9277 1272 1227 138 0 0 55 4 0 10 0 49 0 0 0 4
241 9256 1282 1237 139 0 0 55 4 0 10 0 49 0 0 0 4
242 9250 1282 1235 143 0 0 57 4 0 10 0 51 0 0 0 4
243 9240 1288 1241 141 0 0 57 4 0 10 0 51 0 0 0 4
244 9228 1293 1246 143 0 0 57 4 0 10 0 51 0 0 0 4
245 9226 1292 1246 146 0 0 57 4 0 11 0 50 0 0 0 4
246 9229 1290 1244 147 0 0 57 4 0 11 0 50 0 0 0 4
247 9221 1290 1244 151 0 0 58 5 0 12 0 51 0 0 0 4
248 9212 1293 1246 151 0 0 60 5 0 13 0 52 0 0 0 4
249 9196 1300 1253 153 0 0 60 5 0 13 0 52 0 0 0 4
250 9186 1305 1258 153 0 0 60 5 0 13 0 52 0 0 0 4
251 9187 1304 1256 153 0 0 61 5 0 13 0 53 0 0 0 4
252 9178 1308 1260 152 0 0 62 5 0 14 0 53 0 0 0 4
253 9169 1313 1264 150 0 0 63 5 0 14 0 54 0 0 0 4
254 9155 1321 1272 148 0 0 63 5 0 14 0 54 0 0 0 4
255 9144 1326 1277 149 0 0 63 5 0 14 0 54 0 0 0 4
256 9129 1330 1283 154 0 0 62 6 0 15 0 53 0 0 0 4
257 9121 1334 1286 153 0 0 63 6 0 15 0 54 0 0 0 4
258 9119 1333 1285 157 0 0 63 6 0 15 0 54 0 0 0 4
259 9112 1335 1287 160 0 0 63 6 0 15 0 54 0 0 0 4
260 9107 1337 1287 159 0 0 65 6 0 15 0 56 0 0 0 4
261 9092 1342 1292 162 0 0 66 6 0 16 0 56 0 0 0 4
262 9073 1351 1300 164 0 0 67 5 0 16 0 56 0 0 0 4
263 9074 1350 1300 164 0 0 66 6 0 16 0 56 0 0 0 4
264 9065 1353 1304 166 0 0 66 6 0 17 0 55 0 0 0 4
265 9052 1359 1308 165 0 0 68 6 0 17 0 57 0 0 0 4
266 9033 1367 1316 168 0 0 68 6 0 17 0 57 0 0 0 4
267 9017 1374 1324 168 0 0 68 6 0 18 0 56 0 0 0 5
268 9003 1377 1328 173 0 0 66 9 0 17 0 58 0 0 0 5
269 9000 1377 1327 173 0 0 67 10 0 17 0 60 0 0 0 5
270 8990 1380 1329 176 0 0 68 10 0 17 0 61 0 0 0 5
271 8976 1384 1333 179 0 0 69 10 0 18 0 61 0 0 0 6
272 8961 1390 1340 181 0 0 68 11 0 18 0 61 0 0 0 6
273 8953 1391 1340 186 0 0 69 11 0 18 0 62 0 0 0 6
274 8938 1398 1346 185 0 0 71 10 0 19 0 62 0 0 0 7
275 8920 1406 1354 187 0 0 71 10 0 19 0 62 0 0 0 7
276 8903 1414 1362 187 0 0 71 10 0 19 0 62 0 0 0 8
277 8892 1419 1365 186 0 0 73 10 0 19 0 64 0 0 0 8
278 8875 1426 1372 189 0 0 73 10 0 19 0 64 0 0 0 8
279 8853 1438 1383 186 0 0 74 10 0 19 0 65 0 0 0 8
280 8831 1448 1392 187 0 0 75 10 0 19 0 66 0 0 0 8
281 8823 1447 1392 194 0 0 74 12 0 19 0 67 0 0 0 8
282 8808 1453 1399 196 0 0 74 12 0 20 0 66 0 0 0 8
283 8792 1461 1406 195 0 0 75 12 0 20 0 67 0 0 0 8
284 8778 1467 1411 196 0 0 76 12 0 20 0 68 0 0 0 8
285 8757 1475 1418 200 0 0 77 12 0 20 0 69 0 0 0 8
286 8748 1476 1419 207 0 0 77 12 0 20 0 69 0 0 0 8
287 8740 1477 1421 212 0 0 77 12 0 21 0 68 0 0 0 8
288 8737 1477 1423 213 0 0 75 14 0 21 0 68 0 0 0 8
289 8742 1474 1418 213 0 0 78 12 0 22 0 68 0 0 0 9
290 8735 1478 1420 211 0 0 80 11 0 22 0 69 0 0 0 10
291 8738 1476 1417 211 0 0 81 11 0 22 0 70 0 0 0 10
292 8715 1486 1427 213 0 0 82 10 0 23 0 69 0 0 0 11
293 8713 1486 1424 210 0 0 85 11 0 23 0 73 0 0 0 11
294 8720 1481 1418 211 0 0 86 11 0 23 0 74 0 0 0 12
295 8708 1485 1421 213 0 0 87 11 0 23 0 75 0 0 0 13
296 8700 1488 1423 214 0 0 88 11 0 23 0 76 0 0 0 13
297 8694 1489 1423 217 0 0 89 11 0 23 0 77 0 0 0 13
298 8700 1484 1418 218 0 0 90 11 0 24 0 77 0 0 0 14
299 8688 1488 1422 220 0 0 91 11 0 25 0 77 0 0 0 14
300 8682 1490 1425 221 0 0 91 11 0 26 0 76 0 0 0 14
301 8670 1496 1432 217 0 0 91 12 0 27 0 76 0 0 0 15
302 8661 1499 1435 220 0 0 91 12 0 27 0 76 0 0 0 15
303 8639 1508 1442 222 0 0 93 12 0 27 0 78 0 0 0 15
304 8632 1511 1443 221 0 0 95 12 0 27 0 80 0 0 0 15
305 8630 1512 1443 220 0 0 96 12 0 27 0 81 0 0 0 15
306 8621 1516 1447 219 0 0 96 13 0 27 0 82 0 0 0 15
307 8616 1519 1451 215 0 0 95 15 0 27 0 83 0 0 0 15
308 8617 1518 1449 217 0 0 95 15 0 26 0 84 0 0 0 15
309 8614 1519 1451 213 0 0 95 17 0 27 0 85 0 0 0 15
310 8607 1520 1453 215 0 0 96 17 0 29 0 84 0 0 0 15
311 8611 1517 1450 217 0 0 96 17 0 29 0 84 0 0 0 15
312 8604 1520 1450 217 0 0 98 17 0 28 0 87 0 0 0 15
313 8602 1521 1451 217 0 0 98 17 0 28 0 87 0 0 0 15
314 8601 1520 1448 216 0 0 101 17 0 29 0 89 0 0 0 15
315 8602 1521 1447 213 0 0 102 17 0 28 0 91 0 0 0 15
316 8601 1521 1448 213 0 0 102 17 0 29 0 90 0 0 0 15
317 8596 1521 1448 216 0 0 102 18 0 29 0 91 0 0 0 15
318 8595 1520 1448 216 0 0 102 19 0 30 0 91 0 0 0 15
319 8594 1519 1448 214 0 0 101 22 0 30 0 93 0 0 0 15
320 8580 1526 1451 213 0 0 104 21 0 29 0 96 0 0 0 16
321 8572 1530 1455 212 0 0 104 21 0 29 0 96 0 0 0 17
322 8567 1531 1457 214 0 0 103 22 0 29 0 96 0 0 0 17
323 8569 1528 1453 215 0 0 105 22 0 30 0 97 0 0 0 17
324 8574 1525 1448 216 0 0 107 21 0 30 0 98 0 0 0 17
325 8573 1523 1446 221 0 0 107 21 0 30 0 98 0 0 0 17
326 8584 1519 1441 217 0 0 108 21 0 30 0 99 0 0 0 17
327 8571 1525 1446 217 0 0 109 21 0 30 0 100 0 0 0 17
328 8559 1530 1450 218 0 0 110 21 0 30 0 101 0 0 0 17
329 8538 1539 1458 220 0 0 111 21 0 30 0 102 0 0 0 17
330 8533 1539 1457 225 0 0 112 20 0 30 0 102 0 0 0 18
331 8536 1536 1452 226 0 0 114 20 0 30 0 104 0 0 0 18
332 8537 1534 1451 228 0 0 113 21 0 30 0 104 0 0 0 18
333 8522 1540 1455 229 0 0 116 20 0 31 0 105 0 0 0 18
334 8514 1544 1457 226 0 0 118 20 0 31 0 107 0 0 0 19
335 8501 1546 1458 234 0 0 119 20 0 31 0 108 0 0 0 19
336 8480 1556 1467 234 0 0 120 20 0 31 0 109 0 0 0 19
337 8480 1554 1463 236 0 0 122 20 0 31 0 111 0 0 0 19
338 8471 1559 1469 230 0 0 123 21 0 33 0 111 0 0 0 19
339 8466 1559 1471 232 0 0 122 22 0 34 0 110 0 0 0 20
340 8463 1559 1470 234 0 0 123 22 0 34 0 111 0 0 0 20
341 8454 1564 1474 232 0 0 124 22 0 34 0 112 0 0 0 20
342 8456 1563 1473 228 0 0 124 24 0 34 0 114 0 0 0 20
343 8463 1556 1467 234 0 0 124 24 0 35 0 113 0 0 0 20
344 8439 1567 1477 233 0 0 126 24 0 36 0 114 0 0 0 20
345 8421 1574 1485 236 0 0 126 24 0 37 0 113 0 0 0 20
346 8406 1580 1491 237 0 0 127 24 0 38 0 113 0 0 0 20
347 8384 1588 1500 240 0 0 126 25 0 38 0 113 0 0 0 22
348 8376 1590 1503 241 0 0 126 26 0 39 0 113 0 0 0 22
349 8372 1592 1502 238 0 0 129 26 0 39 0 116 0 0 0 22
350 8352 1599 1508 243 0 0 130 26 0 39 0 117 0 0 0 22
351 8347 1599 1509 244 0 0 130 27 0 40 0 117 0 0 0 23
352 8327 1607 1515 245 0 0 132 27 0 40 0 119 0 0 0 24
353 8314 1611 1520 249 0 0 132 27 0 41 0 118 0 0 0 24
354 8311 1614 1523 246 0 0 132 27 0 41 0 118 0 0 0 24
355 8292 1621 1529 248 0 0 133 28 0 41 0 120 0 0 0 24
356 8274 1628 1535 245 0 0 135 30 0 42 0 123 0 0 0 24
357 8266 1631 1537 246 0 0 136 30 0 42 0 124 0 0 0 24
358 8242 1642 1546 247 0 0 138 29 0 42 0 125 0 0 0 25
359 8224 1649 1553 251 0 0 138 29 0 42 0 125 0 0 0 25
360 8220 1650 1550 247 0 0 142 30 0 42 0 130 0 0 0 25
361 8208 1655 1554 245 0 0 144 30 0 43 0 131 0 0 0 26
362 8206 1655 1554 246 0 0 144 30 0 43 0 131 0 0 0 27
363 8207 1655 1551 246 0 0 147 28 0 43 0 132 0 0 0 27
364 8197 1659 1554 245 0 0 149 28 0 44 0 133 0 0 0 27
365 8192 1660 1553 245 0 0 151 27 0 44 0 134 0 0 0 30
366 8193 1659 1551 243 0 0 152 28 0 44 0 136 0 0 0 30
367 8183 1663 1555 243 0 0 151 29 0 43 0 137 0 0 0 32
368 8171 1667 1559 246 0 0 150 30 0 42 0 138 0 0 0 33
369 8169 1667 1560 247 0 0 149 31 0 42 0 138 0 0 0 33
370 8159 1671 1564 247 0 0 150 31 0 43 0 138 0 0 0 33
371 8143 1680 1573 245 0 0 150 31 0 43 0 138 0 0 0 33
372 8136 1684 1577 244 0 0 150 31 0 43 0 138 0 0 0 33
373 8126 1688 1581 246 0 0 150 31 0 43 0 138 0 0 0 33
374 8122 1686 1578 251 0 0 153 30 0 45 0 138 0 0 0 33
375 8124 1686 1577 248 0 0 154 30 0 45 0 139 0 0 0 33
376 8123 1686 1577 245 0 0 156 30 0 47 0 139 0 0 0 33
377 8126 1684 1574 245 0 0 157 30 0 47 0 140 0 0 0 33
378 8124 1684 1573 245 0 0 159 29 0 48 0 140 0 0 0 34
379 8121 1685 1575 241 0 0 160 30 0 50 0 140 0 0 0 34
380 8128 1679 1570 243 0 0 161 30 0 52 0 139 0 0 0 34
381 8129 1677 1569 242 0 0 162 30 0 54 0 138 0 0 0 35
382 8121 1679 1572 245 0 0 162 30 0 55 0 137 0 0 0 35
383 8112 1681 1575 249 0 0 162 30 0 56 0 136 0 0 0 35
384 8105 1682 1575 251 0 0 163 31 0 56 0 138 0 0 0 35
385 8107 1679 1572 253 0 0 164 31 0 57 0 138 0 0 0 35
386 8108 1679 1572 251 0 0 165 30 0 58 0 137 0 0 0 36
387 8099 1684 1578 248 0 0 166 29 0 60 0 135 0 0 0 37
388 8096 1683 1578 252 0 0 165 30 0 60 0 135 0 0 0 37
389 8090 1685 1579 252 0 0 166 30 0 60 0 136 0 0 0 38
390 8080 1689 1580 253 0 0 169 29 0 60 0 138 0 0 0 38
391 8074 1691 1584 253 0 0 168 30 0 61 0 137 0 0 0 38
392 8075 1693 1585 246 0 0 169 30 0 61 0 138 0 0 0 39
393 8076 1691 1583 246 0 0 170 30 0 62 0 138 0 0 0 40
394 8079 1687 1580 248 0 0 171 30 0 64 0 137 0 0 0 40
395 8073 1688 1580 251 0 0 172 30 0 64 0 138 0 0 0 40
396 8079 1686 1577 246 0 0 174 30 0 65 0 139 0 0 0 40
397 8088 1682 1574 244 0 0 173 31 0 65 0 139 0 0 0 40
398 8079 1686 1578 245 0 0 175 29 0 67 0 137 0 0 0 40
399 8076 1688 1580 242 0 0 175 30 0 67 0 138 0 0 0 40
400 8069 1688 1582 245 0 0 176 30 0 70 0 136 0 0 0 40
401 8071 1685 1579 244 0 0 177 31 0 71 0 137 0 0 0 41
402 8072 1684 1578 243 0 0 178 31 0 72 0 137 0 0 0 41
403 8065 1686 1577 245 0 0 180 31 0 71 0 140 0 0 0 41
404 8070 1683 1576 244 0 0 180 31 0 73 0 138 0 0 0 41
405 8052 1690 1584 247 0 0 179 32 0 73 0 138 0 0 0 41
406 8066 1682 1575 247 0 0 180 32 0 73 0 139 0 0 0 42
407 8067 1681 1574 243 0 0 182 32 0 75 0 139 0 0 0 43
408 8075 1676 1568 245 0 0 183 31 0 75 0 139 0 0 0 44
409 8078 1675 1565 244 0 0 185 30 0 75 0 140 0 0 0 44
410 8063 1683 1571 241 0 0 187 30 0 75 0 142 0 0 0 44
411 8073 1676 1565 244 0 0 187 30 0 76 0 141 0 0 0 44
412 8070 1675 1566 245 0 0 186 32 0 77 0 141 0 0 0 44
413 8083 1667 1560 246 0 0 186 32 0 79 0 139 0 0 0 44
414 8079 1666 1560 251 0 0 186 32 0 80 0 138 0 0 0 44
415 8066 1670 1565 255 0 0 186 32 0 81 0 137 0 0 0 44
416 8067 1669 1565 255 0 0 185 33 0 81 0 137 0 0 0 44
417 8052 1674 1573 257 0 0 184 34 0 83 0 135 0 0 0 44
418 8031 1684 1582 255 0 0 186 34 0 84 0 136 0 0 0 44
419 8025 1686 1583 258 0 0 187 33 0 84 0 136 0 0 0 44
420 8020 1689 1586 257 0 0 187 33 0 84 0 136 0 0 0 44
421 8028 1685 1582 257 0 0 187 33 0 84 0 136 0 0 0 44
422 8033 1683 1581 255 0 0 187 33 0 85 0 135 0 0 0 44
423 8035 1682 1580 255 0 0 187 33 0 85 0 135 0 0 0 44
424 8007 1694 1593 258 0 0 187 33 0 86 0 134 0 0 0 44
425 8005 1696 1594 255 0 0 188 33 0 86 0 135 0 0 0 44
426 8003 1696 1592 255 0 0 190 33 0 86 0 137 0 0 0 44
427 7998 1696 1591 259 0 0 191 33 0 86 0 138 0 0 0 44
428 8005 1692 1586 260 0 0 192 32 0 86 0 138 0 0 0 45
429 8005 1692 1585 259 0 0 193 32 0 86 0 139 0 0 0 45
430 7996 1696 1589 258 0 0 194 32 0 87 0 139 0 0 0 45
431 7982 1701 1593 261 0 0 195 32 0 87 0 140 0 0 0 45
432 7982 1700 1592 261 0 0 195 33 0 87 0 141 0 0 0 45
433 7980 1701 1593 259 0 0 195 34 0 87 0 142 0 0 0 45
434 7982 1699 1590 259 0 0 196 34 0 87 0 143 0 0 0 46
435 7981 1701 1591 257 0 0 196 34 0 86 0 144 0 0 0 46
436 7969 1707 1598 256 0 0 195 35 0 86 0 144 0 0 0 46
437 7968 1707 1597 256 0 0 196 34 0 86 0 144 0 0 0 48
438 7957 1710 1599 262 0 0 197 33 0 86 0 144 0 0 0 48
439 7970 1701 1592 263 0 0 197 34 0 88 0 143 0 0 0 48
440 7958 1702 1592 270 0 0 199 33 0 89 0 143 0 0 0 50
441 7947 1708 1598 269 0 0 199 33 0 89 0 143 0 0 0 50
442 7949 1707 1595 267 0 0 201 33 0 89 0 145 0 0 0 50
443 7933 1713 1596 267 0 0 206 32 0 89 0 149 0 0 0 51
444 7913 1721 1603 269 0 0 207 32 0 89 0 150 0 0 0 52
445 7892 1729 1610 272 0 0 209 31 0 90 0 150 0 0 0 53
446 7883 1732 1610 272 0 0 212 31 0 90 0 153 0 0 0 53
447 7878 1734 1610 273 0 0 214 30 0 90 0 154 0 0 0 53
448 7876 1733 1606 272 0 0 217 31 0 90 0 158 0 0 0 53
449 7867 1737 1608 271 0 0 219 30 0 90 0 159 0 0 0 55
450 7863 1740 1610 269 0 0 219 30 0 89 0 160 0 0 0 56
451 7844 1747 1617 272 0 0 220 29 0 90 0 159 0 0 0 58
452 7843 1744 1616 277 0 0 219 30 0 91 0 158 0 0 0 58
453 7827 1750 1622 279 0 0 220 30 0 92 0 158 0 0 0 58
454 7813 1752 1624 287 0 0 221 30 0 93 0 158 0 0 0 58
455 7804 1755 1628 289 0 0 221 30 0 94 0 157 0 0 0 58
456 7803 1755 1629 287 0 0 221 31 0 95 0 157 0 0 0 58
457 7814 1748 1620 286 0 0 223 32 0 95 0 160 0 0 0 58
458 7802 1753 1625 285 0 0 223 33 0 95 0 161 0 0 0 59
459 7798 1753 1623 287 0 0 225 33 0 95 0 163 0 0 0 59
460 7802 1749 1619 289 0 0 226 33 0 96 0 163 0 0 0 59
461 7826 1739 1609 285 0 0 226 33 0 96 0 163 0 0 0 59
462 7807 1747 1615 287 0 0 228 32 0 96 0 164 0 0 0 60
463 7800 1751 1616 284 0 0 231 31 0 96 0 166 0 0 0 61
464 7801 1747 1613 288 0 0 231 32 0 97 0 166 0 0 0 61
465 7803 1746 1610 285 0 0 233 32 0 97 0 168 0 0 0 62
466 7793 1750 1610 283 0 0 237 32 0 97 0 172 0 0 0 62
467 7783 1753 1613 283 0 0 239 32 0 99 0 172 0 0 0 62
468 7764 1760 1620 288 0 0 239 32 0 99 0 172 0 0 0 62
469 7769 1756 1618 287 0 0 239 33 0 101 0 171 0 0 0 62
470 7754 1761 1622 291 0 0 240 33 0 101 0 172 0 0 0 62
471 7765 1756 1618 289 0 0 240 33 0 102 0 171 0 0 0 62
472 7737 1767 1629 294 0 0 241 32 0 103 0 170 0 0 0 63
473 7717 1775 1634 295 0 0 244 32 0 103 0 173 0 0 0 63
474 7709 1777 1636 299 0 0 244 32 0 103 0 173 0 0 0 63
475 7705 1777 1635 300 0 0 245 33 0 103 0 175 0 0 0 63
476 7695 1781 1641 298 0 0 244 35 0 104 0 175 0 0 0 63
477 7667 1795 1655 294 0 0 245 36 0 105 0 176 0 0 0 63
478 7664 1796 1655 292 0 0 247 36 0 106 0 177 0 0 0 63
479 7657 1799 1656 291 0 0 249 36 0 106 0 179 0 0 0 63
480 7652 1801 1658 288 0 0 250 37 0 107 0 180 0 0 0 63
481 7647 1803 1657 284 0 0 253 38 0 107 0 184 0 0 0 63
482 7636 1808 1661 284 0 0 254 38 0 107 0 185 0 0 0 63
483 7618 1816 1667 284 0 0 256 38 0 107 0 187 0 0 0 63
484 7618 1814 1664 288 0 0 257 37 0 107 0 187 0 0 0 64
485 7607 1818 1667 290 0 0 257 38 0 106 0 189 0 0 0 64
486 7600 1819 1669 291 0 0 257 39 0 107 0 189 0 0 0 65
487 7575 1828 1680 292 0 0 257 41 0 109 0 189 0 0 0 65
488 7569 1831 1682 288 0 0 258 42 0 109 0 191 0 0 0 66
489 7562 1832 1683 293 0 0 258 42 0 109 0 191 0 0 0 66
490 7570 1826 1676 293 0 0 260 42 0 110 0 192 0 0 0 67
491 7576 1823 1671 288 0 0 263 42 0 111 0 194 0 0 0 68
492 7568 1827 1675 286 0 0 263 43 0 111 0 195 0 0 0 68
493 7561 1829 1676 288 0 0 265 42 0 112 0 195 0 0 0 68
494 7554 1833 1678 283 0 0 268 42 0 113 0 197 0 0 0 68
495 7554 1834 1679 277 0 0 268 44 0 113 0 199 0 0 0 68
496 7533 1841 1682 280 0 0 272 44 0 113 0 203 0 0 0 68
497 7529 1843 1683 279 0 0 273 44 0 113 0 204 0 0 0 68
498 7535 1839 1678 280 0 0 274 44 0 113 0 205 0 0 0 68
499 7539 1835 1673 283 0 0 275 44 0 113 0 206 0 0 0 68
500 7539 1833 1674 282 0 0 274 46 0 115 0 205 0 0 0 68
501 7546 1830 1671 279 0 0 275 46 0 116 0 205 0 0 0 68
502 7540 1830 1673 283 0 0 274 47 0 117 0 204 0 0 0 68
503 7539 1828 1669 287 0 0 277 44 0 118 0 203 0 0 0 71
504 7544 1825 1664 286 0 0 279 44 0 118 0 205 0 0 0 71
505 7550 1822 1662 285 0 0 279 44 0 119 0 204 0 0 0 71
506 7550 1820 1657 282 0 0 283 45 0 120 0 208 0 0 0 71
507 7556 1817 1655 281 0 0 284 44 0 122 0 206 0 0 0 71
508 7555 1816 1656 282 0 0 284 44 0 124 0 204 0 0 0 71
509 7556 1816 1657 278 0 0 285 44 0 126 0 203 0 0 0 71
510 7557 1815 1655 279 0 0 286 43 0 126 0 203 0 0 0 72
511 7561 1812 1653 278 0 0 287 43 0 128 0 202 0 0 0 72
512 7566 1807 1649 282 0 0 286 44 0 128 0 202 0 0 0 72
513 7573 1803 1645 281 0 0 286 45 0 128 0 203 0 0 0 72
514 7572 1802 1644 284 0 0 286 45 0 128 0 203 0 0 0 72
515 7573 1803 1643 278 0 0 288 45 0 128 0 205 0 0 0 73
516 7570 1802 1642 281 0 0 290 44 0 130 0 204 0 0 0 73
517 7571 1802 1642 278 0 0 290 45 0 130 0 205 0 0 0 73
518 7581 1796 1637 279 0 0 290 45 0 131 0 204 0 0 0 73
519 7580 1796 1636 279 0 0 291 45 0 131 0 205 0 0 0 73
520 7577 1797 1637 278 0 0 292 45 0 132 0 205 0 0 0 73
521 7581 1795 1635 276 0 0 292 46 0 132 0 206 0 0 0 73
522 7580 1792 1632 277 0 0 294 47 0 134 0 207 0 0 0 73
523 7577 1794 1636 274 0 0 293 48 0 135 0 206 0 0 0 73
524 7558 1803 1644 272 0 0 296 47 0 137 0 206 0 0 0 73
525 7562 1799 1642 274 0 0 296 47 0 139 0 204 0 0 0 73
526 7561 1800 1641 273 0 0 298 46 0 139 0 205 0 0 0 73
527 7561 1802 1643 267 0 0 299 46 0 140 0 205 0 0 0 73
528 7561 1802 1644 266 0 0 299 46 0 141 0 204 0 0 0 73
529 7552 1804 1650 267 0 0 298 47 0 144 0 201 0 0 0 73
530 7552 1803 1650 268 0 0 297 48 0 144 0 201 0 0 0 73
531 7560 1798 1646 269 0 0 298 47 0 146 0 199 0 0 0 73
532 7561 1798 1645 267 0 0 299 47 0 146 0 200 0 0 0 73
533 7574 1791 1640 264 0 0 299 48 0 148 0 199 0 0 0 73
534 7570 1792 1641 264 0 0 300 48 0 149 0 199 0 0 0 73
535 7567 1792 1640 266 0 0 301 48 0 149 0 200 0 0 0 73
536 7574 1786 1634 267 0 0 303 48 0 151 0 200 0 0 0 73
537 7582 1782 1629 268 0 0 304 47 0 151 0 200 0 0 0 73
538 7586 1780 1627 268 0 0 306 45 0 153 0 198 0 0 0 73
539 7585 1780 1627 269 0 0 306 45 0 153 0 198 0 0 0 73
540 7583 1784 1630 264 0 0 308 43 0 154 0 197 0 0 0 73
541 7580 1784 1630 267 0 0 309 42 0 155 0 196 0 0 0 73
542 7588 1778 1625 268 0 0 310 42 0 157 0 195 0 0 0 73
543 7601 1769 1618 267 0 0 311 43 0 160 0 194 0 0 0 73
544 7603 1767 1618 267 0 0 310 44 0 161 0 193 0 0 0 73
545 7608 1762 1615 268 0 0 310 45 0 163 0 192 0 0 0 73
546 7607 1761 1614 271 0 0 310 45 0 163 0 192 0 0 0 73
547 7600 1767 1621 265 0 0 309 46 0 163 0 192 0 0 0 73
548 7611 1762 1618 262 0 0 308 47 0 164 0 191 0 0 0 73
549 7606 1764 1619 262 0 0 308 48 0 163 0 193 0 0 0 73
550 7609 1760 1613 267 0 0 310 47 0 163 0 194 0 0 0 73
551 7610 1758 1613 266 0 0 310 48 0 165 0 193 0 0 0 73
552 7600 1764 1618 263 0 0 311 48 0 165 0 194 0 0 0 73
553 7598 1766 1618 262 0 0 312 47 0 164 0 195 0 0 0 74
554 7592 1766 1618 267 0 0 311 48 0 163 0 196 0 0 0 75
555 7596 1762 1619 266 0 0 309 50 0 166 0 193 0 0 0 75
556 7579 1771 1630 263 0 0 308 51 0 167 0 192 0 0 0 75
557 7582 1766 1627 268 0 0 308 51 0 169 0 190 0 0 0 75
558 7579 1767 1629 268 0 0 308 51 0 170 0 189 0 0 0 75
559 7583 1765 1628 267 0 0 308 51 0 171 0 188 0 0 0 75
560 7578 1764 1629 271 0 0 307 52 0 172 0 187 0 0 0 76
561 7577 1765 1629 269 0 0 308 52 0 172 0 188 0 0 0 76
562 7585 1759 1624 272 0 0 307 53 0 172 0 188 0 0 0 76
563 7588 1757 1620 275 0 0 309 51 0 172 0 188 0 0 0 76
564 7608 1746 1611 275 0 0 308 52 0 173 0 187 0 0 0 76
565 7617 1742 1608 273 0 0 308 52 0 174 0 186 0 0 0 76
566 7621 1737 1605 277 0 0 307 53 0 175 0 185 0 0 0 76
567 7618 1737 1608 277 0 0 306 54 0 177 0 183 0 0 0 76
568 7630 1730 1600 278 0 0 308 53 0 178 0 183 0 0 0 76
569 7636 1727 1597 278 0 0 308 53 0 178 0 183 0 0 0 76
570 7646 1720 1590 280 0 0 310 52 0 180 0 182 0 0 0 76
571 7650 1717 1590 278 0 0 311 51 0 184 0 178 0 0 0 77
572 7656 1712 1585 280 0 0 312 51 0 185 0 178 0 0 0 77
573 7665 1708 1582 278 0 0 312 51 0 186 0 177 0 0 0 77
574 7665 1707 1584 277 0 0 311 52 0 188 0 175 0 0 0 77
575 7659 1707 1584 281 0 0 312 52 0 189 0 175 0 0 0 77
576 7657 1710 1585 279 0 0 313 51 0 188 0 176 0 0 0 77
577 7660 1709 1584 276 0 0 314 51 0 189 0 176 0 0 0 77
578 7666 1706 1582 275 0 0 313 52 0 189 0 176 0 0 0 77
579 7676 1698 1577 278 0 0 313 52 0 192 0 173 0 0 0 77
580 7671 1700 1579 278 0 0 313 52 0 192 0 173 0 0 0 78
581 7675 1696 1577 280 0 0 312 53 0 193 0 172 0 0 0 78
582 7682 1691 1574 281 0 0 312 53 0 195 0 170 0 0 0 78
583 7690 1686 1568 282 0 0 313 53 0 195 0 171 0 0 0 78
584 7699 1682 1565 278 0 0 313 54 0 196 0 171 0 0 0 78
585 7711 1674 1559 279 0 0 312 55 0 197 0 170 0 0 0 79
586 7720 1669 1555 277 0 0 314 54 0 200 0 168 0 0 0 79
587 7724 1666 1551 280 0 0 315 53 0 200 0 168 0 0 0 79
588 7743 1656 1543 279 0 0 315 53 0 202 0 166 0 0 0 79
589 7746 1653 1544 278 0 0 314 54 0 205 0 163 0 0 0 79
590 7754 1649 1541 277 0 0 314 54 0 206 0 162 0 0 0 79
591 7745 1654 1547 275 0 0 313 55 0 206 0 162 0 0 0 79
592 7753 1652 1547 269 0 0 313 55 0 208 0 160 0 0 0 79
593 7763 1645 1540 271 0 0 314 55 0 209 0 160 0 0 0 79
594 7764 1644 1537 272 0 0 316 54 0 209 0 161 0 0 0 79
595 7763 1644 1537 272 0 0 317 53 0 210 0 160 0 0 0 80
596 7766 1640 1531 274 0 0 318 54 0 209 0 163 0 0 0 81
597 7775 1635 1529 272 0 0 318 54 0 212 0 160 0 0 0 81
598 7788 1628 1522 273 0 0 318 54 0 212 0 160 0 0 0 81
599 7798 1624 1519 270 0 0 316 56 0 211 0 161 0 0 0 81
600 7793 1626 1520 272 0 0 316 56 0 210 0 162 0 0 0 81
601 7800 1620 1515 276 0 0 316 56 0 211 0 161 0 0 0 81
602 7807 1615 1510 277 0 0 317 56 0 212 0 161 0 0 0 81
603 7802 1616 1510 277 0 0 319 56 0 213 0 162 0 0 0 81
604 7803 1614 1506 280 0 0 320 56 0 212 0 164 0 0 0 81
605 7803 1613 1505 280 0 0 321 56 0 213 0 164 0 0 0 81
606 7826 1602 1496 277 0 0 320 57 0 214 0 163 0 0 0 81
607 7821 1603 1498 279 0 0 320 57 0 215 0 162 0 0 0 81
608 7826 1601 1496 278 0 0 320 57 0 215 0 162 0 0 0 81
609 7838 1596 1492 275 0 0 319 58 0 215 0 162 0 0 0 81
610 7844 1591 1489 277 0 0 320 57 0 218 0 159 0 0 0 81
611 7838 1593 1492 278 0 0 320 57 0 219 0 158 0 0 0 81
612 7833 1594 1494 280 0 0 319 58 0 219 0 158 0 0 0 81
613 7850 1587 1486 278 0 0 320 57 0 219 0 158 0 0 0 81
614 7848 1588 1487 277 0 0 321 56 0 220 0 157 0 0 0 82
615 7865 1580 1480 275 0 0 321 56 0 221 0 156 0 0 0 82
616 7858 1581 1482 277 0 0 321 57 0 222 0 156 0 0 0 82
617 7857 1580 1481 280 0 0 321 57 0 222 0 156 0 0 0 82
618 7874 1574 1476 274 0 0 321 57 0 223 0 155 0 0 0 82
619 7867 1576 1480 275 0 0 321 57 0 225 0 153 0 0 0 82
620 7873 1569 1474 278 0 0 322 58 0 227 0 153 0 0 0 82
621 7877 1563 1468 281 0 0 323 59 0 228 0 154 0 0 0 83
622 7886 1559 1464 277 0 0 325 58 0 230 0 153 0 0 0 84
623 7906 1550 1459 271 0 0 324 59 0 233 0 150 0 0 0 84
624 7902 1552 1462 270 0 0 323 60 0 233 0 150 0 0 0 84
625 7902 1552 1462 270 0 0 323 59 0 233 0 149 0 0 0 86
626 7888 1557 1468 273 0 0 323 59 0 234 0 148 0 0 0 86
627 7886 1558 1468 274 0 0 323 59 0 233 0 149 0 0 0 86
628 7899 1552 1464 271 0 0 324 58 0 236 0 146 0 0 0 86
629 7896 1552 1465 273 0 0 324 58 0 237 0 145 0 0 0 86
630 7883 1560 1472 267 0 0 326 58 0 238 0 146 0 0 0 86
631 7874 1566 1476 264 0 0 328 57 0 238 0 147 0 0 0 86
632 7872 1566 1476 266 0 0 328 57 0 238 0 147 0 0 0 86
633 7869 1568 1479 264 0 0 327 58 0 238 0 147 0 0 0 86
634 7873 1566 1478 261 0 0 327 59 0 239 0 147 0 0 0 86
635 7878 1564 1479 255 0 0 326 61 0 241 0 146 0 0 0 86
636 7870 1568 1484 254 0 0 325 62 0 241 0 146 0 0 0 86
637 7867 1571 1484 252 0 0 328 60 0 241 0 147 0 0 0 86
638 7872 1569 1482 251 0 0 328 60 0 241 0 147 0 0 0 86
639 7876 1568 1482 246 0 0 328 61 0 242 0 147 0 0 0 86
640 7882 1567 1481 240 0 0 329 61 0 243 0 147 0 0 0 86
641 7895 1562 1478 234 0 0 328 62 0 244 0 146 0 0 0 87
642 7901 1559 1475 234 0 0 330 60 0 246 0 144 0 0 0 87
643 7899 1559 1473 238 0 0 332 58 0 246 0 144 0 0 0 87
644 7911 1554 1468 236 0 0 334 56 0 248 0 142 0 0 0 87
645 7903 1557 1473 236 0 0 332 58 0 248 0 142 0 0 0 87
646 7910 1555 1470 232 0 0 332 59 0 247 0 144 0 0 0 87
647 7905 1558 1473 231 0 0 332 59 0 247 0 144 0 0 0 87
648 7906 1558 1475 228 0 0 332 59 0 249 0 142 0 0 0 87
649 7897 1563 1481 226 0 0 332 59 0 250 0 141 0 0 0 87
650 7903 1559 1479 226 0 0 333 58 0 253 0 138 0 0 0 87
651 7923 1549 1467 225 0 0 336 56 0 254 0 138 0 0 0 88
652 7916 1550 1470 228 0 0 336 56 0 256 0 136 0 0 0 88
653 7923 1547 1467 227 0 0 336 56 0 256 0 136 0 0 0 88
654 7940 1538 1459 227 0 0 337 55 0 258 0 134 0 0 0 88
655 7944 1537 1458 224 0 0 338 54 0 259 0 133 0 0 0 89
656 7957 1529 1451 226 0 0 339 53 0 261 0 131 0 0 0 89
657 7959 1524 1446 234 0 0 341 51 0 263 0 129 0 0 0 89
658 7952 1526 1450 235 0 0 340 52 0 264 0 128 0 0 0 89
659 7963 1520 1444 236 0 0 340 52 0 264 0 128 0 0 0 89
660 7969 1518 1442 234 0 0 341 51 0 265 0 127 0 0 0 89
661 7966 1518 1443 236 0 0 341 51 0 266 0 126 0 0 0 89
662 7975 1514 1438 236 0 0 342 50 0 266 0 126 0 0 0 89
663 7971 1514 1437 241 0 0 342 50 0 265 0 127 0 0 0 89
664 7971 1513 1436 242 0 0 343 49 0 266 0 126 0 0 0 90
665 7983 1504 1430 245 0 0 343 49 0 269 0 123 0 0 0 90
666 7990 1502 1429 241 0 0 343 49 0 270 0 122 0 0 0 90
667 7985 1505 1430 242 0 0 344 48 0 269 0 123 0 0 0 90
668 7998 1498 1426 240 0 0 343 49 0 271 0 121 0 0 0 90
669 8004 1497 1425 236 0 0 343 49 0 271 0 121 0 0 0 90
670 8009 1494 1423 234 0 0 343 50 0 272 0 121 0 0 0 90
671 8023 1487 1417 232 0 0 343 50 0 273 0 120 0 0 0 91
672 8011 1492 1421 233 0 0 344 49 0 273 0 120 0 0 0 93
673 8013 1491 1420 233 0 0 344 49 0 273 0 120 0 0 0 93
674 8013 1491 1421 232 0 0 342 51 0 272 0 121 0 0 0 93
675 8034 1482 1412 229 0 0 342 51 0 272 0 121 0 0 0 93
676 8036 1483 1414 224 0 0 342 51 0 273 0 120 0 0 0 93
677 8037 1483 1412 224 0 0 344 49 0 273 0 120 0 0 0 94
678 8046 1477 1408 225 0 0 344 49 0 275 0 118 0 0 0 94
679 8056 1473 1404 223 0 0 344 49 0 275 0 118 0 0 0 94
680 8064 1471 1401 218 0 0 347 47 0 277 0 117 0 0 0 94
681 8076 1464 1395 217 0 0 348 47 0 279 0 116 0 0 0 94
682 8061 1470 1402 219 0 0 348 47 0 280 0 115 0 0 0 94
683 8061 1469 1402 220 0 0 348 47 0 281 0 114 0 0 0 94
684 8067 1465 1399 221 0 0 347 48 0 281 0 114 0 0 0 94
685 8082 1457 1392 221 0 0 347 48 0 282 0 113 0 0 0 94
686 8077 1459 1393 221 0 0 348 48 0 282 0 114 0 0 0 94
687 8080 1457 1391 222 0 0 348 48 0 282 0 114 0 0 0 94
688 8093 1452 1387 218 0 0 348 48 0 283 0 113 0 0 0 94
689 8103 1445 1380 222 0 0 348 48 0 283 0 113 0 0 0 94
690 8104 1445 1379 222 0 0 348 48 0 282 0 114 0 0 0 94
691 8090 1451 1385 222 0 0 348 49 0 282 0 115 0 0 0 94
692 8098 1446 1382 222 0 0 347 50 0 283 0 114 0 0 0 94
693 8102 1443 1379 224 0 0 347 50 0 283 0 114 0 0 0 94
694 8115 1438 1373 218 0 0 348 51 0 283 0 116 0 0 0 94
695 8138 1426 1364 216 0 0 347 52 0 285 0 114 0 0 0 94
696 8146 1423 1363 212 0 0 347 52 0 287 0 112 0 0 0 94
697 8156 1419 1359 210 0 0 345 54 0 285 0 114 0 0 0 94
698 8160 1417 1356 207 0 0 347 54 0 286 0 115 0 0 0 94
699 8170 1413 1352 205 0 0 347 54 0 286 0 115 0 0 0 94
700 8175 1410 1348 205 0 0 348 54 0 286 0 116 0 0 0 94
701 8170 1411 1350 205 0 0 348 55 0 287 0 116 0 0 0 94
702 8174 1409 1350 201 0 0 347 57 0 288 0 116 0 0 0 94
703 8185 1404 1345 200 0 0 347 57 0 288 0 116 0 0 0 94
704 8183 1405 1346 200 0 0 347 57 0 288 0 116 0 0 0 94
705 8192 1401 1341 200 0 0 347 57 0 287 0 117 0 0 0 94
706 8188 1403 1343 200 0 0 347 57 0 287 0 117 0 0 0 94
707 8192 1401 1341 200 0 0 347 57 0 287 0 117 0 0 0 94
708 8189 1404 1342 199 0 0 348 56 0 286 0 118 0 0 0 94
709 8203 1397 1335 199 0 0 349 55 0 287 0 117 0 0 0 94
710 8206 1398 1335 195 0 0 350 54 0 287 0 117 0 0 0 94
711 8218 1393 1330 193 0 0 351 53 0 288 0 116 0 0 0 94
712 8217 1394 1330 193 0 0 351 53 0 287 0 117 0 0 0 94
713 8222 1390 1326 196 0 0 351 53 0 287 0 117 0 0 0 94
714 8242 1382 1317 193 0 0 353 51 0 288 0 116 0 0 0 94
715 8244 1381 1316 193 0 0 353 51 0 288 0 116 0 0 0 94
716 8248 1380 1315 191 0 0 353 51 0 288 0 116 0 0 0 94
717 8248 1380 1315 191 0 0 353 51 0 288 0 116 0 0 0 94
718 8245 1380 1316 193 0 0 352 52 0 288 0 116 0 0 0 94
719 8254 1377 1311 189 0 0 354 51 0 288 0 117 0 0 0 95
720 8270 1372 1305 184 0 0 356 49 0 289 0 116 0 0 0 95
721 8274 1370 1303 184 0 0 356 49 0 289 0 116 0 0 0 95
722 8272 1370 1303 186 0 0 356 49 0 289 0 116 0 0 0 95
723 8277 1367 1302 183 0 0 356 50 0 291 0 115 0 0 0 95
724 8283 1365 1300 181 0 0 356 50 0 291 0 115 0 0 0 95
725 8289 1361 1296 183 0 0 356 50 0 291 0 115 0 0 0 95
726 8315 1351 1284 179 0 0 358 48 0 291 0 115 0 0 0 95
727 8318 1347 1283 181 0 0 356 50 0 292 0 114 0 0 0 95
728 8322 1347 1281 179 0 0 356 50 0 290 0 116 0 0 0 95
729 8318 1348 1281 182 0 0 356 50 0 289 0 117 0 0 0 95
730 8322 1347 1276 180 0 0 359 49 0 288 0 120 0 0 0 95
731 8330 1342 1271 182 0 0 359 49 0 288 0 120 0 0 0 95
732 8352 1328 1262 183 0 0 358 50 0 292 0 116 0 0 0 95
733 8364 1323 1257 181 0 0 358 50 0 292 0 116 0 0 0 95
734 8376 1318 1253 177 0 0 358 50 0 293 0 115 0 0 0 96
735 8390 1312 1248 174 0 0 358 50 0 294 0 114 0 0 0 96
736 8396 1311 1249 168 0 0 358 50 0 296 0 112 0 0 0 96
737 8395 1313 1251 165 0 0 359 49 0 297 0 111 0 0 0 96
738 8399 1309 1247 169 0 0 359 49 0 297 0 111 0 0 0 96
739 8405 1305 1241 169 0 0 361 49 0 297 0 113 0 0 0 96
740 8394 1308 1245 173 0 0 360 50 0 297 0 113 0 0 0 96
741 8397 1306 1242 175 0 0 361 49 0 297 0 113 0 0 0 96
742 8397 1305 1241 177 0 0 361 49 0 297 0 113 0 0 0 96
743 8397 1306 1242 175 0 0 362 48 0 298 0 112 0 0 0 96
744 8403 1301 1236 180 0 0 362 48 0 297 0 113 0 0 0 96
745 8418 1296 1229 177 0 0 362 48 0 295 0 115 0 0 0 96
746 8424 1292 1224 180 0 0 363 47 0 295 0 115 0 0 0 96
747 8432 1287 1219 182 0 0 363 47 0 295 0 115 0 0 0 96
748 8443 1282 1213 182 0 0 364 46 0 295 0 115 0 0 0 96
749 8446 1279 1211 184 0 0 363 47 0 295 0 115 0 0 0 96
750 8451 1276 1207 185 0 0 364 46 0 295 0 115 0 0 0 97
751 8461 1272 1202 183 0 0 365 45 0 295 0 115 0 0 0 98
752 8466 1269 1199 183 0 0 366 44 0 296 0 114 0 0 0 99
753 8467 1270 1200 180 0 0 366 44 0 296 0 114 0 0 0 99
754 8477 1265 1196 179 0 0 365 45 0 296 0 114 0 0 0 99
755 8485 1262 1194 176 0 0 365 45 0 297 0 113 0 0 0 99
756 8484 1260 1192 181 0 0 365 45 0 297 0 113 0 0 0 99
757 8484 1260 1193 180 0 0 365 45 0 298 0 112 0 0 0 99
758 8488 1258 1191 180 0 0 365 45 0 298 0 112 0 0 0 99
759 8498 1252 1186 179 0 0 365 46 0 299 0 112 0 0 0 99
760 8488 1256 1189 178 0 0 366 47 0 299 0 114 0 0 0 99
761 8491 1255 1188 177 0 0 366 47 0 299 0 114 0 0 0 99
762 8508 1244 1179 180 0 0 366 47 0 301 0 112 0 0 0 99
763 8517 1238 1173 183 0 0 366 47 0 301 0 112 0 0 0 99
764 8526 1233 1168 184 0 0 366 47 0 301 0 112 0 0 0 99
765 8523 1233 1169 186 0 0 365 48 0 301 0 112 0 0 0 99
766 8531 1229 1165 186 0 0 366 47 0 302 0 111 0 0 0 99
767 8535 1228 1164 184 0 0 367 46 0 303 0 110 0 0 0 99
768 8536 1228 1165 182 0 0 367 46 0 304 0 109 0 0 0 99
769 8537 1228 1164 182 0 0 368 45 0 304 0 109 0 0 0 99
770 8537 1227 1164 183 0 0 368 45 0 305 0 108 0 0 0 99
771 8547 1222 1161 180 0 0 369 44 0 308 0 105 0 0 0 100
772 8554 1219 1158 179 0 0 369 44 0 308 0 105 0 0 0 100
773 8558 1216 1155 181 0 0 369 44 0 308 0 105 0 0 0 100
774 8561 1216 1156 177 0 0 370 43 0 310 0 103 0 0 0 100
775 8561 1217 1154 178 0 0 371 42 0 308 0 105 0 0 0 100
776 8564 1216 1155 175 0 0 370 43 0 309 0 104 0 0 0 100
777 8573 1211 1150 176 0 0 370 43 0 309 0 104 0 0 0 100
778 8588 1204 1142 176 0 0 371 42 0 309 0 104 0 0 0 100
779 8597 1201 1137 175 0 0 372 41 0 308 0 105 0 0 0 100
780 8610 1194 1131 175 0 0 371 42 0 308 0 105 0 0 0 100
781 8606 1197 1134 173 0 0 371 42 0 308 0 105 0 0 0 100
782 8607 1197 1134 171 0 0 371 42 0 308 0 105 0 0 0 101
783 8614 1195 1130 168 0 0 373 41 0 308 0 106 0 0 0 101
784 8623 1192 1126 166 0 0 373 41 0 307 0 107 0 0 0 101
785 8617 1195 1129 166 0 0 373 41 0 307 0 107 0 0 0 101
786 8618 1194 1129 166 0 0 373 41 0 308 0 106 0 0 0 101
787 8614 1196 1132 165 0 0 372 42 0 308 0 106 0 0 0 101
788 8614 1195 1131 167 0 0 372 42 0 308 0 106 0 0 0 101
789 8623 1189 1128 167 0 0 372 42 0 311 0 103 0 0 0 101
790 8626 1187 1126 166 0 0 373 42 0 312 0 103 0 0 0 101
791 8622 1188 1127 168 0 0 373 42 0 312 0 103 0 0 0 101
792 8623 1188 1127 167 0 0 373 42 0 312 0 103 0 0 0 101
793 8631 1181 1121 172 0 0 373 42 0 313 0 102 0 0 0 101
794 8623 1186 1126 170 0 0 373 42 0 313 0 102 0 0 0 101
795 8620 1189 1130 166 0 0 374 41 0 315 0 100 0 0 0 101
796 8617 1191 1134 163 0 0 373 42 0 316 0 99 0 0 0 101
797 8625 1187 1129 162 0 0 374 42 0 316 0 100 0 0 0 101
798 8628 1186 1128 161 0 0 374 42 0 316 0 100 0 0 0 101
799 8626 1187 1129 159 0 0 375 42 0 317 0 100 0 0 0 101
800 8636 1181 1124 160 0 0 374 43 0 317 0 100 0 0 0 101
801 8630 1185 1127 157 0 0 375 43 0 317 0 101 0 0 0 101
802 8628 1187 1129 155 0 0 375 43 0 317 0 101 0 0 0 101
803 8624 1191 1133 151 0 0 375 43 0 317 0 101 0 0 0 101
804 8634 1187 1128 150 0 0 376 42 0 317 0 101 0 0 0 101
805 8654 1176 1119 150 0 0 375 43 0 318 0 100 0 0 0 101
806 8668 1169 1111 151 0 0 376 42 0 318 0 100 0 0 0 101
807 8668 1172 1112 147 0 0 377 41 0 317 0 101 0 0 0 101
808 8679 1167 1107 146 0 0 377 41 0 317 0 101 0 0 0 101
809 8685 1164 1104 146 0 0 377 41 0 317 0 101 0 0 0 101
810 8696 1159 1100 144 0 0 377 41 0 318 0 100 0 0 0 101
811 8698 1158 1098 145 0 0 378 40 0 318 0 100 0 0 0 101
812 8710 1152 1092 145 0 0 378 40 0 318 0 100 0 0 0 101
813 8699 1157 1098 145 0 0 377 41 0 318 0 100 0 0 0 101
814 8704 1154 1095 146 0 0 377 41 0 318 0 100 0 0 0 101
815 8719 1147 1088 143 0 0 378 41 0 319 0 100 0 0 0 101
816 8732 1140 1083 142 0 0 379 40 0 322 0 97 0 0 0 101
817 8737 1137 1082 141 0 0 379 40 0 324 0 95 0 0 0 101
818 8738 1137 1082 140 0 0 379 40 0 324 0 95 0 0 0 101
819 8733 1139 1085 140 0 0 378 41 0 324 0 95 0 0 0 101
820 8732 1140 1086 139 0 0 379 40 0 325 0 94 0 0 0 101
821 8738 1139 1083 137 0 0 380 39 0 324 0 95 0 0 0 101
822 8734 1142 1085 136 0 0 381 38 0 324 0 95 0 0 0 101
823 8750 1136 1078 133 0 0 381 38 0 323 0 96 0 0 0 101
824 8750 1136 1078 133 0 0 381 38 0 323 0 96 0 0 0 101
825 8749 1137 1079 132 0 0 381 38 0 323 0 96 0 0 0 101
826 8749 1136 1079 133 0 0 380 39 0 323 0 96 0 0 0 101
827 8772 1126 1068 131 0 0 380 39 0 322 0 97 0 0 0 101
828 8772 1126 1067 132 0 0 380 39 0 321 0 98 0 0 0 101
829 8783 1119 1062 133 0 0 379 40 0 322 0 97 0 0 0 101
830 8781 1118 1063 135 0 0 378 41 0 323 0 96 0 0 0 101
831 8785 1116 1060 134 0 0 379 41 0 323 0 97 0 0 0 101
832 8789 1113 1057 136 0 0 379 41 0 323 0 97 0 0 0 101
833 8793 1111 1055 134 0 0 380 41 0 324 0 97 0 0 0 101
834 8789 1112 1057 135 0 0 380 41 0 325 0 96 0 0 0 101
835 8789 1111 1056 137 0 0 380 41 0 325 0 96 0 0 0 101
836 8788 1112 1057 136 0 0 380 41 0 325 0 96 0 0 0 101
837 8789 1112 1057 135 0 0 380 41 0 325 0 96 0 0 0 101
838 8794 1111 1057 131 0 0 379 42 0 325 0 96 0 0 0 101
839 8790 1113 1061 129 0 0 378 43 0 326 0 95 0 0 0 101
840 8788 1115 1062 128 0 0 378 43 0 325 0 96 0 0 0 101
841 8793 1112 1059 129 0 0 378 43 0 325 0 96 0 0 0 101
842 8793 1112 1059 129 0 0 378 43 0 325 0 96 0 0 0 101
843 8794 1110 1057 130 0 0 378 44 0 325 0 97 0 0 0 101
844 8796 1110 1056 129 0 0 378 44 0 324 0 98 0 0 0 101
845 8794 1110 1057 128 0 0 379 44 0 326 0 97 0 0 0 101
846 8789 1112 1059 129 0 0 379 44 0 326 0 97 0 0 0 101
847 8801 1107 1055 126 0 0 379 44 0 327 0 96 0 0 0 101
848 8804 1106 1053 124 0 0 380 44 0 327 0 97 0 0 0 101
849 8807 1104 1052 124 0 0 379 45 0 327 0 97 0 0 0 101
850 8823 1094 1043 127 0 0 379 45 0 328 0 96 0 0 0 101
851 8828 1091 1040 128 0 0 379 45 0 328 0 96 0 0 0 101
852 8819 1095 1044 129 0 0 379 45 0 328 0 96 0 0 0 101
853 8814 1096 1045 132 0 0 379 45 0 328 0 96 0 0 0 101
854 8817 1094 1044 132 0 0 379 45 0 329 0 95 0 0 0 101
855 8823 1091 1040 133 0 1 379 44 0 328 1 95 0 0 0 101
856 8833 1086 1035 133 0 1 379 44 0 328 1 95 0 0 0 101
857 8853 1077 1024 133 0 1 380 43 0 327 1 96 0 0 0 101
858 8859 1075 1022 131 0 1 380 43 0 327 1 96 0 0 0 101
859 8871 1069 1014 131 0 1 381 43 0 326 1 98 0 0 0 101
860 8872 1068 1016 129 0 1 381 43 0 329 1 95 0 0 0 101
861 8878 1064 1012 127 0 1 383 43 0 331 1 95 0 0 0 101
862 8883 1061 1010 127 0 1 383 43 0 332 1 94 0 0 0 101
863 8886 1061 1008 124 0 1 384 43 0 331 1 96 0 0 0 101
864 8889 1062 1008 120 0 1 384 43 0 330 1 97 0 0 0 101
865 8882 1067 1012 118 0 1 384 43 0 329 1 98 0 0 0 101
866 8891 1061 1009 118 0 1 384 43 0 332 1 95 0 0 0 101
867 8894 1060 1007 116 0 1 385 43 0 332 1 96 0 0 0 101
868 8905 1056 1003 113 0 1 386 42 0 333 1 95 0 0 0 101
869 8919 1050 997 111 0 1 386 42 0 333 1 95 0 0 0 101
870 8921 1050 996 110 0 1 387 41 0 333 1 95 0 0 0 101
871 8929 1047 992 109 0 1 387 41 0 332 1 96 0 0 0 101
872 8939 1041 988 109 0 1 387 41 0 334 1 94 0 0 0 101
873 8939 1040 988 110 0 1 387 41 0 335 1 93 0 0 0 101
874 8933 1044 992 108 0 1 387 41 0 335 1 93 0 0 0 101
875 8933 1043 991 108 0 1 388 41 0 336 1 93 0 0 0 101
876 8940 1040 988 107 0 1 388 41 0 336 1 93 0 0 0 101
877 8938 1041 989 107 0 1 388 41 0 336 1 93 0 0 0 101
878 8938 1041 989 107 0 1 388 41 0 336 1 93 0 0 0 101
879 8951 1035 983 106 0 1 388 41 0 336 1 93 0 0 0 101
880 8954 1033 982 106 0 1 388 41 0 337 1 92 0 0 0 101
881 8957 1032 981 105 0 1 388 41 0 337 1 92 0 0 0 101
882 8951 1035 984 105 0 1 388 41 0 337 1 92 0 0 0 101
883 8959 1032 980 104 0 1 389 40 0 337 1 92 0 0 0 101
884 8960 1031 979 105 0 1 390 39 0 338 1 91 0 0 0 101
885 8958 1031 978 106 0 1 391 39 0 338 1 92 0 0 0 101
886 8966 1027 974 106 0 1 391 39 0 338 1 92 0 0 0 101
887 8963 1028 975 107 0 1 391 39 0 338 1 92 0 0 0 101
888 8974 1023 970 106 0 1 391 39 0 338 1 92 0 0 0 101
889 8977 1022 971 103 0 1 391 39 0 340 1 90 0 0 0 101
890 8988 1017 966 102 0 1 392 38 0 341 1 89 0 0 0 101
891 8999 1012 961 101 0 1 392 38 0 341 1 89 0 0 0 101
892 9015 1005 954 99 0 1 392 38 0 341 1 89 0 0 0 101
893 9024 1000 949 98 0 1 393 38 0 342 1 89 0 0 0 101
894 9023 1001 948 99 0 1 393 38 0 340 1 91 0 0 0 101
895 9019 1003 951 98 0 1 393 38 0 341 1 90 0 0 0 101
896 9032 997 946 96 0 1 393 38 0 342 1 89 0 0 0 101
897 9031 998 946 96 0 1 393 38 0 341 1 90 0 0 0 101
898 9033 996 945 97 0 1 393 38 0 342 1 89 0 0 0 101
899 9035 994 945 97 0 1 391 40 0 342 1 89 0 0 0 101
900 9046 987 940 98 0 1 391 40 0 344 1 87 0 0 0 101
901 9058 982 933 96 0 1 393 39 0 344 1 88 0 0 0 101
902 9069 978 928 92 0 1 394 39 0 344 1 89 0 0 0 101
903 9072 977 927 91 0 1 395 38 0 345 1 88 0 0 0 101
904 9078 975 924 92 0 1 394 38 0 343 1 89 0 0 0 101
905 9080 973 921 92 0 1 395 38 0 343 1 90 0 0 0 102
906 9076 973 922 95 0 1 394 39 0 343 1 90 0 0 0 102
907 9069 976 925 96 0 1 394 39 0 343 1 90 0 0 0 102
908 9068 976 925 97 0 1 394 39 0 343 1 90 0 0 0 102
909 9076 973 921 96 0 1 395 38 0 343 1 90 0 0 0 102
910 9063 980 928 95 0 1 395 38 0 343 1 90 0 0 0 102
911 9083 971 918 94 0 1 395 38 0 342 1 91 0 0 0 102
912 9086 969 916 95 0 1 395 38 0 342 1 91 0 0 0 102
913 9090 967 915 94 0 1 395 38 0 343 1 90 0 0 0 102
914 9091 967 915 93 0 1 395 38 0 343 1 90 0 0 0 102
915 9088 968 916 94 0 1 395 38 0 343 1 90 0 0 0 102
916 9082 972 919 93 0 1 396 37 0 343 1 90 0 0 0 102
917 9079 974 921 92 0 1 396 37 0 343 1 90 0 0 0 102
918 9092 969 917 88 0 1 396 37 0 344 1 89 0 0 0 102
919 9093 969 918 86 0 1 396 37 0 345 1 88 0 0 0 102
920 9101 966 914 85 0 1 397 36 0 345 1 88 0 0 0 102
921 9099 967 915 85 0 1 397 36 0 345 1 88 0 0 0 102
922 9095 968 916 87 0 1 397 36 0 345 1 88 0 0 0 102
923 9097 968 915 86 0 1 397 36 0 344 1 89 0 0 0 102
924 9098 967 914 87 0 1 397 36 0 344 1 89 0 0 0 102
925 9093 969 919 85 0 1 397 36 0 347 1 86 0 0 0 102
926 9093 969 918 85 0 1 398 35 0 347 1 86 0 0 0 103
927 9094 969 918 84 0 1 398 35 0 347 1 86 0 0 0 103
928 9090 971 920 83 0 1 400 33 0 349 1 84 0 0 0 104
929 9096 969 917 82 0 1 401 32 0 349 1 84 0 0 0 104
930 9099 969 916 80 0 1 402 31 0 349 1 84 0 0 0 104
931 9110 963 910 81 0 1 402 31 0 349 1 84 0 0 0 104
932 9123 957 907 77 0 1 402 31 0 352 1 81 0 0 0 104
933 9128 955 905 76 0 1 402 31 0 352 1 81 0 0 0 104
934 9134 953 903 74 0 1 402 31 0 352 1 81 0 0 0 104
935 9140 950 901 73 0 1 402 31 0 353 1 80 0 0 0 104
936 9140 951 902 71 0 1 402 31 0 353 1 80 0 0 0 104
937 9146 948 899 71 0 1 402 31 0 353 1 80 0 0 0 104
938 9147 948 899 70 0 1 402 31 0 353 1 80 0 0 0 104
939 9158 941 893 72 0 1 402 31 0 354 1 79 0 0 0 104
940 9157 942 894 71 0 1 402 31 0 354 1 79 0 0 0 104
941 9165 938 890 71 0 1 401 32 0 353 1 80 0 0 0 104
942 9167 938 887 72 0 1 401 32 0 350 1 83 0 0 0 104
943 9181 932 881 70 0 1 401 32 0 350 1 83 0 0 0 104
944 9181 932 882 69 0 1 400 33 0 350 1 83 0 0 0 104
945 9182 930 881 71 0 1 400 33 0 351 1 82 0 0 0 104
946 9183 929 880 72 0 1 400 33 0 351 1 82 0 0 0 104
947 9190 927 877 70 0 1 400 33 0 350 1 83 0 0 0 104
948 9206 919 868 71 1 1 400 32 0 350 1 83 0 0 1 103
949 9203 921 870 70 1 1 400 32 0 350 1 83 0 0 1 103
950 9202 922 870 68 2 1 400 32 1 349 1 84 0 0 1 103
951 9216 914 863 69 2 1 400 32 1 350 1 83 0 0 1 103
952 9215 913 864 70 2 1 399 33 1 351 1 82 0 0 1 103
953 9218 911 862 71 2 1 399 33 1 351 1 82 0 0 1 103
954 9226 908 860 68 2 1 399 33 1 352 1 81 0 0 1 103
955 9218 912 865 67 2 1 398 34 1 352 1 81 0 0 1 103
956 9222 910 863 67 2 1 398 34 1 352 1 81 0 0 1 103
957 9225 908 864 65 2 1 398 34 1 355 1 78 0 0 1 103
958 9232 905 860 65 2 1 399 33 1 355 1 78 0 0 1 103
959 9234 903 859 66 2 1 399 33 1 356 1 77 0 0 1 103
960 9233 903 860 66 2 1 399 33 1 357 1 76 0 0 1 103
961 9237 901 858 66 2 1 400 32 1 358 1 75 0 0 1 103
962 9240 900 857 65 2 1 400 32 1 358 1 75 0 0 1 103
963 9245 897 854 66 2 1 401 31 1 359 1 74 0 0 1 103
964 9257 892 849 64 2 1 401 31 1 359 1 74 0 0 1 103
965 9268 889 845 62 2 1 401 30 1 358 1 74 0 0 1 103
966 9280 883 839 62 2 1 401 30 1 358 1 74 0 0 1 103
967 9280 882 839 63 2 1 401 30 1 359 1 73 0 0 1 103
968 9285 878 836 65 2 1 401 30 1 360 1 72 0 0 1 103
969 9292 875 834 63 2 1 401 30 1 361 1 71 0 0 1 103
970 9299 872 832 61 2 1 400 31 1 361 1 71 0 0 1 103
971 9303 870 830 61 2 1 400 31 1 361 1 71 0 0 1 103
972 9308 868 827 61 2 1 401 30 1 361 1 71 0 0 1 103
973 9321 862 820 59 2 1 402 30 1 361 1 72 0 0 1 103
974 9333 856 812 61 2 1 404 28 1 361 1 72 0 0 1 103
975 9341 852 808 61 2 1 404 28 1 361 1 72 0 0 1 103
976 9337 853 810 62 2 1 404 28 1 362 1 71 0 0 1 103
977 9345 848 805 64 3 0 404 28 1 363 1 70 0 0 1 103
978 9361 838 798 65 3 0 404 28 1 366 1 67 0 0 1 103
979 9358 838 799 67 3 0 403 29 1 366 1 67 0 0 1 103
980 9351 840 803 68 3 0 402 30 1 367 1 66 0 0 1 103
981 9355 838 801 68 3 0 402 30 1 367 1 66 0 0 1 103
982 9354 839 802 67 3 0 402 30 1 367 1 66 0 0 1 103
983 9361 835 799 67 3 0 402 30 1 368 1 65 0 0 1 103
984 9367 832 796 67 3 0 404 28 1 370 1 63 0 0 1 103
985 9369 831 795 67 3 0 404 28 1 370 1 63 0 0 1 103
986 9370 831 794 67 3 0 405 27 1 370 1 63 0 0 1 103
987 9376 828 791 67 3 0 405 27 1 370 1 63 0 0 1 103
988 9369 830 793 70 3 0 405 27 1 370 1 63 0 0 1 103
989 9371 829 792 70 3 0 405 27 1 370 1 63 0 0 1 103
990 9374 828 790 70 3 0 406 26 1 370 1 63 0 0 1 103
991 9383 823 786 70 3 0 406 26 1 371 1 62 0 0 1 103
992 9383 823 786 70 3 0 407 25 1 372 1 61 0 0 1 103
993 9389 820 783 70 3 0 407 25 1 372 1 61 0 0 1 103
994 9391 819 783 69 3 0 407 25 1 373 1 60 0 0 1 103
995 9398 816 780 68 3 0 407 25 1 373 1 60 0 0 1 103
996 9402 814 778 68 3 0 408 24 1 374 1 59 0 0 1 103
997 9407 811 776 68 3 0 408 24 1 375 1 58 0 0 1 103
998 9410 809 775 68 3 0 407 25 1 375 1 58 0 0 1 103
999 9419 804 771 68 3 0 407 25 1 376 1 57 0 0 1 103
1000 9417 805 772 68 3 0 407 25 1 376 1 57 0 0 1 103
1001 9423 802 768 69 4 0 407 24 2 375 1 57 0 0 1 103
1002 9428 800 766 68 4 0 407 24 2 375 1 57 0 0 1 103
1003 9430 800 764 67 4 0 408 23 2 374 1 58 0 0 1 104
1004 9432 799 763 67 4 0 408 23 2 374 1 58 0 0 1 104
1005 9427 801 766 67 4 0 407 24 2 374 1 58 0 0 1 104
1006 9432 800 764 64 4 0 408 23 2 374 1 58 0 0 1 105
1007 9444 794 759 63 4 0 408 23 2 375 1 57 0 0 1 105
1008 9438 797 761 64 4 0 408 23 2 374 1 58 0 0 1 105
1009 9451 790 755 64 4 0 408 23 2 375 1 57 0 0 1 105
1010 9453 789 754 64 4 0 408 23 2 375 1 57 0 0 1 105
1011 9460 784 750 66 4 0 408 23 2 376 1 56 0 0 1 105
1012 9466 782 749 63 4 0 407 24 2 376 1 56 0 0 1 105
1013 9469 781 748 62 4 0 407 24 2 376 1 56 0 0 1 105
1014 9474 779 744 63 4 0 408 23 2 375 1 57 0 0 1 105
1015 9481 777 742 60 4 0 408 23 2 375 1 57 0 0 1 105
1016 9477 779 744 60 4 0 408 23 2 375 1 57 0 0 1 105
1017 9492 772 736 60 4 0 409 22 2 375 1 57 0 0 1 105
1018 9495 771 734 60 4 0 409 22 2 374 1 58 0 0 1 105
1019 9502 767 730 61 4 0 409 22 2 374 1 58 0 0 1 105
1020 9500 768 730 62 4 0 410 21 2 374 1 58 0 0 1 105
1021 9504 766 731 59 4 0 408 23 2 375 1 57 0 0 1 105
1022 9504 765 731 60 4 0 408 23 2 376 1 56 0 0 1 105
1023 9520 759 724 57 4 0 408 23 2 375 1 57 0 0 1 105
1024 9532 753 719 56 4 0 408 23 2 376 1 56 0 0 1 105
1025 9544 747 715 54 4 0 408 23 2 378 1 54 0 0 1 105
1026 9540 750 717 53 4 0 409 22 2 378 1 54 0 0 1 105
1027 9548 746 713 53 4 0 409 22 2 378 1 54 0 0 1 105
1028 9560 739 707 54 4 0 408 23 2 378 1 54 0 0 1 105
1029 9565 736 705 54 4 0 408 23 2 379 1 53 0 0 1 105
1030 9576 730 699 55 4 0 408 23 2 379 1 53 0 0 1 105
1031 9578 728 697 57 4 0 407 24 2 378 1 54 0 0 1 105
1032 9580 726 695 59 4 0 407 24 2 378 1 54 0 0 1 105
1033 9579 727 697 57 4 0 407 24 2 379 1 53 0 0 1 105
1034 9597 718 688 57 5 0 407 23 2 380 2 51 0 0 1 105
1035 9599 717 688 56 5 0 407 23 2 381 2 50 0 0 1 105
1036 9616 709 680 55 5 0 407 23 2 381 2 50 0 0 1 105
1037 9625 705 676 54 5 0 407 23 2 381 2 50 0 0 1 105
1038 9627 704 674 53 5 0 408 23 2 381 2 51 0 0 1 105
1039 9633 701 672 52 5 0 408 23 2 382 2 50 0 0 1 105
1040 9626 704 675 53 5 0 408 23 2 382 2 50 0 0 1 105
1041 9626 704 675 53 5 0 408 23 2 382 2 50 0 0 1 105
1042 9616 709 680 53 5 0 408 23 2 382 2 50 0 0 1 105
1043 9615 710 679 52 6 0 408 23 2 381 3 51 0 0 1 105
1044 9616 709 679 52 6 0 408 23 2 382 3 50 0 0 1 105
1045 9624 705 675 52 6 0 408 23 2 382 3 50 0 0 1 105
1046 9629 702 672 53 6 0 408 23 2 382 3 50 0 0 1 105
1047 9625 705 674 52 6 0 408 23 2 381 3 51 0 0 1 105
1048 9626 705 673 52 6 0 408 23 2 380 3 52 0 0 1 105
1049 9626 705 673 52 6 0 408 23 2 380 3 52 0 0 1 105
1050 9621 709 677 49 6 0 408 23 2 380 3 52 0 0 1 105
1051 9632 704 672 48 6 0 408 23 2 380 3 52 0 0 1 105
1052 9625 708 675 48 6 0 409 22 2 380 3 52 0 0 1 105
1053 9633 704 671 48 6 0 409 22 2 380 3 52 0 0 1 105
1054 9628 706 674 48 6 0 409 22 2 381 3 51 0 0 1 105
1055 9634 703 672 47 6 0 409 22 2 382 3 50 0 0 1 105
1056 9636 702 672 46 6 0 409 22 2 383 3 49 0 0 1 105
1057 9642 698 671 45 6 0 406 25 2 383 3 49 0 0 1 105
1058 9633 702 676 45 6 0 405 26 2 383 3 49 0 0 1 105
1059 9636 701 675 44 6 0 405 26 2 383 3 49 0 0 1 105
1060 9636 701 676 43 6 0 405 26 2 384 3 48 0 0 1 105
1061 9637 701 675 43 6 0 406 25 2 384 3 48 0 0 1 105
1062 9643 698 672 43 6 0 406 25 2 384 3 48 0 0 1 105
1063 9644 698 671 43 6 0 406 25 2 383 3 49 0 0 1 105
1064 9641 700 673 42 6 0 406 25 2 383 3 49 0 0 1 105
1065 9639 701 674 42 6 0 406 25 2 383 3 49 0 0 1 105
1066 9651 696 669 40 6 0 406 25 2 383 3 49 0 0 1 105
1067 9645 699 672 40 6 0 406 25 2 383 3 49 0 0 1 105
1068 9650 696 669 41 6 0 406 25 2 383 3 49 0 0 1 105
1069 9658 692 664 42 6 0 407 24 2 383 3 49 0 0 1 105
1070 9652 695 667 42 6 0 407 24 2 383 3 49 0 0 1 105
1071 9650 696 667 42 6 0 408 23 2 383 3 49 0 0 1 106
1072 9661 692 661 41 6 0 409 22 2 382 3 50 0 0 1 106
1073 9667 689 658 41 6 0 409 22 2 382 3 50 0 0 1 106
1074 9674 686 655 40 6 0 410 21 2 383 3 49 0 0 1 106
1075 9677 685 654 39 6 0 410 21 2 383 3 49 0 0 1 106
1076 9678 684 654 39 6 0 410 21 2 384 3 48 0 0 1 106
1077 9691 678 648 38 6 0 411 20 2 385 3 47 0 0 1 106
1078 9695 676 646 38 6 0 411 20 2 385 3 47 0 0 1 106
1079 9704 672 642 37 6 0 411 20 2 385 3 47 0 0 1 106
1080 9715 667 637 36 6 0 411 20 2 385 3 47 0 0 1 106
1081 9715 666 637 37 6 0 410 21 2 385 3 47 0 0 1 106
1082 9719 664 634 36 6 0 411 21 2 385 3 48 0 0 1 106
1083 9716 666 636 35 6 0 411 21 2 385 3 48 0 0 1 106
1084 9720 663 635 35 6 0 411 21 2 387 3 46 0 0 1 106
1085 9722 663 635 33 6 0 411 21 2 387 3 46 0 0 1 106
1086 9734 657 629 33 6 0 411 21 2 387 3 46 0 0 1 106
1087 9735 656 629 33 6 0 411 21 2 388 3 45 0 0 1 106
1088 9740 654 625 34 6 0 413 19 2 388 3 45 0 0 1 106
1089 9755 647 617 34 6 0 414 18 2 388 3 45 0 0 1 106
1090 9763 643 612 33 6 0 415 18 2 388 3 46 0 0 1 106
1091 9769 640 609 33 6 0 415 18 2 388 3 46 0 0 1 106
1092 9784 633 601 33 6 0 415 18 2 387 3 47 0 0 1 106
1093 9793 629 596 33 6 0 416 17 2 387 3 47 0 0 1 106
1094 9791 630 598 32 6 0 416 17 2 388 3 46 0 0 1 106
1095 9791 631 598 31 6 0 417 16 2 388 3 46 0 0 1 106
1096 9784 635 602 30 6 0 417 16 2 388 3 46 0 0 1 106
1097 9788 633 600 30 6 0 417 16 2 388 3 46 0 0 1 106
1098 9789 632 599 31 6 0 417 16 2 388 3 46 0 0 1 106
1099 9793 630 597 31 6 0 417 16 2 388 3 46 0 0 1 106
1100 9794 629 597 31 6 0 416 17 2 388 3 46 0 0 1 106
1101 9796 628 596 31 6 0 416 17 2 388 3 46 0 0 1 106
1102 9795 629 597 30 6 0 416 17 2 388 3 46 0 0 1 106
1103 9788 633 601 29 6 0 416 17 2 388 3 46 0 0 1 106
1104 9786 634 601 30 6 0 416 17 2 387 3 47 0 0 1 106
1105 9781 637 603 30 6 0 415 18 2 385 3 49 0 0 1 106
1106 9786 634 600 31 6 0 415 18 2 385 3 49 0 0 1 106
1107 9784 636 601 30 6 0 415 18 2 384 3 50 0 0 1 106
1108 9794 631 597 29 6 0 414 19 2 384 3 50 0 0 1 106
1109 9795 630 596 30 6 0 414 19 2 384 3 50 0 0 1 106
1110 9792 631 597 31 6 0 414 19 2 384 3 50 0 0 1 106
1111 9801 626 592 32 6 0 414 19 2 384 3 50 0 0 1 106
1112 9804 625 591 31 6 0 414 19 2 384 3 50 0 0 1 106
1113 9812 621 587 31 6 0 414 19 2 384 3 50 0 0 1 106
1114 9818 618 584 31 6 0 414 19 2 384 3 50 0 0 1 106
1115 9819 618 583 31 6 0 415 18 2 384 3 50 0 0 1 106
1116 9820 617 582 32 6 0 415 18 2 384 3 50 0 0 1 106
1117 9826 614 579 32 6 0 415 18 2 384 3 50 0 0 1 106
1118 9829 612 578 32 6 0 415 18 2 385 3 49 0 0 1 106
1119 9825 614 580 32 6 0 415 18 2 385 3 49 0 0 1 106
1120 9832 611 576 31 7 0 415 17 3 384 3 49 0 0 1 107
1121 9829 613 577 31 7 0 415 17 3 383 3 50 0 0 1 107
1122 9829 613 578 30 7 0 415 17 3 384 3 49 0 0 1 107
1123 9831 612 577 30 7 0 415 17 3 384 3 49 0 0 1 107
1124 9828 613 579 30 7 0 415 17 3 385 3 48 0 0 1 107
1125 9841 607 573 29 7 0 415 17 3 385 3 48 0 0 1 107
1126 9840 607 574 29 7 0 415 17 3 386 3 47 0 0 1 107
1127 9846 603 572 29 7 0 415 17 3 388 3 45 0 0 1 107
1128 9844 605 574 27 7 0 415 17 3 388 3 45 0 0 1 107
1129 9851 601 570 28 7 0 415 17 3 388 3 45 0 0 1 107
1130 9838 608 576 28 7 0 415 17 3 387 3 46 0 0 1 107
1131 9833 610 579 28 7 0 415 17 3 388 3 45 0 0 1 107
1132 9833 610 579 28 7 0 415 17 3 388 3 45 0 0 1 107
1133 9828 613 581 28 7 0 415 17 3 387 3 46 0 0 1 107
1134 9828 613 581 28 7 0 415 17 3 387 3 46 0 0 1 107
1135 9835 610 578 27 7 0 415 17 3 387 3 46 0 0 1 107
1136 9840 608 575 27 7 0 416 16 3 387 3 46 0 0 1 107
1137 9836 609 576 29 7 0 416 16 3 387 3 46 0 0 1 107
1138 9831 612 579 28 8 0 415 16 3 387 3 46 0 0 2 106
1139 9836 610 576 28 8 0 415 16 3 386 3 47 0 0 2 106
1140 9832 612 578 28 8 0 415 16 3 386 3 47 0 0 2 106
1141 9827 615 580 28 8 0 415 16 3 385 3 48 0 0 2 106
1142 9834 612 575 28 8 0 417 14 3 385 3 48 0 0 2 107
1143 9838 611 573 27 8 0 418 13 3 385 3 48 0 0 2 107
1144 9835 612 574 28 8 0 418 13 3 385 3 48 0 0 2 107
1145 9835 612 574 28 8 0 418 13 3 385 3 48 0 0 2 107
1146 9837 610 574 28 8 0 418 13 3 387 3 46 0 0 2 107
1147 9841 609 573 26 8 0 418 13 3 387 3 46 0 0 2 107
1148 9838 610 575 26 8 0 418 13 3 388 3 45 0 0 2 107
1149 9844 607 572 26 8 0 418 13 3 388 3 45 0 0 2 107
1150 9852 603 568 26 8 0 418 13 3 388 3 45 0 0 2 107
1151 9855 601 566 27 8 0 418 13 3 388 3 45 0 0 2 107
1152 9861 598 563 27 8 0 418 13 3 388 3 45 0 0 2 107
1153 9862 597 563 27 9 0 417 13 4 388 2 45 0 0 3 106
1154 9865 595 562 27 9 0 417 13 4 389 2 44 0 0 3 106
1155 9870 592 559 28 9 0 417 13 4 389 2 44 0 0 3 106
1156 9875 589 556 29 9 0 417 13 4 389 2 44 0 0 3 106
1157 9888 582 550 29 9 0 417 13 4 390 2 43 0 0 3 106
1158 9894 579 547 29 9 0 417 13 4 390 2 43 0 0 3 106
1159 9895 578 547 29 9 0 417 13 4 391 2 42 0 0 3 106
1160 9902 573 544 30 9 0 416 14 4 392 2 41 0 0 3 106
1161 9899 575 546 29 9 0 416 14 4 392 2 41 0 0 3 106
1162 9905 571 544 29 9 0 415 15 4 393 2 40 0 0 3 106
1163 9911 568 541 29 9 0 415 15 4 393 2 40 0 0 3 106
1164 9919 564 537 29 9 0 415 15 4 393 2 40 0 0 3 106
1165 9918 564 538 29 9 0 414 16 4 393 2 40 0 0 3 106
1166 9916 565 538 28 9 0 415 16 4 393 2 41 0 0 3 106
1167 9917 564 538 28 9 0 415 16 4 394 2 40 0 0 3 106
1168 9914 566 540 27 9 0 415 16 4 394 2 40 0 0 3 106
1169 9920 563 537 27 9 0 415 16 4 394 2 40 0 0 3 106
1170 9922 562 536 27 9 0 415 16 4 394 2 40 0 0 3 106
1171 9925 561 535 26 9 0 415 16 4 394 2 40 0 0 3 106
1172 9931 557 532 27 9 0 415 16 4 395 2 39 0 0 3 106
1173 9932 556 532 27 9 0 415 16 4 396 2 38 0 0 3 106
1174 9921 560 536 30 9 0 415 16 4 396 2 38 0 0 3 106
1175 9923 559 535 30 9 0 415 16 4 396 2 38 0 0 3 106
1176 9922 560 535 30 9 0 415 16 4 395 2 39 0 0 3 106
1177 9925 558 535 29 9 0 415 16 4 397 2 37 0 0 3 106
1178 9922 560 536 29 9 0 415 16 4 396 2 38 0 0 3 106
1179 9927 558 533 29 9 0 416 15 4 396 2 38 0 0 3 106
1180 9923 560 535 29 9 0 416 15 4 396 2 38 0 0 3 106
1181 9923 559 534 31 9 0 416 15 4 396 2 38 0 0 3 106
1182 9922 560 534 31 9 0 416 15 4 395 2 39 0 0 3 106
1183 9933 554 529 31 9 0 416 15 4 396 2 38 0 0 3 106
1184 9936 552 527 32 9 0 416 15 4 396 2 38 0 0 3 106
1185 9934 553 528 32 9 0 416 15 4 396 2 38 0 0 3 106
1186 9934 553 528 32 9 0 416 15 4 396 2 38 0 0 3 106
1187 9937 553 527 30 9 0 417 14 4 396 2 38 0 0 3 106
1188 9945 549 523 30 9 0 417 14 4 396 2 38 0 0 3 106
1189 9947 548 522 30 9 0 417 14 4 396 2 38 0 0 3 106
1190 9945 549 524 29 9 0 417 14 4 397 2 37 0 0 3 106
1191 9945 550 524 28 9 0 418 13 4 397 2 37 0 0 3 106
1192 9951 547 521 28 9 0 418 13 4 397 2 37 0 0 3 106
1193 9960 542 517 28 9 0 418 13 4 398 2 36 0 0 3 106
1194 9972 536 511 28 9 0 418 13 4 398 2 36 0 0 3 106
1195 9979 533 508 27 9 0 418 13 4 398 2 36 0 0 3 106
1196 9986 529 505 27 9 0 418 13 4 399 2 35 0 0 3 106
1197 9990 527 503 27 9 0 418 13 4 399 2 35 0 0 3 106
1198 10001 522 498 26 9 0 418 13 4 399 2 35 0 0 3 106
1199 10002 521 497 27 9 0 418 13 4 399 2 35 0 0 3 106
1200 9995 524 500 28 9 0 417 14 4 398 2 36 0 0 3 106
1201 9999 522 498 28 9 0 417 14 4 398 2 36 0 0 3 106
1202 9997 523 499 28 9 0 417 14 4 398 2 36 0 0 3 106
1203 9995 524 500 28 9 0 418 13 4 399 2 35 0 0 3 106
1204 9995 524 500 28 9 0 418 13 4 399 2 35 0 0 3 106
1205 10000 521 497 29 9 0 418 13 4 399 2 35 0 0 3 106
1206 10006 517 494 30 9 0 418 13 4 400 2 34 0 0 3 106
1207 10008 515 493 30 9 0 418 13 4 401 2 33 0 0 3 107
1208 10012 513 491 30 9 0 418 13 4 401 2 33 0 0 3 107
1209 10014 512 491 29 9 0 417 14 4 401 2 33 0 0 3 107
1210 10022 508 487 29 9 0 417 14 4 401 2 33 0 0 3 107
1211 10024 507 486 29 9 0 417 14 4 401 2 33 0 0 3 107
1212 10027 506 485 28 9 0 417 14 4 401 2 33 0 0 3 107
1213 10031 505 484 26 9 0 417 14 4 401 2 33 0 0 3 107
1214 10036 502 482 26 9 0 417 14 4 402 2 32 0 0 3 107
1215 10038 501 481 26 9 0 417 14 4 402 2 32 0 0 3 107
1216 10039 501 482 24 9 0 417 14 4 403 2 31 0 0 3 107
1217 10041 500 481 24 9 0 417 14 4 403 2 31 0 0 3 107
1218 10049 496 477 24 9 0 417 14 4 403 2 31 0 0 3 107
1219 10045 498 479 24 9 0 417 14 4 403 2 31 0 0 3 107
1220 10040 500 481 25 9 0 417 14 4 403 2 31 0 0 3 107
1221 10049 496 477 24 9 0 417 14 4 403 2 31 0 0 3 107
1222 10058 491 473 24 9 0 416 15 4 403 2 31 0 0 3 107
1223 10054 493 475 24 9 0 415 16 4 402 2 32 0 0 3 107
1224 10058 491 473 24 9 0 415 16 4 402 2 32 0 0 3 107
1225 10067 487 468 24 9 0 416 15 4 402 2 32 0 0 3 107
1226 10066 487 469 24 9 0 416 15 4 403 2 31 0 0 3 107
1227 10061 490 472 23 9 0 416 15 4 403 2 31 0 0 3 107
1228 10059 491 473 23 9 0 416 15 4 403 2 31 0 0 3 107
1229 10062 489 472 23 9 0 416 15 4 404 2 30 0 0 3 107
1230 10060 490 473 23 9 0 416 15 4 404 2 30 0 0 3 107
1231 10067 486 470 23 9 0 415 16 4 404 2 30 0 0 3 107
1232 10065 487 471 23 9 0 415 16 4 404 2 30 0 0 3 107
1233 10069 485 469 23 9 0 415 16 4 404 2 30 0 0 3 107
1234 10076 481 467 22 9 0 415 16 4 406 2 28 0 0 3 107
1235 10082 478 464 22 9 0 415 16 4 406 2 28 0 0 3 107
1236 10082 478 464 22 9 0 415 16 4 406 2 28 0 0 3 107
1237 10079 479 466 22 9 0 414 17 4 406 2 28 0 0 3 107
1238 10077 480 467 22 9 0 414 17 4 406 2 28 0 0 3 107
1239 10076 480 467 23 9 0 414 17 4 406 2 28 0 0 3 107
1240 10080 478 465 23 9 0 414 17 4 406 2 28 0 0 3 107
1241 10086 475 462 23 9 0 414 17 4 406 2 28 0 0 3 107
1242 10086 475 462 23 9 0 414 17 4 406 2 28 0 0 3 107
1243 10084 476 464 22 10 0 413 17 5 406 2 27 0 0 3 107
1244 10086 475 463 22 10 0 413 17 5 406 2 27 0 0 3 107
1245 10090 473 462 21 10 0 413 17 5 407 2 26 0 0 3 107
1246 10094 471 461 20 10 0 413 17 5 408 2 25 0 0 3 107
1247 10100 468 458 20 10 0 413 17 5 408 2 25 0 0 3 107
1248 10105 466 456 19 10 0 413 17 5 408 2 25 0 0 3 107
1249 10107 465 455 19 10 0 413 17 5 408 2 25 0 0 3 107
1250 10107 465 455 19 10 0 413 17 5 408 2 25 0 0 3 107
1251 10101 468 458 19 10 0 413 17 5 408 2 25 0 0 3 107
1252 10101 468 458 19 10 0 413 17 5 408 2 25 0 0 3 107
1253 10097 470 460 19 10 0 413 17 5 408 2 25 0 0 3 107
1254 10102 468 458 18 10 0 413 17 5 408 2 25 0 0 3 107
1255 10104 468 458 16 10 0 413 17 5 408 2 25 0 0 3 107
1256 10108 466 456 16 11 0 412 17 6 407 2 25 0 0 3 107
1257 10114 464 452 16 11 0 413 16 6 406 2 26 0 0 3 107
1258 10121 460 449 16 11 0 413 16 6 407 2 25 0 0 3 107
1259 10119 461 450 16 11 0 413 16 6 407 2 25 0 0 3 107
1260 10129 456 445 16 11 0 413 16 6 407 2 25 0 0 3 107
1261 10131 455 444 16 11 0 413 16 6 407 2 25 0 0 3 107
1262 10122 459 448 17 11 0 413 16 6 407 2 25 0 0 3 107
1263 10128 456 445 17 11 0 413 16 6 407 2 25 0 0 3 107
1264 10127 455 446 18 11 0 412 17 6 408 2 24 0 0 3 107
1265 10120 458 449 19 11 0 412 17 6 408 2 24 0 0 3 107
1266 10124 456 447 19 11 0 412 17 6 408 2 24 0 0 3 107
1267 10126 455 446 19 12 0 411 17 7 407 2 24 0 0 3 107
1268 10120 458 449 19 12 0 411 17 7 407 2 24 0 0 3 107
1269 10121 457 449 19 13 0 410 17 7 408 2 23 0 0 4 106
1270 10133 452 444 17 13 0 410 17 7 408 2 23 0 0 4 106
1271 10137 450 442 17 13 0 410 17 7 408 2 23 0 0 4 106
1272 10139 450 441 16 13 0 410 17 7 407 2 24 0 1 5 104
1273 10138 451 441 16 13 0 410 17 7 406 2 25 0 1 5 104
1274 10138 451 441 16 13 0 410 17 7 406 2 25 0 1 5 104
1275 10142 449 439 16 13 0 410 17 7 406 2 25 0 1 5 104
1276 10149 445 436 16 13 0 410 17 8 406 1 25 0 1 5 104
1277 10146 446 437 17 13 0 410 17 8 406 1 25 0 1 5 104
1278 10145 446 438 17 13 0 409 18 8 406 1 25 0 1 5 104
1279 10154 442 434 16 13 0 409 18 8 406 1 25 0 1 5 104
1280 10156 441 433 16 13 0 410 17 8 407 1 24 0 1 5 104
1281 10159 440 432 15 13 0 410 17 8 407 1 24 0 1 5 104
1282 10160 440 432 14 13 0 410 17 8 407 1 24 0 1 5 104
1283 10170 435 427 14 13 0 410 17 8 407 1 24 0 1 5 104
1284 10168 435 428 15 14 0 409 17 9 407 1 23 0 1 5 104
1285 10180 430 421 15 14 0 411 15 9 407 1 23 0 1 5 104
1286 10191 423 416 16 14 0 410 16 9 408 1 22 0 1 5 104
1287 10196 421 413 16 14 0 411 15 9 408 1 22 0 1 5 104
1288 10193 424 414 16 14 0 412 14 9 407 1 23 0 1 5 103
1289 10193 424 415 15 14 0 411 15 9 407 1 23 0 1 5 103
1290 10197 422 413 15 14 0 411 15 9 407 1 23 0 1 5 103
1291 10204 418 410 15 14 0 410 16 9 407 1 23 0 1 5 103
1292 10204 418 410 15 14 0 410 16 9 407 1 23 0 1 5 103
1293 10200 419 412 16 14 0 410 16 9 408 1 22 0 1 5 103
1294 10206 416 409 16 14 0 410 16 9 408 1 22 0 1 5 103
1295 10211 413 407 16 14 0 409 17 9 408 1 22 0 1 5 103
1296 10211 413 407 16 14 0 409 17 9 408 1 22 0 1 5 103
1297 10215 411 405 16 14 0 409 17 9 408 1 22 0 1 5 103
1298 10216 410 404 17 14 0 410 16 9 409 1 21 0 1 5 103
1299 10208 414 408 17 15 0 409 16 10 408 1 21 0 1 5 103
1300 10208 414 408 17 15 0 409 16 10 408 1 21 0 1 5 103
1301 10212 412 406 17 15 0 409 16 10 408 1 21 0 1 5 103
1302 10210 413 407 17 15 0 409 16 10 408 1 21 0 1 5 103
1303 10216 411 405 15 15 0 409 16 10 408 1 21 0 1 5 103
1304 10212 413 407 15 15 0 409 16 10 408 1 21 0 1 5 103
1305 10215 412 405 15 15 0 410 15 10 408 1 21 0 1 5 103
1306 10221 409 402 15 15 0 410 15 10 408 1 21 0 1 5 103
1307 10223 408 400 15 16 0 410 14 10 408 1 21 0 1 6 103
1308 10225 407 399 15 16 0 410 14 10 408 1 21 0 1 6 103
1309 10223 408 400 15 16 0 410 14 10 408 1 21 0 1 6 103
1310 10219 410 402 15 16 0 410 14 10 408 1 21 0 1 6 103
1311 10219 410 402 15 16 0 410 14 10 408 1 21 0 1 6 103
1312 10217 411 403 15 16 0 410 14 10 408 1 21 0 1 6 103
1313 10223 408 400 15 16 0 410 14 10 408 1 21 0 1 6 103
1314 10221 409 401 15 16 0 410 14 10 408 1 21 0 1 6 103
1315 10218 410 402 15 16 0 411 13 10 409 1 20 0 1 6 104
1316 10220 409 401 15 16 0 411 13 10 409 1 20 0 1 6 104
1317 10216 410 403 16 16 0 410 14 10 409 1 20 0 1 6 104
1318 10227 405 397 16 16 0 411 13 10 409 1 20 0 1 6 104
1319 10231 403 395 16 16 0 411 13 10 409 1 20 0 1 6 104
1320 10236 399 392 18 17 0 409 14 11 408 1 20 0 1 6 104
1321 10241 397 390 17 17 0 409 14 11 408 1 20 0 1 6 104
1322 10242 397 390 16 17 0 409 14 11 408 1 20 0 1 6 104
1323 10248 394 387 16 17 0 409 14 11 408 1 20 0 1 6 104
1324 10254 391 384 16 17 0 409 14 11 408 1 20 0 1 6 104
1325 10261 387 381 16 17 0 409 14 11 409 1 19 0 1 6 104
1326 10263 386 380 16 17 0 409 14 11 409 1 19 0 1 6 104
1327 10263 386 380 16 17 0 409 14 11 409 1 19 0 1 6 104
1328 10267 384 378 16 17 0 409 14 11 409 1 19 0 1 6 104
1329 10267 384 378 16 17 0 409 14 11 409 1 19 0 1 6 104
1330 10265 385 379 16 17 0 409 14 11 409 1 19 0 1 6 104
1331 10266 385 379 15 17 0 409 14 11 409 1 19 0 1 6 104
1332 10268 384 378 15 17 0 409 14 11 409 1 19 0 1 6 104
1333 10275 381 375 14 17 0 409 14 11 409 1 19 0 1 6 104
1334 10277 380 374 14 17 0 409 14 11 409 1 19 0 1 6 104
1335 10275 381 375 14 17 0 408 15 11 408 1 20 0 1 6 104
1336 10271 383 377 14 17 0 408 15 11 408 1 20 0 1 6 104
1337 10268 384 379 14 17 0 408 15 11 409 1 19 0 1 6 104
1338 10274 381 376 14 17 0 408 15 11 409 1 19 0 1 6 104
1339 10268 384 379 14 17 0 408 15 11 409 1 19 0 1 6 104
1340 10276 380 375 14 18 0 407 15 12 408 1 19 0 1 6 104
1341 10280 378 373 14 18 0 407 15 12 408 1 19 0 1 6 104
1342 10283 376 372 14 18 0 407 15 12 409 1 18 0 1 6 104
1343 10284 375 372 14 18 0 406 16 12 409 1 18 0 1 6 104
1344 10284 375 372 14 18 0 406 16 12 409 1 18 0 1 6 104
1345 10289 373 370 13 18 0 406 16 12 409 1 18 0 1 6 104
1346 10295 370 367 13 18 0 406 16 12 409 1 18 0 1 6 104
1347 10293 371 368 13 18 0 406 16 12 409 1 18 0 1 6 104
1348 10291 372 369 13 18 0 406 16 12 409 1 18 0 1 6 104
1349 10294 371 369 11 18 0 405 17 12 409 1 18 0 1 6 104
1350 10298 369 367 11 18 0 405 17 12 409 1 18 0 1 6 104
1351 10294 371 369 11 18 0 405 17 12 409 1 18 0 1 6 104
1352 10290 374 371 10 18 0 406 16 12 409 1 18 0 1 6 104
1353 10289 374 371 11 18 0 406 16 12 409 1 18 0 1 6 104
1354 10293 372 369 11 18 0 406 16 12 409 1 18 0 1 6 104
1355 10296 371 367 11 18 0 407 15 12 409 1 18 0 1 6 104
1356 10296 371 367 11 18 0 407 15 12 409 1 18 0 1 6 104
1357 10298 370 366 11 18 0 407 15 12 409 1 18 0 1 6 104
1358 10302 368 364 11 18 0 407 15 12 409 1 18 0 1 6 104
1359 10306 366 362 11 18 0 407 15 12 409 1 18 0 1 6 104
1360 10312 363 359 11 18 0 407 15 12 409 1 18 0 1 6 104
1361 10305 366 362 12 18 0 407 15 12 409 1 18 0 1 6 104
1362 10298 369 366 12 18 0 406 16 12 409 1 18 0 1 6 104
1363 10295 370 368 12 18 0 405 17 12 409 1 18 0 1 6 104
1364 10294 371 368 12 18 0 406 16 12 409 1 18 0 1 6 104
1365 10290 373 370 12 18 0 406 16 12 409 1 18 0 1 6 104
1366 10288 374 371 12 18 0 406 16 12 409 1 18 0 1 6 104
1367 10289 373 371 12 18 0 406 16 12 410 1 17 0 1 6 104
1368 10284 376 374 11 18 0 406 16 12 410 1 17 0 1 6 104
1369 10287 375 373 10 18 0 406 16 12 410 1 17 0 1 6 104
1370 10294 372 369 10 18 0 406 16 12 409 1 18 0 1 6 104
1371 10294 372 369 10 18 0 406 16 12 409 1 18 0 1 6 104
1372 10297 371 368 9 18 0 406 16 12 409 1 18 0 1 6 104
1373 10302 368 366 9 18 0 406 16 12 410 1 17 0 1 6 104
1374 10302 368 366 9 18 0 406 16 12 410 1 17 0 1 6 104
1375 10308 365 363 9 18 0 406 16 12 410 1 17 0 1 6 104
1376 10310 364 362 9 18 0 406 16 12 410 1 17 0 1 6 104
1377 10314 362 360 9 18 0 406 16 12 410 1 17 0 1 6 104
1378 10307 366 364 8 18 0 406 16 12 410 1 17 0 1 6 104
1379 10309 365 363 8 18 0 406 16 12 410 1 17 0 1 6 104
1380 10310 365 363 7 18 0 406 16 12 410 1 17 0 1 6 104
1381 10308 366 364 7 18 0 406 16 12 410 1 17 0 1 6 104
1382 10306 367 365 7 18 0 406 16 13 409 1 17 0 2 6 103
1383 10304 368 366 7 18 0 406 16 13 409 1 17 0 2 6 103
1384 10303 369 367 6 18 0 406 16 13 409 1 17 0 2 6 103
1385 10305 368 366 6 18 0 406 16 13 409 1 17 0 2 6 103
1386 10303 368 367 7 18 0 405 17 13 409 1 17 0 2 6 103
1387 10300 369 369 7 18 0 405 17 13 410 1 16 0 2 6 103
1388 10301 369 369 6 18 0 405 17 13 410 1 16 0 2 6 103
1389 10300 370 369 6 18 0 405 17 13 409 1 17 0 2 6 103
1390 10306 367 366 6 18 0 405 17 13 409 1 17 0 2 6 103
1391 10308 366 365 6 18 0 405 17 13 409 1 17 0 2 6 103
1392 10312 364 363 6 18 0 405 17 13 409 1 17 0 2 6 103
1393 10307 367 365 6 18 0 405 17 13 408 1 18 0 2 6 103
1394 10307 367 365 6 18 0 405 17 13 408 1 18 0 2 6 103
1395 10309 366 364 6 18 0 405 17 13 408 1 18 0 2 6 103
1396 10305 368 366 6 18 0 405 17 13 408 1 18 0 2 6 103
1397 10305 368 366 6 18 0 405 17 13 408 1 18 0 2 6 103
1398 10311 365 363 6 18 0 405 17 13 408 1 18 0 2 6 103
1399 10313 364 362 6 18 0 405 17 13 408 1 18 0 2 6 103
1400 10315 363 361 6 18 0 405 17 13 408 1 18 0 2 6 103
1401 10318 362 359 6 18 0 406 16 13 408 1 18 0 2 6 103
1402 10317 362 359 7 18 0 406 16 13 408 1 18 0 2 6 103
1403 10314 363 360 8 18 0 406 16 13 408 1 18 0 2 6 103
1404 10315 363 359 8 18 0 406 16 13 407 1 19 0 2 6 103
1405 10318 362 357 8 18 0 406 16 13 406 1 20 0 2 6 103
1406 10323 360 355 7 18 0 406 16 13 406 1 20 0 2 6 103
1407 10320 361 357 7 18 0 405 17 13 406 1 20 0 2 6 103
1408 10324 359 355 7 18 0 405 17 13 406 1 20 0 2 6 103
1409 10324 359 355 7 18 0 405 17 13 406 1 20 0 2 6 103
1410 10326 358 354 7 18 0 405 17 13 406 1 20 0 2 6 103
1411 10326 358 354 7 19 0 404 17 14 405 1 20 0 2 6 103
1412 10326 358 354 7 19 0 404 17 14 405 1 20 0 2 6 103
1413 10328 357 353 7 19 0 404 17 14 405 1 20 0 2 6 103
1414 10332 355 351 7 19 0 404 17 14 405 1 20 0 2 6 103
1415 10333 355 351 6 19 0 404 17 14 405 1 20 0 2 6 103
1416 10333 355 350 7 19 0 404 17 14 404 1 21 0 2 6 103
1417 10331 356 351 7 19 0 404 17 14 404 1 21 0 2 6 103
1418 10331 356 351 7 19 0 404 17 14 404 1 21 0 2 6 103
1419 10333 355 350 7 19 0 404 17 14 404 1 21 0 2 6 103
1420 10339 352 347 7 19 0 404 17 14 404 1 21 0 2 6 103
1421 10344 349 344 8 20 0 403 17 14 404 1 21 0 2 7 102
1422 10336 353 348 8 20 0 403 17 14 404 1 21 0 2 7 102
1423 10339 351 347 8 20 0 403 17 14 405 1 20 0 2 7 102
1424 10342 349 346 8 20 0 402 18 15 404 1 20 0 3 7 101
1425 10347 347 344 7 20 0 402 18 15 404 1 20 0 3 7 101
1426 10348 346 344 7 20 0 403 17 15 406 1 18 0 3 7 101
1427 10352 344 342 7 20 0 403 17 16 405 1 18 0 4 7 100
1428 10360 340 338 7 20 0 403 17 16 405 1 18 0 4 7 100
1429 10358 341 339 7 20 0 403 17 16 405 1 18 0 4 7 100
1430 10360 340 338 7 20 0 403 17 16 405 1 18 0 4 7 100
1431 10363 339 337 6 20 0 403 17 16 405 1 18 0 4 7 100
1432 10365 338 336 6 20 0 403 17 16 405 1 18 0 4 7 100
1433 10366 337 336 6 20 0 403 17 16 406 1 17 0 4 7 100
1434 10375 332 332 6 20 0 403 17 16 407 1 16 0 4 7 100
1435 10379 330 330 6 20 0 403 17 16 407 1 16 0 4 7 100
1436 10380 329 330 6 20 0 402 18 16 407 1 16 0 4 7 100
1437 10381 328 329 7 20 0 402 18 16 407 1 16 0 4 7 100
1438 10379 329 330 7 20 0 402 18 16 407 1 16 0 4 7 100
1439 10382 328 329 6 21 0 401 18 16 407 1 16 0 4 8 99
1440 10386 326 327 6 21 0 401 18 16 407 1 16 0 4 8 99
1441 10385 326 328 6 22 0 400 18 17 407 0 16 0 4 9 98
1442 10383 327 329 6 23 0 399 18 18 406 0 16 0 4 9 98
1443 10385 326 328 6 23 0 399 18 18 406 0 16 0 4 9 98
1444 10390 324 325 6 23 0 400 17 18 406 0 16 0 4 9 98
1445 10391 323 325 6 23 0 399 18 18 406 0 16 0 4 9 98
1446 10391 323 325 6 23 0 399 18 18 406 0 16 0 4 9 98
1447 10393 322 324 6 23 0 399 18 18 406 0 16 0 4 9 98
1448 10395 321 323 6 23 0 399 18 18 406 0 16 0 4 9 98
1449 10395 321 323 6 23 0 399 18 18 406 0 16 0 4 9 98
1450 10393 322 324 6 23 0 399 18 18 406 0 16 0 4 9 98
1451 10392 322 325 6 23 0 399 18 18 407 0 15 0 4 9 98
1452 10396 320 323 6 23 0 399 18 18 407 0 15 0 4 9 98
1453 10400 318 321 6 23 0 399 18 18 407 0 15 0 4 9 98
1454 10404 316 319 6 23 0 399 18 18 407 0 15 0 4 9 98
1455 10414 311 314 6 23 0 399 18 18 407 0 15 0 4 9 98
1456 10410 313 316 6 23 0 399 18 18 407 0 15 0 4 9 98
1457 10410 313 316 6 23 0 399 18 18 407 0 15 0 4 9 98
1458 10410 313 315 7 23 0 400 17 18 407 0 15 0 4 9 98
1459 10412 312 314 7 23 0 400 17 18 407 0 15 0 4 9 98
1460 10410 313 315 7 23 0 400 17 18 407 0 15 0 4 9 98
1461 10409 313 315 8 23 0 400 17 18 407 0 15 0 4 9 98
1462 10415 310 312 8 23 0 400 17 18 407 0 15 0 4 9 98
1463 10421 307 309 8 23 0 400 17 18 407 0 15 0 4 9 98
1464 10423 306 308 8 23 0 400 17 18 407 0 15 0 4 9 98
1465 10425 305 307 8 23 0 400 17 18 407 0 15 0 4 9 98
1466 10427 303 306 9 23 0 400 17 18 408 0 14 0 4 9 98
1467 10423 305 308 9 23 0 400 17 18 408 0 14 0 4 9 98
1468 10423 305 308 9 23 0 400 17 18 408 0 14 0 4 9 98
1469 10423 305 308 9 23 0 400 17 18 408 0 14 0 4 9 98
1470 10427 303 306 9 23 0 400 17 18 408 0 14 0 4 9 98
1471 10429 302 305 9 23 0 400 17 18 408 0 14 0 4 9 98
1472 10432 300 303 10 23 0 400 17 18 408 0 14 0 4 9 98
1473 10430 301 304 10 23 0 400 17 18 408 0 14 0 4 9 98
1474 10430 301 304 10 23 0 400 17 18 408 0 14 0 4 9 98
1475 10436 298 301 10 23 0 400 17 18 408 0 14 0 4 9 98
1476 10436 298 301 10 23 0 400 17 18 408 0 14 0 4 9 98
1477 10440 296 299 10 23 0 400 17 18 408 0 14 0 4 9 98
1478 10441 296 298 10 23 0 401 16 18 408 0 14 0 4 9 98
1479 10439 297 299 10 23 0 401 16 18 408 0 14 0 4 9 98
1480 10441 296 298 10 23 0 401 16 18 408 0 14 0 4 9 98
1481 10446 293 296 10 23 0 402 15 18 410 0 12 0 4 9 98
1482 10448 292 295 10 23 0 402 15 18 410 0 12 0 4 9 98
1483 10446 293 296 10 23 0 402 15 18 410 0 12 0 4 9 98
1484 10446 293 296 10 23 0 402 15 18 410 0 12 0 4 9 98
1485 10452 290 293 10 23 0 402 15 18 410 0 12 0 4 9 98
1486 10450 291 294 10 23 0 402 15 18 410 0 12 0 4 9 98
1487 10452 290 293 10 23 0 402 15 18 410 0 12 0 4 9 98
1488 10452 290 293 10 23 0 402 15 18 410 0 12 0 4 9 98
1489 10450 291 295 9 23 0 401 16 18 410 0 12 0 4 9 98
1490 10450 291 295 9 23 0 401 16 18 410 0 12 0 4 9 98
1491 10450 291 295 9 23 0 401 16 18 410 0 12 0 4 9 98
1492 10450 291 295 9 23 0 401 16 18 410 0 12 0 4 9 98
1493 10458 287 291 9 23 0 402 15 18 411 0 11 0 4 9 98
1494 10457 288 291 9 23 0 402 15 18 410 0 12 0 4 9 98
1495 10455 289 291 10 23 0 402 15 18 409 0 13 0 4 9 98
1496 10449 292 294 10 23 0 402 15 18 409 0 13 0 4 9 98
1497 10451 291 293 10 23 0 402 15 18 409 0 13 0 4 9 98
1498 10451 291 293 10 23 0 402 15 18 409 0 13 0 4 9 98
1499 10448 293 295 9 23 0 402 15 18 409 0 13 0 4 9 98
1500 10444 295 297 9 23 0 402 15 18 409 0 13 0 4 9 98
