0 1979 195 0 0 0 0 0 0 0 0 0 0 0 0 0 0
1 11654 191 191 0 0 0 0 0 0 0 0 0 0 0 0 0
2 11654 191 191 0 0 0 0 0 0 0 0 0 0 0 0 0
3 11648 194 194 0 0 0 0 0 0 0 0 0 0 0 0 0
4 11650 193 193 0 0 0 0 0 0 0 0 0 0 0 0 0
5 11658 189 189 0 0 0 0 0 0 0 0 0 0 0 0 0
6 11656 190 190 0 0 0 0 0 0 0 0 0 0 0 0 0
7 11656 190 190 0 0 0 0 0 0 0 0 0 0 0 0 0
8 11656 190 190 0 0 0 0 0 0 0 0 0 0 0 0 0
9 11656 190 190 0 0 0 0 0 0 0 0 0 0 0 0 0
10 11655 190 190 1 0 0 0 0 0 0 0 0 0 0 0 0
11 11655 190 190 1 0 0 0 0 0 0 0 0 0 0 0 0
12 11651 192 192 1 0 0 0 0 0 0 0 0 0 0 0 0
13 11655 190 190 1 0 0 0 0 0 0 0 0 0 0 0 0
14 11653 191 191 1 0 0 0 0 0 0 0 0 0 0 0 0
15 11647 194 194 1 0 0 0 0 0 0 0 0 0 0 0 0
16 11645 195 195 1 0 0 0 0 0 0 0 0 0 0 0 0
17 11643 196 196 1 0 0 0 0 0 0 0 0 0 0 0 0
18 11643 196 196 1 0 0 0 0 0 0 0 0 0 0 0 0
19 11649 193 193 1 0 0 0 0 0 0 0 0 0 0 0 0
20 11645 195 195 1 0 0 0 0 0 0 0 0 0 0 0 0
21 11643 196 196 1 0 0 0 0 0 0 0 0 0 0 0 0
22 11641 197 197 1 0 0 0 0 0 0 0 0 0 0 0 0
23 11640 197 197 2 0 0 0 0 0 0 0 0 0 0 0 0
24 11641 196 196 3 0 0 0 0 0 0 0 0 0 0 0 0
25 11644 195 195 2 0 0 0 0 0 0 0 0 0 0 0 0
26 11642 196 196 2 0 0 0 0 0 0 0 0 0 0 0 0
27 11640 197 197 2 0 0 0 0 0 0 0 0 0 0 0 0
28 11642 196 196 2 0 0 0 0 0 0 0 0 0 0 0 0
29 11642 196 196 2 0 0 0 0 0 0 0 0 0 0 0 0
30 11640 197 197 2 0 0 0 0 0 0 0 0 0 0 0 0
31 11638 198 198 2 0 0 0 0 0 0 0 0 0 0 0 0
32 11634 200 200 2 0 0 0 0 0 0 0 0 0 0 0 0
33 11634 200 200 2 0 0 0 0 0 0 0 0 0 0 0 0
34 11628 203 203 2 0 0 0 0 0 0 0 0 0 0 0 0
35 11620 207 207 2 0 0 0 0 0 0 0 0 0 0 0 0
36 11613 210 210 3 0 0 0 0 0 0 0 0 0 0 0 0
37 11615 209 209 3 0 0 0 0 0 0 0 0 0 0 0 0
38 11611 211 211 3 0 0 0 0 0 0 0 0 0 0 0 0
39 11613 210 210 3 0 0 0 0 0 0 0 0 0 0 0 0
40 11617 208 208 3 0 0 0 0 0 0 0 0 0 0 0 0
41 11609 212 212 3 0 0 0 0 0 0 0 0 0 0 0 0
42 11603 215 215 3 0 0 0 0 0 0 0 0 0 0 0 0
43 11603 215 215 3 0 0 0 0 0 0 0 0 0 0 0 0
44 11588 221 221 6 0 0 0 0 0 0 0 0 0 0 0 0
45 11588 221 221 6 0 0 0 0 0 0 0 0 0 0 0 0
46 11578 226 226 6 0 0 0 0 0 0 0 0 0 0 0 0
47 11572 229 229 6 0 0 0 0 0 0 0 0 0 0 0 0
48 11562 234 234 6 0 0 0 0 0 0 0 0 0 0 0 0
49 11549 240 240 7 0 0 0 0 0 0 0 0 0 0 0 0
50 11541 244 244 7 0 0 0 0 0 0 0 0 0 0 0 0
51 11521 254 254 7 0 0 0 0 0 0 0 0 0 0 0 0
52 11521 254 254 7 0 0 0 0 0 0 0 0 0 0 0 0
53 11509 260 260 7 0 0 0 0 0 0 0 0 0 0 0 0
54 11493 268 268 7 0 0 0 0 0 0 0 0 0 0 0 0
55 11479 275 275 7 0 0 0 0 0 0 0 0 0 0 0 0
56 11463 282 282 9 0 0 0 0 0 0 0 0 0 0 0 0
57 11451 288 288 9 0 0 0 0 0 0 0 0 0 0 0 0
58 11449 289 289 9 0 0 0 0 0 0 0 0 0 0 0 0
59 11436 295 295 10 0 0 0 0 0 0 0 0 0 0 0 0
60 11430 298 298 10 0 0 0 0 0 0 0 0 0 0 0 0
61 11410 308 308 10 0 0 0 0 0 0 0 0 0 0 0 0
62 11390 318 318 10 0 0 0 0 0 0 0 0 0 0 0 0
63 11369 328 328 11 0 0 0 0 0 0 0 0 0 0 0 0
64 11357 334 334 11 0 0 0 0 0 0 0 0 0 0 0 0
65 11341 341 341 13 0 0 0 0 0 0 0 0 0 0 0 0
66 11310 357 357 12 0 0 0 0 0 0 0 0 0 0 0 0
67 11305 359 359 13 0 0 0 0 0 0 0 0 0 0 0 0
68 11286 368 368 14 0 0 0 0 0 0 0 0 0 0 0 0
69 11264 379 379 14 0 0 0 0 0 0 0 0 0 0 0 0
70 11258 381 381 16 0 0 0 0 0 0 0 0 0 0 0 0
71 11241 389 389 17 0 0 0 0 0 0 0 0 0 0 0 0
72 11232 393 393 18 0 0 0 0 0 0 0 0 0 0 0 0
73 11216 400 400 20 0 0 0 0 0 0 0 0 0 0 0 0
74 11201 407 407 21 0 0 0 0 0 0 0 0 0 0 0 0
75 11194 411 411 20 0 0 0 0 0 0 0 0 0 0 0 0
76 11182 417 417 20 0 0 0 0 0 0 0 0 0 0 0 0
77 11157 429 429 21 0 0 0 0 0 0 0 0 0 0 0 0
78 11139 438 438 21 0 0 0 0 0 0 0 0 0 0 0 0
79 11132 441 441 22 0 0 0 0 0 0 0 0 0 0 0 0
80 11116 448 448 24 0 0 0 0 0 0 0 0 0 0 0 0
81 11103 454 454 25 0 0 0 0 0 0 0 0 0 0 0 0
82 11080 465 465 26 0 0 0 0 0 0 0 0 0 0 0 0
83 11058 476 476 26 0 0 0 0 0 0 0 0 0 0 0 0
84 11040 485 485 26 0 0 0 0 0 0 0 0 0 0 0 0
85 11028 491 491 26 0 0 0 0 0 0 0 0 0 0 0 0
86 11009 501 500 24 0 0 1 0 0 0 0 1 0 0 0 0
87 10992 510 509 23 0 0 1 0 0 0 0 1 0 0 0 0
88 10977 517 516 24 0 0 1 0 0 0 0 1 0 0 0 0
89 10959 525 524 26 0 0 1 0 0 0 0 1 0 0 0 0
90 10953 528 527 26 0 0 1 0 0 0 0 1 0 0 0 0
91 10944 531 530 29 0 0 1 0 0 0 0 1 0 0 0 0
92 10924 540 539 31 0 0 1 0 0 0 0 1 0 0 0 0
93 10896 553 551 32 0 0 2 0 0 0 0 2 0 0 0 0
94 10871 564 562 35 0 0 2 0 0 0 0 2 0 0 0 0
95 10850 574 572 36 0 0 2 0 0 0 0 2 0 0 0 0
96 10839 579 577 37 0 0 2 0 0 0 0 2 0 0 0 0
97 10828 585 583 36 0 0 2 0 0 0 0 2 0 0 0 0
98 10808 595 593 36 0 0 2 0 0 0 0 2 0 0 0 0
99 10797 601 599 35 0 0 2 0 0 0 0 2 0 0 0 0
100 10788 605 603 36 0 0 2 0 0 0 0 2 0 0 0 0
101 10782 608 606 36 0 0 2 0 0 0 0 2 0 0 0 0
102 10780 608 605 37 0 0 3 0 0 0 0 3 0 0 0 0
103 10774 611 608 37 0 0 3 0 0 0 0 3 0 0 0 0
104 10759 618 615 38 0 0 3 0 0 0 0 3 0 0 0 0
105 10748 623 620 39 0 0 3 0 0 0 0 3 0 0 0 0
106 10734 630 627 39 0 0 3 0 0 0 0 3 0 0 0 0
107 10717 638 635 40 0 0 3 0 0 0 0 3 0 0 0 0
108 10706 644 641 39 0 0 3 0 0 0 0 3 0 0 0 0
109 10694 650 647 39 0 0 3 0 0 0 0 3 0 0 0 0
110 10674 660 657 39 0 0 3 0 0 0 0 3 0 0 0 0
111 10671 661 658 40 0 0 3 0 0 0 0 3 0 0 0 0
112 10663 662 659 46 0 0 3 0 0 0 0 3 0 0 0 0
113 10647 669 666 48 0 0 3 0 0 0 0 3 0 0 0 0
114 10640 672 669 49 0 0 3 0 0 0 0 3 0 0 0 0
115 10639 672 669 50 0 0 3 0 0 0 0 3 0 0 0 0
116 10633 675 672 50 0 0 3 0 0 0 0 3 0 0 0 0
117 10622 681 678 49 0 0 3 0 0 0 0 3 0 0 0 0
118 10613 685 682 50 0 0 3 0 0 0 0 3 0 0 0 0
119 10602 690 687 51 0 0 3 0 0 0 0 3 0 0 0 0
120 10596 692 689 53 0 0 3 0 0 0 0 3 0 0 0 0
121 10583 699 696 52 0 0 3 0 0 0 0 3 0 0 0 0
122 10575 703 700 52 0 0 3 0 0 0 0 3 0 0 0 0
123 10570 705 702 53 0 0 3 0 0 0 0 3 0 0 0 0
124 10562 710 707 51 0 0 3 0 0 0 0 3 0 0 0 0
125 10555 713 710 52 0 0 3 0 0 0 0 3 0 0 0 0
126 10536 721 717 54 0 0 4 0 0 0 0 4 0 0 0 0
127 10525 727 723 53 0 0 4 0 0 0 0 4 0 0 0 0
128 10522 728 722 52 0 0 6 0 0 0 0 6 0 0 0 0
129 10509 734 728 53 0 0 6 0 0 0 0 6 0 0 0 0
130 10510 733 727 54 0 0 6 0 0 0 0 6 0 0 0 0
131 10498 739 733 54 0 0 6 0 0 0 0 6 0 0 0 0
132 10487 744 738 55 0 0 6 0 0 0 0 6 0 0 0 0
133 10466 753 747 58 0 0 6 0 0 0 0 6 0 0 0 0
134 10456 757 751 60 0 0 6 0 0 0 0 6 0 0 0 0
135 10439 765 759 61 0 0 6 0 0 0 0 6 0 0 0 0
136 10427 769 762 64 0 0 7 0 0 0 0 7 0 0 0 0
137 10411 775 768 68 0 0 7 0 0 0 0 7 0 0 0 0
138 10386 786 779 71 0 0 7 0 0 0 0 7 0 0 0 0
139 10381 788 780 71 0 0 8 0 0 0 0 8 0 0 0 0
140 10366 795 787 72 0 0 8 0 0 0 0 8 0 0 0 0
141 10349 803 795 73 0 0 8 0 0 0 0 8 0 0 0 0
142 10332 811 803 74 0 0 8 0 0 0 0 8 0 0 0 0
143 10316 818 810 76 0 0 8 0 0 0 0 8 0 0 0 0
144 10297 827 818 76 0 0 9 0 0 0 0 9 0 0 0 0
145 10285 833 824 76 0 0 9 0 0 0 0 9 0 0 0 0
146 10271 839 830 78 0 0 9 0 0 0 0 9 0 0 0 0
147 10263 843 834 78 0 0 9 0 0 0 0 9 0 0 0 0
148 10227 858 849 84 0 0 9 0 0 0 0 9 0 0 0 0
149 10196 872 863 87 0 0 9 0 0 0 0 9 0 0 0 0
150 10176 880 870 90 0 0 10 0 0 0 0 10 0 0 0 0
151 10165 884 873 92 0 0 11 0 0 0 0 11 0 0 0 0
152 10151 889 880 94 0 0 11 0 0 2 0 9 0 0 0 0
153 10126 902 893 93 0 0 11 0 0 2 0 9 0 0 0 0
154 10105 912 903 94 0 0 11 0 0 2 0 9 0 0 0 0
155 10086 921 912 95 0 0 11 0 0 2 0 9 0 0 0 0
156 10044 942 933 95 0 0 11 0 0 2 0 9 0 0 0 0
157 10030 947 937 98 0 0 12 0 0 2 0 10 0 0 0 0
158 9996 964 954 98 0 0 12 0 0 2 0 10 0 0 0 0
159 9963 978 968 103 0 0 12 0 0 2 0 10 0 0 0 0
160 9923 997 986 102 0 0 13 1 0 2 0 12 0 0 0 0
161 9902 1007 994 101 0 0 15 1 0 2 0 14 0 0 0 0
162 9899 1008 995 102 0 0 15 1 0 2 0 14 0 0 0 0
163 9885 1014 1002 103 0 0 14 2 0 2 0 14 0 0 0 0
164 9840 1035 1023 106 0 0 14 2 0 2 0 14 0 0 0 0
165 9817 1044 1031 110 0 0 15 2 0 2 0 15 0 0 0 0
166 9771 1065 1052 114 0 0 15 2 0 2 0 15 0 0 0 0
167 9744 1077 1064 117 0 0 15 2 0 2 0 15 0 0 0 0
168 9705 1096 1083 118 0 0 15 2 0 2 0 15 0 0 0 0
169 9693 1101 1087 119 0 0 16 2 0 2 0 16 0 0 0 0
170 9677 1107 1093 123 0 0 16 2 0 2 0 16 0 0 0 0
171 9653 1117 1103 127 0 0 16 2 0 2 0 16 0 0 0 0
172 9622 1132 1118 127 0 0 16 2 0 2 0 16 0 0 0 1
173 9605 1139 1125 130 0 0 16 2 0 2 0 16 0 0 0 1
174 9584 1149 1135 131 0 0 16 2 0 2 0 16 0 0 0 1
175 9570 1153 1137 133 0 0 18 3 0 2 0 19 0 0 0 1
176 9554 1161 1144 132 0 0 19 3 0 2 0 20 0 0 0 1
177 9532 1171 1154 134 0 0 19 3 0 2 0 20 0 0 0 1
178 9516 1179 1163 133 0 0 19 3 0 3 0 19 0 0 0 1
179 9500 1187 1171 133 0 0 19 3 0 3 0 19 0 0 0 1
180 9487 1193 1177 134 0 0 19 3 0 3 0 19 0 0 0 1
181 9460 1205 1189 137 0 0 19 3 0 3 0 19 0 0 0 1
182 9445 1212 1195 137 0 0 20 3 0 3 0 20 0 0 0 1
183 9447 1212 1194 136 0 0 20 3 0 2 0 21 0 0 0 1
184 9435 1217 1199 138 0 0 20 3 0 2 0 21 0 0 0 1
185 9421 1220 1203 145 0 0 20 3 0 3 0 20 0 0 0 1
186 9405 1227 1210 147 0 0 20 3 0 3 0 20 0 0 0 1
187 9390 1232 1215 150 0 0 21 3 0 4 0 20 0 0 0 1
188 9388 1232 1215 152 0 0 21 3 0 4 0 20 0 0 0 1
189 9362 1243 1226 156 0 0 21 3 0 4 0 20 0 0 0 1
190 9352 1247 1230 158 0 0 21 3 0 4 0 20 0 0 0 1
191 9350 1249 1232 154 0 0 21 4 0 4 0 21 0 0 0 1
192 9334 1255 1237 155 0 0 22 5 0 4 0 23 0 0 0 1
193 9318 1261 1242 159 0 0 23 4 0 4 0 23 0 0 0 2
194 9295 1271 1252 162 0 0 23 4 0 4 0 23 0 0 0 2
195 9287 1272 1251 166 0 0 25 4 0 4 0 25 0 0 0 2
196 9273 1280 1258 163 0 0 26 4 0 4 0 26 0 0 0 2
197 9264 1284 1261 163 0 0 27 4 0 4 0 27 0 0 0 2
198 9254 1287 1264 167 0 0 27 4 0 4 0 27 0 0 0 2
199 9240 1295 1271 162 0 0 28 5 0 4 0 29 0 0 0 2
200 9231 1300 1276 161 0 0 28 5 0 4 0 29 0 0 0 2
201 9206 1310 1286 166 0 0 28 5 0 4 0 29 0 0 0 2
202 9193 1315 1291 169 0 0 28 5 0 4 0 29 0 0 0 2
203 9187 1317 1293 171 0 0 28 5 0 4 0 29 0 0 0 2
204 9180 1322 1298 168 0 0 28 5 0 4 0 29 0 0 0 2
205 9175 1323 1299 171 0 0 28 5 0 4 0 29 0 0 0 2
206 9155 1334 1309 168 0 0 29 5 0 4 0 30 0 0 0 2
207 9138 1341 1316 171 0 0 29 5 0 4 0 30 0 0 0 2
208 9131 1343 1318 174 0 0 29 5 0 4 0 30 0 0 0 2
209 9129 1343 1317 175 0 0 30 5 0 4 0 31 0 0 0 2
210 9135 1340 1314 175 0 0 30 5 0 4 0 31 0 0 0 2
211 9127 1343 1316 176 0 0 31 5 0 4 0 32 0 0 0 2
212 9132 1341 1311 172 0 0 34 5 0 4 0 35 0 0 0 2
213 9122 1344 1313 173 0 0 35 6 0 4 0 37 0 0 0 2
214 9122 1345 1314 171 0 0 35 6 0 4 0 37 0 0 0 2
215 9111 1348 1316 175 0 0 36 6 0 4 0 38 0 0 0 2
216 9115 1345 1313 177 0 0 36 6 0 4 0 38 0 0 0 2
217 9110 1347 1315 178 0 0 36 6 0 4 0 38 0 0 0 2
218 9114 1346 1314 176 0 0 36 6 0 4 0 38 0 0 0 2
219 9113 1345 1313 179 0 0 36 6 0 4 0 38 0 0 0 2
220 9105 1349 1316 178 0 0 37 6 0 4 0 39 0 0 0 2
221 9100 1349 1314 181 0 0 39 6 0 4 0 41 0 0 0 2
222 9089 1352 1318 185 0 0 38 7 0 4 0 41 0 0 0 2
223 9091 1349 1315 189 0 0 38 7 0 4 0 41 0 0 0 2
224 9083 1351 1316 190 0 0 40 7 0 5 0 42 0 0 0 2
225 9078 1353 1318 191 0 0 40 7 0 5 0 42 0 0 0 2
226 9053 1361 1326 200 0 0 40 7 0 5 0 42 0 0 0 2
227 9060 1358 1323 197 0 0 40 8 0 5 0 43 0 0 0 2
228 9069 1353 1318 196 0 0 40 9 0 5 0 44 0 0 0 2
229 9071 1351 1316 198 0 0 40 9 0 5 0 44 0 0 0 2
230 9070 1352 1314 194 0 0 43 9 0 5 0 47 0 0 0 2
231 9068 1352 1315 195 0 0 43 9 0 6 0 46 0 0 0 2
232 9063 1352 1315 200 0 0 43 9 0 6 0 46 0 0 0 2
233 9040 1362 1326 200 0 0 42 11 0 6 0 47 0 0 0 2
234 9034 1366 1331 197 0 0 41 12 0 6 0 47 0 0 0 2
235 9023 1370 1333 196 0 0 43 13 0 6 0 50 0 0 0 2
236 9016 1373 1334 195 0 0 45 13 0 6 0 52 0 0 0 2
237 8990 1386 1347 195 0 0 45 13 0 6 0 52 0 0 0 2
238 8985 1389 1350 194 0 0 45 13 0 6 0 52 0 0 0 2
239 8977 1392 1353 196 0 0 45 13 0 6 0 52 0 0 0 2
240 8965 1397 1356 196 0 0 47 13 0 6 0 54 0 0 0 2
241 8950 1403 1361 198 0 0 48 13 0 6 0 55 0 0 0 2
242 8943 1405 1364 198 0 0 47 15 0 6 0 56 0 0 0 2
243 8928 1412 1367 197 0 0 51 14 0 6 0 59 0 0 0 2
244 8924 1414 1368 196 0 0 52 14 0 6 0 60 0 0 0 2
245 8921 1417 1370 191 0 0 53 14 0 6 0 61 0 0 0 3
246 8916 1420 1369 190 0 0 57 11 0 6 0 62 0 0 0 5
247 8911 1422 1370 190 0 0 58 11 0 6 0 63 0 0 0 5
248 8892 1430 1378 193 0 0 58 11 0 6 0 63 0 0 0 5
249 8881 1432 1381 199 0 0 58 11 0 7 0 62 0 0 0 5
250 8875 1435 1384 199 0 0 58 11 0 7 0 62 0 0 0 5
251 8866 1437 1384 199 0 0 61 11 0 8 0 64 0 0 0 6
252 8863 1437 1385 201 0 0 60 12 0 8 0 64 0 0 0 6
253 8846 1446 1394 200 0 0 60 12 0 8 0 64 0 0 0 6
254 8838 1449 1397 202 0 0 60 12 0 8 0 64 0 0 0 6
255 8829 1452 1400 203 0 0 60 13 0 8 0 65 0 0 0 6
256 8821 1456 1404 201 0 0 60 14 0 8 0 66 0 0 0 6
257 8811 1459 1406 204 0 0 61 14 0 8 0 67 0 0 0 6
258 8815 1458 1404 203 0 0 62 13 0 8 0 67 0 0 0 6
259 8807 1460 1406 207 0 0 62 13 0 8 0 67 0 0 0 6
260 8788 1469 1413 204 0 0 64 14 0 8 0 70 0 0 0 6
261 8768 1477 1422 207 0 0 63 15 0 8 0 70 0 0 0 6
262 8746 1487 1432 209 0 0 63 15 0 8 0 70 0 0 0 6
263 8733 1491 1435 214 0 0 64 14 0 8 0 70 0 0 0 7
264 8733 1488 1430 218 0 0 66 14 0 8 0 72 0 0 0 7
265 8721 1492 1434 222 0 0 66 13 0 8 0 71 0 0 0 9
266 8682 1509 1451 227 0 0 66 13 0 8 0 71 0 0 0 9
267 8671 1512 1452 230 0 0 68 13 0 8 0 73 0 0 0 9
268 8658 1518 1456 229 0 0 70 13 0 8 0 75 0 0 0 9
269 8643 1523 1460 233 0 0 71 13 0 8 0 76 0 0 0 9
270 8630 1528 1464 231 0 0 73 14 0 9 0 78 0 0 0 9
271 8611 1535 1472 232 0 0 74 14 0 11 0 77 0 0 0 10
272 8609 1535 1470 232 0 0 76 14 0 11 0 79 0 0 0 10
273 8600 1539 1473 232 0 0 77 14 0 11 0 80 0 0 0 10
274 8582 1547 1479 232 0 0 79 14 0 11 0 82 0 0 0 10
275 8570 1552 1483 233 0 0 80 14 0 11 0 83 0 0 0 10
276 8567 1552 1483 234 0 0 80 15 0 11 0 84 0 0 0 10
277 8556 1555 1485 236 0 0 81 16 0 11 0 86 0 0 0 10
278 8539 1560 1490 243 0 0 81 16 0 11 0 86 0 0 0 10
279 8520 1565 1495 250 0 0 81 17 0 11 0 87 0 0 0 10
280 8496 1575 1504 252 0 0 82 17 0 11 0 88 0 0 0 11
281 8481 1580 1509 257 0 0 82 17 0 11 0 88 0 0 0 11
282 8471 1584 1509 253 0 0 86 18 0 11 0 93 0 0 0 11
283 8452 1592 1516 255 0 0 87 18 0 11 0 94 0 0 0 11
284 8439 1596 1521 257 0 0 87 19 0 12 0 94 0 0 0 11
285 8437 1596 1521 257 0 0 88 19 0 13 0 94 0 0 0 11
286 8426 1600 1524 259 0 0 89 19 0 13 0 95 0 0 0 11
287 8411 1607 1527 256 0 0 93 19 0 13 0 99 0 0 0 11
288 8409 1608 1527 253 0 0 95 19 0 14 0 100 0 0 0 11
289 8407 1605 1526 259 0 0 94 20 0 15 0 99 0 0 0 11
290 8376 1620 1541 258 0 0 94 21 0 15 0 100 0 0 0 11
291 8372 1621 1542 260 0 0 94 21 0 15 0 100 0 0 0 11
292 8374 1619 1538 260 0 0 96 21 0 15 0 102 0 0 0 11
293 8366 1622 1540 259 0 0 98 21 0 16 0 103 0 0 0 11
294 8373 1619 1536 256 0 0 99 21 0 16 0 104 0 0 0 12
295 8376 1618 1533 253 0 0 101 21 0 16 0 106 0 0 0 12
296 8375 1620 1534 248 0 0 103 20 0 17 0 106 0 0 0 13
297 8375 1618 1533 251 0 0 103 20 0 18 0 105 0 0 0 13
298 8379 1616 1529 249 0 0 106 19 0 19 0 106 0 0 0 13
299 8365 1620 1533 253 0 0 106 20 0 19 0 107 0 0 0 13
300 8361 1620 1532 254 0 0 107 21 0 19 0 109 0 0 0 13
301 8368 1615 1526 255 0 0 108 21 0 19 0 110 0 0 0 14
302 8357 1620 1530 255 0 0 109 21 0 19 0 111 0 0 0 14
303 8353 1620 1529 258 0 0 110 21 0 19 0 112 0 0 0 14
304 8350 1621 1530 259 0 0 110 21 0 19 0 112 0 0 0 14
305 8334 1626 1533 259 0 0 114 21 0 21 0 114 0 0 0 14
306 8319 1633 1540 258 0 0 115 21 0 22 0 114 0 0 0 14
307 8310 1633 1541 266 0 0 115 21 0 23 0 113 0 0 0 14
308 8305 1633 1542 268 0 0 116 21 0 25 0 112 0 0 0 14
309 8319 1624 1532 269 0 0 117 22 0 25 0 114 0 0 0 14
310 8314 1627 1534 267 0 0 118 22 0 25 0 115 0 0 0 14
311 8306 1632 1539 263 0 0 118 23 0 25 0 116 0 0 0 14
312 8309 1629 1536 264 0 0 119 22 0 26 0 115 0 0 0 16
313 8295 1636 1541 262 0 0 121 22 0 26 0 117 0 0 0 16
314 8292 1637 1541 261 0 0 122 22 0 26 0 118 0 0 0 17
315 8289 1638 1539 259 0 0 126 21 0 27 0 120 0 0 0 17
316 8266 1651 1551 257 0 0 127 20 0 27 0 120 0 0 0 17
317 8255 1655 1556 259 0 0 126 21 0 27 0 120 0 0 0 17
318 8248 1654 1557 266 0 0 125 22 0 28 0 119 0 0 0 17
319 8248 1653 1558 264 0 0 125 23 0 30 0 118 0 0 0 17
320 8254 1650 1554 261 0 0 126 24 0 30 0 120 0 0 0 17
321 8252 1650 1554 263 0 0 126 24 0 30 0 120 0 0 0 17
322 8246 1652 1557 261 0 0 127 24 0 32 0 119 0 0 0 18
323 8244 1653 1557 260 0 0 128 24 0 32 0 120 0 0 0 18
324 8239 1656 1558 259 0 0 129 24 0 31 0 122 0 0 0 18
325 8232 1659 1560 258 0 0 130 24 0 31 0 123 0 0 0 19
326 8234 1657 1557 259 0 0 131 24 0 31 0 124 0 0 0 19
327 8228 1660 1560 257 0 0 132 24 0 32 0 124 0 0 0 19
328 8227 1660 1561 256 0 0 132 24 0 33 0 123 0 0 0 20
329 8218 1665 1565 254 0 0 133 24 0 33 0 124 0 0 0 20
330 8212 1667 1567 254 0 0 134 24 0 34 0 124 0 0 0 20
331 8210 1666 1566 256 0 0 135 24 0 35 0 124 0 0 0 20
332 8214 1662 1563 257 0 0 136 24 0 37 0 123 0 0 0 20
333 8207 1666 1566 255 0 0 138 23 0 38 0 123 0 0 0 20
334 8212 1662 1561 259 0 0 139 22 0 38 0 123 0 0 0 20
335 8209 1664 1564 256 0 0 140 21 0 40 0 121 0 0 0 21
336 8203 1667 1568 254 0 0 139 22 0 40 0 121 0 0 0 22
337 8198 1666 1569 259 0 0 139 22 0 42 0 119 0 0 0 22
338 8185 1671 1573 261 0 0 140 22 0 42 0 120 0 0 0 22
339 8181 1670 1573 264 0 0 141 22 0 44 0 119 0 0 0 22
340 8179 1672 1575 262 0 0 141 22 0 44 0 119 0 0 0 22
341 8170 1677 1579 260 0 0 142 22 0 44 0 120 0 0 0 22
342 8171 1674 1578 260 0 0 141 24 0 45 0 120 0 0 0 23
343 8156 1680 1583 260 0 0 142 25 0 45 0 122 0 0 0 23
344 8152 1681 1586 260 0 0 142 25 0 47 0 120 0 0 0 23
345 8129 1689 1593 266 0 0 143 25 0 47 0 121 0 0 0 23
346 8109 1697 1601 266 0 0 143 27 0 47 0 123 0 0 0 23
347 8091 1704 1607 269 0 0 144 27 0 47 0 124 0 0 0 23
348 8074 1707 1610 274 0 0 145 29 0 48 0 126 0 0 0 23
349 8072 1707 1610 275 0 0 145 29 0 48 0 126 0 0 0 24
350 8038 1723 1625 273 0 0 146 30 0 48 0 128 0 0 0 25
351 8027 1728 1629 273 0 0 147 30 0 48 0 129 0 0 0 25
352 8028 1725 1626 272 0 0 147 33 0 48 0 132 0 0 0 25
353 8022 1727 1629 273 0 0 147 33 0 49 0 131 0 0 0 25
354 8013 1730 1631 275 0 0 148 33 0 49 0 132 0 0 0 25
355 7993 1737 1638 280 0 0 149 32 0 50 0 131 0 0 0 26
356 7983 1739 1641 281 0 0 150 32 0 52 0 130 0 0 0 28
357 7947 1753 1655 285 0 0 150 34 0 52 0 132 0 0 0 28
358 7944 1753 1655 287 0 0 150 34 0 52 0 132 0 0 0 29
359 7919 1764 1663 289 0 0 153 33 0 52 0 134 0 0 0 29
360 7913 1766 1665 291 0 0 153 33 0 52 0 134 0 0 0 29
361 7906 1768 1666 293 0 0 154 33 0 52 0 135 0 0 0 29
362 7902 1769 1667 293 0 0 155 33 0 53 0 135 0 0 0 29
363 7902 1765 1662 296 0 0 156 35 0 53 0 138 0 0 0 29
364 7895 1765 1658 299 0 0 160 35 0 53 0 142 0 0 0 29
365 7892 1763 1658 301 0 0 161 35 0 56 0 140 0 0 0 30
366 7876 1769 1663 304 0 0 162 35 0 56 0 141 0 0 0 30
367 7864 1772 1667 307 0 0 162 36 0 57 0 141 0 0 0 30
368 7842 1779 1676 311 0 0 162 37 0 59 0 140 0 0 0 30
369 7842 1778 1675 311 0 0 162 38 0 59 0 141 0 0 0 30
370 7833 1782 1678 308 0 0 163 39 0 59 0 143 0 0 0 31
371 7822 1786 1680 305 0 0 165 41 0 59 0 147 0 0 0 31
372 7811 1789 1682 309 0 0 167 40 0 60 0 147 0 0 0 31
373 7803 1790 1684 313 0 0 167 40 0 61 0 146 0 0 0 32
374 7798 1791 1686 313 0 0 166 42 0 61 0 147 0 0 0 32
375 7789 1793 1690 316 0 0 165 43 0 62 0 146 0 0 0 32
376 7785 1796 1693 314 0 0 165 43 0 62 0 146 0 0 0 32
377 7779 1798 1697 314 0 0 165 43 0 64 0 144 0 0 0 32
378 7773 1802 1701 310 0 0 166 43 0 65 0 144 0 0 0 32
379 7784 1795 1696 311 0 0 166 43 0 67 0 142 0 0 0 32
380 7770 1799 1699 316 0 0 167 43 0 67 0 143 0 0 0 32
381 7775 1793 1692 322 0 0 168 43 0 67 0 144 0 0 0 32
382 7770 1795 1692 321 0 0 170 43 0 67 0 146 0 0 0 32
383 7762 1797 1695 322 0 0 170 44 0 68 0 146 0 0 0 32
384 7759 1799 1697 321 0 0 170 44 0 68 0 146 0 0 0 32
385 7753 1799 1695 325 0 0 172 44 0 68 0 148 0 0 0 32
386 7752 1799 1694 325 0 0 174 43 0 69 0 148 0 0 0 32
387 7746 1801 1694 324 0 0 176 43 0 69 0 150 0 0 0 33
388 7746 1801 1692 320 0 0 177 45 0 68 0 154 0 0 0 33
389 7747 1800 1691 316 0 0 178 46 0 69 0 155 0 0 0 34
390 7755 1798 1688 311 0 0 179 46 0 69 0 156 0 0 0 34
391 7755 1795 1687 309 0 0 181 47 0 73 0 155 0 0 0 34
392 7753 1793 1684 312 0 0 182 48 0 73 0 157 0 0 0 34
393 7745 1798 1689 308 0 0 183 48 0 74 0 157 0 0 0 34
394 7737 1801 1693 309 0 0 183 48 0 75 0 156 0 0 0 34
395 7737 1799 1690 312 0 0 184 48 0 75 0 157 0 0 0 34
396 7741 1798 1687 311 0 0 185 47 0 74 0 158 0 0 0 35
397 7745 1794 1684 312 0 0 185 48 0 75 0 158 0 0 0 35
398 7742 1795 1684 314 0 0 186 47 0 75 0 158 0 0 0 35
399 7730 1800 1689 314 0 0 186 48 0 75 0 159 0 0 0 35
400 7715 1806 1692 314 0 0 189 48 0 75 0 162 0 0 0 35
401 7719 1802 1688 316 0 0 190 48 0 76 0 162 0 0 0 35
402 7715 1801 1687 320 0 0 191 48 0 77 0 162 0 0 0 35
403 7711 1802 1686 320 0 0 194 47 0 78 0 163 0 0 0 35
404 7689 1812 1695 323 0 0 194 47 0 77 0 164 0 0 0 35
405 7689 1813 1696 321 0 0 194 47 0 77 0 164 0 0 0 35
406 7691 1811 1693 322 0 0 195 47 0 77 0 165 0 0 0 35
407 7686 1816 1698 317 0 0 195 47 0 77 0 165 0 0 0 35
408 7686 1815 1697 315 0 0 196 48 0 78 0 166 0 0 0 35
409 7686 1814 1695 308 0 0 200 49 0 81 0 168 0 0 0 35
410 7680 1817 1697 307 0 0 200 50 0 80 0 170 0 0 0 35
411 7673 1819 1696 311 0 0 202 49 0 79 0 172 0 0 0 35
412 7690 1806 1683 316 0 0 203 50 0 80 0 173 0 0 0 35
413 7688 1805 1681 321 0 0 204 49 0 80 0 173 0 0 0 35
414 7680 1808 1687 320 0 0 204 49 0 83 0 170 0 0 0 35
415 7694 1799 1678 320 0 0 206 49 0 85 0 170 0 0 0 35
416 7697 1796 1675 319 0 0 208 49 0 87 0 170 0 0 0 35
417 7711 1790 1670 316 0 0 208 49 0 88 0 169 0 0 0 35
418 7720 1788 1668 311 0 0 208 49 0 88 0 169 0 0 0 35
419 7719 1787 1667 308 0 0 210 50 0 90 0 170 0 0 0 35
420 7718 1787 1665 307 0 0 212 50 0 90 0 172 0 0 0 35
421 7718 1787 1666 306 0 0 212 50 0 91 0 171 0 0 0 35
422 7719 1785 1662 307 0 0 214 50 0 91 0 173 0 0 0 35
423 7718 1786 1666 303 0 0 212 52 0 92 0 172 0 0 0 35
424 7717 1785 1665 304 0 0 212 53 0 92 0 173 0 0 0 35
425 7717 1785 1664 303 0 0 213 53 0 92 0 174 0 0 0 35
426 7716 1785 1662 303 0 0 215 52 0 92 0 175 0 0 0 36
427 7708 1787 1662 307 0 0 216 52 0 91 0 177 0 0 0 36
428 7702 1789 1665 308 0 0 215 53 0 91 0 177 0 0 0 36
429 7694 1795 1671 302 0 0 215 54 0 91 0 178 0 0 0 36
430 7680 1803 1679 300 0 0 216 53 0 92 0 177 0 0 0 36
431 7665 1810 1687 292 0 0 219 54 0 96 0 177 0 0 0 36
432 7664 1807 1682 295 0 0 222 54 0 97 0 179 0 0 0 36
433 7666 1805 1678 297 0 0 224 53 0 97 0 180 0 0 0 36
434 7654 1808 1680 298 0 0 228 52 0 100 0 180 0 0 0 36
435 7640 1814 1686 298 0 0 229 52 0 101 0 180 0 0 0 36
436 7642 1813 1684 295 0 0 230 53 0 101 0 182 0 0 0 36
437 7638 1811 1681 299 0 0 232 53 0 102 0 183 0 0 0 37
438 7639 1810 1680 296 0 0 234 53 0 104 0 183 0 0 0 37
439 7632 1810 1681 302 0 0 234 53 0 105 0 182 0 0 0 37
440 7628 1808 1676 307 0 0 237 53 0 105 0 185 0 0 0 37
441 7622 1808 1675 310 0 0 239 53 0 106 0 186 0 0 0 37
442 7610 1810 1679 315 0 0 238 54 0 107 0 185 0 0 0 38
443 7606 1810 1677 316 0 0 241 52 0 108 0 185 0 0 0 41
444 7599 1813 1678 313 0 0 245 51 0 110 0 186 0 0 0 41
445 7588 1821 1682 310 0 0 249 48 0 110 0 187 0 0 0 41
446 7575 1824 1684 314 0 0 250 49 0 110 0 189 0 0 0 41
447 7567 1823 1686 319 0 0 249 51 0 112 0 188 0 0 0 41
448 7568 1819 1680 324 0 0 251 51 0 112 0 190 0 0 0 41
449 7568 1818 1679 324 0 0 251 52 0 112 0 191 0 0 0 41
450 7552 1821 1681 331 0 0 252 52 0 112 0 192 0 0 0 43
451 7550 1819 1681 335 0 0 252 52 0 114 0 190 0 0 0 43
452 7538 1823 1685 335 0 0 252 54 0 114 0 192 0 0 0 43
453 7546 1822 1683 323 0 0 255 54 0 116 0 193 0 0 0 44
454 7531 1827 1688 326 0 0 256 54 0 117 0 193 0 0 0 44
455 7518 1830 1691 327 0 0 257 56 0 118 0 195 0 0 0 44
456 7518 1830 1691 325 0 0 257 57 0 118 0 196 0 0 0 44
457 7490 1841 1701 328 0 0 259 57 0 119 0 197 0 0 0 44
458 7472 1849 1708 323 0 0 260 60 0 119 0 201 0 0 0 44
459 7469 1850 1708 325 0 0 261 59 0 119 0 201 0 0 0 44
460 7454 1855 1712 326 0 0 263 59 0 120 0 202 0 0 0 45
461 7445 1858 1712 326 0 0 265 60 0 119 0 206 0 0 0 45
462 7419 1867 1722 332 0 0 264 61 0 119 0 206 0 0 0 46
463 7406 1873 1727 327 0 0 267 61 0 121 0 207 0 0 0 47
464 7394 1877 1727 328 0 0 272 58 0 122 0 208 0 0 0 50
465 7384 1882 1731 327 0 0 273 58 0 122 0 209 0 0 0 50
466 7365 1888 1737 333 0 0 274 57 0 123 0 208 0 0 0 51
467 7350 1895 1742 332 0 0 275 58 0 122 0 211 0 0 0 51
468 7345 1894 1741 339 0 0 275 58 0 122 0 211 0 0 0 51
469 7336 1899 1744 335 0 0 277 58 0 122 0 213 0 0 0 52
470 7316 1904 1751 340 0 0 277 59 0 124 0 212 0 0 0 53
471 7310 1904 1750 345 0 0 278 59 0 124 0 213 0 0 0 53
472 7302 1908 1752 343 0 0 281 58 0 125 0 214 0 0 0 53
473 7293 1912 1754 342 0 0 283 57 0 125 0 215 0 0 0 55
474 7279 1915 1755 346 0 0 285 58 0 125 0 218 0 0 0 55
475 7281 1914 1753 343 0 0 287 58 0 126 0 219 0 0 0 55
476 7292 1910 1749 338 0 0 287 59 0 126 0 220 0 0 0 55
477 7282 1912 1752 341 0 0 288 59 0 128 0 219 0 0 0 55
478 7268 1917 1757 343 0 0 288 60 0 128 0 220 0 0 0 55
479 7264 1918 1755 342 0 0 291 60 0 128 0 223 0 0 0 55
480 7261 1918 1752 341 0 0 295 59 0 129 0 225 0 0 0 56
481 7244 1924 1756 342 0 0 297 60 0 129 0 228 0 0 0 56
482 7232 1929 1759 342 0 0 299 60 0 129 0 230 0 0 0 56
483 7227 1929 1757 344 0 0 301 60 0 129 0 232 0 0 0 57
484 7217 1933 1762 345 0 0 301 60 0 130 0 231 0 0 0 57
485 7219 1932 1760 344 0 0 302 60 0 130 0 232 0 0 0 57
486 7222 1931 1759 343 0 0 302 60 0 130 0 232 0 0 0 57
487 7209 1934 1760 344 0 0 305 61 0 131 0 235 0 0 0 57
488 7205 1936 1760 340 0 0 309 60 0 133 0 236 0 0 0 57
489 7194 1937 1761 346 0 0 310 60 0 134 0 236 0 0 0 58
490 7192 1935 1760 346 0 0 311 61 0 136 0 236 0 0 0 59
491 7195 1931 1757 344 0 0 313 62 0 139 0 236 0 0 0 59
492 7191 1931 1755 344 0 0 316 62 0 140 0 238 0 0 0 59
493 7186 1932 1756 344 0 0 317 62 0 141 0 238 0 0 0 60
494 7179 1935 1755 343 0 0 320 62 0 140 0 242 0 0 0 60
495 7175 1935 1754 344 0 0 321 63 0 140 0 244 0 0 0 60
496 7173 1934 1753 348 0 0 321 63 0 140 0 244 0 0 0 60
497 7162 1940 1757 344 0 0 323 63 0 140 0 246 0 0 0 61
498 7161 1936 1758 348 0 0 322 64 0 144 0 242 0 0 0 61
499 7154 1939 1758 349 0 0 324 63 0 143 0 244 0 0 0 62
500 7171 1926 1744 352 0 0 327 63 0 145 0 245 0 0 0 63
501 7167 1926 1744 356 0 0 327 63 0 145 0 245 0 0 0 63
502 7165 1926 1745 357 0 0 327 63 0 146 0 244 0 0 0 63
503 7169 1922 1743 355 0 0 327 65 0 148 0 244 0 0 0 63
504 7163 1923 1743 358 0 0 329 64 0 149 0 244 0 0 0 63
505 7161 1922 1741 362 0 0 329 64 0 148 0 245 0 0 0 64
506 7165 1921 1740 358 0 0 329 65 0 148 0 246 0 0 0 64
507 7159 1926 1742 354 0 0 331 64 0 147 0 248 0 0 0 65
508 7156 1927 1744 354 0 0 331 64 0 148 0 247 0 0 0 65
509 7168 1921 1737 351 0 0 333 64 0 149 0 248 0 0 0 65
510 7159 1924 1741 347 0 0 333 67 0 150 0 250 0 0 0 65
511 7153 1928 1746 344 0 0 333 67 0 151 0 249 0 0 0 65
512 7135 1936 1754 344 0 0 333 68 0 151 0 250 0 0 0 65
513 7138 1933 1753 343 0 0 334 68 0 154 0 248 0 0 0 65
514 7144 1929 1749 345 0 0 334 68 0 154 0 248 0 0 0 65
515 7142 1929 1752 344 0 0 333 69 0 156 0 246 0 0 0 65
516 7142 1930 1751 342 0 0 334 69 0 155 0 248 0 0 0 65
517 7136 1930 1752 345 0 0 334 70 0 156 0 248 0 0 0 65
518 7145 1927 1746 343 0 0 336 69 0 155 0 250 0 0 0 65
519 7155 1920 1738 346 0 0 338 68 0 156 0 250 0 0 0 65
520 7149 1922 1739 349 0 0 339 67 0 156 0 250 0 0 0 65
521 7124 1930 1747 354 0 0 341 67 0 158 0 250 0 0 0 65
522 7132 1925 1739 357 0 0 343 66 0 157 0 252 0 0 0 65
523 7134 1925 1737 353 0 0 345 66 0 157 0 254 0 0 0 65
524 7131 1923 1735 357 0 0 347 65 0 159 0 253 0 0 0 66
525 7141 1919 1729 351 0 0 349 66 0 159 0 256 0 0 0 66
526 7144 1917 1727 350 0 0 349 67 0 159 0 257 0 0 0 66
527 7149 1914 1725 350 0 0 350 66 0 161 0 255 0 0 0 66
528 7153 1911 1723 351 0 0 350 66 0 162 0 254 0 0 0 66
529 7138 1918 1732 350 0 0 350 66 0 164 0 252 0 0 0 66
530 7137 1915 1727 353 0 0 353 66 0 165 0 254 0 0 0 66
531 7127 1920 1729 351 0 0 357 64 0 166 0 255 0 0 0 67
532 7130 1919 1727 349 0 0 358 63 0 166 0 255 0 0 0 69
533 7129 1917 1726 347 0 0 358 66 0 167 0 257 0 0 0 69
534 7119 1922 1731 344 0 0 358 67 0 167 0 258 0 0 0 70
535 7124 1920 1729 343 0 0 359 66 0 168 0 257 0 0 0 70
536 7131 1920 1729 336 0 0 360 65 0 169 0 256 0 0 0 70
537 7135 1914 1725 340 0 0 360 66 0 171 0 255 0 0 0 70
538 7139 1910 1720 345 0 0 361 65 0 171 0 255 0 0 0 70
539 7140 1905 1715 351 0 0 363 64 0 173 0 254 0 0 0 71
540 7131 1910 1720 350 0 0 363 64 0 173 0 254 0 0 0 71
541 7133 1910 1719 348 0 0 365 62 0 174 0 253 0 0 0 72
542 7129 1909 1718 350 0 0 367 62 0 176 0 253 0 0 0 72
543 7120 1913 1721 347 0 0 370 61 0 178 0 253 0 0 0 73
544 7122 1911 1718 348 0 0 371 61 0 178 0 254 0 0 0 73
545 7130 1908 1714 345 0 0 371 62 0 177 0 256 0 0 0 73
546 7131 1907 1714 345 0 0 371 62 0 178 0 255 0 0 0 73
547 7132 1905 1713 345 0 0 373 60 0 181 0 252 0 0 0 75
548 7139 1901 1710 345 0 0 371 62 0 180 0 253 0 0 0 75
549 7151 1892 1704 348 0 0 371 62 0 183 0 250 0 0 0 75
550 7169 1883 1694 347 0 0 373 61 0 184 0 250 0 0 0 75
551 7182 1876 1688 345 0 0 373 62 0 185 0 250 0 0 0 75
552 7185 1872 1687 347 0 0 373 62 0 188 0 247 0 0 0 75
553 7188 1868 1680 350 0 0 375 62 0 187 0 250 0 0 0 76
554 7190 1866 1675 353 0 0 377 61 0 186 0 252 0 0 0 76
555 7185 1867 1675 357 0 0 378 60 0 186 0 252 0 0 0 76
556 7195 1863 1672 354 0 0 380 58 0 189 0 249 0 0 0 76
557 7205 1860 1668 349 0 0 381 58 0 189 0 250 0 0 0 76
558 7212 1857 1665 346 0 0 382 58 0 190 0 250 0 0 0 76
559 7212 1855 1661 350 0 0 385 56 0 191 0 250 0 0 0 76
560 7209 1853 1659 353 0 0 387 56 0 193 0 250 0 0 0 76
561 7205 1854 1661 354 0 0 387 56 0 194 0 249 0 0 0 76
562 7222 1847 1654 345 0 0 389 57 0 196 0 250 0 0 0 76
563 7218 1848 1656 344 0 0 390 57 0 198 0 249 0 0 0 76
564 7213 1850 1663 340 0 0 390 57 0 203 0 244 0 0 0 76
565 7218 1847 1660 339 0 0 391 57 0 204 0 244 0 0 0 76
566 7210 1849 1665 340 0 0 391 57 0 207 0 241 0 0 0 76
567 7218 1844 1661 341 0 0 390 58 0 207 0 241 0 0 0 76
568 7238 1834 1653 339 0 0 389 59 0 208 0 240 0 0 0 76
569 7237 1832 1652 343 0 0 389 59 0 209 0 239 0 0 0 76
570 7252 1825 1643 342 0 0 390 59 0 208 0 241 0 0 0 76
571 7261 1820 1640 341 0 0 390 59 0 210 0 239 0 0 0 76
572 7274 1814 1634 338 0 0 391 59 0 211 0 239 0 0 0 76
573 7280 1811 1633 334 0 0 390 61 0 212 0 239 0 0 0 76
574 7276 1815 1635 330 0 0 392 60 0 212 0 240 0 0 0 76
575 7279 1815 1634 324 0 0 394 60 0 213 0 241 0 0 0 76
576 7283 1812 1631 325 0 0 394 60 0 213 0 241 0 0 0 77
577 7298 1809 1627 317 0 0 394 60 0 212 0 242 0 0 0 77
578 7303 1805 1626 317 0 0 393 61 0 214 0 240 0 0 0 77
579 7310 1800 1625 316 0 0 392 62 0 217 0 237 0 0 0 77
580 7325 1791 1616 319 0 0 392 62 0 217 0 237 0 0 0 77
581 7334 1784 1611 321 0 0 393 61 0 220 0 234 0 0 0 78
582 7348 1776 1606 320 0 0 392 62 0 222 0 232 0 0 0 78
583 7352 1776 1605 317 0 0 393 61 0 222 0 232 0 0 0 78
584 7350 1777 1607 313 0 0 394 61 0 224 0 231 0 0 0 79
585 7344 1779 1610 314 0 0 393 62 0 224 0 231 0 0 0 79
586 7360 1771 1603 313 0 0 392 63 0 224 0 231 0 0 0 79
587 7367 1766 1596 316 0 0 393 63 0 223 0 233 0 0 0 79
588 7362 1765 1597 319 0 0 393 64 0 225 0 232 0 0 0 79
589 7351 1769 1603 318 0 0 393 65 0 227 0 231 0 0 0 79
590 7351 1769 1604 317 0 0 393 65 0 228 0 230 0 0 0 79
591 7356 1768 1604 311 0 0 393 66 0 229 0 230 0 0 0 79
592 7365 1762 1599 313 0 0 393 66 0 230 0 229 0 0 0 79
593 7382 1754 1592 311 0 0 394 65 0 232 0 227 0 0 0 79
594 7385 1750 1588 314 0 0 394 66 0 232 0 228 0 0 0 79
595 7394 1744 1581 314 0 0 397 65 0 234 0 228 0 0 0 79
596 7391 1743 1585 314 0 0 397 65 0 239 0 223 0 0 0 79
597 7402 1737 1580 311 0 0 396 67 0 239 0 224 0 0 0 80
598 7398 1738 1582 312 0 0 397 66 0 241 0 222 0 0 0 80
599 7395 1739 1584 311 0 0 398 65 0 243 0 220 0 0 0 81
600 7384 1744 1589 312 0 0 398 65 0 243 0 220 0 0 0 81
601 7371 1751 1597 306 0 0 398 67 0 244 0 221 0 0 0 81
602 7372 1751 1597 305 0 0 398 67 0 244 0 221 0 0 0 81
603 7369 1752 1595 307 0 0 400 66 0 243 0 223 0 0 0 81
604 7381 1750 1591 299 0 0 402 65 0 243 0 224 0 0 0 81
605 7372 1752 1595 300 0 0 402 66 0 245 0 223 0 0 0 81
606 7370 1753 1597 297 0 0 404 65 0 248 0 221 0 0 0 81
607 7369 1750 1596 300 0 0 405 65 0 251 0 219 0 0 0 81
608 7367 1750 1598 300 0 0 404 66 0 252 0 218 0 0 0 81
609 7373 1748 1593 297 0 0 407 65 0 252 0 220 0 0 0 81
610 7377 1744 1589 299 0 0 408 65 0 253 0 220 0 0 0 81
611 7382 1740 1586 297 0 0 409 66 0 255 0 220 0 0 0 81
612 7385 1737 1587 296 0 0 406 69 0 256 0 219 0 0 0 81
613 7385 1740 1590 290 0 0 406 69 0 256 0 219 0 0 0 81
614 7398 1733 1583 289 0 0 406 70 0 256 0 220 0 0 0 81
615 7396 1731 1584 290 0 0 405 72 0 258 0 219 0 0 0 81
616 7403 1728 1583 287 0 0 405 72 0 260 0 217 0 0 0 81
617 7407 1725 1580 288 0 0 405 72 0 260 0 217 0 0 0 82
618 7407 1724 1580 289 0 0 405 72 0 261 0 216 0 0 0 82
619 7419 1716 1573 290 0 0 405 73 0 262 0 216 0 0 0 82
620 7424 1714 1570 288 0 0 407 72 0 263 0 216 0 0 0 82
621 7433 1708 1566 289 0 0 407 72 0 265 0 214 0 0 0 82
622 7435 1706 1565 290 0 0 407 72 0 266 0 213 0 0 0 82
623 7435 1708 1569 284 0 0 407 72 0 268 0 211 0 0 0 82
624 7446 1703 1564 283 0 0 407 72 0 268 0 211 0 0 0 82
625 7456 1700 1559 281 0 0 407 72 0 266 0 213 0 0 0 82
626 7461 1697 1557 279 0 0 408 72 0 268 0 212 0 0 0 82
627 7470 1692 1555 277 0 0 407 73 0 270 0 210 0 0 0 82
628 7474 1692 1553 275 0 0 408 72 0 269 0 211 0 0 0 82
629 7482 1686 1548 278 0 0 408 72 0 270 0 210 0 0 0 82
630 7486 1683 1546 277 0 0 409 72 0 272 0 209 0 0 0 82
631 7494 1681 1542 274 0 0 411 70 0 272 0 209 0 0 0 83
632 7496 1678 1540 277 0 0 411 70 0 273 0 208 0 0 0 83
633 7491 1683 1544 271 0 0 412 70 0 273 0 209 0 0 0 83
634 7493 1682 1543 271 0 0 412 70 0 273 0 209 0 0 0 83
635 7492 1683 1543 268 0 0 414 69 0 274 0 209 0 0 0 84
636 7504 1674 1537 271 0 0 414 69 0 277 0 206 0 0 0 84
637 7499 1676 1541 270 0 0 411 72 0 276 0 207 0 0 0 84
638 7511 1669 1536 270 0 0 412 71 0 279 0 204 0 0 0 84
639 7524 1658 1529 275 0 0 411 72 0 282 0 201 0 0 0 84
640 7526 1655 1526 277 0 0 412 72 0 283 0 201 0 0 0 84
641 7530 1653 1524 277 0 0 413 71 0 284 0 200 0 0 0 84
642 7538 1649 1519 275 0 0 414 71 0 284 0 201 0 0 0 85
643 7551 1645 1511 274 0 0 417 68 0 283 0 202 0 0 0 85
644 7563 1640 1504 273 0 0 419 66 0 283 0 202 0 0 0 86
645 7551 1643 1507 278 0 0 419 66 0 283 0 202 0 0 0 87
646 7557 1639 1503 278 0 0 419 67 0 283 0 203 0 0 0 87
647 7553 1641 1506 277 0 0 419 67 0 284 0 202 0 0 0 87
648 7560 1637 1502 276 0 0 420 67 0 285 0 202 0 0 0 87
649 7572 1630 1496 276 0 0 421 66 0 287 0 200 0 0 0 88
650 7588 1623 1489 274 0 0 421 66 0 287 0 200 0 0 0 88
651 7597 1618 1485 274 0 0 422 65 0 289 0 198 0 0 0 88
652 7592 1620 1489 273 0 0 421 66 0 290 0 197 0 0 0 88
653 7597 1616 1485 276 0 0 421 66 0 290 0 197 0 0 0 88
654 7615 1609 1478 272 0 0 421 66 0 290 0 197 0 0 0 88
655 7599 1617 1488 270 0 0 421 66 0 292 0 195 0 0 0 88
656 7611 1611 1483 268 0 0 422 65 0 294 0 193 0 0 0 89
657 7608 1614 1486 265 0 0 422 65 0 294 0 193 0 0 0 89
658 7594 1621 1494 264 0 0 422 65 0 295 0 192 0 0 0 89
659 7589 1620 1494 270 0 0 422 65 0 296 0 191 0 0 0 89
660 7582 1621 1495 273 0 0 423 65 0 297 0 191 0 0 0 89
661 7574 1626 1500 271 0 0 423 65 0 297 0 191 0 0 0 89
662 7568 1628 1503 272 0 0 423 65 0 298 0 190 0 0 0 89
663 7581 1622 1498 270 0 0 424 64 0 300 0 188 0 0 0 89
664 7591 1620 1494 266 0 0 425 63 0 299 0 189 0 0 0 89
665 7600 1616 1490 265 0 0 425 63 0 299 0 189 0 0 0 89
666 7600 1618 1491 261 0 0 427 61 0 300 0 188 0 0 0 90
667 7613 1610 1486 259 0 0 427 62 0 303 0 186 0 0 0 90
668 7609 1612 1489 258 0 0 427 62 0 304 0 185 0 0 0 90
669 7614 1610 1488 256 0 0 427 62 0 305 0 184 0 0 0 90
670 7611 1613 1491 253 0 0 427 62 0 305 0 184 0 0 0 90
671 7616 1610 1489 251 0 0 426 64 0 305 0 185 0 0 0 90
672 7624 1606 1485 250 0 0 426 64 0 305 0 185 0 0 0 91
673 7629 1604 1485 247 0 0 427 63 0 308 0 182 0 0 0 91
674 7636 1599 1482 247 0 0 426 64 0 309 0 181 0 0 0 92
675 7633 1599 1483 249 0 0 426 64 0 310 0 180 0 0 0 92
676 7651 1590 1475 248 0 0 426 64 0 311 0 179 0 0 0 92
677 7648 1592 1475 248 0 0 428 62 0 311 0 179 0 0 0 93
678 7647 1593 1475 243 0 0 430 62 0 312 0 180 0 0 0 94
679 7636 1600 1482 239 0 0 431 61 0 313 0 179 0 0 0 95
680 7637 1600 1484 236 0 0 430 62 0 314 0 178 0 0 0 95
681 7648 1595 1479 235 0 0 430 62 0 314 0 178 0 0 0 95
682 7653 1592 1476 234 0 0 430 63 0 314 0 179 0 0 0 95
683 7666 1586 1471 232 0 0 430 63 0 315 0 178 0 0 0 95
684 7674 1583 1468 228 0 0 430 64 0 315 0 179 0 0 0 95
685 7686 1577 1462 228 0 0 430 64 0 315 0 179 0 0 0 95
686 7708 1567 1455 223 0 0 430 64 0 318 0 176 0 0 0 95
687 7699 1570 1461 222 0 0 429 65 0 320 0 174 0 0 0 96
688 7710 1566 1455 215 0 0 432 65 0 321 0 176 0 0 0 96
689 7726 1559 1445 213 0 0 434 64 0 320 0 178 0 0 0 97
690 7728 1559 1444 212 0 0 435 63 0 320 0 178 0 0 0 97
691 7732 1556 1441 214 0 0 435 63 0 320 0 178 0 0 0 97
692 7740 1549 1438 216 0 0 434 64 0 323 0 175 0 0 0 97
693 7753 1541 1430 219 0 0 435 63 0 324 0 174 0 0 0 97
694 7751 1544 1430 216 0 0 436 63 0 322 0 177 0 0 0 97
695 7762 1540 1425 214 0 0 437 62 0 322 0 177 0 0 0 97
696 7770 1536 1422 211 0 0 437 63 0 323 0 177 0 0 0 97
697 7772 1535 1422 210 0 0 437 63 0 324 0 176 0 0 0 97
698 7774 1534 1421 210 0 0 438 62 0 325 0 175 0 0 0 97
699 7764 1538 1426 211 0 0 438 62 0 326 0 174 0 0 0 97
700 7768 1536 1425 210 0 0 438 62 0 327 0 173 0 0 0 97
701 7787 1526 1418 208 0 0 437 63 0 329 0 171 0 0 0 97
702 7787 1524 1417 211 0 0 437 63 0 330 0 170 0 0 0 97
703 7792 1522 1416 206 0 0 437 64 0 331 0 170 0 0 0 98
704 7798 1518 1412 208 0 0 438 63 0 332 0 169 0 0 0 98
705 7819 1505 1399 211 0 0 440 62 0 334 0 168 0 0 0 98
706 7830 1499 1393 212 0 0 440 62 0 334 0 168 0 0 0 98
707 7830 1496 1390 218 0 0 440 62 0 334 0 168 0 0 0 98
708 7831 1496 1388 219 0 0 441 61 0 333 0 169 0 0 0 98
709 7835 1494 1388 215 0 0 441 62 0 335 0 168 0 0 0 98
710 7832 1493 1388 219 0 0 440 63 0 335 0 168 0 0 0 98
711 7833 1494 1389 216 0 0 440 63 0 335 0 168 0 0 0 98
712 7833 1494 1390 215 0 0 441 62 0 337 0 166 0 0 0 98
713 7847 1486 1383 215 0 0 442 61 0 339 0 164 0 0 0 99
714 7852 1484 1381 214 0 0 442 61 0 339 0 164 0 0 0 99
715 7855 1484 1380 212 0 0 443 60 0 339 0 164 0 0 0 99
716 7857 1484 1379 209 0 0 445 59 0 340 0 164 0 0 0 99
717 7865 1480 1375 209 0 0 446 58 0 341 0 163 0 0 0 99
718 7863 1482 1374 206 0 0 448 58 0 340 0 166 0 0 0 99
719 7854 1488 1380 203 0 0 448 58 0 340 0 166 0 0 0 99
720 7864 1482 1373 203 0 0 450 57 0 341 0 166 0 0 0 100
721 7869 1479 1369 203 0 0 452 56 0 342 0 166 0 0 0 100
722 7864 1481 1373 202 0 0 449 59 0 341 0 167 0 0 0 100
723 7856 1484 1376 204 0 0 449 59 0 341 0 167 0 0 0 100
724 7864 1478 1371 205 0 0 450 58 0 343 0 165 0 0 0 102
725 7879 1472 1365 202 0 0 450 58 0 343 0 165 0 0 0 102
726 7890 1465 1360 203 0 0 449 59 0 344 0 164 0 0 0 102
727 7878 1469 1367 204 0 0 448 60 0 346 0 162 0 0 0 102
728 7896 1462 1360 200 0 0 449 59 0 347 0 161 0 0 0 102
729 7901 1459 1358 198 0 0 450 59 0 349 0 160 0 0 0 102
730 7912 1452 1351 201 0 0 452 57 0 351 0 158 0 0 0 102
731 7918 1448 1346 202 0 0 454 56 0 352 0 158 0 0 0 102
732 7930 1443 1341 200 0 0 454 56 0 352 0 158 0 0 0 102
733 7947 1435 1333 199 0 0 455 55 0 353 0 157 0 0 0 102
734 7943 1436 1334 201 0 0 455 55 0 353 0 157 0 0 0 102
735 7953 1431 1330 200 0 0 455 55 0 354 0 156 0 0 0 102
736 7969 1424 1323 198 0 0 455 55 0 354 0 156 0 0 0 102
737 7955 1430 1330 199 0 0 455 55 0 355 0 155 0 0 0 102
738 7948 1430 1334 202 0 0 455 55 0 359 0 151 0 0 0 102
739 7957 1425 1330 202 0 0 456 54 0 361 0 149 0 0 0 102
740 7962 1423 1328 200 0 0 457 53 0 362 0 148 0 0 0 103
741 7958 1424 1329 202 0 0 458 52 0 363 0 147 0 0 0 103
742 7951 1427 1331 204 0 0 458 52 0 362 0 148 0 0 0 103
743 7949 1429 1334 201 0 0 458 52 0 363 0 147 0 0 0 103
744 7951 1429 1333 200 0 0 458 52 0 362 0 148 0 0 0 103
745 7946 1431 1334 202 0 0 458 52 0 361 0 149 0 0 0 103
746 7962 1422 1326 203 0 0 457 53 0 361 0 149 0 0 0 103
747 7963 1424 1327 197 0 0 458 53 0 361 0 150 0 0 0 103
748 7960 1425 1330 196 0 0 458 53 0 363 0 148 0 0 0 103
749 7952 1429 1333 197 0 0 458 53 0 362 0 149 0 0 0 103
750 7966 1421 1327 197 0 0 458 53 0 364 0 147 0 0 0 103
751 7975 1417 1321 198 0 0 460 51 0 364 0 147 0 0 0 103
752 7983 1414 1318 196 0 0 460 51 0 364 0 147 0 0 0 103
753 7987 1412 1316 196 0 0 461 50 0 365 0 146 0 0 0 103
754 7993 1407 1313 198 0 0 460 51 0 366 0 145 0 0 0 103
755 7996 1404 1310 201 0 0 460 51 0 366 0 145 0 0 0 103
756 7996 1404 1310 200 0 0 461 50 0 367 0 144 0 0 0 104
757 8005 1400 1304 199 0 0 463 49 0 367 0 145 0 0 0 104
758 8018 1395 1299 196 0 0 463 49 0 367 0 145 0 0 0 104
759 8022 1395 1298 191 0 0 464 49 0 367 0 146 0 0 0 104
760 8026 1393 1296 191 0 0 464 49 0 367 0 146 0 0 0 104
761 8043 1383 1287 193 0 0 464 49 0 368 0 145 0 0 0 104
762 8045 1384 1285 192 0 0 466 47 0 367 0 146 0 0 0 104
763 8050 1380 1282 194 0 0 466 47 0 368 0 145 0 0 0 104
764 8052 1378 1283 193 0 0 464 49 0 369 0 144 0 0 0 104
765 8064 1372 1278 192 0 0 465 48 0 371 0 142 0 0 0 104
766 8075 1369 1274 188 0 0 465 48 0 370 0 143 0 0 0 104
767 8075 1367 1272 192 0 0 466 47 0 371 0 142 0 0 0 104
768 8068 1372 1277 189 0 0 466 47 0 371 0 142 0 0 0 104
769 8062 1373 1278 193 0 0 466 47 0 371 0 142 0 0 0 104
770 8076 1365 1272 193 0 0 467 46 0 374 0 139 0 0 0 104
771 8075 1365 1274 192 0 0 466 47 0 375 0 138 0 0 0 104
772 8084 1359 1267 196 0 0 467 46 0 375 0 138 0 0 0 104
773 8090 1356 1265 195 0 0 467 46 0 376 0 137 0 0 0 104
774 8096 1352 1263 193 0 0 466 48 0 377 0 137 0 0 0 104
775 8111 1344 1254 193 0 0 467 48 0 377 0 138 0 0 0 104
776 8116 1341 1251 192 0 0 467 49 0 377 0 139 0 0 0 104
777 8122 1337 1246 195 0 0 467 49 0 376 0 140 0 0 0 104
778 8122 1336 1246 194 0 0 468 49 0 378 0 139 0 0 0 104
779 8129 1330 1244 195 0 0 467 50 0 381 0 136 0 0 0 104
780 8130 1328 1242 198 0 0 467 50 0 381 0 136 0 0 0 104
781 8130 1330 1244 194 0 0 468 49 0 382 0 135 0 0 0 104
782 8131 1329 1243 195 0 0 469 48 0 383 0 134 0 0 0 104
783 8140 1324 1237 197 0 0 470 47 0 383 0 134 0 0 0 104
784 8154 1319 1231 194 1 0 470 46 1 382 0 134 0 0 0 104
785 8144 1322 1235 197 1 0 469 47 1 382 0 134 0 0 0 104
786 8142 1323 1236 197 1 0 469 47 1 382 0 134 0 0 0 104
787 8149 1320 1236 193 1 0 469 47 1 385 0 131 0 0 0 104
788 8165 1313 1230 190 1 0 471 45 1 388 0 128 0 0 0 104
789 8172 1309 1226 191 1 0 471 45 1 388 0 128 0 0 0 104
790 8188 1302 1220 188 1 0 471 45 1 389 0 127 0 0 0 104
791 8191 1301 1219 187 1 0 471 45 1 389 0 127 0 0 0 104
792 8208 1291 1210 187 1 0 471 46 1 390 0 127 0 0 0 104
793 8211 1290 1208 187 1 0 472 45 1 390 0 127 0 0 0 104
794 8214 1289 1208 185 1 0 471 46 1 390 0 127 0 0 0 104
795 8214 1288 1206 188 1 0 471 46 1 389 0 128 0 0 0 104
796 8209 1289 1208 190 1 0 471 46 1 390 0 127 0 0 0 104
797 8207 1290 1209 190 1 0 472 45 1 391 0 126 0 0 0 104
798 8221 1285 1203 187 1 0 472 45 1 390 0 127 0 0 0 104
799 8228 1283 1202 183 1 0 472 45 1 391 0 126 0 0 0 104
800 8242 1277 1197 180 1 0 472 45 1 392 0 125 0 0 0 104
801 8255 1272 1192 177 1 0 472 45 1 392 0 125 0 0 0 104
802 8264 1267 1187 178 1 0 472 45 1 392 0 125 0 0 0 104
803 8266 1267 1188 175 1 0 471 46 1 392 0 125 0 0 0 104
804 8268 1266 1185 175 1 0 472 46 1 391 0 127 0 0 0 104
805 8268 1267 1184 175 1 0 472 46 1 389 0 129 0 0 0 104
806 8281 1260 1178 175 1 0 471 47 1 389 0 129 0 0 0 104
807 8282 1261 1180 171 1 0 471 47 1 390 0 128 0 0 0 104
808 8282 1261 1180 171 1 0 471 47 1 390 0 128 0 0 0 104
809 8274 1267 1187 166 1 0 471 47 1 391 0 127 0 0 0 104
810 8282 1263 1181 166 2 0 471 47 2 389 0 129 0 0 0 104
811 8295 1258 1176 163 2 0 471 47 2 389 0 129 0 0 0 104
812 8295 1256 1175 166 2 0 471 47 2 390 0 128 0 0 0 104
813 8283 1263 1181 165 2 0 471 47 2 389 0 129 0 0 0 104
814 8285 1261 1180 166 2 0 471 47 2 390 0 128 0 0 0 104
815 8299 1257 1175 161 2 0 471 47 2 389 0 129 0 0 0 104
816 8304 1255 1172 161 2 0 471 47 2 388 0 130 0 0 0 104
817 8311 1252 1169 160 2 0 472 46 2 389 0 129 0 0 0 104
818 8309 1252 1169 160 2 0 473 46 2 390 0 129 0 0 0 104
819 8306 1254 1171 159 2 0 473 46 2 390 0 129 0 0 0 104
820 8307 1254 1171 158 2 0 473 46 2 390 0 129 0 0 0 104
821 8317 1249 1167 157 2 0 473 46 2 391 0 128 0 0 0 104
822 8315 1250 1169 156 2 0 473 46 2 392 0 127 0 0 0 104
823 8321 1247 1166 156 2 0 474 45 2 393 0 126 0 0 0 104
824 8313 1250 1170 156 2 0 476 43 2 396 0 123 0 0 0 105
825 8322 1246 1166 155 2 0 476 43 2 396 0 123 0 0 0 105
826 8330 1243 1163 153 2 0 476 43 2 396 0 123 0 0 0 105
827 8324 1248 1167 150 2 0 477 42 2 396 0 123 0 0 0 105
828 8320 1250 1171 148 2 0 476 43 2 397 0 122 0 0 0 105
829 8323 1248 1169 149 2 0 476 43 2 397 0 122 0 0 0 105
830 8330 1245 1166 148 2 0 476 43 2 397 0 122 0 0 0 105
831 8320 1249 1171 149 2 0 475 44 2 397 0 122 0 0 0 105
832 8323 1248 1170 148 2 0 475 44 2 397 0 122 0 0 0 105
833 8327 1246 1170 146 2 0 475 44 2 399 0 120 0 0 0 105
834 8322 1247 1173 147 2 0 475 44 2 401 0 118 0 0 0 105
835 8333 1241 1168 147 2 0 475 44 2 402 0 117 0 0 0 105
836 8339 1238 1165 147 2 0 475 44 2 402 0 117 0 0 0 105
837 8346 1235 1162 146 2 0 475 44 2 402 0 117 0 0 0 105
838 8359 1227 1155 147 2 0 476 43 2 404 0 115 0 0 0 106
839 8371 1221 1151 145 2 0 475 44 2 405 0 114 0 0 0 106
840 8376 1219 1149 144 2 0 476 43 2 406 0 113 0 0 0 106
841 8385 1213 1144 144 2 0 477 43 2 408 0 112 0 0 0 106
842 8398 1207 1139 142 2 0 476 44 2 408 0 112 0 0 0 106
843 8405 1203 1135 143 2 0 476 44 2 408 0 112 0 0 0 106
844 8412 1200 1133 141 2 0 475 45 2 408 0 112 0 0 0 106
845 8411 1200 1133 142 2 0 475 45 2 408 0 112 0 0 0 106
846 8421 1195 1128 140 2 0 477 44 2 410 0 111 0 0 0 106
847 8432 1191 1124 137 2 0 477 44 2 410 0 111 0 0 0 106
848 8437 1189 1120 137 2 0 479 42 2 410 0 111 0 0 0 107
849 8445 1184 1115 137 2 0 480 42 2 411 0 111 0 0 0 107
850 8447 1184 1115 135 2 0 480 42 2 411 0 111 0 0 0 107
851 8465 1175 1107 134 2 0 480 42 2 412 0 110 0 0 0 107
852 8460 1178 1110 133 2 0 480 42 2 412 0 110 0 0 0 107
853 8465 1176 1108 132 2 0 480 42 2 412 0 110 0 0 0 107
854 8471 1173 1105 132 2 0 480 42 2 412 0 110 0 0 0 107
855 8479 1169 1100 133 2 0 480 42 2 411 0 111 0 0 0 107
856 8483 1168 1099 131 2 0 480 42 2 411 0 111 0 0 0 107
857 8487 1166 1098 130 2 0 479 43 2 411 0 111 0 0 0 107
858 8494 1162 1096 129 2 0 478 44 2 412 0 110 0 0 0 107
859 8485 1165 1101 130 2 0 477 45 2 413 0 109 0 0 0 107
860 8494 1160 1097 130 2 0 477 45 2 414 0 108 0 0 0 107
861 8496 1159 1096 130 2 0 477 45 2 414 0 108 0 0 0 107
862 8503 1153 1092 133 2 0 476 46 2 415 0 107 0 0 0 107
863 8505 1152 1092 132 2 0 476 46 2 416 0 106 0 0 0 107
864 8499 1154 1096 132 2 0 474 48 2 416 0 106 0 0 0 107
865 8492 1157 1098 133 2 0 475 47 2 416 0 106 0 0 0 108
866 8494 1156 1098 132 2 0 475 47 2 417 0 105 0 0 0 108
867 8502 1152 1096 130 2 0 476 46 2 420 0 102 0 0 0 108
868 8511 1147 1091 131 2 0 477 45 2 421 0 101 0 0 0 108
869 8506 1147 1092 135 2 0 477 45 2 422 0 100 0 0 0 108
870 8523 1139 1084 134 2 0 478 44 2 423 0 99 0 0 0 108
871 8530 1136 1082 132 2 0 478 44 2 424 0 98 0 0 0 108
872 8536 1134 1080 130 2 0 479 43 2 425 0 97 0 0 0 108
873 8539 1133 1078 130 2 0 478 44 2 423 0 99 0 0 0 108
874 8538 1136 1079 125 2 0 479 44 2 422 0 101 0 0 0 108
875 8548 1132 1074 124 2 0 480 43 2 422 0 101 0 0 0 108
876 8550 1130 1074 122 2 0 481 43 2 425 0 99 0 0 0 108
877 8558 1125 1072 121 2 0 479 45 2 426 0 98 0 0 0 108
878 8556 1125 1072 123 2 0 479 45 2 426 0 98 0 0 0 108
879 8572 1119 1063 122 2 0 480 44 2 424 0 100 0 0 0 108
880 8578 1115 1059 124 2 0 480 44 2 424 0 100 0 0 0 108
881 8586 1111 1055 124 2 0 480 44 2 424 0 100 0 0 0 108
882 8594 1108 1051 123 2 0 480 44 2 423 0 101 0 0 0 108
883 8605 1102 1048 121 2 0 480 44 2 426 0 98 0 0 0 108
884 8615 1098 1044 119 2 0 480 44 2 426 0 98 0 0 0 108
885 8622 1094 1043 117 2 0 479 45 2 428 0 96 0 0 0 108
886 8631 1091 1039 115 2 0 479 45 2 427 0 97 0 0 0 108
887 8649 1080 1031 116 2 0 479 45 2 430 0 94 0 0 0 108
888 8657 1076 1027 116 2 0 479 45 2 430 0 94 0 0 0 108
889 8661 1075 1026 114 2 0 480 44 2 431 0 93 0 0 0 108
890 8662 1075 1027 112 2 0 480 44 2 432 0 92 0 0 0 108
891 8664 1075 1027 109 2 0 481 43 2 433 0 91 0 0 0 109
892 8666 1074 1026 109 2 0 481 43 2 433 0 91 0 0 0 109
893 8672 1072 1022 109 2 0 482 42 2 432 0 92 0 0 0 109
894 8673 1071 1022 109 2 0 482 42 2 433 0 91 0 0 0 109
895 8674 1070 1022 109 2 0 481 43 2 433 0 91 0 0 0 109
896 8686 1064 1016 109 2 0 481 43 2 433 0 91 0 0 0 109
897 8681 1067 1019 108 2 0 481 43 2 433 0 91 0 0 0 109
898 8691 1061 1015 108 2 0 481 43 2 435 0 89 0 0 0 109
899 8690 1063 1016 104 2 0 482 43 2 435 0 90 0 0 0 109
900 8694 1061 1014 104 2 0 482 43 2 435 0 90 0 0 0 109
901 8706 1056 1009 102 2 0 482 43 2 435 0 90 0 0 0 109
902 8703 1058 1011 101 2 0 482 43 2 435 0 90 0 0 0 109
903 8708 1055 1008 102 2 0 482 43 2 435 0 90 0 0 0 109
904 8716 1051 1005 101 2 0 482 43 2 436 0 89 0 0 0 109
905 8725 1046 1001 101 2 0 483 42 2 438 0 87 0 0 0 109
906 8737 1040 996 100 2 0 483 42 2 439 0 86 0 0 0 109
907 8736 1041 996 100 2 0 483 42 2 438 0 87 0 0 0 109
908 8733 1042 998 100 2 0 483 42 2 439 0 86 0 0 0 109
909 8739 1040 996 98 2 0 483 42 2 439 0 86 0 0 0 109
910 8746 1038 993 96 2 0 484 41 2 439 0 86 0 0 0 109
911 8753 1035 991 94 2 0 484 41 2 440 0 85 0 0 0 109
912 8763 1030 986 94 2 0 484 41 2 440 0 85 0 0 0 109
913 8766 1028 984 95 2 0 484 41 2 440 0 85 0 0 0 109
914 8771 1025 981 96 2 0 484 41 2 440 0 85 0 0 0 109
915 8772 1024 980 97 2 0 484 41 2 440 0 85 0 0 0 109
916 8772 1025 981 95 2 0 484 41 2 440 0 85 0 0 0 109
917 8776 1024 979 94 2 0 485 40 2 440 0 85 0 0 0 109
918 8784 1021 974 94 2 0 486 39 2 439 0 86 0 0 0 109
919 8779 1022 976 96 2 0 486 39 2 440 0 85 0 0 0 109
920 8776 1024 977 96 2 0 486 39 2 439 0 86 0 0 0 109
921 8781 1020 975 97 2 0 486 39 2 441 0 84 0 0 0 109
922 8795 1012 967 97 2 0 487 39 2 442 0 84 0 0 0 109
923 8797 1012 967 95 2 0 487 39 2 442 0 84 0 0 0 109
924 8804 1009 964 94 2 0 487 39 2 442 0 84 0 0 0 109
925 8812 1007 960 92 2 0 489 37 2 442 0 84 0 0 0 109
926 8821 1003 956 91 2 0 489 37 2 442 0 84 0 0 0 109
927 8825 1000 954 92 2 0 488 38 2 442 0 84 0 0 0 109
928 8829 998 952 92 2 0 488 38 2 442 0 84 0 0 0 109
929 8830 998 952 91 2 0 488 38 2 442 0 84 0 0 0 109
930 8843 992 946 90 2 0 488 38 2 442 0 84 0 0 0 109
931 8847 989 945 90 2 0 488 38 2 444 0 82 0 0 0 109
932 8846 988 944 93 2 0 489 37 2 445 0 81 0 0 0 109
933 8847 987 943 94 2 0 489 37 2 445 0 81 0 0 0 109
934 8854 984 940 93 2 0 489 37 2 445 0 81 0 0 0 109
935 8860 981 936 92 2 0 490 37 2 445 0 82 0 0 0 109
936 8862 980 935 92 2 0 490 37 2 445 0 82 0 0 0 109
937 8864 978 934 93 2 0 490 37 2 446 0 81 0 0 0 109
938 8868 976 932 93 2 0 490 37 2 446 0 81 0 0 0 109
939 8879 971 926 93 2 0 490 37 2 445 0 82 0 0 0 109
940 8879 971 926 93 2 0 490 37 2 445 0 82 0 0 0 109
941 8886 967 923 93 2 0 490 37 2 446 0 81 0 0 0 109
942 8895 962 918 92 2 0 491 37 2 447 0 81 0 0 0 109
943 8901 959 915 92 2 0 491 37 2 447 0 81 0 0 0 109
944 8904 958 914 91 2 0 492 36 2 448 0 80 0 0 0 109
945 8900 959 916 91 2 0 493 35 2 450 0 78 0 0 0 110
946 8899 960 917 90 2 0 493 35 2 450 0 78 0 0 0 110
947 8897 960 919 90 2 0 493 35 2 452 0 76 0 0 0 110
948 8895 961 920 90 2 0 493 35 2 452 0 76 0 0 0 110
949 8905 957 915 89 2 0 494 34 2 452 0 76 0 0 0 110
950 8918 949 908 91 2 0 494 34 2 453 0 75 0 0 0 110
951 8935 943 898 90 2 0 498 30 2 453 0 75 0 0 0 110
952 8948 935 892 91 2 0 498 30 2 455 0 73 0 0 0 110
953 8943 936 894 93 2 0 497 31 2 455 0 73 0 0 0 110
954 8948 933 892 93 2 0 497 31 2 456 0 72 0 0 0 110
955 8953 930 889 94 2 0 497 31 2 456 0 72 0 0 0 110
956 8959 928 888 91 2 0 496 32 2 456 0 72 0 0 0 110
957 8966 925 885 90 2 0 496 32 2 456 0 72 0 0 0 110
958 8963 927 886 90 2 0 497 31 2 456 0 72 0 0 0 110
959 8970 924 882 90 2 0 497 31 2 455 0 73 0 0 0 110
960 8972 924 882 88 2 0 498 30 2 456 0 72 0 0 0 110
961 8979 921 878 88 2 0 499 29 2 456 0 72 0 0 0 110
962 8976 922 880 88 2 0 499 29 2 457 0 71 0 0 0 110
963 8967 927 885 87 2 0 499 29 2 457 0 71 0 0 0 110
964 8963 928 888 87 2 0 497 31 2 457 0 71 0 0 0 110
965 8973 924 884 85 2 0 497 31 2 457 0 71 0 0 0 110
966 8980 921 880 85 2 0 498 30 2 457 0 71 0 0 0 110
967 8986 919 877 84 2 0 499 29 2 457 0 71 0 0 0 110
968 8986 919 877 84 2 0 499 29 2 457 0 71 0 0 0 110
969 8983 921 878 84 2 0 500 28 2 457 0 71 0 0 0 110
970 8991 917 874 84 2 0 500 28 2 457 0 71 0 0 0 110
971 8999 913 870 84 2 0 500 28 2 457 0 71 0 0 0 110
972 9004 911 868 83 2 0 500 28 2 457 0 71 0 0 0 110
973 9013 906 864 83 2 0 500 28 2 458 0 70 0 0 0 110
974 9020 902 861 83 2 0 500 28 2 459 0 69 0 0 0 110
975 9031 897 856 82 2 0 500 28 2 459 0 69 0 0 0 110
976 9022 901 859 84 2 0 501 27 2 459 0 69 0 0 0 110
977 9032 895 854 83 2 0 501 28 2 460 0 69 0 0 0 110
978 9039 892 850 83 2 0 501 28 2 459 0 70 0 0 0 110
979 9040 892 850 82 2 0 501 28 2 459 0 70 0 0 0 110
980 9041 890 849 83 2 0 502 27 2 461 0 68 0 0 0 111
981 9042 890 849 82 2 0 502 27 2 461 0 68 0 0 0 111
982 9054 885 844 80 2 0 502 27 2 461 0 68 0 0 0 111
983 9062 881 840 80 2 0 502 27 2 461 0 68 0 0 0 111
984 9070 878 836 79 2 0 502 27 2 460 0 69 0 0 0 111
985 9075 875 834 79 2 0 501 28 2 460 0 69 0 0 0 111
986 9077 873 833 80 2 0 502 27 2 462 0 67 0 0 0 111
987 9081 872 832 78 2 0 502 27 2 462 0 67 0 0 0 111
988 9076 874 835 78 2 0 501 28 2 462 0 67 0 0 0 111
989 9077 874 835 77 2 0 501 28 2 462 0 67 0 0 0 111
990 9078 874 835 76 2 0 501 28 2 462 0 67 0 0 0 111
991 9075 874 837 77 2 0 501 28 2 464 0 65 0 0 0 111
992 9079 872 836 76 2 0 501 28 2 465 0 64 0 0 0 111
993 9087 868 832 76 2 0 501 28 2 465 0 64 0 0 0 111
994 9102 859 825 77 2 0 501 28 2 467 0 62 0 0 0 111
995 9101 861 826 75 2 0 503 26 2 468 0 61 0 0 0 111
996 9101 860 826 76 2 0 503 26 2 469 0 60 0 0 0 111
997 9116 852 818 77 2 0 503 26 2 469 0 60 0 0 0 111
998 9119 850 817 77 2 0 503 26 2 470 0 59 0 0 0 111
999 9121 850 816 76 2 0 504 25 2 470 0 59 0 0 0 111
1000 9119 852 818 74 2 0 504 25 2 470 0 59 0 0 0 111
1001 9123 850 816 74 2 0 504 25 2 470 0 59 0 0 0 111
1002 9135 843 810 75 2 0 504 25 2 471 0 58 0 0 0 111
1003 9137 842 808 76 2 0 504 25 2 470 0 59 0 0 0 111
1004 9137 843 807 76 2 0 504 25 2 468 0 61 0 0 0 111
1005 9136 843 807 77 3 0 503 25 2 468 1 60 0 0 0 111
1006 9141 841 804 77 3 0 504 24 2 468 1 60 0 0 0 111
1007 9144 839 802 76 3 0 504 25 2 468 1 61 0 0 0 111
1008 9146 839 801 75 3 0 505 24 2 468 1 61 0 0 0 111
1009 9143 841 803 74 3 0 505 24 2 468 1 61 0 0 0 111
1010 9148 838 800 75 3 0 505 24 2 468 1 61 0 0 0 111
1011 9144 839 803 75 3 0 504 25 2 469 1 60 0 0 0 111
1012 9155 834 798 74 3 0 504 25 2 469 1 60 0 0 0 111
1013 9164 830 794 73 3 0 504 25 2 469 1 60 0 0 0 111
1014 9167 828 793 73 3 0 503 26 2 469 1 60 0 0 0 111
1015 9170 826 792 73 3 0 503 26 2 470 1 59 0 0 0 111
1016 9172 826 792 71 3 0 503 26 2 470 1 59 0 0 0 111
1017 9185 819 786 71 3 0 503 26 2 471 1 58 0 0 0 111
1018 9190 817 784 70 3 0 503 26 2 471 1 58 0 0 0 111
1019 9202 812 778 69 3 0 504 25 2 471 1 58 0 0 0 111
1020 9211 807 773 70 3 0 504 25 2 471 1 58 0 0 0 111
1021 9216 805 771 69 3 0 504 25 2 471 1 58 0 0 0 111
1022 9222 801 767 71 3 0 504 25 2 471 1 58 0 0 0 111
1023 9231 797 762 70 3 0 505 24 2 471 1 58 0 0 0 112
1024 9239 793 758 70 3 0 505 24 2 471 1 58 0 0 0 112
1025 9248 787 753 72 3 0 504 25 2 471 1 58 0 0 0 112
1026 9257 783 748 72 4 0 503 25 3 469 1 59 0 0 0 112
1027 9257 782 748 73 4 0 503 25 3 470 1 58 0 0 0 112
1028 9270 777 741 72 4 0 504 24 3 469 1 59 0 0 0 112
1029 9269 777 740 74 4 0 504 24 3 468 1 60 0 0 0 112
1030 9270 776 741 73 4 0 503 25 3 469 1 59 0 0 0 112
1031 9275 774 739 72 4 0 503 25 3 469 1 59 0 0 0 112
1032 9280 770 738 72 4 0 503 25 3 472 1 56 0 0 0 112
1033 9280 770 738 71 4 0 503 25 3 472 1 56 0 0 0 113
1034 9279 771 739 70 4 0 503 25 3 472 1 56 0 0 0 113
1035 9279 772 740 68 4 0 503 25 3 472 1 56 0 0 0 113
1036 9280 772 739 68 4 0 504 24 3 472 1 56 0 0 0 113
1037 9281 771 738 69 4 0 504 24 3 472 1 56 0 0 0 113
1038 9277 773 740 69 4 0 503 25 3 471 1 57 0 0 0 113
1039 9285 770 737 67 4 0 503 25 3 471 1 57 0 0 0 113
1040 9282 771 738 68 4 0 503 25 3 471 1 57 0 0 0 113
1041 9283 771 737 67 4 0 504 24 3 471 1 57 0 0 0 114
1042 9287 770 735 64 4 0 504 25 3 470 1 59 0 0 0 114
1043 9300 764 729 63 4 0 504 25 3 470 1 59 0 0 0 114
1044 9306 761 726 63 4 0 504 25 3 470 1 59 0 0 0 114
1045 9316 756 721 63 4 0 504 25 3 470 1 59 0 0 0 114
1046 9320 754 719 63 4 0 505 24 3 471 1 58 0 0 0 114
1047 9327 750 715 63 4 0 505 24 3 471 1 58 0 0 0 115
1048 9327 750 715 63 4 0 505 24 3 471 1 58 0 0 0 115
1049 9327 750 715 63 4 0 505 24 3 471 1 58 0 0 0 115
1050 9333 748 713 61 4 0 505 24 3 471 1 58 0 0 0 115
1051 9332 748 714 61 4 0 505 24 3 472 1 57 0 0 0 115
1052 9336 746 712 61 4 0 505 24 3 472 1 57 0 0 0 115
1053 9338 745 709 61 4 0 506 24 3 471 1 59 0 0 0 115
1054 9351 740 704 56 4 0 508 23 3 473 1 58 0 0 0 115
1055 9353 740 703 55 4 0 509 22 3 473 1 58 0 0 0 115
1056 9359 737 700 55 4 0 509 22 3 473 1 58 0 0 0 115
1057 9354 739 703 55 4 0 508 23 3 473 1 58 0 0 0 115
1058 9360 736 701 54 4 0 508 23 3 474 1 57 0 0 0 115
1059 9359 736 702 54 4 0 508 23 3 475 1 56 0 0 0 115
1060 9364 733 699 55 4 0 508 23 3 475 1 56 0 0 0 115
1061 9365 732 698 54 4 0 509 23 3 476 1 56 0 0 0 115
1062 9374 727 694 54 4 0 509 23 3 477 1 55 0 0 0 115
1063 9385 721 688 55 4 0 509 23 3 477 1 55 0 0 0 115
1064 9392 718 685 54 4 0 509 23 3 477 1 55 0 0 0 115
1065 9393 717 684 55 4 0 509 23 3 477 1 55 0 0 0 115
1066 9408 709 676 56 4 0 509 23 3 477 1 55 0 0 0 115
1067 9401 713 680 55 4 0 509 23 3 477 1 55 0 0 0 115
1068 9403 713 679 54 4 0 509 23 3 476 1 56 0 0 0 115
1069 9406 712 678 53 4 0 509 23 3 476 1 56 0 0 0 115
1070 9409 711 676 53 4 0 510 22 3 476 1 56 0 0 0 115
1071 9401 714 679 55 4 0 510 22 3 476 1 56 0 0 0 115
1072 9405 712 677 55 3 0 511 22 3 476 0 57 0 0 0 115
1073 9407 710 676 56 3 0 511 22 3 477 0 56 0 0 0 115
1074 9409 708 674 58 3 0 511 22 3 477 0 56 0 0 0 115
1075 9415 705 671 58 3 0 511 22 3 477 0 56 0 0 0 115
1076 9415 705 671 58 3 0 511 22 3 477 0 56 0 0 0 115
1077 9419 703 668 57 3 0 512 22 3 477 0 57 0 0 0 115
1078 9425 700 665 57 3 0 512 22 3 477 0 57 0 0 0 115
1079 9428 697 663 59 3 0 512 22 3 478 0 56 0 0 0 115
1080 9426 698 664 59 3 0 512 22 3 478 0 56 0 0 0 115
1081 9429 696 662 60 3 0 512 22 3 478 0 56 0 0 0 115
1082 9431 695 661 60 3 0 512 22 3 478 0 56 0 0 0 115
1083 9443 688 656 60 3 0 512 22 3 480 0 54 0 0 0 115
1084 9439 688 659 61 3 0 510 24 3 481 0 53 0 0 0 115
1085 9447 685 656 59 3 0 510 24 3 481 0 53 0 0 0 115
1086 9447 685 657 58 3 0 509 25 3 481 0 53 0 0 0 115
1087 9454 681 654 58 3 0 509 25 3 482 0 52 0 0 0 115
1088 9461 678 651 57 3 0 509 25 3 482 0 52 0 0 0 115
1089 9458 680 653 56 3 0 509 25 3 482 0 52 0 0 0 115
1090 9458 680 654 55 3 0 509 25 3 483 0 51 0 0 0 115
1091 9460 679 653 55 3 0 509 25 3 483 0 51 0 0 0 115
1092 9473 672 648 54 3 0 508 26 3 484 0 50 0 0 0 115
1093 9472 672 649 54 3 0 508 26 3 485 0 49 0 0 0 115
1094 9477 670 647 53 3 0 508 26 3 485 0 49 0 0 0 115
1095 9471 674 649 53 3 0 509 25 3 484 0 50 0 0 0 115
1096 9472 673 650 52 3 0 508 26 3 485 0 49 0 0 0 115
1097 9481 669 645 52 3 0 508 26 3 484 0 50 0 0 0 115
1098 9478 670 647 52 3 0 507 27 3 484 0 50 0 0 0 115
1099 9479 670 647 51 3 0 507 27 3 484 0 50 0 0 0 115
1100 9487 665 643 52 3 0 507 27 3 485 0 49 0 0 0 115
1101 9486 666 643 52 3 0 508 26 3 485 0 49 0 0 0 115
1102 9495 662 639 51 3 0 508 26 3 485 0 49 0 0 0 115
1103 9497 661 638 51 4 0 508 25 3 486 0 48 0 0 1 114
1104 9500 661 637 49 4 0 508 25 3 485 0 49 0 0 1 114
1105 9499 661 637 50 4 0 508 25 3 485 0 49 0 0 1 114
1106 9504 658 635 50 4 0 508 25 3 486 0 48 0 0 1 114
1107 9514 653 631 49 4 0 508 25 3 487 0 47 0 0 1 114
1108 9515 653 630 49 4 0 509 24 3 487 0 47 0 0 1 114
1109 9524 649 625 49 4 0 511 22 3 488 0 46 0 0 1 114
1110 9527 648 624 48 4 0 511 22 3 488 0 46 0 0 1 114
1111 9531 646 622 48 4 0 511 22 3 488 0 46 0 0 1 114
1112 9533 646 622 46 4 0 511 22 3 488 0 46 0 0 1 114
1113 9534 646 622 45 4 0 511 22 3 488 0 46 0 0 1 114
1114 9534 645 622 46 4 0 511 22 3 489 0 45 0 0 1 114
1115 9544 640 617 46 4 0 511 22 3 489 0 45 0 0 1 114
1116 9548 638 615 46 4 0 511 22 3 489 0 45 0 0 1 114
1117 9554 636 613 44 4 0 511 22 3 489 0 45 0 0 1 114
1118 9560 633 610 44 4 0 511 22 3 489 0 45 0 0 1 114
1119 9570 628 607 42 4 0 511 22 3 491 0 43 0 0 1 114
1120 9571 627 607 42 4 0 511 22 3 492 0 42 0 0 1 114
1121 9576 626 605 40 4 0 512 21 3 492 0 42 0 0 1 114
1122 9578 626 605 38 4 0 512 21 3 492 0 42 0 0 1 114
1123 9580 625 604 38 4 0 512 21 3 492 0 42 0 0 1 114
1124 9579 626 605 37 4 0 512 21 3 492 0 42 0 0 1 114
1125 9579 626 605 37 4 0 512 21 3 492 0 42 0 0 1 114
1126 9577 627 607 36 4 0 512 21 3 493 0 41 0 0 1 114
1127 9581 625 605 36 4 0 512 21 3 493 0 41 0 0 1 114
1128 9583 624 605 35 4 0 512 21 3 494 0 40 0 0 1 114
1129 9580 626 607 34 4 0 512 21 3 494 0 40 0 0 1 114
1130 9582 625 606 34 4 0 512 21 3 494 0 40 0 0 1 114
1131 9582 625 606 34 4 0 512 21 3 494 0 40 0 0 1 114
1132 9583 625 606 33 4 0 512 21 3 494 0 40 0 0 1 114
1133 9591 621 602 33 4 0 512 21 3 494 0 40 0 0 1 114
1134 9587 622 605 33 4 0 511 22 3 495 0 39 0 0 1 114
1135 9587 622 605 33 4 0 511 22 3 495 0 39 0 0 1 114
1136 9589 622 605 31 4 0 511 22 3 495 0 39 0 0 1 114
1137 9598 618 600 31 4 0 510 23 3 493 0 41 0 0 1 114
1138 9607 614 595 31 4 0 511 22 3 493 0 41 0 0 1 114
1139 9608 614 594 31 4 0 511 22 3 492 0 42 0 0 1 114
1140 9612 612 592 31 4 0 511 22 3 492 0 42 0 0 1 114
1141 9613 612 592 30 4 0 511 22 3 492 0 42 0 0 1 114
1142 9606 616 596 29 4 0 511 22 3 492 0 42 0 0 1 114
1143 9609 614 594 30 4 0 511 22 3 492 0 42 0 0 1 114
1144 9611 613 593 30 4 0 511 22 3 492 0 42 0 0 1 114
1145 9618 610 589 30 4 0 511 22 3 491 0 43 0 0 1 114
1146 9628 603 583 32 4 0 511 22 3 492 0 42 0 0 1 115
1147 9632 601 582 31 4 0 511 22 3 493 0 41 0 0 1 115
1148 9631 601 582 30 4 0 512 22 3 494 0 41 0 0 1 115
1149 9629 601 584 30 4 0 511 23 3 495 0 40 0 0 1 115
1150 9633 599 582 30 4 0 511 23 3 495 0 40 0 0 1 115
1151 9637 597 580 30 4 0 511 23 3 495 0 40 0 0 1 115
1152 9641 596 578 29 4 0 512 22 3 495 0 40 0 0 1 115
1153 9650 591 573 30 4 0 512 22 3 495 0 40 0 0 1 115
1154 9652 589 573 30 4 0 511 23 3 496 0 39 0 0 1 115
1155 9654 588 572 30 4 0 511 23 3 496 0 39 0 0 1 115
1156 9658 586 570 30 4 0 511 23 3 496 0 39 0 0 1 115
1157 9656 587 571 30 4 0 511 23 3 496 0 39 0 0 1 115
1158 9655 587 572 30 4 0 511 23 3 497 0 38 0 0 1 115
1159 9659 585 570 30 4 0 511 23 3 497 0 38 0 0 1 115
1160 9661 584 569 30 4 0 511 23 3 497 0 38 0 0 1 115
1161 9664 583 568 29 4 0 511 23 3 497 0 38 0 0 1 115
1162 9668 581 566 29 4 0 511 23 3 497 0 38 0 0 1 115
1163 9670 580 565 29 4 0 511 23 3 497 0 38 0 0 1 115
1164 9673 578 564 29 4 0 511 23 3 498 0 37 0 0 1 115
1165 9676 577 563 28 4 0 511 23 3 498 0 37 0 0 1 115
1166 9674 578 564 28 4 0 511 23 3 498 0 37 0 0 1 115
1167 9682 575 559 28 4 0 512 22 3 497 0 38 0 0 1 115
1168 9683 574 558 29 4 0 512 22 3 497 0 38 0 0 1 115
1169 9683 574 558 29 4 0 513 21 3 498 0 37 0 0 1 115
1170 9685 573 557 29 4 0 513 21 3 498 0 37 0 0 1 115
1171 9686 572 556 30 4 0 513 21 3 498 0 37 0 0 1 115
1172 9685 572 557 30 4 0 512 22 3 498 0 37 0 0 1 115
1173 9678 575 561 30 4 0 511 23 3 498 0 37 0 0 1 115
1174 9690 570 555 29 4 0 511 23 3 497 0 38 0 0 1 115
1175 9697 567 552 28 4 0 511 23 3 497 0 38 0 0 1 115
1176 9696 568 552 28 4 0 512 22 3 497 0 38 0 0 1 115
1177 9702 565 549 28 4 0 512 22 3 497 0 38 0 0 1 115
1178 9714 559 543 28 4 0 512 22 3 497 0 38 0 0 1 115
1179 9716 558 542 28 4 0 512 22 3 497 0 38 0 0 1 115
1180 9727 553 537 27 4 0 512 22 3 497 0 38 0 0 1 115
1181 9724 555 539 26 4 1 512 21 3 497 0 38 0 0 2 114
1182 9724 555 539 26 4 1 512 21 3 497 0 38 0 0 2 114
1183 9730 552 537 25 4 1 512 21 3 498 0 37 0 0 2 114
1184 9727 554 539 24 4 1 512 21 3 498 0 37 0 0 2 114
1185 9726 554 539 25 4 1 512 21 3 498 0 37 0 0 2 114
1186 9736 549 534 25 4 1 512 21 3 498 0 37 0 0 2 114
1187 9741 546 532 25 4 1 512 21 3 499 0 36 0 0 2 114
1188 9749 542 528 25 4 1 512 21 3 499 0 36 0 0 2 114
1189 9753 540 526 25 5 1 511 21 4 498 0 36 0 0 2 114
1190 9755 537 526 26 5 1 511 21 4 501 0 33 0 0 2 114
1191 9762 533 523 26 5 1 511 21 4 502 0 32 0 0 2 114
1192 9760 535 524 25 5 1 512 20 4 502 0 32 0 0 2 114
1193 9754 537 527 26 5 1 511 21 4 502 0 32 0 0 2 114
1194 9751 538 529 26 5 1 511 21 4 503 0 31 0 0 2 114
1195 9756 537 526 25 5 1 511 21 4 501 0 33 0 0 2 114
1196 9752 539 528 25 5 1 511 21 4 501 0 33 0 0 2 114
1197 9762 535 523 24 5 1 512 20 4 501 0 33 0 0 2 114
1198 9765 533 521 25 5 1 512 20 4 501 0 33 0 0 2 114
1199 9774 528 517 25 5 1 512 20 4 502 0 32 0 0 2 114
1200 9778 526 515 25 5 1 513 19 4 503 0 31 0 0 2 114
1201 9780 525 514 25 5 1 513 19 4 503 0 31 0 0 2 114
1202 9781 526 514 23 6 0 513 19 4 503 0 31 0 0 2 114
1203 9781 526 514 23 6 0 514 18 4 504 0 30 0 0 2 114
1204 9779 527 515 23 6 0 514 18 4 504 0 30 0 0 2 114
1205 9780 527 515 22 6 0 514 18 4 504 0 30 0 0 2 114
1206 9780 527 515 22 6 0 514 18 4 504 0 30 0 0 2 114
1207 9778 528 516 22 6 0 514 18 5 503 0 30 0 1 2 113
1208 9789 523 510 22 6 0 514 18 5 502 0 31 0 1 2 113
1209 9801 517 504 22 6 0 514 18 5 502 0 31 0 1 2 113
1210 9805 515 502 22 6 0 514 18 5 502 0 31 0 1 2 113
1211 9803 516 503 22 6 0 514 18 5 502 0 31 0 1 2 113
1212 9797 519 507 21 6 0 514 18 5 503 0 30 0 1 2 113
1213 9805 515 504 20 6 0 513 19 5 503 0 30 0 1 2 113
1214 9806 515 504 19 6 0 513 19 5 503 0 30 0 1 2 113
1215 9810 513 502 19 6 0 513 19 5 503 0 30 0 1 2 113
1216 9808 514 503 19 6 0 513 19 5 503 0 30 0 1 2 113
1217 9814 510 500 20 6 0 513 19 5 504 0 29 0 1 2 113
1218 9812 512 502 18 6 0 513 19 5 504 0 29 0 1 2 113
1219 9813 512 502 17 6 0 513 19 5 504 0 29 0 1 2 113
1220 9814 512 502 16 6 0 513 19 5 504 0 29 0 1 2 113
1221 9818 510 500 16 6 0 513 19 5 504 0 29 0 1 2 113
1222 9822 508 498 16 6 0 513 19 5 504 0 29 0 1 2 113
1223 9824 506 497 17 7 0 512 19 5 505 0 28 0 1 3 112
1224 9832 502 493 17 7 0 512 19 5 505 0 28 0 1 3 112
1225 9845 495 487 17 7 0 512 19 5 506 0 27 0 1 3 112
1226 9852 491 483 18 7 0 512 19 5 506 0 27 0 1 3 112
1227 9854 490 482 18 7 0 512 19 5 506 0 27 0 1 3 112
1228 9852 491 483 18 7 0 512 19 5 506 0 27 0 1 3 112
1229 9851 491 483 19 7 0 513 18 5 507 0 26 0 1 3 112
1230 9853 490 482 19 7 0 513 18 5 507 0 26 0 1 3 112
1231 9858 487 480 19 7 0 512 19 5 507 0 26 0 1 3 112
1232 9858 487 480 19 7 0 512 19 5 507 0 26 0 1 3 112
1233 9864 484 477 19 7 0 512 19 5 507 0 26 0 1 3 112
1234 9871 480 473 20 7 0 512 19 5 507 0 26 0 1 3 112
1235 9874 479 471 20 7 0 513 18 5 507 0 26 0 1 3 112
1236 9872 480 472 20 7 0 513 18 5 507 0 26 0 1 3 112
1237 9876 478 469 21 7 0 514 17 5 507 0 26 0 1 3 112
1238 9874 479 470 21 7 0 514 17 5 507 0 26 0 1 3 112
1239 9874 479 470 21 7 0 514 17 5 507 0 26 0 1 3 112
1240 9871 480 471 22 7 0 514 17 5 507 0 26 0 1 3 112
1241 9871 481 471 21 7 0 515 16 5 507 0 26 0 1 3 112
1242 9866 483 473 22 7 0 515 16 5 507 0 26 0 1 3 112
1243 9864 484 474 22 7 0 515 16 5 507 0 26 0 1 3 112
1244 9874 479 468 22 7 0 516 15 5 507 0 26 0 1 3 113
1245 9876 478 467 22 7 0 516 15 5 507 0 26 0 1 3 113
1246 9880 476 465 22 7 0 516 15 5 507 0 26 0 1 3 113
1247 9879 477 466 21 7 0 516 15 5 507 0 26 0 1 3 113
1248 9871 481 470 21 7 0 516 15 5 507 0 26 0 1 3 113
1249 9873 481 468 21 7 0 517 14 5 506 0 27 0 1 3 113
1250 9874 481 467 21 7 0 517 14 5 505 0 28 0 1 3 113
1251 9876 480 466 21 8 0 516 14 5 505 0 28 0 1 4 112
1252 9876 480 466 21 8 0 516 14 5 505 0 28 0 1 4 112
1253 9874 481 467 21 8 0 517 13 5 506 0 27 0 1 4 112
1254 9872 482 468 21 8 0 517 13 5 506 0 27 0 1 4 112
1255 9875 481 467 20 8 0 517 13 5 506 0 27 0 1 4 112
1256 9881 478 464 20 8 0 517 13 5 506 0 27 0 1 4 112
1257 9888 475 460 20 8 0 518 12 5 506 0 27 0 1 4 112
1258 9894 472 457 20 8 0 518 12 5 506 0 27 0 1 4 112
1259 9891 474 458 20 8 0 518 12 5 505 0 28 0 1 4 112
1260 9892 474 458 19 8 0 518 12 5 505 0 28 0 1 4 112
1261 9894 473 457 19 8 0 518 12 5 505 0 28 0 1 4 112
1262 9890 476 459 18 8 0 518 12 5 504 0 29 0 1 4 112
1263 9893 474 458 18 8 0 518 12 5 505 0 28 0 1 4 112
1264 9892 475 458 18 8 0 518 12 5 504 0 29 0 1 4 112
1265 9888 477 461 17 8 0 517 13 5 504 0 29 0 1 4 112
1266 9894 474 458 17 9 0 516 13 6 503 0 29 0 1 4 112
1267 9897 472 456 18 9 0 515 13 6 502 0 29 0 1 4 114
1268 9895 473 457 18 9 0 515 13 6 502 0 29 0 1 4 114
1269 9895 473 457 18 9 0 515 13 6 502 0 29 0 1 4 114
1270 9899 471 455 18 9 0 515 13 6 502 0 29 0 1 4 114
1271 9897 472 456 18 9 0 515 13 6 502 0 29 0 1 4 114
1272 9898 472 455 18 9 0 515 13 6 501 0 30 0 1 4 114
1273 9897 472 456 18 9 0 514 14 6 501 0 30 0 1 4 114
1274 9903 469 453 18 9 0 514 14 6 501 0 30 0 1 4 114
1275 9903 469 453 18 9 0 514 14 6 501 0 30 0 1 4 114
1276 9898 471 455 19 9 0 514 14 6 501 0 30 0 1 4 114
1277 9897 472 455 19 9 0 515 13 6 501 0 30 0 1 4 114
1278 9897 472 455 19 9 0 515 13 6 501 0 30 0 1 4 114
1279 9907 467 450 19 9 0 515 13 6 501 0 30 0 1 4 114
1280 9906 468 451 18 9 0 515 13 6 501 0 30 0 1 4 114
1281 9908 467 450 18 9 0 515 13 6 501 0 30 0 1 4 114
1282 9913 464 447 19 9 0 515 13 6 501 0 30 0 1 4 114
1283 9912 464 448 19 9 0 515 13 6 502 0 29 0 1 4 114
1284 9919 460 445 19 9 0 514 14 6 502 0 29 0 1 4 114
1285 9923 458 443 19 9 0 514 14 6 502 0 29 0 1 4 114
1286 9924 458 442 19 9 0 514 14 6 501 0 30 0 1 4 114
1287 9922 459 443 19 9 0 514 14 6 501 0 30 0 1 4 114
1288 9927 456 441 19 9 0 514 14 6 502 0 29 0 1 4 114
1289 9932 453 438 20 9 0 514 14 6 502 0 29 0 1 4 114
1290 9935 452 437 19 9 0 514 14 6 502 0 29 0 1 4 114
1291 9940 450 435 18 9 0 514 14 6 502 0 29 0 1 4 114
1292 9944 448 433 18 9 0 514 14 6 502 0 29 0 1 4 114
1293 9947 447 432 17 9 0 514 14 6 502 0 29 0 1 4 114
1294 9953 444 430 16 9 0 514 14 6 503 0 28 0 1 4 114
1295 9961 440 426 16 9 0 515 13 6 504 0 27 0 1 4 114
1296 9964 438 425 16 9 0 514 14 6 504 0 27 0 1 4 114
1297 9964 438 425 16 9 0 514 14 6 504 0 27 0 1 4 114
1298 9969 436 423 15 9 0 514 14 6 504 0 27 0 1 4 114
1299 9971 435 422 15 9 0 514 14 6 504 0 27 0 1 4 114
1300 9974 433 421 15 9 0 514 14 6 505 0 26 0 1 4 114
1301 9978 431 419 15 9 0 514 14 6 505 0 26 0 1 4 114
1302 9974 433 421 15 9 0 514 14 6 505 0 26 0 1 4 114
1303 9969 435 424 15 9 0 513 15 6 505 0 26 0 1 4 114
1304 9969 435 424 15 9 0 512 16 6 504 0 27 0 1 4 114
1305 9968 435 425 15 9 0 511 17 6 504 0 27 0 1 4 114
1306 9969 435 425 14 9 0 510 18 6 503 0 28 0 1 4 114
1307 9968 434 427 14 9 0 508 20 6 504 0 27 0 1 4 114
1308 9967 435 427 14 9 0 509 19 6 504 0 27 0 1 4 114
1309 9970 433 426 14 9 0 509 19 6 505 0 26 0 1 4 114
1310 9970 433 426 14 9 0 509 19 6 505 0 26 0 1 4 114
1311 9970 433 426 14 9 0 509 19 6 505 0 26 0 1 4 114
1312 9974 431 424 14 9 0 509 19 6 505 0 26 0 1 4 114
1313 9980 428 421 14 9 0 509 19 6 505 0 26 0 1 4 114
1314 9979 429 421 14 9 0 509 19 6 504 0 27 0 1 4 114
1315 9979 429 420 15 9 0 509 19 6 503 0 28 0 1 4 114
1316 9970 433 424 16 9 0 509 19 6 503 0 28 0 1 4 114
1317 9980 428 419 16 9 0 509 19 6 503 0 28 0 1 4 114
1318 9988 425 415 15 9 0 509 19 6 502 0 29 0 1 4 114
1319 9990 424 414 15 9 0 509 19 6 502 0 29 0 1 4 114
1320 9992 423 413 15 9 0 509 19 6 502 0 29 0 1 4 114
1321 9992 423 413 15 9 0 509 19 6 502 0 29 0 1 4 114
1322 9993 422 413 15 9 0 509 19 6 503 0 28 0 1 4 114
1323 10003 417 408 15 9 0 509 19 6 503 0 28 0 1 4 114
1324 10008 414 406 15 9 0 509 19 6 504 0 27 0 1 4 114
1325 10008 414 406 15 9 0 509 19 6 504 0 27 0 1 4 114
1326 10017 410 401 15 9 0 509 19 6 503 0 28 0 1 4 114
1327 10026 405 397 15 9 0 509 19 6 504 0 27 0 1 4 114
1328 10024 405 398 16 9 0 508 20 6 504 0 27 0 1 4 114
1329 10024 406 399 14 9 0 508 20 6 504 0 27 0 1 4 114
1330 10022 407 400 14 9 0 508 20 6 504 0 27 0 1 4 114
1331 10030 403 396 14 9 0 508 20 6 504 0 27 0 1 4 114
1332 10028 403 398 14 9 0 506 22 6 504 0 27 0 1 4 114
1333 10033 401 395 14 10 0 506 21 6 504 0 27 0 1 5 113
1334 10035 400 394 14 10 0 506 21 6 504 0 27 0 1 5 113
1335 10038 398 392 15 10 0 507 20 6 505 0 26 0 1 5 113
1336 10040 397 391 15 10 0 507 20 6 505 0 26 0 1 5 113
1337 10034 399 394 16 10 0 506 21 6 505 0 26 0 1 5 113
1338 10036 398 393 16 10 0 506 21 6 505 0 26 0 1 5 113
1339 10037 398 392 16 10 0 506 21 6 504 0 27 0 1 5 113
1340 10043 395 389 16 10 0 506 21 6 504 0 27 0 1 5 113
1341 10049 392 386 16 10 0 506 21 6 504 0 27 0 1 5 113
1342 10047 393 387 16 10 0 506 21 6 504 0 27 0 1 5 113
1343 10051 391 385 16 10 0 506 21 6 504 0 27 0 1 5 113
1344 10059 388 380 16 10 0 508 19 6 504 0 27 0 1 5 113
1345 10058 389 381 15 11 0 507 19 6 504 1 26 0 1 5 113
1346 10062 388 379 14 11 0 507 19 6 503 1 27 0 1 5 113
1347 10066 386 377 14 11 0 507 19 6 503 1 27 0 1 5 113
1348 10071 384 374 14 11 0 508 18 6 503 1 27 0 1 5 113
1349 10077 381 371 14 11 0 508 18 6 503 1 27 0 1 5 113
1350 10077 381 371 14 11 0 508 18 6 503 1 27 0 1 5 113
1351 10080 380 369 14 11 0 509 17 6 503 1 27 0 1 5 113
1352 10086 377 366 14 11 0 509 17 6 503 1 27 0 1 5 113
1353 10087 377 365 14 11 0 509 17 6 502 1 28 0 1 5 113
1354 10082 379 367 15 11 0 508 18 6 501 1 29 0 1 5 113
1355 10084 378 366 15 11 0 508 18 6 501 1 29 0 1 5 113
1356 10086 376 366 15 11 0 508 18 6 503 1 27 0 1 5 113
1357 10084 377 367 15 11 0 508 18 6 503 1 27 0 1 5 113
1358 10092 373 363 15 11 0 508 18 6 503 1 27 0 1 5 113
1359 10093 373 363 14 11 0 508 18 6 503 1 27 0 1 5 113
1360 10099 370 360 14 12 0 508 17 7 503 1 26 0 1 5 113
1361 10094 372 362 15 12 0 508 17 7 503 1 26 0 1 5 113
1362 10090 374 364 15 12 0 508 17 7 503 1 26 0 1 5 113
1363 10087 375 365 16 12 0 508 17 7 503 1 26 0 1 5 113
1364 10091 372 363 17 12 0 508 17 7 504 1 25 0 1 5 113
1365 10090 372 364 17 12 0 508 17 7 505 1 24 0 1 5 113
1366 10086 374 366 17 12 0 508 17 7 505 1 24 0 1 5 113
1367 10088 373 365 17 12 0 508 17 7 505 1 24 0 1 5 113
1368 10090 372 364 17 12 0 508 17 7 505 1 24 0 1 5 113
1369 10096 369 361 17 12 0 508 17 7 505 1 24 0 1 5 113
1370 10094 370 363 16 12 0 507 18 7 505 1 24 0 1 5 113
1371 10096 369 362 16 12 0 507 18 7 505 1 24 0 1 5 113
1372 10097 369 361 16 12 0 508 17 7 505 1 24 0 1 5 113
1373 10105 365 357 16 12 0 508 17 7 505 1 24 0 1 5 113
1374 10103 366 358 16 12 0 508 17 8 504 1 24 0 2 5 112
1375 10095 370 362 16 12 0 508 17 8 504 1 24 0 2 5 112
1376 10093 371 363 16 12 0 508 17 8 504 1 24 0 2 5 112
1377 10095 370 362 16 12 0 508 17 8 504 1 24 0 2 5 112
1378 10101 367 359 16 12 0 508 17 8 504 1 24 0 2 5 112
1379 10110 363 354 16 12 0 510 15 8 505 1 23 0 2 5 112
1380 10105 365 357 16 12 0 509 16 8 505 1 23 0 2 5 112
1381 10107 364 356 16 12 0 509 16 8 505 1 23 0 2 5 112
1382 10111 362 355 15 12 0 509 16 9 505 0 23 0 2 5 112
1383 10115 360 353 15 12 0 509 16 9 505 0 23 0 2 5 112
1384 10113 361 354 15 12 0 509 16 9 505 0 23 0 2 5 112
1385 10119 358 351 15 12 0 509 16 9 505 0 23 0 2 5 112
1386 10122 356 350 15 12 0 509 16 9 506 0 22 0 2 5 112
1387 10120 357 350 16 12 0 510 15 9 506 0 22 0 2 5 112
1388 10122 356 349 16 12 0 510 15 9 506 0 22 0 2 5 112
1389 10119 357 351 16 12 1 510 14 10 506 0 21 0 2 5 112
1390 10121 355 351 16 12 1 510 14 10 508 0 19 0 2 5 112
1391 10123 354 350 16 12 1 510 14 10 508 0 19 0 2 5 112
1392 10126 352 349 16 12 1 510 14 10 509 0 18 0 2 5 112
1393 10131 350 347 15 12 1 510 14 10 509 0 18 0 2 5 112
1394 10136 348 345 14 12 1 510 14 10 509 0 18 0 2 5 112
1395 10138 347 344 14 12 1 510 14 10 509 0 18 0 2 5 112
1396 10137 348 345 13 12 1 510 14 10 509 0 18 0 2 5 112
1397 10142 345 342 14 12 1 510 14 10 509 0 18 0 2 5 112
1398 10140 346 343 14 12 1 510 14 10 509 0 18 0 2 5 112
1399 10140 346 343 14 12 1 509 15 10 508 0 19 0 2 5 112
1400 10141 345 342 15 12 1 509 15 10 508 0 19 0 2 5 112
1401 10137 347 344 15 12 1 509 15 10 508 0 19 0 2 5 112
1402 10141 345 342 15 12 1 509 15 10 508 0 19 0 2 5 112
1403 10140 346 343 14 12 1 509 15 10 508 0 19 0 2 5 112
1404 10142 345 342 14 12 1 509 15 10 508 0 19 0 2 5 112
1405 10148 342 339 14 12 1 509 15 11 507 0 19 0 3 5 111
1406 10154 339 336 14 12 1 509 15 11 507 0 19 0 3 5 111
1407 10154 339 336 14 12 1 509 15 11 507 0 19 0 3 5 111
1408 10155 339 335 14 13 1 508 15 12 505 0 20 0 3 5 111
1409 10159 337 332 14 13 1 509 14 12 505 0 20 0 3 5 112
1410 10163 335 330 14 13 1 509 14 12 505 0 20 0 3 5 112
1411 10163 335 330 14 13 1 509 14 12 505 0 20 0 3 5 112
1412 10163 336 330 13 13 1 510 13 12 505 0 20 0 3 5 112
1413 10161 337 331 13 13 1 510 13 12 505 0 20 0 3 5 112
1414 10161 337 332 12 13 1 510 13 12 506 0 19 0 3 5 112
1415 10162 337 331 12 13 1 510 13 12 505 0 20 0 3 5 112
1416 10164 337 330 11 13 1 511 12 12 505 0 20 0 3 5 112
1417 10158 340 333 11 13 1 510 13 12 504 0 21 0 3 5 112
1418 10156 341 334 11 13 1 510 13 12 504 0 21 0 3 5 112
1419 10160 339 332 11 13 1 510 13 12 504 0 21 0 3 5 112
1420 10161 338 332 11 13 1 510 13 12 505 0 20 0 3 5 112
1421 10165 336 330 11 13 1 510 13 12 505 0 20 0 3 5 112
1422 10161 338 332 11 13 1 510 13 12 505 0 20 0 3 5 112
1423 10159 339 333 11 13 1 510 13 12 505 0 20 0 3 5 112
1424 10163 337 331 11 13 1 510 13 12 505 0 20 0 3 5 112
1425 10167 335 329 11 13 1 510 13 12 505 0 20 0 3 5 112
1426 10165 336 330 11 12 1 511 13 12 505 0 20 0 3 4 113
1427 10165 336 330 11 12 1 511 13 12 505 0 20 0 3 4 113
1428 10168 335 328 11 12 1 511 13 12 504 0 21 0 3 4 113
1429 10168 335 328 11 12 1 511 13 12 504 0 21 0 3 4 113
1430 10170 334 327 11 12 1 511 13 12 504 0 21 0 3 4 113
1431 10174 332 325 11 12 1 511 13 12 504 0 21 0 3 4 113
1432 10173 332 325 12 13 1 510 13 12 504 0 21 0 3 5 112
1433 10173 332 325 12 14 1 509 13 12 504 0 21 0 3 6 111
1434 10180 328 322 12 14 1 509 13 12 505 0 20 0 3 6 111
1435 10179 328 322 13 14 1 509 13 12 505 0 20 0 3 6 111
1436 10181 327 321 13 14 1 509 13 12 505 0 20 0 3 6 111
1437 10186 325 318 13 14 1 510 12 12 505 0 20 0 3 6 111
1438 10190 323 316 13 14 1 510 12 12 505 0 20 0 3 6 111
1439 10194 321 314 13 14 1 510 12 12 505 0 20 0 3 6 111
1440 10197 320 312 13 14 1 511 11 12 505 0 20 0 3 6 111
1441 10199 319 311 13 14 1 511 11 12 505 0 20 0 3 6 111
1442 10199 319 311 13 14 1 511 11 12 505 0 20 0 3 6 111
1443 10205 316 308 13 14 1 511 11 12 505 0 20 0 3 6 111
1444 10209 314 306 13 14 1 511 11 12 505 0 20 0 3 6 111
1445 10216 311 302 13 14 1 512 10 12 505 0 20 0 3 6 111
1446 10222 308 299 13 14 1 512 10 12 505 0 20 0 3 6 111
1447 10224 307 299 12 14 1 511 11 12 505 0 20 0 3 6 111
1448 10224 307 299 12 14 1 511 11 12 505 0 20 0 3 6 111
1449 10224 307 299 12 14 1 511 11 12 505 0 20 0 3 6 111
1450 10226 306 298 12 14 1 510 12 12 504 0 21 0 3 6 111
1451 10225 307 299 11 14 1 510 12 12 504 0 21 0 3 6 111
1452 10223 308 300 11 14 1 510 12 12 504 0 21 0 3 6 111
1453 10223 308 300 11 14 1 510 12 12 504 0 21 0 3 6 111
1454 10225 307 299 11 14 1 510 12 12 504 0 21 0 3 6 111
1455 10226 306 298 12 14 1 510 12 12 504 0 21 0 3 6 111
1456 10230 304 296 12 14 1 510 12 12 504 0 21 0 3 6 111
1457 10224 307 299 12 14 1 510 12 12 504 0 21 0 3 6 111
1458 10225 307 299 11 14 1 511 11 12 505 0 20 0 3 6 111
1459 10227 306 298 11 14 1 511 11 12 505 0 20 0 3 6 111
1460 10232 303 296 11 14 1 511 11 12 506 0 19 0 3 6 111
1461 10237 301 294 10 14 1 511 11 12 506 0 19 0 3 6 111
1462 10236 301 295 10 14 1 511 11 12 507 0 18 0 3 6 111
1463 10240 299 293 10 14 1 511 11 12 507 0 18 0 3 6 111
1464 10244 297 291 10 14 1 511 11 12 507 0 18 0 3 6 111
1465 10250 294 289 9 15 1 510 11 13 507 0 17 0 3 6 111
1466 10245 297 291 9 15 1 511 10 13 507 0 17 0 3 6 111
1467 10249 295 289 9 15 1 511 10 13 507 0 17 0 3 6 111
1468 10249 295 289 9 15 1 511 10 13 507 0 17 0 3 6 111
1469 10249 295 289 9 16 1 510 10 14 506 0 17 0 3 6 111
1470 10250 294 288 10 16 1 510 10 14 506 0 17 0 3 6 111
1471 10246 296 290 10 16 1 510 10 14 506 0 17 0 3 6 111
1472 10250 294 288 10 16 1 510 10 14 506 0 17 0 3 6 111
1473 10252 293 287 10 16 1 510 10 14 506 0 17 0 3 6 111
1474 10251 294 288 9 16 1 510 10 14 506 0 17 0 3 6 111
1475 10250 295 288 9 16 1 510 10 14 505 0 18 0 3 6 111
1476 10254 293 286 9 16 1 510 10 14 505 0 18 0 3 6 111
1477 10252 294 287 9 16 1 510 10 14 505 0 18 0 3 6 111
1478 10252 294 287 9 16 1 510 10 14 505 0 18 0 3 6 111
1479 10246 297 290 9 16 1 510 10 14 505 0 18 0 3 6 111
1480 10254 293 286 9 16 1 510 10 14 505 0 18 0 3 6 111
1481 10255 292 286 9 16 1 510 10 14 506 0 17 0 3 6 111
1482 10255 292 286 9 16 1 510 10 14 506 0 17 0 3 6 111
1483 10253 293 287 9 16 1 510 10 14 506 0 17 0 3 6 111
1484 10255 292 286 9 16 1 510 10 14 506 0 17 0 3 6 111
1485 10255 292 286 9 16 1 510 10 14 506 0 17 0 3 6 111
1486 10264 288 281 9 16 1 510 10 14 505 0 18 0 3 6 111
1487 10264 288 281 9 16 1 510 10 14 505 0 18 0 3 6 111
1488 10267 287 279 9 16 1 510 10 14 504 0 19 0 3 6 111
1489 10267 287 279 9 16 1 510 10 14 504 0 19 0 3 6 111
1490 10259 291 283 9 16 1 510 10 14 504 0 19 0 3 6 111
1491 10261 290 282 9 16 1 510 10 14 504 0 19 0 3 6 111
1492 10260 290 283 9 16 1 509 11 14 504 0 19 0 3 6 111
1493 10257 292 284 9 16 1 509 11 14 503 0 20 0 3 6 111
1494 10261 290 282 9 16 1 509 11 14 503 0 20 0 3 6 111
1495 10261 290 282 9 16 1 509 11 14 503 0 20 0 3 6 111
1496 10268 287 279 8 16 1 509 11 14 503 0 20 0 3 6 111
1497 10268 287 279 8 16 1 509 11 14 503 0 20 0 3 6 111
1498 10268 287 279 8 16 1 509 11 14 503 0 20 0 3 6 111
1499 10270 286 278 8 16 1 509 11 14 503 0 20 0 3 6 111
1500 10272 285 277 8 16 1 509 11 14 503 0 20 0 3 6 111
