0 1979 195 0 0 0 0 0 0 0 0 0 0 0 0 0 0
1 11640 198 198 0 0 0 0 0 0 0 0 0 0 0 0 0
2 11644 196 196 0 0 0 0 0 0 0 0 0 0 0 0 0
3 11648 194 194 0 0 0 0 0 0 0 0 0 0 0 0 0
4 11648 194 194 0 0 0 0 0 0 0 0 0 0 0 0 0
5 11648 194 194 0 0 0 0 0 0 0 0 0 0 0 0 0
6 11648 194 194 0 0 0 0 0 0 0 0 0 0 0 0 0
7 11650 193 193 0 0 0 0 0 0 0 0 0 0 0 0 0
8 11652 192 192 0 0 0 0 0 0 0 0 0 0 0 0 0
9 11650 193 193 0 0 0 0 0 0 0 0 0 0 0 0 0
10 11654 191 191 0 0 0 0 0 0 0 0 0 0 0 0 0
11 11652 192 192 0 0 0 0 0 0 0 0 0 0 0 0 0
12 11658 189 189 0 0 0 0 0 0 0 0 0 0 0 0 0
13 11658 189 189 0 0 0 0 0 0 0 0 0 0 0 0 0
14 11660 188 188 0 0 0 0 0 0 0 0 0 0 0 0 0
15 11662 187 187 0 0 0 0 0 0 0 0 0 0 0 0 0
16 11660 188 188 0 0 0 0 0 0 0 0 0 0 0 0 0
17 11658 189 189 0 0 0 0 0 0 0 0 0 0 0 0 0
18 11656 190 190 0 0 0 0 0 0 0 0 0 0 0 0 0
19 11658 189 189 0 0 0 0 0 0 0 0 0 0 0 0 0
20 11658 189 189 0 0 0 0 0 0 0 0 0 0 0 0 0
21 11658 189 189 0 0 0 0 0 0 0 0 0 0 0 0 0
22 11654 191 191 0 0 0 0 0 0 0 0 0 0 0 0 0
23 11654 191 191 0 0 0 0 0 0 0 0 0 0 0 0 0
24 11652 192 192 0 0 0 0 0 0 0 0 0 0 0 0 0
25 11652 192 192 0 0 0 0 0 0 0 0 0 0 0 0 0
26 11654 191 191 0 0 0 0 0 0 0 0 0 0 0 0 0
27 11654 191 191 0 0 0 0 0 0 0 0 0 0 0 0 0
28 11656 190 190 0 0 0 0 0 0 0 0 0 0 0 0 0
29 11660 188 188 0 0 0 0 0 0 0 0 0 0 0 0 0
30 11664 186 186 0 0 0 0 0 0 0 0 0 0 0 0 0
31 11658 189 189 0 0 0 0 0 0 0 0 0 0 0 0 0
32 11648 194 194 0 0 0 0 0 0 0 0 0 0 0 0 0
33 11650 193 193 0 0 0 0 0 0 0 0 0 0 0 0 0
34 11648 194 194 0 0 0 0 0 0 0 0 0 0 0 0 0
35 11642 197 197 0 0 0 0 0 0 0 0 0 0 0 0 0
36 11637 199 199 1 0 0 0 0 0 0 0 0 0 0 0 0
37 11627 204 204 1 0 0 0 0 0 0 0 0 0 0 0 0
38 11620 207 207 2 0 0 0 0 0 0 0 0 0 0 0 0
39 11618 208 208 2 0 0 0 0 0 0 0 0 0 0 0 0
40 11622 206 206 2 0 0 0 0 0 0 0 0 0 0 0 0
41 11620 207 207 2 0 0 0 0 0 0 0 0 0 0 0 0
42 11618 208 208 2 0 0 0 0 0 0 0 0 0 0 0 0
43 11611 212 212 1 0 0 0 0 0 0 0 0 0 0 0 0
44 11601 217 217 1 0 0 0 0 0 0 0 0 0 0 0 0
45 11585 225 225 1 0 0 0 0 0 0 0 0 0 0 0 0
46 11581 227 227 1 0 0 0 0 0 0 0 0 0 0 0 0
47 11569 233 233 1 0 0 0 0 0 0 0 0 0 0 0 0
48 11558 238 238 2 0 0 0 0 0 0 0 0 0 0 0 0
49 11531 251 251 3 0 0 0 0 0 0 0 0 0 0 0 0
50 11522 255 255 4 0 0 0 0 0 0 0 0 0 0 0 0
51 11518 257 257 4 0 0 0 0 0 0 0 0 0 0 0 0
52 11500 266 266 4 0 0 0 0 0 0 0 0 0 0 0 0
53 11485 273 273 5 0 0 0 0 0 0 0 0 0 0 0 0
54 11467 281 281 7 0 0 0 0 0 0 0 0 0 0 0 0
55 11452 288 288 8 0 0 0 0 0 0 0 0 0 0 0 0
56 11448 290 289 7 0 0 1 0 0 0 0 1 0 0 0 0
57 11438 295 294 7 0 0 1 0 0 0 0 1 0 0 0 0
58 11430 299 298 7 0 0 1 0 0 0 0 1 0 0 0 0
59 11414 307 306 7 0 0 1 0 0 0 0 1 0 0 0 0
60 11414 307 306 7 0 0 1 0 0 0 0 1 0 0 0 0
61 11396 316 315 7 0 0 1 0 0 0 0 1 0 0 0 0
62 11390 319 318 7 0 0 1 0 0 0 0 1 0 0 0 0
63 11380 324 323 7 0 0 1 0 0 0 0 1 0 0 0 0
64 11372 328 327 7 0 0 1 0 0 0 0 1 0 0 0 0
65 11358 335 334 7 0 0 1 0 0 0 0 1 0 0 0 0
66 11334 347 346 7 0 0 1 0 0 0 0 1 0 0 0 0
67 11316 356 355 7 0 0 1 0 0 0 0 1 0 0 0 0
68 11292 368 367 7 0 0 1 0 0 0 0 1 0 0 0 0
69 11271 377 376 10 0 0 1 0 0 0 0 1 0 0 0 0
70 11263 381 380 10 0 0 1 0 0 0 0 1 0 0 0 0
71 11239 392 391 12 0 0 1 0 0 0 0 1 0 0 0 0
72 11218 402 401 13 0 0 1 0 0 0 0 1 0 0 0 0
73 11203 409 408 14 0 0 1 0 0 0 0 1 0 0 0 0
74 11199 411 410 14 0 0 1 0 0 0 0 1 0 0 0 0
75 11182 419 418 15 0 0 1 0 0 0 0 1 0 0 0 0
76 11167 426 425 16 0 0 1 0 0 0 0 1 0 0 0 0
77 11153 433 432 16 0 0 1 0 0 0 0 1 0 0 0 0
78 11133 443 442 16 0 0 1 0 0 0 0 1 0 0 0 0
79 11119 450 448 15 0 0 2 0 0 0 0 2 0 0 0 0
80 11101 459 457 15 0 0 2 0 0 0 0 2 0 0 0 0
81 11088 465 463 16 0 0 2 0 0 0 0 2 0 0 0 0
82 11074 471 469 18 0 0 2 0 0 0 0 2 0 0 0 0
83 11057 479 477 19 0 0 2 0 0 0 0 2 0 0 0 0
84 11045 485 483 19 0 0 2 0 0 0 0 2 0 0 0 0
85 11022 495 493 22 0 0 2 0 0 0 0 2 0 0 0 0
86 11009 501 497 21 0 0 4 0 0 0 0 4 0 0 0 0
87 10995 508 504 21 0 0 4 0 0 0 0 4 0 0 0 0
88 10973 519 515 21 0 0 4 0 0 0 0 4 0 0 0 0
89 10948 531 527 22 0 0 4 0 0 0 0 4 0 0 0 0
90 10948 531 527 22 0 0 4 0 0 0 0 4 0 0 0 0
91 10929 540 536 23 0 0 4 0 0 0 0 4 0 0 0 0
92 10920 544 540 24 0 0 4 0 0 0 0 4 0 0 0 0
93 10912 547 543 26 0 0 4 0 0 0 0 4 0 0 0 0
94 10890 558 554 26 0 0 4 0 0 0 0 4 0 0 0 0
95 10874 566 562 26 0 0 4 0 0 0 0 4 0 0 0 0
96 10866 570 566 26 0 0 4 0 0 0 0 4 0 0 0 0
97 10864 571 567 26 0 0 4 0 0 0 0 4 0 0 0 0
98 10854 576 572 26 0 0 4 0 0 0 0 4 0 0 0 0
99 10842 582 578 26 0 0 4 0 0 0 0 4 0 0 0 0
100 10836 585 581 26 0 0 4 0 0 0 0 4 0 0 0 0
101 10825 590 585 26 0 0 5 0 0 0 0 5 0 0 0 0
102 10811 597 592 26 0 0 5 0 0 0 0 5 0 0 0 0
103 10786 609 604 27 0 0 5 0 0 0 0 5 0 0 0 0
104 10779 612 607 28 0 0 5 0 0 0 0 5 0 0 0 0
105 10763 620 615 28 0 0 5 0 0 0 0 5 0 0 0 0
106 10755 624 619 28 0 0 5 0 0 0 0 5 0 0 0 0
107 10737 633 628 28 0 0 5 0 0 0 0 5 0 0 0 0
108 10720 641 636 29 0 0 5 0 0 0 0 5 0 0 0 0
109 10718 642 637 29 0 0 5 0 0 0 0 5 0 0 0 0
110 10703 649 644 30 0 0 5 0 0 0 0 5 0 0 0 0
111 10694 654 649 29 0 0 5 0 0 0 0 5 0 0 0 0
112 10685 658 653 30 0 0 5 0 0 0 0 5 0 0 0 0
113 10670 666 661 29 0 0 5 0 0 0 0 5 0 0 0 0
114 10670 666 661 29 0 0 5 0 0 0 0 5 0 0 0 0
115 10651 674 669 32 0 0 5 0 0 0 0 5 0 0 0 0
116 10645 677 672 32 0 0 5 0 0 0 0 5 0 0 0 0
117 10621 689 684 32 0 0 5 0 0 0 0 5 0 0 0 0
118 10611 694 689 32 0 0 5 0 0 0 0 5 0 0 0 0
119 10588 705 700 33 0 0 5 0 0 0 0 5 0 0 0 0
120 10583 707 702 34 0 0 5 0 0 0 0 5 0 0 0 0
121 10583 707 702 34 0 0 5 0 0 0 0 5 0 0 0 0
122 10578 709 704 35 0 0 5 0 0 0 0 5 0 0 0 0
123 10577 709 704 36 0 0 5 0 0 0 0 5 0 0 0 0
124 10566 714 709 37 0 0 5 0 0 0 0 5 0 0 0 0
125 10545 724 718 37 0 0 6 0 0 0 0 6 0 0 0 0
126 10528 731 725 40 0 0 6 0 0 0 0 6 0 0 0 0
127 10523 733 727 41 0 0 6 0 0 0 0 6 0 0 0 0
128 10509 739 733 43 0 0 6 0 0 0 0 6 0 0 0 0
129 10505 741 734 42 0 0 7 0 0 0 0 7 0 0 0 0
130 10486 750 743 43 0 0 7 0 0 0 0 7 0 0 0 0
131 10470 758 751 43 0 0 7 0 0 0 0 7 0 0 0 0
132 10457 762 754 47 0 0 8 0 0 0 0 8 0 0 0 0
133 10444 768 760 48 0 0 8 0 0 0 0 8 0 0 0 0
134 10427 775 767 51 0 0 8 0 0 0 0 8 0 0 0 0
135 10414 781 773 52 0 0 8 0 0 0 0 8 0 0 0 0
136 10386 795 787 52 0 0 8 0 0 0 0 8 0 0 0 0
137 10372 801 793 54 0 0 8 0 0 0 0 8 0 0 0 0
138 10353 810 802 55 0 0 8 0 0 0 0 8 0 0 0 0
139 10339 815 805 57 0 0 10 0 0 0 0 10 0 0 0 0
140 10326 820 810 60 0 0 10 0 0 0 0 10 0 0 0 0
141 10298 833 823 62 0 0 10 0 0 0 0 10 0 0 0 0
142 10286 838 827 63 0 0 11 0 0 0 0 11 0 0 0 0
143 10278 841 829 64 0 0 12 0 0 0 0 12 0 0 0 0
144 10277 841 829 65 0 0 12 0 0 0 0 12 0 0 0 0
145 10246 855 843 68 0 0 12 0 0 0 0 12 0 0 0 0
146 10228 864 852 68 0 0 12 0 0 0 0 12 0 0 0 0
147 10217 870 857 66 0 0 13 0 0 0 0 13 0 0 0 0
148 10194 881 868 67 0 0 13 0 0 0 0 13 0 0 0 0
149 10174 890 877 69 0 0 13 0 0 0 0 13 0 0 0 0
150 10157 900 886 65 0 0 14 0 0 0 0 14 0 0 0 0
151 10147 903 889 69 0 0 14 0 0 0 0 14 0 0 0 0
152 10136 907 893 72 0 0 14 0 0 0 0 14 0 0 0 0
153 10121 912 897 76 0 0 15 0 0 0 0 15 0 0 0 0
154 10109 917 902 78 0 0 15 0 0 0 0 15 0 0 0 0
155 10084 930 914 74 0 0 16 1 0 0 0 17 0 0 0 0
156 10059 942 926 75 0 0 16 1 0 0 0 17 0 0 0 0
157 10032 952 936 82 0 0 16 1 0 0 0 17 0 0 0 0
158 10009 962 946 85 0 0 16 1 0 0 0 17 0 0 0 0
159 9988 971 954 85 0 0 18 1 0 1 0 18 0 0 0 0
160 9981 974 956 85 0 0 19 1 0 1 0 19 0 0 0 0
161 9964 981 963 88 0 0 19 1 0 1 0 19 0 0 0 0
162 9937 992 974 93 0 0 19 1 0 1 0 19 0 0 0 0
163 9921 1000 982 93 0 0 19 1 0 1 0 19 0 0 0 0
164 9892 1014 996 93 0 0 19 1 0 1 0 19 0 0 0 1
165 9869 1024 1006 96 0 0 19 1 0 1 0 19 0 0 0 1
166 9832 1040 1022 101 0 0 19 1 0 1 0 19 0 0 0 1
167 9800 1055 1035 101 0 0 21 1 0 1 0 21 0 0 0 1
168 9786 1062 1042 101 0 0 21 1 0 1 0 21 0 0 0 1
169 9750 1077 1056 106 0 0 22 1 0 1 0 22 0 0 0 1
170 9735 1083 1062 109 0 0 22 1 0 1 0 22 0 0 0 1
171 9698 1098 1077 116 0 0 22 1 0 1 0 22 0 0 0 1
172 9689 1101 1080 117 0 0 22 2 0 1 0 23 0 0 0 1
173 9676 1105 1083 121 0 0 23 2 0 1 0 24 0 0 0 1
174 9669 1107 1086 123 0 0 23 2 0 2 0 23 0 0 0 1
175 9655 1112 1090 126 0 0 24 2 0 2 0 24 0 0 0 1
176 9632 1123 1101 127 0 0 24 2 0 2 0 24 0 0 0 1
177 9621 1126 1104 132 0 0 24 2 0 2 0 24 0 0 0 1
178 9610 1132 1110 131 0 0 24 2 0 2 0 24 0 0 0 1
179 9594 1139 1118 132 0 0 24 2 0 3 0 23 0 0 0 1
180 9582 1144 1123 134 0 0 24 2 0 3 0 23 0 0 0 1
181 9568 1150 1128 135 0 0 25 2 0 3 0 24 0 0 0 1
182 9547 1159 1136 137 0 0 26 2 0 3 0 25 0 0 0 1
183 9515 1174 1151 139 0 0 26 2 0 3 0 25 0 0 0 1
184 9493 1184 1160 140 0 0 27 2 0 3 0 26 0 0 0 1
185 9480 1191 1167 139 0 0 27 2 0 3 0 26 0 0 0 1
186 9465 1197 1173 140 0 0 27 3 0 3 0 27 0 0 0 1
187 9454 1203 1178 138 0 0 28 3 0 3 0 28 0 0 0 1
188 9430 1214 1189 138 0 0 29 3 0 4 0 28 0 0 0 1
189 9417 1220 1195 139 0 0 29 3 0 4 0 28 0 0 0 1
190 9407 1224 1198 140 0 0 30 3 0 4 0 29 0 0 0 1
191 9402 1225 1199 141 0 0 31 3 0 5 0 29 0 0 0 1
192 9384 1232 1203 142 0 0 34 3 0 5 0 32 0 0 0 1
193 9362 1243 1213 141 0 0 35 3 0 5 0 33 0 0 0 1
194 9345 1250 1220 142 0 0 35 4 0 5 0 34 0 0 0 1
195 9346 1249 1219 143 0 0 35 4 0 5 0 34 0 0 0 1
196 9329 1257 1226 145 0 0 36 3 0 5 0 34 0 0 0 1
197 9319 1260 1227 147 0 0 38 3 0 5 0 36 0 0 0 1
198 9304 1266 1230 147 0 0 41 3 0 5 0 39 0 0 0 1
199 9287 1275 1239 144 0 0 41 4 0 5 0 40 0 0 0 1
200 9265 1286 1250 142 0 0 42 4 0 6 0 40 0 0 0 1
201 9258 1289 1254 142 0 0 41 5 0 6 0 40 0 0 0 1
202 9242 1295 1259 145 0 0 42 5 0 6 0 41 0 0 0 1
203 9219 1305 1268 147 0 0 43 5 0 6 0 42 0 0 0 1
204 9212 1308 1270 149 0 0 44 4 0 6 0 42 0 0 0 1
205 9194 1315 1275 151 0 0 46 4 0 6 0 44 0 0 0 1
206 9180 1323 1282 148 0 0 47 4 0 6 0 45 0 0 0 1
207 9189 1318 1275 147 0 0 49 4 0 6 0 47 0 0 0 1
208 9170 1327 1283 147 0 0 50 4 0 6 0 48 0 0 0 1
209 9163 1330 1287 147 0 0 50 4 0 7 0 47 0 0 0 1
210 9163 1329 1286 149 0 0 50 4 0 7 0 47 0 0 0 1
211 9150 1335 1292 148 0 0 51 4 0 8 0 47 0 0 0 1
212 9135 1342 1299 149 0 0 51 4 0 8 0 47 0 0 0 1
213 9140 1338 1294 151 0 0 52 4 0 8 0 48 0 0 0 1
214 9138 1338 1294 153 0 0 52 4 0 8 0 48 0 0 0 1
215 9146 1334 1288 151 0 0 54 4 0 8 0 50 0 0 0 1
216 9141 1336 1288 150 0 0 56 4 0 8 0 52 0 0 0 1
217 9146 1332 1284 151 0 0 56 5 0 8 0 53 0 0 0 1
218 9148 1332 1284 149 0 0 56 5 0 8 0 53 0 0 0 1
219 9145 1334 1286 148 0 0 56 5 0 8 0 53 0 0 0 1
220 9148 1331 1283 151 0 0 56 5 0 8 0 53 0 0 0 1
221 9141 1334 1286 152 0 0 56 5 0 8 0 53 0 0 0 1
222 9131 1337 1289 154 0 0 57 5 0 9 0 53 0 0 0 1
223 9133 1336 1288 154 0 0 57 5 0 9 0 53 0 0 0 1
224 9131 1336 1287 152 0 0 59 5 0 10 0 54 0 0 0 2
225 9110 1347 1298 151 0 0 59 5 0 10 0 54 0 0 0 2
226 9099 1352 1303 152 0 0 59 5 0 10 0 54 0 0 0 2
227 9093 1354 1304 153 0 0 60 5 0 10 0 55 0 0 0 2
228 9092 1354 1303 153 0 0 61 5 0 10 0 56 0 0 0 2
229 9090 1353 1302 157 0 0 61 5 0 10 0 56 0 0 0 2
230 9088 1355 1305 154 0 0 61 5 0 11 0 55 0 0 0 2
231 9085 1355 1308 154 0 0 61 5 0 14 0 52 0 0 0 2
232 9062 1365 1320 155 0 0 60 6 0 15 0 51 0 0 0 2
233 9059 1364 1318 159 0 0 61 6 0 15 0 52 0 0 0 2
234 9049 1369 1322 158 0 0 62 6 0 15 0 53 0 0 0 2
235 9039 1374 1328 157 0 0 62 6 0 16 0 52 0 0 0 2
236 9028 1377 1331 162 0 0 62 6 0 16 0 52 0 0 0 2
237 9025 1379 1331 160 0 0 64 5 0 16 0 53 0 0 0 3
238 9027 1377 1329 162 0 0 64 5 0 16 0 53 0 0 0 3
239 9019 1380 1331 163 0 0 65 5 0 16 0 54 0 0 0 3
240 9025 1376 1327 165 0 0 65 5 0 16 0 54 0 0 0 3
241 9015 1380 1330 166 0 0 66 5 0 16 0 55 0 0 0 3
242 9010 1380 1329 170 0 0 67 5 0 16 0 56 0 0 0 3
243 9000 1383 1331 173 0 0 68 5 0 16 0 57 0 0 0 3
244 8976 1394 1341 174 0 0 69 5 0 16 0 58 0 0 0 3
245 8965 1400 1346 172 0 0 70 5 0 16 0 59 0 0 0 3
246 8966 1398 1344 173 0 0 70 6 0 16 0 60 0 0 0 3
247 8961 1399 1345 176 0 0 70 6 0 16 0 60 0 0 0 3
248 8946 1403 1352 180 0 0 69 7 0 18 0 58 0 0 0 3
249 8940 1405 1354 182 0 0 69 7 0 18 0 58 0 0 0 3
250 8933 1406 1354 186 0 0 70 7 0 18 0 59 0 0 0 3
251 8920 1411 1359 187 0 0 71 7 0 19 0 59 0 0 0 3
252 8922 1409 1358 186 0 0 72 7 0 21 0 58 0 0 0 3
253 8917 1413 1360 181 0 0 74 7 0 21 0 60 0 0 0 3
254 8900 1422 1368 176 0 0 75 8 0 21 0 62 0 0 0 4
255 8888 1426 1370 178 0 0 77 8 0 21 0 64 0 0 0 4
256 8872 1431 1374 183 0 0 78 8 0 21 0 65 0 0 0 4
257 8874 1431 1374 181 0 0 78 8 0 21 0 65 0 0 0 4
258 8867 1434 1377 182 0 0 78 8 0 21 0 65 0 0 0 4
259 8861 1436 1379 182 0 0 78 9 0 21 0 66 0 0 0 4
260 8849 1442 1384 181 0 0 79 9 0 21 0 67 0 0 0 4
261 8850 1439 1381 184 0 0 79 10 0 21 0 68 0 0 0 4
262 8826 1451 1393 184 0 0 79 10 0 21 0 68 0 0 0 4
263 8822 1451 1392 187 0 0 80 10 0 21 0 69 0 0 0 4
264 8806 1455 1397 194 0 0 79 11 0 21 0 69 0 0 0 4
265 8798 1459 1401 194 0 0 79 11 0 21 0 69 0 0 0 4
266 8770 1471 1413 198 0 0 79 11 0 21 0 69 0 0 0 4
267 8760 1475 1417 198 0 0 79 12 0 21 0 70 0 0 0 4
268 8746 1480 1424 200 0 0 79 12 0 23 0 68 0 0 0 4
269 8731 1485 1428 200 0 0 81 13 0 24 0 70 0 0 0 4
270 8714 1493 1433 200 0 0 84 12 0 24 0 72 0 0 0 4
271 8700 1499 1438 201 0 0 85 12 0 24 0 73 0 0 0 4
272 8689 1500 1440 209 0 0 84 13 0 24 0 73 0 0 0 4
273 8698 1496 1436 208 0 0 84 13 0 24 0 73 0 0 0 4
274 8691 1497 1434 210 0 0 87 13 0 24 0 76 0 0 0 4
275 8656 1511 1445 213 0 0 90 13 0 24 0 79 0 0 0 5
276 8633 1520 1453 217 0 0 91 13 0 24 0 80 0 0 0 5
277 8611 1530 1464 216 0 0 92 13 0 26 0 79 0 0 0 5
278 8609 1529 1462 220 0 0 93 12 0 26 0 79 0 0 0 6
279 8597 1534 1466 220 0 0 94 12 0 26 0 80 0 0 0 7
280 8598 1532 1464 223 0 0 94 12 0 26 0 80 0 0 0 7
281 8597 1531 1461 223 0 0 96 12 0 26 0 82 0 0 0 8
282 8585 1536 1463 222 0 0 99 12 0 26 0 85 0 0 0 8
283 8563 1545 1471 223 0 0 101 12 0 27 0 86 0 0 0 8
284 8546 1550 1479 227 0 0 100 13 0 29 0 84 0 0 0 8
285 8539 1553 1480 227 0 0 102 12 0 29 0 85 0 0 0 9
286 8524 1558 1486 231 0 0 102 12 0 30 0 84 0 0 0 9
287 8514 1562 1489 228 0 0 103 14 0 30 0 87 0 0 0 9
288 8514 1561 1487 229 0 0 104 14 0 30 0 88 0 0 0 9
289 8498 1568 1492 227 0 0 106 15 0 30 0 91 0 0 0 9
290 8489 1572 1493 225 0 0 109 15 0 30 0 94 0 0 0 9
291 8481 1572 1492 230 0 0 111 15 0 31 0 95 0 0 0 9
292 8465 1577 1499 234 0 0 110 16 0 32 0 94 0 0 0 9
293 8467 1576 1496 232 0 0 112 16 0 32 0 96 0 0 0 9
294 8441 1587 1507 232 0 0 113 17 0 33 0 97 0 0 0 9
295 8421 1596 1516 234 0 0 113 17 0 33 0 97 0 0 0 9
296 8408 1602 1522 234 0 0 113 17 0 33 0 97 0 0 0 10
297 8402 1606 1525 232 0 0 114 16 0 33 0 97 0 0 0 11
298 8408 1603 1521 231 0 0 115 16 0 33 0 98 0 0 0 11
299 8395 1608 1526 234 0 0 115 16 0 33 0 98 0 0 0 11
300 8398 1607 1525 231 0 0 115 17 0 33 0 99 0 0 0 11
301 8404 1603 1521 233 0 0 115 17 0 33 0 99 0 0 0 11
302 8406 1603 1520 228 0 0 116 18 0 33 0 101 0 0 0 11
303 8402 1604 1520 229 0 0 118 17 0 34 0 101 0 0 0 11
304 8390 1609 1523 229 0 0 120 17 0 34 0 103 0 0 0 11
305 8397 1604 1519 231 0 0 119 18 0 34 0 103 0 0 0 11
306 8397 1601 1518 233 0 0 119 19 0 36 0 102 0 0 0 11
307 8398 1599 1514 234 0 0 121 19 0 36 0 104 0 0 0 11
308 8399 1599 1514 230 0 0 121 20 0 36 0 105 0 0 0 12
309 8393 1600 1515 228 0 0 122 22 0 37 0 107 0 0 0 12
310 8396 1598 1514 228 0 0 122 22 0 38 0 106 0 0 0 12
311 8395 1599 1516 226 0 0 122 22 0 39 0 105 0 0 0 12
312 8393 1600 1517 224 0 0 123 22 0 40 0 105 0 0 0 12
313 8404 1595 1511 224 0 0 123 22 0 39 0 106 0 0 0 12
314 8408 1589 1506 229 0 0 125 21 0 42 0 104 0 0 0 12
315 8402 1590 1507 233 0 0 125 21 0 42 0 104 0 0 0 12
316 8402 1588 1505 237 0 0 125 21 0 42 0 104 0 0 0 12
317 8394 1590 1507 241 0 0 125 21 0 42 0 104 0 0 0 12
318 8389 1591 1508 244 0 0 125 21 0 42 0 104 0 0 0 12
319 8384 1591 1509 246 0 0 125 22 0 43 0 104 0 0 0 12
320 8361 1600 1517 252 0 0 126 21 0 43 0 104 0 0 0 12
321 8367 1595 1512 256 0 0 126 21 0 43 0 104 0 0 0 12
322 8375 1592 1509 252 0 0 127 21 0 44 0 104 0 0 0 12
323 8365 1596 1512 253 0 0 128 21 0 44 0 105 0 0 0 12
324 8361 1596 1510 251 0 0 130 23 0 44 0 109 0 0 0 12
325 8352 1599 1513 254 0 0 130 23 0 44 0 109 0 0 0 12
326 8347 1600 1515 256 0 0 129 24 0 44 0 109 0 0 0 12
327 8329 1608 1523 254 0 0 131 24 0 46 0 109 0 0 0 12
328 8321 1613 1528 252 0 0 131 24 0 46 0 109 0 0 0 12
329 8298 1621 1538 257 0 0 131 24 0 48 0 107 0 0 0 12
330 8293 1622 1540 259 0 0 130 25 0 48 0 107 0 0 0 12
331 8296 1621 1537 254 0 0 133 25 0 49 0 109 0 0 0 12
332 8300 1618 1534 249 0 0 136 25 0 52 0 109 0 0 0 13
333 8288 1623 1541 249 0 0 136 25 0 54 0 107 0 0 0 13
334 8277 1627 1544 251 0 0 137 25 0 54 0 108 0 0 0 13
335 8268 1632 1549 249 0 0 137 25 0 54 0 108 0 0 0 14
336 8268 1633 1550 247 0 0 137 25 0 54 0 108 0 0 0 14
337 8269 1631 1548 250 0 0 137 25 0 54 0 108 0 0 0 14
338 8270 1627 1544 253 0 0 139 25 0 56 0 108 0 0 0 14
339 8243 1638 1556 257 0 0 139 25 0 57 0 107 0 0 0 14
340 8227 1643 1561 261 0 0 140 25 0 58 0 107 0 0 0 14
341 8217 1647 1565 263 0 0 140 25 0 58 0 107 0 0 0 14
342 8216 1646 1564 264 0 0 141 25 0 59 0 107 0 0 0 14
343 8223 1643 1559 260 0 0 143 25 0 59 0 109 0 0 0 15
344 8196 1653 1570 264 0 0 143 26 0 60 0 109 0 0 0 15
345 8175 1660 1574 269 0 0 146 25 0 60 0 111 0 0 0 16
346 8173 1661 1573 268 0 0 148 24 0 60 0 112 0 0 0 17
347 8157 1665 1576 274 0 0 150 23 0 61 0 112 0 0 0 18
348 8153 1665 1573 275 0 0 153 23 0 61 0 115 0 0 0 18
349 8133 1670 1578 280 0 0 153 25 0 61 0 117 0 0 0 19
350 8105 1682 1590 284 0 0 153 25 0 61 0 117 0 0 0 19
351 8093 1691 1599 278 0 0 153 25 0 61 0 117 0 0 0 19
352 8076 1696 1603 284 0 0 154 25 0 61 0 118 0 0 0 19
353 8064 1699 1607 287 0 0 155 25 0 63 0 117 0 0 0 19
354 8053 1701 1606 289 0 0 158 26 0 63 0 121 0 0 0 19
355 8025 1712 1616 292 0 0 159 27 0 63 0 123 0 0 0 19
356 8018 1711 1615 301 0 0 159 27 0 63 0 123 0 0 0 19
357 7990 1723 1626 299 0 0 161 27 0 64 0 124 0 0 0 22
358 7992 1721 1626 299 0 0 162 26 0 67 0 121 0 0 0 22
359 7988 1723 1627 296 0 0 164 26 0 68 0 122 0 0 0 22
360 7980 1724 1627 298 0 0 166 26 0 69 0 123 0 0 0 23
361 7964 1727 1631 305 0 0 165 28 0 69 0 124 0 0 0 23
362 7949 1733 1634 304 0 0 168 28 0 69 0 127 0 0 0 24
363 7948 1733 1634 303 0 0 168 29 0 69 0 128 0 0 0 24
364 7933 1740 1639 300 0 0 170 30 0 69 0 131 0 0 0 24
365 7919 1746 1643 298 0 0 173 30 0 70 0 133 0 0 0 24
366 7926 1742 1638 298 0 0 174 30 0 70 0 134 0 0 0 24
367 7911 1747 1642 304 0 0 174 30 0 69 0 135 0 0 0 24
368 7901 1751 1644 304 0 0 176 30 0 69 0 137 0 0 0 24
369 7889 1754 1649 306 0 0 176 31 0 71 0 136 0 0 0 24
370 7887 1754 1647 303 0 0 179 31 0 72 0 138 0 0 0 25
371 7875 1760 1652 302 0 0 180 31 0 72 0 139 0 0 0 25
372 7865 1763 1654 305 0 0 181 31 0 72 0 140 0 0 0 25
373 7860 1763 1654 308 0 0 180 32 0 71 0 141 0 0 0 27
374 7847 1769 1658 307 0 0 182 32 0 71 0 143 0 0 0 27
375 7831 1774 1663 306 0 0 183 34 0 72 0 145 0 0 0 28
376 7830 1775 1665 304 0 0 183 34 0 73 0 144 0 0 0 28
377 7820 1777 1669 304 0 0 185 34 0 77 0 142 0 0 0 28
378 7822 1777 1667 304 0 0 186 33 0 76 0 143 0 0 0 28
379 7826 1774 1661 302 0 0 189 33 0 76 0 146 0 0 0 29
380 7823 1775 1663 302 0 0 188 34 0 76 0 146 0 0 0 29
381 7810 1782 1668 301 0 0 189 34 0 75 0 148 0 0 0 29
382 7808 1780 1668 305 0 0 187 36 0 75 0 148 0 0 0 29
383 7807 1781 1667 301 0 0 191 34 0 77 0 148 0 0 0 30
384 7805 1782 1666 301 0 0 193 33 0 77 0 149 0 0 0 30
385 7795 1787 1670 296 0 0 195 34 0 78 0 151 0 0 0 30
386 7797 1788 1668 291 0 0 198 33 0 78 0 153 0 0 0 30
387 7790 1789 1666 291 0 0 201 34 0 78 0 157 0 0 0 30
388 7798 1784 1663 291 0 0 201 34 0 80 0 155 0 0 0 30
389 7779 1790 1671 292 0 0 202 35 0 83 0 154 0 0 0 30
390 7767 1794 1674 295 0 0 203 35 0 83 0 155 0 0 0 30
391 7768 1791 1671 298 0 0 204 35 0 84 0 155 0 0 0 30
392 7775 1787 1667 295 0 0 206 34 0 86 0 154 0 0 0 32
393 7777 1780 1660 305 0 0 207 34 0 87 0 154 0 0 0 32
394 7775 1781 1660 303 0 0 208 34 0 87 0 155 0 0 0 33
395 7767 1785 1664 301 0 0 208 35 0 87 0 156 0 0 0 33
396 7761 1787 1665 300 0 0 209 36 0 87 0 158 0 0 0 33
397 7757 1789 1668 298 0 0 208 37 0 87 0 158 0 0 0 34
398 7764 1784 1662 298 0 0 211 36 0 89 0 158 0 0 0 34
399 7764 1783 1658 297 0 0 214 36 0 89 0 161 0 0 0 34
400 7759 1786 1661 296 0 0 214 36 0 89 0 161 0 0 0 34
401 7753 1785 1661 299 0 0 215 36 0 91 0 160 0 0 0 36
402 7755 1784 1661 296 0 0 215 37 0 92 0 160 0 0 0 36
403 7757 1783 1661 295 0 0 216 36 0 94 0 158 0 0 0 36
404 7762 1782 1661 291 0 0 216 36 0 95 0 157 0 0 0 36
405 7775 1777 1656 286 0 0 217 36 0 96 0 157 0 0 0 36
406 7784 1772 1651 285 0 0 219 35 0 98 0 156 0 0 0 36
407 7776 1774 1656 282 0 0 219 36 0 101 0 154 0 0 0 38
408 7785 1769 1649 283 0 0 222 34 0 102 0 154 0 0 0 38
409 7786 1769 1649 282 0 0 222 34 0 102 0 154 0 0 0 38
410 7764 1780 1660 282 0 0 222 34 0 102 0 154 0 0 0 38
411 7757 1784 1663 281 0 0 223 33 0 102 0 154 0 0 0 39
412 7760 1784 1664 273 0 0 224 34 0 104 0 154 0 0 0 39
413 7757 1785 1664 273 0 0 225 34 0 104 0 155 0 0 0 39
414 7763 1779 1660 277 0 0 225 34 0 106 0 153 0 0 0 39
415 7767 1778 1659 275 0 0 225 34 0 106 0 153 0 0 0 39
416 7776 1774 1654 273 0 0 226 34 0 106 0 154 0 0 0 39
417 7778 1774 1652 271 0 0 228 33 0 106 0 155 0 0 0 39
418 7775 1774 1654 270 0 0 228 34 0 108 0 154 0 0 0 39
419 7777 1772 1652 272 0 0 228 34 0 108 0 154 0 0 0 39
420 7776 1772 1652 273 0 0 229 33 0 109 0 153 0 0 0 39
421 7775 1769 1651 276 0 0 229 34 0 111 0 152 0 0 0 39
422 7777 1768 1652 274 0 0 229 34 0 113 0 150 0 0 0 39
423 7785 1763 1647 274 0 0 230 34 0 114 0 150 0 0 0 39
424 7771 1767 1650 275 0 0 233 34 0 116 0 151 0 0 0 39
425 7770 1769 1651 273 0 0 233 34 0 115 0 152 0 0 0 39
426 7766 1770 1650 272 0 0 236 33 0 116 0 153 0 0 0 40
427 7750 1779 1659 270 0 0 236 33 0 116 0 153 0 0 0 40
428 7737 1784 1663 270 0 0 237 34 0 116 0 155 0 0 0 40
429 7725 1788 1666 273 0 0 238 34 0 116 0 156 0 0 0 40
430 7716 1790 1668 276 0 0 238 35 0 116 0 157 0 0 0 40
431 7712 1790 1666 278 0 0 240 35 0 116 0 159 0 0 0 40
432 7704 1792 1667 281 0 0 241 35 0 116 0 160 0 0 0 40
433 7710 1790 1664 274 0 0 243 36 0 117 0 162 0 0 0 40
434 7701 1795 1669 273 0 0 243 36 0 117 0 162 0 0 0 40
435 7693 1797 1670 278 0 0 243 36 0 116 0 163 0 0 0 40
436 7689 1796 1671 282 0 0 242 37 0 117 0 162 0 0 0 40
437 7675 1800 1676 287 0 0 242 37 0 118 0 161 0 0 0 40
438 7653 1806 1681 292 0 0 243 39 0 118 0 164 0 0 0 40
439 7652 1805 1679 294 0 0 244 39 0 118 0 165 0 0 0 40
440 7645 1806 1678 297 0 0 246 39 0 118 0 167 0 0 0 40
441 7631 1812 1684 297 0 0 247 39 0 119 0 167 0 0 0 40
442 7624 1814 1685 300 0 0 248 38 0 119 0 167 0 0 0 41
443 7621 1815 1685 297 0 0 250 38 0 120 0 168 0 0 0 42
444 7599 1826 1694 298 0 0 252 36 0 120 0 168 0 0 0 43
445 7597 1827 1693 296 0 0 255 35 0 121 0 169 0 0 0 43
446 7604 1822 1690 293 0 0 255 36 0 123 0 168 0 0 0 45
447 7600 1823 1690 294 0 0 256 36 0 123 0 169 0 0 0 45
448 7584 1829 1697 295 0 0 256 37 0 124 0 169 0 0 0 45
449 7570 1832 1698 299 0 0 259 37 0 125 0 171 0 0 0 45
450 7554 1839 1702 296 0 0 262 37 0 125 0 174 0 0 0 47
451 7559 1835 1696 297 0 0 264 37 0 125 0 176 0 0 0 47
452 7540 1840 1701 304 0 0 264 38 0 125 0 177 0 0 0 47
453 7534 1841 1703 304 0 0 264 39 0 126 0 177 0 0 0 48
454 7530 1842 1703 305 0 0 265 39 0 126 0 178 0 0 0 48
455 7520 1845 1705 301 0 0 267 41 0 127 0 181 0 0 0 49
456 7504 1849 1709 305 0 0 268 42 0 128 0 182 0 0 0 49
457 7484 1859 1717 305 0 0 270 41 0 128 0 183 0 0 0 49
458 7482 1858 1717 303 0 0 271 42 0 130 0 183 0 0 0 50
459 7483 1856 1713 302 0 0 273 43 0 130 0 186 0 0 0 50
460 7481 1856 1712 305 0 0 274 42 0 130 0 186 0 0 0 50
461 7478 1854 1708 308 0 0 276 43 0 130 0 189 0 0 0 50
462 7471 1856 1707 310 0 0 279 42 0 130 0 191 0 0 0 50
463 7457 1863 1713 309 0 0 280 42 0 130 0 192 0 0 0 50
464 7449 1864 1716 313 0 0 278 44 0 130 0 192 0 0 0 50
465 7432 1871 1722 313 0 0 279 45 0 130 0 194 0 0 0 50
466 7415 1877 1728 318 0 0 280 43 0 131 0 192 0 0 0 52
467 7407 1877 1730 322 0 0 280 44 0 133 0 191 0 0 0 52
468 7402 1879 1734 321 0 0 279 45 0 134 0 190 0 0 0 52
469 7388 1884 1739 325 0 0 279 45 0 134 0 190 0 0 0 52
470 7371 1891 1746 327 0 0 278 46 0 133 0 191 0 0 0 53
471 7361 1895 1752 325 0 0 277 48 0 134 0 191 0 0 0 53
472 7359 1895 1745 317 0 0 284 49 0 134 0 199 0 0 0 54
473 7349 1895 1747 323 0 0 283 50 0 135 0 198 0 0 0 56
474 7344 1893 1745 328 0 0 285 50 0 137 0 198 0 0 0 56
475 7352 1885 1738 333 0 0 286 50 0 139 0 197 0 0 0 56
476 7340 1886 1736 340 0 0 289 50 0 139 0 200 0 0 0 56
477 7326 1890 1741 343 0 0 289 51 0 140 0 200 0 0 0 56
478 7324 1887 1735 348 0 0 292 51 0 140 0 203 0 0 0 56
479 7314 1890 1736 353 0 0 292 51 0 138 0 205 0 0 0 57
480 7308 1890 1736 353 0 0 293 53 0 139 0 207 0 0 0 57
481 7304 1891 1735 351 0 0 296 53 0 140 0 209 0 0 0 57
482 7303 1890 1736 348 0 0 298 53 0 144 0 207 0 0 0 57
483 7298 1887 1730 357 0 0 300 53 0 143 0 210 0 0 0 58
484 7294 1888 1727 355 0 0 304 53 0 143 0 214 0 0 0 58
485 7280 1890 1731 358 0 0 303 56 0 144 0 215 0 0 0 59
486 7276 1891 1733 355 0 0 304 57 0 146 0 215 0 0 0 59
487 7270 1891 1731 359 0 0 307 56 0 147 0 216 0 0 0 59
488 7258 1895 1735 359 0 0 307 58 0 147 0 218 0 0 0 59
489 7261 1892 1734 360 0 0 307 58 0 149 0 216 0 0 0 59
490 7249 1897 1739 362 0 0 307 58 0 149 0 216 0 0 0 59
491 7249 1896 1738 364 0 0 308 57 0 150 0 215 0 0 0 59
492 7233 1901 1741 370 0 0 309 57 0 149 0 217 0 0 0 59
493 7232 1899 1739 373 0 0 311 56 0 151 0 216 0 0 0 59
494 7237 1897 1737 370 0 0 311 57 0 151 0 217 0 0 0 59
495 7237 1897 1738 367 0 0 310 59 0 151 0 218 0 0 0 59
496 7239 1896 1736 363 0 0 312 59 0 152 0 219 0 0 0 60
497 7230 1898 1739 366 0 0 312 59 0 153 0 218 0 0 0 61
498 7225 1901 1742 361 0 0 312 61 0 153 0 220 0 0 0 61
499 7228 1898 1740 357 0 0 314 62 0 156 0 220 0 0 0 61
500 7227 1898 1741 355 0 0 314 62 0 157 0 219 0 0 0 63
501 7227 1898 1743 352 0 0 314 61 0 159 0 216 0 0 0 66
502 7232 1892 1737 350 0 0 316 63 0 161 0 218 0 0 0 67
503 7228 1892 1735 350 0 0 318 64 0 161 0 221 0 0 0 67
504 7231 1889 1733 350 0 0 318 65 0 162 0 221 0 0 0 67
505 7236 1887 1733 347 0 0 316 67 0 162 0 221 0 0 0 67
506 7241 1884 1730 347 0 0 317 66 0 163 0 220 0 0 0 68
507 7251 1878 1723 347 0 0 319 65 0 164 0 220 0 0 0 69
508 7238 1883 1728 350 0 0 319 65 0 164 0 220 0 0 0 69
509 7233 1883 1728 355 0 0 320 64 0 165 0 219 0 0 0 69
510 7229 1881 1725 360 0 0 322 63 0 166 0 219 0 0 0 71
511 7214 1886 1731 361 0 0 324 62 0 169 0 217 0 0 0 72
512 7218 1884 1730 359 0 0 323 63 0 169 0 217 0 0 0 73
513 7215 1884 1729 361 0 0 324 63 0 169 0 218 0 0 0 73
514 7226 1879 1723 357 0 0 326 63 0 170 0 219 0 0 0 73
515 7237 1874 1715 353 0 0 328 64 0 169 0 223 0 0 0 73
516 7239 1874 1714 348 0 0 329 64 0 169 0 224 0 0 0 75
517 7244 1871 1711 346 0 0 331 63 0 171 0 223 0 0 0 76
518 7240 1872 1711 347 0 0 332 63 0 171 0 224 0 0 0 76
519 7236 1874 1715 345 0 0 330 65 0 171 0 224 0 0 0 76
520 7238 1873 1716 341 0 0 330 66 0 173 0 223 0 0 0 76
521 7235 1875 1719 339 0 0 330 66 0 174 0 222 0 0 0 76
522 7243 1867 1714 344 0 0 329 67 0 176 0 220 0 0 0 76
523 7232 1866 1717 353 0 0 329 67 0 180 0 216 0 0 0 76
524 7230 1865 1716 354 0 0 329 68 0 180 0 217 0 0 0 77
525 7239 1860 1707 355 0 0 332 67 0 179 0 220 0 0 0 77
526 7243 1857 1703 348 0 0 335 68 0 181 0 222 0 0 0 79
527 7241 1857 1703 350 0 0 335 68 0 181 0 222 0 0 0 79
528 7229 1861 1708 352 0 0 335 68 0 182 0 221 0 0 0 80
529 7245 1854 1704 346 0 0 336 67 0 186 0 217 0 0 0 81
530 7255 1849 1698 341 0 0 337 69 0 186 0 220 0 0 0 81
531 7252 1850 1698 339 0 0 338 70 0 186 0 222 0 0 0 81
532 7245 1851 1699 340 0 0 339 71 0 187 0 223 0 0 0 81
533 7251 1846 1696 342 0 0 338 72 0 188 0 222 0 0 0 81
534 7249 1846 1698 340 0 0 338 73 0 190 0 221 0 0 0 81
535 7246 1847 1699 339 0 0 338 74 0 190 0 222 0 0 0 81
536 7244 1847 1700 337 0 0 339 74 0 192 0 221 0 0 0 82
537 7237 1849 1703 339 0 0 339 74 0 193 0 220 0 0 0 82
538 7244 1846 1701 337 0 0 338 75 0 193 0 220 0 0 0 82
539 7247 1844 1701 336 0 0 336 77 0 193 0 220 0 0 0 82
540 7256 1839 1696 337 0 0 336 77 0 193 0 220 0 0 0 82
541 7248 1841 1698 341 0 0 336 77 0 193 0 220 0 0 0 82
542 7244 1841 1698 342 0 0 338 76 0 195 0 219 0 0 0 83
543 7234 1843 1702 344 0 0 338 77 0 197 0 218 0 0 0 83
544 7227 1847 1706 341 0 0 339 77 0 198 0 218 0 0 0 83
545 7222 1847 1707 345 0 0 338 78 0 198 0 218 0 0 0 83
546 7235 1839 1699 348 0 0 339 77 0 199 0 217 0 0 0 83
547 7240 1837 1698 344 0 0 339 77 0 200 0 216 0 0 0 85
548 7246 1832 1692 344 0 0 341 77 0 201 0 217 0 0 0 86
549 7248 1830 1690 346 0 0 343 75 0 203 0 215 0 0 0 86
550 7260 1826 1686 341 0 0 344 74 0 204 0 214 0 0 0 87
551 7249 1831 1689 342 0 0 345 74 0 203 0 216 0 0 0 87
552 7249 1831 1690 340 0 0 345 74 0 204 0 215 0 0 0 88
553 7240 1834 1692 342 0 0 346 74 0 204 0 216 0 0 0 88
554 7243 1831 1690 342 0 0 344 77 0 203 0 218 0 0 0 88
555 7253 1829 1684 336 0 0 349 74 0 204 0 219 0 0 0 88
556 7259 1831 1686 325 0 0 349 74 0 204 0 219 0 0 0 89
557 7261 1827 1681 331 0 0 350 73 0 204 0 219 0 0 0 90
558 7270 1824 1680 324 0 0 351 73 0 207 0 217 0 0 0 90
559 7264 1827 1682 321 0 0 352 74 0 207 0 219 0 0 0 90
560 7259 1828 1680 325 0 0 354 73 0 206 0 221 0 0 0 90
561 7276 1819 1672 323 0 0 355 73 0 208 0 220 0 0 0 90
562 7268 1821 1677 324 0 0 353 75 0 209 0 219 0 0 0 90
563 7274 1819 1676 319 0 0 353 75 0 210 0 218 0 0 0 92
564 7266 1823 1681 318 0 0 354 74 0 212 0 216 0 0 0 92
565 7274 1819 1678 316 0 0 353 75 0 212 0 216 0 0 0 93
566 7280 1814 1673 319 0 0 354 74 0 213 0 215 0 0 0 94
567 7293 1808 1668 317 0 0 353 75 0 213 0 215 0 0 0 94
568 7285 1808 1669 322 0 0 353 76 0 214 0 215 0 0 0 94
569 7291 1803 1667 323 0 0 353 76 0 217 0 212 0 0 0 94
570 7295 1800 1667 322 0 0 352 77 0 219 0 210 0 0 0 94
571 7310 1792 1661 319 0 0 353 77 0 222 0 208 0 0 0 94
572 7312 1790 1660 316 0 0 355 77 0 225 0 207 0 0 0 94
573 7313 1787 1659 319 0 0 355 77 0 227 0 205 0 0 0 94
574 7312 1785 1657 322 0 0 356 77 0 228 0 205 0 0 0 94
575 7323 1780 1651 322 0 0 357 76 0 228 0 205 0 0 0 94
576 7330 1776 1648 322 0 0 356 77 0 228 0 205 0 0 0 94
577 7324 1779 1653 320 0 0 357 76 0 231 0 202 0 0 0 94
578 7336 1770 1644 326 0 0 357 76 0 231 0 202 0 0 0 94
579 7342 1768 1641 325 0 0 360 73 0 233 0 200 0 0 0 94
580 7342 1768 1640 324 0 0 361 73 0 233 0 201 0 0 0 94
581 7338 1767 1640 329 0 0 361 73 0 234 0 200 0 0 0 94
582 7346 1765 1637 326 0 0 361 73 0 233 0 201 0 0 0 94
583 7350 1764 1638 322 0 0 361 73 0 235 0 199 0 0 0 94
584 7357 1758 1635 324 0 0 360 74 0 237 0 197 0 0 0 94
585 7365 1754 1633 322 0 0 360 74 0 239 0 195 0 0 0 94
586 7376 1746 1626 324 0 0 362 73 0 242 0 193 0 0 0 94
587 7387 1739 1620 324 0 0 362 74 0 243 0 193 0 0 0 94
588 7383 1742 1621 321 0 0 365 72 0 244 0 193 0 0 0 95
589 7389 1737 1616 325 0 0 365 72 0 244 0 193 0 0 0 95
590 7398 1735 1614 320 0 0 366 71 0 245 0 192 0 0 0 95
591 7422 1725 1603 315 0 0 368 70 0 246 0 192 0 0 0 95
592 7420 1724 1601 316 0 0 369 71 0 246 0 194 0 0 0 95
593 7420 1723 1600 318 0 0 370 70 0 247 0 193 0 0 0 95
594 7424 1721 1598 316 0 0 370 71 0 247 0 194 0 0 0 95
595 7418 1724 1603 310 0 0 370 73 0 249 0 194 0 0 0 95
596 7425 1718 1601 311 0 0 369 74 0 252 0 191 0 0 0 95
597 7427 1717 1598 311 0 0 370 74 0 251 0 193 0 0 0 95
598 7419 1720 1601 311 0 0 371 74 0 252 0 193 0 0 0 95
599 7442 1709 1591 309 0 0 371 74 0 253 0 192 0 0 0 95
600 7451 1706 1587 305 0 0 372 74 0 253 0 193 0 0 0 95
601 7448 1709 1590 302 0 0 372 74 0 253 0 193 0 0 0 95
602 7452 1708 1589 300 0 0 372 74 0 253 0 193 0 0 0 95
603 7455 1708 1590 296 0 0 372 74 0 254 1 191 0 1 0 94
604 7457 1707 1588 295 0 0 374 73 0 255 1 191 0 1 0 94
605 7453 1708 1590 296 0 0 374 73 0 256 1 190 0 1 0 94
606 7462 1703 1583 297 0 0 376 72 0 256 1 191 0 1 0 94
607 7459 1702 1582 302 0 0 375 73 0 255 1 192 0 1 0 94
608 7465 1699 1580 301 0 0 375 73 0 256 1 191 0 1 0 94
609 7463 1698 1581 302 0 0 373 75 0 256 1 191 0 1 0 95
610 7463 1696 1580 305 0 0 372 76 0 256 1 191 0 1 0 95
611 7466 1694 1578 305 0 0 373 75 0 257 1 190 0 1 0 96
612 7477 1690 1571 305 0 0 374 74 0 255 1 192 0 1 0 96
613 7493 1678 1560 312 0 0 375 73 0 257 1 190 0 1 0 96
614 7495 1677 1557 312 0 0 377 71 0 257 1 190 0 1 0 98
615 7477 1685 1563 314 0 0 381 67 0 259 1 188 0 1 0 100
616 7500 1673 1551 313 0 0 382 67 0 260 1 188 0 1 0 100
617 7499 1674 1549 312 0 0 384 66 0 259 1 190 0 1 0 101
618 7513 1666 1545 308 0 0 384 67 0 263 1 187 0 1 0 101
619 7514 1664 1545 307 0 0 387 65 0 268 1 183 0 1 0 101
620 7517 1662 1544 307 0 0 387 65 0 269 1 182 0 1 0 101
621 7524 1661 1544 301 0 0 387 65 0 270 1 181 0 1 0 101
622 7527 1659 1544 297 0 0 387 66 0 272 1 180 0 1 0 102
623 7544 1651 1536 294 0 0 387 67 0 272 1 181 0 1 0 102
624 7551 1649 1535 288 0 0 386 69 0 272 1 182 0 1 0 102
625 7562 1644 1530 287 0 0 386 69 0 272 1 182 0 1 0 102
626 7564 1642 1530 285 0 0 385 71 0 273 1 182 0 1 0 102
627 7578 1638 1524 281 0 0 387 69 0 273 1 182 0 1 0 102
628 7573 1641 1526 279 0 0 386 71 0 271 1 185 0 1 0 102
629 7580 1639 1524 276 0 0 386 71 0 271 1 185 0 1 0 102
630 7588 1635 1519 277 0 0 386 71 0 270 1 186 0 1 0 102
631 7577 1640 1523 279 0 0 387 70 0 270 0 187 0 0 0 103
632 7578 1640 1523 276 0 0 388 70 0 271 0 187 0 0 0 103
633 7590 1634 1519 274 0 0 388 70 0 273 0 185 0 0 0 103
634 7596 1630 1514 275 0 0 389 70 0 273 0 186 0 0 0 103
635 7597 1629 1509 276 0 0 393 67 0 273 0 187 0 0 0 105
636 7616 1619 1502 274 0 0 393 67 0 276 0 184 0 0 0 105
637 7607 1625 1509 266 0 0 395 67 0 279 0 183 0 0 0 105
638 7609 1627 1510 261 0 0 395 67 0 278 0 184 0 0 0 105
639 7603 1629 1512 263 0 0 395 67 0 278 0 184 0 0 0 105
640 7627 1616 1503 259 0 0 393 70 0 280 0 183 0 0 0 105
641 7629 1614 1505 257 0 0 394 69 0 285 0 178 0 0 0 105
642 7618 1617 1508 262 0 0 394 69 0 285 0 178 0 0 0 105
643 7619 1617 1508 261 0 0 394 69 0 285 0 178 0 0 0 105
644 7630 1610 1504 261 0 0 393 70 0 287 0 176 0 0 0 105
645 7632 1609 1505 259 0 0 393 70 0 289 0 174 0 0 0 105
646 7642 1601 1499 261 0 0 393 71 0 291 0 173 0 0 0 105
647 7631 1607 1505 260 0 0 393 71 0 291 0 173 0 0 0 105
648 7638 1603 1503 258 0 0 391 73 0 291 0 173 0 0 0 106
649 7633 1603 1504 262 0 0 392 72 0 293 0 171 0 0 0 106
650 7637 1600 1500 264 0 0 392 72 0 292 0 172 0 0 0 107
651 7647 1594 1495 265 0 0 391 73 0 292 0 172 0 0 0 107
652 7648 1591 1493 269 0 0 391 73 0 293 0 171 0 0 0 107
653 7656 1587 1489 267 0 0 391 74 0 293 0 172 0 0 0 107
654 7667 1582 1485 265 0 0 391 74 0 294 0 171 0 0 0 107
655 7666 1582 1486 265 0 0 391 74 0 295 0 170 0 0 0 107
656 7672 1580 1483 264 0 0 392 73 0 295 0 170 0 0 0 107
657 7682 1576 1482 259 0 0 391 74 0 297 0 168 0 0 0 107
658 7671 1577 1484 267 0 0 391 74 0 298 0 167 0 0 0 107
659 7671 1577 1482 269 0 0 393 72 0 298 0 167 0 0 0 107
660 7685 1571 1476 267 0 0 394 71 0 299 0 166 0 0 0 107
661 7685 1573 1480 261 0 0 394 71 0 301 0 164 0 0 0 107
662 7682 1572 1480 263 0 0 394 72 0 302 0 164 0 0 0 107
663 7688 1569 1480 260 0 0 394 72 0 305 0 161 0 0 0 107
664 7702 1562 1471 258 0 0 396 72 0 305 0 163 0 0 0 107
665 7711 1553 1464 265 0 0 396 72 0 307 0 161 0 0 0 107
666 7716 1549 1463 265 0 0 396 72 0 310 0 158 0 0 0 107
667 7721 1549 1464 259 0 0 396 72 0 311 0 157 0 0 0 107
668 7740 1540 1456 257 0 0 395 73 0 311 0 157 0 0 0 107
669 7747 1538 1453 255 0 0 396 72 0 311 0 157 0 0 0 107
670 7745 1539 1455 253 0 0 398 70 0 314 0 154 0 0 0 108
671 7760 1531 1447 252 0 0 399 70 0 315 0 154 0 0 0 108
672 7764 1528 1444 252 0 0 400 70 0 316 0 154 0 0 0 108
673 7765 1528 1442 251 0 0 402 69 0 316 0 155 0 0 0 108
674 7779 1522 1435 250 0 0 402 69 0 315 0 156 0 0 0 108
675 7785 1517 1431 253 0 0 402 68 0 316 0 154 0 0 0 110
676 7791 1515 1426 250 0 0 405 67 0 316 0 156 0 0 0 110
677 7798 1508 1423 253 0 0 405 67 0 320 0 152 0 0 0 110
678 7805 1505 1417 254 0 0 408 64 0 320 0 152 0 0 0 111
679 7811 1501 1412 255 0 0 409 64 0 320 0 153 0 0 0 111
680 7820 1497 1409 253 0 0 408 65 0 320 0 153 0 0 0 111
681 7817 1497 1408 257 0 0 409 64 0 320 0 153 0 0 0 111
682 7811 1498 1409 259 0 0 411 63 0 322 0 152 0 0 0 111
683 7815 1493 1407 262 0 0 412 62 0 326 0 148 0 0 0 111
684 7801 1500 1416 260 0 0 410 64 0 326 0 148 0 0 0 111
685 7808 1498 1414 257 0 0 410 64 0 326 0 148 0 0 0 111
686 7807 1498 1414 258 0 0 410 64 0 326 0 148 0 0 0 111
687 7814 1496 1412 255 0 0 410 64 0 326 0 148 0 0 0 111
688 7815 1496 1413 253 0 0 410 64 0 327 0 147 0 0 0 111
689 7829 1490 1407 251 0 0 409 65 0 326 0 148 0 0 0 111
690 7826 1492 1409 250 0 0 409 65 0 326 0 148 0 0 0 111
691 7832 1489 1406 250 0 0 409 65 0 326 0 148 0 0 0 111
692 7834 1489 1406 248 0 0 409 65 0 326 0 148 0 0 0 111
693 7829 1491 1409 248 0 0 410 64 0 328 0 146 0 0 0 111
694 7844 1483 1404 246 0 0 410 64 0 331 0 143 0 0 0 111
695 7853 1480 1399 243 0 0 411 64 0 330 0 145 0 0 0 111
696 7858 1476 1396 245 0 0 411 64 0 331 0 144 0 0 0 111
697 7860 1474 1394 245 0 0 411 65 0 331 0 145 0 0 0 111
698 7859 1475 1396 243 0 0 410 66 0 331 0 145 0 0 0 111
699 7875 1466 1389 243 0 0 409 67 0 332 0 144 0 0 0 111
700 7882 1461 1386 244 0 0 408 68 0 333 0 143 0 0 0 111
701 7877 1464 1389 243 0 0 409 67 0 334 0 142 0 0 0 111
702 7894 1457 1382 238 0 0 410 67 0 335 0 142 0 0 0 111
703 7897 1458 1382 233 0 0 411 66 0 335 0 142 0 0 0 112
704 7899 1458 1385 228 0 0 407 70 0 334 0 143 0 0 0 112
705 7902 1454 1382 232 0 0 407 70 0 335 0 142 0 0 0 112
706 7910 1450 1378 230 0 0 408 70 0 336 0 142 0 0 0 112
707 7905 1451 1379 232 0 0 408 70 0 336 0 142 0 0 0 113
708 7912 1451 1378 226 0 0 409 69 0 336 0 142 0 0 0 113
709 7924 1447 1374 222 0 0 409 69 0 336 0 142 0 0 0 113
710 7921 1449 1375 222 0 0 410 68 0 336 0 142 0 0 0 113
711 7923 1451 1376 217 0 0 411 67 0 336 0 142 0 0 0 113
712 7916 1454 1379 218 0 0 411 67 0 336 0 142 0 0 0 113
713 7923 1450 1376 218 0 0 411 67 0 337 0 141 0 0 0 113
714 7923 1449 1375 220 0 0 411 67 0 337 0 141 0 0 0 113
715 7925 1446 1374 222 0 0 410 68 0 338 0 140 0 0 0 113
716 7935 1438 1368 226 0 0 410 68 0 340 0 138 0 0 0 113
717 7939 1435 1369 224 0 0 410 68 0 344 0 134 0 0 0 113
718 7956 1427 1361 222 0 0 410 68 0 344 0 134 0 0 0 114
719 7958 1425 1359 222 0 0 411 68 0 345 0 134 0 0 0 114
720 7948 1429 1363 224 0 0 411 68 0 345 0 134 0 0 0 114
721 7950 1427 1362 225 0 0 410 68 0 345 0 133 0 0 0 116
722 7951 1428 1363 222 0 0 411 67 0 346 0 132 0 0 0 116
723 7958 1425 1360 221 0 0 412 66 0 347 0 131 0 0 0 116
724 7976 1417 1353 218 0 0 413 65 0 349 0 129 0 0 0 116
725 8002 1405 1337 216 0 0 418 62 0 350 0 130 0 0 0 116
726 7997 1407 1339 215 0 0 418 62 0 350 0 130 0 0 0 118
727 7994 1407 1338 219 0 0 420 60 0 351 0 129 0 0 0 118
728 7994 1405 1337 222 0 0 419 61 0 351 0 129 0 0 0 118
729 7986 1407 1341 224 0 0 419 61 0 353 0 127 0 0 0 118
730 7999 1399 1334 226 0 0 419 61 0 354 0 126 0 0 0 118
731 8028 1386 1319 223 0 0 421 60 0 354 0 127 0 0 0 118
732 8038 1380 1315 223 0 0 421 60 0 356 0 125 0 0 0 118
733 8040 1380 1318 218 0 0 420 61 0 358 0 123 0 0 0 118
734 8048 1375 1314 219 0 0 419 62 0 358 0 123 0 0 0 118
735 8044 1377 1314 221 0 0 419 62 0 356 0 125 0 0 0 118
736 8041 1379 1317 219 0 0 418 63 0 356 0 125 0 0 0 118
737 8036 1383 1320 217 0 0 419 62 0 356 0 125 0 0 0 118
738 8052 1379 1315 210 0 0 419 62 0 355 0 126 0 0 0 118
739 8056 1375 1315 210 0 0 418 63 0 358 0 123 0 0 0 118
740 8060 1374 1314 207 0 0 419 62 0 359 0 122 0 0 0 119
741 8071 1368 1309 207 0 0 418 63 0 359 0 122 0 0 0 119
742 8079 1363 1308 205 0 0 415 66 0 360 0 121 0 0 0 119
743 8074 1365 1311 205 0 0 415 66 0 361 0 120 0 0 0 119
744 8079 1361 1307 206 0 0 416 66 0 362 0 120 0 0 0 119
745 8075 1362 1307 208 0 0 417 65 0 362 0 120 0 0 0 120
746 8063 1368 1313 208 0 0 418 64 0 363 0 119 0 0 0 120
747 8065 1368 1313 206 0 0 418 64 0 363 0 119 0 0 0 120
748 8080 1361 1304 207 0 0 419 63 0 362 0 120 0 0 0 120
749 8075 1363 1307 207 0 0 418 64 0 362 0 120 0 0 0 120
750 8087 1357 1301 207 0 0 418 64 0 362 0 120 0 0 0 120
751 8094 1353 1298 206 0 0 419 63 0 364 0 118 0 0 0 121
752 8091 1356 1301 203 0 0 419 63 0 364 0 118 0 0 0 121
753 8087 1359 1303 202 0 0 419 63 0 363 0 119 0 0 0 121
754 8097 1354 1297 199 0 0 421 63 0 364 0 120 0 0 0 121
755 8107 1349 1295 196 0 0 420 64 0 366 0 118 0 0 0 121
756 8103 1351 1299 194 0 0 420 64 0 368 0 116 0 0 0 121
757 8099 1352 1299 197 0 0 421 63 0 368 0 116 0 0 0 121
758 8105 1348 1296 198 0 0 421 63 0 369 0 115 0 0 0 121
759 8106 1348 1298 195 0 0 421 63 0 371 0 113 0 0 0 121
760 8115 1341 1291 198 0 0 422 63 0 372 0 113 0 0 0 121
761 8123 1337 1287 198 0 0 422 63 0 372 0 113 0 0 0 121
762 8136 1330 1280 198 0 0 423 62 0 373 0 112 0 0 0 122
763 8138 1327 1278 199 0 0 424 62 0 375 0 111 0 0 0 122
764 8140 1326 1277 197 0 0 425 62 0 376 0 111 0 0 0 122
765 8148 1325 1275 191 0 0 427 60 0 377 0 110 0 0 0 123
766 8164 1319 1268 188 0 0 427 60 0 376 0 111 0 0 0 123
767 8169 1317 1266 187 0 0 428 59 0 377 0 110 0 0 0 123
768 8171 1315 1263 190 0 0 429 58 0 377 0 110 0 0 0 123
769 8178 1310 1260 190 0 0 430 57 0 380 0 107 0 0 0 124
770 8174 1314 1263 187 0 0 430 57 0 379 0 108 0 0 0 124
771 8182 1309 1259 188 0 0 430 57 0 380 0 107 0 0 0 124
772 8199 1302 1253 182 0 0 431 57 0 382 0 106 0 0 0 124
773 8207 1299 1250 180 0 0 431 57 0 382 0 106 0 0 0 124
774 8206 1301 1251 178 0 0 431 57 0 381 0 107 0 0 0 124
775 8198 1305 1254 178 0 0 432 56 0 381 0 107 0 0 0 125
776 8197 1304 1254 180 0 0 431 57 0 381 0 107 0 0 0 125
777 8216 1296 1244 177 0 0 432 57 0 380 0 109 0 0 0 125
778 8220 1295 1243 175 0 0 432 57 0 380 0 109 0 0 0 125
779 8223 1294 1241 175 0 0 433 56 0 380 0 109 0 0 0 125
780 8240 1287 1235 171 0 0 433 56 0 381 0 108 0 0 0 125
781 8242 1286 1232 171 0 0 435 55 0 381 0 109 0 0 0 125
782 8246 1282 1229 174 0 0 435 55 0 382 0 108 0 0 0 125
783 8252 1278 1226 175 0 0 435 55 0 383 0 107 0 0 0 125
784 8253 1278 1226 174 0 0 434 56 0 382 0 108 0 0 0 125
785 8265 1271 1218 177 0 0 435 55 0 382 0 108 0 0 0 125
786 8271 1268 1215 177 0 0 435 55 0 382 0 108 0 0 0 125
787 8273 1266 1213 179 0 0 435 55 0 382 0 108 0 0 0 125
788 8272 1267 1215 177 0 0 434 56 0 382 0 108 0 0 0 125
789 8278 1263 1210 176 0 0 436 56 0 383 0 109 0 0 0 125
790 8273 1266 1212 174 0 0 437 56 0 383 0 110 0 0 0 125
791 8270 1268 1214 173 0 0 437 56 0 383 0 110 0 0 0 125
792 8274 1266 1214 171 0 0 436 57 0 384 0 109 0 0 0 125
793 8291 1259 1206 169 0 0 437 56 0 384 0 109 0 0 0 125
794 8302 1252 1201 170 0 0 436 57 0 385 0 108 0 0 0 125
795 8295 1252 1205 173 0 0 433 60 0 386 0 107 0 0 0 125
796 8298 1252 1203 172 0 0 436 57 0 387 0 106 0 0 0 125
797 8303 1250 1201 171 0 0 437 56 0 388 0 105 0 0 0 125
798 8307 1249 1199 170 0 0 438 55 0 388 0 105 0 0 0 125
799 8312 1246 1197 170 0 0 437 56 0 388 0 105 0 0 0 125
800 8307 1247 1197 174 0 0 437 56 0 387 0 106 0 0 0 125
801 8315 1244 1194 172 0 0 437 56 0 387 0 106 0 0 0 125
802 8322 1242 1191 170 0 0 438 55 0 387 0 106 0 0 0 125
803 8317 1242 1191 175 0 0 438 55 0 387 0 106 0 0 0 125
804 8330 1234 1186 175 0 0 437 56 0 389 0 104 0 0 0 125
805 8335 1231 1185 173 0 0 437 56 0 391 0 102 0 0 0 126
806 8349 1225 1180 168 0 0 437 57 0 392 0 102 0 0 0 126
807 8365 1216 1172 169 0 0 437 57 0 393 0 101 0 0 0 126
808 8372 1212 1167 169 0 0 438 57 0 393 0 102 0 0 0 126
809 8377 1210 1164 169 0 0 439 56 0 393 0 102 0 0 0 126
810 8391 1205 1159 165 0 0 440 55 0 394 0 101 0 0 0 126
811 8404 1199 1154 163 0 0 440 55 0 395 0 100 0 0 0 126
812 8400 1200 1156 164 0 0 439 56 0 395 0 100 0 0 0 126
813 8397 1202 1159 162 0 0 440 55 0 397 0 98 0 0 0 126
814 8409 1199 1156 156 0 0 440 55 0 397 0 98 0 0 0 126
815 8421 1194 1149 156 0 0 441 54 0 396 0 99 0 0 0 126
816 8416 1195 1151 158 0 0 441 54 0 397 0 98 0 0 0 126
817 8410 1197 1152 161 0 0 441 54 0 396 0 99 0 0 0 126
818 8417 1193 1148 160 0 0 442 54 0 397 0 99 0 0 0 126
819 8418 1194 1148 158 0 0 443 53 0 397 0 99 0 0 0 126
820 8415 1196 1151 156 0 0 442 54 0 397 0 99 0 0 0 126
821 8425 1193 1148 152 0 0 441 55 0 396 0 100 0 0 0 126
822 8445 1185 1140 148 0 0 441 55 0 396 0 100 0 0 0 126
823 8452 1181 1136 149 0 0 441 55 0 396 0 100 0 0 0 126
824 8456 1180 1135 147 0 0 441 55 0 396 0 100 0 0 0 126
825 8457 1178 1134 147 0 0 441 56 0 397 0 100 0 0 0 126
826 8464 1175 1131 146 0 0 442 55 0 398 0 99 0 0 0 126
827 8468 1175 1129 144 0 0 444 53 0 398 0 99 0 0 0 126
828 8468 1173 1126 149 0 0 445 52 0 398 0 99 0 0 0 126
829 8471 1171 1124 150 0 0 445 52 0 398 0 99 0 0 0 126
830 8475 1170 1122 149 0 0 445 52 0 397 0 100 0 0 0 126
831 8488 1165 1117 146 0 0 445 52 0 397 0 100 0 0 0 126
832 8488 1165 1117 146 0 0 445 52 0 397 0 100 0 0 0 126
833 8492 1164 1116 144 0 0 445 52 0 397 0 100 0 0 0 126
834 8506 1156 1110 144 0 0 444 53 0 398 0 99 0 0 0 126
835 8495 1159 1117 145 0 0 444 53 0 402 0 95 0 0 0 126
836 8503 1154 1114 145 0 0 444 53 0 404 0 93 0 0 0 126
837 8502 1153 1116 145 0 0 443 54 0 406 0 91 0 0 0 126
838 8500 1155 1117 144 0 0 443 54 0 405 0 92 0 0 0 126
839 8517 1146 1107 144 0 0 444 54 0 405 0 93 0 0 0 126
840 8525 1143 1104 142 0 0 443 55 0 404 0 94 0 0 0 126
841 8522 1144 1106 142 0 0 443 55 0 405 0 93 0 0 0 126
842 8524 1144 1105 141 0 0 444 54 0 405 0 93 0 0 0 126
843 8520 1146 1107 141 0 0 444 54 0 405 0 93 0 0 0 126
844 8526 1141 1104 143 0 0 443 55 0 406 0 92 0 0 0 126
845 8532 1139 1101 142 0 0 444 54 0 406 0 92 0 0 0 126
846 8538 1137 1099 140 0 0 444 54 0 406 0 92 0 0 0 126
847 8537 1138 1100 139 0 0 444 54 0 406 0 92 0 0 0 126
848 8552 1131 1093 138 0 0 444 54 0 406 0 92 0 0 0 126
849 8559 1129 1091 135 0 0 444 54 0 406 0 92 0 0 0 126
850 8557 1129 1092 136 0 0 445 53 0 408 0 90 0 0 0 126
851 8560 1127 1091 136 0 0 445 53 0 409 0 89 0 0 0 126
852 8571 1123 1084 134 0 0 448 51 0 409 0 90 0 0 0 126
853 8561 1127 1090 134 0 0 447 52 0 410 0 89 0 0 0 126
854 8562 1128 1090 130 0 0 448 52 0 410 0 90 0 0 0 126
855 8556 1131 1094 129 0 0 447 53 0 410 0 90 0 0 0 126
856 8561 1127 1092 130 0 0 447 53 0 412 0 88 0 0 0 126
857 8564 1124 1089 131 0 0 447 54 0 412 0 89 0 0 0 126
858 8561 1126 1091 130 0 0 447 54 0 412 0 89 0 0 0 126
859 8573 1121 1086 128 0 0 447 54 0 412 0 89 0 0 0 126
860 8581 1119 1085 123 0 0 446 55 0 412 0 89 0 0 0 126
861 8592 1115 1080 121 0 0 447 54 0 412 0 89 0 0 0 126
862 8594 1114 1077 121 0 0 448 54 0 411 0 91 0 0 0 126
863 8606 1108 1070 120 0 0 449 54 0 411 0 92 0 0 0 126
864 8619 1102 1063 120 0 0 449 54 0 410 0 93 0 0 0 126
865 8617 1103 1064 120 0 0 449 54 0 410 0 93 0 0 0 126
866 8633 1097 1057 117 0 0 451 52 0 411 0 92 0 0 0 126
867 8643 1092 1051 116 0 0 452 52 0 411 0 93 0 0 0 126
868 8637 1095 1053 117 0 0 452 52 0 410 0 94 0 0 0 126
869 8645 1090 1049 118 0 0 452 52 0 411 0 93 0 0 0 126
870 8648 1088 1047 119 0 0 452 52 0 411 0 93 0 0 0 126
871 8647 1089 1047 119 0 0 453 51 0 411 0 93 0 0 0 126
872 8660 1084 1041 117 0 0 453 51 0 410 0 94 0 0 0 126
873 8660 1084 1043 115 0 0 453 51 0 412 0 92 0 0 0 126
874 8660 1084 1044 114 0 0 454 50 0 414 0 90 0 0 0 126
875 8671 1079 1039 113 0 0 454 50 0 414 0 90 0 0 0 126
876 8676 1076 1037 113 0 0 454 50 0 415 0 89 0 0 0 126
877 8679 1075 1035 113 0 0 454 50 0 414 0 90 0 0 0 126
878 8686 1070 1032 114 0 0 454 50 0 416 0 88 0 0 0 126
879 8686 1070 1033 113 0 0 453 51 0 416 0 88 0 0 0 126
880 8694 1066 1029 113 0 0 453 51 0 416 0 88 0 0 0 126
881 8701 1063 1026 112 0 0 453 51 0 416 0 88 0 0 0 126
882 8714 1057 1019 112 0 0 454 50 0 416 0 88 0 0 0 126
883 8710 1060 1021 111 0 0 455 49 0 416 0 88 0 0 0 126
884 8717 1056 1017 112 0 0 455 49 0 416 0 88 0 0 0 126
885 8727 1052 1012 111 0 0 456 48 0 416 0 88 0 0 0 126
886 8734 1049 1009 110 0 0 456 48 0 416 0 88 0 0 0 126
887 8740 1045 1005 112 0 0 456 48 0 416 0 88 0 0 0 126
888 8742 1045 1002 109 0 0 459 47 0 416 0 90 0 0 0 126
889 8753 1041 998 106 0 0 459 47 0 416 0 90 0 0 0 126
890 8760 1038 994 105 0 0 460 46 0 416 0 90 0 0 0 127
891 8763 1037 991 106 0 0 462 44 0 416 0 90 0 0 0 127
892 8761 1038 992 106 0 0 462 44 0 416 0 90 0 0 0 127
893 8764 1036 991 106 0 0 462 44 0 417 0 89 0 0 0 127
894 8770 1033 988 106 0 0 462 44 0 417 0 89 0 0 0 127
895 8771 1032 988 106 0 0 461 45 0 417 0 89 0 0 0 127
896 8776 1030 985 104 0 0 462 45 0 417 0 90 0 0 0 127
897 8783 1027 982 103 0 0 462 45 0 417 0 90 0 0 0 127
898 8793 1022 977 103 0 0 462 45 0 417 0 90 0 0 0 127
899 8799 1019 974 103 0 0 462 45 0 417 0 90 0 0 0 127
900 8789 1022 979 105 0 0 461 46 0 418 0 89 0 0 0 127
901 8799 1017 974 105 0 0 461 46 0 418 0 89 0 0 0 127
902 8798 1017 975 105 0 0 461 46 0 419 0 88 0 0 0 127
903 8808 1012 970 105 0 0 461 46 0 419 0 88 0 0 0 127
904 8807 1012 971 105 0 0 460 47 0 419 0 88 0 0 0 127
905 8810 1011 970 104 0 0 460 47 0 419 0 88 0 0 0 127
906 8804 1012 972 107 0 0 460 47 0 420 0 87 0 0 0 127
907 8798 1014 975 108 0 0 459 48 0 420 0 87 0 0 0 127
908 8793 1016 977 109 0 0 459 48 0 420 0 87 0 0 0 127
909 8800 1013 974 108 0 0 459 48 0 420 0 87 0 0 0 127
910 8808 1010 971 106 0 0 459 48 0 420 0 87 0 0 0 127
911 8811 1008 969 107 0 0 459 48 0 420 0 87 0 0 0 127
912 8806 1011 970 107 0 0 460 47 0 419 0 88 0 0 0 128
913 8808 1012 969 103 0 0 462 46 0 419 0 89 0 0 0 128
914 8822 1006 962 102 0 0 462 46 0 418 0 90 0 0 0 128
915 8830 1002 959 101 0 0 463 45 0 420 0 88 0 0 0 128
916 8830 1003 959 100 0 0 463 45 0 419 0 89 0 0 0 128
917 8830 1003 960 99 0 0 463 45 0 420 0 88 0 0 0 128
918 8844 996 955 97 0 0 462 46 0 421 0 87 0 0 0 128
919 8848 993 953 98 0 0 462 46 0 422 0 86 0 0 0 128
920 8850 991 951 100 0 0 462 46 0 422 0 86 0 0 0 128
921 8852 990 951 99 0 0 462 46 0 423 0 85 0 0 0 128
922 8855 988 950 99 0 0 462 46 0 424 0 84 0 0 0 128
923 8861 985 947 99 0 0 462 46 0 424 0 84 0 0 0 128
924 8867 983 946 96 0 0 462 46 0 425 0 83 0 0 0 128
925 8873 982 945 92 0 0 462 46 0 425 0 83 0 0 0 128
926 8880 979 942 91 0 0 463 45 0 426 0 82 0 0 0 128
927 8880 980 943 89 0 0 463 45 0 426 0 82 0 0 0 128
928 8872 984 946 90 0 0 463 45 0 425 0 83 0 0 0 128
929 8881 979 940 91 0 0 464 44 0 425 0 83 0 0 0 129
930 8888 975 937 91 0 0 464 44 0 426 0 82 0 0 0 129
931 8889 974 935 93 0 0 464 44 0 425 0 83 0 0 0 129
932 8889 974 935 93 0 0 464 44 0 425 0 83 0 0 0 129
933 8897 970 933 91 0 0 464 44 0 427 0 81 0 0 0 129
934 8910 964 927 90 0 0 464 44 0 427 0 81 0 0 0 129
935 8912 961 926 92 0 0 464 44 0 429 0 79 0 0 0 129
936 8931 951 917 92 0 0 464 44 0 430 0 78 0 0 0 129
937 8940 948 912 91 0 0 466 42 0 430 0 78 0 0 0 129
938 8930 952 917 92 0 0 465 43 0 430 0 78 0 0 0 129
939 8921 957 922 91 0 0 465 43 0 430 0 78 0 0 0 129
940 8912 962 926 91 0 0 466 42 0 430 0 78 0 0 0 129
941 8915 962 925 89 0 0 466 42 0 429 0 79 0 0 0 129
942 8912 964 926 89 0 0 466 42 0 428 0 80 0 0 0 129
943 8916 962 924 89 0 0 466 42 0 428 0 80 0 0 0 129
944 8923 959 920 89 0 0 467 41 0 428 0 80 0 0 0 129
945 8927 957 918 89 0 0 466 42 0 427 0 81 0 0 0 129
946 8927 958 918 88 0 0 467 41 0 427 0 81 0 0 0 129
947 8928 957 916 89 0 0 468 40 0 427 0 81 0 0 0 130
948 8937 953 913 87 0 0 468 40 0 428 0 80 0 1 1 128
949 8938 952 912 86 0 0 469 40 0 429 0 80 0 1 1 128
950 8945 949 908 84 0 0 470 40 0 429 0 81 0 1 1 128
951 8949 947 906 84 0 0 470 40 0 429 0 81 0 1 1 128
952 8955 944 904 83 0 0 470 40 0 430 0 80 0 1 1 128
953 8972 936 895 83 0 0 471 39 0 430 0 80 0 1 1 128
954 8983 930 890 83 0 0 471 39 0 431 0 79 0 1 1 128
955 8990 926 887 83 0 0 471 39 0 432 0 78 0 1 1 128
956 8988 926 887 83 0 0 471 40 0 432 0 79 0 1 1 128
957 8990 926 886 82 0 0 472 39 0 432 0 79 0 1 1 128
958 8992 924 888 80 0 0 472 39 0 436 0 75 0 1 1 128
959 8988 926 889 79 0 0 473 39 0 436 0 76 0 1 1 128
960 8997 922 886 77 0 0 472 40 0 436 0 76 0 1 1 128
961 8999 921 885 77 0 0 472 40 0 436 0 76 0 1 1 128
962 8997 922 886 77 0 0 472 40 0 436 0 76 0 1 1 128
963 8996 923 886 77 0 0 472 40 0 435 0 77 0 1 1 128
964 8996 923 886 77 0 0 472 40 0 435 0 77 0 1 1 128
965 8987 928 891 76 0 0 471 41 0 434 0 78 0 1 1 128
966 8982 930 892 78 0 0 471 41 0 433 0 79 0 1 1 128
967 8982 930 892 78 0 0 471 41 0 433 0 79 0 1 1 128
968 8980 931 893 78 0 0 471 41 0 433 0 79 0 1 1 128
969 8979 932 895 76 0 0 471 41 0 434 0 78 0 1 1 128
970 8985 928 892 77 0 0 471 41 0 435 0 77 0 1 1 128
971 8991 925 888 77 0 0 472 40 0 435 0 77 0 1 1 129
972 9009 915 879 78 0 0 471 41 0 435 0 77 0 1 1 129
973 9013 913 877 78 0 0 472 40 0 436 0 76 0 1 1 129
974 9014 913 877 77 0 0 472 40 0 436 0 76 0 1 1 129
975 9025 907 872 77 0 0 472 40 0 437 0 75 0 1 1 129
976 9035 903 869 74 0 0 472 40 0 438 0 74 0 1 1 129
977 9041 901 867 72 0 0 471 41 0 437 0 75 0 1 1 129
978 9046 897 864 74 0 0 471 41 0 438 0 74 0 1 1 129
979 9039 899 867 76 0 0 471 41 0 439 0 73 0 1 1 129
980 9034 901 870 76 0 0 471 41 0 440 0 72 0 1 1 129
981 9041 897 868 75 0 0 471 41 0 442 0 70 0 1 1 129
982 9058 889 859 73 0 0 473 40 0 443 0 70 0 1 1 129
983 9058 889 859 73 0 0 473 40 0 443 0 70 0 1 1 129
984 9065 886 856 72 0 0 473 40 0 443 0 70 0 1 1 129
985 9069 883 854 73 0 0 473 40 0 444 0 69 0 1 1 129
986 9071 881 852 75 0 0 473 40 0 444 0 69 0 1 1 129
987 9070 881 853 75 0 0 472 41 0 444 0 69 0 1 1 129
988 9067 885 858 69 0 0 471 42 0 444 0 69 0 1 1 129
989 9073 882 855 69 0 0 471 42 0 444 0 69 0 1 1 129
990 9073 882 855 69 0 0 471 42 0 444 0 69 0 1 1 129
991 9079 880 852 68 0 0 472 41 0 444 0 69 0 1 1 129
992 9081 880 852 66 0 0 472 41 0 444 0 69 0 1 1 129
993 9090 875 850 64 0 0 471 42 0 446 0 67 0 1 1 129
994 9093 874 849 63 0 0 471 42 0 446 0 67 0 1 1 129
995 9082 878 855 64 0 0 470 43 0 447 0 66 0 1 1 129
996 9086 876 852 64 0 0 470 43 0 446 0 67 0 1 1 130
997 9089 875 850 64 0 0 471 42 0 446 0 67 0 1 1 130
998 9095 874 850 61 1 0 469 42 0 446 0 66 0 1 2 129
999 9108 868 843 61 1 0 470 41 0 446 0 66 0 1 2 129
1000 9104 869 845 61 1 0 471 40 0 448 0 64 0 1 2 130
1001 9106 868 844 61 2 0 470 40 0 448 0 64 0 1 3 129
1002 9107 867 843 62 2 0 470 40 0 448 0 64 0 1 3 129
1003 9108 865 841 65 2 0 470 40 0 448 0 64 0 1 3 129
1004 9109 864 841 65 2 0 470 40 0 449 0 63 0 1 3 129
1005 9114 862 838 65 2 0 471 39 0 449 0 63 0 1 3 129
1006 9119 860 836 64 2 0 471 39 0 449 0 63 0 1 3 129
1007 9116 862 838 63 2 0 471 39 0 449 0 63 0 1 3 129
1008 9123 859 835 62 2 0 471 39 0 449 0 63 0 1 3 129
1009 9125 859 834 61 2 0 472 38 0 449 0 63 0 1 3 129
1010 9136 854 828 61 2 0 473 37 0 449 0 63 0 1 3 129
1011 9139 853 827 60 2 0 473 37 0 449 0 63 0 1 3 129
1012 9151 847 820 59 2 0 474 37 0 449 0 64 0 1 3 129
1013 9155 845 818 59 2 0 475 36 0 450 0 63 0 1 3 129
1014 9164 841 814 58 2 0 475 36 0 450 0 63 0 1 3 129
1015 9165 839 813 60 2 0 475 36 0 451 0 62 0 1 3 129
1016 9164 839 813 61 2 0 475 36 0 451 0 62 0 1 3 129
1017 9174 832 809 62 2 0 473 38 0 452 0 61 0 1 3 129
1018 9173 832 810 62 3 0 472 38 1 452 0 60 0 1 3 129
1019 9185 826 804 62 3 0 472 38 1 452 0 60 0 1 3 129
1020 9205 815 794 63 3 0 472 38 1 453 0 59 0 1 3 129
1021 9215 809 790 63 3 0 471 39 1 454 0 58 0 1 3 129
1022 9230 802 784 61 3 0 471 39 1 455 0 57 0 1 3 129
1023 9241 797 778 61 3 0 473 37 1 456 0 56 0 1 3 129
1024 9242 797 778 60 3 0 473 37 1 456 0 56 0 1 3 129
1025 9235 801 782 59 3 0 473 37 1 456 0 56 0 1 3 129
1026 9237 799 779 62 3 0 474 36 1 456 0 56 0 1 3 129
1027 9235 800 779 63 3 0 475 35 1 456 0 56 0 1 3 129
1028 9242 796 775 64 3 0 475 35 1 456 0 56 0 1 3 129
1029 9238 798 777 64 3 0 475 35 1 456 0 56 0 1 3 129
1030 9245 794 773 65 3 0 475 35 1 456 0 56 0 1 3 129
1031 9246 794 773 64 3 0 475 35 1 456 0 56 0 1 3 129
1032 9249 793 771 64 3 0 477 33 1 457 0 55 0 1 3 129
1033 9257 789 767 64 3 0 477 33 1 457 0 55 0 1 3 129
1034 9263 786 764 64 3 0 477 33 1 457 0 55 0 1 3 129
1035 9265 786 764 62 3 0 477 33 1 457 0 55 0 2 4 127
1036 9272 783 760 62 3 0 477 33 1 456 0 56 0 2 4 127
1037 9268 786 762 60 3 0 478 32 1 456 0 56 0 2 4 128
1038 9266 787 763 60 3 0 478 32 1 456 0 56 0 2 4 128
1039 9274 783 760 59 3 0 478 32 1 457 0 55 0 2 4 128
1040 9277 782 758 59 3 0 479 31 1 457 0 55 0 2 4 128
1041 9277 782 760 57 3 0 478 32 1 458 0 54 0 2 4 128
1042 9269 786 764 57 3 0 478 32 1 458 0 54 0 2 4 128
1043 9272 785 763 56 3 0 478 32 1 458 0 54 0 2 4 128
1044 9287 778 757 54 3 0 479 31 1 460 0 52 0 2 4 128
1045 9288 778 757 53 3 0 479 31 1 460 0 52 0 2 4 128
1046 9301 771 750 52 3 0 480 31 1 461 0 52 0 2 4 128
1047 9303 770 749 52 3 0 480 31 1 461 0 52 0 2 4 128
1048 9313 765 744 52 3 0 480 31 1 461 0 52 0 2 4 128
1049 9320 761 741 52 3 0 479 32 1 461 0 52 0 2 4 128
1050 9323 760 739 52 3 0 480 31 1 461 0 52 0 2 4 128
1051 9326 759 737 52 3 0 480 31 1 460 0 53 0 2 4 128
1052 9335 755 733 51 3 0 480 31 1 460 0 53 0 2 4 128
1053 9345 750 728 51 3 0 480 31 1 460 0 53 0 2 4 128
1054 9351 747 725 51 3 0 480 31 1 460 0 53 0 2 4 128
1055 9353 745 724 52 3 0 480 31 1 461 0 52 0 2 4 128
1056 9355 744 723 52 3 0 480 31 1 461 0 52 0 2 4 128
1057 9357 742 721 54 3 0 480 31 1 461 0 52 0 2 4 128
1058 9355 743 722 54 3 0 480 31 1 461 0 52 0 2 4 128
1059 9352 744 724 54 3 0 479 32 1 461 0 52 0 2 4 128
1060 9353 743 723 55 3 0 479 32 1 461 0 52 0 2 4 128
1061 9361 739 720 54 3 0 479 32 1 462 0 51 0 2 4 128
1062 9363 737 720 54 3 0 479 32 1 464 0 49 0 2 4 128
1063 9362 738 721 53 3 0 479 32 1 464 0 49 0 2 4 128
1064 9367 736 719 52 3 0 479 32 1 464 0 49 0 2 4 128
1065 9375 732 715 52 3 0 479 32 1 464 0 49 0 2 4 128
1066 9378 729 712 55 3 0 479 32 1 464 0 49 0 2 4 128
1067 9383 727 710 54 3 0 479 32 1 464 0 49 0 2 4 128
1068 9386 725 708 55 3 0 479 31 1 464 0 48 0 2 4 130
1069 9393 720 703 58 3 0 479 31 1 464 0 48 0 2 4 130
1070 9400 716 698 58 3 0 480 31 1 464 0 49 0 2 4 130
1071 9401 716 698 57 3 0 480 31 1 464 0 49 0 2 4 130
1072 9404 715 697 56 3 0 480 31 1 464 0 49 0 2 4 130
1073 9408 713 695 56 3 0 480 31 1 464 0 49 0 2 4 130
1074 9411 711 694 56 3 0 480 31 1 465 0 48 0 2 4 130
1075 9413 711 693 55 3 0 480 31 1 464 0 49 0 2 4 130
1076 9424 704 689 55 3 0 480 31 1 467 0 46 0 2 4 130
1077 9425 703 688 56 3 0 480 31 1 467 0 46 0 2 4 130
1078 9427 701 686 58 3 0 480 31 1 467 0 46 0 2 4 130
1079 9435 697 683 57 3 0 480 31 1 468 0 45 0 2 4 130
1080 9447 692 677 56 3 0 481 30 1 468 0 45 0 2 4 130
1081 9444 694 679 55 3 0 481 30 1 468 0 45 0 2 4 130
1082 9450 691 676 55 3 0 481 30 1 468 0 45 0 2 4 130
1083 9452 690 675 55 3 0 481 30 1 468 0 45 0 2 4 130
1084 9462 685 669 54 3 0 482 30 1 468 0 46 0 2 4 130
1085 9467 683 667 53 3 0 482 30 1 468 0 46 0 2 4 130
1086 9469 681 667 53 3 0 482 30 1 470 0 44 0 2 4 130
1087 9468 681 668 53 3 0 481 31 1 470 0 44 0 2 4 130
1088 9474 678 666 52 3 0 480 32 1 470 0 44 0 2 4 130
1089 9479 676 664 51 3 0 480 32 1 470 0 44 0 2 4 130
1090 9487 672 660 51 3 0 480 32 1 470 0 44 0 2 4 130
1091 9490 670 659 51 3 0 480 32 1 471 0 43 0 2 4 130
1092 9495 668 656 51 3 0 480 32 1 470 0 44 0 2 4 130
1093 9498 666 655 51 3 0 479 33 1 470 0 44 0 2 4 130
1094 9495 668 656 51 3 0 480 32 1 470 0 44 0 2 4 130
1095 9504 663 652 51 3 0 479 33 1 470 0 44 0 2 4 130
1096 9506 663 651 50 3 0 480 32 1 470 0 44 0 2 4 130
1097 9523 655 642 50 3 0 480 32 1 469 0 45 0 2 4 130
1098 9525 653 642 50 3 0 478 34 1 469 0 45 0 2 4 130
1099 9523 655 644 48 3 0 478 34 1 469 0 45 0 2 4 130
1100 9522 656 645 47 3 0 478 34 1 469 0 45 0 2 4 130
1101 9527 654 644 45 3 0 478 34 1 470 0 44 0 2 4 130
1102 9525 655 645 45 3 0 478 34 1 470 0 44 0 2 4 130
1103 9525 653 645 47 3 0 476 36 1 470 0 44 0 2 4 130
1104 9524 654 645 47 3 0 476 36 1 469 0 45 0 2 4 130
1105 9526 652 643 49 3 0 476 36 1 469 0 45 0 2 4 130
1106 9521 654 646 49 3 0 475 37 1 469 0 45 0 2 4 130
1107 9520 654 647 49 3 0 475 37 1 470 0 44 0 2 4 130
1108 9523 653 646 48 3 0 475 37 1 470 0 44 0 2 4 130
1109 9525 653 646 46 3 0 475 37 1 470 0 44 0 2 4 130
1110 9529 651 645 45 3 0 475 37 1 471 0 43 0 2 4 130
1111 9542 645 637 44 3 0 477 36 1 471 0 44 0 2 4 130
1112 9547 642 634 45 3 0 477 36 1 471 0 44 0 2 4 130
1113 9550 640 633 45 3 0 477 36 1 472 0 43 0 2 4 130
1114 9553 638 631 46 3 0 476 37 1 471 0 44 0 2 4 130
1115 9565 633 625 44 3 0 477 36 1 471 0 44 0 2 4 131
1116 9577 627 620 43 3 0 477 36 1 472 0 43 0 2 4 131
1117 9583 625 617 42 3 0 477 36 1 471 0 44 0 2 4 131
1118 9587 623 615 42 3 0 477 36 1 471 0 44 0 2 4 131
1119 9586 624 615 42 3 0 478 35 2 470 0 44 0 3 4 130
1120 9593 621 611 42 3 0 479 34 2 470 0 44 0 3 4 130
1121 9597 618 609 43 3 0 478 35 2 470 0 44 0 3 4 130
1122 9596 617 611 43 3 0 477 36 2 472 0 42 0 3 4 130
1123 9598 617 611 41 3 0 477 36 2 472 0 42 0 3 4 130
1124 9590 621 614 42 3 0 477 36 2 471 0 43 0 3 4 130
1125 9588 622 615 42 3 0 477 36 2 471 0 43 0 3 4 130
1126 9592 620 614 41 3 0 477 36 2 472 0 42 0 3 4 130
1127 9589 622 616 40 3 0 477 36 2 472 0 42 0 3 4 130
1128 9599 617 611 40 3 0 477 36 2 472 0 42 0 3 4 130
1129 9603 616 610 38 3 0 477 36 2 472 0 42 0 3 4 130
1130 9597 619 613 38 3 0 477 36 2 472 0 42 0 3 4 130
1131 9596 620 612 39 3 0 478 35 2 471 0 43 0 3 4 130
1132 9596 619 611 41 3 0 478 35 2 471 0 43 0 3 4 130
1133 9605 615 608 39 3 0 478 35 2 472 0 42 0 3 4 130
1134 9610 612 605 40 3 0 478 35 2 472 0 42 0 3 4 130
1135 9612 611 605 39 3 0 478 35 2 473 0 41 0 3 4 130
1136 9605 614 609 39 3 0 477 36 2 473 0 41 0 3 4 130
1137 9604 615 609 39 3 0 477 36 2 472 0 42 0 3 4 130
1138 9608 613 607 39 4 0 476 36 3 471 0 42 0 3 4 130
1139 9615 609 603 40 4 0 476 36 3 471 0 42 0 3 4 130
1140 9627 603 597 40 4 0 477 35 3 472 0 41 0 3 4 130
1141 9630 602 596 39 4 0 477 35 3 472 0 41 0 3 4 130
1142 9632 601 595 39 4 0 477 35 3 472 0 41 0 3 4 130
1143 9634 600 595 38 4 0 477 35 3 473 0 40 0 3 4 130
1144 9622 606 601 38 4 0 477 35 3 473 0 40 0 3 4 130
1145 9625 605 600 37 4 0 477 35 3 473 0 40 0 3 4 130
1146 9628 603 599 37 4 0 477 35 3 474 0 39 0 3 4 130
1147 9635 601 595 36 4 0 479 33 3 474 0 39 0 3 4 130
1148 9635 601 594 37 4 0 479 33 3 473 0 40 0 3 4 130
1149 9636 599 594 38 4 0 479 33 3 475 0 38 0 3 4 130
1150 9638 599 593 37 4 0 480 32 3 475 0 38 0 3 4 130
1151 9637 600 594 36 4 0 480 32 3 475 0 38 0 3 4 130
1152 9637 600 594 36 4 0 480 32 3 475 0 38 0 3 4 130
1153 9641 598 592 36 4 0 480 32 3 475 0 38 0 3 4 130
1154 9641 599 592 35 4 0 480 32 3 474 0 39 0 3 4 130
1155 9641 600 592 34 4 0 480 32 3 473 0 40 0 3 4 130
1156 9641 600 592 34 4 0 480 32 3 473 0 40 0 3 4 130
1157 9646 598 590 33 4 0 480 32 3 473 0 40 0 3 4 130
1158 9647 598 589 33 4 0 481 31 3 473 0 40 0 3 4 130
1159 9653 595 586 33 4 0 481 31 3 473 0 40 0 3 4 130
1160 9658 592 584 33 4 0 481 31 3 474 0 39 0 3 4 130
1161 9662 590 582 33 4 0 481 31 3 474 0 39 0 3 4 130
1162 9666 589 581 31 4 0 481 31 3 474 0 39 0 3 4 130
1163 9674 585 578 30 4 0 481 31 3 475 0 38 0 3 4 130
1164 9678 582 576 31 4 0 481 31 3 476 0 37 0 3 4 130
1165 9677 582 576 32 5 0 480 31 4 475 0 37 0 3 4 130
1166 9682 580 573 32 5 0 480 31 4 474 0 38 0 3 4 130
1167 9686 578 572 31 5 0 479 32 4 474 0 38 0 3 4 130
1168 9692 575 569 31 5 0 479 32 4 474 0 38 0 3 4 130
1169 9701 572 564 30 5 0 480 31 4 473 0 39 0 3 4 130
1170 9705 569 562 31 5 0 479 32 4 473 0 39 0 3 4 130
1171 9711 567 559 30 5 0 480 31 4 473 0 39 0 3 4 130
1172 9718 563 555 31 5 0 480 31 4 473 0 39 0 3 4 130
1173 9722 561 553 31 5 0 480 31 4 473 0 39 0 3 4 130
1174 9723 560 553 31 5 0 480 31 4 474 0 38 0 3 4 130
1175 9728 558 550 31 5 0 481 30 4 474 0 38 0 3 4 130
1176 9728 558 550 31 5 0 481 30 4 474 0 38 0 3 4 130
1177 9740 552 545 30 5 0 481 30 4 475 0 37 0 3 4 130
1178 9742 551 544 30 5 0 481 30 4 475 0 37 0 3 4 130
1179 9743 551 543 30 5 0 482 29 4 475 0 37 0 3 4 130
1180 9743 551 543 30 5 0 482 29 4 475 0 37 0 3 4 130
1181 9746 550 541 30 5 0 482 29 4 474 0 38 0 3 4 130
1182 9743 551 543 30 5 0 482 29 4 475 0 37 0 3 4 130
1183 9743 552 543 29 5 0 482 29 4 474 0 38 0 3 4 130
1184 9746 550 542 29 5 0 482 29 4 475 0 37 0 3 4 130
1185 9750 548 540 29 5 0 482 29 4 475 0 37 0 3 4 130
1186 9752 547 540 28 5 0 481 30 4 475 0 37 0 3 4 130
1187 9761 543 536 27 5 0 481 30 4 475 0 37 0 3 4 130
1188 9768 540 532 27 5 0 482 29 4 475 0 37 0 3 4 130
1189 9767 541 533 26 5 0 482 29 4 475 0 37 0 3 4 130
1190 9773 538 529 27 5 0 483 28 4 475 0 37 0 3 4 130
1191 9775 537 528 27 5 0 483 28 4 475 0 37 0 3 4 130
1192 9773 538 529 27 5 0 483 28 4 475 0 37 0 3 4 130
1193 9783 533 524 27 5 0 483 28 4 475 0 37 0 3 4 130
1194 9788 531 522 26 5 0 483 28 4 475 0 37 0 3 4 130
1195 9796 527 518 26 5 0 483 28 4 475 0 37 0 3 4 130
1196 9804 523 514 26 5 0 483 28 4 475 0 37 0 3 4 130
1197 9805 523 514 25 5 0 483 28 4 475 0 37 0 3 4 130
1198 9820 515 507 25 5 0 483 28 4 476 0 36 0 3 4 130
1199 9815 518 509 25 5 0 484 27 4 476 0 36 0 3 4 130
1200 9822 515 505 25 5 0 485 26 4 476 0 36 0 3 4 130
1201 9819 516 507 25 6 0 483 27 5 475 0 36 0 3 4 130
1202 9819 516 507 25 6 0 483 27 5 475 0 36 0 3 4 130
1203 9823 514 505 25 6 0 484 26 5 476 0 35 0 3 4 130
1204 9813 519 510 25 6 0 484 26 5 476 0 35 0 3 4 130
1205 9812 519 511 25 6 0 484 26 5 477 0 34 0 3 4 130
1206 9813 518 511 25 6 0 483 27 5 477 0 34 0 3 4 130
1207 9813 518 511 25 6 0 483 27 5 477 0 34 0 3 4 130
1208 9816 517 508 26 6 0 485 25 5 477 0 34 0 3 4 130
1209 9823 514 505 25 6 0 485 25 5 477 0 34 0 3 4 130
1210 9819 516 507 25 6 0 485 25 5 477 0 34 0 3 4 130
1211 9815 518 509 25 6 0 485 25 5 477 0 34 0 3 4 130
1212 9823 514 505 25 6 0 485 25 5 477 0 34 0 3 4 130
1213 9829 511 502 25 6 0 485 25 5 477 0 34 0 3 4 130
1214 9838 506 497 26 6 0 485 25 5 477 0 34 0 3 4 130
1215 9837 506 498 26 6 0 484 26 5 477 0 34 0 3 4 130
1216 9837 506 498 26 6 0 484 26 5 477 0 34 0 3 4 130
1217 9842 504 496 25 6 0 484 26 5 477 0 34 0 3 4 130
1218 9846 502 494 25 6 0 484 26 5 477 0 34 0 3 4 130
1219 9844 503 494 26 6 0 484 26 5 476 0 35 0 3 4 130
1220 9846 502 493 26 6 0 484 26 5 476 0 35 0 3 4 130
1221 9852 499 490 26 6 0 484 26 5 476 0 35 0 3 4 130
1222 9846 502 493 26 6 0 484 26 5 476 0 35 0 3 4 130
1223 9846 502 493 26 6 0 484 26 5 476 0 35 0 3 4 130
1224 9857 496 488 26 6 0 484 26 5 477 0 34 0 3 4 130
1225 9853 498 490 26 7 0 483 26 6 476 0 34 0 3 4 130
1226 9856 497 489 25 7 0 483 26 6 476 0 34 0 3 4 130
1227 9855 498 490 24 7 0 483 26 6 476 0 34 0 3 4 130
1228 9861 495 486 25 7 0 484 25 6 476 0 34 0 3 4 130
1229 9865 494 484 24 7 0 485 24 6 476 0 34 0 3 4 130
1230 9869 492 482 24 7 0 485 24 6 476 0 34 0 3 4 130
1231 9867 493 483 24 7 0 485 24 6 476 0 34 0 3 4 130
1232 9874 490 479 24 7 0 486 23 6 476 0 34 0 3 4 130
1233 9879 488 477 23 7 0 486 23 6 476 0 34 0 3 4 130
1234 9885 485 474 23 7 0 486 23 6 476 0 34 0 3 4 130
1235 9882 487 475 23 7 0 486 23 6 475 0 35 0 3 4 130
1236 9873 493 479 22 7 0 487 22 6 474 0 36 0 3 4 130
1237 9872 493 479 23 7 0 487 22 6 474 0 36 0 3 4 130
1238 9873 493 479 22 7 0 487 22 6 474 0 36 0 3 4 130
1239 9875 492 478 22 7 0 487 22 6 474 0 36 0 3 4 130
1240 9881 489 476 21 7 0 487 22 6 475 0 35 0 3 4 130
1241 9883 488 475 21 7 0 487 22 6 475 0 35 0 3 4 130
1242 9879 489 477 22 7 0 487 22 6 476 0 34 0 3 4 130
1243 9877 490 478 22 7 0 487 22 6 476 0 34 0 3 4 130
1244 9882 488 476 21 7 0 488 21 6 477 0 33 0 3 4 130
1245 9888 486 472 21 7 0 489 20 6 476 0 34 0 3 4 130
1246 9883 488 475 21 7 0 489 20 6 477 0 33 0 3 4 130
1247 9881 489 476 21 7 0 489 20 6 477 0 33 0 3 4 130
1248 9880 490 477 20 7 0 489 20 6 477 0 33 0 3 4 130
1249 9880 490 477 20 7 0 489 20 6 477 0 33 0 3 4 130
1250 9889 485 473 20 7 0 489 20 6 478 0 32 0 3 4 130
1251 9887 486 474 20 7 0 489 20 6 478 0 32 0 3 4 130
1252 9885 488 475 19 7 0 490 19 6 478 0 32 0 3 4 130
1253 9890 486 473 18 7 0 489 20 6 477 0 33 0 3 4 130
1254 9892 485 472 18 7 0 489 20 6 477 0 33 0 3 4 130
1255 9900 481 468 18 7 0 489 20 6 477 0 33 0 3 4 130
1256 9904 479 466 18 7 0 489 20 6 477 0 33 0 3 4 130
1257 9899 482 469 17 7 0 489 20 6 477 0 33 0 3 4 130
1258 9911 476 463 17 7 0 489 20 6 477 0 33 0 3 4 130
1259 9909 477 464 17 7 0 489 20 6 477 0 33 0 3 4 130
1260 9910 477 463 17 7 0 489 20 6 476 0 34 0 3 4 130
1261 9912 476 462 17 8 0 488 20 6 476 0 34 0 3 5 129
1262 9918 473 459 17 8 0 488 20 6 476 0 34 0 3 5 129
1263 9913 476 462 16 8 0 488 20 6 476 0 34 0 3 5 129
1264 9916 475 461 15 8 0 488 20 6 476 0 34 0 3 5 129
1265 9918 474 460 15 8 0 488 20 6 476 0 34 0 3 5 129
1266 9923 471 458 15 8 0 488 20 6 477 0 33 0 3 5 129
1267 9927 469 456 15 8 0 488 20 6 477 0 33 0 3 5 129
1268 9935 465 452 15 8 0 488 20 6 477 0 33 0 3 5 129
1269 9937 462 452 16 9 0 485 22 7 477 0 32 0 3 5 129
1270 9945 458 448 16 9 0 485 22 7 477 0 32 0 3 5 129
1271 9952 454 445 16 9 0 485 22 7 478 0 31 0 3 5 129
1272 9951 454 446 16 9 0 484 23 7 478 0 31 0 3 5 129
1273 9953 453 444 17 9 0 484 23 7 477 0 32 0 3 5 129
1274 9953 453 444 17 9 0 484 23 7 477 0 32 0 3 5 129
1275 9952 454 444 17 9 0 485 22 7 477 0 32 0 3 5 129
1276 9956 452 442 17 10 0 484 22 7 477 0 32 0 3 6 128
1277 9957 452 442 16 11 0 483 22 7 477 0 32 0 3 7 127
1278 9961 450 440 16 11 0 483 22 7 477 0 32 0 3 7 127
1279 9963 449 439 16 11 0 483 22 7 477 0 32 0 3 7 127
1280 9969 446 436 16 11 0 483 22 7 477 0 32 0 3 7 127
1281 9967 447 437 16 11 0 483 22 7 477 0 32 0 3 7 127
1282 9971 445 435 16 11 0 483 22 7 477 0 32 0 3 7 127
1283 9973 444 434 16 11 0 483 22 7 477 0 32 0 3 7 127
1284 9970 446 436 15 11 0 483 22 7 477 0 32 0 3 7 127
1285 9969 447 436 15 11 0 483 22 7 476 0 33 0 3 7 127
1286 9971 446 435 15 11 0 483 22 7 476 0 33 0 3 7 127
1287 9973 445 434 15 11 0 483 22 7 476 0 33 0 3 7 127
1288 9978 443 431 15 11 0 484 21 7 476 0 33 0 3 7 127
1289 9984 440 428 15 11 0 484 21 7 476 0 33 0 3 7 127
1290 9983 441 429 14 11 0 484 21 7 476 0 33 0 3 7 127
1291 9979 443 431 14 11 0 484 21 7 476 0 33 0 3 7 127
1292 9987 439 426 14 11 0 485 20 7 476 0 33 0 3 7 128
1293 9987 439 426 14 11 0 485 20 7 476 0 33 0 3 7 128
1294 9992 436 423 15 11 0 485 20 7 476 0 33 0 3 7 128
1295 9996 434 421 15 11 0 485 20 7 476 0 33 0 3 7 128
1296 10001 431 419 15 11 0 485 20 7 477 0 32 0 3 7 128
1297 10005 429 417 15 11 0 485 20 7 477 0 32 0 3 7 128
1298 10013 425 413 15 11 0 485 20 7 477 0 32 0 3 7 128
1299 10015 424 412 15 11 0 485 20 7 477 0 32 0 3 7 128
1300 10019 422 410 15 11 0 485 20 7 477 0 32 0 3 7 128
1301 10017 423 411 15 11 0 485 20 7 477 0 32 0 3 7 128
1302 10015 424 412 15 11 0 485 20 7 477 0 32 0 3 7 128
1303 10010 427 415 14 11 0 485 20 7 477 0 32 0 3 7 128
1304 10010 427 415 14 11 0 485 20 7 477 0 32 0 3 7 128
1305 10016 425 412 13 11 0 486 19 7 477 0 32 0 3 7 128
1306 10023 422 408 13 11 0 487 18 7 477 0 32 0 3 7 128
1307 10024 421 408 13 10 1 487 18 7 477 0 32 0 3 7 128
1308 10028 419 406 13 11 1 486 18 8 476 0 32 0 3 7 128
1309 10024 421 408 13 11 1 486 18 8 476 0 32 0 3 7 128
1310 10022 422 409 13 11 1 486 18 8 476 0 32 0 3 7 128
1311 10024 421 408 13 11 1 486 18 8 476 0 32 0 3 7 128
1312 10035 416 403 12 11 1 486 18 8 476 0 32 0 3 7 128
1313 10044 411 399 12 11 1 486 18 8 477 0 31 0 3 7 128
1314 10042 412 400 12 11 1 486 18 8 477 0 31 0 3 7 128
1315 10042 412 400 12 11 1 486 18 8 477 0 31 0 3 7 128
1316 10043 412 399 12 11 1 487 17 8 477 0 31 0 3 7 128
1317 10043 412 399 12 11 1 487 17 8 477 0 31 0 3 7 128
1318 10047 410 397 12 11 1 487 17 8 477 0 31 0 3 7 128
1319 10048 409 397 12 12 1 485 18 9 476 0 31 0 3 7 128
1320 10054 406 393 13 12 1 486 17 9 476 0 31 0 3 7 128
1321 10058 404 390 14 12 1 487 16 9 476 0 31 0 3 7 128
1322 10065 401 386 14 12 1 488 15 9 476 0 31 0 3 7 128
1323 10062 403 387 14 12 1 488 15 9 475 0 32 0 3 7 128
1324 10061 404 387 14 12 1 488 15 9 474 0 33 0 3 7 128
1325 10063 403 386 14 12 1 488 15 9 474 0 33 0 3 7 128
1326 10059 405 388 14 12 1 488 15 9 474 0 33 0 3 7 128
1327 10065 402 385 14 12 1 488 15 9 474 0 33 0 3 7 128
1328 10060 405 387 14 12 1 488 15 9 473 0 34 0 3 7 128
1329 10066 402 384 14 12 1 488 15 9 473 0 34 0 3 7 128
1330 10065 402 385 14 12 1 488 15 9 474 0 33 0 3 7 128
1331 10064 402 386 14 12 1 487 16 9 474 0 33 0 3 7 128
1332 10065 402 386 13 12 1 487 16 9 474 0 33 0 3 7 128
1333 10066 401 385 14 12 1 487 16 9 474 0 33 0 3 7 128
1334 10070 398 384 14 12 1 486 17 9 475 0 32 0 3 7 128
1335 10071 397 383 15 12 1 486 17 9 475 0 32 0 3 7 128
1336 10081 392 378 15 12 1 486 17 9 475 0 32 0 3 7 128
1337 10080 393 378 15 12 1 486 17 9 474 0 33 0 3 7 128
1338 10080 393 378 15 12 1 486 17 9 474 0 33 0 3 7 128
1339 10084 391 376 15 12 1 486 17 9 474 0 33 0 3 7 128
1340 10090 389 374 13 12 1 486 17 9 474 0 33 0 3 7 128
1341 10093 388 373 12 12 1 486 17 9 474 0 33 0 3 7 128
1342 10092 389 373 12 12 1 486 17 9 473 0 34 0 3 7 128
1343 10094 388 372 12 12 1 486 17 9 473 0 34 0 3 7 128
1344 10087 391 376 12 12 1 485 18 9 473 0 34 0 3 7 128
1345 10089 390 375 12 12 1 485 18 9 473 0 34 0 3 7 128
1346 10094 388 371 13 12 1 485 18 9 471 0 36 0 3 7 128
1347 10095 387 371 13 12 1 485 18 9 472 0 35 0 3 7 128
1348 10091 389 373 13 12 1 485 18 9 472 0 35 0 3 7 128
1349 10093 388 373 12 12 1 485 18 9 473 0 34 0 3 7 128
1350 10092 388 373 13 12 1 485 18 9 473 0 34 0 3 7 128
1351 10086 390 377 13 12 1 483 20 9 473 0 34 0 3 7 128
1352 10083 391 378 14 12 1 483 20 9 473 0 34 0 3 7 128
1353 10081 392 379 14 12 1 483 20 9 473 0 34 0 3 7 128
1354 10089 388 375 14 12 1 483 20 9 473 0 34 0 3 7 128
1355 10084 391 378 13 12 1 483 20 9 473 0 34 0 3 7 128
1356 10082 392 379 13 12 1 483 20 9 473 0 34 0 3 7 128
1357 10082 392 379 13 12 1 483 20 9 473 0 34 0 3 7 128
1358 10086 390 377 13 12 1 483 20 9 473 0 34 0 3 7 128
1359 10091 387 375 13 12 1 483 20 9 474 0 33 0 3 7 128
1360 10091 387 375 13 12 1 483 20 9 474 0 33 0 3 7 128
1361 10094 385 373 14 12 1 484 19 9 475 0 32 0 3 7 128
1362 10096 384 372 14 12 1 484 19 9 475 0 32 0 3 7 128
1363 10096 384 372 14 13 1 483 19 10 474 0 32 0 3 7 128
1364 10097 383 372 14 13 1 483 19 10 475 0 31 0 3 7 128
1365 10099 382 371 14 13 1 483 19 10 475 0 31 0 3 7 128
1366 10103 380 369 14 14 1 482 19 11 474 0 31 0 3 7 128
1367 10105 379 368 14 14 1 482 19 11 474 0 31 0 3 7 128
1368 10109 377 366 14 14 1 482 19 11 474 0 31 0 3 7 128
1369 10105 379 368 14 14 1 482 19 11 474 0 31 0 3 7 128
1370 10109 378 367 12 14 1 482 19 11 474 0 31 0 3 7 128
1371 10115 375 364 12 14 1 482 19 11 474 0 31 0 3 7 128
1372 10117 374 363 12 14 1 482 19 11 474 0 31 0 3 7 128
1373 10115 375 364 12 14 1 482 19 11 474 0 31 0 3 7 128
1374 10115 375 364 12 14 1 482 19 11 474 0 31 0 3 7 128
1375 10121 372 361 12 14 1 482 19 11 474 0 31 0 3 7 128
1376 10122 371 361 12 14 1 482 19 11 475 0 30 0 3 7 128
1377 10122 372 360 12 15 0 483 18 11 475 0 30 0 3 7 128
1378 10120 373 361 12 15 0 483 18 11 475 0 30 0 3 7 128
1379 10119 373 362 12 15 0 482 19 11 475 0 30 0 3 7 128
1380 10123 371 360 12 15 0 482 19 11 475 0 30 0 3 7 128
1381 10126 370 359 11 15 0 482 19 11 475 0 30 0 3 7 128
1382 10126 370 359 11 15 0 482 19 11 475 0 30 0 3 7 128
1383 10124 371 360 11 15 0 482 19 11 475 0 30 0 3 7 128
1384 10124 371 360 11 15 0 482 19 11 475 0 30 0 3 7 128
1385 10118 374 363 11 15 0 482 19 11 475 0 30 0 3 7 128
1386 10114 376 365 11 15 0 482 19 11 475 0 30 0 3 7 128
1387 10113 376 365 12 15 0 482 19 11 475 0 30 0 3 7 128
1388 10109 378 367 12 15 0 482 19 11 475 0 30 0 3 7 128
1389 10109 378 367 12 15 0 482 19 11 475 0 30 0 3 7 128
1390 10109 378 367 12 15 0 482 19 11 475 0 30 0 3 7 128
1391 10114 376 365 11 15 0 482 19 11 475 0 30 0 3 7 128
1392 10118 374 363 11 15 0 482 19 11 475 0 30 0 3 7 128
1393 10119 373 362 10 15 0 482 20 11 475 0 31 0 3 7 128
1394 10121 372 361 10 15 0 482 20 11 475 0 31 0 3 7 128
1395 10123 371 360 10 15 0 482 20 11 475 0 31 0 3 7 128
1396 10127 369 358 10 15 0 482 20 11 475 0 31 0 3 7 128
1397 10132 366 356 10 15 0 481 21 11 475 0 31 0 3 7 128
1398 10133 366 355 10 16 0 481 20 12 474 0 31 0 3 7 128
1399 10131 367 356 10 16 0 481 20 12 474 0 31 0 3 7 128
1400 10135 365 354 10 16 0 481 20 12 474 0 31 0 3 7 128
1401 10135 365 354 10 16 0 481 20 12 474 0 31 0 3 7 128
1402 10139 363 352 10 16 0 481 20 12 474 0 31 0 3 7 128
1403 10140 362 352 10 16 0 481 20 12 475 0 30 0 3 7 128
1404 10143 360 350 11 16 0 481 20 12 475 0 30 0 3 7 128
1405 10141 361 351 11 16 0 481 20 12 475 0 30 0 3 7 128
1406 10145 359 349 11 16 0 481 20 12 475 0 30 0 3 7 128
1407 10152 356 345 11 16 0 482 19 12 475 0 30 0 3 7 128
1408 10150 357 346 11 16 0 482 19 12 475 0 30 0 3 7 128
1409 10157 353 342 12 16 0 482 19 12 475 0 30 0 3 7 128
1410 10155 354 343 12 16 0 482 19 12 475 0 30 0 3 7 128
1411 10157 352 341 14 16 0 482 19 12 475 0 30 0 3 7 128
1412 10161 350 339 14 16 0 482 19 12 475 0 30 0 3 7 128
1413 10164 349 338 13 16 0 482 19 12 475 0 30 0 3 7 128
1414 10170 346 335 13 16 0 482 19 12 475 0 30 0 3 7 128
1415 10172 345 334 13 16 0 482 19 12 475 0 30 0 3 7 128
1416 10174 344 333 13 17 0 481 19 13 474 0 30 0 3 7 128
1417 10180 341 330 13 17 0 481 19 13 474 0 30 0 4 8 126
1418 10186 338 327 13 17 0 481 19 13 474 0 30 0 4 8 126
1419 10183 339 328 14 17 0 481 19 13 474 0 30 0 4 8 126
1420 10185 338 327 14 17 0 481 19 13 474 0 30 0 4 8 126
1421 10187 337 326 14 17 0 481 19 13 474 0 30 0 4 8 126
1422 10185 338 327 14 17 0 481 19 13 474 0 30 0 4 8 126
1423 10183 339 328 14 17 0 481 19 13 474 0 30 0 4 8 126
1424 10183 339 328 14 17 0 481 19 13 474 0 30 0 4 8 126
1425 10183 339 328 14 17 0 481 19 13 474 0 30 0 4 8 126
1426 10183 339 328 14 17 0 481 19 13 474 0 30 0 4 8 126
1427 10182 339 329 14 17 0 481 19 13 475 0 29 0 4 8 126
1428 10188 336 326 14 17 0 481 19 13 475 0 29 0 4 8 126
1429 10198 331 321 14 17 0 481 19 13 475 0 29 0 4 8 126
1430 10197 332 321 14 17 0 481 19 13 474 0 30 0 4 8 126
1431 10205 328 318 13 17 0 481 19 13 475 0 29 0 4 8 126
1432 10203 329 319 13 17 0 481 19 13 475 0 29 0 4 8 126
1433 10207 327 317 13 17 0 481 19 13 475 0 29 0 4 8 126
1434 10202 329 319 14 17 0 481 19 13 475 0 29 0 4 8 126
1435 10202 329 319 14 17 0 481 19 13 475 0 29 0 4 8 126
1436 10205 328 318 13 17 0 481 19 13 475 0 29 0 4 8 126
1437 10206 327 318 13 17 0 481 19 13 476 0 28 0 4 8 126
1438 10206 327 318 13 17 0 481 19 13 476 0 28 0 4 8 126
1439 10208 326 317 13 18 0 480 19 14 475 0 28 0 4 8 126
1440 10215 322 314 13 18 0 480 19 14 476 0 27 0 4 8 126
1441 10217 321 313 13 18 0 480 19 14 476 0 27 0 4 8 126
1442 10226 317 309 12 18 0 480 19 14 476 0 27 0 4 8 126
1443 10226 317 309 12 18 0 480 19 14 476 0 27 0 4 8 126
1444 10232 314 306 12 18 0 480 19 14 476 0 27 0 4 8 126
1445 10235 313 305 11 18 0 480 19 14 476 0 27 0 4 8 126
1446 10239 311 303 11 18 0 480 19 14 476 0 27 0 4 8 126
1447 10239 311 302 12 19 0 480 18 15 475 0 27 0 4 8 126
1448 10235 313 304 12 19 0 480 18 15 475 0 27 0 4 8 126
1449 10239 311 302 12 19 0 480 18 15 475 0 27 0 4 8 126
1450 10233 314 305 12 19 0 480 18 15 475 0 27 0 4 8 126
1451 10238 311 303 12 19 0 480 18 15 476 0 26 0 4 8 126
1452 10246 307 299 12 19 0 480 18 15 476 0 26 0 4 8 126
1453 10248 306 298 12 19 0 480 18 15 476 0 26 0 4 8 126
1454 10249 306 298 11 19 0 480 18 15 476 0 26 0 4 8 126
1455 10246 308 300 10 20 0 479 18 16 475 0 26 0 4 8 126
1456 10248 307 299 10 20 0 479 18 16 475 0 26 0 4 8 126
1457 10245 309 300 10 20 0 480 17 16 475 0 26 0 4 8 126
1458 10245 309 300 10 20 0 480 17 16 475 0 26 0 4 8 126
1459 10247 308 299 10 20 0 480 17 16 475 0 26 0 4 8 126
1460 10251 306 297 10 20 0 480 17 16 475 0 26 0 4 8 126
1461 10249 307 298 10 20 0 480 17 16 475 0 26 0 4 8 126
1462 10251 306 297 10 20 0 480 17 16 475 0 26 0 4 8 126
1463 10250 306 297 11 20 0 480 17 16 475 0 26 0 4 8 126
1464 10252 305 296 11 20 0 480 17 16 475 0 26 0 4 8 126
1465 10254 304 295 11 20 0 480 17 16 475 0 26 0 4 8 126
1466 10249 307 298 10 20 0 480 17 16 475 0 26 0 4 8 126
1467 10259 302 293 10 20 0 480 17 16 475 0 26 0 4 8 126
1468 10265 299 290 10 20 0 480 17 16 475 0 26 0 4 8 126
1469 10266 298 290 10 20 0 479 18 16 475 0 26 0 4 8 126
1470 10265 298 291 10 20 0 479 18 16 476 0 25 0 4 8 126
1471 10269 296 289 10 20 0 479 18 16 476 0 25 0 4 8 126
1472 10267 297 290 10 20 0 479 18 16 476 0 25 0 4 8 126
1473 10267 297 290 10 20 0 479 18 16 476 0 25 0 4 8 126
1474 10265 298 291 10 20 0 479 18 16 476 0 25 0 4 8 126
1475 10272 295 288 9 20 0 479 18 16 476 0 25 0 4 8 126
1476 10274 294 287 9 20 0 479 18 16 476 0 25 0 4 8 126
1477 10278 292 285 9 20 0 479 18 16 476 0 25 0 4 8 126
1478 10284 289 282 9 20 0 479 18 16 476 0 25 0 4 8 126
1479 10278 292 285 9 20 0 479 18 16 476 0 25 0 4 8 126
1480 10274 294 287 9 20 0 479 18 16 476 0 25 0 4 8 126
1481 10280 291 284 9 20 0 479 18 16 476 0 25 0 4 8 126
1482 10282 290 283 9 20 0 479 18 16 476 0 25 0 4 8 126
1483 10282 290 283 9 20 0 479 18 16 476 0 25 0 4 8 126
1484 10281 290 284 9 20 0 479 18 16 477 0 24 0 4 8 126
1485 10283 289 283 9 20 0 479 18 16 477 0 24 0 4 8 126
1486 10278 292 285 9 20 0 479 18 16 476 0 25 0 4 8 126
1487 10278 292 285 9 20 0 479 18 16 476 0 25 0 4 8 126
1488 10286 288 281 9 20 0 479 18 16 476 0 25 0 4 8 126
1489 10289 286 279 10 20 0 479 18 16 476 0 25 0 4 8 126
1490 10289 286 279 10 20 0 479 18 16 476 0 25 0 4 8 126
1491 10291 285 278 10 20 0 479 18 16 476 0 25 0 4 8 126
1492 10288 286 280 10 20 0 479 18 16 477 0 24 0 4 8 126
1493 10288 286 280 10 20 0 479 18 16 477 0 24 0 4 8 126
1494 10290 285 279 10 20 0 479 18 16 477 0 24 0 4 8 126
1495 10292 284 278 10 20 0 479 18 16 477 0 24 0 4 8 126
1496 10296 282 276 10 20 0 479 18 16 477 0 24 0 4 8 126
1497 10292 284 278 10 20 0 479 18 16 477 0 24 0 4 8 126
1498 10294 283 277 10 20 0 479 18 16 477 0 24 0 4 8 126
1499 10298 281 275 10 20 0 479 18 16 477 0 24 0 4 8 126
1500 10302 279 273 10 20 0 479 18 16 477 0 24 0 4 8 126
