0 1979 195 0 0 0 0 0 0 0 0 0 0 0 0 0 0
1 11650 193 193 0 0 0 0 0 0 0 0 0 0 0 0 0
2 11656 190 190 0 0 0 0 0 0 0 0 0 0 0 0 0
3 11659 188 188 1 0 0 0 0 0 0 0 0 0 0 0 0
4 11655 190 190 1 0 0 0 0 0 0 0 0 0 0 0 0
5 11655 190 190 1 0 0 0 0 0 0 0 0 0 0 0 0
6 11655 190 190 1 0 0 0 0 0 0 0 0 0 0 0 0
7 11651 192 192 1 0 0 0 0 0 0 0 0 0 0 0 0
8 11653 191 191 1 0 0 0 0 0 0 0 0 0 0 0 0
9 11651 192 192 1 0 0 0 0 0 0 0 0 0 0 0 0
10 11647 194 194 1 0 0 0 0 0 0 0 0 0 0 0 0
11 11641 197 197 1 0 0 0 0 0 0 0 0 0 0 0 0
12 11641 197 197 1 0 0 0 0 0 0 0 0 0 0 0 0
13 11645 195 195 1 0 0 0 0 0 0 0 0 0 0 0 0
14 11644 196 196 0 0 0 0 0 0 0 0 0 0 0 0 0
15 11648 194 194 0 0 0 0 0 0 0 0 0 0 0 0 0
16 11650 193 193 0 0 0 0 0 0 0 0 0 0 0 0 0
17 11650 193 193 0 0 0 0 0 0 0 0 0 0 0 0 0
18 11650 193 193 0 0 0 0 0 0 0 0 0 0 0 0 0
19 11646 195 195 0 0 0 0 0 0 0 0 0 0 0 0 0
20 11650 193 193 0 0 0 0 0 0 0 0 0 0 0 0 0
21 11650 193 193 0 0 0 0 0 0 0 0 0 0 0 0 0
22 11652 192 192 0 0 0 0 0 0 0 0 0 0 0 0 0
23 11652 192 192 0 0 0 0 0 0 0 0 0 0 0 0 0
24 11650 193 193 0 0 0 0 0 0 0 0 0 0 0 0 0
25 11652 192 192 0 0 0 0 0 0 0 0 0 0 0 0 0
26 11650 193 193 0 0 0 0 0 0 0 0 0 0 0 0 0
27 11650 193 193 0 0 0 0 0 0 0 0 0 0 0 0 0
28 11642 197 197 0 0 0 0 0 0 0 0 0 0 0 0 0
29 11640 198 198 0 0 0 0 0 0 0 0 0 0 0 0 0
30 11640 198 198 0 0 0 0 0 0 0 0 0 0 0 0 0
31 11640 198 198 0 0 0 0 0 0 0 0 0 0 0 0 0
32 11640 198 198 0 0 0 0 0 0 0 0 0 0 0 0 0
33 11632 202 202 0 0 0 0 0 0 0 0 0 0 0 0 0
34 11634 201 201 0 0 0 0 0 0 0 0 0 0 0 0 0
35 11628 204 204 0 0 0 0 0 0 0 0 0 0 0 0 0
36 11628 204 204 0 0 0 0 0 0 0 0 0 0 0 0 0
37 11618 209 209 0 0 0 0 0 0 0 0 0 0 0 0 0
38 11608 214 214 0 0 0 0 0 0 0 0 0 0 0 0 0
39 11602 217 217 0 0 0 0 0 0 0 0 0 0 0 0 0
40 11602 217 217 0 0 0 0 0 0 0 0 0 0 0 0 0
41 11598 219 219 0 0 0 0 0 0 0 0 0 0 0 0 0
42 11594 221 221 0 0 0 0 0 0 0 0 0 0 0 0 0
43 11592 222 222 0 0 0 0 0 0 0 0 0 0 0 0 0
44 11586 225 225 0 0 0 0 0 0 0 0 0 0 0 0 0
45 11571 232 232 1 0 0 0 0 0 0 0 0 0 0 0 0
46 11557 239 239 1 0 0 0 0 0 0 0 0 0 0 0 0
47 11546 244 244 2 0 0 0 0 0 0 0 0 0 0 0 0
48 11536 249 249 2 0 0 0 0 0 0 0 0 0 0 0 0
49 11522 256 256 2 0 0 0 0 0 0 0 0 0 0 0 0
50 11506 264 264 2 0 0 0 0 0 0 0 0 0 0 0 0
51 11494 270 270 2 0 0 0 0 0 0 0 0 0 0 0 0
52 11486 274 274 2 0 0 0 0 0 0 0 0 0 0 0 0
53 11476 279 279 2 0 0 0 0 0 0 0 0 0 0 0 0
54 11468 283 283 2 0 0 0 0 0 0 0 0 0 0 0 0
55 11462 286 286 2 0 0 0 0 0 0 0 0 0 0 0 0
56 11443 295 295 3 0 0 0 0 0 0 0 0 0 0 0 0
57 11435 299 299 3 0 0 0 0 0 0 0 0 0 0 0 0
58 11430 301 301 4 0 0 0 0 0 0 0 0 0 0 0 0
59 11408 312 312 4 0 0 0 0 0 0 0 0 0 0 0 0
60 11395 317 317 7 0 0 0 0 0 0 0 0 0 0 0 0
61 11376 326 326 8 0 0 0 0 0 0 0 0 0 0 0 0
62 11364 332 332 8 0 0 0 0 0 0 0 0 0 0 0 0
63 11348 340 340 8 0 0 0 0 0 0 0 0 0 0 0 0
64 11334 347 347 8 0 0 0 0 0 0 0 0 0 0 0 0
65 11318 355 355 8 0 0 0 0 0 0 0 0 0 0 0 0
66 11301 363 363 9 0 0 0 0 0 0 0 0 0 0 0 0
67 11277 374 374 11 0 0 0 0 0 0 0 0 0 0 0 0
68 11270 377 377 12 0 0 0 0 0 0 0 0 0 0 0 0
69 11251 386 386 13 0 0 0 0 0 0 0 0 0 0 0 0
70 11233 395 395 13 0 0 0 0 0 0 0 0 0 0 0 0
71 11221 401 401 13 0 0 0 0 0 0 0 0 0 0 0 0
72 11206 408 408 14 0 0 0 0 0 0 0 0 0 0 0 0
73 11194 414 414 14 0 0 0 0 0 0 0 0 0 0 0 0
74 11188 417 417 14 0 0 0 0 0 0 0 0 0 0 0 0
75 11172 425 425 14 0 0 0 0 0 0 0 0 0 0 0 0
76 11169 426 426 15 0 0 0 0 0 0 0 0 0 0 0 0
77 11151 435 435 15 0 0 0 0 0 0 0 0 0 0 0 0
78 11139 441 441 15 0 0 0 0 0 0 0 0 0 0 0 0
79 11127 447 447 15 0 0 0 0 0 0 0 0 0 0 0 0
80 11104 458 457 15 0 0 1 0 0 0 0 1 0 0 0 0
81 11077 471 470 16 0 0 1 0 0 0 0 1 0 0 0 0
82 11057 481 480 16 0 0 1 0 0 0 0 1 0 0 0 0
83 11046 487 486 15 0 0 1 0 0 0 0 1 0 0 0 0
84 11037 491 490 16 0 0 1 0 0 0 0 1 0 0 0 0
85 11034 492 491 17 0 0 1 0 0 0 0 1 0 0 0 0
86 11028 495 494 17 0 0 1 0 0 0 0 1 0 0 0 0
87 11015 501 500 18 0 0 1 0 0 0 0 1 0 0 0 0
88 11005 506 505 18 0 0 1 0 0 0 0 1 0 0 0 0
89 10996 511 510 17 0 0 1 0 0 0 0 1 0 0 0 0
90 10979 519 518 18 0 0 1 0 0 0 0 1 0 0 0 0
91 10959 529 527 17 0 0 2 0 0 0 0 2 0 0 0 0
92 10939 539 537 17 0 0 2 0 0 0 0 2 0 0 0 0
93 10927 545 543 17 0 0 2 0 0 0 0 2 0 0 0 0
94 10913 551 549 19 0 0 2 0 0 0 0 2 0 0 0 0
95 10899 558 556 19 0 0 2 0 0 0 0 2 0 0 0 0
96 10890 563 561 18 0 0 2 0 0 0 0 2 0 0 0 0
97 10882 567 564 17 0 0 3 0 0 0 0 3 0 0 0 0
98 10877 569 566 18 0 0 3 0 0 0 0 3 0 0 0 0
99 10872 571 567 18 0 0 4 0 0 0 0 4 0 0 0 0
100 10863 575 571 19 0 0 4 0 0 0 0 4 0 0 0 0
101 10849 583 579 17 0 0 4 0 0 0 0 4 0 0 0 0
102 10845 585 581 17 0 0 4 0 0 0 0 4 0 0 0 0
103 10845 585 581 17 0 0 4 0 0 0 0 4 0 0 0 0
104 10828 592 588 20 0 0 4 0 0 0 0 4 0 0 0 0
105 10826 592 588 22 0 0 4 0 0 0 0 4 0 0 0 0
106 10814 597 593 24 0 0 4 0 0 0 0 4 0 0 0 0
107 10812 598 594 24 0 0 4 0 0 0 0 4 0 0 0 0
108 10815 596 592 25 0 0 4 0 0 0 0 4 0 0 0 0
109 10805 601 597 25 0 0 4 0 0 0 0 4 0 0 0 0
110 10793 606 602 27 0 0 4 0 0 0 0 4 0 0 0 0
111 10778 613 609 28 0 0 4 0 0 0 0 4 0 0 0 0
112 10778 613 609 28 0 0 4 0 0 0 0 4 0 0 0 0
113 10770 617 613 28 0 0 4 0 0 0 0 4 0 0 0 0
114 10761 620 617 30 0 0 4 0 0 1 0 3 0 0 0 0
115 10763 619 616 30 0 0 4 0 0 1 0 3 0 0 0 0
116 10749 626 623 30 0 0 4 0 0 1 0 3 0 0 0 0
117 10746 628 625 29 0 0 4 0 0 1 0 3 0 0 0 0
118 10734 634 631 29 0 0 4 0 0 1 0 3 0 0 0 0
119 10725 639 636 28 0 0 4 0 0 1 0 3 0 0 0 0
120 10721 641 638 28 0 0 4 0 0 1 0 3 0 0 0 0
121 10718 642 639 29 0 0 4 0 0 1 0 3 0 0 0 0
122 10699 652 649 28 0 0 4 0 0 1 0 3 0 0 0 0
123 10684 659 656 29 0 0 4 0 0 1 0 3 0 0 0 0
124 10670 666 663 29 0 0 4 0 0 1 0 3 0 0 0 0
125 10663 669 666 30 0 0 4 0 0 1 0 3 0 0 0 0
126 10640 680 677 31 0 0 4 0 0 1 0 3 0 0 0 0
127 10631 683 680 34 0 0 4 0 0 1 0 3 0 0 0 0
128 10603 697 694 34 0 0 4 0 0 1 0 3 0 0 0 0
129 10592 702 699 35 0 0 4 0 0 1 0 3 0 0 0 0
130 10595 701 698 34 0 0 4 0 0 1 0 3 0 0 0 0
131 10585 706 703 34 0 0 4 0 0 1 0 3 0 0 0 0
132 10578 709 706 35 0 0 4 0 0 1 0 3 0 0 0 0
133 10560 717 714 37 0 0 4 0 0 1 0 3 0 0 0 0
134 10546 725 722 35 0 0 4 0 0 1 0 3 0 0 0 0
135 10530 733 730 35 0 0 4 0 0 1 0 3 0 0 0 0
136 10520 736 733 39 0 0 4 0 0 1 0 3 0 0 0 0
137 10509 741 738 40 0 0 4 0 0 1 0 3 0 0 0 0
138 10503 744 741 40 0 0 4 0 0 1 0 3 0 0 0 0
139 10484 752 749 43 0 0 4 0 0 1 0 3 0 0 0 0
140 10478 755 752 43 0 0 4 0 0 1 0 3 0 0 0 0
141 10464 761 758 45 0 0 4 0 0 1 0 3 0 0 0 0
142 10440 772 769 47 0 0 4 0 0 1 0 3 0 0 0 0
143 10423 780 777 48 0 0 4 0 0 1 0 3 0 0 0 0
144 10413 783 781 51 0 0 4 0 0 2 0 2 0 0 0 0
145 10396 791 789 52 0 0 4 0 0 2 0 2 0 0 0 0
146 10378 799 796 53 0 0 5 0 0 2 0 3 0 0 0 0
147 10365 805 802 54 0 0 5 0 0 2 0 3 0 0 0 0
148 10346 814 811 55 0 0 5 0 0 2 0 3 0 0 0 0
149 10331 821 817 55 0 0 6 0 0 2 0 4 0 0 0 0
150 10316 828 824 56 0 0 6 0 0 2 0 4 0 0 0 0
151 10305 833 829 57 0 0 6 0 0 2 0 4 0 0 0 0
152 10295 837 833 59 0 0 6 0 0 2 0 4 0 0 0 0
153 10284 840 836 64 0 0 6 0 0 2 0 4 0 0 0 0
154 10274 845 841 64 0 0 6 0 0 2 0 4 0 0 0 0
155 10242 861 857 64 0 0 6 0 0 2 0 4 0 0 0 0
156 10223 871 867 63 0 0 6 0 0 2 0 4 0 0 0 0
157 10202 881 877 62 0 0 6 1 0 2 0 5 0 0 0 0
158 10170 894 890 68 0 0 6 1 0 2 0 5 0 0 0 0
159 10150 903 899 70 0 0 6 1 0 2 0 5 0 0 0 0
160 10139 907 903 73 0 0 6 1 0 2 0 5 0 0 0 0
161 10135 910 905 70 0 0 7 1 0 2 0 6 0 0 0 0
162 10132 911 905 70 0 0 8 1 0 2 0 7 0 0 0 0
163 10109 921 915 73 0 0 8 1 0 2 0 7 0 0 0 0
164 10081 934 927 74 0 0 9 1 0 2 0 8 0 0 0 0
165 10056 945 938 77 0 0 9 1 0 2 0 8 0 0 0 0
166 10035 954 947 80 0 0 9 1 0 2 0 8 0 0 0 0
167 10000 969 961 84 0 0 10 1 0 2 0 9 0 0 0 0
168 9983 976 967 86 0 0 11 1 0 2 0 10 0 0 0 0
169 9966 983 974 89 0 0 11 1 0 2 0 10 0 0 0 0
170 9938 996 987 89 0 0 11 2 0 2 0 11 0 0 0 0
171 9902 1012 1002 92 0 0 12 2 0 2 0 12 0 0 0 0
172 9889 1019 1009 91 0 0 12 2 0 2 0 12 0 0 0 0
173 9874 1025 1015 94 0 0 12 2 0 2 0 12 0 0 0 0
174 9847 1035 1025 101 0 0 12 2 0 2 0 12 0 0 0 0
175 9828 1044 1034 102 0 0 12 2 0 2 0 12 0 0 0 0
176 9810 1051 1041 106 0 0 12 2 0 2 0 12 0 0 0 0
177 9790 1059 1050 109 0 0 12 2 0 3 0 11 0 0 0 0
178 9768 1069 1060 111 0 0 12 2 0 3 0 11 0 0 0 0
179 9747 1078 1069 114 0 0 12 2 0 3 0 11 0 0 0 0
180 9733 1085 1076 114 0 0 12 2 0 3 0 11 0 0 0 0
181 9710 1096 1087 115 0 0 12 2 0 3 0 11 0 0 0 0
182 9699 1100 1091 118 0 0 12 2 0 3 0 11 0 0 0 0
183 9676 1110 1099 119 0 0 14 2 0 3 0 13 0 0 0 0
184 9666 1114 1103 121 0 0 14 2 0 3 0 13 0 0 0 0
185 9650 1122 1110 120 0 0 15 2 0 3 0 14 0 0 0 0
186 9644 1125 1113 120 0 0 15 2 0 3 0 14 0 0 0 0
187 9620 1135 1123 124 0 0 15 2 0 3 0 14 0 0 0 0
188 9607 1140 1128 127 0 0 15 2 0 3 0 14 0 0 0 0
189 9603 1140 1125 128 0 0 18 2 0 3 0 17 0 0 0 0
190 9568 1158 1143 127 0 0 18 2 0 3 0 17 0 0 0 0
191 9549 1166 1151 130 0 0 18 2 0 3 0 17 0 0 0 0
192 9542 1169 1153 130 0 0 19 2 0 3 0 18 0 0 0 0
193 9529 1174 1158 133 0 0 19 2 0 3 0 18 0 0 0 0
194 9512 1180 1164 138 0 0 19 2 0 3 0 18 0 0 0 0
195 9497 1185 1169 143 0 0 19 2 0 3 0 18 0 0 0 0
196 9482 1192 1175 143 0 0 20 2 0 3 0 19 0 0 0 0
197 9467 1200 1180 139 0 0 23 2 0 3 0 22 0 0 0 0
198 9448 1210 1188 136 0 0 25 2 0 3 0 24 0 0 0 0
199 9442 1213 1190 135 0 0 26 2 0 3 0 25 0 0 0 0
200 9435 1215 1191 137 0 0 27 2 0 3 0 26 0 0 0 0
201 9427 1218 1193 136 0 0 29 2 0 4 0 27 0 0 0 0
202 9422 1221 1197 134 0 0 29 2 0 5 0 26 0 0 0 0
203 9411 1226 1201 134 0 0 30 2 0 5 0 27 0 0 0 0
204 9408 1227 1200 133 0 0 32 2 0 5 0 29 0 0 0 0
205 9396 1231 1204 137 0 0 32 2 0 5 0 29 0 0 0 0
206 9381 1238 1211 136 0 0 33 2 0 6 0 29 0 0 0 0
207 9372 1241 1213 138 0 0 34 2 0 6 0 30 0 0 0 0
208 9357 1248 1220 139 0 0 34 2 0 6 0 30 0 0 0 0
209 9343 1254 1225 138 0 0 35 3 0 6 0 32 0 0 0 0
210 9336 1258 1227 135 0 0 37 3 0 6 0 34 0 0 0 0
211 9326 1263 1232 135 0 0 37 3 0 6 0 34 0 0 0 0
212 9318 1266 1235 137 0 0 37 3 0 6 0 34 0 0 0 0
213 9325 1261 1230 140 0 0 37 3 0 6 0 34 0 0 0 0
214 9320 1264 1232 136 0 0 38 4 0 6 0 36 0 0 0 0
215 9310 1269 1236 135 0 0 39 4 0 6 0 37 0 0 0 0
216 9306 1271 1238 135 0 0 39 4 0 6 0 37 0 0 0 0
217 9292 1276 1242 138 0 0 40 4 0 6 0 38 0 0 0 0
218 9286 1278 1243 139 0 0 41 4 0 6 0 39 0 0 0 0
219 9284 1278 1243 141 0 0 41 4 0 6 0 39 0 0 0 0
220 9277 1282 1246 139 0 0 42 4 0 6 0 40 0 0 0 0
221 9279 1281 1245 139 0 0 42 4 0 6 0 40 0 0 0 0
222 9268 1286 1250 140 0 0 42 4 0 6 0 40 0 0 0 0
223 9274 1282 1248 140 0 0 42 4 0 8 0 38 0 0 0 0
224 9267 1286 1252 139 0 0 42 4 0 8 0 38 0 0 0 0
225 9259 1289 1254 140 0 0 43 4 0 8 0 39 0 0 0 0
226 9246 1296 1261 139 0 0 43 4 0 8 0 39 0 0 0 0
227 9249 1295 1258 136 0 0 45 4 0 8 0 41 0 0 0 0
228 9232 1304 1266 134 0 0 46 4 0 8 0 42 0 0 0 0
229 9232 1303 1264 135 0 0 47 4 0 8 0 43 0 0 0 0
230 9230 1300 1261 143 0 0 47 4 0 8 0 43 0 0 0 0
231 9223 1303 1263 143 0 0 48 4 0 8 0 44 0 0 0 0
232 9215 1305 1264 146 0 0 49 4 0 8 0 45 0 0 0 0
233 9199 1313 1272 144 0 0 50 4 0 9 0 45 0 0 0 0
234 9208 1309 1268 143 0 0 50 4 0 9 0 45 0 0 0 0
235 9192 1315 1274 147 0 0 50 4 0 9 0 45 0 0 0 0
236 9194 1311 1270 153 0 0 50 4 0 9 0 45 0 0 0 0
237 9189 1312 1271 154 0 0 51 4 0 10 0 45 0 0 0 0
238 9188 1312 1271 155 0 0 51 4 0 10 0 45 0 0 0 0
239 9179 1315 1273 157 0 0 52 4 0 10 0 46 0 0 0 0
240 9178 1315 1273 158 0 0 52 4 0 10 0 46 0 0 0 0
241 9170 1319 1275 156 0 0 54 4 0 10 0 48 0 0 0 0
242 9168 1320 1276 156 0 0 54 4 0 10 0 48 0 0 0 0
243 9161 1324 1278 153 0 0 56 4 0 10 0 50 0 0 0 0
244 9164 1323 1276 153 0 0 57 3 0 10 0 50 0 0 0 0
245 9148 1330 1283 155 0 0 57 3 0 10 0 50 0 0 0 0
246 9142 1332 1286 156 0 0 57 3 0 11 0 49 0 0 0 0
247 9150 1328 1282 156 0 0 57 3 0 11 0 49 0 0 0 0
248 9135 1335 1289 155 0 0 58 3 0 12 0 49 0 0 0 0
249 9129 1337 1294 154 0 0 57 4 0 14 0 47 0 0 0 0
250 9141 1332 1290 151 0 0 57 4 0 15 0 46 0 0 0 0
251 9129 1336 1294 153 0 0 58 4 0 16 0 46 0 0 0 0
252 9136 1332 1290 154 0 0 58 4 0 16 0 46 0 0 0 0
253 9137 1331 1290 154 0 0 58 4 0 17 0 45 0 0 0 0
254 9113 1341 1300 158 0 0 58 4 0 17 0 45 0 0 0 0
255 9088 1350 1309 165 0 0 58 4 0 17 0 45 0 0 0 0
256 9074 1355 1314 169 0 0 58 4 0 17 0 45 0 0 0 0
257 9075 1352 1311 174 0 0 58 4 0 17 0 45 0 0 0 0
258 9046 1365 1323 176 0 0 59 4 0 17 0 46 0 0 0 0
259 9029 1374 1332 171 0 0 59 6 0 17 0 48 0 0 0 0
260 9010 1382 1338 172 0 0 61 6 0 17 0 50 0 0 0 0
261 8998 1386 1340 174 0 0 63 6 0 17 0 52 0 0 0 0
262 8992 1388 1342 174 0 0 64 6 0 18 0 52 0 0 0 0
263 8978 1392 1346 180 0 0 64 6 0 18 0 52 0 0 0 0
264 8976 1391 1344 183 0 0 65 6 0 18 0 53 0 0 0 0
265 8958 1398 1353 185 0 0 65 6 0 20 0 51 0 0 0 0
266 8938 1407 1363 186 0 0 65 6 0 21 0 50 0 0 0 0
267 8916 1417 1372 189 0 0 66 5 0 21 0 50 0 0 0 0
268 8897 1425 1381 191 0 0 66 5 0 22 0 49 0 0 0 0
269 8880 1432 1385 191 0 0 69 5 0 22 0 52 0 0 0 0
270 8860 1440 1393 195 0 0 69 5 0 22 0 52 0 0 0 0
271 8843 1449 1401 191 0 0 70 6 0 22 0 54 0 0 0 0
272 8827 1457 1409 189 0 0 71 6 0 23 0 54 0 0 0 0
273 8819 1460 1410 189 0 0 73 6 0 23 0 56 0 0 0 0
274 8807 1464 1414 193 0 0 73 6 0 23 0 56 0 0 0 0
275 8807 1461 1416 194 0 0 71 8 0 26 0 53 0 0 0 0
276 8798 1465 1418 193 0 0 73 8 0 26 0 55 0 0 0 0
277 8787 1469 1421 195 0 0 74 8 0 26 0 56 0 0 0 0
278 8773 1478 1430 189 0 0 74 9 0 26 0 57 0 0 0 0
279 8752 1487 1438 189 0 0 76 9 0 27 0 58 0 0 0 0
280 8743 1492 1443 188 0 0 76 9 0 27 0 58 0 0 0 0
281 8736 1495 1448 187 0 0 75 10 0 28 0 57 0 0 0 0
282 8737 1493 1444 188 0 0 77 10 0 28 0 59 0 0 0 0
283 8726 1496 1446 192 0 0 78 10 0 28 0 60 0 0 0 0
284 8725 1495 1445 195 0 0 78 10 0 28 0 60 0 0 0 0
285 8715 1499 1448 196 0 0 79 10 0 28 0 61 0 0 0 0
286 8704 1502 1451 201 0 0 79 10 0 28 0 61 0 0 0 0
287 8683 1511 1459 203 0 0 80 10 0 28 0 62 0 0 0 0
288 8684 1510 1458 202 0 0 81 10 0 29 0 62 0 0 0 0
289 8672 1516 1462 200 0 0 83 10 0 29 0 64 0 0 0 0
290 8669 1517 1461 199 0 0 84 11 0 28 0 67 0 0 0 0
291 8665 1519 1463 199 0 0 84 11 0 28 0 67 0 0 0 0
292 8627 1536 1480 203 0 0 84 10 0 28 0 66 0 0 0 2
293 8630 1535 1479 202 0 0 84 10 0 28 0 66 0 0 0 2
294 8635 1532 1475 202 0 0 85 10 0 28 0 67 0 0 0 2
295 8633 1533 1476 200 0 0 86 10 0 29 0 67 0 0 0 2
296 8628 1534 1474 201 0 0 89 9 0 29 0 69 0 0 0 3
297 8622 1537 1476 198 0 0 91 9 0 30 0 70 0 0 0 3
298 8624 1535 1474 200 0 0 91 9 0 30 0 70 0 0 0 3
299 8606 1543 1481 197 0 0 94 9 0 32 0 71 0 0 0 3
300 8601 1544 1482 200 0 0 94 9 0 32 0 71 0 0 0 3
301 8603 1542 1480 202 0 0 94 9 0 32 0 71 0 0 0 3
302 8591 1545 1483 206 0 0 95 9 0 33 0 71 0 0 0 3
303 8598 1542 1479 204 0 0 97 8 0 34 0 71 0 0 0 3
304 8589 1544 1481 209 0 0 97 8 0 34 0 71 0 0 0 3
305 8581 1547 1483 210 0 0 98 8 0 34 0 72 0 0 0 3
306 8578 1548 1482 209 0 0 100 8 0 34 0 74 0 0 0 3
307 8565 1553 1486 211 0 0 101 8 0 34 0 75 0 0 0 3
308 8556 1554 1488 217 0 0 100 9 0 34 0 75 0 0 0 3
309 8554 1553 1487 219 0 0 101 9 0 35 0 75 0 0 0 3
310 8546 1558 1491 214 0 0 103 9 0 36 0 76 0 0 0 3
311 8542 1559 1492 216 0 0 103 9 0 36 0 76 0 0 0 3
312 8532 1564 1499 212 0 0 102 11 0 37 0 76 0 0 0 3
313 8524 1566 1502 213 0 0 103 11 0 39 0 75 0 0 0 3
314 8527 1563 1498 216 0 0 104 10 0 39 0 75 0 0 0 4
315 8513 1570 1504 215 0 0 105 10 0 39 0 76 0 0 0 4
316 8522 1564 1500 216 0 0 105 10 0 41 0 74 0 0 0 4
317 8520 1565 1499 216 0 0 107 9 0 41 0 75 0 0 0 4
318 8520 1565 1499 212 0 0 108 10 0 42 0 76 0 0 0 4
319 8506 1572 1506 212 0 0 108 10 0 42 0 76 0 0 0 4
320 8501 1574 1507 212 0 0 109 10 0 42 0 77 0 0 0 4
321 8502 1570 1507 215 0 0 108 11 0 45 0 74 0 0 0 4
322 8493 1573 1510 218 0 0 108 11 0 45 0 74 0 0 0 4
323 8484 1577 1514 219 0 0 108 11 0 45 0 74 0 0 0 4
324 8480 1577 1514 223 0 0 108 11 0 45 0 74 0 0 0 4
325 8469 1583 1518 219 0 0 110 11 0 45 0 76 0 0 0 5
326 8457 1588 1522 218 0 0 111 12 0 45 0 78 0 0 0 5
327 8469 1583 1515 214 0 0 113 12 0 45 0 80 0 0 0 5
328 8473 1580 1512 216 0 0 113 12 0 45 0 80 0 0 0 5
329 8467 1580 1512 222 0 0 113 12 0 45 0 80 0 0 0 5
330 8466 1578 1512 223 0 0 114 12 0 48 0 78 0 0 0 5
331 8468 1575 1510 226 0 0 114 12 0 49 0 77 0 0 0 5
332 8464 1578 1514 223 0 0 114 12 0 50 0 76 0 0 0 5
333 8449 1584 1519 223 0 0 115 13 0 50 0 78 0 0 0 5
334 8450 1582 1518 225 0 0 115 13 0 51 0 77 0 0 0 5
335 8445 1581 1516 231 0 0 116 13 0 51 0 78 0 0 0 5
336 8440 1583 1518 232 0 0 116 13 0 51 0 78 0 0 0 5
337 8439 1584 1517 229 0 0 118 13 0 51 0 80 0 0 0 5
338 8421 1593 1526 227 0 0 119 13 0 52 0 80 0 0 0 5
339 8416 1595 1528 226 0 0 120 13 0 53 0 80 0 0 0 5
340 8404 1600 1533 226 0 0 120 14 0 53 0 81 0 0 0 5
341 8400 1599 1530 228 0 0 122 15 0 53 0 84 0 0 0 5
342 8385 1604 1533 229 0 0 124 16 0 53 0 87 0 0 0 5
343 8377 1607 1536 229 0 0 124 17 0 53 0 88 0 0 0 5
344 8363 1612 1541 231 0 0 124 18 0 53 0 89 0 0 0 5
345 8339 1621 1551 236 0 0 123 19 0 53 0 89 0 0 0 5
346 8320 1626 1555 242 0 0 124 20 0 53 0 91 0 0 0 5
347 8306 1629 1557 249 0 0 125 20 0 53 0 92 0 0 0 5
348 8300 1631 1558 250 0 0 126 20 0 53 0 93 0 0 0 5
349 8294 1634 1557 246 0 0 130 20 0 53 0 97 0 0 0 5
350 8272 1643 1563 247 0 0 133 20 0 53 0 100 0 0 0 5
351 8279 1637 1558 249 0 0 133 21 0 54 0 100 0 0 0 5
352 8262 1644 1564 251 0 0 134 21 0 54 0 101 0 0 0 5
353 8259 1645 1564 251 0 0 135 21 0 54 0 102 0 0 0 5
354 8251 1649 1567 248 0 0 136 22 0 54 0 104 0 0 0 5
355 8237 1654 1570 251 0 0 138 21 0 54 0 105 0 0 0 6
356 8218 1660 1576 254 0 0 140 21 0 56 0 105 0 0 0 6
357 8201 1667 1581 256 0 0 143 19 0 57 0 105 0 0 0 7
358 8191 1672 1583 255 0 0 146 17 0 57 0 106 0 0 0 9
359 8175 1678 1589 253 0 0 146 20 0 57 0 109 0 0 0 9
360 8178 1675 1586 254 0 0 147 20 0 58 0 109 0 0 0 9
361 8173 1674 1585 257 0 0 149 20 0 60 0 109 0 0 0 9
362 8181 1669 1582 257 0 0 149 20 0 62 0 107 0 0 0 9
363 8158 1677 1590 262 0 0 149 21 0 62 0 108 0 0 0 9
364 8136 1686 1598 261 0 0 149 24 0 61 0 112 0 0 0 9
365 8122 1691 1600 264 0 0 151 24 0 60 0 115 0 0 0 9
366 8122 1690 1598 265 0 0 152 24 0 60 0 116 0 0 0 9
367 8124 1690 1597 262 0 0 153 24 0 60 0 117 0 0 0 9
368 8120 1692 1597 260 0 0 155 24 0 60 0 119 0 0 0 9
369 8114 1695 1599 259 0 0 156 24 0 60 0 120 0 0 0 9
370 8101 1698 1602 266 0 0 156 24 0 60 0 120 0 0 0 9
371 8100 1699 1604 262 0 0 157 24 0 62 0 119 0 0 0 9
372 8092 1702 1605 262 0 0 159 24 0 62 0 121 0 0 0 9
373 8092 1703 1605 257 0 0 160 25 0 62 0 123 0 0 0 9
374 8091 1703 1603 255 0 0 163 24 0 63 0 124 0 0 0 10
375 8093 1700 1600 258 0 0 164 23 0 64 0 123 0 0 0 11
376 8087 1700 1601 263 0 0 164 23 0 65 0 122 0 0 0 11
377 8084 1700 1601 260 0 0 167 23 0 68 0 122 0 0 0 11
378 8076 1700 1603 265 0 0 166 24 0 69 0 121 0 0 0 12
379 8080 1697 1600 267 0 0 166 24 0 69 0 121 0 0 0 12
380 8070 1700 1602 270 0 0 167 24 0 69 0 122 0 0 0 12
381 8065 1701 1603 273 0 0 167 24 0 69 0 122 0 0 0 12
382 8053 1703 1604 280 0 0 168 24 0 69 0 123 0 0 0 12
383 8062 1696 1597 283 0 0 168 25 0 69 0 124 0 0 0 12
384 8064 1695 1595 282 0 0 169 25 0 69 0 125 0 0 0 12
385 8046 1700 1600 288 0 0 169 26 0 69 0 126 0 0 0 12
386 8041 1701 1601 291 0 0 169 26 0 69 0 126 0 0 0 12
387 8024 1707 1606 295 0 0 170 26 0 69 0 127 0 0 0 12
388 8022 1707 1607 294 0 0 171 26 0 71 0 126 0 0 0 12
389 8023 1708 1610 287 0 0 171 27 0 73 0 125 0 0 0 12
390 8020 1708 1610 290 0 0 171 27 0 73 0 125 0 0 0 12
391 8017 1709 1613 289 0 0 171 27 0 75 0 123 0 0 0 12
392 8006 1712 1616 292 0 0 172 27 0 76 0 123 0 0 0 12
393 8006 1714 1619 287 0 0 172 27 0 77 0 122 0 0 0 12
394 8011 1710 1614 289 0 0 173 27 0 77 0 123 0 0 0 12
395 8018 1704 1608 294 0 0 173 27 0 77 0 123 0 0 0 12
396 8029 1699 1604 292 0 0 173 27 0 78 0 122 0 0 0 12
397 8035 1697 1600 287 0 0 175 27 0 78 0 124 0 0 0 13
398 8033 1697 1599 288 0 0 176 27 0 78 0 125 0 0 0 13
399 8027 1699 1599 288 0 0 178 27 0 78 0 127 0 0 0 13
400 8027 1699 1599 288 0 0 178 27 0 78 0 127 0 0 0 13
401 8034 1696 1596 285 0 0 179 27 0 79 0 127 0 0 0 13
402 8045 1690 1591 283 0 0 179 28 0 80 0 127 0 0 0 13
403 8039 1692 1592 286 0 0 180 27 0 80 0 127 0 0 0 13
404 8040 1690 1590 289 0 0 180 27 0 80 0 127 0 0 0 13
405 8036 1693 1593 287 0 0 180 27 0 80 0 127 0 0 0 13
406 8037 1692 1593 287 0 0 180 27 0 81 0 126 0 0 0 13
407 8046 1688 1588 285 0 0 181 27 0 81 0 127 0 0 0 13
408 8039 1692 1592 284 0 0 181 27 0 81 0 127 0 0 0 13
409 8034 1692 1592 287 0 0 182 27 0 82 0 127 0 0 0 13
410 8041 1687 1588 289 0 0 182 27 0 83 0 126 0 0 0 13
411 8036 1689 1589 290 0 0 183 26 0 83 0 126 0 0 0 14
412 8033 1690 1588 285 0 0 186 27 0 84 0 129 0 0 0 14
413 8037 1686 1585 288 0 0 185 28 0 84 0 129 0 0 0 14
414 8031 1689 1588 288 0 0 185 28 0 84 0 129 0 0 0 14
415 8043 1683 1583 287 0 0 185 28 0 85 0 128 0 0 0 14
416 8044 1682 1582 288 0 0 185 28 0 85 0 128 0 0 0 14
417 8036 1685 1586 289 0 0 185 28 0 86 0 127 0 0 0 14
418 8039 1685 1583 283 0 0 187 29 0 85 0 131 0 0 0 14
419 8035 1687 1586 280 0 0 187 30 0 86 0 131 0 0 0 14
420 8027 1693 1592 276 0 0 187 30 0 86 0 131 0 0 0 14
421 8021 1694 1595 276 0 0 188 30 0 89 0 129 0 0 0 14
422 8017 1697 1597 270 0 0 191 29 0 91 0 129 0 0 0 15
423 8023 1692 1595 271 0 0 189 31 0 92 0 128 0 0 0 15
424 8023 1692 1596 266 0 0 189 33 0 93 0 129 0 0 0 15
425 8028 1687 1592 268 0 0 188 35 0 93 0 130 0 0 0 15
426 8027 1686 1593 269 0 0 187 36 0 94 0 129 0 0 0 15
427 8011 1691 1601 272 0 0 186 37 0 96 0 127 0 0 0 15
428 8002 1695 1603 272 0 0 187 37 0 95 0 129 0 0 0 16
429 7998 1697 1605 272 0 0 186 38 0 94 0 130 0 0 0 16
430 7998 1697 1604 273 0 0 187 37 0 94 0 130 0 0 0 16
431 7999 1698 1605 270 0 0 187 37 0 94 0 130 0 0 0 16
432 7998 1698 1601 267 0 0 191 37 0 94 0 134 0 0 0 16
433 8002 1695 1598 267 0 0 192 37 0 95 0 134 0 0 0 16
434 7989 1699 1602 272 0 0 192 37 0 95 0 134 0 0 0 16
435 7995 1697 1598 268 0 0 194 37 0 95 0 136 0 0 0 16
436 8000 1695 1595 268 0 0 195 36 0 95 0 136 0 0 0 16
437 8002 1691 1592 273 0 0 196 35 0 97 0 134 0 0 0 16
438 7999 1691 1589 271 0 0 199 36 0 97 0 138 0 0 0 16
439 7990 1694 1592 272 0 0 200 36 0 98 0 138 0 0 0 16
440 7976 1699 1597 274 0 0 201 36 0 99 0 138 0 0 0 16
441 7969 1703 1598 276 0 0 203 34 0 98 0 139 0 0 0 16
442 7980 1697 1592 277 0 0 203 34 0 98 0 139 0 0 0 16
443 7972 1698 1593 280 0 0 204 34 0 99 0 139 0 0 0 17
444 7953 1706 1601 279 0 0 205 35 0 100 0 140 0 0 0 17
445 7949 1708 1602 278 0 0 206 35 0 100 0 141 0 0 0 17
446 7950 1706 1601 279 0 0 205 36 0 100 0 141 0 0 0 18
447 7937 1711 1606 282 0 0 204 37 0 99 0 142 0 0 0 18
448 7916 1719 1612 287 0 0 206 36 0 99 0 143 0 0 0 18
449 7916 1717 1609 291 0 0 207 35 0 99 0 143 0 0 0 19
450 7894 1728 1617 290 0 0 210 34 0 99 0 145 0 0 0 19
451 7897 1726 1610 291 0 0 215 30 0 99 0 146 0 0 0 22
452 7888 1728 1609 296 0 0 218 28 0 99 0 147 0 0 0 23
453 7882 1728 1609 300 0 0 218 29 0 99 0 148 0 0 0 23
454 7870 1732 1613 304 0 0 218 29 0 99 0 148 0 0 0 23
455 7850 1740 1621 306 0 0 218 30 0 99 0 149 0 0 0 23
456 7845 1744 1624 303 0 0 218 30 0 98 0 150 0 0 0 24
457 7828 1748 1625 305 0 0 223 30 0 100 0 153 0 0 0 24
458 7819 1750 1627 307 0 0 224 30 0 101 0 153 0 0 0 25
459 7816 1750 1627 310 0 0 224 30 0 101 0 153 0 0 0 25
460 7806 1751 1626 314 0 0 226 31 0 101 0 156 0 0 0 25
461 7796 1754 1629 317 0 0 226 31 0 101 0 156 0 0 0 26
462 7781 1759 1636 319 0 0 226 31 0 103 0 154 0 0 0 27
463 7764 1764 1638 323 0 0 229 31 0 103 0 157 0 0 0 27
464 7755 1767 1639 322 0 0 231 32 0 103 0 160 0 0 0 27
465 7739 1772 1642 324 0 0 233 33 0 103 0 163 0 0 0 27
466 7725 1780 1644 322 0 0 237 32 0 101 0 168 0 0 0 27
467 7705 1786 1646 324 0 0 241 33 0 101 0 173 0 0 0 27
468 7689 1791 1650 330 0 0 242 32 0 101 0 173 0 0 0 28
469 7678 1796 1653 328 0 0 244 32 0 101 0 175 0 0 0 29
470 7676 1798 1656 325 0 0 244 32 0 102 0 174 0 0 0 29
471 7666 1803 1659 325 0 0 245 32 0 101 0 176 0 0 0 29
472 7663 1805 1662 320 0 0 245 33 0 102 0 176 0 0 0 30
473 7652 1809 1664 317 0 0 249 33 0 104 0 178 0 0 0 30
474 7634 1818 1673 315 0 0 249 34 0 104 0 179 0 0 0 30
475 7630 1817 1672 319 0 0 250 34 0 105 0 179 0 0 0 30
476 7620 1823 1676 314 0 0 252 34 0 105 0 181 0 0 0 31
477 7623 1817 1670 319 0 0 253 35 0 106 0 182 0 0 0 31
478 7606 1823 1673 320 0 0 256 35 0 106 0 185 0 0 0 32
479 7605 1823 1672 322 0 0 257 34 0 106 0 185 0 0 0 32
480 7595 1827 1674 321 0 0 259 34 0 106 0 187 0 0 0 33
481 7584 1834 1681 318 0 0 258 35 0 105 0 188 0 0 0 33
482 7568 1840 1686 321 0 0 259 35 0 105 0 189 0 0 0 33
483 7572 1836 1681 324 0 0 259 35 0 104 0 190 0 0 0 35
484 7572 1833 1681 322 0 0 259 37 0 107 0 189 0 0 0 36
485 7565 1836 1683 322 0 0 260 37 0 107 0 190 0 0 0 36
486 7548 1843 1689 321 0 0 262 37 0 108 0 191 0 0 0 37
487 7546 1841 1686 326 0 0 263 37 0 108 0 192 0 0 0 37
488 7549 1837 1684 323 0 0 263 40 0 110 0 193 0 0 0 37
489 7542 1837 1686 326 0 0 263 41 0 112 0 192 0 0 0 37
490 7548 1832 1683 326 0 0 264 41 0 115 0 190 0 0 0 37
491 7543 1833 1683 328 0 0 265 41 0 115 0 191 0 0 0 37
492 7532 1837 1686 327 0 0 266 42 0 115 0 193 0 0 0 38
493 7518 1842 1689 328 0 0 268 42 0 115 0 195 0 0 0 39
494 7507 1847 1694 327 0 0 269 42 0 116 0 195 0 0 0 39
495 7499 1848 1696 330 0 0 270 42 0 118 0 194 0 0 0 39
496 7486 1853 1700 332 0 0 271 42 0 118 0 195 0 0 0 39
497 7495 1849 1693 330 0 0 273 42 0 117 0 198 0 0 0 39
498 7487 1852 1697 328 0 0 272 44 0 117 0 199 0 0 0 40
499 7488 1852 1696 326 0 0 273 44 0 117 0 200 0 0 0 40
500 7487 1853 1698 322 0 0 273 45 0 118 0 200 0 0 0 40
501 7483 1852 1699 326 0 0 273 45 0 120 0 198 0 0 0 40
502 7468 1858 1704 328 0 0 274 45 0 120 0 199 0 0 0 40
503 7465 1858 1706 329 0 0 274 45 0 122 0 197 0 0 0 40
504 7471 1854 1702 331 0 0 274 45 0 122 0 197 0 0 0 40
505 7464 1855 1706 333 0 0 274 45 0 125 0 194 0 0 0 40
506 7455 1859 1711 329 0 0 275 46 0 127 0 194 0 0 0 40
507 7453 1857 1711 332 0 0 274 47 0 128 0 193 0 0 0 41
508 7452 1856 1709 332 0 0 276 47 0 129 0 194 0 0 0 41
509 7449 1855 1709 336 0 0 276 47 0 130 0 193 0 0 0 41
510 7460 1849 1703 333 0 0 278 47 0 132 0 193 0 0 0 41
511 7455 1852 1704 332 0 0 280 46 0 132 0 194 0 0 0 41
512 7451 1853 1703 332 0 0 282 46 0 132 0 196 0 0 0 41
513 7449 1853 1701 332 0 0 283 47 0 131 0 199 0 0 0 41
514 7448 1851 1700 333 0 0 284 47 0 133 0 198 0 0 0 42
515 7449 1851 1702 329 0 0 284 47 0 135 0 196 0 0 0 43
516 7466 1844 1695 326 0 0 284 47 0 135 0 196 0 0 0 43
517 7464 1844 1695 326 0 0 284 48 0 135 0 197 0 0 0 43
518 7463 1842 1693 329 0 0 285 48 0 136 0 197 0 0 0 43
519 7470 1840 1692 325 0 0 285 48 0 137 0 196 0 0 0 43
520 7466 1841 1692 326 0 0 286 48 0 137 0 197 0 0 0 43
521 7466 1840 1693 326 0 0 286 48 0 139 0 195 0 0 0 43
522 7471 1837 1690 327 0 0 286 48 0 139 0 195 0 0 0 43
523 7483 1829 1683 328 0 0 286 49 0 140 0 195 0 0 0 43
524 7489 1825 1676 327 0 0 289 49 0 140 0 198 0 0 0 43
525 7483 1827 1680 327 0 0 288 50 0 141 0 197 0 0 0 43
526 7475 1828 1682 328 0 0 288 52 0 142 0 198 0 0 0 43
527 7488 1821 1676 325 0 0 289 52 0 144 0 197 0 0 0 44
528 7503 1812 1671 324 0 0 289 52 0 148 0 193 0 0 0 44
529 7509 1806 1666 329 0 0 289 52 0 149 0 192 0 0 0 44
530 7509 1805 1665 329 0 0 290 52 0 150 0 192 0 0 0 44
531 7509 1804 1664 331 0 0 290 52 0 150 0 192 0 0 0 44
532 7510 1805 1666 327 0 0 290 52 0 151 0 191 0 0 0 44
533 7522 1801 1662 323 0 0 291 51 0 152 0 190 0 0 0 44
534 7511 1807 1668 320 0 0 291 52 0 152 0 191 0 0 0 44
535 7530 1797 1659 320 0 0 290 53 0 152 0 191 0 0 0 44
536 7529 1796 1659 321 0 0 290 53 0 153 0 190 0 0 0 45
537 7530 1795 1658 322 0 0 290 53 0 153 0 190 0 0 0 45
538 7532 1794 1658 321 0 0 290 53 0 154 0 189 0 0 0 45
539 7538 1791 1657 318 0 0 291 52 0 157 0 186 0 0 0 46
540 7535 1793 1658 315 0 0 292 52 0 157 0 187 0 0 0 47
541 7540 1792 1656 311 0 0 293 52 0 157 0 188 0 0 0 47
542 7542 1791 1656 306 0 0 293 54 0 158 0 189 0 0 0 47
543 7542 1792 1655 301 0 0 296 53 0 159 0 190 0 0 0 48
544 7542 1791 1653 304 0 0 296 53 0 158 0 191 0 0 0 48
545 7540 1791 1651 306 0 0 297 53 0 157 0 193 0 0 0 48
546 7534 1791 1654 309 0 0 297 53 0 160 0 190 0 0 0 48
547 7532 1793 1656 307 0 0 297 53 0 160 0 190 0 0 0 48
548 7527 1795 1661 305 0 0 296 54 0 162 0 188 0 0 0 48
549 7527 1796 1662 300 0 0 297 54 0 163 0 188 0 0 0 49
550 7539 1786 1657 303 0 0 296 55 0 167 0 184 0 0 0 49
551 7552 1780 1651 300 0 0 297 55 0 168 0 184 0 0 0 49
552 7565 1772 1644 302 0 0 296 56 0 168 0 184 0 0 0 49
553 7572 1767 1637 305 0 0 297 56 0 167 0 186 0 0 0 49
554 7570 1768 1638 303 0 0 297 57 0 167 0 187 0 0 0 49
555 7575 1767 1639 297 0 0 297 57 0 169 0 185 0 0 0 50
556 7582 1762 1635 299 0 0 296 58 0 169 0 185 0 0 0 50
557 7579 1767 1640 292 0 0 297 57 0 170 0 184 0 0 0 50
558 7583 1766 1639 290 0 0 297 57 0 170 0 184 0 0 0 50
559 7591 1762 1636 289 0 0 297 57 0 171 0 183 0 0 0 50
560 7580 1766 1640 290 0 0 297 58 0 171 0 184 0 0 0 50
561 7583 1763 1637 291 0 0 298 58 0 172 0 184 0 0 0 50
562 7582 1763 1636 293 0 0 298 58 0 171 0 185 0 0 0 50
563 7587 1760 1634 293 0 0 298 58 0 172 0 184 0 0 0 50
564 7607 1752 1627 288 0 0 298 58 0 173 0 183 0 0 0 50
565 7609 1750 1625 289 0 0 299 57 0 174 0 182 0 0 0 51
566 7628 1739 1614 288 0 0 301 57 0 176 0 182 0 0 0 51
567 7639 1732 1609 289 0 0 301 57 0 178 0 180 0 0 0 51
568 7636 1730 1610 293 0 0 300 58 0 180 0 178 0 0 0 51
569 7648 1723 1605 293 0 0 300 58 0 182 0 176 0 0 0 51
570 7658 1716 1599 292 0 0 301 59 0 184 0 176 0 0 0 51
571 7661 1717 1601 286 0 0 300 60 0 184 0 176 0 0 0 51
572 7659 1715 1599 288 0 0 300 62 0 184 0 178 0 0 0 51
573 7659 1714 1599 287 0 0 302 61 0 187 0 176 0 0 0 51
574 7662 1713 1601 281 0 0 301 63 0 189 0 175 0 0 0 51
575 7665 1712 1598 278 0 0 303 63 0 189 0 177 0 0 0 51
576 7670 1709 1596 278 0 0 303 63 0 190 0 176 0 0 0 51
577 7670 1711 1596 276 0 0 305 61 0 190 0 176 0 0 0 51
578 7678 1706 1592 277 0 0 304 62 0 190 0 176 0 0 0 51
579 7658 1715 1601 277 0 0 304 63 0 190 0 177 0 0 0 51
580 7659 1710 1597 285 0 0 304 63 0 191 0 176 0 0 0 51
581 7675 1703 1589 283 0 0 305 62 0 191 0 176 0 0 0 52
582 7678 1701 1587 281 0 0 306 62 0 192 0 176 0 0 0 53
583 7681 1701 1586 277 0 0 308 61 0 193 0 176 0 0 0 53
584 7692 1694 1580 279 0 0 308 61 0 194 0 175 0 0 0 53
585 7705 1687 1573 280 0 0 308 61 0 194 0 175 0 0 0 53
586 7708 1687 1571 277 0 0 309 61 0 193 0 177 0 0 0 53
587 7724 1678 1564 277 0 0 309 61 0 195 0 175 0 0 0 53
588 7726 1677 1563 277 0 0 309 61 0 195 0 175 0 0 0 53
589 7734 1675 1561 273 0 0 309 61 0 195 0 175 0 0 0 53
590 7736 1670 1556 279 0 0 311 60 0 197 0 174 0 0 0 53
591 7742 1665 1551 281 0 0 312 60 0 198 0 174 0 0 0 53
592 7738 1666 1552 282 0 0 312 60 0 198 0 174 0 0 0 54
593 7736 1667 1553 280 0 0 313 60 0 199 0 174 0 0 0 54
594 7742 1662 1550 280 0 0 313 61 0 201 0 173 0 0 0 54
595 7749 1656 1546 282 0 0 312 62 0 202 0 172 0 0 0 55
596 7749 1656 1545 281 0 0 313 62 0 202 0 173 0 0 0 55
597 7766 1644 1536 285 0 0 312 63 0 204 0 171 0 0 0 55
598 7754 1646 1540 287 0 0 313 64 0 207 0 170 0 0 0 55
599 7744 1650 1544 289 0 0 313 64 0 207 0 170 0 0 0 55
600 7757 1647 1541 282 0 0 314 63 0 208 0 169 0 0 0 55
601 7751 1650 1544 280 0 0 314 64 0 208 0 170 0 0 0 55
602 7752 1649 1543 281 0 0 315 63 0 209 0 169 0 0 0 55
603 7746 1651 1546 280 0 0 315 64 0 210 0 169 0 0 0 55
604 7743 1651 1547 282 0 0 316 63 0 212 0 167 0 0 0 55
605 7743 1650 1546 284 0 0 316 63 0 212 0 167 0 0 0 55
606 7737 1651 1548 287 0 0 316 63 0 213 0 166 0 0 0 55
607 7731 1653 1549 288 0 0 318 62 0 214 0 166 0 0 0 55
608 7735 1649 1545 290 0 0 318 63 0 214 0 167 0 0 0 55
609 7742 1644 1544 289 0 0 317 64 0 217 0 164 0 0 0 55
610 7760 1634 1538 287 0 0 317 64 0 221 0 160 0 0 0 55
611 7760 1636 1539 284 0 0 317 64 0 220 0 161 0 0 0 55
612 7757 1635 1538 289 0 0 317 64 0 220 0 161 0 0 0 55
613 7765 1633 1534 285 0 0 319 63 0 220 0 162 0 0 0 55
614 7780 1625 1527 283 0 0 318 65 0 220 0 163 0 0 0 55
615 7776 1628 1530 279 0 0 320 64 0 222 0 162 0 0 0 55
616 7780 1625 1527 281 0 0 321 63 0 223 0 161 0 0 0 55
617 7789 1618 1520 284 0 0 322 63 0 224 0 161 0 0 0 55
618 7795 1615 1517 282 0 0 323 63 0 225 0 161 0 0 0 55
619 7819 1602 1505 282 0 0 323 63 0 226 0 160 0 0 0 56
620 7816 1605 1507 278 0 0 324 63 0 226 0 161 0 0 0 56
621 7832 1598 1500 276 0 0 325 62 1 226 0 160 0 1 0 55
622 7837 1596 1498 275 0 0 325 62 1 226 0 160 0 1 0 55
623 7827 1600 1503 274 0 0 325 63 1 227 0 160 0 1 0 55
624 7835 1596 1500 273 0 0 326 62 1 229 0 158 0 1 0 55
625 7840 1593 1499 272 0 0 325 63 1 230 0 157 0 1 0 55
626 7848 1589 1497 270 0 0 325 63 1 232 0 155 0 1 0 55
627 7840 1593 1499 268 0 0 327 63 1 232 0 157 0 1 0 55
628 7845 1590 1496 267 0 0 327 64 1 232 0 158 0 1 0 55
629 7849 1587 1493 269 0 0 327 64 1 232 0 158 0 1 0 55
630 7856 1583 1489 269 0 0 328 63 1 233 0 157 0 1 0 56
631 7857 1582 1486 271 0 0 329 62 1 232 0 158 0 1 0 57
632 7868 1578 1484 266 0 0 328 63 1 233 0 157 0 1 0 57
633 7880 1570 1477 267 0 0 328 64 1 234 0 157 0 1 0 57
634 7889 1564 1473 268 0 0 328 64 1 236 0 155 0 1 0 57
635 7898 1557 1468 269 0 0 328 65 1 238 0 154 0 1 0 57
636 7904 1555 1463 266 0 0 331 64 1 238 0 156 0 1 0 57
637 7903 1555 1463 267 0 0 332 63 1 239 0 155 0 1 0 57
638 7898 1557 1467 266 0 0 331 64 1 240 0 154 0 1 0 57
639 7894 1557 1468 268 0 0 332 63 1 242 0 152 0 1 0 58
640 7900 1556 1467 264 0 0 331 64 1 241 0 153 0 1 0 58
641 7901 1556 1467 261 0 0 332 64 1 242 0 153 0 1 0 58
642 7896 1558 1469 258 0 0 335 63 1 245 0 152 0 1 0 58
643 7905 1555 1465 256 0 0 335 63 1 244 0 153 0 1 0 58
644 7908 1554 1464 255 0 0 335 63 1 244 0 153 0 1 0 58
645 7912 1551 1460 256 0 0 336 63 1 244 0 154 0 1 0 58
646 7913 1550 1461 255 0 0 336 63 1 246 0 152 0 1 0 58
647 7925 1545 1457 252 0 0 336 63 1 247 0 151 0 1 0 58
648 7937 1538 1451 251 0 0 336 64 1 248 0 151 0 1 0 58
649 7948 1533 1447 247 0 0 336 65 1 249 0 151 0 1 0 58
650 7955 1529 1443 248 0 0 337 64 1 250 0 150 0 1 0 58
651 7975 1522 1436 240 0 0 337 65 1 250 0 151 0 1 0 58
652 7980 1517 1433 239 0 0 338 66 1 253 0 150 0 1 0 58
653 7989 1511 1427 242 0 0 339 65 1 254 0 149 0 1 0 58
654 7994 1507 1425 243 0 0 339 65 1 256 0 147 0 1 0 58
655 7992 1506 1422 247 0 0 340 65 1 255 0 149 0 1 0 58
656 7991 1508 1424 244 0 0 340 65 1 255 0 149 0 1 0 58
657 7981 1512 1427 245 0 0 341 65 1 255 0 150 0 1 0 58
658 7984 1510 1425 246 0 0 341 65 1 255 0 150 0 1 0 58
659 7992 1504 1420 249 0 0 341 65 1 256 0 149 0 1 0 58
660 7998 1500 1418 249 0 0 340 66 1 257 0 148 0 1 0 58
661 8003 1498 1416 248 0 0 340 66 1 257 0 148 0 1 0 58
662 8024 1487 1406 248 0 0 340 66 1 258 0 147 0 1 0 58
663 8039 1479 1402 245 0 0 339 67 1 261 0 144 0 1 0 58
664 8035 1479 1403 246 0 0 339 68 1 262 0 144 0 1 0 58
665 8033 1480 1404 245 0 0 340 67 1 263 0 143 0 1 0 59
666 8035 1479 1403 243 0 0 341 67 1 264 0 143 0 1 0 59
667 8035 1480 1404 241 0 0 342 66 1 265 0 142 0 1 0 59
668 8029 1483 1407 241 0 0 342 66 1 265 0 142 0 1 0 59
669 8039 1478 1401 240 0 0 343 66 1 265 0 143 0 1 0 59
670 8055 1469 1391 243 0 0 345 64 1 266 0 142 0 1 0 59
671 8065 1465 1388 240 0 0 345 64 1 267 0 141 0 1 0 59
672 8069 1464 1387 238 0 0 345 64 1 267 0 141 0 1 0 59
673 8065 1465 1388 240 0 0 344 65 1 266 0 142 0 1 0 59
674 8065 1464 1388 241 0 0 344 65 1 267 0 141 0 1 0 59
675 8071 1464 1388 235 0 0 345 64 1 268 0 140 0 1 0 59
676 8065 1464 1388 239 0 0 344 66 1 267 0 142 0 1 0 59
677 8076 1459 1384 237 0 0 344 66 1 268 0 141 0 1 0 59
678 8092 1450 1377 237 0 0 344 66 1 270 0 139 0 1 0 59
679 8101 1446 1373 236 0 0 345 65 1 271 0 138 0 1 0 59
680 8100 1447 1373 234 0 0 346 65 1 271 0 139 0 1 0 59
681 8106 1444 1371 233 0 0 346 65 1 272 0 138 0 1 0 59
682 8101 1448 1374 231 0 0 346 65 1 271 0 139 0 1 0 59
683 8115 1441 1368 229 0 0 346 65 1 272 0 138 0 1 0 60
684 8129 1433 1362 229 0 0 345 66 1 273 0 137 0 1 0 60
685 8127 1435 1363 228 0 0 346 65 1 273 0 137 0 1 0 60
686 8115 1442 1371 225 0 0 346 65 1 274 0 136 0 1 0 60
687 8121 1440 1368 224 0 0 347 64 1 274 0 136 0 1 0 60
688 8125 1440 1367 219 0 0 348 64 1 274 0 137 0 1 0 60
689 8138 1434 1361 216 0 0 349 64 1 275 0 137 0 1 0 60
690 8143 1433 1359 214 0 0 350 63 1 275 0 137 0 1 0 60
691 8141 1434 1361 213 0 0 350 63 1 276 0 136 0 1 0 60
692 8145 1431 1361 212 0 0 350 63 1 279 0 133 0 1 0 60
693 8145 1429 1360 215 0 0 350 63 1 280 0 132 0 1 0 60
694 8153 1425 1357 214 0 0 350 63 1 281 0 131 0 1 0 60
695 8156 1424 1357 212 0 0 351 62 1 283 0 129 0 1 0 60
696 8166 1421 1354 208 0 0 351 62 1 283 0 129 0 1 0 60
697 8162 1423 1358 206 0 0 350 63 1 284 0 128 0 1 0 60
698 8156 1424 1360 209 0 0 349 64 1 284 0 128 0 1 0 60
699 8166 1419 1352 212 0 0 351 62 1 283 0 129 0 1 0 60
700 8166 1419 1354 210 0 0 351 62 1 285 0 127 0 1 0 60
701 8169 1420 1353 205 0 0 352 62 1 284 0 129 0 1 0 60
702 8174 1421 1355 197 0 0 352 62 1 285 0 128 0 1 0 60
703 8181 1419 1353 194 0 0 352 62 1 285 0 128 0 1 0 60
704 8189 1416 1349 193 0 0 353 61 1 285 0 128 0 1 0 60
705 8197 1412 1343 195 0 0 355 59 1 285 0 128 0 1 0 60
706 8198 1411 1342 196 0 0 355 59 1 285 0 128 0 1 0 60
707 8210 1403 1336 198 0 0 355 59 1 287 0 126 0 1 0 60
708 8208 1404 1339 195 0 0 355 59 1 289 0 124 0 1 0 61
709 8224 1397 1331 194 0 0 355 59 1 288 0 125 0 1 0 61
710 8233 1391 1328 194 0 0 354 60 1 290 0 123 0 1 0 61
711 8238 1387 1326 195 0 0 354 60 1 292 0 121 0 1 0 61
712 8247 1382 1321 196 0 0 354 60 1 292 0 121 0 1 0 61
713 8244 1383 1322 197 0 0 354 60 1 292 0 121 0 1 0 61
714 8254 1376 1316 199 0 0 354 60 1 293 0 120 0 1 0 62
715 8254 1374 1315 202 0 0 354 60 1 294 0 119 0 1 0 62
716 8266 1368 1308 202 0 0 356 58 1 295 0 118 0 1 0 63
717 8269 1367 1307 201 0 0 356 58 1 295 0 118 0 1 0 63
718 8276 1364 1306 198 0 0 356 58 1 297 0 116 0 1 0 63
719 8277 1365 1306 194 0 0 357 58 1 297 0 117 0 1 0 63
720 8276 1364 1306 196 0 0 357 58 1 298 0 116 0 1 0 63
721 8280 1361 1303 198 0 0 357 58 1 298 0 116 0 1 0 63
722 8280 1362 1305 193 0 0 358 58 1 300 0 115 0 1 0 63
723 8287 1359 1303 191 0 0 358 58 1 301 0 114 0 1 0 63
724 8291 1355 1301 191 0 0 358 59 1 303 0 113 0 1 0 63
725 8303 1350 1297 187 0 0 359 58 1 305 0 111 0 1 0 64
726 8298 1351 1298 188 0 0 360 58 1 306 0 111 0 1 0 64
727 8301 1348 1296 188 0 0 361 58 1 308 0 110 0 1 0 64
728 8305 1346 1293 188 0 0 363 56 1 309 0 109 0 1 0 65
729 8322 1337 1286 186 0 0 364 55 1 312 0 106 0 1 0 66
730 8328 1334 1283 186 0 0 365 54 1 313 0 105 0 1 0 66
731 8341 1330 1278 182 0 0 366 53 1 313 0 105 0 1 0 66
732 8356 1324 1271 180 0 0 366 53 1 312 0 106 0 1 0 66
733 8357 1323 1269 182 0 0 367 52 1 312 0 106 0 1 0 66
734 8354 1324 1271 182 0 0 367 52 1 313 0 105 0 1 0 66
735 8354 1323 1271 183 0 0 367 52 1 314 0 104 0 1 0 66
736 8352 1324 1272 183 0 0 367 52 1 314 0 104 0 1 0 66
737 8358 1321 1268 184 0 0 367 52 1 313 0 105 0 1 0 66
738 8350 1325 1271 183 0 0 368 52 1 313 0 106 0 1 0 66
739 8370 1317 1262 180 0 0 370 50 1 314 0 105 0 1 0 66
740 8377 1311 1257 184 0 0 370 50 1 315 0 104 0 1 0 66
741 8376 1311 1258 184 0 0 370 50 1 316 0 103 0 1 0 66
742 8384 1309 1256 180 0 0 370 50 1 316 0 103 0 1 0 66
743 8386 1310 1258 175 0 0 370 50 1 317 0 102 0 1 0 66
744 8387 1308 1256 178 0 0 370 50 1 317 0 102 0 1 0 66
745 8387 1308 1256 178 0 0 370 50 1 317 0 102 0 1 0 66
746 8396 1303 1250 180 0 0 371 49 1 317 0 102 0 1 0 66
747 8400 1300 1249 180 0 0 371 49 1 319 0 100 0 1 0 66
748 8402 1301 1249 175 0 0 372 49 1 319 0 101 0 1 0 66
749 8399 1302 1252 174 0 0 371 50 1 320 0 100 0 1 0 66
750 8395 1304 1253 173 0 0 372 50 1 320 0 101 0 1 0 66
751 8400 1303 1251 171 0 0 373 49 1 320 0 101 0 1 0 66
752 8406 1302 1250 167 1 0 373 48 1 321 1 99 0 1 0 66
753 8401 1304 1253 165 1 0 373 49 1 322 1 99 0 1 0 66
754 8405 1303 1251 162 1 0 374 49 1 322 1 100 0 1 0 66
755 8403 1303 1252 163 1 0 374 49 1 323 1 99 0 1 0 66
756 8419 1296 1245 161 1 0 374 49 1 323 1 99 0 1 0 66
757 8422 1294 1244 161 1 0 374 49 1 324 1 98 0 1 0 66
758 8429 1290 1240 162 1 0 374 49 1 324 1 98 0 1 0 66
759 8439 1287 1237 158 1 0 374 49 1 324 1 98 0 1 0 66
760 8442 1287 1237 155 1 0 374 49 1 324 1 98 0 1 0 66
761 8441 1286 1240 154 1 0 373 50 1 327 1 95 0 1 0 66
762 8445 1285 1238 153 1 0 374 49 1 327 1 95 0 1 0 66
763 8444 1283 1237 157 1 0 374 49 1 328 1 94 0 1 0 66
764 8454 1279 1233 155 1 0 374 49 1 328 1 94 0 1 0 66
765 8468 1270 1228 155 1 0 374 49 1 332 1 90 0 1 0 66
766 8477 1266 1223 154 1 0 375 48 1 332 1 90 0 1 0 67
767 8476 1265 1224 155 1 0 374 49 1 333 1 89 0 1 0 67
768 8486 1258 1218 158 1 0 374 49 1 334 1 88 0 1 0 67
769 8504 1249 1210 157 1 0 374 49 1 335 1 87 0 1 0 67
770 8517 1240 1204 159 1 0 373 50 1 337 1 85 0 1 0 67
771 8523 1237 1200 158 1 0 374 50 1 337 1 86 0 1 0 67
772 8523 1236 1199 160 1 0 374 50 1 337 1 86 0 1 0 67
773 8523 1236 1198 161 1 0 374 50 1 336 1 87 0 1 0 67
774 8522 1236 1198 161 1 0 374 50 1 336 1 87 0 1 0 68
775 8528 1233 1195 161 1 0 374 50 1 336 1 87 0 1 0 68
776 8537 1229 1190 161 1 0 375 49 1 336 1 87 0 1 0 68
777 8545 1223 1185 162 1 0 376 49 1 338 1 86 0 1 0 68
778 8538 1224 1189 164 1 0 374 51 1 339 1 85 0 1 0 68
779 8538 1223 1189 165 1 0 373 52 1 339 1 85 0 1 0 68
780 8539 1223 1191 162 1 0 373 52 1 341 1 83 0 1 0 68
781 8534 1225 1194 162 1 0 372 53 1 341 1 83 0 1 0 68
782 8535 1225 1195 160 1 0 372 53 1 342 1 82 0 1 0 68
783 8533 1227 1197 158 1 0 372 53 1 342 1 82 0 1 0 68
784 8536 1224 1194 161 1 0 372 53 1 342 1 82 0 1 0 68
785 8540 1222 1192 159 1 0 372 54 1 342 1 83 0 1 0 68
786 8547 1218 1190 158 1 0 372 54 1 344 1 81 0 1 0 68
787 8556 1214 1187 156 1 0 372 54 1 345 1 80 0 1 0 68
788 8564 1208 1184 157 1 0 370 56 1 346 1 79 0 1 0 68
789 8571 1206 1183 153 1 0 369 57 1 346 1 79 0 1 0 68
790 8583 1201 1178 151 1 0 369 57 1 346 1 79 0 1 0 68
791 8588 1198 1177 150 1 0 368 58 1 347 1 78 0 1 0 68
792 8597 1194 1173 149 1 0 368 58 1 347 1 78 0 1 0 68
793 8599 1193 1172 149 1 0 369 57 1 348 1 77 0 1 0 68
794 8599 1193 1175 146 1 0 367 59 1 349 1 76 0 1 0 68
795 8613 1186 1170 144 1 0 366 60 1 350 1 75 0 1 0 68
796 8622 1181 1165 145 1 0 366 60 1 350 1 75 0 1 0 68
797 8627 1179 1162 145 1 0 366 60 1 349 1 76 0 1 0 68
798 8648 1168 1151 146 1 0 366 60 1 349 1 76 0 1 0 68
799 8641 1171 1153 148 1 0 366 60 1 348 1 77 0 1 0 68
800 8654 1165 1146 148 1 0 367 59 1 348 1 77 0 1 0 68
801 8667 1160 1141 143 1 0 368 59 1 349 1 77 0 1 0 68
802 8672 1156 1137 146 1 0 368 59 1 349 1 77 0 1 0 68
803 8668 1156 1137 150 1 0 368 59 1 349 1 77 0 1 0 68
804 8664 1159 1139 149 1 0 369 58 1 349 1 77 0 1 0 68
805 8678 1152 1133 148 1 0 370 57 1 351 1 75 0 1 0 68
806 8680 1150 1133 148 1 0 370 57 1 353 1 73 0 1 0 68
807 8692 1145 1128 146 1 0 370 57 1 353 1 73 0 1 0 68
808 8697 1143 1125 146 1 0 371 56 1 353 1 73 0 1 0 68
809 8701 1142 1123 145 1 0 371 56 1 352 1 74 0 1 0 68
810 8703 1142 1122 144 1 0 372 55 1 352 1 74 0 1 0 68
811 8702 1144 1123 142 1 0 373 54 1 352 1 74 0 1 0 68
812 8712 1140 1118 141 1 0 374 53 1 352 1 74 0 1 0 68
813 8710 1140 1118 143 1 0 374 53 1 352 1 74 0 1 0 68
814 8701 1144 1119 145 1 0 376 52 1 351 1 76 0 1 0 68
815 8697 1146 1120 146 1 0 376 52 1 350 1 77 0 1 0 68
816 8698 1146 1121 143 1 0 375 53 1 350 1 77 0 1 0 69
817 8698 1146 1122 142 1 0 375 53 1 351 1 76 0 1 0 69
818 8699 1145 1120 144 1 0 375 53 1 350 1 77 0 1 0 69
819 8699 1145 1118 144 1 0 377 52 1 350 1 78 0 1 0 69
820 8710 1140 1113 143 1 0 377 52 1 350 1 78 0 1 0 69
821 8713 1140 1113 140 1 0 378 51 1 351 1 77 0 1 0 69
822 8719 1136 1110 141 1 0 378 51 1 352 1 76 0 1 0 69
823 8739 1126 1101 140 1 0 378 51 1 353 1 75 0 1 0 69
824 8742 1125 1100 139 1 0 378 51 1 353 1 75 0 1 0 69
825 8739 1127 1100 138 1 0 380 50 1 353 1 76 0 1 0 69
826 8737 1127 1101 139 1 0 380 50 1 354 1 75 0 1 0 69
827 8741 1126 1098 138 1 0 382 48 1 354 1 75 0 1 0 70
828 8735 1128 1101 139 1 0 381 49 1 354 1 75 0 1 0 70
829 8740 1126 1098 139 1 0 382 48 1 354 1 75 0 1 0 70
830 8742 1125 1097 137 1 0 383 48 1 355 1 75 0 1 0 70
831 8741 1126 1098 136 1 0 383 48 1 355 1 75 0 1 0 70
832 8727 1133 1106 135 1 0 382 49 1 355 1 75 0 1 0 70
833 8737 1127 1100 137 1 0 382 49 1 355 1 75 0 1 0 70
834 8751 1121 1093 136 1 0 383 48 1 355 1 75 0 1 0 70
835 8750 1123 1091 133 1 0 386 47 1 354 1 78 0 1 0 70
836 8764 1117 1084 131 1 0 387 46 1 354 1 78 0 1 0 71
837 8774 1114 1080 126 1 0 388 46 1 354 1 79 0 1 0 71
838 8772 1115 1081 125 1 0 388 46 1 354 1 79 0 1 0 72
839 8781 1112 1077 123 1 0 388 46 1 353 1 80 0 1 0 72
840 8788 1109 1071 123 1 0 390 45 1 352 1 82 0 1 0 72
841 8797 1104 1067 123 1 0 390 45 1 353 1 81 0 1 0 72
842 8796 1105 1069 121 1 0 390 45 1 354 1 80 0 1 0 72
843 8811 1097 1063 120 1 0 389 46 1 355 1 79 0 1 0 72
844 8812 1095 1062 122 1 0 388 47 1 355 1 79 0 1 0 72
845 8817 1094 1059 119 1 0 389 47 1 354 1 81 0 1 0 72
846 8809 1098 1062 120 1 1 390 45 1 354 1 81 0 1 1 71
847 8813 1095 1058 122 1 1 392 43 1 355 1 80 0 1 1 72
848 8824 1090 1053 121 1 1 392 43 1 355 1 80 0 1 1 72
849 8825 1090 1053 119 1 1 392 43 1 355 1 80 0 1 1 73
850 8820 1091 1054 122 1 1 392 43 1 355 1 80 0 1 1 73
851 8831 1085 1050 121 1 1 391 44 2 355 0 80 0 1 1 73
852 8833 1083 1048 123 1 1 391 44 2 355 0 80 0 1 1 73
853 8841 1079 1048 119 1 1 390 45 2 358 0 77 0 1 1 73
854 8835 1082 1051 119 1 1 390 45 2 358 0 77 0 1 1 73
855 8839 1079 1052 117 1 1 389 46 2 361 0 74 0 1 1 73
856 8850 1074 1046 117 1 1 390 45 2 361 0 74 0 1 1 73
857 8849 1075 1047 116 1 1 390 45 2 361 0 74 0 1 1 73
858 8856 1072 1043 116 1 1 390 45 2 360 0 75 0 1 1 73
859 8848 1075 1047 117 1 1 389 46 2 360 0 75 0 1 1 73
860 8852 1073 1046 116 1 1 389 46 2 361 0 74 0 1 1 73
861 8851 1072 1045 119 1 1 389 46 2 361 0 74 0 1 1 73
862 8854 1071 1044 118 1 1 389 46 2 361 0 74 0 1 1 73
863 8863 1069 1040 115 1 1 391 44 2 361 0 74 0 1 1 73
864 8873 1064 1035 115 1 1 391 44 2 361 0 74 0 1 1 73
865 8882 1060 1031 114 1 1 392 43 2 362 0 73 0 1 1 73
866 8885 1060 1031 111 1 1 392 43 2 362 0 73 0 1 1 73
867 8895 1055 1027 110 1 1 392 43 2 363 0 72 0 1 1 73
868 8902 1053 1023 109 1 1 393 42 2 362 0 73 0 1 1 73
869 8904 1052 1022 109 1 1 393 42 2 362 0 73 0 1 1 73
870 8911 1049 1019 108 1 1 393 42 2 362 0 73 0 1 1 73
871 8911 1049 1020 107 1 1 393 42 2 363 0 72 0 1 1 73
872 8915 1047 1017 108 1 1 393 42 2 362 0 73 0 1 1 73
873 8922 1043 1013 109 1 1 393 42 2 362 0 73 0 1 1 73
874 8929 1039 1011 108 1 1 392 43 2 363 0 72 0 1 1 73
875 8940 1033 1006 108 1 1 392 43 2 364 0 71 0 1 1 73
876 8950 1028 1001 108 1 1 392 43 2 364 0 71 0 1 1 73
877 8958 1025 999 105 1 1 392 43 2 365 0 70 0 1 1 73
878 8959 1024 999 105 1 1 392 43 2 366 0 69 0 1 1 73
879 8955 1025 1000 105 1 1 392 44 2 366 0 70 0 1 1 73
880 8948 1029 1003 105 1 1 392 44 2 365 0 71 0 1 1 73
881 8948 1029 1003 105 1 1 392 44 2 365 0 71 0 1 1 73
882 8956 1024 999 106 1 1 392 44 2 366 0 70 0 1 1 73
883 8965 1021 995 104 1 1 392 44 2 365 0 71 0 1 1 73
884 8978 1014 989 104 1 1 392 44 2 366 0 70 0 1 1 73
885 8978 1014 989 104 2 1 391 44 3 365 0 70 0 1 1 73
886 8980 1013 987 105 2 1 392 43 3 365 0 70 0 1 1 73
887 8989 1008 984 104 2 1 391 44 3 366 0 69 0 1 1 73
888 8982 1012 988 103 2 1 391 44 3 366 0 69 0 1 1 73
889 8977 1014 992 102 2 1 390 45 3 367 0 68 0 1 1 73
890 8973 1016 994 102 2 1 390 45 3 367 0 68 0 1 1 73
891 8981 1012 991 101 2 1 390 45 3 368 0 67 0 1 1 73
892 8979 1013 992 101 2 1 390 45 3 368 0 67 0 1 1 73
893 8986 1009 989 101 2 1 390 45 3 369 0 66 0 1 1 73
894 9001 1002 982 100 2 1 390 45 3 369 0 66 0 1 1 73
895 9000 1003 983 99 2 1 390 45 3 369 0 66 0 1 1 73
896 9003 1001 981 100 2 1 390 45 3 369 0 66 0 1 1 73
897 9011 997 977 100 2 1 390 45 3 369 0 66 0 1 1 73
898 9011 998 978 98 3 1 389 45 4 368 0 66 0 1 1 73
899 9009 999 979 98 3 1 389 45 4 368 0 66 0 1 1 73
900 9017 996 975 97 3 1 390 44 4 368 0 66 0 1 1 73
901 9018 995 975 97 3 1 389 45 4 368 0 66 0 1 1 73
902 9026 992 972 95 3 1 389 45 4 368 0 66 0 1 1 73
903 9021 994 974 96 3 1 389 45 4 368 0 66 0 1 1 73
904 9023 994 974 94 3 1 390 44 4 369 0 65 0 1 1 73
905 9023 994 974 94 3 1 391 43 4 370 0 64 0 1 1 73
906 9034 989 969 93 3 1 391 43 4 370 0 64 0 1 1 73
907 9037 988 969 91 3 1 390 44 4 370 0 64 0 1 1 73
908 9042 986 967 90 3 1 390 44 4 370 0 64 0 1 1 73
909 9043 986 966 90 3 1 391 43 4 370 0 64 0 1 1 73
910 9044 985 966 90 3 1 391 43 4 371 0 63 0 1 1 73
911 9049 982 963 91 3 1 391 43 4 371 0 63 0 1 1 73
912 9056 978 959 92 3 1 392 42 4 372 0 62 0 1 1 73
913 9055 979 961 90 3 1 392 42 4 373 0 61 0 1 1 73
914 9065 974 956 90 3 1 392 42 4 373 0 61 0 1 1 73
915 9081 967 948 87 3 1 392 43 4 372 0 63 0 1 1 73
916 9081 967 949 86 3 1 392 43 4 373 0 62 0 1 1 73
917 9089 964 944 85 3 1 394 41 4 373 0 62 0 1 1 74
918 9091 964 943 84 3 1 395 40 4 373 0 62 0 1 1 74
919 9098 961 940 83 3 1 395 40 4 373 0 62 0 1 1 74
920 9104 959 938 81 3 1 395 40 4 373 0 62 0 1 1 74
921 9111 955 933 81 3 1 396 40 4 373 0 63 0 1 1 74
922 9121 951 928 79 3 1 397 39 4 373 0 63 0 1 1 75
923 9120 952 928 79 3 1 397 39 4 372 0 64 0 1 1 75
924 9131 946 923 79 3 1 397 39 4 373 0 63 0 1 1 75
925 9130 947 924 78 3 1 397 39 4 373 0 63 0 1 1 75
926 9130 947 924 78 3 1 397 39 4 373 0 63 0 1 1 75
927 9134 944 922 79 3 1 396 40 4 373 0 63 0 1 1 75
928 9135 945 920 79 3 1 398 38 4 372 0 64 0 1 1 75
929 9137 944 919 79 3 1 398 38 4 372 0 64 0 1 1 75
930 9136 945 920 78 3 1 398 38 4 372 0 64 0 1 1 75
931 9139 946 920 74 3 1 398 38 4 371 0 65 0 1 1 75
932 9134 947 922 76 3 1 397 39 4 371 0 65 0 1 1 75
933 9150 940 914 75 3 1 397 39 4 370 0 66 0 1 1 75
934 9160 936 910 73 3 1 397 39 4 370 0 66 0 1 1 75
935 9159 936 911 73 3 1 397 39 4 371 0 65 0 1 1 75
936 9161 935 910 73 3 1 397 39 4 371 0 65 0 1 1 75
937 9166 932 908 73 3 1 397 39 4 372 0 64 0 1 1 75
938 9166 932 905 75 3 1 399 37 4 371 0 65 0 1 1 76
939 9184 924 896 74 3 1 399 37 4 370 0 66 0 1 1 76
940 9181 924 898 75 3 1 398 38 4 371 0 65 0 1 1 76
941 9173 929 902 74 3 1 399 37 4 371 0 65 0 1 1 76
942 9178 926 899 75 3 1 399 37 4 371 0 65 0 1 1 76
943 9184 924 896 74 3 1 400 36 4 371 0 65 0 1 1 76
944 9189 921 894 74 3 1 399 37 4 371 0 65 0 1 1 76
945 9197 918 890 73 3 1 400 36 4 371 0 65 0 1 1 76
946 9206 913 886 73 3 1 400 36 4 372 0 64 0 1 1 76
947 9210 911 884 73 3 1 400 36 3 373 1 63 0 1 1 76
948 9209 912 885 72 3 1 400 36 3 373 1 63 0 1 1 76
949 9211 910 883 74 3 1 400 36 3 373 1 63 0 1 1 76
950 9207 912 885 74 3 1 400 36 3 373 1 63 0 1 1 76
951 9208 911 885 74 3 1 400 36 3 374 1 62 0 1 1 76
952 9208 911 884 73 3 1 401 36 3 374 1 63 0 1 1 76
953 9210 911 883 72 3 1 402 35 3 374 1 63 0 1 1 76
954 9215 908 881 72 3 1 402 35 3 375 1 62 0 1 1 76
955 9219 907 879 71 3 1 403 34 3 375 1 62 0 1 1 76
956 9223 905 880 68 3 1 403 34 3 378 1 59 0 1 1 76
957 9230 902 877 67 3 1 404 33 3 379 1 58 0 1 1 76
958 9237 898 873 68 3 1 404 33 3 379 1 58 0 1 1 76
959 9239 897 871 69 3 1 405 32 3 379 1 58 0 1 1 76
960 9245 894 868 68 3 1 406 31 3 380 1 57 0 1 1 77
961 9248 893 868 66 3 1 405 32 3 380 1 57 0 1 1 77
962 9256 890 865 64 3 1 405 32 3 380 1 57 0 1 1 77
963 9261 887 862 65 3 1 404 33 3 379 1 58 0 1 1 77
964 9260 887 862 66 3 1 404 33 3 379 1 58 0 1 1 77
965 9270 883 858 64 3 1 404 33 3 379 1 58 0 1 1 77
966 9278 879 854 64 4 1 404 32 4 379 1 57 0 1 1 77
967 9286 875 849 65 4 1 404 32 4 378 1 58 0 1 1 77
968 9290 871 847 67 4 1 404 32 4 380 1 56 0 1 1 77
969 9300 866 841 68 4 1 404 32 4 379 1 57 0 1 1 77
970 9304 865 840 66 4 1 404 32 4 379 1 57 0 1 1 77
971 9307 862 838 68 4 1 403 33 4 379 1 57 0 1 1 77
972 9319 856 832 68 4 1 403 33 4 379 1 57 0 1 1 77
973 9329 851 827 68 4 1 403 33 4 379 1 57 0 1 1 77
974 9326 852 828 69 4 1 403 33 4 379 1 57 0 1 1 77
975 9327 853 828 67 4 1 403 33 4 378 1 58 0 1 1 77
976 9325 853 828 69 4 1 403 33 4 378 1 58 0 1 1 77
977 9324 853 828 70 4 1 403 33 4 378 1 58 0 1 1 77
978 9337 848 822 68 4 1 404 32 4 378 1 58 0 1 1 77
979 9340 846 821 68 4 1 403 33 4 378 1 58 0 1 1 77
980 9334 849 824 68 4 1 403 33 4 378 1 58 0 1 1 77
981 9338 848 822 67 4 1 403 33 4 377 1 59 0 1 1 77
982 9337 848 822 68 4 1 403 33 4 377 1 59 0 1 1 77
983 9340 846 820 69 4 1 403 33 4 377 1 59 0 1 1 77
984 9356 838 813 68 4 1 402 34 4 377 1 59 0 1 1 77
985 9350 841 816 68 4 1 402 34 4 377 1 59 0 1 1 77
986 9351 841 815 68 4 1 402 34 4 376 1 60 0 1 1 77
987 9351 841 815 68 4 1 402 34 4 376 1 60 0 1 1 77
988 9363 834 810 68 4 1 402 34 4 378 1 58 0 1 1 77
989 9368 832 807 68 4 1 403 33 4 378 1 58 0 1 1 77
990 9364 834 809 68 4 1 403 33 4 378 1 58 0 1 1 77
991 9368 832 807 68 5 0 403 33 4 379 1 57 0 1 1 77
992 9369 832 807 67 5 0 403 33 4 379 1 57 0 1 1 77
993 9377 827 803 68 5 0 403 33 5 379 0 57 0 1 1 77
994 9373 829 804 69 5 0 403 33 5 378 0 58 0 1 1 77
995 9378 826 801 70 5 0 404 32 5 379 0 57 0 1 1 77
996 9384 823 797 69 5 0 405 32 5 379 0 58 0 1 1 77
997 9392 818 793 70 5 0 405 32 5 380 0 57 0 1 1 77
998 9398 816 791 68 5 0 405 32 5 380 0 57 0 1 1 77
999 9408 812 787 66 5 0 405 32 5 380 0 57 0 1 1 77
1000 9425 803 779 66 5 0 405 32 5 381 0 56 0 1 1 77
1001 9434 798 775 66 5 0 404 33 5 381 0 56 0 1 1 77
1002 9434 798 775 66 5 0 404 33 5 381 0 56 0 1 1 77
1003 9435 797 774 67 5 0 404 33 5 381 0 56 0 1 1 77
1004 9432 797 775 69 5 0 403 34 5 381 0 56 0 1 1 77
1005 9432 799 775 66 5 0 405 32 5 381 0 56 0 1 1 78
1006 9439 797 773 63 5 0 405 32 5 381 0 56 0 1 1 78
1007 9435 798 774 65 5 0 405 32 5 381 0 56 0 1 1 78
1008 9437 797 773 65 5 0 405 32 5 381 0 56 0 1 1 78
1009 9439 797 773 63 5 0 405 32 5 381 0 56 0 1 1 78
1010 9460 787 763 62 5 0 406 31 5 382 0 55 0 1 1 78
1011 9464 784 761 63 5 0 405 32 5 382 0 55 0 1 1 78
1012 9466 783 759 64 5 0 406 31 5 382 0 55 0 1 1 78
1013 9459 788 764 61 5 0 406 31 5 382 0 55 0 1 1 78
1014 9463 787 763 59 5 0 406 31 5 382 0 55 0 1 1 78
1015 9464 786 763 59 5 0 405 32 5 382 0 55 0 1 1 78
1016 9474 781 759 58 5 0 405 32 5 383 0 54 0 1 1 78
1017 9476 780 758 58 5 0 405 32 5 383 0 54 0 1 1 78
1018 9479 777 756 60 5 0 405 32 5 384 0 53 0 1 1 78
1019 9475 779 757 61 5 0 405 32 5 383 0 54 0 1 1 78
1020 9471 780 759 62 5 0 404 33 5 383 0 54 0 1 1 78
1021 9479 776 755 62 5 0 404 33 5 383 0 54 0 1 1 78
1022 9485 773 752 62 5 0 404 33 5 383 0 54 0 1 1 78
1023 9482 775 754 61 5 0 404 33 5 383 0 54 0 1 1 78
1024 9484 774 753 61 5 0 404 33 5 383 0 54 0 1 1 78
1025 9484 774 753 61 5 0 404 33 5 383 0 54 0 1 1 78
1026 9489 771 751 61 5 0 404 33 5 384 0 53 0 1 1 78
1027 9492 769 749 62 5 0 404 33 5 384 0 53 0 1 1 78
1028 9481 773 754 64 5 0 403 34 5 384 0 53 0 1 1 78
1029 9485 771 753 63 5 0 403 34 5 385 0 52 0 1 1 78
1030 9490 769 749 62 5 0 404 34 5 384 0 54 0 1 1 78
1031 9497 765 746 62 5 0 404 34 5 385 0 53 0 1 1 78
1032 9499 764 745 62 5 0 404 34 5 385 0 53 0 1 1 78
1033 9504 761 743 62 5 0 403 35 5 385 0 53 0 1 1 78
1034 9513 756 739 62 5 0 403 35 5 386 0 52 0 1 1 78
1035 9518 753 736 63 5 0 403 35 5 386 0 52 0 1 1 78
1036 9528 747 732 63 5 0 402 36 5 387 0 51 0 1 1 78
1037 9531 745 731 63 5 0 402 36 5 388 0 50 0 1 1 78
1038 9529 746 732 63 5 0 403 35 5 389 0 49 0 1 1 78
1039 9535 742 728 65 5 0 403 35 5 389 0 49 0 1 1 78
1040 9534 743 728 65 5 0 404 34 5 389 0 49 0 1 1 78
1041 9531 743 729 67 5 0 404 34 5 390 0 48 0 1 1 78
1042 9533 742 728 67 5 0 404 34 5 390 0 48 0 1 1 78
1043 9535 740 727 68 5 0 404 34 5 391 0 47 0 1 1 78
1044 9536 740 727 67 5 0 404 34 5 391 0 47 0 1 1 78
1045 9542 737 724 67 5 0 404 34 5 391 0 47 0 1 1 78
1046 9547 734 723 66 5 0 402 36 5 391 0 47 0 1 1 78
1047 9543 736 725 66 5 0 402 36 5 391 0 47 0 1 1 78
1048 9546 735 724 65 5 0 402 36 5 391 0 47 0 1 1 78
1049 9545 736 724 65 5 0 403 35 5 391 0 47 0 1 1 78
1050 9544 737 724 63 5 0 404 35 5 391 0 48 0 1 1 78
1051 9540 739 726 63 5 0 404 35 5 391 0 48 0 1 1 78
1052 9543 738 725 62 5 0 404 35 5 391 0 48 0 1 1 78
1053 9540 739 726 63 5 0 404 35 5 391 0 48 0 1 1 78
1054 9541 738 725 64 5 0 404 35 5 391 0 48 0 1 1 78
1055 9557 730 717 64 5 0 405 34 5 392 0 47 0 1 1 78
1056 9563 727 713 63 5 0 406 34 5 392 0 48 0 1 1 78
1057 9564 726 714 62 5 0 406 34 5 394 0 46 0 1 1 78
1058 9572 721 711 62 5 0 406 34 5 396 0 44 0 1 1 78
1059 9571 722 711 62 5 0 406 34 5 395 0 45 0 1 1 78
1060 9579 718 707 62 5 0 406 34 5 395 0 45 0 1 1 78
1061 9579 719 707 61 5 0 407 33 5 395 0 45 0 1 1 78
1062 9586 716 703 61 5 0 409 31 5 396 0 44 0 1 1 78
1063 9591 714 699 60 5 0 411 30 5 396 0 45 0 1 1 78
1064 9601 711 695 57 5 0 412 29 5 396 0 45 0 1 1 78
1065 9610 707 689 57 5 0 414 27 5 396 0 45 0 1 1 79
1066 9610 707 689 57 5 0 414 27 5 396 0 45 0 1 1 79
1067 9613 705 687 58 5 0 414 27 5 396 0 45 0 1 1 79
1068 9617 704 686 56 5 0 414 27 5 396 0 45 0 1 1 79
1069 9626 700 682 55 5 0 414 27 5 396 0 45 0 1 1 79
1070 9626 700 682 55 5 0 415 26 5 397 0 44 0 1 1 79
1071 9629 697 680 57 5 0 415 26 5 398 0 43 0 1 1 79
1072 9629 697 680 57 5 0 415 26 5 398 0 43 0 1 1 79
1073 9639 693 676 55 5 0 415 26 5 398 0 43 0 1 1 79
1074 9638 694 677 54 5 0 415 26 5 398 0 43 0 1 1 79
1075 9648 688 672 55 5 0 415 26 5 399 0 42 0 1 1 79
1076 9645 689 673 56 5 0 415 26 5 399 0 42 0 1 1 79
1077 9652 685 669 57 5 0 415 26 5 399 0 42 0 1 1 79
1078 9649 686 670 58 5 0 415 26 5 399 0 42 0 1 1 79
1079 9651 685 669 58 5 0 415 26 5 399 0 42 0 1 1 79
1080 9654 684 667 58 5 0 416 25 5 399 0 42 0 1 1 79
1081 9655 683 667 58 5 0 416 25 5 400 0 41 0 1 1 79
1082 9658 682 665 58 5 0 417 24 5 400 0 41 0 1 1 79
1083 9661 680 663 59 5 0 417 24 5 400 0 41 0 1 1 79
1084 9660 680 663 60 5 0 417 24 5 400 0 41 0 1 1 79
1085 9670 675 658 60 5 0 417 24 5 400 0 41 0 1 1 79
1086 9675 672 656 60 5 0 416 25 5 400 0 41 0 1 1 79
1087 9669 675 659 60 5 0 416 25 5 400 0 41 0 1 1 79
1088 9679 671 655 58 5 0 416 25 5 400 0 41 0 1 1 79
1089 9678 672 655 58 5 0 417 24 5 400 0 41 0 1 1 79
1090 9681 671 654 57 5 0 417 24 5 400 0 41 0 1 1 79
1091 9679 672 655 57 5 0 417 24 5 400 0 41 0 1 1 79
1092 9681 672 654 56 5 0 417 24 5 399 0 42 0 1 1 79
1093 9678 674 655 56 5 0 418 23 5 399 0 42 0 1 1 79
1094 9684 671 652 56 5 0 418 23 5 399 0 42 0 1 1 79
1095 9685 671 652 55 5 0 419 22 5 400 0 41 0 1 1 79
1096 9684 672 653 54 5 0 419 22 5 400 0 41 0 1 1 79
1097 9693 668 649 53 5 0 419 22 5 400 0 41 0 1 1 79
1098 9687 672 651 53 5 0 419 22 5 398 0 43 0 1 1 79
1099 9686 674 654 49 5 0 419 22 5 399 0 42 0 1 1 79
1100 9698 668 649 47 5 0 418 23 5 399 0 42 0 1 1 80
1101 9707 663 646 46 5 0 418 23 5 401 0 40 0 1 1 80
1102 9715 659 642 46 5 0 418 23 5 401 0 40 0 1 1 80
1103 9720 656 641 45 5 0 417 24 5 402 0 39 0 1 1 80
1104 9724 654 639 45 5 0 417 24 5 402 0 39 0 1 1 80
1105 9726 653 638 45 5 0 417 24 5 402 0 39 0 1 1 80
1106 9726 653 638 45 5 0 417 24 5 402 0 39 0 1 1 80
1107 9725 653 639 45 5 0 417 24 5 403 0 38 0 1 1 80
1108 9730 651 637 44 5 0 417 24 5 403 0 38 0 1 1 80
1109 9738 647 633 43 5 0 417 24 5 403 0 38 0 1 1 81
1110 9742 644 630 45 5 0 417 24 5 403 0 38 0 1 1 81
1111 9741 645 631 44 5 0 417 24 5 403 0 38 0 1 1 81
1112 9746 642 628 45 5 0 417 24 5 403 0 38 0 1 1 81
1113 9748 641 628 44 5 0 417 24 5 404 0 37 0 1 1 81
1114 9745 642 629 45 5 0 417 24 5 404 0 37 0 1 1 81
1115 9754 638 624 45 5 0 418 23 5 404 0 37 0 1 1 81
1116 9762 634 620 45 5 0 418 23 5 404 0 37 0 1 1 81
1117 9760 635 621 45 5 0 418 23 5 404 0 37 0 1 1 81
1118 9767 632 618 44 5 0 418 23 5 404 0 37 0 1 1 81
1119 9775 629 615 42 5 0 418 23 5 404 0 37 0 1 1 81
1120 9792 621 607 39 5 0 419 23 5 405 0 37 0 1 1 81
1121 9796 619 605 39 5 0 419 23 5 405 0 37 0 1 1 81
1122 9801 616 603 39 5 0 419 23 5 406 0 36 0 1 1 81
1123 9804 615 602 38 5 0 419 23 5 406 0 36 0 1 1 81
1124 9808 613 600 38 5 0 419 23 5 406 0 36 0 1 1 81
1125 9812 611 598 38 5 0 418 24 5 405 0 37 0 1 1 81
1126 9810 612 599 38 5 0 418 24 5 405 0 37 0 1 1 81
1127 9820 608 595 36 5 0 418 24 5 405 0 37 0 1 1 81
1128 9818 609 596 36 5 0 418 24 5 405 0 37 0 1 1 81
1129 9822 607 594 36 5 0 418 24 5 405 0 37 0 1 1 81
1130 9830 603 591 35 5 0 417 25 5 405 0 37 0 1 1 81
1131 9828 604 593 34 5 0 417 25 5 406 0 36 0 1 1 81
1132 9838 599 588 34 5 0 417 25 5 406 0 36 0 1 1 81
1133 9838 600 588 33 5 0 418 24 5 406 0 36 0 1 1 81
1134 9841 599 587 32 5 0 418 24 5 406 0 36 0 1 1 81
1135 9848 595 584 32 5 0 417 25 5 406 0 36 0 1 1 81
1136 9843 597 586 33 5 0 417 25 5 406 0 36 0 1 1 81
1137 9841 598 587 33 5 0 417 25 5 406 0 36 0 1 1 81
1138 9833 602 591 33 5 0 417 25 5 406 0 36 0 1 1 81
1139 9837 600 589 33 5 0 417 25 5 406 0 36 0 1 1 81
1140 9841 598 587 33 5 0 417 25 5 406 0 36 0 1 1 81
1141 9834 601 590 34 5 0 417 25 5 406 0 36 0 1 1 81
1142 9842 597 587 32 5 0 417 25 5 407 0 35 0 1 1 82
1143 9842 596 586 34 5 0 417 25 5 407 0 35 0 1 1 82
1144 9841 597 586 34 5 0 418 24 5 407 0 35 0 1 1 82
1145 9846 594 584 34 5 0 417 25 5 407 0 35 0 1 1 82
1146 9846 594 584 34 6 0 416 25 6 406 0 35 0 1 1 82
1147 9851 592 581 32 6 0 417 25 6 406 0 36 0 1 1 82
1148 9859 588 577 32 6 0 417 25 6 406 0 36 0 1 1 82
1149 9868 584 573 31 6 0 417 25 6 406 0 36 0 1 1 82
1150 9871 583 572 30 6 0 417 25 6 406 0 36 0 1 1 82
1151 9870 583 572 31 6 0 417 25 6 406 0 36 0 1 1 82
1152 9876 580 569 31 6 0 417 25 6 406 0 36 0 1 1 82
1153 9867 584 573 32 6 0 417 25 6 406 0 36 0 1 1 82
1154 9872 582 570 32 6 0 417 25 6 405 0 37 0 1 1 82
1155 9881 578 566 31 6 0 417 25 6 405 0 37 0 1 1 82
1156 9881 578 566 31 6 0 417 25 6 405 0 37 0 1 1 82
1157 9889 574 562 31 6 0 417 25 6 405 0 37 0 1 1 82
1158 9895 571 559 31 6 0 417 25 6 405 0 37 0 1 1 82
1159 9910 564 551 31 6 0 418 24 6 405 0 37 0 1 1 82
1160 9910 564 551 31 6 0 418 24 6 405 0 37 0 1 1 82
1161 9908 565 551 32 6 0 419 23 6 405 0 37 0 1 1 82
1162 9911 564 550 31 6 0 419 23 6 405 0 37 0 1 1 82
1163 9919 560 547 30 6 0 419 23 6 406 0 36 0 1 1 82
1164 9920 559 546 31 6 0 419 23 6 406 0 36 0 1 1 82
1165 9927 555 543 31 6 0 419 23 6 407 0 35 0 1 1 82
1166 9931 554 541 30 6 0 419 23 6 406 0 36 0 1 1 82
1167 9930 554 541 31 6 0 419 23 6 406 0 36 0 1 1 82
1168 9930 555 540 31 6 0 420 22 6 405 0 37 0 1 1 82
1169 9937 553 538 28 6 0 420 22 6 405 0 37 0 1 1 82
1170 9940 552 537 27 6 0 420 22 6 405 0 37 0 1 1 82
1171 9938 553 538 27 6 0 420 22 6 405 0 37 0 1 1 82
1172 9936 554 539 27 6 0 420 22 6 405 0 37 0 1 1 82
1173 9936 554 539 27 6 0 420 22 6 405 0 37 0 1 1 82
1174 9937 553 538 28 6 0 420 22 6 405 0 37 0 1 1 82
1175 9936 554 538 28 7 0 419 22 7 403 0 38 0 1 1 82
1176 9940 553 535 28 7 0 420 21 7 402 0 39 0 1 1 82
1177 9941 552 535 28 7 0 419 22 7 402 0 39 0 1 1 82
1178 9950 547 531 28 7 0 419 22 7 403 0 38 0 1 1 82
1179 9957 544 527 28 7 0 420 21 7 403 0 38 0 1 1 82
1180 9955 545 528 28 7 0 420 21 7 403 0 38 0 1 1 82
1181 9955 545 528 28 7 0 420 21 7 403 0 38 0 1 1 82
1182 9953 546 529 28 7 0 420 21 7 403 0 38 0 1 1 82
1183 9957 544 527 28 7 0 420 21 7 403 0 38 0 1 1 82
1184 9962 541 525 28 7 0 420 21 7 404 0 37 0 1 1 82
1185 9962 541 525 28 7 0 420 21 7 404 0 37 0 1 1 82
1186 9963 540 524 29 7 0 420 21 7 404 0 37 0 1 1 82
1187 9962 541 524 29 7 0 421 20 7 404 0 37 0 1 1 82
1188 9954 545 528 29 7 0 421 20 7 404 0 37 0 1 1 82
1189 9961 542 525 28 7 0 421 20 7 404 0 37 0 1 1 82
1190 9967 539 521 29 7 0 421 20 7 403 0 38 0 1 1 82
1191 9974 536 518 28 7 0 421 20 7 403 0 38 0 1 1 82
1192 9979 533 516 28 7 0 421 20 7 404 0 37 0 1 1 82
1193 9991 527 509 29 7 0 422 19 7 404 0 37 0 1 1 82
1194 9991 527 509 29 7 0 422 19 7 404 0 37 0 1 1 82
1195 9988 528 510 30 7 1 422 18 8 403 0 37 0 1 1 82
1196 9995 525 506 30 7 1 423 17 8 403 0 37 0 1 1 82
1197 10001 522 503 30 7 1 423 17 8 403 0 37 0 1 1 82
1198 10000 522 504 30 7 1 422 18 8 403 0 37 0 1 1 82
1199 10004 520 502 30 7 1 422 18 8 403 0 37 0 1 1 82
1200 10009 518 500 29 7 1 422 18 8 403 0 37 0 1 1 82
1201 10011 517 499 29 7 1 422 18 8 403 0 37 0 1 1 82
1202 10013 516 499 28 7 1 421 19 8 403 0 37 0 1 1 82
1203 10016 515 498 27 7 1 421 19 8 403 0 37 0 1 1 82
1204 10020 514 497 25 7 1 421 19 8 403 0 37 0 1 1 82
1205 10025 512 495 24 7 1 421 19 8 403 0 37 0 1 1 82
1206 10029 510 493 24 7 1 421 19 8 403 0 37 0 1 1 82
1207 10030 510 493 23 7 1 421 19 8 403 0 37 0 1 1 82
1208 10040 506 489 21 7 1 421 19 8 403 0 37 0 1 1 82
1209 10036 508 491 21 7 1 421 19 8 403 0 37 0 1 1 82
1210 10034 509 492 21 7 1 421 19 8 403 0 37 0 1 1 82
1211 10044 504 487 21 7 1 421 19 8 403 0 37 0 1 1 82
1212 10046 503 486 21 7 1 421 19 8 403 0 37 0 1 1 82
1213 10044 503 488 21 7 1 420 20 8 404 0 36 0 1 1 82
1214 10042 504 489 21 7 1 420 20 8 404 0 36 0 1 1 82
1215 10049 501 485 21 7 1 420 20 8 403 0 37 0 1 1 82
1216 10055 498 482 21 7 1 420 20 8 403 0 37 0 1 1 82
1217 10058 496 481 21 7 1 420 20 8 404 0 36 0 1 1 82
1218 10054 498 483 21 7 1 420 20 8 404 0 36 0 1 1 82
1219 10057 497 482 20 7 1 420 20 8 404 0 36 0 1 1 82
1220 10061 495 480 20 7 1 420 20 8 404 0 36 0 1 1 82
1221 10059 496 481 20 7 1 420 20 8 404 0 36 0 1 1 82
1222 10069 491 476 20 7 1 420 20 8 404 0 36 0 1 1 82
1223 10069 490 475 22 7 1 420 20 8 404 0 36 0 1 1 82
1224 10061 494 479 22 7 1 420 20 8 404 0 36 0 1 1 82
1225 10059 495 480 22 7 1 420 20 8 404 0 36 0 1 1 82
1226 10056 497 482 21 7 1 420 20 8 404 0 36 0 1 1 82
1227 10058 496 481 21 7 1 420 20 8 404 0 36 0 1 1 82
1228 10062 494 479 21 7 1 420 20 8 404 0 36 0 1 1 82
1229 10058 496 481 21 7 1 420 20 8 404 0 36 0 1 1 82
1230 10056 497 482 21 7 1 420 20 8 404 0 36 0 1 1 82
1231 10056 497 482 21 7 1 421 19 8 405 0 35 0 1 1 82
1232 10054 498 483 21 7 1 421 19 8 405 0 35 0 1 1 82
1233 10056 497 482 21 7 1 421 19 8 405 0 35 0 1 1 82
1234 10062 494 479 21 7 1 421 19 8 405 0 35 0 1 1 82
1235 10061 495 480 20 7 1 421 19 8 405 0 35 0 1 1 82
1236 10062 494 479 21 7 1 421 19 8 405 0 35 0 1 1 82
1237 10066 491 477 22 7 1 421 19 8 406 0 34 0 1 1 82
1238 10066 491 477 22 7 1 421 19 8 406 0 34 0 1 1 82
1239 10074 487 473 22 7 1 421 19 8 406 0 34 0 1 1 82
1240 10080 484 470 22 7 1 421 19 8 406 0 34 0 1 1 82
1241 10085 482 466 22 7 1 423 17 8 406 0 34 0 1 1 83
1242 10091 479 463 22 7 1 423 17 8 406 0 34 0 1 1 83
1243 10093 478 462 22 7 1 423 17 8 406 0 34 0 1 1 83
1244 10099 475 459 22 7 1 423 17 8 406 0 34 0 1 1 83
1245 10106 471 456 22 7 1 423 17 8 407 0 33 0 1 1 83
1246 10103 472 458 22 7 1 423 17 8 408 0 32 0 1 1 83
1247 10104 471 455 23 7 1 424 17 8 407 0 34 0 1 1 83
1248 10102 472 456 23 7 1 424 17 8 407 0 34 0 1 1 83
1249 10098 474 458 23 7 1 424 17 8 407 0 34 0 1 1 83
1250 10105 470 455 23 7 1 424 17 8 408 0 33 0 1 1 83
1251 10100 473 458 22 7 1 424 17 8 408 0 33 0 1 1 83
1252 10093 476 461 23 7 1 424 17 8 408 0 33 0 1 1 83
1253 10091 477 462 23 7 1 424 17 8 408 0 33 0 1 1 83
1254 10096 474 459 24 7 1 424 17 8 408 0 33 0 1 1 83
1255 10097 474 458 24 7 1 424 17 8 407 0 34 0 1 1 83
1256 10104 470 455 24 8 1 423 17 9 407 0 33 0 1 1 83
1257 10102 471 456 24 8 1 423 17 9 407 0 33 0 1 1 83
1258 10101 471 456 25 8 1 423 17 9 407 0 33 0 1 1 83
1259 10108 467 453 25 8 1 423 17 9 408 0 32 0 1 1 83
1260 10110 466 452 25 8 1 423 17 9 408 0 32 0 1 1 83
1261 10111 465 452 25 8 1 423 17 9 409 0 31 0 1 1 83
1262 10117 463 449 24 8 1 424 16 9 409 0 31 0 1 1 83
1263 10120 461 447 25 8 1 424 16 9 409 0 31 0 1 1 83
1264 10122 460 446 25 8 1 424 16 9 409 0 31 0 1 1 83
1265 10127 457 444 25 8 1 424 16 9 410 0 30 0 1 1 83
1266 10129 456 443 25 8 1 424 16 9 410 0 30 0 1 1 83
1267 10130 455 443 25 8 1 424 16 9 411 0 29 0 1 1 83
1268 10131 455 443 24 8 1 424 16 9 411 0 29 0 1 1 83
1269 10137 452 440 24 8 1 424 16 9 411 0 29 0 1 1 83
1270 10139 452 440 24 8 1 423 16 9 410 0 29 0 1 1 83
1271 10139 452 440 24 8 1 423 16 9 410 0 29 0 1 1 83
1272 10140 451 439 25 8 1 423 16 9 410 0 29 0 1 1 83
1273 10146 448 436 25 8 1 423 16 9 410 0 29 0 1 1 83
1274 10143 450 439 23 8 1 423 16 9 411 0 28 0 1 1 83
1275 10139 452 441 23 8 1 423 16 9 411 0 28 0 1 1 83
1276 10139 452 441 23 8 1 423 16 9 411 0 28 0 1 1 83
1277 10144 450 439 22 8 1 423 16 9 411 0 28 0 1 1 83
1278 10148 448 437 22 8 1 423 16 9 411 0 28 0 1 1 83
1279 10148 448 438 21 8 1 423 16 9 412 0 27 0 1 1 83
1280 10156 444 434 21 8 1 423 16 9 412 0 27 0 1 1 83
1281 10152 446 436 21 8 1 423 16 9 412 0 27 0 1 1 83
1282 10158 443 433 21 8 1 423 16 9 412 0 27 0 1 1 83
1283 10158 443 433 21 8 1 423 16 9 412 0 27 0 1 1 83
1284 10164 440 430 21 8 1 423 16 9 412 0 27 0 1 1 83
1285 10164 440 430 21 8 1 423 16 9 412 0 27 0 1 1 83
1286 10162 441 430 22 8 1 423 16 9 411 0 28 0 1 1 83
1287 10163 440 429 23 8 1 423 16 9 411 0 28 0 1 1 83
1288 10164 440 428 23 8 1 424 15 9 411 0 28 0 1 1 83
1289 10160 443 430 22 8 1 424 15 9 410 0 29 0 1 1 83
1290 10166 440 427 22 8 1 424 15 9 410 0 29 0 1 1 83
1291 10171 437 425 22 8 1 424 15 9 411 0 28 0 1 1 83
1292 10171 437 425 22 8 1 424 15 9 411 0 28 0 1 1 83
1293 10172 436 425 22 8 1 423 16 9 411 0 28 0 1 1 83
1294 10176 434 423 22 8 1 423 16 9 411 0 28 0 1 1 83
1295 10175 435 424 21 8 1 423 16 9 411 0 28 0 1 1 83
1296 10171 437 426 21 8 1 423 16 9 411 0 28 0 1 1 83
1297 10176 434 424 21 8 1 423 16 9 412 0 27 0 1 1 83
1298 10179 433 423 20 8 1 423 16 9 412 0 27 0 1 1 83
1299 10180 432 423 20 8 1 423 16 9 413 0 26 0 1 1 83
1300 10182 430 423 20 8 1 422 17 9 414 0 25 0 1 1 83
1301 10182 430 423 20 8 1 422 17 9 414 0 25 0 1 1 83
1302 10190 427 419 19 8 1 423 16 9 414 0 25 0 1 1 83
1303 10198 423 415 19 8 1 423 16 9 414 0 25 0 1 1 83
1304 10206 419 411 19 8 1 423 16 9 414 0 25 0 1 1 83
1305 10209 417 410 19 8 1 423 16 9 415 0 24 0 1 1 83
1306 10209 418 411 17 8 1 423 16 9 415 0 24 0 1 1 83
1307 10221 413 406 15 8 1 423 16 9 415 0 24 0 1 1 83
1308 10225 411 404 15 8 1 423 16 9 415 0 24 0 1 1 83
1309 10228 410 403 14 8 1 424 15 9 416 0 23 0 1 1 83
1310 10231 409 401 14 8 1 424 15 9 415 0 24 0 1 1 83
1311 10240 405 395 15 8 1 425 14 9 414 0 25 0 1 1 83
1312 10247 401 392 15 8 1 425 14 9 415 0 24 0 1 1 83
1313 10243 403 394 15 8 1 425 14 9 415 0 24 0 1 1 83
1314 10242 404 394 15 8 1 426 13 9 415 0 24 0 1 1 83
1315 10245 402 393 15 8 1 426 13 9 416 0 23 0 1 1 83
1316 10245 402 393 15 8 1 426 13 9 416 0 23 0 1 1 83
1317 10247 401 392 15 8 1 426 13 9 416 0 23 0 1 1 83
1318 10250 400 391 14 8 1 426 13 9 416 0 23 0 1 1 83
1319 10254 398 389 14 8 1 426 13 9 416 0 23 0 1 1 83
1320 10258 396 387 14 8 1 426 13 9 416 0 23 0 1 1 83
1321 10255 397 389 14 8 1 425 14 9 416 0 23 0 1 1 83
1322 10254 397 390 14 8 1 424 15 10 415 0 23 0 2 1 82
1323 10251 398 393 13 7 2 424 15 10 416 0 22 0 2 1 82
1324 10248 400 394 13 7 2 424 15 10 415 0 23 0 2 1 82
1325 10253 398 391 13 7 2 425 14 10 415 0 23 0 2 1 82
1326 10263 393 386 13 7 2 425 14 10 415 0 23 0 2 1 82
1327 10260 394 388 13 7 2 424 15 10 415 0 23 0 2 1 82
1328 10263 393 387 12 7 2 424 15 10 415 0 23 0 2 1 82
1329 10262 393 387 13 7 2 424 15 10 415 0 23 0 2 1 82
1330 10266 391 385 13 7 2 424 15 10 415 0 23 0 2 1 82
1331 10266 391 385 13 7 2 424 15 10 415 0 23 0 2 1 82
1332 10276 386 380 13 7 2 424 15 10 415 0 23 0 2 1 82
1333 10273 387 382 13 7 2 424 15 10 416 0 22 0 2 1 82
1334 10279 384 379 13 7 2 424 15 10 416 0 22 0 2 1 82
1335 10283 382 377 13 7 2 424 15 10 416 0 22 0 2 1 82
1336 10285 381 376 13 7 2 424 15 10 416 0 22 0 2 1 82
1337 10287 380 375 13 7 2 424 15 10 416 0 22 0 2 1 82
1338 10283 382 377 13 7 2 424 15 10 416 0 22 0 2 1 82
1339 10279 384 379 13 7 2 424 15 10 416 0 22 0 2 1 82
1340 10278 385 380 12 7 2 424 15 10 416 0 22 0 2 1 82
1341 10278 385 380 12 7 2 424 15 10 416 0 22 0 2 1 82
1342 10284 382 377 12 7 2 424 15 10 416 0 22 0 2 1 82
1343 10290 379 374 12 7 2 424 15 10 416 0 22 0 2 1 82
1344 10288 380 375 12 7 2 424 15 10 416 0 22 0 2 1 82
1345 10290 379 374 12 7 2 424 15 10 416 0 22 0 2 1 82
1346 10293 378 373 11 8 2 423 15 11 415 0 22 0 2 1 82
1347 10294 377 373 11 8 2 422 16 11 415 0 22 0 2 1 82
1348 10292 377 374 12 8 2 422 16 11 416 0 21 0 2 1 82
1349 10294 376 373 12 8 2 422 16 11 416 0 21 0 2 1 82
1350 10294 375 372 14 8 2 422 16 11 416 0 21 0 2 1 82
1351 10301 372 369 13 8 2 422 16 11 416 0 21 0 2 1 82
1352 10308 368 366 13 8 2 422 16 11 417 0 20 0 2 1 82
1353 10303 370 368 14 8 2 422 16 11 417 0 20 0 2 1 82
1354 10308 368 366 13 8 2 422 16 11 417 0 20 0 2 1 82
1355 10310 367 365 13 8 2 422 16 11 417 0 20 0 2 1 82
1356 10312 366 363 14 8 2 422 16 11 416 0 21 0 2 1 82
1357 10316 364 361 14 8 2 422 16 11 416 0 21 0 2 1 82
1358 10318 363 360 14 8 2 422 16 11 416 0 21 0 2 1 82
1359 10319 362 360 14 8 2 422 16 11 417 0 20 0 2 1 82
1360 10321 361 359 14 9 2 421 16 11 417 0 20 0 2 2 81
1361 10324 359 358 14 9 2 420 17 11 417 0 20 0 2 2 81
1362 10326 358 357 14 9 2 420 17 11 417 0 20 0 2 2 81
1363 10323 360 358 14 9 2 420 17 11 416 0 21 0 2 2 81
1364 10327 358 356 14 9 2 420 17 11 416 0 21 0 2 2 81
1365 10327 358 356 14 9 2 420 17 11 416 0 21 0 2 2 81
1366 10331 356 354 14 9 2 420 17 11 416 0 21 0 2 2 81
1367 10337 354 351 13 9 2 421 16 11 416 0 21 0 2 2 81
1368 10338 354 350 13 9 2 421 16 11 415 0 22 0 2 2 81
1369 10336 355 351 13 9 2 421 16 11 415 0 22 0 2 2 81
1370 10338 354 350 13 9 2 421 16 11 415 0 22 0 2 2 81
1371 10340 353 349 13 9 2 421 16 11 415 0 22 0 2 2 81
1372 10339 353 350 13 9 2 421 16 11 416 0 21 0 2 2 81
1373 10341 352 349 13 9 2 421 16 11 416 0 21 0 2 2 81
1374 10347 349 346 13 9 2 421 16 11 416 0 21 0 2 2 81
1375 10356 343 343 13 9 2 421 16 11 419 0 18 0 2 2 81
1376 10360 341 341 13 9 2 421 16 11 419 0 18 0 2 2 81
1377 10360 341 341 13 9 2 421 16 11 419 0 18 0 2 2 81
1378 10362 340 339 13 9 2 422 15 11 419 0 18 0 2 2 82
1379 10358 342 341 13 9 2 422 15 11 419 0 18 0 2 2 82
1380 10358 341 342 13 9 2 420 17 11 419 0 18 0 2 2 82
1381 10360 340 341 13 9 2 420 17 11 419 0 18 0 2 2 82
1382 10359 340 341 14 9 2 420 17 11 419 0 18 0 2 2 82
1383 10367 336 336 15 9 2 421 16 11 419 0 18 0 2 2 82
1384 10363 338 338 15 9 2 421 16 11 419 0 18 0 2 2 82
1385 10366 337 338 13 9 2 421 16 11 420 0 17 0 2 2 82
1386 10376 332 333 13 9 2 421 16 11 420 0 17 0 2 2 82
1387 10378 331 332 13 9 2 421 16 11 420 0 17 0 2 2 82
1388 10375 333 332 13 9 2 423 14 11 420 0 17 0 2 2 83
1389 10373 334 333 13 9 2 423 14 11 420 0 17 0 2 2 83
1390 10375 333 332 13 9 2 423 14 11 420 0 17 0 2 2 83
1391 10372 335 334 12 9 2 423 14 11 420 0 17 0 2 2 83
1392 10376 333 332 12 9 2 423 14 11 420 0 17 0 2 2 83
1393 10374 334 333 12 9 2 423 14 11 420 0 17 0 2 2 83
1394 10372 335 334 12 9 2 423 14 11 420 0 17 0 2 2 83
1395 10374 334 333 12 9 2 423 14 11 420 0 17 0 2 2 83
1396 10374 334 333 12 9 2 423 14 11 420 0 17 0 2 2 83
1397 10378 332 331 12 9 2 423 14 11 420 0 17 0 2 2 83
1398 10378 332 331 12 10 2 422 14 12 419 0 17 0 2 2 83
1399 10378 332 331 12 10 2 422 14 12 419 0 17 0 2 2 83
1400 10373 334 333 13 10 2 422 14 12 419 0 17 0 2 2 83
1401 10375 333 332 13 10 2 422 14 12 419 0 17 0 2 2 83
1402 10379 331 330 13 10 2 422 14 12 419 0 17 0 2 2 83
1403 10381 330 329 13 10 2 422 14 12 419 0 17 0 2 2 83
1404 10382 330 328 13 10 2 423 13 12 419 0 17 0 2 2 83
1405 10382 330 328 13 10 2 423 13 12 419 0 17 0 2 2 83
1406 10376 333 331 13 10 2 423 13 12 419 0 17 0 2 2 83
1407 10374 334 332 13 10 2 423 13 12 419 0 17 0 2 2 83
1408 10376 333 331 13 10 2 423 13 12 419 0 17 0 2 2 83
1409 10375 334 331 13 10 2 424 12 12 419 0 17 0 2 2 83
1410 10379 332 329 13 10 2 424 12 12 419 0 17 0 2 2 83
1411 10377 333 330 13 10 2 424 12 12 419 0 17 0 2 2 83
1412 10379 332 329 13 10 2 424 12 12 419 0 17 0 2 2 83
1413 10375 334 331 13 10 2 424 12 12 419 0 17 0 2 2 83
1414 10376 334 330 13 10 2 425 11 12 419 0 17 0 2 2 83
1415 10383 331 326 13 10 2 426 10 12 419 0 17 0 2 2 83
1416 10385 330 325 13 10 2 426 10 12 419 0 17 0 2 2 83
1417 10392 327 322 12 12 2 424 10 14 417 0 17 0 2 2 83
1418 10398 324 319 12 12 2 424 10 14 417 0 17 0 2 2 83
1419 10399 324 319 11 12 2 424 10 14 417 0 17 0 2 2 83
1420 10397 325 320 11 12 2 424 10 14 417 0 17 0 2 2 83
1421 10394 326 321 12 12 2 424 10 14 417 0 17 0 2 2 83
1422 10394 326 321 12 12 2 424 10 14 417 0 17 0 2 2 83
1423 10393 326 321 13 12 2 424 10 14 417 0 17 0 2 2 83
1424 10388 328 324 13 12 2 424 10 14 418 0 16 0 2 2 83
1425 10388 328 324 13 12 2 424 10 14 418 0 16 0 2 2 83
1426 10392 326 322 13 13 2 423 10 15 417 0 16 0 2 2 83
1427 10392 326 322 13 13 2 423 10 15 417 0 16 0 2 2 83
1428 10396 324 320 13 13 2 423 10 15 417 0 16 0 2 2 83
1429 10395 325 320 13 14 1 423 10 15 417 0 16 0 2 2 83
1430 10397 324 319 13 14 1 423 10 15 417 0 16 0 2 2 83
1431 10395 325 320 13 14 1 423 10 15 417 0 16 0 2 2 83
1432 10399 323 318 13 14 1 423 10 15 417 0 16 0 2 2 83
1433 10401 322 317 13 14 1 423 10 15 417 0 16 0 2 2 83
1434 10403 321 316 13 14 1 423 10 15 417 0 16 0 2 2 83
1435 10394 326 320 13 14 1 424 9 15 417 0 16 0 2 2 83
1436 10393 326 320 14 14 1 424 9 15 417 0 16 0 2 2 83
1437 10396 325 318 14 14 1 424 9 15 416 0 17 0 2 2 83
1438 10396 325 318 14 14 1 424 9 15 416 0 17 0 2 2 83
1439 10398 324 317 14 14 1 424 9 15 416 0 17 0 2 2 83
1440 10398 324 317 14 14 1 424 9 15 416 0 17 0 2 2 83
1441 10404 321 314 14 14 1 424 9 15 416 0 17 0 2 2 83
1442 10407 319 313 14 14 1 423 10 15 416 0 17 0 2 2 83
1443 10408 318 313 14 14 1 422 11 15 416 0 17 0 2 2 83
1444 10405 319 315 14 14 1 421 12 15 416 0 17 0 2 2 83
1445 10405 319 314 15 14 1 421 12 15 415 0 18 0 2 2 83
1446 10403 320 315 15 14 1 421 12 15 415 0 18 0 2 2 83
1447 10403 320 315 15 14 1 421 12 15 415 0 18 0 2 2 83
1448 10406 319 314 14 14 1 421 12 15 415 0 18 0 2 2 83
1449 10411 317 312 13 14 1 421 12 15 415 0 18 0 2 2 83
1450 10417 314 309 13 14 1 421 12 15 415 0 18 0 2 2 83
1451 10420 312 308 13 14 1 420 13 15 415 0 18 0 2 2 83
1452 10422 311 307 13 14 1 420 13 15 415 0 18 0 2 2 83
1453 10427 308 305 13 14 1 420 13 15 416 0 17 0 2 2 83
1454 10427 308 305 13 14 1 420 13 15 416 0 17 0 2 2 83
1455 10427 308 305 13 14 1 420 13 15 416 0 17 0 2 2 83
1456 10431 306 303 13 14 1 420 13 15 416 0 17 0 2 2 83
1457 10428 307 305 13 14 1 420 13 15 417 0 16 0 2 2 83
1458 10428 307 305 13 14 1 420 13 15 417 0 16 0 2 2 83
1459 10436 303 301 13 14 1 420 13 15 417 0 16 0 2 2 83
1460 10438 302 300 13 14 1 420 13 15 417 0 16 0 2 2 83
1461 10440 301 299 13 14 1 420 13 15 417 0 16 0 2 2 83
1462 10442 300 298 13 14 1 420 13 15 417 0 16 0 2 2 83
1463 10445 298 296 14 14 1 420 13 15 417 0 16 0 2 2 83
1464 10445 298 297 13 14 1 420 13 15 418 0 15 0 2 2 83
1465 10445 298 297 13 14 1 420 13 15 418 0 15 0 2 2 83
1466 10447 297 295 14 14 1 420 13 14 418 1 15 0 2 2 83
1467 10443 299 297 14 14 1 420 13 14 418 1 15 0 2 2 83
1468 10437 302 300 14 14 1 420 13 14 418 1 15 0 2 2 83
1469 10438 301 300 14 14 1 419 14 14 418 1 15 0 2 2 83
1470 10434 303 302 14 14 1 419 14 14 418 1 15 0 2 2 83
1471 10436 302 301 14 14 1 419 14 14 418 1 15 0 2 2 83
1472 10433 304 303 13 14 1 419 14 14 418 1 15 0 2 2 83
1473 10430 306 305 12 14 1 419 14 14 418 1 15 0 2 2 83
1474 10432 305 304 12 14 1 419 14 14 418 1 15 0 2 2 83
1475 10434 304 303 12 14 1 419 14 14 418 1 15 0 2 2 83
1476 10440 301 300 12 14 1 419 14 14 418 1 15 0 2 2 83
1477 10440 301 300 12 14 1 419 14 14 418 1 15 0 2 2 83
1478 10442 300 299 12 14 1 419 14 14 418 1 15 0 2 2 83
1479 10436 304 303 10 14 1 419 14 14 418 1 15 0 2 2 83
1480 10435 305 304 9 14 1 419 14 14 418 1 15 0 2 2 83
1481 10435 305 304 9 14 1 419 14 14 418 1 15 0 2 2 83
1482 10439 303 302 9 15 1 418 14 15 417 1 15 0 2 2 83
1483 10439 303 302 9 15 1 418 14 15 417 1 15 0 2 2 83
1484 10441 302 301 9 15 1 418 14 15 417 1 15 0 2 2 83
1485 10443 301 300 9 15 1 418 14 15 417 1 15 0 2 2 83
1486 10444 301 299 9 16 0 418 14 15 417 1 15 0 2 2 83
1487 10445 300 299 9 16 0 418 14 15 418 1 14 0 2 2 83
1488 10441 302 301 9 16 0 418 14 15 418 1 14 0 2 2 83
1489 10446 299 299 9 16 0 418 14 15 419 1 13 0 2 2 83
1490 10442 301 301 9 16 0 418 14 15 419 1 13 0 2 2 83
1491 10442 301 301 9 16 0 418 14 15 419 1 13 0 2 2 83
1492 10440 302 302 9 16 0 418 14 15 419 1 13 0 2 2 83
1493 10440 302 302 9 16 0 418 14 15 419 1 13 0 2 2 83
1494 10447 298 299 9 16 0 418 14 15 420 1 12 0 2 2 83
1495 10450 297 297 9 17 0 418 13 16 419 1 12 0 2 2 83
1496 10457 294 293 9 18 0 418 12 16 419 1 12 0 2 3 82
1497 10461 292 291 9 18 0 418 12 16 419 1 12 0 2 3 82
1498 10463 291 290 9 18 0 418 12 16 419 1 12 0 2 3 82
1499 10466 289 289 9 18 0 417 13 16 419 1 12 0 2 3 82
1500 10466 289 289 9 18 0 417 13 16 419 1 12 0 2 3 82
