0 4425 6150
1 4339 6236
2 4322 6253
3 4340 6235
4 4318 6257
5 4325 6250
6 4319 6256
7 4305 6270
8 4305 6270
9 4304 6271
10 4301 6274
11 4274 6301
12 4277 6298
13 4249 6326
14 4239 6336
15 4236 6339
16 4261 6314
17 4258 6317
18 4274 6301
19 4264 6311
20 4268 6307
21 4282 6293
22 4275 6300
23 4265 6310
24 4274 6301
25 4235 6340
26 4213 6362
27 4170 6405
28 4182 6393
29 4211 6364
30 4208 6367
31 4206 6369
32 4186 6389
33 4200 6375
34 4201 6374
35 4196 6379
36 4186 6389
37 4185 6390
38 4164 6411
39 4165 6410
40 4173 6402
41 4146 6429
42 4155 6420
43 4164 6411
44 4166 6409
45 4160 6415
46 4191 6384
47 4179 6396
48 4182 6393
49 4181 6394
50 4201 6374
51 4183 6392
52 4179 6396
53 4213 6362
54 4198 6377
55 4181 6394
56 4197 6378
57 4222 6353
58 4230 6345
59 4217 6358
60 4202 6373
61 4230 6345
62 4216 6359
63 4223 6352
64 4226 6349
65 4228 6347
66 4221 6354
67 4223 6352
68 4244 6331
69 4249 6326
70 4250 6325
71 4252 6323
72 4248 6327
73 4237 6338
74 4266 6309
75 4278 6297
76 4279 6296
77 4290 6285
78 4280 6295
79 4286 6289
80 4309 6266
81 4276 6299
82 4271 6304
83 4258 6317
84 4265 6310
85 4268 6307
86 4270 6305
87 4289 6286
88 4269 6306
89 4256 6319
90 4255 6320
91 4277 6298
92 4265 6310
93 4293 6282
94 4257 6318
95 4263 6312
96 4273 6302
97 4265 6310
98 4271 6304
99 4264 6311
100 4256 6319
101 4262 6313
102 4267 6308
103 4299 6276
104 4309 6266
105 4311 6264
106 4301 6274
107 4294 6281
108 4277 6298
109 4300 6275
110 4299 6276
111 4291 6284
112 4277 6298
113 4258 6317
114 4237 6338
115 4247 6328
116 4209 6366
117 4224 6351
118 4200 6375
119 4210 6365
120 4231 6344
121 4231 6344
122 4199 6376
123 4189 6386
124 4166 6409
125 4165 6410
126 4181 6394
127 4177 6398
128 4183 6392
129 4189 6386
130 4195 6380
131 4216 6359
132 4206 6369
133 4198 6377
134 4190 6385
135 4200 6375
136 4224 6351
137 4223 6352
138 4205 6370
139 4225 6350
140 4231 6344
141 4240 6335
142 4247 6328
143 4254 6321
144 4242 6333
145 4260 6315
146 4278 6297
147 4301 6274
148 4310 6265
149 4331 6244
150 4322 6253
151 4293 6282
152 4302 6273
153 4286 6289
154 4312 6263
155 4324 6251
156 4352 6223
157 4305 6270
158 4342 6233
159 4350 6225
160 4347 6228
161 4356 6219
162 4324 6251
163 4318 6257
164 4313 6262
165 4328 6247
166 4323 6252
167 4344 6231
168 4320 6255
169 4339 6236
170 4370 6205
171 4349 6226
172 4327 6248
173 4322 6253
174 4335 6240
175 4326 6249
176 4321 6254
177 4321 6254
178 4332 6243
179 4348 6227
180 4346 6229
181 4342 6233
182 4359 6216
183 4354 6221
184 4376 6199
185 4369 6206
186 4379 6196
187 4380 6195
188 4392 6183
189 4396 6179
190 4395 6180
191 4402 6173
192 4399 6176
193 4390 6185
194 4407 6168
195 4399 6176
196 4401 6174
197 4390 6185
198 4361 6214
199 4390 6185
200 4374 6201
201 4393 6182
202 4397 6178
203 4409 6166
204 4390 6185
205 4394 6181
206 4380 6195
207 4374 6201
208 4376 6199
209 4363 6212
210 4352 6223
211 4339 6236
212 4340 6235
213 4371 6204
214 4337 6238
215 4316 6259
216 4319 6256
217 4328 6247
218 4328 6247
219 4330 6245
220 4331 6244
221 4324 6251
222 4305 6270
223 4320 6255
224 4360 6215
225 4319 6256
226 4291 6284
227 4295 6280
228 4291 6284
229 4331 6244
230 4335 6240
231 4346 6229
232 4370 6205
233 4384 6191
234 4356 6219
235 4354 6221
236 4345 6230
237 4361 6214
238 4351 6224
239 4336 6239
240 4318 6257
241 4318 6257
242 4331 6244
243 4319 6256
244 4335 6240
245 4321 6254
246 4335 6240
247 4348 6227
248 4322 6253
249 4310 6265
250 4320 6255
251 4313 6262
252 4343 6232
253 4368 6207
254 4363 6212
255 4388 6187
256 4391 6184
257 4355 6220
258 4365 6210
259 4384 6191
260 4369 6206
261 4374 6201
262 4387 6188
263 4353 6222
264 4388 6187
265 4377 6198
266 4356 6219
267 4353 6222
268 4349 6226
269 4341 6234
270 4345 6230
271 4325 6250
272 4298 6277
273 4303 6272
274 4324 6251
275 4343 6232
276 4332 6243
277 4351 6224
278 4341 6234
279 4348 6227
280 4344 6231
281 4350 6225
282 4345 6230
283 4347 6228
284 4369 6206
285 4371 6204
286 4395 6180
287 4403 6172
288 4387 6188
289 4391 6184
290 4358 6217
291 4401 6174
292 4414 6161
293 4411 6164
294 4407 6168
295 4420 6155
296 4427 6148
297 4421 6154
298 4401 6174
299 4400 6175
300 4370 6205
301 4352 6223
302 4358 6217
303 4368 6207
304 4357 6218
305 4362 6213
306 4373 6202
307 4348 6227
308 4333 6242
309 4338 6237
310 4345 6230
311 4356 6219
312 4339 6236
313 4329 6246
314 4329 6246
315 4329 6246
316 4343 6232
317 4321 6254
318 4321 6254
319 4327 6248
320 4320 6255
321 4320 6255
322 4332 6243
323 4345 6230
324 4319 6256
325 4312 6263
326 4308 6267
327 4315 6260
328 4319 6256
329 4316 6259
330 4329 6246
331 4328 6247
332 4343 6232
333 4327 6248
334 4314 6261
335 4322 6253
336 4337 6238
337 4321 6254
338 4327 6248
339 4326 6249
340 4347 6228
341 4355 6220
342 4353 6222
343 4340 6235
344 4328 6247
345 4332 6243
346 4336 6239
347 4334 6241
348 4325 6250
349 4314 6261
350 4316 6259
351 4321 6254
352 4299 6276
353 4304 6271
354 4314 6261
355 4328 6247
356 4334 6241
357 4339 6236
358 4337 6238
359 4349 6226
360 4340 6235
361 4368 6207
362 4382 6193
363 4393 6182
364 4402 6173
365 4403 6172
366 4396 6179
367 4397 6178
368 4411 6164
369 4444 6131
370 4456 6119
371 4448 6127
372 4457 6118
373 4422 6153
374 4422 6153
375 4428 6147
376 4439 6136
377 4418 6157
378 4415 6160
379 4403 6172
380 4412 6163
381 4393 6182
382 4393 6182
383 4408 6167
384 4416 6159
385 4436 6139
386 4434 6141
387 4445 6130
388 4427 6148
389 4459 6116
390 4452 6123
391 4429 6146
392 4449 6126
393 4453 6122
394 4456 6119
395 4426 6149
396 4472 6103
397 4491 6084
398 4489 6086
399 4495 6080
400 4493 6082
401 4511 6064
402 4519 6056
403 4508 6067
404 4534 6041
405 4506 6069
406 4476 6099
407 4464 6111
408 4466 6109
409 4486 6089
410 4469 6106
411 4490 6085
412 4491 6084
413 4501 6074
414 4528 6047
415 4529 6046
416 4505 6070
417 4522 6053
418 4514 6061
419 4481 6094
420 4499 6076
421 4482 6093
422 4466 6109
423 4451 6124
424 4450 6125
425 4465 6110
426 4432 6143
427 4449 6126
428 4420 6155
429 4423 6152
430 4483 6092
431 4476 6099
432 4470 6105
433 4457 6118
434 4450 6125
435 4442 6133
436 4460 6115
437 4459 6116
438 4463 6112
439 4477 6098
440 4442 6133
441 4426 6149
442 4417 6158
443 4421 6154
444 4428 6147
445 4406 6169
446 4424 6151
447 4429 6146
448 4430 6145
449 4416 6159
450 4401 6174
451 4387 6188
452 4401 6174
453 4382 6193
454 4392 6183
455 4406 6169
456 4409 6166
457 4400 6175
458 4415 6160
459 4436 6139
460 4439 6136
461 4434 6141
462 4414 6161
463 4428 6147
464 4453 6122
465 4428 6147
466 4434 6141
467 4410 6165
468 4432 6143
469 4423 6152
470 4414 6161
471 4409 6166
472 4417 6158
473 4426 6149
474 4425 6150
475 4430 6145
476 4436 6139
477 4408 6167
478 4428 6147
479 4431 6144
480 4443 6132
481 4459 6116
482 4440 6135
483 4429 6146
484 4429 6146
485 4435 6140
486 4428 6147
487 4419 6156
488 4434 6141
489 4456 6119
490 4455 6120
491 4453 6122
492 4434 6141
493 4444 6131
494 4427 6148
495 4429 6146
496 4421 6154
497 4429 6146
498 4425 6150
499 4426 6149
500 4422 6153
501 4427 6148
502 4441 6134
503 4432 6143
504 4436 6139
505 4400 6175
506 4408 6167
507 4368 6207
508 4365 6210
509 4347 6228
510 4331 6244
511 4346 6229
512 4382 6193
513 4395 6180
514 4389 6186
515 4381 6194
516 4371 6204
517 4395 6180
518 4408 6167
519 4376 6199
520 4362 6213
521 4354 6221
522 4351 6224
523 4336 6239
524 4328 6247
525 4343 6232
526 4339 6236
527 4342 6233
528 4332 6243
529 4316 6259
530 4322 6253
531 4324 6251
532 4299 6276
533 4330 6245
534 4331 6244
535 4330 6245
536 4331 6244
537 4323 6252
538 4312 6263
539 4338 6237
540 4344 6231
541 4342 6233
542 4346 6229
543 4353 6222
544 4352 6223
545 4328 6247
546 4371 6204
547 4383 6192
548 4399 6176
549 4368 6207
550 4344 6231
551 4348 6227
552 4355 6220
553 4388 6187
554 4398 6177
555 4375 6200
556 4361 6214
557 4389 6186
558 4412 6163
559 4426 6149
560 4416 6159
561 4414 6161
562 4385 6190
563 4382 6193
564 4377 6198
565 4387 6188
566 4389 6186
567 4400 6175
568 4399 6176
569 4394 6181
570 4380 6195
571 4369 6206
572 4390 6185
573 4380 6195
574 4360 6215
575 4370 6205
576 4380 6195
577 4403 6172
578 4396 6179
579 4425 6150
580 4418 6157
581 4379 6196
582 4400 6175
583 4389 6186
584 4415 6160
585 4424 6151
586 4426 6149
587 4444 6131
588 4465 6110
589 4465 6110
590 4460 6115
591 4461 6114
592 4458 6117
593 4475 6100
594 4456 6119
595 4448 6127
596 4458 6117
597 4491 6084
598 4502 6073
599 4479 6096
600 4460 6115
601 4460 6115
602 4427 6148
603 4424 6151
604 4452 6123
605 4455 6120
606 4470 6105
607 4478 6097
608 4456 6119
609 4448 6127
610 4466 6109
611 4468 6107
612 4479 6096
613 4484 6091
614 4477 6098
615 4500 6075
616 4511 6064
617 4514 6061
618 4513 6062
619 4509 6066
620 4479 6096
621 4473 6102
622 4487 6088
623 4489 6086
624 4478 6097
625 4498 6077
626 4514 6061
627 4516 6059
628 4521 6054
629 4520 6055
630 4485 6090
631 4467 6108
632 4450 6125
633 4485 6090
634 4461 6114
635 4463 6112
636 4442 6133
637 4467 6108
638 4459 6116
639 4469 6106
640 4464 6111
641 4425 6150
642 4415 6160
643 4421 6154
644 4434 6141
645 4422 6153
646 4433 6142
647 4428 6147
648 4439 6136
649 4443 6132
650 4428 6147
651 4398 6177
652 4395 6180
653 4402 6173
654 4390 6185
655 4406 6169
656 4399 6176
657 4415 6160
658 4428 6147
659 4402 6173
660 4410 6165
661 4385 6190
662 4390 6185
663 4394 6181
664 4364 6211
665 4380 6195
666 4384 6191
667 4407 6168
668 4395 6180
669 4407 6168
670 4382 6193
671 4387 6188
672 4403 6172
673 4394 6181
674 4401 6174
675 4396 6179
676 4391 6184
677 4392 6183
678 4409 6166
679 4413 6162
680 4438 6137
681 4409 6166
682 4421 6154
683 4416 6159
684 4397 6178
685 4389 6186
686 4411 6164
687 4415 6160
688 4406 6169
689 4406 6169
690 4394 6181
691 4418 6157
692 4419 6156
693 4430 6145
694 4405 6170
695 4435 6140
696 4408 6167
697 4389 6186
698 4389 6186
699 4384 6191
700 4386 6189
701 4376 6199
702 4373 6202
703 4378 6197
704 4412 6163
705 4389 6186
706 4390 6185
707 4407 6168
708 4425 6150
709 4418 6157
710 4384 6191
711 4398 6177
712 4403 6172
713 4401 6174
714 4406 6169
715 4400 6175
716 4408 6167
717 4394 6181
718 4411 6164
719 4402 6173
720 4404 6171
721 4381 6194
722 4378 6197
723 4380 6195
724 4362 6213
725 4378 6197
726 4362 6213
727 4381 6194
728 4393 6182
729 4387 6188
730 4377 6198
731 4376 6199
732 4387 6188
733 4391 6184
734 4415 6160
735 4399 6176
736 4421 6154
737 4430 6145
738 4427 6148
739 4422 6153
740 4402 6173
741 4412 6163
742 4393 6182
743 4385 6190
744 4378 6197
745 4371 6204
746 4398 6177
747 4399 6176
748 4392 6183
749 4411 6164
750 4427 6148
751 4418 6157
752 4427 6148
753 4413 6162
754 4427 6148
755 4457 6118
756 4467 6108
757 4447 6128
758 4450 6125
759 4481 6094
760 4502 6073
761 4515 6060
762 4523 6052
763 4513 6062
764 4516 6059
765 4500 6075
766 4484 6091
767 4491 6084
768 4478 6097
769 4482 6093
770 4484 6091
771 4479 6096
772 4503 6072
773 4503 6072
774 4496 6079
775 4496 6079
776 4489 6086
777 4526 6049
778 4538 6037
779 4531 6044
780 4541 6034
781 4531 6044
782 4515 6060
783 4497 6078
784 4484 6091
785 4493 6082
786 4467 6108
787 4482 6093
788 4491 6084
789 4491 6084
790 4528 6047
791 4527 6048
792 4525 6050
793 4518 6057
794 4511 6064
795 4528 6047
796 4506 6069
797 4527 6048
798 4526 6049
799 4523 6052
800 4530 6045
801 4531 6044
802 4527 6048
803 4518 6057
804 4529 6046
805 4485 6090
806 4487 6088
807 4483 6092
808 4483 6092
809 4472 6103
810 4468 6107
811 4445 6130
812 4447 6128
813 4436 6139
814 4409 6166
815 4424 6151
816 4439 6136
817 4438 6137
818 4445 6130
819 4419 6156
820 4410 6165
821 4406 6169
822 4387 6188
823 4389 6186
824 4383 6192
825 4382 6193
826 4397 6178
827 4402 6173
828 4416 6159
829 4409 6166
830 4410 6165
831 4410 6165
832 4400 6175
833 4407 6168
834 4393 6182
835 4398 6177
836 4378 6197
837 4374 6201
838 4367 6208
839 4375 6200
840 4382 6193
841 4396 6179
842 4369 6206
843 4358 6217
844 4349 6226
845 4346 6229
846 4354 6221
847 4398 6177
848 4374 6201
849 4352 6223
850 4349 6226
851 4327 6248
852 4361 6214
853 4375 6200
854 4383 6192
855 4377 6198
856 4379 6196
857 4368 6207
858 4371 6204
859 4375 6200
860 4383 6192
861 4390 6185
862 4383 6192
863 4389 6186
864 4407 6168
865 4417 6158
866 4396 6179
867 4407 6168
868 4414 6161
869 4436 6139
870 4436 6139
871 4442 6133
872 4428 6147
873 4429 6146
874 4461 6114
875 4457 6118
876 4450 6125
877 4438 6137
878 4463 6112
879 4453 6122
880 4432 6143
881 4430 6145
882 4439 6136
883 4428 6147
884 4418 6157
885 4426 6149
886 4398 6177
887 4405 6170
888 4394 6181
889 4382 6193
890 4380 6195
891 4385 6190
892 4366 6209
893 4372 6203
894 4372 6203
895 4371 6204
896 4397 6178
897 4369 6206
898 4392 6183
899 4414 6161
900 4425 6150
901 4439 6136
902 4429 6146
903 4409 6166
904 4409 6166
905 4403 6172
906 4415 6160
907 4391 6184
908 4411 6164
909 4399 6176
910 4440 6135
911 4452 6123
912 4457 6118
913 4446 6129
914 4428 6147
915 4422 6153
916 4408 6167
917 4402 6173
918 4414 6161
919 4416 6159
920 4433 6142
921 4430 6145
922 4415 6160
923 4418 6157
924 4414 6161
925 4402 6173
926 4418 6157
927 4422 6153
928 4426 6149
929 4419 6156
930 4417 6158
931 4427 6148
932 4432 6143
933 4462 6113
934 4448 6127
935 4429 6146
936 4429 6146
937 4424 6151
938 4469 6106
939 4479 6096
940 4458 6117
941 4463 6112
942 4460 6115
943 4471 6104
944 4483 6092
945 4472 6103
946 4457 6118
947 4461 6114
948 4476 6099
949 4495 6080
950 4502 6073
951 4511 6064
952 4490 6085
953 4468 6107
954 4483 6092
955 4489 6086
956 4516 6059
957 4516 6059
958 4496 6079
959 4508 6067
960 4504 6071
961 4456 6119
962 4454 6121
963 4446 6129
964 4462 6113
965 4471 6104
966 4482 6093
967 4499 6076
968 4488 6087
969 4498 6077
970 4471 6104
971 4475 6100
972 4458 6117
973 4459 6116
974 4482 6093
975 4494 6081
976 4494 6081
977 4475 6100
978 4490 6085
979 4478 6097
980 4476 6099
981 4513 6062
982 4490 6085
983 4509 6066
984 4534 6041
985 4536 6039
986 4567 6008
987 4563 6012
988 4536 6039
989 4522 6053
990 4495 6080
991 4489 6086
992 4497 6078
993 4477 6098
994 4511 6064
995 4501 6074
996 4501 6074
997 4515 6060
998 4523 6052
999 4506 6069
1000 4515 6060
1001 4517 6058
1002 4514 6061
1003 4524 6051
1004 4560 6015
1005 4534 6041
1006 4541 6034
1007 4530 6045
1008 4529 6046
1009 4526 6049
1010 4531 6044
1011 4520 6055
1012 4529 6046
1013 4522 6053
1014 4517 6058
1015 4472 6103
1016 4475 6100
1017 4494 6081
1018 4509 6066
1019 4543 6032
1020 4524 6051
1021 4519 6056
1022 4537 6038
1023 4545 6030
1024 4557 6018
1025 4548 6027
1026 4564 6011
1027 4581 5994
1028 4574 6001
1029 4576 5999
1030 4570 6005
1031 4558 6017
1032 4577 5998
1033 4549 6026
1034 4570 6005
1035 4574 6001
1036 4563 6012
1037 4555 6020
1038 4555 6020
1039 4565 6010
1040 4554 6021
1041 4543 6032
1042 4542 6033
1043 4538 6037
1044 4555 6020
1045 4562 6013
1046 4535 6040
1047 4519 6056
1048 4526 6049
1049 4529 6046
1050 4528 6047
1051 4521 6054
1052 4486 6089
1053 4511 6064
1054 4492 6083
1055 4483 6092
1056 4476 6099
1057 4477 6098
1058 4442 6133
1059 4429 6146
1060 4430 6145
1061 4420 6155
1062 4429 6146
1063 4407 6168
1064 4420 6155
1065 4425 6150
1066 4445 6130
1067 4440 6135
1068 4406 6169
1069 4424 6151
1070 4454 6121
1071 4464 6111
1072 4417 6158
1073 4428 6147
1074 4430 6145
1075 4415 6160
1076 4431 6144
1077 4482 6093
1078 4492 6083
1079 4495 6080
1080 4482 6093
1081 4485 6090
1082 4449 6126
1083 4453 6122
1084 4443 6132
1085 4446 6129
1086 4435 6140
1087 4450 6125
1088 4452 6123
1089 4469 6106
1090 4460 6115
1091 4476 6099
1092 4467 6108
1093 4485 6090
1094 4480 6095
1095 4502 6073
1096 4507 6068
1097 4495 6080
1098 4454 6121
1099 4428 6147
1100 4434 6141
1101 4425 6150
1102 4429 6146
1103 4413 6162
1104 4406 6169
1105 4422 6153
1106 4433 6142
1107 4435 6140
1108 4449 6126
1109 4492 6083
1110 4509 6066
1111 4511 6064
1112 4527 6048
1113 4533 6042
1114 4533 6042
1115 4515 6060
1116 4523 6052
1117 4527 6048
1118 4544 6031
1119 4529 6046
1120 4521 6054
1121 4506 6069
1122 4514 6061
1123 4502 6073
1124 4485 6090
1125 4472 6103
1126 4461 6114
1127 4476 6099
1128 4455 6120
1129 4465 6110
1130 4464 6111
1131 4467 6108
1132 4490 6085
1133 4473 6102
1134 4448 6127
1135 4435 6140
1136 4439 6136
1137 4444 6131
1138 4424 6151
1139 4438 6137
1140 4438 6137
1141 4419 6156
1142 4413 6162
1143 4412 6163
1144 4428 6147
1145 4423 6152
1146 4424 6151
1147 4440 6135
1148 4441 6134
1149 4466 6109
1150 4488 6087
1151 4480 6095
1152 4478 6097
1153 4486 6089
1154 4471 6104
1155 4483 6092
1156 4470 6105
1157 4475 6100
1158 4445 6130
1159 4443 6132
1160 4427 6148
1161 4429 6146
1162 4421 6154
1163 4425 6150
1164 4439 6136
1165 4461 6114
1166 4456 6119
1167 4476 6099
1168 4513 6062
1169 4514 6061
1170 4511 6064
1171 4488 6087
1172 4494 6081
1173 4463 6112
1174 4457 6118
1175 4454 6121
1176 4466 6109
1177 4449 6126
1178 4443 6132
1179 4462 6113
1180 4473 6102
1181 4454 6121
1182 4428 6147
1183 4434 6141
1184 4477 6098
1185 4479 6096
1186 4473 6102
1187 4471 6104
1188 4510 6065
1189 4509 6066
1190 4507 6068
1191 4495 6080
1192 4501 6074
1193 4479 6096
1194 4476 6099
1195 4476 6099
1196 4486 6089
1197 4478 6097
1198 4469 6106
1199 4451 6124
1200 4458 6117
1201 4469 6106
1202 4458 6117
1203 4471 6104
1204 4454 6121
1205 4435 6140
1206 4420 6155
1207 4402 6173
1208 4416 6159
1209 4380 6195
1210 4359 6216
1211 4418 6157
1212 4423 6152
1213 4403 6172
1214 4411 6164
1215 4402 6173
1216 4386 6189
1217 4375 6200
1218 4375 6200
1219 4362 6213
1220 4386 6189
1221 4395 6180
1222 4407 6168
1223 4409 6166
1224 4413 6162
1225 4414 6161
1226 4448 6127
1227 4429 6146
1228 4432 6143
1229 4438 6137
1230 4463 6112
1231 4465 6110
1232 4464 6111
1233 4449 6126
1234 4446 6129
1235 4433 6142
1236 4436 6139
1237 4429 6146
1238 4407 6168
1239 4420 6155
1240 4430 6145
1241 4450 6125
1242 4468 6107
1243 4470 6105
1244 4463 6112
1245 4430 6145
1246 4415 6160
1247 4434 6141
1248 4411 6164
1249 4401 6174
1250 4393 6182
1251 4393 6182
1252 4388 6187
1253 4382 6193
1254 4397 6178
1255 4373 6202
1256 4370 6205
1257 4381 6194
1258 4368 6207
1259 4361 6214
1260 4350 6225
1261 4354 6221
1262 4372 6203
1263 4371 6204
1264 4379 6196
1265 4388 6187
1266 4399 6176
1267 4395 6180
1268 4389 6186
1269 4419 6156
1270 4397 6178
1271 4405 6170
1272 4379 6196
1273 4364 6211
1274 4363 6212
1275 4322 6253
1276 4325 6250
1277 4333 6242
1278 4360 6215
1279 4342 6233
1280 4352 6223
1281 4352 6223
1282 4344 6231
1283 4315 6260
1284 4291 6284
1285 4332 6243
1286 4336 6239
1287 4319 6256
1288 4327 6248
1289 4328 6247
1290 4324 6251
1291 4347 6228
1292 4333 6242
1293 4331 6244
1294 4330 6245
1295 4319 6256
1296 4304 6271
1297 4293 6282
1298 4289 6286
1299 4309 6266
1300 4321 6254
1301 4312 6263
1302 4308 6267
1303 4293 6282
1304 4248 6327
1305 4259 6316
1306 4286 6289
1307 4288 6287
1308 4294 6281
1309 4276 6299
1310 4280 6295
1311 4275 6300
1312 4279 6296
1313 4303 6272
