0 1337 0 0 0 0 0 0 0 0 0 0 0 0 0 0 0
1 12029 2 2 0 0 0 0 0 0 0 0 0 0 0 0 0
2 12029 2 2 0 0 0 0 0 0 0 0 0 0 0 0 0
3 12027 3 3 0 0 0 0 0 0 0 0 0 0 0 0 0
4 12025 4 4 0 0 0 0 0 0 0 0 0 0 0 0 0
5 12025 4 4 0 0 0 0 0 0 0 0 0 0 0 0 0
6 12023 5 5 0 0 0 0 0 0 0 0 0 0 0 0 0
7 12023 5 5 0 0 0 0 0 0 0 0 0 0 0 0 0
8 12019 7 7 0 0 0 0 0 0 0 0 0 0 0 0 0
9 12017 8 8 0 0 0 0 0 0 0 0 0 0 0 0 0
10 12013 10 10 0 0 0 0 0 0 0 0 0 0 0 0 0
11 12011 11 11 0 0 0 0 0 0 0 0 0 0 0 0 0
12 12009 12 12 0 0 0 0 0 0 0 0 0 0 0 0 0
13 12009 12 12 0 0 0 0 0 0 0 0 0 0 0 0 0
14 12007 13 13 0 0 0 0 0 0 0 0 0 0 0 0 0
15 12007 13 13 0 0 0 0 0 0 0 0 0 0 0 0 0
16 12005 14 14 0 0 0 0 0 0 0 0 0 0 0 0 0
17 12003 15 15 0 0 0 0 0 0 0 0 0 0 0 0 0
18 12003 15 15 0 0 0 0 0 0 0 0 0 0 0 0 0
19 11995 19 19 0 0 0 0 0 0 0 0 0 0 0 0 0
20 11995 19 19 0 0 0 0 0 0 0 0 0 0 0 0 0
21 11989 22 22 0 0 0 0 0 0 0 0 0 0 0 0 0
22 11987 23 23 0 0 0 0 0 0 0 0 0 0 0 0 0
23 11987 23 23 0 0 0 0 0 0 0 0 0 0 0 0 0
24 11985 24 24 0 0 0 0 0 0 0 0 0 0 0 0 0
25 11987 23 23 0 0 0 0 0 0 0 0 0 0 0 0 0
26 11985 24 24 0 0 0 0 0 0 0 0 0 0 0 0 0
27 11983 25 25 0 0 0 0 0 0 0 0 0 0 0 0 0
28 11979 27 27 0 0 0 0 0 0 0 0 0 0 0 0 0
29 11979 27 27 0 0 0 0 0 0 0 0 0 0 0 0 0
30 11977 28 28 0 0 0 0 0 0 0 0 0 0 0 0 0
31 11973 30 30 0 0 0 0 0 0 0 0 0 0 0 0 0
32 11973 30 30 0 0 0 0 0 0 0 0 0 0 0 0 0
33 11973 30 30 0 0 0 0 0 0 0 0 0 0 0 0 0
34 11971 31 31 0 0 0 0 0 0 0 0 0 0 0 0 0
35 11967 33 33 0 0 0 0 0 0 0 0 0 0 0 0 0
36 11965 34 34 0 0 0 0 0 0 0 0 0 0 0 0 0
37 11965 34 34 0 0 0 0 0 0 0 0 0 0 0 0 0
38 11965 34 34 0 0 0 0 0 0 0 0 0 0 0 0 0
39 11959 37 37 0 0 0 0 0 0 0 0 0 0 0 0 0
40 11957 38 38 0 0 0 0 0 0 0 0 0 0 0 0 0
41 11955 39 39 0 0 0 0 0 0 0 0 0 0 0 0 0
42 11951 41 41 0 0 0 0 0 0 0 0 0 0 0 0 0
43 11949 42 42 0 0 0 0 0 0 0 0 0 0 0 0 0
44 11947 43 43 0 0 0 0 0 0 0 0 0 0 0 0 0
45 11941 46 46 0 0 0 0 0 0 0 0 0 0 0 0 0
46 11941 46 46 0 0 0 0 0 0 0 0 0 0 0 0 0
47 11941 46 46 0 0 0 0 0 0 0 0 0 0 0 0 0
48 11941 46 46 0 0 0 0 0 0 0 0 0 0 0 0 0
49 11939 47 47 0 0 0 0 0 0 0 0 0 0 0 0 0
50 11937 48 48 0 0 0 0 0 0 0 0 0 0 0 0 0
51 11931 51 51 0 0 0 0 0 0 0 0 0 0 0 0 0
52 11925 54 54 0 0 0 0 0 0 0 0 0 0 0 0 0
53 11923 55 55 0 0 0 0 0 0 0 0 0 0 0 0 0
54 11917 58 58 0 0 0 0 0 0 0 0 0 0 0 0 0
55 11915 59 59 0 0 0 0 0 0 0 0 0 0 0 0 0
56 11911 61 61 0 0 0 0 0 0 0 0 0 0 0 0 0
57 11907 63 63 0 0 0 0 0 0 0 0 0 0 0 0 0
58 11909 62 62 0 0 0 0 0 0 0 0 0 0 0 0 0
59 11907 63 63 0 0 0 0 0 0 0 0 0 0 0 0 0
60 11907 63 63 0 0 0 0 0 0 0 0 0 0 0 0 0
61 11905 64 64 0 0 0 0 0 0 0 0 0 0 0 0 0
62 11901 66 66 0 0 0 0 0 0 0 0 0 0 0 0 0
63 11901 66 66 0 0 0 0 0 0 0 0 0 0 0 0 0
64 11903 65 65 0 0 0 0 0 0 0 0 0 0 0 0 0
65 11901 66 66 0 0 0 0 0 0 0 0 0 0 0 0 0
66 11899 67 67 0 0 0 0 0 0 0 0 0 0 0 0 0
67 11897 68 68 0 0 0 0 0 0 0 0 0 0 0 0 0
68 11897 68 68 0 0 0 0 0 0 0 0 0 0 0 0 0
69 11899 67 67 0 0 0 0 0 0 0 0 0 0 0 0 0
70 11897 68 68 0 0 0 0 0 0 0 0 0 0 0 0 0
71 11889 72 72 0 0 0 0 0 0 0 0 0 0 0 0 0
72 11891 71 71 0 0 0 0 0 0 0 0 0 0 0 0 0
73 11891 71 71 0 0 0 0 0 0 0 0 0 0 0 0 0
74 11883 75 75 0 0 0 0 0 0 0 0 0 0 0 0 0
75 11881 76 76 0 0 0 0 0 0 0 0 0 0 0 0 0
76 11877 78 78 0 0 0 0 0 0 0 0 0 0 0 0 0
77 11875 79 79 0 0 0 0 0 0 0 0 0 0 0 0 0
78 11875 79 79 0 0 0 0 0 0 0 0 0 0 0 0 0
79 11875 79 79 0 0 0 0 0 0 0 0 0 0 0 0 0
80 11875 79 79 0 0 0 0 0 0 0 0 0 0 0 0 0
81 11875 79 79 0 0 0 0 0 0 0 0 0 0 0 0 0
82 11875 79 79 0 0 0 0 0 0 0 0 0 0 0 0 0
83 11877 78 78 0 0 0 0 0 0 0 0 0 0 0 0 0
84 11873 80 80 0 0 0 0 0 0 0 0 0 0 0 0 0
85 11871 81 81 0 0 0 0 0 0 0 0 0 0 0 0 0
86 11867 83 83 0 0 0 0 0 0 0 0 0 0 0 0 0
87 11863 85 85 0 0 0 0 0 0 0 0 0 0 0 0 0
88 11853 90 90 0 0 0 0 0 0 0 0 0 0 0 0 0
89 11851 91 91 0 0 0 0 0 0 0 0 0 0 0 0 0
90 11849 92 92 0 0 0 0 0 0 0 0 0 0 0 0 0
91 11847 93 93 0 0 0 0 0 0 0 0 0 0 0 0 0
92 11847 93 93 0 0 0 0 0 0 0 0 0 0 0 0 0
93 11847 93 93 0 0 0 0 0 0 0 0 0 0 0 0 0
94 11843 95 95 0 0 0 0 0 0 0 0 0 0 0 0 0
95 11841 96 96 0 0 0 0 0 0 0 0 0 0 0 0 0
96 11841 96 96 0 0 0 0 0 0 0 0 0 0 0 0 0
97 11839 97 97 0 0 0 0 0 0 0 0 0 0 0 0 0
98 11835 99 99 0 0 0 0 0 0 0 0 0 0 0 0 0
99 11833 100 100 0 0 0 0 0 0 0 0 0 0 0 0 0
100 11835 99 99 0 0 0 0 0 0 0 0 0 0 0 0 0
101 11837 98 98 0 0 0 0 0 0 0 0 0 0 0 0 0
102 11837 98 98 0 0 0 0 0 0 0 0 0 0 0 0 0
103 11837 98 98 0 0 0 0 0 0 0 0 0 0 0 0 0
104 11833 100 100 0 0 0 0 0 0 0 0 0 0 0 0 0
105 11830 101 101 1 0 0 0 0 0 0 0 0 0 0 0 0
106 11834 99 99 1 0 0 0 0 0 0 0 0 0 0 0 0
107 11833 100 100 0 0 0 0 0 0 0 0 0 0 0 0 0
108 11831 101 101 0 0 0 0 0 0 0 0 0 0 0 0 0
109 11829 102 102 0 0 0 0 0 0 0 0 0 0 0 0 0
110 11831 101 101 0 0 0 0 0 0 0 0 0 0 0 0 0
111 11821 106 106 0 0 0 0 0 0 0 0 0 0 0 0 0
112 11821 106 106 0 0 0 0 0 0 0 0 0 0 0 0 0
113 11817 108 108 0 0 0 0 0 0 0 0 0 0 0 0 0
114 11817 108 108 0 0 0 0 0 0 0 0 0 0 0 0 0
115 11817 108 108 0 0 0 0 0 0 0 0 0 0 0 0 0
116 11815 109 109 0 0 0 0 0 0 0 0 0 0 0 0 0
117 11815 109 109 0 0 0 0 0 0 0 0 0 0 0 0 0
118 11814 109 109 1 0 0 0 0 0 0 0 0 0 0 0 0
119 11812 110 110 1 0 0 0 0 0 0 0 0 0 0 0 0
120 11810 111 111 1 0 0 0 0 0 0 0 0 0 0 0 0
121 11808 112 112 1 0 0 0 0 0 0 0 0 0 0 0 0
122 11810 111 111 1 0 0 0 0 0 0 0 0 0 0 0 0
123 11810 111 111 1 0 0 0 0 0 0 0 0 0 0 0 0
124 11808 112 112 1 0 0 0 0 0 0 0 0 0 0 0 0
125 11806 113 113 1 0 0 0 0 0 0 0 0 0 0 0 0
126 11802 115 115 1 0 0 0 0 0 0 0 0 0 0 0 0
127 11804 114 114 1 0 0 0 0 0 0 0 0 0 0 0 0
128 11806 113 113 1 0 0 0 0 0 0 0 0 0 0 0 0
129 11800 116 116 1 0 0 0 0 0 0 0 0 0 0 0 0
130 11798 117 117 1 0 0 0 0 0 0 0 0 0 0 0 0
131 11796 118 118 1 0 0 0 0 0 0 0 0 0 0 0 0
132 11798 117 117 1 0 0 0 0 0 0 0 0 0 0 0 0
133 11798 117 117 1 0 0 0 0 0 0 0 0 0 0 0 0
134 11798 117 117 1 0 0 0 0 0 0 0 0 0 0 0 0
135 11796 118 118 1 0 0 0 0 0 0 0 0 0 0 0 0
136 11790 121 121 1 0 0 0 0 0 0 0 0 0 0 0 0
137 11786 123 123 1 0 0 0 0 0 0 0 0 0 0 0 0
138 11782 125 125 1 0 0 0 0 0 0 0 0 0 0 0 0
139 11782 125 125 1 0 0 0 0 0 0 0 0 0 0 0 0
140 11778 127 127 1 0 0 0 0 0 0 0 0 0 0 0 0
141 11776 128 128 1 0 0 0 0 0 0 0 0 0 0 0 0
142 11776 128 128 1 0 0 0 0 0 0 0 0 0 0 0 0
143 11770 131 131 1 0 0 0 0 0 0 0 0 0 0 0 0
144 11768 132 132 1 0 0 0 0 0 0 0 0 0 0 0 0
145 11766 133 133 1 0 0 0 0 0 0 0 0 0 0 0 0
146 11764 134 134 1 0 0 0 0 0 0 0 0 0 0 0 0
147 11752 140 140 1 0 0 0 0 0 0 0 0 0 0 0 0
148 11750 141 141 1 0 0 0 0 0 0 0 0 0 0 0 0
149 11748 142 142 1 0 0 0 0 0 0 0 0 0 0 0 0
150 11742 145 145 1 0 0 0 0 0 0 0 0 0 0 0 0
151 11740 146 146 1 0 0 0 0 0 0 0 0 0 0 0 0
152 11740 146 146 1 0 0 0 0 0 0 0 0 0 0 0 0
153 11738 147 147 1 0 0 0 0 0 0 0 0 0 0 0 0
154 11736 148 148 1 0 0 0 0 0 0 0 0 0 0 0 0
155 11728 152 152 1 0 0 0 0 0 0 0 0 0 0 0 0
156 11726 153 153 1 0 0 0 0 0 0 0 0 0 0 0 0
157 11724 154 154 1 0 0 0 0 0 0 0 0 0 0 0 0
158 11724 154 154 1 0 0 0 0 0 0 0 0 0 0 0 0
159 11720 156 156 1 0 0 0 0 0 0 0 0 0 0 0 0
160 11716 158 158 1 0 0 0 0 0 0 0 0 0 0 0 0
161 11712 160 160 1 0 0 0 0 0 0 0 0 0 0 0 0
162 11700 166 166 1 0 0 0 0 0 0 0 0 0 0 0 0
163 11698 167 167 1 0 0 0 0 0 0 0 0 0 0 0 0
164 11700 166 166 1 0 0 0 0 0 0 0 0 0 0 0 0
165 11686 173 173 1 0 0 0 0 0 0 0 0 0 0 0 0
166 11678 177 177 1 0 0 0 0 0 0 0 0 0 0 0 0
167 11674 179 179 1 0 0 0 0 0 0 0 0 0 0 0 0
168 11664 184 184 1 0 0 0 0 0 0 0 0 0 0 0 0
169 11656 188 188 1 0 0 0 0 0 0 0 0 0 0 0 0
170 11646 193 193 1 0 0 0 0 0 0 0 0 0 0 0 0
171 11640 196 196 1 0 0 0 0 0 0 0 0 0 0 0 0
172 11634 199 199 1 0 0 0 0 0 0 0 0 0 0 0 0
173 11629 201 201 2 0 0 0 0 0 0 0 0 0 0 0 0
174 11621 205 205 2 0 0 0 0 0 0 0 0 0 0 0 0
175 11611 210 210 2 0 0 0 0 0 0 0 0 0 0 0 0
176 11605 213 213 2 0 0 0 0 0 0 0 0 0 0 0 0
177 11601 215 215 2 0 0 0 0 0 0 0 0 0 0 0 0
178 11603 214 214 2 0 0 0 0 0 0 0 0 0 0 0 0
179 11599 216 216 2 0 0 0 0 0 0 0 0 0 0 0 0
180 11585 223 223 2 0 0 0 0 0 0 0 0 0 0 0 0
181 11580 225 225 3 0 0 0 0 0 0 0 0 0 0 0 0
182 11558 236 236 3 0 0 0 0 0 0 0 0 0 0 0 0
183 11550 240 240 3 0 0 0 0 0 0 0 0 0 0 0 0
184 11533 248 248 4 0 0 0 0 0 0 0 0 0 0 0 0
185 11525 252 252 4 0 0 0 0 0 0 0 0 0 0 0 0
186 11523 253 253 4 0 0 0 0 0 0 0 0 0 0 0 0
187 11513 258 258 4 0 0 0 0 0 0 0 0 0 0 0 0
188 11511 259 259 4 0 0 0 0 0 0 0 0 0 0 0 0
189 11505 262 262 4 0 0 0 0 0 0 0 0 0 0 0 0
190 11499 265 265 4 0 0 0 0 0 0 0 0 0 0 0 0
191 11499 265 265 4 0 0 0 0 0 0 0 0 0 0 0 0
192 11489 270 270 4 0 0 0 0 0 0 0 0 0 0 0 0
193 11487 271 271 4 0 0 0 0 0 0 0 0 0 0 0 0
194 11477 276 276 4 0 0 0 0 0 0 0 0 0 0 0 0
195 11469 280 280 4 0 0 0 0 0 0 0 0 0 0 0 0
196 11473 278 278 4 0 0 0 0 0 0 0 0 0 0 0 0
197 11474 278 278 3 0 0 0 0 0 0 0 0 0 0 0 0
198 11468 281 281 3 0 0 0 0 0 0 0 0 0 0 0 0
199 11464 283 283 3 0 0 0 0 0 0 0 0 0 0 0 0
200 11454 288 288 3 0 0 0 0 0 0 0 0 0 0 0 0
201 11453 288 288 4 0 0 0 0 0 0 0 0 0 0 0 0
202 11443 293 293 4 0 0 0 0 0 0 0 0 0 0 0 0
203 11441 294 294 4 0 0 0 0 0 0 0 0 0 0 0 0
204 11433 298 298 4 0 0 0 0 0 0 0 0 0 0 0 0
205 11425 302 302 4 0 0 0 0 0 0 0 0 0 0 0 0
206 11422 303 303 5 0 0 0 0 0 0 0 0 0 0 0 0
207 11418 305 305 5 0 0 0 0 0 0 0 0 0 0 0 0
208 11426 301 301 5 0 0 0 0 0 0 0 0 0 0 0 0
209 11422 303 303 5 0 0 0 0 0 0 0 0 0 0 0 0
210 11420 304 304 5 0 0 0 0 0 0 0 0 0 0 0 0
211 11416 306 306 5 0 0 0 0 0 0 0 0 0 0 0 0
212 11414 307 307 5 0 0 0 0 0 0 0 0 0 0 0 0
213 11410 309 309 5 0 0 0 0 0 0 0 0 0 0 0 0
214 11407 310 310 6 0 0 0 0 0 0 0 0 0 0 0 0
215 11405 311 311 6 0 0 0 0 0 0 0 0 0 0 0 0
216 11404 311 311 7 0 0 0 0 0 0 0 0 0 0 0 0
217 11402 312 312 7 0 0 0 0 0 0 0 0 0 0 0 0
218 11396 315 315 7 0 0 0 0 0 0 0 0 0 0 0 0
219 11398 314 314 7 0 0 0 0 0 0 0 0 0 0 0 0
220 11398 314 314 7 0 0 0 0 0 0 0 0 0 0 0 0
221 11396 315 315 7 0 0 0 0 0 0 0 0 0 0 0 0
222 11392 317 317 7 0 0 0 0 0 0 0 0 0 0 0 0
223 11400 313 313 7 0 0 0 0 0 0 0 0 0 0 0 0
224 11400 313 313 7 0 0 0 0 0 0 0 0 0 0 0 0
225 11401 312 312 8 0 0 0 0 0 0 0 0 0 0 0 0
226 11399 313 313 8 0 0 0 0 0 0 0 0 0 0 0 0
227 11396 315 315 7 0 0 0 0 0 0 0 0 0 0 0 0
228 11390 318 318 7 0 0 0 0 0 0 0 0 0 0 0 0
229 11385 320 320 8 0 0 0 0 0 0 0 0 0 0 0 0
230 11385 320 320 8 0 0 0 0 0 0 0 0 0 0 0 0
231 11385 320 320 8 0 0 0 0 0 0 0 0 0 0 0 0
232 11381 322 322 8 0 0 0 0 0 0 0 0 0 0 0 0
233 11375 325 325 8 0 0 0 0 0 0 0 0 0 0 0 0
234 11373 326 325 7 0 0 1 0 0 0 0 1 0 0 0 0
235 11381 322 321 7 0 0 1 0 0 0 0 1 0 0 0 0
236 11390 318 317 6 0 0 1 0 0 0 0 1 0 0 0 0
237 11380 323 322 6 0 0 1 0 0 0 0 1 0 0 0 0
238 11372 327 326 6 0 0 1 0 0 0 0 1 0 0 0 0
239 11374 326 325 6 0 0 1 0 0 0 0 1 0 0 0 0
240 11372 327 326 6 0 0 1 0 0 0 0 1 0 0 0 0
241 11368 329 328 6 0 0 1 0 0 0 0 1 0 0 0 0
242 11371 327 326 7 0 0 1 0 0 0 0 1 0 0 0 0
243 11369 328 327 7 0 0 1 0 0 0 0 1 0 0 0 0
244 11373 326 325 7 0 0 1 0 0 0 0 1 0 0 0 0
245 11373 326 325 7 0 0 1 0 0 0 0 1 0 0 0 0
246 11373 326 325 7 0 0 1 0 0 0 0 1 0 0 0 0
247 11373 326 325 7 0 0 1 0 0 0 0 1 0 0 0 0
248 11377 324 323 7 0 0 1 0 0 0 0 1 0 0 0 0
249 11375 325 324 7 0 0 1 0 0 0 0 1 0 0 0 0
250 11373 326 325 7 0 0 1 0 0 0 0 1 0 0 0 0
251 11375 325 324 7 0 0 1 0 0 0 0 1 0 0 0 0
252 11379 323 322 7 0 0 1 0 0 0 0 1 0 0 0 0
253 11375 325 324 7 0 0 1 0 0 0 0 1 0 0 0 0
254 11381 322 321 7 0 0 1 0 0 0 0 1 0 0 0 0
255 11381 322 321 7 0 0 1 0 0 0 0 1 0 0 0 0
256 11381 322 321 7 0 0 1 0 0 0 0 1 0 0 0 0
257 11379 323 322 7 0 0 1 0 0 0 0 1 0 0 0 0
258 11377 324 323 7 0 0 1 0 0 0 0 1 0 0 0 0
259 11377 324 323 7 0 0 1 0 0 0 0 1 0 0 0 0
260 11385 320 319 7 0 0 1 0 0 0 0 1 0 0 0 0
261 11377 324 323 7 0 0 1 0 0 0 0 1 0 0 0 0
262 11376 324 323 8 0 0 1 0 0 0 0 1 0 0 0 0
263 11364 330 329 8 0 0 1 0 0 0 0 1 0 0 0 0
264 11364 330 329 8 0 0 1 0 0 0 0 1 0 0 0 0
265 11366 329 328 8 0 0 1 0 0 0 0 1 0 0 0 0
266 11363 331 330 7 0 0 1 0 0 0 0 1 0 0 0 0
267 11365 329 328 9 0 0 1 0 0 0 0 1 0 0 0 0
268 11360 331 330 10 0 0 1 0 0 0 0 1 0 0 0 0
269 11358 332 331 10 0 0 1 0 0 0 0 1 0 0 0 0
270 11362 330 329 10 0 0 1 0 0 0 0 1 0 0 0 0
271 11358 332 331 10 0 0 1 0 0 0 0 1 0 0 0 0
272 11361 331 330 9 0 0 1 0 0 0 0 1 0 0 0 0
273 11363 330 329 9 0 0 1 0 0 0 0 1 0 0 0 0
274 11365 329 328 9 0 0 1 0 0 0 0 1 0 0 0 0
275 11363 330 329 9 0 0 1 0 0 0 0 1 0 0 0 0
276 11356 333 332 10 0 0 1 0 0 0 0 1 0 0 0 0
277 11358 332 331 10 0 0 1 0 0 0 0 1 0 0 0 0
278 11364 329 328 10 0 0 1 0 0 0 0 1 0 0 0 0
279 11366 328 327 10 0 0 1 0 0 0 0 1 0 0 0 0
280 11361 330 329 11 0 0 1 0 0 0 0 1 0 0 0 0
281 11361 330 329 11 0 0 1 0 0 0 0 1 0 0 0 0
282 11354 334 333 10 0 0 1 0 0 0 0 1 0 0 0 0
283 11350 336 335 10 0 0 1 0 0 0 0 1 0 0 0 0
284 11352 334 333 12 0 0 1 0 0 0 0 1 0 0 0 0
285 11352 334 333 12 0 0 1 0 0 0 0 1 0 0 0 0
286 11352 334 333 12 0 0 1 0 0 0 0 1 0 0 0 0
287 11353 333 332 13 0 0 1 0 0 0 0 1 0 0 0 0
288 11356 332 331 12 0 0 1 0 0 0 0 1 0 0 0 0
289 11356 332 331 12 0 0 1 0 0 0 0 1 0 0 0 0
290 11354 333 332 12 0 0 1 0 0 0 0 1 0 0 0 0
291 11352 334 333 12 0 0 1 0 0 0 0 1 0 0 0 0
292 11344 338 337 12 0 0 1 0 0 0 0 1 0 0 0 0
293 11343 338 337 13 0 0 1 0 0 0 0 1 0 0 0 0
294 11337 341 340 13 0 0 1 0 0 0 0 1 0 0 0 0
295 11340 340 339 12 0 0 1 0 0 0 0 1 0 0 0 0
296 11344 338 337 12 0 0 1 0 0 0 0 1 0 0 0 0
297 11346 337 336 12 0 0 1 0 0 0 0 1 0 0 0 0
298 11349 336 335 11 0 0 1 0 0 0 0 1 0 0 0 0
299 11353 334 333 11 0 0 1 0 0 0 0 1 0 0 0 0
300 11352 334 333 12 0 0 1 0 0 0 0 1 0 0 0 0
301 11348 336 335 12 0 0 1 0 0 0 0 1 0 0 0 0
302 11346 337 336 12 0 0 1 0 0 0 0 1 0 0 0 0
303 11344 338 337 12 0 0 1 0 0 0 0 1 0 0 0 0
304 11344 338 337 12 0 0 1 0 0 0 0 1 0 0 0 0
305 11348 336 335 12 0 0 1 0 0 0 0 1 0 0 0 0
306 11350 335 334 12 0 0 1 0 0 0 0 1 0 0 0 0
307 11356 332 331 12 0 0 1 0 0 0 0 1 0 0 0 0
308 11356 332 331 12 0 0 1 0 0 0 0 1 0 0 0 0
309 11354 333 332 12 0 0 1 0 0 0 0 1 0 0 0 0
310 11354 333 332 12 0 0 1 0 0 0 0 1 0 0 0 0
311 11348 336 335 12 0 0 1 0 0 0 0 1 0 0 0 0
312 11344 338 337 12 0 0 1 0 0 0 0 1 0 0 0 0
313 11346 337 336 12 0 0 1 0 0 0 0 1 0 0 0 0
314 11342 339 338 12 0 0 1 0 0 0 0 1 0 0 0 0
315 11342 339 338 12 0 0 1 0 0 0 0 1 0 0 0 0
316 11344 338 337 12 0 0 1 0 0 0 0 1 0 0 0 0
317 11348 336 335 12 0 0 1 0 0 0 0 1 0 0 0 0
318 11357 332 331 11 0 0 1 0 0 0 0 1 0 0 0 0
319 11371 325 324 11 0 0 1 0 0 0 0 1 0 0 0 0
320 11365 328 327 11 0 0 1 0 0 0 0 1 0 0 0 0
321 11367 327 326 11 0 0 1 0 0 0 0 1 0 0 0 0
322 11369 326 325 11 0 0 1 0 0 0 0 1 0 0 0 0
323 11369 326 325 11 0 0 1 0 0 0 0 1 0 0 0 0
324 11363 329 328 11 0 0 1 0 0 0 0 1 0 0 0 0
325 11367 327 326 11 0 0 1 0 0 0 0 1 0 0 0 0
326 11367 327 326 11 0 0 1 0 0 0 0 1 0 0 0 0
327 11375 323 322 11 0 0 1 0 0 0 0 1 0 0 0 0
328 11377 322 321 11 0 0 1 0 0 0 0 1 0 0 0 0
329 11377 322 321 11 0 0 1 0 0 0 0 1 0 0 0 0
330 11381 320 319 11 0 0 1 0 0 0 0 1 0 0 0 0
331 11381 320 319 11 0 0 1 0 0 0 0 1 0 0 0 0
332 11376 322 321 12 0 0 1 0 0 0 0 1 0 0 0 0
333 11380 320 319 12 0 0 1 0 0 0 0 1 0 0 0 0
334 11380 320 319 12 0 0 1 0 0 0 0 1 0 0 0 0
335 11384 318 317 12 0 0 1 0 0 0 0 1 0 0 0 0
336 11388 316 315 12 0 0 1 0 0 0 0 1 0 0 0 0
337 11390 315 314 12 0 0 1 0 0 0 0 1 0 0 0 0
338 11390 315 314 12 0 0 1 0 0 0 0 1 0 0 0 0
339 11394 313 312 12 0 0 1 0 0 0 0 1 0 0 0 0
340 11394 313 312 12 0 0 1 0 0 0 0 1 0 0 0 0
341 11396 312 311 12 0 0 1 0 0 0 0 1 0 0 0 0
342 11395 312 311 13 0 0 1 0 0 0 0 1 0 0 0 0
343 11389 315 314 13 0 0 1 0 0 0 0 1 0 0 0 0
344 11390 315 314 12 0 0 1 0 0 0 0 1 0 0 0 0
345 11382 319 318 12 0 0 1 0 0 0 0 1 0 0 0 0
346 11386 317 316 12 0 0 1 0 0 0 0 1 0 0 0 0
347 11380 320 319 12 0 0 1 0 0 0 0 1 0 0 0 0
348 11378 321 320 12 0 0 1 0 0 0 0 1 0 0 0 0
349 11378 321 320 12 0 0 1 0 0 0 0 1 0 0 0 0
350 11377 321 320 13 0 0 1 0 0 0 0 1 0 0 0 0
351 11365 327 326 13 0 0 1 0 0 0 0 1 0 0 0 0
352 11355 332 331 13 0 0 1 0 0 0 0 1 0 0 0 0
353 11349 335 334 13 0 0 1 0 0 0 0 1 0 0 0 0
354 11344 337 336 14 0 0 1 0 0 0 0 1 0 0 0 0
355 11337 340 339 15 0 0 1 0 0 0 0 1 0 0 0 0
356 11327 345 344 15 0 0 1 0 0 0 0 1 0 0 0 0
357 11323 347 346 15 0 0 1 0 0 0 0 1 0 0 0 0
358 11317 350 349 15 0 0 1 0 0 0 0 1 0 0 0 0
359 11315 351 350 15 0 0 1 0 0 0 0 1 0 0 0 0
360 11304 356 355 16 0 0 1 0 0 0 0 1 0 0 0 0
361 11294 361 360 16 0 0 1 0 0 0 0 1 0 0 0 0
362 11292 362 361 16 0 0 1 0 0 0 0 1 0 0 0 0
363 11279 368 367 17 0 0 1 0 0 0 0 1 0 0 0 0
364 11272 371 370 18 0 0 1 0 0 0 0 1 0 0 0 0
365 11262 376 375 18 0 0 1 0 0 0 0 1 0 0 0 0
366 11250 382 381 18 0 0 1 0 0 0 0 1 0 0 0 0
367 11243 385 384 19 0 0 1 0 0 0 0 1 0 0 0 0
368 11232 390 389 20 0 0 1 0 0 0 0 1 0 0 0 0
369 11228 392 391 20 0 0 1 0 0 0 0 1 0 0 0 0
370 11220 396 395 20 0 0 1 0 0 0 0 1 0 0 0 0
371 11225 394 393 19 0 0 1 0 0 0 0 1 0 0 0 0
372 11214 399 398 20 0 0 1 0 0 0 0 1 0 0 0 0
373 11211 400 399 21 0 0 1 0 0 0 0 1 0 0 0 0
374 11212 399 398 22 0 0 1 0 0 0 0 1 0 0 0 0
375 11210 400 399 22 0 0 1 0 0 0 0 1 0 0 0 0
376 11208 401 400 22 0 0 1 0 0 0 0 1 0 0 0 0
377 11198 406 405 22 0 0 1 0 0 0 0 1 0 0 0 0
378 11198 406 405 22 0 0 1 0 0 0 0 1 0 0 0 0
379 11184 413 412 22 0 0 1 0 0 0 0 1 0 0 0 0
380 11176 417 416 22 0 0 1 0 0 0 0 1 0 0 0 0
381 11172 419 418 22 0 0 1 0 0 0 0 1 0 0 0 0
382 11166 424 422 17 0 0 2 0 0 0 0 2 0 0 0 0
383 11160 426 424 19 0 0 2 0 0 0 0 2 0 0 0 0
384 11144 434 431 18 0 0 3 0 0 0 0 3 0 0 0 0
385 11138 437 434 18 0 0 3 0 0 0 0 3 0 0 0 0
386 11138 437 434 18 0 0 3 0 0 0 0 3 0 0 0 0
387 11133 440 437 17 0 0 3 0 0 0 0 3 0 0 0 0
388 11124 444 441 18 0 0 3 0 0 0 0 3 0 0 0 0
389 11119 446 443 19 0 0 3 0 0 0 0 3 0 0 0 0
390 11110 451 448 18 0 0 3 0 0 0 0 3 0 0 0 0
391 11112 450 447 18 0 0 3 0 0 0 0 3 0 0 0 0
392 11107 452 449 19 0 0 3 0 0 0 0 3 0 0 0 0
393 11097 457 454 19 0 0 3 0 0 0 0 3 0 0 0 0
394 11085 463 460 19 0 0 3 0 0 0 0 3 0 0 0 0
395 11089 461 457 18 0 0 4 0 0 0 0 4 0 0 0 0
396 11081 465 461 18 0 0 4 0 0 0 0 4 0 0 0 0
397 11072 469 465 19 0 0 4 0 0 0 0 4 0 0 0 0
398 11068 471 467 19 0 0 4 0 0 0 0 4 0 0 0 0
399 11048 481 477 19 0 0 4 0 0 0 0 4 0 0 0 0
400 11053 478 474 20 0 0 4 0 0 0 0 4 0 0 0 0
401 11055 477 473 20 0 0 4 0 0 0 0 4 0 0 0 0
402 11049 479 475 22 0 0 4 0 0 0 0 4 0 0 0 0
403 11055 476 472 22 0 0 4 0 0 0 0 4 0 0 0 0
404 11053 477 473 22 0 0 4 0 0 0 0 4 0 0 0 0
405 11047 480 476 22 0 0 4 0 0 0 0 4 0 0 0 0
406 11048 479 475 23 0 0 4 0 0 0 0 4 0 0 0 0
407 11049 478 474 24 0 0 4 0 0 0 0 4 0 0 0 0
408 11045 480 476 24 0 0 4 0 0 0 0 4 0 0 0 0
409 11044 480 476 25 0 0 4 0 0 0 0 4 0 0 0 0
410 11046 479 475 25 0 0 4 0 0 0 0 4 0 0 0 0
411 11053 476 472 24 0 0 4 0 0 0 0 4 0 0 0 0
412 11053 476 472 24 0 0 4 0 0 0 0 4 0 0 0 0
413 11056 474 471 24 0 0 4 0 0 1 0 3 0 0 0 0
414 11054 475 472 24 0 0 4 0 0 1 0 3 0 0 0 0
415 11057 473 470 25 0 0 4 0 0 1 0 3 0 0 0 0
416 11061 472 469 23 0 0 4 0 0 1 0 3 0 0 0 0
417 11059 473 470 23 0 0 4 0 0 1 0 3 0 0 0 0
418 11062 472 469 22 0 0 4 0 0 1 0 3 0 0 0 0
419 11056 475 471 21 0 0 5 0 0 1 0 4 0 0 0 0
420 11054 476 472 21 0 0 5 0 0 1 0 4 0 0 0 0
421 11057 474 470 20 0 0 6 0 0 2 0 4 0 0 0 0
422 11056 474 471 20 0 0 6 0 0 3 0 3 0 0 0 0
423 11057 474 471 19 0 0 6 0 0 3 0 3 0 0 0 0
424 11060 472 469 20 0 0 6 0 0 3 0 3 0 0 0 0
425 11060 472 469 20 0 0 6 0 0 3 0 3 0 0 0 0
426 11056 474 471 20 0 0 6 0 0 3 0 3 0 0 0 0
427 11046 479 476 20 0 0 6 0 0 3 0 3 0 0 0 0
428 11053 476 473 19 0 0 6 0 0 3 0 3 0 0 0 0
429 11053 476 473 19 0 0 6 0 0 3 0 3 0 0 0 0
430 11053 476 473 19 0 0 6 0 0 3 0 3 0 0 0 0
431 11045 480 477 19 0 0 6 0 0 3 0 3 0 0 0 0
432 11045 480 477 19 0 0 6 0 0 3 0 3 0 0 0 0
433 11049 478 475 19 0 0 6 0 0 3 0 3 0 0 0 0
434 11044 481 478 18 0 0 6 0 0 3 0 3 0 0 0 0
435 11040 483 480 18 0 0 6 0 0 3 0 3 0 0 0 0
436 11034 486 483 18 0 0 6 0 0 3 0 3 0 0 0 0
437 11040 483 480 18 0 0 6 0 0 3 0 3 0 0 0 0
438 11044 481 478 18 0 0 6 0 0 3 0 3 0 0 0 0
439 11044 481 478 18 0 0 6 0 0 3 0 3 0 0 0 0
440 11047 479 476 19 0 0 6 0 0 3 0 3 0 0 0 0
441 11048 479 476 18 0 0 6 0 0 3 0 3 0 0 0 0
442 11051 478 475 17 0 0 6 0 0 3 0 3 0 0 0 0
443 11047 480 477 17 0 0 6 0 0 3 0 3 0 0 0 0
444 11044 482 479 16 0 0 6 0 0 3 0 3 0 0 0 0
445 11050 479 476 16 0 0 6 0 0 3 0 3 0 0 0 0
446 11049 479 477 16 0 0 6 0 0 4 0 2 0 0 0 0
447 11051 478 476 16 0 0 6 0 0 4 0 2 0 0 0 0
448 11049 479 477 16 0 0 6 0 0 4 0 2 0 0 0 0
449 11059 474 472 16 0 0 6 0 0 4 0 2 0 0 0 0
450 11061 473 471 16 0 0 6 0 0 4 0 2 0 0 0 0
451 11062 472 470 17 0 0 6 0 0 4 0 2 0 0 0 0
452 11066 470 468 17 0 0 6 0 0 4 0 2 0 0 0 0
453 11060 472 470 19 0 0 6 0 0 4 0 2 0 0 0 0
454 11070 467 465 19 0 0 6 0 0 4 0 2 0 0 0 0
455 11068 468 466 19 0 0 6 0 0 4 0 2 0 0 0 0
456 11073 465 463 20 0 0 6 0 0 4 0 2 0 0 0 0
457 11069 467 465 20 0 0 6 0 0 4 0 2 0 0 0 0
458 11072 465 463 21 0 0 6 0 0 4 0 2 0 0 0 0
459 11074 464 462 21 0 0 6 0 0 4 0 2 0 0 0 0
460 11073 464 462 22 0 0 6 0 0 4 0 2 0 0 0 0
461 11068 467 465 21 0 0 6 0 0 4 0 2 0 0 0 0
462 11080 461 459 21 0 0 6 0 0 4 0 2 0 0 0 0
463 11076 462 460 23 0 0 6 0 0 4 0 2 0 0 0 0
464 11078 461 459 23 0 0 6 0 0 4 0 2 0 0 0 0
465 11068 466 464 23 0 0 6 0 0 4 0 2 0 0 0 0
466 11062 469 467 23 0 0 6 0 0 4 0 2 0 0 0 0
467 11056 472 470 23 0 0 6 0 0 4 0 2 0 0 0 0
468 11057 472 470 22 0 0 6 0 0 4 0 2 0 0 0 0
469 11058 471 469 23 0 0 6 0 0 4 0 2 0 0 0 0
470 11060 470 468 23 0 0 6 0 0 4 0 2 0 0 0 0
471 11059 470 468 24 0 0 6 0 0 4 0 2 0 0 0 0
472 11056 471 469 25 0 0 6 0 0 4 0 2 0 0 0 0
473 11063 467 465 26 0 0 6 0 0 4 0 2 0 0 0 0
474 11070 463 461 27 0 0 6 0 0 4 0 2 0 0 0 0
475 11077 460 458 26 0 0 6 0 0 4 0 2 0 0 0 0
476 11071 462 460 28 0 0 6 0 0 4 0 2 0 0 0 0
477 11070 463 461 27 0 0 6 0 0 4 0 2 0 0 0 0
478 11067 465 463 26 0 0 6 0 0 4 0 2 0 0 0 0
479 11073 462 460 26 0 0 6 0 0 4 0 2 0 0 0 0
480 11074 461 459 27 0 0 6 0 0 4 0 2 0 0 0 0
481 11073 462 460 26 0 0 6 0 0 4 0 2 0 0 0 0
482 11073 462 460 26 0 0 6 0 0 4 0 2 0 0 0 0
483 11074 462 460 25 0 0 6 0 0 4 0 2 0 0 0 0
484 11074 462 460 25 0 0 6 0 0 4 0 2 0 0 0 0
485 11073 463 461 24 0 0 6 0 0 4 0 2 0 0 0 0
486 11059 470 468 24 0 0 6 0 0 4 0 2 0 0 0 0
487 11056 471 469 25 0 0 6 0 0 4 0 2 0 0 0 0
488 11052 473 471 25 0 0 6 0 0 4 0 2 0 0 0 0
489 11046 476 474 25 0 0 6 0 0 4 0 2 0 0 0 0
490 11054 472 470 25 0 0 6 0 0 4 0 2 0 0 0 0
491 11051 473 471 26 0 0 6 0 0 4 0 2 0 0 0 0
492 11055 471 469 26 0 0 6 0 0 4 0 2 0 0 0 0
493 11057 470 468 26 0 0 6 0 0 4 0 2 0 0 0 0
494 11068 465 463 25 0 0 6 0 0 4 0 2 0 0 0 0
495 11071 464 462 24 0 0 6 0 0 4 0 2 0 0 0 0
496 11071 464 462 24 0 0 6 0 0 4 0 2 0 0 0 0
497 11075 462 460 24 0 0 6 0 0 4 0 2 0 0 0 0
498 11083 458 456 24 0 0 6 0 0 4 0 2 0 0 0 0
499 11089 455 453 24 0 0 6 0 0 4 0 2 0 0 0 0
500 11096 452 450 23 0 0 6 0 0 4 0 2 0 0 0 0
501 11096 452 450 23 0 0 6 0 0 4 0 2 0 0 0 0
502 11094 453 451 23 0 0 6 0 0 4 0 2 0 0 0 0
503 11094 453 451 23 0 0 6 0 0 4 0 2 0 0 0 0
504 11081 459 457 24 0 0 6 0 0 4 0 2 0 0 0 0
505 11083 458 456 24 0 0 6 0 0 4 0 2 0 0 0 0
506 11083 458 456 24 0 0 6 0 0 4 0 2 0 0 0 0
507 11084 458 456 23 0 0 6 0 0 4 0 2 0 0 0 0
508 11082 459 457 23 0 0 6 0 0 4 0 2 0 0 0 0
509 11088 456 454 23 0 0 6 0 0 4 0 2 0 0 0 0
510 11082 459 457 23 0 0 6 0 0 4 0 2 0 0 0 0
511 11080 460 458 23 0 0 6 0 0 4 0 2 0 0 0 0
512 11086 457 455 23 0 0 6 0 0 4 0 2 0 0 0 0
513 11094 453 451 23 0 0 6 0 0 4 0 2 0 0 0 0
514 11092 454 452 23 0 0 6 0 0 4 0 2 0 0 0 0
515 11092 454 452 23 0 0 6 0 0 4 0 2 0 0 0 0
516 11093 454 452 22 0 0 6 0 0 4 0 2 0 0 0 0
517 11095 453 452 21 0 0 6 0 0 5 0 1 0 0 0 0
518 11093 454 453 21 0 0 6 0 0 5 0 1 0 0 0 0
519 11103 449 448 21 0 0 6 0 0 5 0 1 0 0 0 0
520 11100 451 450 20 0 0 6 0 0 5 0 1 0 0 0 0
521 11102 450 449 20 0 0 6 0 0 5 0 1 0 0 0 0
522 11100 451 450 20 0 0 6 0 0 5 0 1 0 0 0 0
523 11093 454 453 21 0 0 6 0 0 5 0 1 0 0 0 0
524 11098 451 450 22 0 0 6 0 0 5 0 1 0 0 0 0
525 11108 446 445 22 0 0 6 0 0 5 0 1 0 0 0 0
526 11110 445 444 22 0 0 6 0 0 5 0 1 0 0 0 0
527 11102 449 448 22 0 0 6 0 0 5 0 1 0 0 0 0
528 11102 449 448 22 0 0 6 0 0 5 0 1 0 0 0 0
529 11102 449 448 22 0 0 6 0 0 5 0 1 0 0 0 0
530 11098 451 450 22 0 0 6 0 0 5 0 1 0 0 0 0
531 11098 451 450 22 0 0 6 0 0 5 0 1 0 0 0 0
532 11103 448 447 23 0 0 6 0 0 5 0 1 0 0 0 0
533 11101 449 448 23 0 0 6 0 0 5 0 1 0 0 0 0
534 11109 445 444 23 0 0 6 0 0 5 0 1 0 0 0 0
535 11112 444 443 22 0 0 6 0 0 5 0 1 0 0 0 0
536 11108 446 445 22 0 0 6 0 0 5 0 1 0 0 0 0
537 11117 441 440 23 0 0 6 0 0 5 0 1 0 0 0 0
538 11111 444 443 23 0 0 6 0 0 5 0 1 0 0 0 0
539 11110 444 443 24 0 0 6 0 0 5 0 1 0 0 0 0
540 11118 440 439 24 0 0 6 0 0 5 0 1 0 0 0 0
541 11118 440 439 24 0 0 6 0 0 5 0 1 0 0 0 0
542 11118 440 439 24 0 0 6 0 0 5 0 1 0 0 0 0
543 11114 442 441 24 0 0 6 0 0 5 0 1 0 0 0 0
544 11120 439 438 24 0 0 6 0 0 5 0 1 0 0 0 0
545 11122 438 437 24 0 0 6 0 0 5 0 1 0 0 0 0
546 11115 442 441 23 0 0 6 0 0 5 0 1 0 0 0 0
547 11119 440 439 23 0 0 6 0 0 5 0 1 0 0 0 0
548 11119 440 439 23 0 0 6 0 0 5 0 1 0 0 0 0
549 11113 443 442 23 0 0 6 0 0 5 0 1 0 0 0 0
550 11115 442 441 23 0 0 6 0 0 5 0 1 0 0 0 0
551 11117 441 440 23 0 0 6 0 0 5 0 1 0 0 0 0
552 11117 441 440 23 0 0 6 0 0 5 0 1 0 0 0 0
553 11112 444 443 22 0 0 6 0 0 5 0 1 0 0 0 0
554 11112 444 443 22 0 0 6 0 0 5 0 1 0 0 0 0
555 11107 446 445 23 0 0 6 0 0 5 0 1 0 0 0 0
556 11113 444 443 21 0 0 6 0 0 5 0 1 0 0 0 0
557 11114 443 442 22 0 0 6 0 0 5 0 1 0 0 0 0
558 11115 443 442 21 0 0 6 0 0 5 0 1 0 0 0 0
559 11113 444 443 21 0 0 6 0 0 5 0 1 0 0 0 0
560 11111 445 444 21 0 0 6 0 0 5 0 1 0 0 0 0
561 11108 446 445 22 0 0 6 0 0 5 0 1 0 0 0 0
562 11104 448 447 22 0 0 6 0 0 5 0 1 0 0 0 0
563 11101 449 448 23 0 0 6 0 0 5 0 1 0 0 0 0
564 11104 448 447 22 0 0 6 0 0 5 0 1 0 0 0 0
565 11102 449 448 22 0 0 6 0 0 5 0 1 0 0 0 0
566 11100 450 449 22 0 0 6 0 0 5 0 1 0 0 0 0
567 11097 452 451 21 0 0 6 0 0 5 0 1 0 0 0 0
568 11097 452 451 21 0 0 6 0 0 5 0 1 0 0 0 0
569 11099 452 451 19 0 0 6 0 0 5 0 1 0 0 0 0
570 11099 452 451 19 0 0 6 0 0 5 0 1 0 0 0 0
571 11094 454 453 20 0 0 6 0 0 5 0 1 0 0 0 0
572 11086 458 457 20 0 0 6 0 0 5 0 1 0 0 0 0
573 11081 461 460 19 0 0 6 0 0 5 0 1 0 0 0 0
574 11069 467 466 19 0 0 6 0 0 5 0 1 0 0 0 0
575 11070 466 465 20 0 0 6 0 0 5 0 1 0 0 0 0
576 11070 466 465 20 0 0 6 0 0 5 0 1 0 0 0 0
577 11068 467 466 20 0 0 6 0 0 5 0 1 0 0 0 0
578 11056 473 472 20 0 0 6 0 0 5 0 1 0 0 0 0
579 11051 476 475 19 0 0 6 0 0 5 0 1 0 0 0 0
580 11048 477 476 20 0 0 6 0 0 5 0 1 0 0 0 0
581 11033 485 484 19 0 0 6 0 0 5 0 1 0 0 0 0
582 11033 485 484 19 0 0 6 0 0 5 0 1 0 0 0 0
583 11025 489 488 19 0 0 6 0 0 5 0 1 0 0 0 0
584 11018 492 491 20 0 0 6 0 0 5 0 1 0 0 0 0
585 11016 493 492 20 0 0 6 0 0 5 0 1 0 0 0 0
586 11024 489 488 20 0 0 6 0 0 5 0 1 0 0 0 0
587 11015 494 493 19 0 0 6 0 0 5 0 1 0 0 0 0
588 11009 497 496 19 0 0 6 0 0 5 0 1 0 0 0 0
589 11005 499 498 19 0 0 6 0 0 5 0 1 0 0 0 0
590 11006 498 497 20 0 0 6 0 0 5 0 1 0 0 0 0
591 11001 501 500 19 0 0 6 0 0 5 0 1 0 0 0 0
592 10994 504 503 20 0 0 6 0 0 5 0 1 0 0 0 0
593 10987 507 506 21 0 0 6 0 0 5 0 1 0 0 0 0
594 10983 509 508 21 0 0 6 0 0 5 0 1 0 0 0 0
595 10985 508 507 21 0 0 6 0 0 5 0 1 0 0 0 0
596 10979 511 510 21 0 0 6 0 0 5 0 1 0 0 0 0
597 10975 513 512 21 0 0 6 0 0 5 0 1 0 0 0 0
598 10973 514 513 21 0 0 6 0 0 5 0 1 0 0 0 0
599 10973 514 513 21 0 0 6 0 0 5 0 1 0 0 0 0
600 10958 521 520 22 0 0 6 0 0 5 0 1 0 0 0 0
601 10961 519 518 23 0 0 6 0 0 5 0 1 0 0 0 0
602 10960 520 519 22 0 0 6 0 0 5 0 1 0 0 0 0
603 10949 525 524 23 0 0 6 0 0 5 0 1 0 0 0 0
604 10947 526 525 23 0 0 6 0 0 5 0 1 0 0 0 0
605 10945 527 526 23 0 0 6 0 0 5 0 1 0 0 0 0
606 10949 525 524 23 0 0 6 0 0 5 0 1 0 0 0 0
607 10943 529 528 21 0 0 6 0 0 5 0 1 0 0 0 0
608 10938 531 530 22 0 0 6 0 0 5 0 1 0 0 0 0
609 10937 532 531 21 0 0 6 0 0 5 0 1 0 0 0 0
610 10945 528 527 21 0 0 6 0 0 5 0 1 0 0 0 0
611 10941 530 529 21 0 0 6 0 0 5 0 1 0 0 0 0
612 10935 533 532 21 0 0 6 0 0 5 0 1 0 0 0 0
613 10939 531 530 21 0 0 6 0 0 5 0 1 0 0 0 0
614 10941 530 529 21 0 0 6 0 0 5 0 1 0 0 0 0
615 10930 536 535 20 0 0 6 0 0 5 0 1 0 0 0 0
616 10929 536 535 21 0 0 6 0 0 5 0 1 0 0 0 0
617 10926 538 537 20 0 0 6 0 0 5 0 1 0 0 0 0
618 10924 539 538 20 0 0 6 0 0 5 0 1 0 0 0 0
619 10920 541 540 20 0 0 6 0 0 5 0 1 0 0 0 0
620 10929 536 534 20 0 0 7 0 0 5 0 2 0 0 0 0
621 10921 540 538 20 0 0 7 0 0 5 0 2 0 0 0 0
622 10923 539 537 20 0 0 7 0 0 5 0 2 0 0 0 0
623 10922 539 537 21 0 0 7 0 0 5 0 2 0 0 0 0
624 10923 539 537 20 0 0 7 0 0 5 0 2 0 0 0 0
625 10916 542 540 21 0 0 7 0 0 5 0 2 0 0 0 0
626 10914 542 540 23 0 0 7 0 0 5 0 2 0 0 0 0
627 10912 543 541 23 0 0 7 0 0 5 0 2 0 0 0 0
628 10910 544 542 23 0 0 7 0 0 5 0 2 0 0 0 0
629 10908 545 543 23 0 0 7 0 0 5 0 2 0 0 0 0
630 10908 545 543 23 0 0 7 0 0 5 0 2 0 0 0 0
631 10913 542 540 24 0 0 7 0 0 5 0 2 0 0 0 0
632 10919 539 537 24 0 0 7 0 0 5 0 2 0 0 0 0
633 10922 538 536 23 0 0 7 0 0 5 0 2 0 0 0 0
634 10926 537 535 21 0 0 7 0 0 5 0 2 0 0 0 0
635 10923 539 537 20 0 0 7 0 0 5 0 2 0 0 0 0
636 10924 539 537 19 0 0 7 0 0 5 0 2 0 0 0 0
637 10927 537 535 20 0 0 7 0 0 5 0 2 0 0 0 0
638 10927 537 535 20 0 0 7 0 0 5 0 2 0 0 0 0
639 10927 537 535 20 0 0 7 0 0 5 0 2 0 0 0 0
640 10921 540 538 20 0 0 7 0 0 5 0 2 0 0 0 0
641 10916 543 541 19 0 0 7 0 0 5 0 2 0 0 0 0
642 10917 542 540 20 0 0 7 0 0 5 0 2 0 0 0 0
643 10918 541 539 21 0 0 7 0 0 5 0 2 0 0 0 0
644 10922 539 537 21 0 0 7 0 0 5 0 2 0 0 0 0
645 10916 542 540 21 0 0 7 0 0 5 0 2 0 0 0 0
646 10923 538 536 22 0 0 7 0 0 5 0 2 0 0 0 0
647 10927 536 534 22 0 0 7 0 0 5 0 2 0 0 0 0
648 10928 536 534 21 0 0 7 0 0 5 0 2 0 0 0 0
649 10930 535 533 21 0 0 7 0 0 5 0 2 0 0 0 0
650 10934 533 531 21 0 0 7 0 0 5 0 2 0 0 0 0
651 10933 533 531 22 0 0 7 0 0 5 0 2 0 0 0 0
652 10935 531 529 24 0 0 7 0 0 5 0 2 0 0 0 0
653 10942 528 526 23 0 0 7 0 0 5 0 2 0 0 0 0
654 10951 524 522 22 0 0 7 0 0 5 0 2 0 0 0 0
655 10944 527 525 23 0 0 7 0 0 5 0 2 0 0 0 0
656 10951 523 521 24 0 0 7 0 0 5 0 2 0 0 0 0
657 10947 525 523 24 0 0 7 0 0 5 0 2 0 0 0 0
658 10948 524 522 25 0 0 7 0 0 5 0 2 0 0 0 0
659 10948 524 522 25 0 0 7 0 0 5 0 2 0 0 0 0
660 10947 525 523 24 0 0 7 0 0 5 0 2 0 0 0 0
661 10952 523 521 23 0 0 7 0 0 5 0 2 0 0 0 0
662 10958 520 518 23 0 0 7 0 0 5 0 2 0 0 0 0
663 10965 517 515 22 0 0 7 0 0 5 0 2 0 0 0 0
664 10971 514 512 22 0 0 7 0 0 5 0 2 0 0 0 0
665 10969 515 513 22 0 0 7 0 0 5 0 2 0 0 0 0
666 10971 514 512 22 0 0 7 0 0 5 0 2 0 0 0 0
667 10973 513 511 22 0 0 7 0 0 5 0 2 0 0 0 0
668 10982 509 507 21 0 0 7 0 0 5 0 2 0 0 0 0
669 10990 505 503 21 0 0 7 0 0 5 0 2 0 0 0 0
670 10991 505 503 20 0 0 7 0 0 5 0 2 0 0 0 0
671 10991 505 503 20 0 0 7 0 0 5 0 2 0 0 0 0
672 10992 504 502 21 0 0 7 0 0 5 0 2 0 0 0 0
673 10986 507 505 21 0 0 7 0 0 5 0 2 0 0 0 0
674 10986 507 505 21 0 0 7 0 0 5 0 2 0 0 0 0
675 10987 506 504 22 0 0 7 0 0 5 0 2 0 0 0 0
676 10984 508 506 21 0 0 7 0 0 5 0 2 0 0 0 0
677 10987 506 504 22 0 0 7 0 0 5 0 2 0 0 0 0
678 10981 509 507 22 0 0 7 0 0 5 0 2 0 0 0 0
679 10975 512 510 22 0 0 7 0 0 5 0 2 0 0 0 0
680 10979 510 508 22 0 0 7 0 0 5 0 2 0 0 0 0
681 10981 509 507 22 0 0 7 0 0 5 0 2 0 0 0 0
682 10983 508 506 22 0 0 7 0 0 5 0 2 0 0 0 0
683 10989 505 503 22 0 0 7 0 0 5 0 2 0 0 0 0
684 10993 503 501 22 0 0 7 0 0 5 0 2 0 0 0 0
685 11000 500 498 21 0 0 7 0 0 5 0 2 0 0 0 0
686 11008 496 494 21 0 0 7 0 0 5 0 2 0 0 0 0
687 11006 497 495 21 0 0 7 0 0 5 0 2 0 0 0 0
688 11008 496 494 21 0 0 7 0 0 5 0 2 0 0 0 0
689 11010 495 493 21 0 0 7 0 0 5 0 2 0 0 0 0
690 11016 492 490 21 0 0 7 0 0 5 0 2 0 0 0 0
691 11024 488 486 21 0 0 7 0 0 5 0 2 0 0 0 0
692 11030 485 483 21 0 0 7 0 0 5 0 2 0 0 0 0
693 11031 485 483 20 0 0 7 0 0 5 0 2 0 0 0 0
694 11033 484 482 20 0 0 7 0 0 5 0 2 0 0 0 0
695 11042 480 478 19 0 0 7 0 0 5 0 2 0 0 0 0
696 11044 479 477 19 0 0 7 0 0 5 0 2 0 0 0 0
697 11052 475 473 19 0 0 7 0 0 5 0 2 0 0 0 0
698 11055 473 471 20 0 0 7 0 0 5 0 2 0 0 0 0
699 11057 472 470 20 0 0 7 0 0 5 0 2 0 0 0 0
700 11061 470 468 20 0 0 7 0 0 5 0 2 0 0 0 0
701 11059 471 469 20 0 0 7 0 0 5 0 2 0 0 0 0
702 11055 473 471 20 0 0 7 0 0 5 0 2 0 0 0 0
703 11049 475 473 22 0 0 7 0 0 5 0 2 0 0 0 0
704 11045 477 475 22 0 0 7 0 0 5 0 2 0 0 0 0
705 11040 480 478 21 0 0 7 0 0 5 0 2 0 0 0 0
706 11046 477 475 21 0 0 7 0 0 5 0 2 0 0 0 0
707 11044 478 476 21 0 0 7 0 0 5 0 2 0 0 0 0
708 11042 479 477 21 0 0 7 0 0 5 0 2 0 0 0 0
709 11047 477 475 20 0 0 7 0 0 5 0 2 0 0 0 0
710 11042 479 477 21 0 0 7 0 0 5 0 2 0 0 0 0
711 11038 481 479 21 0 0 7 0 0 5 0 2 0 0 0 0
712 11038 481 479 21 0 0 7 0 0 5 0 2 0 0 0 0
713 11036 482 480 21 0 0 7 0 0 5 0 2 0 0 0 0
714 11032 484 482 21 0 0 7 0 0 5 0 2 0 0 0 0
715 11030 485 483 21 0 0 7 0 0 5 0 2 0 0 0 0
716 11027 486 484 22 0 0 7 0 0 5 0 2 0 0 0 0
717 11034 482 480 23 0 0 7 0 0 5 0 2 0 0 0 0
718 11036 481 479 23 0 0 7 0 0 5 0 2 0 0 0 0
719 11041 479 477 22 0 0 7 0 0 5 0 2 0 0 0 0
720 11043 478 476 22 0 0 7 0 0 5 0 2 0 0 0 0
721 11047 476 474 22 0 0 7 0 0 5 0 2 0 0 0 0
722 11047 476 474 22 0 0 7 0 0 5 0 2 0 0 0 0
723 11051 474 472 22 0 0 7 0 0 5 0 2 0 0 0 0
724 11051 474 472 22 0 0 7 0 0 5 0 2 0 0 0 0
725 11057 470 468 24 0 0 7 0 0 5 0 2 0 0 0 0
726 11066 466 464 23 0 0 7 0 0 5 0 2 0 0 0 0
727 11066 466 464 23 0 0 7 0 0 5 0 2 0 0 0 0
728 11068 465 463 23 0 0 7 0 0 5 0 2 0 0 0 0
729 11074 462 460 23 0 0 7 0 0 5 0 2 0 0 0 0
730 11082 458 456 23 0 0 7 0 0 5 0 2 0 0 0 0
731 11086 456 454 23 0 0 7 0 0 5 0 2 0 0 0 0
732 11093 453 451 22 0 0 7 0 0 5 0 2 0 0 0 0
733 11087 456 454 22 0 0 7 0 0 5 0 2 0 0 0 0
734 11093 453 451 22 0 0 7 0 0 5 0 2 0 0 0 0
735 11092 454 452 21 0 0 7 0 0 5 0 2 0 0 0 0
736 11096 452 450 21 0 0 7 0 0 5 0 2 0 0 0 0
737 11092 453 451 23 0 0 7 0 0 5 0 2 0 0 0 0
738 11101 448 447 23 0 0 7 0 0 6 0 1 0 0 0 0
739 11090 453 452 24 0 0 7 0 0 6 0 1 0 0 0 0
740 11090 453 452 24 0 0 7 0 0 6 0 1 0 0 0 0
741 11088 454 452 23 0 0 8 0 0 6 0 2 0 0 0 0
742 11089 454 452 22 0 0 8 0 0 6 0 2 0 0 0 0
743 11091 454 452 20 0 0 8 0 0 6 0 2 0 0 0 0
744 11095 452 450 20 0 0 8 0 0 6 0 2 0 0 0 0
745 11095 452 450 20 0 0 8 0 0 6 0 2 0 0 0 0
746 11097 451 449 20 0 0 8 0 0 6 0 2 0 0 0 0
747 11095 452 450 20 0 0 8 0 0 6 0 2 0 0 0 0
748 11095 452 450 20 0 0 8 0 0 6 0 2 0 0 0 0
749 11089 455 453 20 0 0 8 0 0 6 0 2 0 0 0 0
750 11086 457 455 19 0 0 8 0 0 6 0 2 0 0 0 0
751 11095 453 451 18 0 0 8 0 0 6 0 2 0 0 0 0
752 11094 453 451 19 0 0 8 0 0 6 0 2 0 0 0 0
753 11090 455 453 19 0 0 8 0 0 6 0 2 0 0 0 0
754 11090 455 453 19 0 0 8 0 0 6 0 2 0 0 0 0
755 11084 458 456 19 0 0 8 0 0 6 0 2 0 0 0 0
756 11080 460 458 19 0 0 8 0 0 6 0 2 0 0 0 0
757 11078 462 460 17 0 0 8 0 0 6 0 2 0 0 0 0
758 11070 466 464 17 0 0 8 0 0 6 0 2 0 0 0 0
759 11066 468 466 17 0 0 8 0 0 6 0 2 0 0 0 0
760 11068 467 465 17 0 0 8 0 0 6 0 2 0 0 0 0
761 11062 470 467 16 0 0 9 0 0 6 0 3 0 0 0 0
762 11054 474 471 16 0 0 9 0 0 6 0 3 0 0 0 0
763 11054 474 471 16 0 0 9 0 0 6 0 3 0 0 0 0
764 11047 477 474 17 0 0 9 0 0 6 0 3 0 0 0 0
765 11039 481 478 17 0 0 9 0 0 6 0 3 0 0 0 0
766 11035 483 480 17 0 0 9 0 0 6 0 3 0 0 0 0
767 11026 487 484 18 0 0 9 0 0 6 0 3 0 0 0 0
768 11013 493 490 19 0 0 9 0 0 6 0 3 0 0 0 0
769 11009 495 492 19 0 0 9 0 0 6 0 3 0 0 0 0
770 11003 498 495 19 0 0 9 0 0 6 0 3 0 0 0 0
771 11002 499 496 18 0 0 9 0 0 6 0 3 0 0 0 0
772 10998 501 498 18 0 0 9 0 0 6 0 3 0 0 0 0
773 11001 499 496 19 0 0 9 0 0 6 0 3 0 0 0 0
774 11000 499 496 20 0 0 9 0 0 6 0 3 0 0 0 0
775 11008 494 491 22 0 0 9 0 0 6 0 3 0 0 0 0
776 11000 498 495 22 0 0 9 0 0 6 0 3 0 0 0 0
777 10997 500 497 21 0 0 9 0 0 6 0 3 0 0 0 0
778 10988 505 502 20 0 0 9 0 0 6 0 3 0 0 0 0
779 10991 503 500 21 0 0 9 0 0 6 0 3 0 0 0 0
780 10987 505 502 21 0 0 9 0 0 6 0 3 0 0 0 0
781 10977 510 507 21 0 0 9 0 0 6 0 3 0 0 0 0
782 10977 510 507 21 0 0 9 0 0 6 0 3 0 0 0 0
783 10971 513 510 21 0 0 9 0 0 6 0 3 0 0 0 0
784 10967 515 512 21 0 0 9 0 0 6 0 3 0 0 0 0
785 10959 519 516 21 0 0 9 0 0 6 0 3 0 0 0 0
786 10963 517 514 21 0 0 9 0 0 6 0 3 0 0 0 0
787 10962 518 515 20 0 0 9 0 0 6 0 3 0 0 0 0
788 10966 516 512 19 0 0 10 0 0 6 0 4 0 0 0 0
789 10964 517 513 19 0 0 10 0 0 6 0 4 0 0 0 0
790 10966 516 512 19 0 0 10 0 0 6 0 4 0 0 0 0
791 10972 513 509 19 0 0 10 0 0 6 0 4 0 0 0 0
792 10962 518 514 19 0 0 10 0 0 6 0 4 0 0 0 0
793 10954 521 517 21 0 0 10 0 0 6 0 4 0 0 0 0
794 10967 515 511 20 0 0 10 0 0 6 0 4 0 0 0 0
795 10963 517 513 20 0 0 10 0 0 6 0 4 0 0 0 0
796 10968 514 510 21 0 0 10 0 0 6 0 4 0 0 0 0
797 10962 517 513 21 0 0 10 0 0 6 0 4 0 0 0 0
798 10962 516 512 23 0 0 10 0 0 6 0 4 0 0 0 0
799 10964 515 511 23 0 0 10 0 0 6 0 4 0 0 0 0
800 10958 518 514 23 0 0 10 0 0 6 0 4 0 0 0 0
801 10954 520 516 23 0 0 10 0 0 6 0 4 0 0 0 0
802 10949 522 518 24 0 0 10 0 0 6 0 4 0 0 0 0
803 10952 520 516 25 0 0 10 0 0 6 0 4 0 0 0 0
804 10955 518 514 26 0 0 10 0 0 6 0 4 0 0 0 0
805 10948 521 517 27 0 0 10 0 0 6 0 4 0 0 0 0
806 10949 520 516 28 0 0 10 0 0 6 0 4 0 0 0 0
807 10945 522 518 28 0 0 10 0 0 6 0 4 0 0 0 0
808 10945 522 518 28 0 0 10 0 0 6 0 4 0 0 0 0
809 10947 521 517 28 0 0 10 0 0 6 0 4 0 0 0 0
810 10950 519 515 29 0 0 10 0 0 6 0 4 0 0 0 0
811 10946 521 517 29 0 0 10 0 0 6 0 4 0 0 0 0
812 10951 519 515 28 0 0 10 0 0 6 0 4 0 0 0 0
813 10943 522 518 30 0 0 10 0 0 6 0 4 0 0 0 0
814 10932 528 524 29 0 0 10 0 0 6 0 4 0 0 0 0
815 10928 530 526 29 0 0 10 0 0 6 0 4 0 0 0 0
816 10936 526 522 29 0 0 10 0 0 6 0 4 0 0 0 0
817 10946 521 517 29 0 0 10 0 0 6 0 4 0 0 0 0
818 10946 521 517 29 0 0 10 0 0 6 0 4 0 0 0 0
819 10943 523 519 28 0 0 10 0 0 6 0 4 0 0 0 0
820 10944 522 518 29 0 0 10 0 0 6 0 4 0 0 0 0
821 10944 522 518 29 0 0 10 0 0 6 0 4 0 0 0 0
822 10944 522 518 29 0 0 10 0 0 6 0 4 0 0 0 0
823 10935 526 522 30 0 0 10 0 0 6 0 4 0 0 0 0
824 10934 526 522 31 0 0 10 0 0 6 0 4 0 0 0 0
825 10929 529 525 30 0 0 10 0 0 6 0 4 0 0 0 0
826 10931 528 523 29 0 0 11 0 0 6 0 5 0 0 0 0
827 10932 528 523 28 0 0 11 0 0 6 0 5 0 0 0 0
828 10932 528 523 28 0 0 11 0 0 6 0 5 0 0 0 0
829 10928 530 525 28 0 0 11 0 0 6 0 5 0 0 0 0
830 10926 531 526 28 0 0 11 0 0 6 0 5 0 0 0 0
831 10920 534 529 28 0 0 11 0 0 6 0 5 0 0 0 0
832 10918 536 531 26 0 0 11 0 0 6 0 5 0 0 0 0
833 10922 534 529 26 0 0 11 0 0 6 0 5 0 0 0 0
834 10918 535 530 28 0 0 11 0 0 6 0 5 0 0 0 0
835 10918 535 530 28 0 0 11 0 0 6 0 5 0 0 0 0
836 10916 536 531 28 0 0 11 0 0 6 0 5 0 0 0 0
837 10914 537 532 28 0 0 11 0 0 6 0 5 0 0 0 0
838 10914 537 532 28 0 0 11 0 0 6 0 5 0 0 0 0
839 10923 533 528 27 0 0 11 0 0 6 0 5 0 0 0 0
840 10918 535 530 28 0 0 11 0 0 6 0 5 0 0 0 0
841 10914 537 532 28 0 0 11 0 0 6 0 5 0 0 0 0
842 10918 535 530 28 0 0 11 0 0 6 0 5 0 0 0 0
843 10917 535 530 29 0 0 11 0 0 6 0 5 0 0 0 0
844 10919 534 529 29 0 0 11 0 0 6 0 5 0 0 0 0
845 10911 538 533 29 0 0 11 0 0 6 0 5 0 0 0 0
846 10913 537 533 28 0 0 11 0 0 7 0 4 0 0 0 0
847 10917 535 531 28 0 0 11 0 0 7 0 4 0 0 0 0
848 10920 534 530 27 0 0 11 0 0 7 0 4 0 0 0 0
849 10914 537 533 27 0 0 11 0 0 7 0 4 0 0 0 0
850 10918 535 531 27 0 0 11 0 0 7 0 4 0 0 0 0
851 10920 534 530 27 0 0 11 0 0 7 0 4 0 0 0 0
852 10921 534 530 26 0 0 11 0 0 7 0 4 0 0 0 0
853 10928 530 526 27 0 0 11 0 0 7 0 4 0 0 0 0
854 10924 532 528 27 0 0 11 0 0 7 0 4 0 0 0 0
855 10924 532 528 27 0 0 11 0 0 7 0 4 0 0 0 0
856 10923 532 528 28 0 0 11 0 0 7 0 4 0 0 0 0
857 10923 532 528 28 0 0 11 0 0 7 0 4 0 0 0 0
858 10934 527 523 27 0 0 11 0 0 7 0 4 0 0 0 0
859 10932 529 525 25 0 0 11 0 0 7 0 4 0 0 0 0
860 10928 531 527 25 0 0 11 0 0 7 0 4 0 0 0 0
861 10936 527 523 25 0 0 11 0 0 7 0 4 0 0 0 0
862 10937 526 523 25 0 0 11 0 0 8 0 3 0 0 0 0
863 10947 521 518 25 0 0 11 0 0 8 0 3 0 0 0 0
864 10945 521 518 27 0 0 11 0 0 8 0 3 0 0 0 0
865 10946 520 517 28 0 0 11 0 0 8 0 3 0 0 0 0
866 10940 523 520 28 0 0 11 0 0 8 0 3 0 0 0 0
867 10932 527 524 28 0 0 11 0 0 8 0 3 0 0 0 0
868 10936 525 522 28 0 0 11 0 0 8 0 3 0 0 0 0
869 10931 528 525 27 0 0 11 0 0 8 0 3 0 0 0 0
870 10926 531 528 26 0 0 11 0 0 8 0 3 0 0 0 0
871 10920 534 531 26 0 0 11 0 0 8 0 3 0 0 0 0
872 10919 535 532 25 0 0 11 0 0 8 0 3 0 0 0 0
873 10923 533 531 24 0 0 11 0 0 9 0 2 0 0 0 0
874 10925 532 530 24 0 0 11 0 0 9 0 2 0 0 0 0
875 10935 527 525 24 0 0 11 0 0 9 0 2 0 0 0 0
876 10937 526 524 24 0 0 11 0 0 9 0 2 0 0 0 0
877 10936 526 524 25 0 0 11 0 0 9 0 2 0 0 0 0
878 10934 527 525 25 0 0 11 0 0 9 0 2 0 0 0 0
879 10929 530 528 24 0 0 11 0 0 9 0 2 0 0 0 0
880 10921 534 532 24 0 0 11 0 0 9 0 2 0 0 0 0
881 10915 537 535 24 0 0 11 0 0 9 0 2 0 0 0 0
882 10919 535 533 24 0 0 11 0 0 9 0 2 0 0 0 0
883 10919 535 533 24 0 0 11 0 0 9 0 2 0 0 0 0
884 10920 534 532 25 0 0 11 0 0 9 0 2 0 0 0 0
885 10921 534 532 24 0 0 11 0 0 9 0 2 0 0 0 0
886 10922 534 532 23 0 0 11 0 0 9 0 2 0 0 0 0
887 10926 532 530 23 0 0 11 0 0 9 0 2 0 0 0 0
888 10932 529 527 23 0 0 11 0 0 9 0 2 0 0 0 0
889 10934 528 526 23 0 0 11 0 0 9 0 2 0 0 0 0
890 10928 531 529 23 0 0 11 0 0 9 0 2 0 0 0 0
891 10920 535 533 23 0 0 11 0 0 9 0 2 0 0 0 0
892 10920 535 533 23 0 0 11 0 0 9 0 2 0 0 0 0
893 10918 536 534 23 0 0 11 0 0 9 0 2 0 0 0 0
894 10923 533 531 24 0 0 11 0 0 9 0 2 0 0 0 0
895 10921 534 532 24 0 0 11 0 0 9 0 2 0 0 0 0
896 10916 537 535 23 0 0 11 0 0 9 0 2 0 0 0 0
897 10920 535 533 23 0 0 11 0 0 9 0 2 0 0 0 0
898 10928 531 529 23 0 0 11 0 0 9 0 2 0 0 0 0
899 10926 532 530 23 0 0 11 0 0 9 0 2 0 0 0 0
900 10922 534 532 23 0 0 11 0 0 9 0 2 0 0 0 0
901 10918 536 534 23 0 0 11 0 0 9 0 2 0 0 0 0
902 10918 536 534 23 0 0 11 0 0 9 0 2 0 0 0 0
903 10916 537 535 23 0 0 11 0 0 9 0 2 0 0 0 0
904 10918 536 534 23 0 0 11 0 0 9 0 2 0 0 0 0
905 10922 534 532 23 0 0 11 0 0 9 0 2 0 0 0 0
906 10918 536 534 23 0 0 11 0 0 9 0 2 0 0 0 0
907 10920 535 533 23 0 0 11 0 0 9 0 2 0 0 0 0
908 10918 536 534 23 0 0 11 0 0 9 0 2 0 0 0 0
909 10919 536 534 22 0 0 11 0 0 9 0 2 0 0 0 0
910 10918 536 534 23 0 0 11 0 0 9 0 2 0 0 0 0
911 10926 532 530 23 0 0 11 0 0 9 0 2 0 0 0 0
912 10921 534 533 23 0 0 11 0 0 10 0 1 0 0 0 0
913 10919 535 534 23 0 0 11 0 0 10 0 1 0 0 0 0
914 10924 533 532 22 0 0 11 0 0 10 0 1 0 0 0 0
915 10922 533 532 24 0 0 11 0 0 10 0 1 0 0 0 0
916 10926 531 530 24 0 0 11 0 0 10 0 1 0 0 0 0
917 10925 531 530 25 0 0 11 0 0 10 0 1 0 0 0 0
918 10929 529 528 25 0 0 11 0 0 10 0 1 0 0 0 0
919 10931 528 527 25 0 0 11 0 0 10 0 1 0 0 0 0
920 10927 530 529 25 0 0 11 0 0 10 0 1 0 0 0 0
921 10927 530 529 25 0 0 11 0 0 10 0 1 0 0 0 0
922 10929 528 527 27 0 0 11 0 0 10 0 1 0 0 0 0
923 10923 531 530 27 0 0 11 0 0 10 0 1 0 0 0 0
924 10923 531 530 27 0 0 11 0 0 10 0 1 0 0 0 0
925 10924 530 529 28 0 0 11 0 0 10 0 1 0 0 0 0
926 10934 525 524 28 0 0 11 0 0 10 0 1 0 0 0 0
927 10939 523 522 27 0 0 11 0 0 10 0 1 0 0 0 0
928 10944 521 520 26 0 0 11 0 0 10 0 1 0 0 0 0
929 10946 520 519 26 0 0 11 0 0 10 0 1 0 0 0 0
930 10946 520 519 26 0 0 11 0 0 10 0 1 0 0 0 0
931 10948 520 519 24 0 0 11 0 0 10 0 1 0 0 0 0
932 10950 519 518 24 0 0 11 0 0 10 0 1 0 0 0 0
933 10942 523 522 24 0 0 11 0 0 10 0 1 0 0 0 0
934 10942 523 522 24 0 0 11 0 0 10 0 1 0 0 0 0
935 10949 519 518 25 0 0 11 0 0 10 0 1 0 0 0 0
936 10953 518 517 23 0 0 11 0 0 10 0 1 0 0 0 0
937 10957 516 515 23 0 0 11 0 0 10 0 1 0 0 0 0
938 10958 516 515 22 0 0 11 0 0 10 0 1 0 0 0 0
939 10957 515 514 25 0 0 11 0 0 10 0 1 0 0 0 0
940 10957 515 514 25 0 0 11 0 0 10 0 1 0 0 0 0
941 10959 514 513 25 0 0 11 0 0 10 0 1 0 0 0 0
942 10956 515 514 26 0 0 11 0 0 10 0 1 0 0 0 0
943 10956 515 514 26 0 0 11 0 0 10 0 1 0 0 0 0
944 10962 512 511 26 0 0 11 0 0 10 0 1 0 0 0 0
945 10956 515 514 26 0 0 11 0 0 10 0 1 0 0 0 0
946 10962 512 511 26 0 0 11 0 0 10 0 1 0 0 0 0
947 10957 514 513 27 0 0 11 0 0 10 0 1 0 0 0 0
948 10959 513 512 27 0 0 11 0 0 10 0 1 0 0 0 0
949 10956 514 513 28 0 0 11 0 0 10 0 1 0 0 0 0
950 10960 512 511 28 0 0 11 0 0 10 0 1 0 0 0 0
951 10958 513 512 28 0 0 11 0 0 10 0 1 0 0 0 0
952 10960 512 511 28 0 0 11 0 0 10 0 1 0 0 0 0
953 10956 515 514 26 0 0 11 0 0 10 0 1 0 0 0 0
954 10950 518 517 26 0 0 11 0 0 10 0 1 0 0 0 0
955 10950 518 517 26 0 0 11 0 0 10 0 1 0 0 0 0
956 10948 519 518 26 0 0 11 0 0 10 0 1 0 0 0 0
957 10940 522 521 28 0 0 11 0 0 10 0 1 0 0 0 0
958 10941 521 520 29 0 0 11 0 0 10 0 1 0 0 0 0
959 10943 520 519 29 0 0 11 0 0 10 0 1 0 0 0 0
960 10938 522 521 30 0 0 11 0 0 10 0 1 0 0 0 0
961 10936 523 522 30 0 0 11 0 0 10 0 1 0 0 0 0
962 10934 524 522 29 0 0 12 0 0 10 0 2 0 0 0 0
963 10936 523 521 29 0 0 12 0 0 10 0 2 0 0 0 0
964 10927 529 527 26 0 0 12 0 0 10 0 2 0 0 0 0
965 10921 532 530 26 0 0 12 0 0 10 0 2 0 0 0 0
966 10921 532 530 26 0 0 12 0 0 10 0 2 0 0 0 0
967 10921 532 530 26 0 0 12 0 0 10 0 2 0 0 0 0
968 10913 536 534 26 0 0 12 0 0 10 0 2 0 0 0 0
969 10899 543 541 26 0 0 12 0 0 10 0 2 0 0 0 0
970 10890 547 545 27 0 0 12 0 0 10 0 2 0 0 0 0
971 10886 549 547 27 0 0 12 0 0 10 0 2 0 0 0 0
972 10888 548 546 27 0 0 12 0 0 10 0 2 0 0 0 0
973 10881 551 549 28 0 0 12 0 0 10 0 2 0 0 0 0
974 10875 554 552 28 0 0 12 0 0 10 0 2 0 0 0 0
975 10857 563 561 28 0 0 12 0 0 10 0 2 0 0 0 0
976 10848 567 565 29 0 0 12 0 0 10 0 2 0 0 0 0
977 10832 575 572 28 0 0 13 0 0 10 0 3 0 0 0 0
978 10825 579 576 25 0 0 13 1 0 10 0 4 0 0 0 0
979 10819 582 579 25 0 0 13 1 0 10 0 4 0 0 0 0
980 10811 586 583 25 0 0 13 1 0 10 0 4 0 0 0 0
981 10806 589 586 24 0 0 13 1 0 10 0 4 0 0 0 0
982 10798 593 590 24 0 0 13 1 0 10 0 4 0 0 0 0
983 10792 596 592 23 0 0 14 1 0 10 0 5 0 0 0 0
984 10783 599 595 26 0 0 14 1 0 10 0 5 0 0 0 0
985 10781 600 596 26 0 0 14 1 0 10 0 5 0 0 0 0
986 10779 601 597 26 0 0 14 1 0 10 0 5 0 0 0 0
987 10767 607 603 26 0 0 14 1 0 10 0 5 0 0 0 0
988 10756 613 609 25 0 0 14 1 0 10 0 5 0 0 0 0
989 10745 618 614 26 0 0 14 1 0 10 0 5 0 0 0 0
990 10747 617 613 26 0 0 14 1 0 10 0 5 0 0 0 0
991 10744 619 615 25 0 0 14 1 0 10 0 5 0 0 0 0
992 10738 622 618 25 0 0 14 1 0 10 0 5 0 0 0 0
993 10744 619 615 25 0 0 14 1 0 10 0 5 0 0 0 0
994 10733 625 621 24 0 0 14 1 0 10 0 5 0 0 0 0
995 10709 637 633 24 0 0 14 1 0 10 0 5 0 0 0 0
996 10704 640 636 23 0 0 14 1 0 10 0 5 0 0 0 0
997 10701 641 638 23 0 0 14 1 0 11 0 4 0 0 0 0
998 10692 645 642 24 0 0 14 1 0 11 0 4 0 0 0 0
999 10686 648 645 24 0 0 14 1 0 11 0 4 0 0 0 0
1000 10684 650 647 22 0 0 14 1 0 11 0 4 0 0 0 0
1001 10690 647 644 22 0 0 14 1 0 11 0 4 0 0 0 0
1002 10689 648 645 21 0 0 14 1 0 11 0 4 0 0 0 0
1003 10685 650 647 21 0 0 14 1 0 11 0 4 0 0 0 0
1004 10680 653 650 20 0 0 14 1 0 11 0 4 0 0 0 0
1005 10682 651 648 22 0 0 14 1 0 11 0 4 0 0 0 0
1006 10682 650 647 24 0 0 14 1 0 11 0 4 0 0 0 0
1007 10679 652 649 23 0 0 14 1 0 11 0 4 0 0 0 0
1008 10681 651 648 23 0 0 14 1 0 11 0 4 0 0 0 0
1009 10683 650 647 23 0 0 14 1 0 11 0 4 0 0 0 0
1010 10691 646 642 22 0 0 15 1 0 11 0 5 0 0 0 0
1011 10697 643 639 22 0 0 15 1 0 11 0 5 0 0 0 0
1012 10700 641 637 23 0 0 15 1 0 11 0 5 0 0 0 0
1013 10701 641 637 22 0 0 15 1 0 11 0 5 0 0 0 0
1014 10705 639 635 22 0 0 15 1 0 11 0 5 0 0 0 0
1015 10707 638 634 22 0 0 15 1 0 11 0 5 0 0 0 0
1016 10710 636 633 22 0 0 15 1 0 12 0 4 0 0 0 0
1017 10704 638 635 24 0 0 15 1 0 12 0 4 0 0 0 0
1018 10700 640 637 24 0 0 15 1 0 12 0 4 0 0 0 0
1019 10700 640 637 24 0 0 15 1 0 12 0 4 0 0 0 0
1020 10692 644 641 24 0 0 15 1 0 12 0 4 0 0 0 0
1021 10688 646 643 24 0 0 15 1 0 12 0 4 0 0 0 0
1022 10688 646 643 24 0 0 15 1 0 12 0 4 0 0 0 0
1023 10691 645 642 23 0 0 15 1 0 12 0 4 0 0 0 0
1024 10689 646 643 23 0 0 15 1 0 12 0 4 0 0 0 0
1025 10698 642 639 22 0 0 15 1 0 12 0 4 0 0 0 0
1026 10696 643 640 22 0 0 15 1 0 12 0 4 0 0 0 0
1027 10699 641 638 23 0 0 15 1 0 12 0 4 0 0 0 0
1028 10691 645 642 23 0 0 15 1 0 12 0 4 0 0 0 0
1029 10689 646 643 23 0 0 15 1 0 12 0 4 0 0 0 0
1030 10693 644 641 23 0 0 15 1 0 12 0 4 0 0 0 0
1031 10684 649 646 22 0 0 15 1 0 12 0 4 0 0 0 0
1032 10692 645 642 22 0 0 15 1 0 12 0 4 0 0 0 0
1033 10701 640 637 23 0 0 15 1 0 12 0 4 0 0 0 0
1034 10709 636 633 23 0 0 15 1 0 12 0 4 0 0 0 0
1035 10717 632 629 23 0 0 15 1 0 12 0 4 0 0 0 0
1036 10725 628 625 23 0 0 15 1 0 12 0 4 0 0 0 0
1037 10726 628 624 23 0 0 15 1 0 11 0 5 0 0 0 0
1038 10725 628 624 24 0 0 15 1 0 11 0 5 0 0 0 0
1039 10731 625 621 24 0 0 15 1 0 11 0 5 0 0 0 0
1040 10724 629 625 23 0 0 15 1 0 11 0 5 0 0 0 0
1041 10724 629 625 23 0 0 15 1 0 11 0 5 0 0 0 0
1042 10728 627 623 23 0 0 15 1 0 11 0 5 0 0 0 0
1043 10736 623 619 23 0 0 15 1 0 11 0 5 0 0 0 0
1044 10733 624 620 24 0 0 15 1 0 11 0 5 0 0 0 0
1045 10727 626 622 26 0 0 15 1 0 11 0 5 0 0 0 0
1046 10734 623 619 25 0 0 15 1 0 11 0 5 0 0 0 0
1047 10729 625 621 26 0 0 15 1 0 11 0 5 0 0 0 0
1048 10728 625 621 27 0 0 15 1 0 11 0 5 0 0 0 0
1049 10728 626 622 25 0 0 15 1 0 11 0 5 0 0 0 0
1050 10728 626 622 25 0 0 15 1 0 11 0 5 0 0 0 0
1051 10730 625 621 25 0 0 15 1 0 11 0 5 0 0 0 0
1052 10735 623 619 24 0 0 15 1 0 11 0 5 0 0 0 0
1053 10730 625 621 25 0 0 15 1 0 11 0 5 0 0 0 0
1054 10734 623 619 25 0 0 15 1 0 11 0 5 0 0 0 0
1055 10729 625 621 26 0 0 15 1 0 11 0 5 0 0 0 0
1056 10724 627 623 27 0 0 15 1 0 11 0 5 0 0 0 0
1057 10731 623 619 28 0 0 15 1 0 11 0 5 0 0 0 0
1058 10731 623 619 28 0 0 15 1 0 11 0 5 0 0 0 0
1059 10721 628 624 28 0 0 15 1 0 11 0 5 0 0 0 0
1060 10729 624 620 28 0 0 15 1 0 11 0 5 0 0 0 0
1061 10722 628 624 27 0 0 15 1 0 11 0 5 0 0 0 0
1062 10725 626 622 28 0 0 15 1 0 11 0 5 0 0 0 0
1063 10730 623 619 29 0 0 15 1 0 11 0 5 0 0 0 0
1064 10732 622 618 29 0 0 15 1 0 11 0 5 0 0 0 0
1065 10729 623 619 30 0 0 15 1 0 11 0 5 0 0 0 0
1066 10731 623 619 28 0 0 15 1 0 11 0 5 0 0 0 0
1067 10743 617 613 28 0 0 15 1 0 11 0 5 0 0 0 0
1068 10745 616 612 28 0 0 15 1 0 11 0 5 0 0 0 0
1069 10749 614 610 28 0 0 15 1 0 11 0 5 0 0 0 0
1070 10751 613 609 28 0 0 15 1 0 11 0 5 0 0 0 0
1071 10750 613 609 29 0 0 15 1 0 11 0 5 0 0 0 0
1072 10748 613 609 31 0 0 15 1 0 11 0 5 0 0 0 0
1073 10741 616 613 31 0 0 15 1 0 12 0 4 0 0 0 0
1074 10740 616 613 32 0 0 15 1 0 12 0 4 0 0 0 0
1075 10749 612 609 31 0 0 15 1 0 12 0 4 0 0 0 0
1076 10753 610 607 31 0 0 15 1 0 12 0 4 0 0 0 0
1077 10757 608 605 31 0 0 15 1 0 12 0 4 0 0 0 0
1078 10760 607 604 30 0 0 15 1 0 12 0 4 0 0 0 0
1079 10758 608 605 30 0 0 15 1 0 12 0 4 0 0 0 0
1080 10757 610 607 27 0 0 15 1 0 12 0 4 0 0 0 0
1081 10769 604 601 27 0 0 15 1 0 12 0 4 0 0 0 0
1082 10774 601 598 28 0 0 15 1 0 12 0 4 0 0 0 0
1083 10780 598 595 28 0 0 15 1 0 12 0 4 0 0 0 0
1084 10782 597 594 28 0 0 15 1 0 12 0 4 0 0 0 0
1085 10788 594 591 28 0 0 15 1 0 12 0 4 0 0 0 0
1086 10797 589 586 29 0 0 15 1 0 12 0 4 0 0 0 0
1087 10790 592 589 30 0 0 15 1 0 12 0 4 0 0 0 0
1088 10796 590 587 28 0 0 15 1 0 12 0 4 0 0 0 0
1089 10806 585 582 28 0 0 15 1 0 12 0 4 0 0 0 0
1090 10811 582 580 28 0 0 15 1 0 13 0 3 0 0 0 0
1091 10815 580 578 28 0 0 15 1 0 13 0 3 0 0 0 0
1092 10817 579 577 28 0 0 15 1 0 13 0 3 0 0 0 0
1093 10811 582 580 28 0 0 15 1 0 13 0 3 0 0 0 0
1094 10814 581 579 27 0 0 15 1 0 13 0 3 0 0 0 0
1095 10820 577 575 29 0 0 15 1 0 13 0 3 0 0 0 0
1096 10820 577 575 29 0 0 15 1 0 13 0 3 0 0 0 0
1097 10819 578 576 28 0 0 15 1 0 13 0 3 0 0 0 0
1098 10818 578 576 29 0 0 15 1 0 13 0 3 0 0 0 0
1099 10814 580 578 29 0 0 15 1 0 13 0 3 0 0 0 0
1100 10806 583 581 31 0 0 15 1 0 13 0 3 0 0 0 0
1101 10806 583 581 31 0 0 15 1 0 13 0 3 0 0 0 0
1102 10818 577 575 31 0 0 15 1 0 13 0 3 0 0 0 0
1103 10818 578 576 29 0 0 15 1 0 13 0 3 0 0 0 0
1104 10823 576 574 28 0 0 15 1 0 13 0 3 0 0 0 0
1105 10825 574 572 30 0 0 15 1 0 13 0 3 0 0 0 0
1106 10823 575 573 30 0 0 15 1 0 13 0 3 0 0 0 0
1107 10821 576 574 30 0 0 15 1 0 13 0 3 0 0 0 0
1108 10824 575 573 29 0 0 15 1 0 13 0 3 0 0 0 0
1109 10826 574 572 29 0 0 15 1 0 13 0 3 0 0 0 0
1110 10830 572 570 29 0 0 15 1 0 13 0 3 0 0 0 0
1111 10824 575 573 29 0 0 15 1 0 13 0 3 0 0 0 0
1112 10831 571 569 30 0 0 15 1 0 13 0 3 0 0 0 0
1113 10829 572 570 30 0 0 15 1 0 13 0 3 0 0 0 0
1114 10829 572 570 30 0 0 15 1 0 13 0 3 0 0 0 0
1115 10837 568 566 30 0 0 15 1 0 13 0 3 0 0 0 0
1116 10838 567 565 31 0 0 15 1 0 13 0 3 0 0 0 0
1117 10831 570 568 32 0 0 15 1 0 13 0 3 0 0 0 0
1118 10832 570 568 31 0 0 15 1 0 13 0 3 0 0 0 0
1119 10830 571 569 31 0 0 15 1 0 13 0 3 0 0 0 0
1120 10836 568 566 31 0 0 15 1 0 13 0 3 0 0 0 0
1121 10838 567 565 31 0 0 15 1 0 13 0 3 0 0 0 0
1122 10842 565 563 31 0 0 15 1 0 13 0 3 0 0 0 0
1123 10850 561 559 31 0 0 15 1 0 13 0 3 0 0 0 0
1124 10848 561 560 32 0 0 15 1 0 14 0 2 0 0 0 0
1125 10852 559 558 32 0 0 15 1 0 14 0 2 0 0 0 0
1126 10854 557 556 34 0 0 15 1 0 14 0 2 0 0 0 0
1127 10851 558 558 34 0 0 15 1 0 15 0 1 0 0 0 0
1128 10851 558 558 34 0 0 15 1 0 15 0 1 0 0 0 0
1129 10853 557 557 34 0 0 15 1 0 15 0 1 0 0 0 0
1130 10851 558 558 34 0 0 15 1 0 15 0 1 0 0 0 0
1131 10850 559 559 33 0 0 15 1 0 15 0 1 0 0 0 0
1132 10850 559 559 33 0 0 15 1 0 15 0 1 0 0 0 0
1133 10856 557 556 30 0 0 16 1 0 15 0 2 0 0 0 0
1134 10854 558 557 30 0 0 16 1 0 15 0 2 0 0 0 0
1135 10852 560 559 28 0 0 16 1 0 15 0 2 0 0 0 0
1136 10851 561 560 27 0 0 16 1 0 15 0 2 0 0 0 0
1137 10857 558 557 27 0 0 16 1 0 15 0 2 0 0 0 0
1138 10858 558 557 26 0 0 16 1 0 15 0 2 0 0 0 0
1139 10859 558 557 25 0 0 16 1 0 15 0 2 0 0 0 0
1140 10866 555 554 24 0 0 16 1 0 15 0 2 0 0 0 0
1141 10866 555 554 24 0 0 16 1 0 15 0 2 0 0 0 0
1142 10866 555 554 24 0 0 16 1 0 15 0 2 0 0 0 0
1143 10866 555 554 24 0 0 16 1 0 15 0 2 0 0 0 0
1144 10869 553 552 25 0 0 16 1 0 15 0 2 0 0 0 0
1145 10875 550 549 25 0 0 16 1 0 15 0 2 0 0 0 0
1146 10873 551 550 25 0 0 16 1 0 15 0 2 0 0 0 0
1147 10871 552 551 25 0 0 16 1 0 15 0 2 0 0 0 0
1148 10869 553 552 25 0 0 16 1 0 15 0 2 0 0 0 0
1149 10874 551 550 24 0 0 16 1 0 15 0 2 0 0 0 0
1150 10882 547 546 24 0 0 16 1 0 15 0 2 0 0 0 0
1151 10890 543 542 24 0 0 16 1 0 15 0 2 0 0 0 0
1152 10896 540 539 24 0 0 16 1 0 15 0 2 0 0 0 0
1153 10896 540 539 24 0 0 16 1 0 15 0 2 0 0 0 0
1154 10892 542 541 24 0 0 16 1 0 15 0 2 0 0 0 0
1155 10889 543 542 25 0 0 16 1 0 15 0 2 0 0 0 0
1156 10905 535 534 25 0 0 16 1 0 15 0 2 0 0 0 0
1157 10904 536 535 24 0 0 16 1 0 15 0 2 0 0 0 0
1158 10914 531 530 24 0 0 16 1 0 15 0 2 0 0 0 0
1159 10918 529 528 24 0 0 16 1 0 15 0 2 0 0 0 0
1160 10923 526 525 25 0 0 16 1 0 15 0 2 0 0 0 0
1161 10914 530 529 26 0 0 16 1 0 15 0 2 0 0 0 0
1162 10916 529 528 26 0 0 16 1 0 15 0 2 0 0 0 0
1163 10907 533 532 27 0 0 16 1 0 15 0 2 0 0 0 0
1164 10914 530 529 26 0 0 16 1 0 15 0 2 0 0 0 0
1165 10915 531 530 23 0 0 16 1 0 15 0 2 0 0 0 0
1166 10926 526 525 22 0 0 16 1 0 15 0 2 0 0 0 0
1167 10927 525 524 23 0 0 16 1 0 15 0 2 0 0 0 0
1168 10925 526 525 23 0 0 16 1 0 15 0 2 0 0 0 0
1169 10921 528 527 23 0 0 16 1 0 15 0 2 0 0 0 0
1170 10921 528 527 23 0 0 16 1 0 15 0 2 0 0 0 0
1171 10928 525 524 22 0 0 16 1 0 15 0 2 0 0 0 0
1172 10930 524 523 22 0 0 16 1 0 15 0 2 0 0 0 0
1173 10925 526 525 23 0 0 16 1 0 15 0 2 0 0 0 0
1174 10922 527 526 24 0 0 16 1 0 15 0 2 0 0 0 0
1175 10917 529 528 25 0 0 16 1 0 15 0 2 0 0 0 0
1176 10917 529 528 25 0 0 16 1 0 15 0 2 0 0 0 0
1177 10929 523 522 25 0 0 16 1 0 15 0 2 0 0 0 0
1178 10928 524 523 24 0 0 16 1 0 15 0 2 0 0 0 0
1179 10929 523 522 25 0 0 16 1 0 15 0 2 0 0 0 0
1180 10937 519 518 25 0 0 16 1 0 15 0 2 0 0 0 0
1181 10946 515 514 24 0 0 16 1 0 15 0 2 0 0 0 0
1182 10956 510 509 24 0 0 16 1 0 15 0 2 0 0 0 0
1183 10952 512 511 24 0 0 16 1 0 15 0 2 0 0 0 0
1184 10956 511 510 22 0 0 16 1 0 15 0 2 0 0 0 0
1185 10968 505 504 22 0 0 16 1 0 15 0 2 0 0 0 0
1186 10974 502 501 22 0 0 16 1 0 15 0 2 0 0 0 0
1187 10965 506 505 23 0 0 16 1 0 15 0 2 0 0 0 0
1188 10963 507 506 23 0 0 16 1 0 15 0 2 0 0 0 0
1189 10966 506 505 22 0 0 16 1 0 15 0 2 0 0 0 0
1190 10969 505 504 21 0 0 16 1 0 15 0 2 0 0 0 0
1191 10969 505 504 21 0 0 16 1 0 15 0 2 0 0 0 0
1192 10973 503 502 21 0 0 16 1 0 15 0 2 0 0 0 0
1193 10969 505 504 21 0 0 16 1 0 15 0 2 0 0 0 0
1194 10971 504 503 21 0 0 16 1 0 15 0 2 0 0 0 0
1195 10971 504 503 21 0 0 16 1 0 15 0 2 0 0 0 0
1196 10971 504 503 21 0 0 16 1 0 15 0 2 0 0 0 0
1197 10967 506 505 21 0 0 16 1 0 15 0 2 0 0 0 0
1198 10969 506 505 19 0 0 16 1 0 15 0 2 0 0 0 0
1199 10965 508 507 19 0 0 16 1 0 15 0 2 0 0 0 0
1200 10965 508 507 19 0 0 16 1 0 15 0 2 0 0 0 0
1201 10962 509 508 20 0 0 16 1 0 15 0 2 0 0 0 0
1202 10964 508 507 20 0 0 16 1 0 15 0 2 0 0 0 0
1203 10963 509 508 19 0 0 16 1 0 15 0 2 0 0 0 0
1204 10966 508 507 18 0 0 16 1 0 15 0 2 0 0 0 0
1205 10970 506 505 18 0 0 16 1 0 15 0 2 0 0 0 0
1206 10969 506 505 19 0 0 16 1 0 15 0 2 0 0 0 0
1207 10978 502 500 19 0 0 16 1 0 14 0 3 0 0 0 0
1208 10975 503 501 20 0 0 16 1 0 14 0 3 0 0 0 0
1209 10975 503 501 20 0 0 16 1 0 14 0 3 0 0 0 0
1210 10976 502 500 21 0 0 16 1 0 14 0 3 0 0 0 0
1211 10982 499 497 21 0 0 16 1 0 14 0 3 0 0 0 0
1212 10988 496 494 21 0 0 16 1 0 14 0 3 0 0 0 0
1213 10986 497 495 21 0 0 16 1 0 14 0 3 0 0 0 0
1214 10985 497 495 22 0 0 16 1 0 14 0 3 0 0 0 0
1215 10982 498 496 23 0 0 16 1 0 14 0 3 0 0 0 0
1216 10981 498 496 24 0 0 16 1 0 14 0 3 0 0 0 0
1217 10981 498 496 24 0 0 16 1 0 14 0 3 0 0 0 0
1218 10978 499 497 25 0 0 16 1 0 14 0 3 0 0 0 0
1219 10980 498 496 25 0 0 16 1 0 14 0 3 0 0 0 0
1220 10978 499 497 25 0 0 16 1 0 14 0 3 0 0 0 0
1221 10987 495 493 24 0 0 16 1 0 14 0 3 0 0 0 0
1222 10990 493 491 25 0 0 16 1 0 14 0 3 0 0 0 0
1223 10995 490 488 26 0 0 16 1 0 14 0 3 0 0 0 0
1224 10998 488 487 26 0 0 16 1 0 15 0 2 0 0 0 0
1225 11005 485 484 25 0 0 16 1 0 15 0 2 0 0 0 0
1226 11009 483 482 25 0 0 16 1 0 15 0 2 0 0 0 0
1227 11019 478 477 25 0 0 16 1 0 15 0 2 0 0 0 0
1228 11024 476 475 24 0 0 16 1 0 15 0 2 0 0 0 0
1229 11028 474 473 24 0 0 16 1 0 15 0 2 0 0 0 0
1230 11026 475 474 24 0 0 16 1 0 15 0 2 0 0 0 0
1231 11016 480 479 24 0 0 16 1 0 15 0 2 0 0 0 0
1232 11018 479 478 24 0 0 16 1 0 15 0 2 0 0 0 0
1233 11016 480 479 24 0 0 16 1 0 15 0 2 0 0 0 0
1234 11020 478 477 24 0 0 16 1 0 15 0 2 0 0 0 0
1235 11022 476 475 26 0 0 16 1 0 15 0 2 0 0 0 0
1236 11026 474 473 26 0 0 16 1 0 15 0 2 0 0 0 0
1237 11024 475 474 26 0 0 16 1 0 15 0 2 0 0 0 0
1238 11026 474 473 26 0 0 16 1 0 15 0 2 0 0 0 0
1239 11023 475 474 27 0 0 16 1 0 15 0 2 0 0 0 0
1240 11031 471 470 27 0 0 16 1 0 15 0 2 0 0 0 0
1241 11035 469 468 27 0 0 16 1 0 15 0 2 0 0 0 0
1242 11035 469 468 27 0 0 16 1 0 15 0 2 0 0 0 0
1243 11043 465 464 27 0 0 16 1 0 15 0 2 0 0 0 0
1244 11044 464 463 28 0 0 16 1 0 15 0 2 0 0 0 0
1245 11048 462 461 28 0 0 16 1 0 15 0 2 0 0 0 0
1246 11052 460 459 28 0 0 16 1 0 15 0 2 0 0 0 0
1247 11056 458 457 28 0 0 16 1 0 15 0 2 0 0 0 0
1248 11056 458 457 28 0 0 16 1 0 15 0 2 0 0 0 0
1249 11060 456 455 28 0 0 16 1 0 15 0 2 0 0 0 0
1250 11065 454 453 27 0 0 16 1 0 15 0 2 0 0 0 0
1251 11065 454 453 27 0 0 16 1 0 15 0 2 0 0 0 0
1252 11063 455 454 27 0 0 16 1 0 15 0 2 0 0 0 0
1253 11069 453 452 25 0 0 16 1 0 15 0 2 0 0 0 0
1254 11077 449 448 25 0 0 16 1 0 15 0 2 0 0 0 0
1255 11075 450 449 25 0 0 16 1 0 15 0 2 0 0 0 0
1256 11075 450 449 25 0 0 16 1 0 15 0 2 0 0 0 0
1257 11083 446 445 25 0 0 16 1 0 15 0 2 0 0 0 0
1258 11084 445 444 26 0 0 16 1 0 15 0 2 0 0 0 0
1259 11084 445 444 26 0 0 16 1 0 15 0 2 0 0 0 0
1260 11094 440 439 26 0 0 16 1 0 15 0 2 0 0 0 0
1261 11100 437 436 26 0 0 16 1 0 15 0 2 0 0 0 0
1262 11104 436 435 24 0 0 16 1 0 15 0 2 0 0 0 0
1263 11104 436 435 24 0 0 16 1 0 15 0 2 0 0 0 0
1264 11106 435 434 24 0 0 16 1 0 15 0 2 0 0 0 0
1265 11108 434 433 24 0 0 16 1 0 15 0 2 0 0 0 0
1266 11106 435 434 24 0 0 16 1 0 15 0 2 0 0 0 0
1267 11112 432 431 24 0 0 16 1 0 15 0 2 0 0 0 0
1268 11106 435 434 24 0 0 16 1 0 15 0 2 0 0 0 0
1269 11105 436 435 23 0 0 16 1 0 15 0 2 0 0 0 0
1270 11103 437 436 23 0 0 16 1 0 15 0 2 0 0 0 0
1271 11104 436 435 24 0 0 16 1 0 15 0 2 0 0 0 0
1272 11106 435 434 24 0 0 16 1 0 15 0 2 0 0 0 0
1273 11104 436 435 24 0 0 16 1 0 15 0 2 0 0 0 0
1274 11108 434 433 24 0 0 16 1 0 15 0 2 0 0 0 0
1275 11114 431 430 24 0 0 16 1 0 15 0 2 0 0 0 0
1276 11113 432 431 23 0 0 16 1 0 15 0 2 0 0 0 0
1277 11117 430 429 23 0 0 16 1 0 15 0 2 0 0 0 0
1278 11119 429 428 23 0 0 16 1 0 15 0 2 0 0 0 0
1279 11118 430 429 22 0 0 16 1 0 15 0 2 0 0 0 0
1280 11123 427 426 23 0 0 16 1 0 15 0 2 0 0 0 0
1281 11129 424 423 23 0 0 16 1 0 15 0 2 0 0 0 0
1282 11135 421 420 23 0 0 16 1 0 15 0 2 0 0 0 0
1283 11137 420 419 23 0 0 16 1 0 15 0 2 0 0 0 0
1284 11136 420 420 23 0 0 16 1 0 16 0 1 0 0 0 0
1285 11134 421 421 23 0 0 16 1 0 16 0 1 0 0 0 0
1286 11138 419 419 23 0 0 16 1 0 16 0 1 0 0 0 0
1287 11134 421 421 23 0 0 16 1 0 16 0 1 0 0 0 0
1288 11132 422 422 23 0 0 16 1 0 16 0 1 0 0 0 0
1289 11134 421 421 23 0 0 16 1 0 16 0 1 0 0 0 0
1290 11138 419 419 23 0 0 16 1 0 16 0 1 0 0 0 0
1291 11140 418 418 23 0 0 16 1 0 16 0 1 0 0 0 0
1292 11138 419 419 23 0 0 16 1 0 16 0 1 0 0 0 0
1293 11138 419 419 23 0 0 16 1 0 16 0 1 0 0 0 0
1294 11135 420 420 24 0 0 16 1 0 16 0 1 0 0 0 0
1295 11143 416 416 24 0 0 16 1 0 16 0 1 0 0 0 0
1296 11143 416 416 24 0 0 16 1 0 16 0 1 0 0 0 0
1297 11137 419 419 24 0 0 16 1 0 16 0 1 0 0 0 0
1298 11145 415 415 24 0 0 16 1 0 16 0 1 0 0 0 0
1299 11158 409 409 23 0 0 16 1 0 16 0 1 0 0 0 0
1300 11156 410 410 23 0 0 16 1 0 16 0 1 0 0 0 0
1301 11149 413 413 24 0 0 16 1 0 16 0 1 0 0 0 0
1302 11157 409 409 24 0 0 16 1 0 16 0 1 0 0 0 0
1303 11159 409 409 22 0 0 16 1 0 16 0 1 0 0 0 0
1304 11161 408 408 22 0 0 16 1 0 16 0 1 0 0 0 0
1305 11167 405 405 22 0 0 16 1 0 16 0 1 0 0 0 0
1306 11165 406 406 22 0 0 16 1 0 16 0 1 0 0 0 0
1307 11172 402 402 23 0 0 16 1 0 16 0 1 0 0 0 0
1308 11176 400 400 23 0 0 16 1 0 16 0 1 0 0 0 0
1309 11182 397 397 23 0 0 16 1 0 16 0 1 0 0 0 0
1310 11184 396 396 23 0 0 16 1 0 16 0 1 0 0 0 0
1311 11174 401 401 23 0 0 16 1 0 16 0 1 0 0 0 0
1312 11176 400 400 23 0 0 16 1 0 16 0 1 0 0 0 0
1313 11174 401 401 23 0 0 16 1 0 16 0 1 0 0 0 0
