0 4425 6150
1 4322 6253
2 4324 6251
3 4289 6286
4 4281 6294
5 4301 6274
6 4286 6289
7 4250 6325
8 4239 6336
9 4247 6328
10 4253 6322
11 4228 6347
12 4225 6350
13 4223 6352
14 4224 6351
15 4266 6309
16 4254 6321
17 4268 6307
18 4252 6323
19 4285 6290
20 4271 6304
21 4275 6300
22 4246 6329
23 4260 6315
24 4258 6317
25 4253 6322
26 4271 6304
27 4241 6334
28 4224 6351
29 4179 6396
30 4175 6400
31 4157 6418
32 4161 6414
33 4174 6401
34 4166 6409
35 4186 6389
36 4185 6390
37 4162 6413
38 4161 6414
39 4141 6434
40 4155 6420
41 4162 6413
42 4187 6388
43 4207 6368
44 4214 6361
45 4199 6376
46 4200 6375
47 4216 6359
48 4199 6376
49 4180 6395
50 4209 6366
51 4208 6367
52 4214 6361
53 4201 6374
54 4208 6367
55 4219 6356
56 4191 6384
57 4168 6407
58 4169 6406
59 4212 6363
60 4186 6389
61 4193 6382
62 4205 6370
63 4234 6341
64 4230 6345
65 4260 6315
66 4247 6328
67 4272 6303
68 4276 6299
69 4277 6298
70 4267 6308
71 4255 6320
72 4265 6310
73 4234 6341
74 4230 6345
75 4240 6335
76 4237 6338
77 4228 6347
78 4241 6334
79 4252 6323
80 4239 6336
81 4246 6329
82 4254 6321
83 4243 6332
84 4244 6331
85 4224 6351
86 4212 6363
87 4187 6388
88 4210 6365
89 4228 6347
90 4248 6327
91 4231 6344
92 4229 6346
93 4219 6356
94 4232 6343
95 4204 6371
96 4186 6389
97 4171 6404
98 4178 6397
99 4158 6417
100 4167 6408
101 4187 6388
102 4192 6383
103 4209 6366
104 4217 6358
105 4215 6360
106 4199 6376
107 4219 6356
108 4200 6375
109 4196 6379
110 4176 6399
111 4184 6391
112 4189 6386
113 4168 6407
114 4184 6391
115 4185 6390
116 4190 6385
117 4195 6380
118 4189 6386
119 4198 6377
120 4166 6409
121 4154 6421
122 4166 6409
123 4182 6393
124 4174 6401
125 4161 6414
126 4157 6418
127 4171 6404
128 4157 6418
129 4177 6398
130 4209 6366
131 4215 6360
132 4210 6365
133 4222 6353
134 4203 6372
135 4189 6386
136 4191 6384
137 4191 6384
138 4168 6407
139 4169 6406
140 4181 6394
141 4199 6376
142 4225 6350
143 4211 6364
144 4218 6357
145 4218 6357
146 4205 6370
147 4246 6329
148 4250 6325
149 4250 6325
150 4253 6322
151 4251 6324
152 4251 6324
153 4275 6300
154 4279 6296
155 4288 6287
156 4299 6276
157 4285 6290
158 4296 6279
159 4311 6264
160 4296 6279
161 4319 6256
162 4343 6232
163 4375 6200
164 4378 6197
165 4376 6199
166 4381 6194
167 4366 6209
168 4375 6200
169 4373 6202
170 4384 6191
171 4402 6173
172 4404 6171
173 4413 6162
174 4390 6185
175 4382 6193
176 4403 6172
177 4408 6167
178 4409 6166
179 4430 6145
180 4444 6131
181 4399 6176
182 4395 6180
183 4390 6185
184 4386 6189
185 4387 6188
186 4424 6151
187 4439 6136
188 4442 6133
189 4458 6117
190 4471 6104
191 4494 6081
192 4523 6052
193 4513 6062
194 4479 6096
195 4473 6102
196 4468 6107
197 4480 6095
198 4463 6112
199 4507 6068
200 4490 6085
201 4486 6089
202 4478 6097
203 4477 6098
204 4446 6129
205 4427 6148
206 4415 6160
207 4402 6173
208 4408 6167
209 4421 6154
210 4429 6146
211 4404 6171
212 4424 6151
213 4439 6136
214 4418 6157
215 4435 6140
216 4422 6153
217 4462 6113
218 4464 6111
219 4437 6138
220 4435 6140
221 4423 6152
222 4408 6167
223 4409 6166
224 4431 6144
225 4435 6140
226 4445 6130
227 4465 6110
228 4453 6122
229 4436 6139
230 4433 6142
231 4414 6161
232 4442 6133
233 4439 6136
234 4454 6121
235 4483 6092
236 4489 6086
237 4481 6094
238 4445 6130
239 4444 6131
240 4446 6129
241 4460 6115
242 4488 6087
243 4477 6098
244 4479 6096
245 4460 6115
246 4444 6131
247 4427 6148
248 4446 6129
249 4436 6139
250 4443 6132
251 4441 6134
252 4439 6136
253 4438 6137
254 4407 6168
255 4379 6196
256 4413 6162
257 4414 6161
258 4437 6138
259 4461 6114
260 4452 6123
261 4442 6133
262 4468 6107
263 4467 6108
264 4494 6081
265 4488 6087
266 4469 6106
267 4457 6118
268 4446 6129
269 4445 6130
270 4426 6149
271 4426 6149
272 4439 6136
273 4466 6109
274 4449 6126
275 4435 6140
276 4456 6119
277 4456 6119
278 4480 6095
279 4493 6082
280 4484 6091
281 4490 6085
282 4499 6076
283 4508 6067
284 4497 6078
285 4477 6098
286 4462 6113
287 4474 6101
288 4469 6106
289 4465 6110
290 4488 6087
291 4499 6076
292 4501 6074
293 4505 6070
294 4473 6102
295 4500 6075
296 4469 6106
297 4460 6115
298 4472 6103
299 4486 6089
300 4504 6071
301 4474 6101
302 4431 6144
303 4420 6155
304 4411 6164
305 4420 6155
306 4425 6150
307 4427 6148
308 4412 6163
309 4419 6156
310 4394 6181
311 4410 6165
312 4422 6153
313 4434 6141
314 4419 6156
315 4430 6145
316 4463 6112
317 4446 6129
318 4445 6130
319 4443 6132
320 4419 6156
321 4426 6149
322 4442 6133
323 4446 6129
324 4443 6132
325 4443 6132
326 4458 6117
327 4433 6142
328 4451 6124
329 4440 6135
330 4427 6148
331 4442 6133
332 4443 6132
333 4416 6159
334 4418 6157
335 4423 6152
336 4447 6128
337 4454 6121
338 4462 6113
339 4450 6125
340 4437 6138
341 4459 6116
342 4434 6141
343 4445 6130
344 4457 6118
345 4462 6113
346 4451 6124
347 4438 6137
348 4427 6148
349 4416 6159
350 4407 6168
351 4399 6176
352 4413 6162
353 4426 6149
354 4439 6136
355 4426 6149
356 4416 6159
357 4408 6167
358 4398 6177
359 4433 6142
360 4464 6111
361 4500 6075
362 4486 6089
363 4505 6070
364 4511 6064
365 4509 6066
366 4523 6052
367 4536 6039
368 4525 6050
369 4524 6051
370 4546 6029
371 4561 6014
372 4532 6043
373 4531 6044
374 4520 6055
375 4528 6047
376 4520 6055
377 4516 6059
378 4541 6034
379 4552 6023
380 4542 6033
381 4526 6049
382 4514 6061
383 4522 6053
384 4529 6046
385 4550 6025
386 4552 6023
387 4569 6006
388 4588 5987
389 4588 5987
390 4578 5997
391 4597 5978
392 4597 5978
393 4596 5979
394 4600 5975
395 4587 5988
396 4593 5982
397 4609 5966
398 4613 5962
399 4620 5955
400 4615 5960
401 4622 5953
402 4653 5922
403 4649 5926
404 4645 5930
405 4647 5928
406 4613 5962
407 4639 5936
408 4617 5958
409 4615 5960
410 4607 5968
411 4609 5966
412 4640 5935
413 4638 5937
414 4645 5930
415 4650 5925
416 4663 5912
417 4673 5902
418 4666 5909
419 4640 5935
420 4641 5934
421 4648 5927
422 4632 5943
423 4628 5947
424 4631 5944
425 4629 5946
426 4610 5965
427 4608 5967
428 4601 5974
429 4619 5956
430 4622 5953
431 4637 5938
432 4644 5931
433 4653 5922
434 4679 5896
435 4655 5920
436 4667 5908
437 4663 5912
438 4660 5915
439 4652 5923
440 4661 5914
441 4682 5893
442 4694 5881
443 4683 5892
444 4682 5893
445 4663 5912
446 4683 5892
447 4679 5896
448 4643 5932
449 4629 5946
450 4624 5951
451 4631 5944
452 4628 5947
453 4628 5947
454 4639 5936
455 4635 5940
456 4628 5947
457 4620 5955
458 4632 5943
459 4617 5958
460 4644 5931
461 4655 5920
462 4652 5923
463 4649 5926
464 4647 5928
465 4633 5942
466 4627 5948
467 4634 5941
468 4655 5920
469 4665 5910
470 4659 5916
471 4653 5922
472 4640 5935
473 4639 5936
474 4638 5937
475 4655 5920
476 4685 5890
477 4646 5929
478 4628 5947
479 4621 5954
480 4600 5975
481 4592 5983
482 4586 5989
483 4590 5985
484 4584 5991
485 4587 5988
486 4582 5993
487 4564 6011
488 4581 5994
489 4573 6002
490 4583 5992
491 4574 6001
492 4589 5986
493 4597 5978
494 4606 5969
495 4612 5963
496 4627 5948
497 4621 5954
498 4643 5932
499 4636 5939
500 4598 5977
501 4621 5954
502 4634 5941
503 4617 5958
504 4606 5969
505 4614 5961
506 4606 5969
507 4585 5990
508 4579 5996
509 4601 5974
510 4625 5950
511 4595 5980
512 4617 5958
513 4642 5933
514 4617 5958
515 4623 5952
516 4613 5962
517 4590 5985
518 4599 5976
519 4568 6007
520 4568 6007
521 4585 5990
522 4578 5997
523 4577 5998
524 4595 5980
525 4585 5990
526 4591 5984
527 4578 5997
528 4597 5978
529 4623 5952
530 4636 5939
531 4603 5972
532 4608 5967
533 4612 5963
534 4621 5954
535 4599 5976
536 4565 6010
537 4562 6013
538 4559 6016
539 4576 5999
540 4546 6029
541 4572 6003
542 4604 5971
543 4576 5999
544 4602 5973
545 4598 5977
546 4606 5969
547 4612 5963
548 4602 5973
549 4633 5942
550 4637 5938
551 4632 5943
552 4650 5925
553 4646 5929
554 4646 5929
555 4656 5919
556 4655 5920
557 4673 5902
558 4689 5886
559 4676 5899
560 4688 5887
561 4659 5916
562 4638 5937
563 4629 5946
564 4633 5942
565 4631 5944
566 4642 5933
567 4653 5922
568 4652 5923
569 4657 5918
570 4658 5917
571 4654 5921
572 4666 5909
573 4668 5907
574 4666 5909
575 4667 5908
576 4665 5910
577 4677 5898
578 4677 5898
579 4659 5916
580 4674 5901
581 4662 5913
582 4680 5895
583 4675 5900
584 4684 5891
585 4664 5911
586 4657 5918
587 4650 5925
588 4637 5938
589 4658 5917
590 4666 5909
591 4671 5904
592 4638 5937
593 4647 5928
594 4644 5931
595 4659 5916
596 4662 5913
597 4666 5909
598 4694 5881
599 4692 5883
600 4696 5879
601 4719 5856
602 4752 5823
603 4743 5832
604 4710 5865
605 4733 5842
606 4747 5828
607 4767 5808
608 4760 5815
609 4766 5809
610 4775 5800
611 4778 5797
612 4790 5785
613 4774 5801
614 4767 5808
615 4772 5803
616 4773 5802
617 4796 5779
618 4804 5771
619 4815 5760
620 4801 5774
621 4806 5769
622 4789 5786
623 4784 5791
624 4783 5792
625 4795 5780
626 4793 5782
627 4788 5787
628 4787 5788
629 4817 5758
630 4803 5772
631 4814 5761
632 4843 5732
633 4814 5761
634 4820 5755
635 4815 5760
636 4818 5757
637 4810 5765
638 4824 5751
639 4819 5756
640 4807 5768
641 4818 5757
642 4802 5773
643 4802 5773
644 4795 5780
645 4776 5799
646 4767 5808
647 4781 5794
648 4780 5795
649 4787 5788
650 4798 5777
651 4802 5773
652 4802 5773
653 4820 5755
654 4816 5759
655 4810 5765
656 4811 5764
657 4799 5776
658 4819 5756
659 4817 5758
660 4820 5755
661 4836 5739
662 4837 5738
663 4835 5740
664 4848 5727
665 4846 5729
666 4839 5736
667 4803 5772
668 4787 5788
669 4754 5821
670 4763 5812
671 4763 5812
672 4768 5807
673 4740 5835
674 4759 5816
675 4758 5817
676 4741 5834
677 4766 5809
678 4776 5799
679 4768 5807
680 4755 5820
681 4767 5808
682 4759 5816
683 4760 5815
684 4773 5802
685 4738 5837
686 4709 5866
687 4715 5860
688 4716 5859
689 4717 5858
690 4695 5880
691 4674 5901
692 4619 5956
693 4632 5943
694 4637 5938
695 4668 5907
696 4669 5906
697 4677 5898
698 4679 5896
699 4687 5888
700 4699 5876
701 4692 5883
702 4681 5894
703 4675 5900
704 4680 5895
705 4689 5886
706 4675 5900
707 4661 5914
708 4677 5898
709 4672 5903
710 4681 5894
711 4659 5916
712 4663 5912
713 4638 5937
714 4635 5940
715 4638 5937
716 4607 5968
717 4591 5984
718 4620 5955
719 4608 5967
720 4615 5960
721 4598 5977
722 4612 5963
723 4618 5957
724 4635 5940
725 4612 5963
726 4611 5964
727 4623 5952
728 4633 5942
729 4618 5957
730 4622 5953
731 4621 5954
732 4633 5942
733 4620 5955
734 4615 5960
735 4612 5963
736 4609 5966
737 4614 5961
738 4614 5961
739 4659 5916
740 4656 5919
741 4658 5917
742 4681 5894
743 4693 5882
744 4680 5895
745 4698 5877
746 4724 5851
747 4733 5842
748 4716 5859
749 4697 5878
750 4676 5899
751 4671 5904
752 4684 5891
753 4661 5914
754 4652 5923
755 4665 5910
756 4688 5887
757 4689 5886
758 4691 5884
759 4686 5889
760 4724 5851
761 4726 5849
762 4729 5846
763 4743 5832
764 4755 5820
765 4779 5796
766 4760 5815
767 4778 5797
768 4757 5818
769 4771 5804
770 4794 5781
771 4798 5777
772 4784 5791
773 4779 5796
774 4775 5800
775 4775 5800
776 4775 5800
777 4773 5802
778 4772 5803
779 4796 5779
780 4817 5758
781 4822 5753
782 4811 5764
783 4822 5753
784 4826 5749
785 4820 5755
786 4815 5760
787 4834 5741
788 4847 5728
789 4830 5745
790 4824 5751
791 4822 5753
792 4821 5754
793 4823 5752
794 4829 5746
795 4840 5735
796 4836 5739
797 4828 5747
798 4825 5750
799 4798 5777
800 4795 5780
801 4790 5785
802 4794 5781
803 4793 5782
804 4794 5781
805 4812 5763
806 4809 5766
807 4830 5745
808 4837 5738
809 4835 5740
810 4855 5720
811 4847 5728
812 4844 5731
813 4840 5735
814 4833 5742
815 4855 5720
816 4859 5716
817 4848 5727
818 4869 5706
819 4875 5700
820 4872 5703
821 4860 5715
822 4864 5711
823 4897 5678
824 4896 5679
825 4937 5638
826 4919 5656
827 4936 5639
828 4920 5655
829 4895 5680
830 4899 5676
831 4893 5682
832 4898 5677
833 4894 5681
834 4908 5667
835 4906 5669
836 4913 5662
837 4884 5691
838 4864 5711
839 4870 5705
840 4856 5719
841 4861 5714
842 4851 5724
843 4847 5728
844 4852 5723
845 4836 5739
846 4834 5741
847 4853 5722
848 4841 5734
849 4857 5718
850 4826 5749
851 4817 5758
852 4827 5748
853 4829 5746
854 4815 5760
855 4809 5766
856 4820 5755
857 4817 5758
858 4836 5739
859 4845 5730
860 4865 5710
861 4840 5735
862 4832 5743
863 4819 5756
864 4810 5765
865 4819 5756
866 4796 5779
867 4803 5772
868 4795 5780
869 4781 5794
870 4795 5780
871 4822 5753
872 4796 5779
873 4788 5787
874 4790 5785
875 4806 5769
876 4800 5775
877 4806 5769
878 4821 5754
879 4815 5760
880 4809 5766
881 4815 5760
882 4828 5747
883 4815 5760
884 4829 5746
885 4813 5762
886 4838 5737
887 4819 5756
888 4789 5786
889 4816 5759
890 4822 5753
891 4829 5746
892 4817 5758
893 4799 5776
894 4806 5769
895 4789 5786
896 4770 5805
897 4775 5800
898 4786 5789
899 4774 5801
900 4794 5781
901 4793 5782
902 4821 5754
903 4807 5768
904 4794 5781
905 4762 5813
906 4766 5809
907 4774 5801
908 4773 5802
909 4765 5810
910 4792 5783
911 4780 5795
912 4777 5798
913 4785 5790
914 4780 5795
915 4798 5777
916 4791 5784
917 4804 5771
918 4782 5793
919 4791 5784
920 4807 5768
921 4818 5757
922 4808 5767
923 4809 5766
924 4797 5778
925 4786 5789
926 4793 5782
927 4796 5779
928 4751 5824
929 4746 5829
930 4749 5826
931 4736 5839
932 4736 5839
933 4742 5833
934 4729 5846
935 4715 5860
936 4714 5861
937 4687 5888
938 4697 5878
939 4686 5889
940 4679 5896
941 4646 5929
942 4660 5915
943 4668 5907
944 4643 5932
945 4673 5902
946 4672 5903
947 4675 5900
948 4655 5920
949 4661 5914
950 4684 5891
951 4683 5892
952 4692 5883
953 4705 5870
954 4715 5860
955 4713 5862
956 4687 5888
957 4713 5862
958 4718 5857
959 4720 5855
960 4731 5844
961 4729 5846
962 4753 5822
963 4773 5802
964 4770 5805
965 4798 5777
966 4810 5765
967 4854 5721
968 4821 5754
969 4806 5769
970 4832 5743
971 4833 5742
972 4837 5738
973 4852 5723
974 4853 5722
975 4863 5712
976 4876 5699
977 4868 5707
978 4857 5718
979 4851 5724
980 4865 5710
981 4880 5695
982 4894 5681
983 4916 5659
984 4916 5659
985 4919 5656
986 4930 5645
987 4947 5628
988 4908 5667
989 4897 5678
990 4886 5689
991 4884 5691
992 4906 5669
993 4927 5648
994 4927 5648
995 4931 5644
996 4937 5638
997 4938 5637
998 4942 5633
999 4937 5638
1000 4933 5642
1001 4937 5638
1002 4938 5637
1003 4956 5619
1004 4938 5637
1005 4972 5603
1006 4963 5612
1007 4973 5602
1008 4954 5621
1009 4939 5636
1010 4984 5591
1011 4949 5626
1012 4928 5647
1013 4930 5645
1014 4936 5639
1015 4952 5623
1016 4951 5624
1017 4959 5616
1018 4944 5631
1019 4924 5651
1020 4910 5665
1021 4910 5665
1022 4919 5656
1023 4910 5665
1024 4906 5669
1025 4900 5675
1026 4877 5698
1027 4876 5699
1028 4888 5687
1029 4909 5666
1030 4910 5665
1031 4934 5641
1032 4935 5640
1033 4906 5669
1034 4931 5644
1035 4938 5637
1036 4921 5654
1037 4904 5671
1038 4919 5656
1039 4920 5655
1040 4911 5664
1041 4901 5674
1042 4909 5666
1043 4922 5653
1044 4925 5650
1045 4909 5666
1046 4899 5676
1047 4881 5694
1048 4877 5698
1049 4907 5668
1050 4900 5675
1051 4873 5702
1052 4880 5695
1053 4858 5717
1054 4879 5696
1055 4886 5689
1056 4896 5679
1057 4904 5671
1058 4914 5661
1059 4885 5690
1060 4877 5698
1061 4895 5680
1062 4881 5694
1063 4880 5695
1064 4888 5687
1065 4898 5677
1066 4879 5696
1067 4872 5703
1068 4867 5708
1069 4872 5703
1070 4881 5694
1071 4879 5696
1072 4911 5664
1073 4919 5656
1074 4897 5678
1075 4889 5686
1076 4890 5685
1077 4901 5674
1078 4876 5699
1079 4869 5706
1080 4864 5711
1081 4834 5741
1082 4820 5755
1083 4814 5761
1084 4841 5734
1085 4842 5733
1086 4867 5708
1087 4867 5708
1088 4877 5698
1089 4882 5693
1090 4890 5685
1091 4855 5720
1092 4864 5711
1093 4870 5705
1094 4872 5703
1095 4890 5685
1096 4876 5699
1097 4868 5707
1098 4850 5725
1099 4860 5715
1100 4844 5731
1101 4826 5749
1102 4823 5752
1103 4842 5733
1104 4823 5752
1105 4828 5747
1106 4847 5728
1107 4866 5709
1108 4861 5714
1109 4877 5698
1110 4894 5681
1111 4897 5678
1112 4877 5698
1113 4878 5697
1114 4882 5693
1115 4874 5701
1116 4880 5695
1117 4867 5708
1118 4863 5712
1119 4893 5682
1120 4862 5713
1121 4848 5727
1122 4851 5724
1123 4861 5714
1124 4877 5698
1125 4845 5730
1126 4853 5722
1127 4853 5722
1128 4851 5724
1129 4843 5732
1130 4838 5737
1131 4832 5743
1132 4836 5739
1133 4847 5728
1134 4856 5719
1135 4834 5741
1136 4816 5759
1137 4827 5748
1138 4822 5753
1139 4828 5747
1140 4827 5748
1141 4823 5752
1142 4799 5776
1143 4814 5761
1144 4827 5748
1145 4824 5751
1146 4834 5741
1147 4836 5739
1148 4840 5735
1149 4830 5745
1150 4811 5764
1151 4821 5754
1152 4816 5759
1153 4804 5771
1154 4807 5768
1155 4808 5767
1156 4821 5754
1157 4794 5781
1158 4804 5771
1159 4797 5778
1160 4794 5781
1161 4778 5797
1162 4790 5785
1163 4812 5763
1164 4820 5755
1165 4799 5776
1166 4798 5777
1167 4786 5789
1168 4778 5797
1169 4759 5816
1170 4786 5789
1171 4766 5809
1172 4741 5834
1173 4766 5809
1174 4789 5786
1175 4792 5783
1176 4795 5780
1177 4804 5771
1178 4782 5793
1179 4810 5765
1180 4808 5767
1181 4797 5778
1182 4824 5751
1183 4805 5770
1184 4795 5780
1185 4771 5804
1186 4772 5803
1187 4771 5804
1188 4783 5792
1189 4784 5791
1190 4784 5791
1191 4782 5793
1192 4784 5791
1193 4757 5818
1194 4761 5814
1195 4781 5794
1196 4740 5835
1197 4740 5835
1198 4745 5830
1199 4739 5836
1200 4723 5852
1201 4751 5824
1202 4768 5807
1203 4767 5808
1204 4789 5786
1205 4779 5796
1206 4762 5813
1207 4751 5824
1208 4775 5800
1209 4767 5808
1210 4768 5807
1211 4766 5809
1212 4822 5753
1213 4816 5759
1214 4805 5770
1215 4824 5751
1216 4800 5775
1217 4805 5770
1218 4770 5805
1219 4773 5802
1220 4781 5794
1221 4761 5814
1222 4771 5804
1223 4767 5808
1224 4772 5803
1225 4781 5794
1226 4782 5793
1227 4791 5784
1228 4767 5808
1229 4781 5794
1230 4762 5813
1231 4769 5806
1232 4761 5814
1233 4768 5807
1234 4768 5807
1235 4762 5813
1236 4730 5845
1237 4729 5846
1238 4751 5824
1239 4720 5855
1240 4708 5867
1241 4708 5867
1242 4736 5839
1243 4739 5836
1244 4709 5866
1245 4721 5854
1246 4691 5884
1247 4706 5869
1248 4690 5885
1249 4703 5872
1250 4704 5871
1251 4700 5875
1252 4718 5857
1253 4710 5865
1254 4711 5864
1255 4716 5859
1256 4717 5858
1257 4692 5883
1258 4690 5885
1259 4681 5894
1260 4693 5882
1261 4669 5906
1262 4647 5928
1263 4648 5927
1264 4650 5925
1265 4665 5910
1266 4669 5906
1267 4657 5918
1268 4647 5928
1269 4622 5953
1270 4625 5950
1271 4649 5926
1272 4633 5942
1273 4626 5949
1274 4617 5958
1275 4603 5972
1276 4604 5971
1277 4581 5994
1278 4588 5987
1279 4604 5971
1280 4630 5945
1281 4625 5950
1282 4625 5950
1283 4640 5935
1284 4642 5933
1285 4618 5957
1286 4631 5944
1287 4658 5917
1288 4629 5946
1289 4612 5963
1290 4585 5990
1291 4578 5997
1292 4579 5996
1293 4570 6005
1294 4548 6027
1295 4546 6029
1296 4544 6031
1297 4559 6016
1298 4584 5991
1299 4563 6012
1300 4551 6024
1301 4571 6004
1302 4610 5965
1303 4599 5976
1304 4603 5972
1305 4601 5974
1306 4613 5962
1307 4585 5990
1308 4593 5982
1309 4577 5998
1310 4603 5972
1311 4591 5984
1312 4611 5964
1313 4607 5968
1314 4596 5979
1315 4583 5992
1316 4598 5977
1317 4583 5992
1318 4595 5980
1319 4626 5949
1320 4626 5949
1321 4617 5958
1322 4616 5959
1323 4602 5973
1324 4589 5986
1325 4583 5992
1326 4582 5993
1327 4582 5993
1328 4581 5994
1329 4586 5989
1330 4567 6008
1331 4564 6011
1332 4563 6012
1333 4585 5990
1334 4601 5974
1335 4595 5980
1336 4604 5971
1337 4603 5972
1338 4586 5989
1339 4595 5980
1340 4595 5980
1341 4599 5976
1342 4593 5982
1343 4593 5982
1344 4597 5978
1345 4579 5996
1346 4583 5992
1347 4567 6008
1348 4567 6008
1349 4556 6019
1350 4572 6003
1351 4594 5981
1352 4608 5967
1353 4617 5958
1354 4577 5998
1355 4582 5993
1356 4581 5994
1357 4592 5983
1358 4581 5994
1359 4596 5979
1360 4606 5969
1361 4601 5974
1362 4614 5961
1363 4592 5983
1364 4557 6018
1365 4564 6011
1366 4576 5999
1367 4558 6017
1368 4562 6013
1369 4550 6025
1370 4553 6022
1371 4573 6002
1372 4572 6003
1373 4577 5998
1374 4567 6008
1375 4558 6017
1376 4563 6012
1377 4571 6004
1378 4559 6016
1379 4556 6019
1380 4543 6032
1381 4548 6027
1382 4520 6055
1383 4515 6060
1384 4540 6035
1385 4532 6043
1386 4542 6033
1387 4523 6052
1388 4530 6045
1389 4538 6037
1390 4533 6042
1391 4527 6048
1392 4535 6040
1393 4558 6017
1394 4539 6036
1395 4515 6060
1396 4494 6081
1397 4495 6080
1398 4507 6068
1399 4508 6067
1400 4521 6054
1401 4520 6055
1402 4528 6047
1403 4531 6044
1404 4524 6051
1405 4545 6030
1406 4536 6039
1407 4519 6056
1408 4495 6080
1409 4474 6101
1410 4476 6099
1411 4477 6098
1412 4455 6120
1413 4441 6134
1414 4440 6135
1415 4458 6117
1416 4467 6108
1417 4464 6111
1418 4476 6099
1419 4510 6065
1420 4499 6076
1421 4496 6079
1422 4507 6068
1423 4526 6049
1424 4526 6049
1425 4501 6074
1426 4499 6076
1427 4522 6053
1428 4507 6068
1429 4507 6068
1430 4505 6070
1431 4501 6074
1432 4500 6075
1433 4523 6052
1434 4524 6051
1435 4513 6062
1436 4545 6030
1437 4525 6050
1438 4540 6035
1439 4544 6031
1440 4569 6006
1441 4593 5982
1442 4588 5987
1443 4587 5988
1444 4582 5993
1445 4590 5985
1446 4603 5972
1447 4616 5959
1448 4613 5962
1449 4615 5960
1450 4600 5975
1451 4590 5985
1452 4589 5986
1453 4574 6001
1454 4586 5989
1455 4587 5988
1456 4563 6012
1457 4543 6032
1458 4541 6034
1459 4540 6035
1460 4538 6037
1461 4526 6049
1462 4537 6038
1463 4530 6045
1464 4524 6051
1465 4547 6028
1466 4524 6051
1467 4528 6047
1468 4537 6038
1469 4556 6019
1470 4562 6013
1471 4552 6023
1472 4555 6020
1473 4544 6031
1474 4535 6040
1475 4544 6031
1476 4562 6013
1477 4541 6034
1478 4516 6059
1479 4530 6045
1480 4515 6060
1481 4528 6047
1482 4540 6035
1483 4523 6052
1484 4522 6053
1485 4485 6090
1486 4491 6084
1487 4468 6107
1488 4460 6115
1489 4455 6120
1490 4447 6128
1491 4469 6106
1492 4500 6075
1493 4523 6052
1494 4529 6046
1495 4504 6071
1496 4521 6054
1497 4512 6063
1498 4506 6069
1499 4503 6072
1500 4510 6065
1501 4502 6073
1502 4522 6053
1503 4504 6071
1504 4515 6060
1505 4491 6084
1506 4456 6119
1507 4456 6119
1508 4459 6116
1509 4438 6137
1510 4451 6124
1511 4446 6129
1512 4473 6102
1513 4469 6106
1514 4432 6143
1515 4436 6139
1516 4446 6129
1517 4451 6124
1518 4446 6129
1519 4444 6131
1520 4440 6135
1521 4446 6129
1522 4454 6121
1523 4460 6115
1524 4429 6146
1525 4421 6154
1526 4399 6176
1527 4386 6189
1528 4404 6171
1529 4420 6155
1530 4404 6171
1531 4391 6184
1532 4415 6160
1533 4434 6141
1534 4432 6143
1535 4421 6154
1536 4415 6160
1537 4413 6162
1538 4428 6147
1539 4445 6130
1540 4456 6119
1541 4415 6160
1542 4430 6145
1543 4450 6125
1544 4446 6129
1545 4436 6139
1546 4437 6138
1547 4411 6164
1548 4423 6152
1549 4428 6147
1550 4411 6164
1551 4422 6153
1552 4425 6150
1553 4423 6152
1554 4430 6145
1555 4421 6154
1556 4425 6150
1557 4439 6136
1558 4459 6116
1559 4461 6114
1560 4470 6105
1561 4454 6121
1562 4457 6118
1563 4462 6113
1564 4439 6136
1565 4462 6113
1566 4452 6123
1567 4452 6123
1568 4445 6130
1569 4463 6112
1570 4446 6129
1571 4463 6112
1572 4483 6092
1573 4483 6092
1574 4456 6119
1575 4476 6099
1576 4473 6102
1577 4470 6105
1578 4492 6083
1579 4500 6075
1580 4498 6077
1581 4518 6057
1582 4518 6057
1583 4520 6055
1584 4539 6036
1585 4518 6057
1586 4522 6053
1587 4516 6059
1588 4480 6095
1589 4483 6092
1590 4476 6099
1591 4456 6119
1592 4436 6139
1593 4461 6114
1594 4458 6117
1595 4477 6098
1596 4483 6092
1597 4446 6129
1598 4462 6113
1599 4442 6133
1600 4449 6126
1601 4454 6121
1602 4441 6134
1603 4442 6133
1604 4428 6147
1605 4426 6149
1606 4434 6141
1607 4422 6153
1608 4443 6132
1609 4431 6144
1610 4440 6135
1611 4414 6161
1612 4409 6166
1613 4405 6170
1614 4401 6174
1615 4428 6147
1616 4420 6155
1617 4440 6135
1618 4426 6149
1619 4434 6141
1620 4439 6136
1621 4426 6149
1622 4412 6163
1623 4448 6127
1624 4455 6120
1625 4437 6138
1626 4443 6132
1627 4437 6138
1628 4447 6128
1629 4436 6139
1630 4467 6108
1631 4437 6138
1632 4432 6143
1633 4441 6134
1634 4475 6100
1635 4452 6123
1636 4452 6123
1637 4454 6121
1638 4427 6148
1639 4431 6144
1640 4427 6148
1641 4394 6181
1642 4400 6175
1643 4393 6182
1644 4399 6176
1645 4411 6164
1646 4417 6158
1647 4418 6157
1648 4406 6169
1649 4411 6164
1650 4450 6125
1651 4443 6132
1652 4431 6144
1653 4436 6139
1654 4399 6176
1655 4415 6160
1656 4391 6184
1657 4394 6181
1658 4418 6157
1659 4419 6156
1660 4426 6149
1661 4412 6163
1662 4411 6164
1663 4392 6183
1664 4379 6196
1665 4396 6179
1666 4421 6154
1667 4397 6178
1668 4399 6176
1669 4383 6192
1670 4386 6189
1671 4389 6186
1672 4403 6172
1673 4393 6182
1674 4400 6175
1675 4385 6190
1676 4386 6189
1677 4396 6179
1678 4401 6174
1679 4391 6184
1680 4378 6197
1681 4420 6155
1682 4421 6154
1683 4434 6141
1684 4427 6148
1685 4418 6157
1686 4401 6174
1687 4395 6180
1688 4369 6206
1689 4375 6200
1690 4369 6206
1691 4393 6182
1692 4392 6183
1693 4391 6184
1694 4401 6174
1695 4396 6179
1696 4397 6178
1697 4384 6191
1698 4366 6209
1699 4389 6186
1700 4367 6208
1701 4423 6152
1702 4430 6145
1703 4446 6129
1704 4438 6137
1705 4417 6158
1706 4420 6155
1707 4411 6164
1708 4420 6155
1709 4427 6148
1710 4405 6170
1711 4417 6158
1712 4421 6154
1713 4413 6162
1714 4402 6173
1715 4408 6167
1716 4411 6164
1717 4404 6171
1718 4400 6175
1719 4388 6187
1720 4391 6184
1721 4407 6168
1722 4413 6162
1723 4392 6183
1724 4408 6167
1725 4389 6186
1726 4372 6203
1727 4360 6215
1728 4381 6194
1729 4383 6192
1730 4374 6201
1731 4357 6218
1732 4360 6215
1733 4368 6207
1734 4348 6227
1735 4343 6232
1736 4340 6235
1737 4340 6235
1738 4351 6224
1739 4352 6223
1740 4349 6226
1741 4356 6219
1742 4362 6213
1743 4381 6194
1744 4413 6162
1745 4391 6184
1746 4406 6169
1747 4411 6164
1748 4383 6192
1749 4376 6199
1750 4383 6192
1751 4378 6197
1752 4351 6224
1753 4368 6207
1754 4380 6195
1755 4389 6186
1756 4361 6214
1757 4385 6190
1758 4375 6200
1759 4380 6195
1760 4387 6188
1761 4381 6194
1762 4385 6190
1763 4368 6207
1764 4372 6203
1765 4375 6200
1766 4373 6202
1767 4386 6189
1768 4406 6169
1769 4400 6175
1770 4376 6199
1771 4353 6222
1772 4383 6192
1773 4360 6215
1774 4378 6197
1775 4387 6188
1776 4368 6207
1777 4364 6211
1778 4355 6220
1779 4356 6219
1780 4350 6225
1781 4357 6218
1782 4354 6221
1783 4378 6197
1784 4361 6214
1785 4393 6182
1786 4375 6200
1787 4367 6208
1788 4374 6201
1789 4384 6191
1790 4375 6200
1791 4376 6199
1792 4369 6206
1793 4381 6194
1794 4362 6213
1795 4366 6209
1796 4384 6191
1797 4372 6203
1798 4365 6210
1799 4372 6203
1800 4371 6204
1801 4381 6194
1802 4367 6208
1803 4378 6197
1804 4371 6204
1805 4395 6180
1806 4388 6187
1807 4367 6208
1808 4350 6225
1809 4329 6246
1810 4345 6230
1811 4328 6247
1812 4324 6251
1813 4349 6226
1814 4345 6230
1815 4374 6201
1816 4371 6204
1817 4355 6220
1818 4363 6212
1819 4361 6214
1820 4385 6190
1821 4381 6194
1822 4358 6217
1823 4357 6218
1824 4355 6220
1825 4329 6246
1826 4319 6256
1827 4323 6252
1828 4334 6241
1829 4352 6223
1830 4362 6213
1831 4346 6229
1832 4349 6226
1833 4344 6231
1834 4354 6221
1835 4367 6208
1836 4361 6214
1837 4341 6234
1838 4334 6241
1839 4351 6224
1840 4333 6242
1841 4355 6220
1842 4360 6215
1843 4376 6199
1844 4365 6210
1845 4369 6206
1846 4372 6203
1847 4404 6171
1848 4422 6153
1849 4427 6148
1850 4426 6149
1851 4432 6143
1852 4408 6167
1853 4409 6166
1854 4400 6175
1855 4387 6188
1856 4359 6216
1857 4361 6214
1858 4358 6217
1859 4340 6235
1860 4353 6222
1861 4347 6228
1862 4335 6240
1863 4342 6233
1864 4341 6234
1865 4347 6228
1866 4354 6221
1867 4373 6202
1868 4396 6179
1869 4391 6184
1870 4416 6159
1871 4396 6179
1872 4409 6166
1873 4418 6157
1874 4404 6171
1875 4396 6179
1876 4382 6193
1877 4388 6187
1878 4392 6183
1879 4403 6172
1880 4412 6163
1881 4407 6168
1882 4396 6179
1883 4448 6127
1884 4486 6089
1885 4485 6090
1886 4471 6104
1887 4472 6103
1888 4460 6115
1889 4443 6132
1890 4441 6134
1891 4408 6167
1892 4408 6167
1893 4399 6176
1894 4395 6180
1895 4392 6183
1896 4377 6198
1897 4383 6192
1898 4416 6159
1899 4424 6151
1900 4434 6141
1901 4405 6170
1902 4413 6162
1903 4400 6175
1904 4389 6186
1905 4430 6145
1906 4414 6161
1907 4445 6130
1908 4454 6121
1909 4441 6134
1910 4432 6143
1911 4447 6128
1912 4409 6166
1913 4399 6176
1914 4387 6188
1915 4387 6188
1916 4384 6191
1917 4358 6217
1918 4353 6222
1919 4345 6230
1920 4362 6213
1921 4371 6204
1922 4369 6206
1923 4343 6232
1924 4328 6247
1925 4329 6246
1926 4331 6244
1927 4318 6257
1928 4312 6263
1929 4317 6258
1930 4324 6251
1931 4308 6267
1932 4328 6247
1933 4344 6231
1934 4329 6246
1935 4318 6257
1936 4314 6261
1937 4332 6243
1938 4322 6253
1939 4305 6270
1940 4285 6290
1941 4271 6304
1942 4283 6292
1943 4292 6283
1944 4289 6286
1945 4283 6292
1946 4288 6287
1947 4251 6324
1948 4259 6316
1949 4259 6316
1950 4253 6322
1951 4268 6307
1952 4264 6311
1953 4269 6306
1954 4292 6283
1955 4292 6283
1956 4298 6277
1957 4261 6314
1958 4259 6316
1959 4301 6274
1960 4332 6243
1961 4346 6229
1962 4327 6248
1963 4333 6242
1964 4356 6219
1965 4380 6195
1966 4374 6201
1967 4365 6210
1968 4355 6220
1969 4325 6250
1970 4344 6231
1971 4357 6218
1972 4338 6237
1973 4369 6206
1974 4362 6213
1975 4356 6219
1976 4358 6217
1977 4358 6217
1978 4374 6201
1979 4357 6218
1980 4357 6218
1981 4357 6218
1982 4358 6217
1983 4372 6203
1984 4377 6198
1985 4383 6192
1986 4416 6159
1987 4408 6167
1988 4397 6178
1989 4395 6180
1990 4388 6187
1991 4403 6172
1992 4399 6176
1993 4407 6168
1994 4414 6161
1995 4394 6181
1996 4409 6166
1997 4386 6189
1998 4389 6186
1999 4353 6222
2000 4374 6201
2001 4386 6189
2002 4391 6184
2003 4378 6197
2004 4370 6205
2005 4386 6189
2006 4394 6181
2007 4376 6199
2008 4384 6191
2009 4406 6169
2010 4404 6171
2011 4390 6185
2012 4388 6187
2013 4387 6188
2014 4401 6174
2015 4420 6155
2016 4431 6144
2017 4404 6171
2018 4402 6173
2019 4427 6148
2020 4438 6137
2021 4457 6118
2022 4446 6129
2023 4438 6137
2024 4455 6120
2025 4439 6136
2026 4446 6129
2027 4468 6107
2028 4425 6150
2029 4439 6136
2030 4431 6144
2031 4413 6162
2032 4393 6182
2033 4412 6163
2034 4409 6166
2035 4415 6160
2036 4415 6160
2037 4413 6162
2038 4396 6179
2039 4398 6177
2040 4379 6196
2041 4354 6221
2042 4385 6190
2043 4396 6179
2044 4390 6185
2045 4380 6195
2046 4361 6214
2047 4352 6223
2048 4356 6219
2049 4358 6217
2050 4367 6208
2051 4382 6193
2052 4381 6194
2053 4392 6183
2054 4411 6164
2055 4406 6169
2056 4407 6168
2057 4433 6142
2058 4429 6146
2059 4434 6141
2060 4454 6121
2061 4428 6147
2062 4420 6155
2063 4416 6159
2064 4381 6194
2065 4389 6186
2066 4395 6180
2067 4398 6177
2068 4382 6193
2069 4375 6200
2070 4372 6203
2071 4387 6188
2072 4377 6198
2073 4371 6204
2074 4350 6225
2075 4353 6222
2076 4374 6201
2077 4365 6210
2078 4348 6227
2079 4357 6218
2080 4347 6228
2081 4339 6236
2082 4345 6230
2083 4351 6224
2084 4335 6240
2085 4331 6244
2086 4336 6239
2087 4368 6207
2088 4339 6236
2089 4357 6218
2090 4344 6231
2091 4327 6248
2092 4315 6260
2093 4293 6282
2094 4294 6281
2095 4311 6264
2096 4305 6270
2097 4317 6258
2098 4300 6275
2099 4302 6273
2100 4287 6288
2101 4308 6267
2102 4340 6235
2103 4351 6224
2104 4358 6217
2105 4332 6243
2106 4308 6267
2107 4279 6296
2108 4282 6293
2109 4322 6253
2110 4339 6236
2111 4355 6220
2112 4342 6233
2113 4352 6223
2114 4359 6216
2115 4370 6205
2116 4354 6221
2117 4357 6218
2118 4375 6200
2119 4387 6188
2120 4392 6183
2121 4376 6199
2122 4338 6237
2123 4317 6258
2124 4308 6267
2125 4308 6267
2126 4313 6262
2127 4326 6249
2128 4327 6248
2129 4342 6233
2130 4373 6202
2131 4327 6248
2132 4308 6267
2133 4300 6275
2134 4276 6299
2135 4289 6286
2136 4290 6285
2137 4314 6261
2138 4369 6206
2139 4376 6199
2140 4377 6198
2141 4349 6226
2142 4343 6232
2143 4353 6222
2144 4331 6244
2145 4351 6224
2146 4319 6256
2147 4337 6238
2148 4339 6236
2149 4302 6273
2150 4311 6264
2151 4316 6259
2152 4313 6262
2153 4300 6275
2154 4278 6297
2155 4271 6304
2156 4272 6303
2157 4297 6278
2158 4291 6284
2159 4281 6294
2160 4292 6283
2161 4281 6294
2162 4249 6326
2163 4252 6323
2164 4225 6350
2165 4238 6337
2166 4252 6323
2167 4269 6306
2168 4263 6312
2169 4242 6333
2170 4224 6351
2171 4222 6353
2172 4254 6321
2173 4246 6329
2174 4266 6309
2175 4295 6280
2176 4278 6297
2177 4309 6266
2178 4338 6237
2179 4325 6250
2180 4329 6246
2181 4310 6265
2182 4311 6264
2183 4327 6248
2184 4330 6245
2185 4351 6224
2186 4378 6197
2187 4377 6198
2188 4385 6190
2189 4363 6212
2190 4365 6210
2191 4335 6240
2192 4360 6215
2193 4357 6218
2194 4371 6204
2195 4389 6186
2196 4388 6187
2197 4365 6210
2198 4374 6201
2199 4357 6218
2200 4329 6246
2201 4302 6273
2202 4301 6274
2203 4298 6277
2204 4317 6258
2205 4296 6279
2206 4279 6296
2207 4302 6273
2208 4291 6284
2209 4264 6311
2210 4274 6301
2211 4295 6280
2212 4312 6263
2213 4293 6282
2214 4297 6278
2215 4284 6291
2216 4327 6248
2217 4323 6252
2218 4315 6260
2219 4274 6301
2220 4266 6309
2221 4265 6310
2222 4275 6300
2223 4254 6321
2224 4260 6315
2225 4287 6288
2226 4285 6290
2227 4285 6290
2228 4279 6296
2229 4280 6295
2230 4280 6295
2231 4300 6275
2232 4280 6295
2233 4282 6293
2234 4264 6311
2235 4296 6279
2236 4296 6279
2237 4308 6267
2238 4305 6270
2239 4271 6304
2240 4290 6285
2241 4284 6291
2242 4283 6292
2243 4303 6272
2244 4299 6276
2245 4304 6271
2246 4321 6254
2247 4329 6246
2248 4345 6230
2249 4339 6236
2250 4341 6234
2251 4360 6215
2252 4336 6239
2253 4322 6253
2254 4330 6245
2255 4347 6228
2256 4352 6223
2257 4341 6234
2258 4351 6224
2259 4334 6241
2260 4348 6227
2261 4355 6220
2262 4330 6245
2263 4330 6245
2264 4308 6267
2265 4300 6275
2266 4318 6257
2267 4335 6240
2268 4351 6224
2269 4377 6198
2270 4361 6214
2271 4361 6214
2272 4355 6220
2273 4372 6203
2274 4342 6233
2275 4346 6229
2276 4350 6225
2277 4365 6210
2278 4360 6215
2279 4387 6188
2280 4391 6184
2281 4372 6203
2282 4397 6178
2283 4389 6186
2284 4403 6172
2285 4384 6191
2286 4389 6186
2287 4404 6171
2288 4397 6178
2289 4393 6182
2290 4394 6181
2291 4407 6168
2292 4392 6183
2293 4388 6187
2294 4400 6175
2295 4385 6190
2296 4378 6197
2297 4377 6198
2298 4366 6209
2299 4358 6217
2300 4341 6234
2301 4371 6204
2302 4395 6180
2303 4370 6205
2304 4399 6176
2305 4402 6173
2306 4395 6180
2307 4375 6200
2308 4387 6188
2309 4389 6186
2310 4401 6174
2311 4390 6185
2312 4401 6174
2313 4424 6151
2314 4431 6144
2315 4407 6168
2316 4427 6148
2317 4432 6143
2318 4413 6162
2319 4432 6143
2320 4421 6154
2321 4434 6141
2322 4407 6168
2323 4409 6166
2324 4430 6145
2325 4393 6182
2326 4393 6182
2327 4375 6200
2328 4379 6196
2329 4367 6208
2330 4400 6175
2331 4379 6196
2332 4347 6228
2333 4343 6232
2334 4336 6239
2335 4358 6217
2336 4343 6232
2337 4336 6239
2338 4335 6240
2339 4320 6255
2340 4333 6242
2341 4347 6228
2342 4383 6192
2343 4380 6195
2344 4353 6222
2345 4375 6200
2346 4339 6236
2347 4359 6216
2348 4379 6196
2349 4373 6202
2350 4365 6210
2351 4381 6194
2352 4401 6174
2353 4399 6176
2354 4388 6187
2355 4374 6201
2356 4352 6223
2357 4359 6216
2358 4341 6234
2359 4364 6211
2360 4356 6219
2361 4348 6227
2362 4382 6193
2363 4385 6190
2364 4384 6191
2365 4373 6202
2366 4355 6220
2367 4381 6194
2368 4395 6180
2369 4416 6159
2370 4409 6166
2371 4402 6173
2372 4424 6151
2373 4408 6167
2374 4414 6161
2375 4417 6158
2376 4413 6162
2377 4405 6170
2378 4417 6158
2379 4446 6129
2380 4404 6171
2381 4409 6166
2382 4409 6166
2383 4397 6178
2384 4373 6202
2385 4391 6184
2386 4386 6189
2387 4376 6199
2388 4369 6206
2389 4380 6195
2390 4357 6218
2391 4379 6196
2392 4379 6196
2393 4371 6204
2394 4380 6195
2395 4356 6219
2396 4362 6213
2397 4372 6203
2398 4386 6189
2399 4413 6162
2400 4420 6155
2401 4401 6174
2402 4410 6165
2403 4415 6160
2404 4376 6199
2405 4401 6174
2406 4382 6193
2407 4418 6157
2408 4449 6126
2409 4408 6167
2410 4411 6164
2411 4387 6188
2412 4387 6188
2413 4390 6185
2414 4418 6157
2415 4424 6151
2416 4418 6157
2417 4428 6147
2418 4430 6145
2419 4418 6157
2420 4414 6161
2421 4408 6167
2422 4415 6160
2423 4427 6148
2424 4415 6160
2425 4388 6187
2426 4403 6172
2427 4385 6190
2428 4390 6185
2429 4376 6199
2430 4388 6187
2431 4374 6201
2432 4363 6212
2433 4357 6218
2434 4354 6221
2435 4363 6212
2436 4340 6235
2437 4339 6236
2438 4340 6235
2439 4331 6244
2440 4334 6241
2441 4351 6224
2442 4341 6234
2443 4344 6231
2444 4343 6232
2445 4351 6224
2446 4344 6231
2447 4344 6231
2448 4335 6240
2449 4345 6230
2450 4375 6200
2451 4351 6224
2452 4367 6208
2453 4372 6203
2454 4387 6188
2455 4357 6218
2456 4336 6239
2457 4337 6238
2458 4331 6244
2459 4323 6252
2460 4352 6223
2461 4347 6228
2462 4360 6215
2463 4345 6230
2464 4360 6215
2465 4368 6207
2466 4365 6210
2467 4348 6227
2468 4322 6253
2469 4319 6256
2470 4327 6248
2471 4311 6264
2472 4310 6265
2473 4325 6250
2474 4371 6204
2475 4342 6233
2476 4351 6224
2477 4352 6223
2478 4363 6212
2479 4361 6214
2480 4345 6230
2481 4349 6226
2482 4370 6205
2483 4343 6232
2484 4352 6223
2485 4338 6237
2486 4330 6245
2487 4330 6245
2488 4356 6219
2489 4318 6257
2490 4319 6256
2491 4299 6276
2492 4300 6275
2493 4291 6284
2494 4296 6279
2495 4323 6252
2496 4331 6244
2497 4306 6269
2498 4310 6265
2499 4283 6292
2500 4300 6275
2501 4290 6285
2502 4304 6271
2503 4252 6323
2504 4255 6320
2505 4269 6306
2506 4297 6278
2507 4310 6265
2508 4316 6259
2509 4322 6253
2510 4326 6249
2511 4332 6243
2512 4299 6276
2513 4289 6286
2514 4301 6274
2515 4307 6268
2516 4291 6284
2517 4309 6266
2518 4319 6256
2519 4319 6256
2520 4319 6256
2521 4297 6278
2522 4316 6259
2523 4308 6267
2524 4316 6259
2525 4315 6260
2526 4324 6251
2527 4325 6250
2528 4323 6252
2529 4313 6262
2530 4311 6264
2531 4334 6241
2532 4314 6261
2533 4274 6301
2534 4289 6286
2535 4251 6324
2536 4259 6316
2537 4253 6322
2538 4241 6334
2539 4231 6344
2540 4241 6334
2541 4269 6306
2542 4286 6289
2543 4290 6285
2544 4269 6306
2545 4277 6298
2546 4292 6283
2547 4287 6288
2548 4269 6306
2549 4270 6305
2550 4243 6332
2551 4241 6334
2552 4252 6323
2553 4275 6300
2554 4255 6320
2555 4254 6321
2556 4283 6292
2557 4265 6310
2558 4256 6319
2559 4259 6316
2560 4253 6322
2561 4246 6329
2562 4250 6325
2563 4266 6309
2564 4277 6298
2565 4275 6300
2566 4251 6324
2567 4272 6303
2568 4255 6320
2569 4271 6304
2570 4280 6295
2571 4284 6291
2572 4305 6270
2573 4302 6273
2574 4330 6245
2575 4319 6256
2576 4301 6274
2577 4310 6265
2578 4299 6276
2579 4309 6266
2580 4316 6259
2581 4302 6273
2582 4300 6275
2583 4274 6301
2584 4295 6280
2585 4272 6303
2586 4283 6292
2587 4268 6307
2588 4252 6323
2589 4252 6323
2590 4242 6333
2591 4234 6341
2592 4216 6359
2593 4236 6339
2594 4236 6339
2595 4258 6317
2596 4254 6321
2597 4254 6321
2598 4262 6313
2599 4284 6291
2600 4272 6303
2601 4263 6312
2602 4252 6323
2603 4284 6291
2604 4261 6314
2605 4278 6297
2606 4290 6285
2607 4293 6282
2608 4333 6242
2609 4335 6240
2610 4353 6222
2611 4340 6235
2612 4317 6258
2613 4316 6259
2614 4310 6265
2615 4323 6252
2616 4331 6244
2617 4306 6269
2618 4310 6265
2619 4288 6287
2620 4288 6287
2621 4293 6282
2622 4300 6275
2623 4310 6265
2624 4319 6256
2625 4294 6281
2626 4291 6284
2627 4291 6284
2628 4302 6273
2629 4303 6272
2630 4300 6275
2631 4319 6256
2632 4317 6258
2633 4305 6270
2634 4300 6275
2635 4283 6292
2636 4315 6260
2637 4306 6269
2638 4302 6273
2639 4305 6270
2640 4276 6299
2641 4311 6264
2642 4287 6288
2643 4280 6295
2644 4262 6313
2645 4242 6333
2646 4229 6346
2647 4239 6336
2648 4273 6302
2649 4283 6292
2650 4260 6315
2651 4297 6278
2652 4282 6293
2653 4298 6277
2654 4305 6270
2655 4323 6252
2656 4315 6260
2657 4322 6253
2658 4308 6267
2659 4312 6263
2660 4331 6244
2661 4343 6232
2662 4356 6219
2663 4349 6226
2664 4333 6242
2665 4331 6244
2666 4327 6248
2667 4306 6269
2668 4313 6262
2669 4299 6276
2670 4305 6270
2671 4305 6270
2672 4309 6266
2673 4313 6262
2674 4290 6285
2675 4325 6250
2676 4311 6264
2677 4352 6223
2678 4326 6249
2679 4337 6238
2680 4328 6247
2681 4338 6237
2682 4339 6236
2683 4358 6217
2684 4350 6225
2685 4365 6210
2686 4355 6220
2687 4366 6209
2688 4375 6200
2689 4354 6221
2690 4345 6230
2691 4348 6227
2692 4333 6242
2693 4359 6216
2694 4354 6221
2695 4315 6260
2696 4297 6278
2697 4303 6272
2698 4304 6271
2699 4325 6250
2700 4332 6243
2701 4320 6255
2702 4317 6258
2703 4310 6265
2704 4322 6253
2705 4309 6266
2706 4314 6261
2707 4337 6238
2708 4346 6229
2709 4348 6227
2710 4347 6228
2711 4368 6207
2712 4339 6236
2713 4319 6256
2714 4338 6237
2715 4351 6224
2716 4363 6212
2717 4343 6232
2718 4310 6265
2719 4345 6230
2720 4387 6188
2721 4366 6209
2722 4359 6216
2723 4338 6237
2724 4340 6235
2725 4357 6218
2726 4357 6218
2727 4349 6226
2728 4389 6186
2729 4370 6205
2730 4394 6181
2731 4394 6181
2732 4393 6182
2733 4352 6223
2734 4331 6244
2735 4341 6234
2736 4330 6245
2737 4336 6239
2738 4334 6241
2739 4343 6232
2740 4333 6242
2741 4326 6249
2742 4354 6221
2743 4338 6237
2744 4334 6241
2745 4342 6233
2746 4325 6250
2747 4345 6230
2748 4334 6241
2749 4311 6264
2750 4309 6266
2751 4319 6256
2752 4309 6266
2753 4297 6278
2754 4305 6270
2755 4303 6272
2756 4311 6264
2757 4319 6256
2758 4330 6245
2759 4331 6244
2760 4322 6253
2761 4312 6263
2762 4288 6287
2763 4302 6273
2764 4291 6284
2765 4311 6264
2766 4307 6268
2767 4278 6297
2768 4261 6314
2769 4259 6316
2770 4257 6318
2771 4286 6289
2772 4289 6286
2773 4285 6290
2774 4289 6286
2775 4280 6295
2776 4260 6315
2777 4265 6310
2778 4263 6312
2779 4295 6280
2780 4298 6277
2781 4296 6279
2782 4295 6280
2783 4314 6261
2784 4305 6270
2785 4316 6259
2786 4323 6252
2787 4316 6259
2788 4302 6273
2789 4311 6264
2790 4302 6273
2791 4341 6234
2792 4365 6210
2793 4339 6236
2794 4323 6252
2795 4312 6263
2796 4299 6276
2797 4315 6260
2798 4322 6253
2799 4319 6256
2800 4338 6237
2801 4356 6219
2802 4325 6250
2803 4336 6239
2804 4346 6229
2805 4386 6189
2806 4376 6199
2807 4395 6180
2808 4394 6181
2809 4379 6196
2810 4356 6219
2811 4303 6272
2812 4288 6287
2813 4343 6232
2814 4360 6215
2815 4351 6224
2816 4340 6235
2817 4355 6220
2818 4336 6239
2819 4343 6232
2820 4350 6225
2821 4359 6216
2822 4337 6238
2823 4367 6208
2824 4394 6181
2825 4356 6219
2826 4380 6195
2827 4354 6221
2828 4355 6220
2829 4355 6220
2830 4365 6210
2831 4342 6233
2832 4328 6247
2833 4333 6242
2834 4338 6237
2835 4347 6228
2836 4335 6240
2837 4351 6224
2838 4371 6204
2839 4357 6218
2840 4354 6221
2841 4362 6213
2842 4351 6224
2843 4341 6234
2844 4303 6272
2845 4325 6250
2846 4320 6255
2847 4326 6249
2848 4337 6238
2849 4352 6223
2850 4336 6239
2851 4353 6222
2852 4349 6226
2853 4335 6240
2854 4375 6200
2855 4349 6226
2856 4345 6230
2857 4346 6229
2858 4347 6228
2859 4296 6279
2860 4286 6289
2861 4298 6277
2862 4310 6265
2863 4294 6281
2864 4295 6280
2865 4303 6272
2866 4318 6257
2867 4338 6237
2868 4340 6235
2869 4324 6251
2870 4349 6226
2871 4349 6226
2872 4355 6220
2873 4321 6254
2874 4316 6259
2875 4313 6262
2876 4329 6246
2877 4369 6206
2878 4358 6217
2879 4354 6221
2880 4354 6221
2881 4346 6229
2882 4347 6228
2883 4342 6233
2884 4361 6214
2885 4359 6216
2886 4361 6214
2887 4355 6220
2888 4351 6224
2889 4341 6234
2890 4358 6217
2891 4346 6229
2892 4319 6256
2893 4322 6253
2894 4319 6256
2895 4331 6244
2896 4319 6256
2897 4317 6258
2898 4319 6256
2899 4294 6281
2900 4311 6264
2901 4299 6276
2902 4322 6253
2903 4324 6251
2904 4326 6249
2905 4322 6253
2906 4325 6250
2907 4339 6236
2908 4339 6236
2909 4329 6246
2910 4338 6237
2911 4354 6221
2912 4355 6220
2913 4385 6190
2914 4371 6204
2915 4359 6216
2916 4348 6227
2917 4359 6216
2918 4352 6223
2919 4329 6246
2920 4336 6239
2921 4346 6229
2922 4333 6242
2923 4321 6254
2924 4336 6239
2925 4336 6239
2926 4308 6267
2927 4263 6312
2928 4248 6327
2929 4253 6322
2930 4254 6321
2931 4269 6306
2932 4284 6291
2933 4296 6279
2934 4301 6274
2935 4293 6282
2936 4288 6287
2937 4321 6254
2938 4302 6273
2939 4310 6265
2940 4309 6266
2941 4325 6250
2942 4315 6260
2943 4303 6272
2944 4311 6264
2945 4293 6282
2946 4279 6296
2947 4301 6274
2948 4284 6291
2949 4291 6284
2950 4292 6283
2951 4297 6278
2952 4298 6277
2953 4297 6278
2954 4288 6287
2955 4291 6284
2956 4292 6283
2957 4286 6289
2958 4281 6294
2959 4276 6299
2960 4294 6281
2961 4304 6271
2962 4287 6288
2963 4302 6273
2964 4282 6293
2965 4253 6322
2966 4280 6295
2967 4274 6301
2968 4294 6281
2969 4310 6265
2970 4288 6287
2971 4303 6272
2972 4278 6297
2973 4279 6296
2974 4280 6295
2975 4271 6304
2976 4298 6277
2977 4314 6261
2978 4327 6248
2979 4319 6256
2980 4332 6243
2981 4306 6269
2982 4328 6247
2983 4320 6255
2984 4308 6267
2985 4312 6263
2986 4294 6281
2987 4302 6273
2988 4299 6276
2989 4298 6277
2990 4305 6270
2991 4319 6256
2992 4290 6285
2993 4281 6294
2994 4309 6266
2995 4317 6258
2996 4296 6279
2997 4304 6271
2998 4333 6242
2999 4318 6257
3000 4318 6257
