0 4425 6150
1 4345 6230
2 4321 6254
3 4312 6263
4 4321 6254
5 4291 6284
6 4275 6300
7 4276 6299
8 4258 6317
9 4257 6318
10 4283 6292
11 4265 6310
12 4290 6285
13 4313 6262
14 4323 6252
15 4353 6222
16 4337 6238
17 4332 6243
18 4332 6243
19 4351 6224
20 4330 6245
21 4313 6262
22 4320 6255
23 4304 6271
24 4282 6293
25 4295 6280
26 4300 6275
27 4314 6261
28 4319 6256
29 4317 6258
30 4284 6291
31 4304 6271
32 4307 6268
33 4292 6283
34 4294 6281
35 4299 6276
36 4306 6269
37 4306 6269
38 4297 6278
39 4285 6290
40 4301 6274
41 4297 6278
42 4310 6265
43 4281 6294
44 4280 6295
45 4279 6296
46 4274 6301
47 4255 6320
48 4237 6338
49 4234 6341
50 4253 6322
51 4239 6336
52 4217 6358
53 4242 6333
54 4250 6325
55 4238 6337
56 4223 6352
57 4225 6350
58 4231 6344
59 4252 6323
60 4245 6330
61 4247 6328
62 4262 6313
63 4281 6294
64 4250 6325
65 4242 6333
66 4256 6319
67 4253 6322
68 4264 6311
69 4265 6310
70 4276 6299
71 4268 6307
72 4249 6326
73 4249 6326
74 4216 6359
75 4232 6343
76 4226 6349
77 4209 6366
78 4228 6347
79 4216 6359
80 4178 6397
81 4165 6410
82 4186 6389
83 4200 6375
84 4192 6383
85 4216 6359
86 4222 6353
87 4172 6403
88 4188 6387
89 4162 6413
90 4183 6392
91 4176 6399
92 4164 6411
93 4183 6392
94 4157 6418
95 4149 6426
96 4158 6417
97 4144 6431
98 4134 6441
99 4159 6416
100 4145 6430
101 4170 6405
102 4156 6419
103 4161 6414
104 4148 6427
105 4180 6395
106 4152 6423
107 4154 6421
108 4153 6422
109 4151 6424
110 4186 6389
111 4159 6416
112 4161 6414
113 4180 6395
114 4198 6377
115 4221 6354
116 4198 6377
117 4206 6369
118 4190 6385
119 4200 6375
120 4188 6387
121 4204 6371
122 4215 6360
123 4213 6362
124 4197 6378
125 4194 6381
126 4223 6352
127 4220 6355
128 4216 6359
129 4205 6370
130 4204 6371
131 4206 6369
132 4215 6360
133 4220 6355
134 4206 6369
135 4217 6358
136 4233 6342
137 4256 6319
138 4258 6317
139 4257 6318
140 4277 6298
141 4281 6294
142 4261 6314
143 4285 6290
144 4295 6280
145 4320 6255
146 4310 6265
147 4317 6258
148 4336 6239
149 4343 6232
150 4328 6247
151 4328 6247
152 4330 6245
153 4348 6227
154 4315 6260
155 4353 6222
156 4369 6206
157 4392 6183
158 4409 6166
159 4389 6186
160 4413 6162
161 4386 6189
162 4370 6205
163 4364 6211
164 4379 6196
165 4381 6194
166 4404 6171
167 4410 6165
168 4430 6145
169 4445 6130
170 4460 6115
171 4460 6115
172 4470 6105
173 4476 6099
174 4448 6127
175 4428 6147
176 4457 6118
177 4455 6120
178 4469 6106
179 4501 6074
180 4493 6082
181 4505 6070
182 4515 6060
183 4528 6047
184 4514 6061
185 4515 6060
186 4508 6067
187 4492 6083
188 4484 6091
189 4501 6074
190 4510 6065
191 4520 6055
192 4526 6049
193 4521 6054
194 4540 6035
195 4571 6004
196 4567 6008
197 4574 6001
198 4567 6008
199 4581 5994
200 4572 6003
201 4581 5994
202 4613 5962
203 4620 5955
204 4617 5958
205 4610 5965
206 4610 5965
207 4630 5945
208 4636 5939
209 4635 5940
210 4623 5952
211 4613 5962
212 4627 5948
213 4649 5926
214 4655 5920
215 4653 5922
216 4651 5924
217 4664 5911
218 4654 5921
219 4653 5922
220 4667 5908
221 4652 5923
222 4656 5919
223 4645 5930
224 4658 5917
225 4632 5943
226 4642 5933
227 4659 5916
228 4680 5895
229 4687 5888
230 4689 5886
231 4672 5903
232 4646 5929
233 4667 5908
234 4670 5905
235 4685 5890
236 4664 5911
237 4656 5919
238 4646 5929
239 4643 5932
240 4657 5918
241 4670 5905
242 4654 5921
243 4679 5896
244 4657 5918
245 4661 5914
246 4692 5883
247 4671 5904
248 4701 5874
249 4728 5847
250 4721 5854
251 4710 5865
252 4735 5840
253 4735 5840
254 4732 5843
255 4702 5873
256 4728 5847
257 4746 5829
258 4768 5807
259 4761 5814
260 4788 5787
261 4768 5807
262 4762 5813
263 4762 5813
264 4766 5809
265 4783 5792
266 4821 5754
267 4812 5763
268 4841 5734
269 4854 5721
270 4850 5725
271 4844 5731
272 4838 5737
273 4836 5739
274 4869 5706
275 4876 5699
276 4922 5653
277 4935 5640
278 4958 5617
279 4971 5604
280 4964 5611
281 4974 5601
282 4959 5616
283 4971 5604
284 4978 5597
285 4970 5605
286 4981 5594
287 4984 5591
288 4982 5593
289 4984 5591
290 5001 5574
291 5004 5571
292 5006 5569
293 5027 5548
294 5009 5566
295 5024 5551
296 5015 5560
297 5003 5572
298 4992 5583
299 5001 5574
300 5019 5556
301 5060 5515
302 5050 5525
303 5065 5510
304 5051 5524
305 5042 5533
306 5039 5536
307 5060 5515
308 5058 5517
309 5061 5514
310 5047 5528
311 5056 5519
312 5075 5500
313 5076 5499
314 5091 5484
315 5090 5485
316 5081 5494
317 5078 5497
318 5059 5516
319 5062 5513
320 5060 5515
321 5073 5502
322 5071 5504
323 5090 5485
324 5074 5501
325 5061 5514
326 5088 5487
327 5057 5518
328 5063 5512
329 5051 5524
330 5080 5495
331 5068 5507
332 5062 5513
333 5046 5529
334 5065 5510
335 5068 5507
336 5068 5507
337 5055 5520
338 5066 5509
339 5086 5489
340 5095 5480
341 5109 5466
342 5094 5481
343 5113 5462
344 5138 5437
345 5142 5433
346 5147 5428
347 5169 5406
348 5205 5370
349 5207 5368
350 5196 5379
351 5203 5372
352 5231 5344
353 5233 5342
354 5239 5336
355 5250 5325
356 5252 5323
357 5256 5319
358 5249 5326
359 5260 5315
360 5266 5309
361 5284 5291
362 5287 5288
363 5311 5264
364 5353 5222
365 5332 5243
366 5343 5232
367 5356 5219
368 5347 5228
369 5325 5250
370 5336 5239
371 5358 5217
372 5368 5207
373 5369 5206
374 5367 5208
375 5370 5205
376 5374 5201
377 5370 5205
378 5367 5208
379 5391 5184
380 5399 5176
381 5425 5150
382 5446 5129
383 5442 5133
384 5438 5137
385 5468 5107
386 5462 5113
387 5486 5089
388 5495 5080
389 5527 5048
390 5542 5033
391 5549 5026
392 5536 5039
393 5548 5027
394 5534 5041
395 5537 5038
396 5569 5006
397 5577 4998
398 5601 4974
399 5603 4972
400 5587 4988
401 5605 4970
402 5610 4965
403 5610 4965
404 5588 4987
405 5604 4971
406 5614 4961
407 5622 4953
408 5619 4956
409 5617 4958
410 5617 4958
411 5638 4937
412 5642 4933
413 5626 4949
414 5635 4940
415 5636 4939
416 5630 4945
417 5634 4941
418 5619 4956
419 5604 4971
420 5605 4970
421 5623 4952
422 5643 4932
423 5641 4934
424 5638 4937
425 5643 4932
426 5642 4933
427 5663 4912
428 5674 4901
429 5652 4923
430 5659 4916
431 5641 4934
432 5668 4907
433 5668 4907
434 5662 4913
435 5665 4910
436 5672 4903
437 5698 4877
438 5680 4895
439 5686 4889
440 5694 4881
441 5692 4883
442 5707 4868
443 5706 4869
444 5698 4877
445 5709 4866
446 5707 4868
447 5712 4863
448 5732 4843
449 5743 4832
450 5756 4819
451 5767 4808
452 5781 4794
453 5795 4780
454 5792 4783
455 5803 4772
456 5794 4781
457 5801 4774
458 5820 4755
459 5828 4747
460 5837 4738
461 5804 4771
462 5791 4784
463 5808 4767
464 5819 4756
465 5804 4771
466 5812 4763
467 5795 4780
468 5806 4769
469 5832 4743
470 5836 4739
471 5806 4769
472 5817 4758
473 5824 4751
474 5835 4740
475 5856 4719
476 5857 4718
477 5862 4713
478 5867 4708
479 5879 4696
480 5874 4701
481 5877 4698
482 5901 4674
483 5895 4680
484 5895 4680
485 5868 4707
486 5863 4712
487 5866 4709
488 5874 4701
489 5880 4695
490 5894 4681
491 5915 4660
492 5921 4654
493 5920 4655
494 5930 4645
495 5915 4660
496 5883 4692
497 5899 4676
498 5928 4647
499 5911 4664
500 5921 4654
501 5915 4660
502 5940 4635
503 5931 4644
504 5943 4632
505 5945 4630
506 5949 4626
507 5952 4623
508 5948 4627
509 5914 4661
510 5917 4658
511 5906 4669
512 5928 4647
513 5946 4629
514 5947 4628
515 5971 4604
516 5959 4616
517 5969 4606
518 5956 4619
519 5979 4596
520 5967 4608
521 5955 4620
522 5946 4629
523 5932 4643
524 5945 4630
525 5956 4619
526 5963 4612
527 5947 4628
528 5944 4631
529 5926 4649
530 5937 4638
531 5959 4616
532 5951 4624
533 5991 4584
534 5966 4609
535 5968 4607
536 5964 4611
537 5988 4587
538 6011 4564
539 6001 4574
540 6006 4569
541 6008 4567
542 6012 4563
543 6032 4543
544 6028 4547
545 6034 4541
546 6037 4538
547 6049 4526
548 6073 4502
549 6091 4484
550 6113 4462
551 6124 4451
552 6137 4438
553 6139 4436
554 6127 4448
555 6144 4431
556 6160 4415
557 6174 4401
558 6195 4380
559 6208 4367
560 6217 4358
561 6211 4364
562 6230 4345
563 6248 4327
564 6246 4329
565 6261 4314
566 6263 4312
567 6283 4292
568 6270 4305
569 6302 4273
570 6290 4285
571 6305 4270
572 6285 4290
573 6265 4310
574 6288 4287
575 6306 4269
576 6339 4236
577 6345 4230
578 6351 4224
579 6362 4213
580 6378 4197
581 6378 4197
582 6389 4186
583 6380 4195
584 6402 4173
585 6404 4171
586 6414 4161
587 6423 4152
588 6450 4125
589 6457 4118
590 6456 4119
591 6462 4113
592 6489 4086
593 6487 4088
594 6490 4085
595 6494 4081
596 6505 4070
597 6502 4073
598 6495 4080
599 6488 4087
600 6490 4085
601 6502 4073
602 6494 4081
603 6512 4063
604 6511 4064
605 6500 4075
606 6505 4070
607 6476 4099
608 6493 4082
609 6510 4065
610 6501 4074
611 6509 4066
612 6527 4048
613 6535 4040
614 6532 4043
615 6536 4039
616 6548 4027
617 6553 4022
618 6562 4013
619 6582 3993
620 6591 3984
621 6617 3958
622 6604 3971
623 6596 3979
624 6600 3975
625 6609 3966
626 6609 3966
627 6604 3971
628 6605 3970
629 6626 3949
630 6621 3954
631 6625 3950
632 6599 3976
633 6594 3981
634 6612 3963
635 6619 3956
636 6600 3975
637 6624 3951
638 6635 3940
639 6626 3949
640 6624 3951
641 6599 3976
642 6599 3976
643 6600 3975
644 6613 3962
645 6590 3985
646 6606 3969
647 6604 3971
648 6620 3955
649 6605 3970
650 6601 3974
651 6605 3970
652 6609 3966
653 6613 3962
654 6631 3944
655 6626 3949
656 6614 3961
657 6611 3964
658 6610 3965
659 6616 3959
660 6623 3952
661 6617 3958
662 6604 3971
663 6596 3979
664 6606 3969
665 6623 3952
666 6618 3957
667 6610 3965
668 6605 3970
669 6616 3959
670 6648 3927
671 6654 3921
672 6648 3927
673 6637 3938
674 6640 3935
675 6635 3940
676 6640 3935
677 6626 3949
678 6621 3954
679 6619 3956
680 6632 3943
681 6609 3966
682 6632 3943
683 6616 3959
684 6606 3969
685 6611 3964
686 6611 3964
687 6633 3942
688 6631 3944
689 6618 3957
690 6628 3947
691 6624 3951
692 6619 3956
693 6630 3945
694 6629 3946
695 6640 3935
696 6636 3939
697 6641 3934
698 6626 3949
699 6615 3960
700 6631 3944
701 6619 3956
702 6625 3950
703 6614 3961
704 6622 3953
705 6626 3949
706 6598 3977
707 6639 3936
708 6642 3933
709 6641 3934
710 6646 3929
711 6644 3931
712 6641 3934
713 6640 3935
714 6634 3941
715 6622 3953
716 6623 3952
717 6609 3966
718 6625 3950
719 6630 3945
720 6635 3940
721 6642 3933
722 6639 3936
723 6637 3938
724 6618 3957
725 6633 3942
726 6638 3937
727 6644 3931
728 6641 3934
729 6654 3921
730 6661 3914
731 6642 3933
732 6619 3956
733 6629 3946
734 6624 3951
735 6612 3963
736 6606 3969
737 6622 3953
738 6632 3943
739 6631 3944
740 6635 3940
741 6649 3926
742 6656 3919
743 6630 3945
744 6628 3947
745 6639 3936
746 6640 3935
747 6642 3933
748 6634 3941
749 6626 3949
750 6633 3942
751 6625 3950
752 6636 3939
753 6638 3937
754 6633 3942
755 6636 3939
756 6631 3944
757 6625 3950
758 6615 3960
759 6615 3960
760 6609 3966
761 6596 3979
762 6573 4002
763 6574 4001
764 6590 3985
765 6595 3980
766 6593 3982
767 6614 3961
768 6615 3960
769 6605 3970
770 6579 3996
771 6566 4009
772 6556 4019
773 6547 4028
774 6542 4033
775 6532 4043
776 6529 4046
777 6549 4026
778 6559 4016
779 6566 4009
780 6542 4033
781 6541 4034
782 6552 4023
783 6552 4023
784 6538 4037
785 6554 4021
786 6542 4033
787 6559 4016
788 6558 4017
789 6546 4029
790 6559 4016
791 6566 4009
792 6544 4031
793 6550 4025
794 6554 4021
795 6541 4034
796 6529 4046
797 6537 4038
798 6509 4066
799 6502 4073
800 6504 4071
801 6492 4083
802 6486 4089
803 6499 4076
804 6493 4082
805 6495 4080
806 6491 4084
807 6496 4079
808 6492 4083
809 6498 4077
810 6487 4088
811 6508 4067
812 6525 4050
813 6508 4067
814 6500 4075
815 6511 4064
816 6497 4078
817 6484 4091
818 6489 4086
819 6498 4077
820 6496 4079
821 6485 4090
822 6473 4102
823 6490 4085
824 6503 4072
825 6500 4075
826 6481 4094
827 6480 4095
828 6461 4114
829 6474 4101
830 6486 4089
831 6490 4085
832 6501 4074
833 6505 4070
834 6507 4068
835 6490 4085
836 6513 4062
837 6496 4079
838 6493 4082
839 6490 4085
840 6493 4082
841 6473 4102
842 6455 4120
843 6467 4108
844 6458 4117
845 6459 4116
846 6474 4101
847 6464 4111
848 6472 4103
849 6473 4102
850 6461 4114
851 6448 4127
852 6453 4122
853 6439 4136
854 6438 4137
855 6417 4158
856 6405 4170
857 6396 4179
858 6415 4160
859 6417 4158
860 6424 4151
861 6420 4155
862 6430 4145
863 6436 4139
864 6422 4153
865 6430 4145
866 6433 4142
867 6411 4164
868 6414 4161
869 6396 4179
870 6394 4181
871 6392 4183
872 6384 4191
873 6376 4199
874 6378 4197
875 6376 4199
876 6363 4212
877 6373 4202
878 6393 4182
879 6400 4175
880 6392 4183
881 6399 4176
882 6382 4193
883 6368 4207
884 6351 4224
885 6340 4235
886 6342 4233
887 6349 4226
888 6361 4214
889 6354 4221
890 6361 4214
891 6353 4222
892 6342 4233
893 6346 4229
894 6328 4247
895 6330 4245
896 6336 4239
897 6336 4239
898 6346 4229
899 6328 4247
900 6350 4225
901 6346 4229
902 6346 4229
903 6355 4220
904 6350 4225
905 6350 4225
906 6351 4224
907 6326 4249
908 6313 4262
909 6316 4259
910 6323 4252
911 6331 4244
912 6358 4217
913 6339 4236
914 6318 4257
915 6320 4255
916 6336 4239
917 6343 4232
918 6335 4240
919 6356 4219
920 6347 4228
921 6360 4215
922 6364 4211
923 6366 4209
924 6329 4246
925 6327 4248
926 6337 4238
927 6326 4249
928 6352 4223
929 6349 4226
930 6351 4224
931 6331 4244
932 6345 4230
933 6327 4248
934 6326 4249
935 6305 4270
936 6292 4283
937 6305 4270
938 6303 4272
939 6306 4269
940 6313 4262
941 6346 4229
942 6338 4237
943 6333 4242
944 6313 4262
945 6334 4241
946 6328 4247
947 6323 4252
948 6328 4247
949 6319 4256
950 6341 4234
951 6307 4268
952 6315 4260
953 6306 4269
954 6313 4262
955 6297 4278
956 6301 4274
957 6306 4269
958 6282 4293
959 6289 4286
960 6287 4288
961 6306 4269
962 6314 4261
963 6305 4270
964 6286 4289
965 6278 4297
966 6269 4306
967 6271 4304
968 6275 4300
969 6261 4314
970 6261 4314
971 6243 4332
972 6251 4324
973 6242 4333
974 6251 4324
975 6232 4343
976 6227 4348
977 6226 4349
978 6228 4347
979 6232 4343
980 6220 4355
981 6233 4342
982 6243 4332
983 6235 4340
984 6244 4331
985 6219 4356
986 6228 4347
987 6228 4347
988 6224 4351
989 6206 4369
990 6211 4364
991 6217 4358
992 6215 4360
993 6198 4377
994 6194 4381
995 6181 4394
996 6184 4391
997 6162 4413
998 6182 4393
999 6192 4383
1000 6193 4382
1001 6187 4388
1002 6184 4391
1003 6182 4393
1004 6169 4406
1005 6170 4405
1006 6160 4415
1007 6149 4426
1008 6152 4423
1009 6163 4412
1010 6158 4417
1011 6158 4417
1012 6149 4426
1013 6153 4422
1014 6160 4415
1015 6162 4413
1016 6179 4396
1017 6171 4404
1018 6157 4418
1019 6171 4404
1020 6160 4415
1021 6152 4423
1022 6172 4403
1023 6172 4403
1024 6176 4399
1025 6171 4404
1026 6173 4402
1027 6179 4396
1028 6199 4376
1029 6197 4378
1030 6197 4378
1031 6217 4358
1032 6215 4360
1033 6192 4383
1034 6208 4367
1035 6188 4387
1036 6168 4407
1037 6150 4425
1038 6159 4416
1039 6168 4407
1040 6176 4399
1041 6145 4430
1042 6159 4416
1043 6151 4424
1044 6129 4446
1045 6128 4447
1046 6106 4469
1047 6132 4443
1048 6124 4451
1049 6134 4441
1050 6142 4433
1051 6129 4446
1052 6135 4440
1053 6116 4459
1054 6116 4459
1055 6117 4458
1056 6112 4463
1057 6116 4459
1058 6118 4457
1059 6087 4488
1060 6093 4482
1061 6081 4494
1062 6075 4500
1063 6079 4496
1064 6080 4495
1065 6082 4493
1066 6093 4482
1067 6085 4490
1068 6066 4509
1069 6095 4480
1070 6084 4491
1071 6088 4487
1072 6102 4473
1073 6101 4474
1074 6111 4464
1075 6084 4491
1076 6056 4519
1077 6040 4535
1078 6048 4527
1079 6058 4517
1080 6031 4544
1081 6024 4551
1082 6013 4562
1083 6007 4568
1084 6012 4563
1085 6019 4556
1086 6007 4568
1087 6027 4548
1088 6021 4554
1089 6030 4545
1090 6071 4504
1091 6069 4506
1092 6049 4526
1093 6061 4514
1094 6058 4517
1095 6050 4525
1096 6055 4520
1097 6057 4518
1098 6049 4526
1099 6041 4534
1100 6050 4525
1101 6047 4528
1102 6067 4508
1103 6063 4512
1104 6068 4507
1105 6069 4506
1106 6077 4498
1107 6059 4516
1108 6064 4511
1109 6062 4513
1110 6032 4543
1111 6043 4532
1112 6040 4535
1113 6049 4526
1114 6038 4537
1115 6032 4543
1116 6021 4554
1117 6022 4553
1118 6038 4537
1119 6039 4536
1120 6059 4516
1121 6058 4517
1122 6033 4542
1123 6045 4530
1124 6037 4538
1125 6053 4522
1126 6064 4511
1127 6061 4514
1128 6039 4536
1129 6049 4526
1130 6047 4528
1131 6038 4537
1132 6035 4540
1133 6055 4520
1134 6047 4528
1135 6052 4523
1136 6031 4544
1137 6008 4567
1138 5986 4589
1139 5975 4600
1140 5977 4598
1141 5962 4613
1142 5972 4603
1143 5968 4607
1144 5984 4591
1145 5995 4580
1146 5989 4586
1147 5975 4600
1148 5988 4587
1149 5994 4581
1150 6000 4575
1151 5999 4576
1152 5980 4595
1153 5982 4593
1154 5961 4614
1155 5970 4605
1156 5978 4597
1157 5964 4611
1158 5959 4616
1159 5936 4639
1160 5952 4623
1161 5940 4635
1162 5950 4625
1163 5968 4607
1164 5980 4595
1165 5961 4614
1166 5941 4634
1167 5936 4639
1168 5939 4636
1169 5921 4654
1170 5911 4664
1171 5890 4685
1172 5895 4680
1173 5909 4666
1174 5874 4701
1175 5899 4676
1176 5901 4674
1177 5892 4683
1178 5911 4664
1179 5890 4685
1180 5865 4710
1181 5857 4718
1182 5860 4715
1183 5874 4701
1184 5877 4698
1185 5883 4692
1186 5887 4688
1187 5906 4669
1188 5871 4704
1189 5887 4688
1190 5885 4690
1191 5875 4700
1192 5869 4706
1193 5883 4692
1194 5895 4680
1195 5881 4694
1196 5906 4669
1197 5914 4661
1198 5925 4650
1199 5930 4645
1200 5917 4658
1201 5916 4659
1202 5898 4677
1203 5903 4672
1204 5893 4682
1205 5900 4675
1206 5887 4688
1207 5893 4682
1208 5902 4673
1209 5892 4683
1210 5891 4684
1211 5876 4699
1212 5865 4710
1213 5841 4734
1214 5848 4727
1215 5856 4719
1216 5859 4716
1217 5857 4718
1218 5863 4712
1219 5869 4706
1220 5877 4698
1221 5871 4704
1222 5873 4702
1223 5892 4683
1224 5900 4675
1225 5902 4673
1226 5888 4687
1227 5877 4698
1228 5864 4711
1229 5874 4701
1230 5890 4685
1231 5880 4695
1232 5874 4701
1233 5878 4697
1234 5883 4692
1235 5873 4702
1236 5882 4693
1237 5866 4709
1238 5855 4720
1239 5856 4719
1240 5852 4723
1241 5847 4728
1242 5824 4751
1243 5802 4773
1244 5804 4771
1245 5805 4770
1246 5813 4762
1247 5809 4766
1248 5823 4752
1249 5836 4739
1250 5836 4739
1251 5848 4727
1252 5854 4721
1253 5858 4717
1254 5839 4736
1255 5840 4735
1256 5836 4739
1257 5824 4751
1258 5833 4742
1259 5826 4749
1260 5831 4744
1261 5821 4754
1262 5792 4783
1263 5817 4758
1264 5825 4750
1265 5788 4787
1266 5797 4778
1267 5789 4786
1268 5791 4784
1269 5795 4780
1270 5791 4784
1271 5811 4764
1272 5812 4763
1273 5792 4783
1274 5808 4767
1275 5836 4739
1276 5809 4766
1277 5799 4776
1278 5794 4781
1279 5796 4779
1280 5798 4777
1281 5801 4774
1282 5810 4765
1283 5792 4783
1284 5792 4783
1285 5797 4778
1286 5797 4778
1287 5805 4770
1288 5807 4768
1289 5801 4774
1290 5781 4794
1291 5780 4795
1292 5757 4818
1293 5751 4824
1294 5733 4842
1295 5729 4846
1296 5733 4842
1297 5753 4822
1298 5740 4835
1299 5735 4840
1300 5761 4814
1301 5752 4823
1302 5775 4800
1303 5762 4813
1304 5765 4810
1305 5766 4809
1306 5773 4802
1307 5798 4777
1308 5781 4794
1309 5788 4787
1310 5801 4774
1311 5803 4772
1312 5811 4764
1313 5805 4770
1314 5796 4779
1315 5780 4795
1316 5784 4791
1317 5807 4768
1318 5812 4763
1319 5849 4726
1320 5856 4719
1321 5861 4714
1322 5863 4712
1323 5848 4727
1324 5821 4754
1325 5825 4750
1326 5827 4748
1327 5807 4768
1328 5806 4769
1329 5786 4789
1330 5799 4776
1331 5775 4800
1332 5781 4794
1333 5754 4821
1334 5767 4808
1335 5750 4825
1336 5733 4842
1337 5726 4849
1338 5704 4871
1339 5718 4857
1340 5721 4854
1341 5729 4846
1342 5730 4845
1343 5734 4841
1344 5721 4854
1345 5722 4853
1346 5725 4850
1347 5690 4885
1348 5692 4883
1349 5709 4866
1350 5682 4893
1351 5673 4902
1352 5674 4901
1353 5678 4897
1354 5699 4876
1355 5687 4888
1356 5710 4865
1357 5708 4867
1358 5729 4846
1359 5695 4880
1360 5699 4876
1361 5703 4872
1362 5706 4869
1363 5727 4848
1364 5736 4839
1365 5742 4833
1366 5728 4847
1367 5753 4822
1368 5743 4832
1369 5737 4838
1370 5742 4833
1371 5718 4857
1372 5710 4865
1373 5719 4856
1374 5721 4854
1375 5723 4852
1376 5719 4856
1377 5717 4858
1378 5714 4861
1379 5737 4838
1380 5731 4844
1381 5726 4849
1382 5718 4857
1383 5700 4875
1384 5710 4865
1385 5684 4891
1386 5674 4901
1387 5685 4890
1388 5692 4883
1389 5671 4904
1390 5703 4872
1391 5715 4860
1392 5731 4844
1393 5706 4869
1394 5694 4881
1395 5687 4888
1396 5681 4894
1397 5688 4887
1398 5703 4872
1399 5703 4872
1400 5720 4855
1401 5697 4878
1402 5706 4869
1403 5722 4853
1404 5727 4848
1405 5740 4835
1406 5727 4848
1407 5723 4852
1408 5708 4867
1409 5715 4860
1410 5713 4862
1411 5709 4866
1412 5725 4850
1413 5708 4867
1414 5709 4866
1415 5695 4880
1416 5720 4855
1417 5689 4886
1418 5713 4862
1419 5692 4883
1420 5676 4899
1421 5686 4889
1422 5691 4884
1423 5681 4894
1424 5673 4902
1425 5672 4903
1426 5663 4912
1427 5642 4933
1428 5654 4921
1429 5657 4918
1430 5632 4943
1431 5646 4929
1432 5654 4921
1433 5657 4918
1434 5656 4919
1435 5636 4939
1436 5625 4950
1437 5617 4958
1438 5605 4970
1439 5622 4953
1440 5625 4950
1441 5634 4941
1442 5626 4949
1443 5630 4945
1444 5610 4965
1445 5605 4970
1446 5606 4969
1447 5609 4966
1448 5591 4984
1449 5588 4987
1450 5589 4986
1451 5597 4978
1452 5611 4964
1453 5630 4945
1454 5646 4929
1455 5616 4959
1456 5609 4966
1457 5588 4987
1458 5588 4987
1459 5560 5015
1460 5540 5035
1461 5548 5027
1462 5568 5007
1463 5584 4991
1464 5590 4985
1465 5606 4969
1466 5583 4992
1467 5587 4988
1468 5592 4983
1469 5572 5003
1470 5563 5012
1471 5558 5017
1472 5555 5020
1473 5561 5014
1474 5543 5032
1475 5551 5024
1476 5562 5013
1477 5555 5020
1478 5558 5017
1479 5580 4995
1480 5581 4994
1481 5563 5012
1482 5571 5004
1483 5571 5004
1484 5592 4983
1485 5556 5019
1486 5592 4983
1487 5601 4974
1488 5574 5001
1489 5583 4992
1490 5585 4990
1491 5600 4975
1492 5591 4984
1493 5628 4947
1494 5631 4944
1495 5603 4972
1496 5605 4970
1497 5604 4971
1498 5592 4983
1499 5590 4985
1500 5570 5005
1501 5552 5023
1502 5567 5008
1503 5569 5006
1504 5570 5005
1505 5570 5005
1506 5581 4994
1507 5589 4986
1508 5613 4962
1509 5619 4956
1510 5617 4958
1511 5596 4979
1512 5592 4983
1513 5607 4968
1514 5603 4972
1515 5605 4970
1516 5604 4971
1517 5595 4980
1518 5581 4994
1519 5573 5002
1520 5582 4993
1521 5559 5016
1522 5554 5021
1523 5548 5027
1524 5565 5010
1525 5574 5001
1526 5583 4992
1527 5560 5015
1528 5567 5008
1529 5560 5015
1530 5566 5009
1531 5552 5023
1532 5524 5051
1533 5498 5077
1534 5497 5078
1535 5487 5088
1536 5483 5092
1537 5493 5082
1538 5503 5072
1539 5498 5077
1540 5511 5064
1541 5494 5081
1542 5479 5096
1543 5484 5091
1544 5500 5075
1545 5503 5072
1546 5500 5075
1547 5529 5046
1548 5539 5036
1549 5524 5051
1550 5515 5060
1551 5516 5059
1552 5504 5071
1553 5496 5079
1554 5505 5070
1555 5480 5095
1556 5475 5100
1557 5485 5090
1558 5471 5104
1559 5472 5103
1560 5489 5086
1561 5498 5077
1562 5487 5088
1563 5510 5065
1564 5510 5065
1565 5486 5089
1566 5511 5064
1567 5500 5075
1568 5511 5064
1569 5509 5066
1570 5521 5054
1571 5505 5070
1572 5495 5080
1573 5490 5085
1574 5504 5071
1575 5510 5065
1576 5518 5057
1577 5506 5069
1578 5512 5063
1579 5524 5051
1580 5495 5080
1581 5507 5068
1582 5508 5067
1583 5522 5053
1584 5548 5027
1585 5505 5070
1586 5518 5057
1587 5521 5054
1588 5520 5055
1589 5523 5052
1590 5532 5043
1591 5550 5025
1592 5514 5061
1593 5525 5050
1594 5485 5090
1595 5480 5095
1596 5486 5089
1597 5468 5107
1598 5485 5090
1599 5489 5086
1600 5477 5098
1601 5496 5079
1602 5491 5084
1603 5500 5075
1604 5518 5057
1605 5499 5076
1606 5497 5078
1607 5511 5064
1608 5518 5057
1609 5519 5056
1610 5528 5047
1611 5499 5076
1612 5520 5055
1613 5522 5053
1614 5509 5066
1615 5496 5079
1616 5504 5071
1617 5493 5082
1618 5500 5075
1619 5486 5089
1620 5500 5075
1621 5499 5076
1622 5492 5083
1623 5514 5061
1624 5513 5062
1625 5474 5101
1626 5483 5092
1627 5469 5106
1628 5481 5094
1629 5472 5103
1630 5453 5122
1631 5449 5126
1632 5470 5105
1633 5490 5085
1634 5483 5092
1635 5481 5094
1636 5482 5093
1637 5446 5129
1638 5449 5126
1639 5440 5135
1640 5441 5134
1641 5422 5153
1642 5423 5152
1643 5417 5158
1644 5414 5161
1645 5421 5154
1646 5393 5182
1647 5400 5175
1648 5380 5195
1649 5375 5200
1650 5362 5213
1651 5355 5220
1652 5374 5201
1653 5361 5214
1654 5355 5220
1655 5351 5224
1656 5344 5231
1657 5339 5236
1658 5314 5261
1659 5339 5236
1660 5358 5217
1661 5367 5208
1662 5402 5173
1663 5397 5178
1664 5421 5154
1665 5407 5168
1666 5410 5165
1667 5422 5153
1668 5409 5166
1669 5410 5165
1670 5396 5179
1671 5401 5174
1672 5398 5177
1673 5401 5174
1674 5426 5149
1675 5422 5153
1676 5431 5144
1677 5455 5120
1678 5432 5143
1679 5439 5136
1680 5429 5146
1681 5405 5170
1682 5405 5170
1683 5447 5128
1684 5419 5156
1685 5415 5160
1686 5420 5155
1687 5394 5181
1688 5396 5179
1689 5426 5149
1690 5435 5140
1691 5426 5149
1692 5439 5136
1693 5435 5140
1694 5458 5117
1695 5476 5099
1696 5468 5107
1697 5446 5129
1698 5446 5129
1699 5420 5155
1700 5425 5150
1701 5411 5164
1702 5414 5161
1703 5407 5168
1704 5423 5152
1705 5418 5157
1706 5426 5149
1707 5438 5137
1708 5401 5174
1709 5416 5159
1710 5403 5172
1711 5431 5144
1712 5422 5153
1713 5420 5155
1714 5413 5162
1715 5423 5152
1716 5432 5143
1717 5432 5143
1718 5435 5140
1719 5448 5127
1720 5456 5119
1721 5447 5128
1722 5454 5121
1723 5454 5121
1724 5452 5123
1725 5459 5116
1726 5465 5110
1727 5447 5128
1728 5442 5133
1729 5439 5136
1730 5430 5145
1731 5429 5146
1732 5409 5166
1733 5409 5166
1734 5403 5172
1735 5398 5177
1736 5390 5185
1737 5404 5171
1738 5401 5174
1739 5415 5160
1740 5408 5167
1741 5426 5149
1742 5416 5159
1743 5390 5185
1744 5396 5179
1745 5377 5198
1746 5407 5168
1747 5425 5150
1748 5417 5158
1749 5417 5158
1750 5363 5212
1751 5365 5210
1752 5368 5207
1753 5394 5181
1754 5392 5183
1755 5394 5181
1756 5402 5173
1757 5417 5158
1758 5428 5147
1759 5429 5146
1760 5427 5148
1761 5424 5151
1762 5414 5161
1763 5418 5157
1764 5426 5149
1765 5438 5137
1766 5420 5155
1767 5411 5164
1768 5425 5150
1769 5412 5163
1770 5418 5157
1771 5428 5147
1772 5401 5174
1773 5411 5164
1774 5421 5154
1775 5412 5163
1776 5397 5178
1777 5386 5189
1778 5380 5195
1779 5378 5197
1780 5374 5201
1781 5387 5188
1782 5405 5170
1783 5399 5176
1784 5405 5170
1785 5385 5190
1786 5420 5155
1787 5411 5164
1788 5402 5173
1789 5416 5159
1790 5417 5158
1791 5404 5171
1792 5408 5167
1793 5386 5189
1794 5360 5215
1795 5357 5218
1796 5364 5211
1797 5385 5190
1798 5405 5170
1799 5384 5191
1800 5369 5206
1801 5397 5178
1802 5404 5171
1803 5400 5175
1804 5387 5188
1805 5373 5202
1806 5368 5207
1807 5370 5205
1808 5344 5231
1809 5347 5228
1810 5328 5247
1811 5322 5253
1812 5344 5231
1813 5362 5213
1814 5363 5212
1815 5386 5189
1816 5399 5176
1817 5394 5181
1818 5375 5200
1819 5390 5185
1820 5396 5179
1821 5382 5193
1822 5392 5183
1823 5415 5160
1824 5401 5174
1825 5393 5182
1826 5412 5163
1827 5409 5166
1828 5407 5168
1829 5381 5194
1830 5381 5194
1831 5363 5212
1832 5404 5171
1833 5388 5187
1834 5391 5184
1835 5407 5168
1836 5387 5188
1837 5381 5194
1838 5370 5205
1839 5394 5181
1840 5372 5203
1841 5369 5206
1842 5364 5211
1843 5386 5189
1844 5380 5195
1845 5396 5179
1846 5399 5176
1847 5393 5182
1848 5421 5154
1849 5421 5154
1850 5410 5165
1851 5419 5156
1852 5418 5157
1853 5425 5150
1854 5423 5152
1855 5431 5144
1856 5435 5140
1857 5442 5133
1858 5417 5158
1859 5412 5163
1860 5414 5161
1861 5407 5168
1862 5392 5183
1863 5410 5165
1864 5388 5187
1865 5374 5201
1866 5374 5201
1867 5404 5171
1868 5398 5177
1869 5420 5155
1870 5355 5220
1871 5359 5216
1872 5365 5210
1873 5417 5158
1874 5376 5199
1875 5386 5189
1876 5369 5206
1877 5383 5192
1878 5396 5179
1879 5402 5173
1880 5362 5213
1881 5340 5235
1882 5351 5224
1883 5370 5205
1884 5364 5211
1885 5384 5191
1886 5401 5174
1887 5391 5184
1888 5370 5205
1889 5357 5218
1890 5358 5217
1891 5351 5224
1892 5341 5234
1893 5336 5239
1894 5340 5235
1895 5342 5233
1896 5336 5239
1897 5337 5238
1898 5350 5225
1899 5352 5223
1900 5365 5210
1901 5371 5204
1902 5389 5186
1903 5401 5174
1904 5377 5198
1905 5419 5156
1906 5410 5165
1907 5408 5167
1908 5388 5187
1909 5379 5196
1910 5401 5174
1911 5400 5175
1912 5392 5183
1913 5400 5175
1914 5396 5179
1915 5396 5179
1916 5405 5170
1917 5395 5180
1918 5396 5179
1919 5388 5187
1920 5364 5211
1921 5362 5213
1922 5360 5215
1923 5362 5213
1924 5357 5218
1925 5358 5217
1926 5328 5247
1927 5311 5264
1928 5309 5266
1929 5302 5273
1930 5301 5274
1931 5318 5257
1932 5326 5249
1933 5339 5236
1934 5338 5237
1935 5348 5227
1936 5321 5254
1937 5304 5271
1938 5328 5247
1939 5319 5256
1940 5305 5270
1941 5289 5286
1942 5277 5298
1943 5259 5316
1944 5254 5321
1945 5258 5317
1946 5271 5304
1947 5295 5280
1948 5294 5281
1949 5279 5296
1950 5288 5287
1951 5303 5272
1952 5307 5268
1953 5302 5273
1954 5304 5271
1955 5336 5239
1956 5351 5224
1957 5319 5256
1958 5332 5243
1959 5340 5235
1960 5367 5208
1961 5342 5233
1962 5351 5224
1963 5354 5221
1964 5352 5223
1965 5357 5218
1966 5353 5222
1967 5333 5242
1968 5323 5252
1969 5336 5239
1970 5313 5262
1971 5296 5279
1972 5279 5296
1973 5288 5287
1974 5289 5286
1975 5292 5283
1976 5305 5270
1977 5310 5265
1978 5310 5265
1979 5307 5268
1980 5319 5256
1981 5321 5254
1982 5309 5266
1983 5315 5260
1984 5304 5271
1985 5297 5278
1986 5292 5283
1987 5298 5277
1988 5308 5267
1989 5321 5254
1990 5340 5235
1991 5330 5245
1992 5333 5242
1993 5370 5205
1994 5368 5207
1995 5381 5194
1996 5335 5240
1997 5350 5225
1998 5355 5220
1999 5343 5232
2000 5333 5242
2001 5340 5235
2002 5350 5225
2003 5375 5200
2004 5374 5201
2005 5353 5222
2006 5360 5215
2007 5378 5197
2008 5378 5197
2009 5350 5225
2010 5369 5206
2011 5362 5213
2012 5349 5226
2013 5344 5231
2014 5342 5233
2015 5355 5220
2016 5360 5215
2017 5338 5237
2018 5322 5253
2019 5310 5265
2020 5317 5258
2021 5343 5232
2022 5350 5225
2023 5337 5238
2024 5318 5257
2025 5322 5253
2026 5327 5248
2027 5353 5222
2028 5328 5247
2029 5315 5260
2030 5333 5242
2031 5332 5243
2032 5329 5246
2033 5338 5237
2034 5341 5234
2035 5356 5219
2036 5351 5224
2037 5334 5241
2038 5339 5236
2039 5366 5209
2040 5356 5219
2041 5355 5220
2042 5365 5210
2043 5370 5205
2044 5371 5204
2045 5398 5177
2046 5396 5179
2047 5388 5187
2048 5389 5186
2049 5399 5176
2050 5409 5166
2051 5402 5173
2052 5422 5153
2053 5407 5168
2054 5434 5141
2055 5442 5133
2056 5432 5143
2057 5404 5171
2058 5390 5185
2059 5398 5177
2060 5411 5164
2061 5402 5173
2062 5400 5175
2063 5391 5184
2064 5374 5201
2065 5387 5188
2066 5375 5200
2067 5384 5191
2068 5369 5206
2069 5380 5195
2070 5380 5195
2071 5399 5176
2072 5376 5199
2073 5368 5207
2074 5370 5205
2075 5380 5195
2076 5395 5180
2077 5362 5213
2078 5382 5193
2079 5362 5213
2080 5346 5229
2081 5330 5245
2082 5350 5225
2083 5357 5218
2084 5349 5226
2085 5345 5230
2086 5337 5238
2087 5337 5238
2088 5339 5236
2089 5344 5231
2090 5360 5215
2091 5375 5200
2092 5383 5192
2093 5360 5215
2094 5356 5219
2095 5319 5256
2096 5330 5245
2097 5343 5232
2098 5342 5233
2099 5349 5226
2100 5353 5222
2101 5364 5211
2102 5351 5224
2103 5335 5240
2104 5360 5215
2105 5356 5219
2106 5367 5208
2107 5363 5212
2108 5353 5222
2109 5378 5197
2110 5372 5203
2111 5358 5217
2112 5342 5233
2113 5365 5210
2114 5346 5229
2115 5353 5222
2116 5345 5230
2117 5331 5244
2118 5322 5253
2119 5319 5256
2120 5300 5275
2121 5315 5260
2122 5324 5251
2123 5315 5260
2124 5310 5265
2125 5312 5263
2126 5329 5246
2127 5313 5262
2128 5301 5274
2129 5303 5272
2130 5320 5255
2131 5299 5276
2132 5305 5270
2133 5322 5253
2134 5298 5277
2135 5310 5265
2136 5334 5241
2137 5328 5247
2138 5310 5265
2139 5307 5268
2140 5299 5276
2141 5291 5284
2142 5303 5272
2143 5309 5266
2144 5280 5295
2145 5275 5300
2146 5265 5310
2147 5256 5319
2148 5262 5313
2149 5257 5318
2150 5271 5304
2151 5278 5297
2152 5282 5293
2153 5277 5298
2154 5283 5292
2155 5280 5295
2156 5293 5282
2157 5306 5269
2158 5321 5254
2159 5319 5256
2160 5297 5278
2161 5332 5243
2162 5345 5230
2163 5353 5222
2164 5356 5219
2165 5330 5245
2166 5348 5227
2167 5365 5210
2168 5356 5219
2169 5366 5209
2170 5330 5245
2171 5315 5260
2172 5319 5256
2173 5297 5278
2174 5308 5267
2175 5318 5257
2176 5352 5223
2177 5323 5252
2178 5337 5238
2179 5334 5241
2180 5341 5234
2181 5318 5257
2182 5287 5288
2183 5278 5297
2184 5307 5268
2185 5318 5257
2186 5325 5250
2187 5328 5247
2188 5326 5249
2189 5338 5237
2190 5324 5251
2191 5325 5250
2192 5308 5267
2193 5303 5272
2194 5289 5286
2195 5291 5284
2196 5266 5309
2197 5276 5299
2198 5296 5279
2199 5310 5265
2200 5315 5260
2201 5315 5260
2202 5318 5257
2203 5336 5239
2204 5336 5239
2205 5330 5245
2206 5347 5228
2207 5333 5242
2208 5333 5242
2209 5327 5248
2210 5320 5255
2211 5330 5245
2212 5332 5243
2213 5347 5228
2214 5354 5221
2215 5334 5241
2216 5340 5235
2217 5339 5236
2218 5335 5240
2219 5328 5247
2220 5318 5257
2221 5294 5281
2222 5325 5250
2223 5298 5277
2224 5298 5277
2225 5311 5264
2226 5341 5234
2227 5335 5240
2228 5359 5216
2229 5364 5211
2230 5341 5234
2231 5350 5225
2232 5328 5247
2233 5304 5271
2234 5290 5285
2235 5309 5266
2236 5307 5268
2237 5320 5255
2238 5301 5274
2239 5266 5309
2240 5254 5321
2241 5287 5288
2242 5311 5264
2243 5304 5271
2244 5348 5227
2245 5376 5199
2246 5361 5214
2247 5350 5225
2248 5361 5214
2249 5386 5189
2250 5365 5210
2251 5363 5212
2252 5336 5239
2253 5339 5236
2254 5341 5234
2255 5329 5246
2256 5338 5237
2257 5347 5228
2258 5321 5254
2259 5338 5237
2260 5318 5257
2261 5326 5249
2262 5310 5265
2263 5316 5259
2264 5284 5291
2265 5306 5269
2266 5298 5277
2267 5301 5274
2268 5309 5266
2269 5288 5287
2270 5259 5316
2271 5279 5296
2272 5253 5322
2273 5260 5315
2274 5265 5310
2275 5277 5298
2276 5278 5297
2277 5298 5277
2278 5308 5267
2279 5303 5272
2280 5319 5256
2281 5315 5260
2282 5318 5257
2283 5309 5266
2284 5311 5264
2285 5321 5254
2286 5326 5249
2287 5315 5260
2288 5323 5252
2289 5316 5259
2290 5337 5238
2291 5310 5265
2292 5315 5260
2293 5319 5256
2294 5293 5282
2295 5295 5280
2296 5302 5273
2297 5317 5258
2298 5313 5262
2299 5298 5277
2300 5313 5262
2301 5309 5266
2302 5309 5266
2303 5308 5267
2304 5320 5255
2305 5330 5245
2306 5305 5270
2307 5305 5270
2308 5305 5270
2309 5304 5271
2310 5309 5266
2311 5301 5274
2312 5289 5286
2313 5319 5256
2314 5315 5260
2315 5310 5265
2316 5329 5246
2317 5318 5257
2318 5361 5214
2319 5330 5245
2320 5334 5241
2321 5334 5241
2322 5314 5261
2323 5308 5267
2324 5314 5261
2325 5318 5257
2326 5304 5271
2327 5283 5292
2328 5299 5276
2329 5293 5282
2330 5282 5293
2331 5294 5281
2332 5314 5261
2333 5321 5254
2334 5341 5234
2335 5316 5259
2336 5305 5270
2337 5295 5280
2338 5312 5263
2339 5307 5268
2340 5312 5263
2341 5326 5249
2342 5324 5251
2343 5319 5256
2344 5295 5280
2345 5296 5279
2346 5286 5289
2347 5294 5281
2348 5295 5280
2349 5303 5272
2350 5321 5254
2351 5294 5281
2352 5286 5289
2353 5312 5263
2354 5295 5280
2355 5298 5277
2356 5283 5292
2357 5268 5307
2358 5294 5281
2359 5292 5283
2360 5285 5290
2361 5296 5279
2362 5312 5263
2363 5313 5262
2364 5338 5237
2365 5344 5231
2366 5335 5240
2367 5338 5237
2368 5327 5248
2369 5317 5258
2370 5342 5233
2371 5322 5253
2372 5301 5274
2373 5301 5274
2374 5314 5261
2375 5309 5266
2376 5298 5277
2377 5294 5281
2378 5282 5293
2379 5263 5312
2380 5257 5318
2381 5291 5284
2382 5274 5301
2383 5253 5322
2384 5288 5287
2385 5303 5272
2386 5317 5258
2387 5330 5245
2388 5296 5279
2389 5301 5274
2390 5322 5253
2391 5326 5249
2392 5344 5231
2393 5341 5234
2394 5363 5212
2395 5355 5220
2396 5329 5246
2397 5344 5231
2398 5325 5250
2399 5327 5248
2400 5294 5281
2401 5275 5300
2402 5290 5285
2403 5287 5288
2404 5296 5279
2405 5286 5289
2406 5281 5294
2407 5288 5287
2408 5302 5273
2409 5284 5291
2410 5301 5274
2411 5298 5277
2412 5269 5306
2413 5278 5297
2414 5278 5297
2415 5319 5256
2416 5311 5264
2417 5315 5260
2418 5302 5273
2419 5292 5283
2420 5318 5257
2421 5327 5248
2422 5325 5250
2423 5333 5242
2424 5339 5236
2425 5328 5247
2426 5316 5259
2427 5329 5246
2428 5333 5242
2429 5336 5239
2430 5318 5257
2431 5298 5277
2432 5313 5262
2433 5313 5262
2434 5304 5271
2435 5297 5278
2436 5301 5274
2437 5280 5295
2438 5277 5298
2439 5274 5301
2440 5254 5321
2441 5260 5315
2442 5259 5316
2443 5248 5327
2444 5254 5321
2445 5262 5313
2446 5249 5326
2447 5262 5313
2448 5280 5295
2449 5279 5296
2450 5273 5302
2451 5265 5310
2452 5255 5320
2453 5271 5304
2454 5256 5319
2455 5272 5303
2456 5279 5296
2457 5264 5311
2458 5286 5289
2459 5275 5300
2460 5254 5321
2461 5246 5329
2462 5268 5307
2463 5278 5297
2464 5276 5299
2465 5251 5324
2466 5251 5324
2467 5243 5332
2468 5263 5312
2469 5279 5296
2470 5279 5296
2471 5271 5304
2472 5295 5280
2473 5319 5256
2474 5320 5255
2475 5322 5253
2476 5320 5255
2477 5297 5278
2478 5302 5273
2479 5291 5284
2480 5302 5273
2481 5306 5269
2482 5316 5259
2483 5295 5280
2484 5298 5277
2485 5308 5267
2486 5305 5270
2487 5291 5284
2488 5290 5285
2489 5276 5299
2490 5263 5312
2491 5256 5319
2492 5296 5279
2493 5306 5269
2494 5286 5289
2495 5287 5288
2496 5316 5259
2497 5311 5264
2498 5318 5257
2499 5300 5275
2500 5324 5251
2501 5283 5292
2502 5283 5292
2503 5298 5277
2504 5290 5285
2505 5286 5289
2506 5262 5313
2507 5258 5317
2508 5251 5324
2509 5261 5314
2510 5265 5310
2511 5247 5328
2512 5242 5333
2513 5230 5345
2514 5231 5344
2515 5205 5370
2516 5257 5318
2517 5239 5336
2518 5252 5323
2519 5259 5316
2520 5248 5327
2521 5286 5289
2522 5316 5259
2523 5306 5269
2524 5330 5245
2525 5306 5269
2526 5295 5280
2527 5269 5306
2528 5261 5314
2529 5274 5301
2530 5247 5328
2531 5269 5306
2532 5254 5321
2533 5249 5326
2534 5262 5313
2535 5285 5290
2536 5289 5286
2537 5295 5280
2538 5285 5290
2539 5291 5284
2540 5269 5306
2541 5269 5306
2542 5279 5296
2543 5280 5295
2544 5291 5284
2545 5279 5296
2546 5276 5299
2547 5288 5287
2548 5307 5268
2549 5312 5263
2550 5305 5270
2551 5281 5294
2552 5274 5301
2553 5282 5293
2554 5285 5290
2555 5292 5283
2556 5296 5279
2557 5315 5260
2558 5367 5208
2559 5366 5209
2560 5354 5221
2561 5347 5228
2562 5331 5244
2563 5341 5234
2564 5373 5202
2565 5356 5219
2566 5348 5227
2567 5340 5235
2568 5336 5239
2569 5342 5233
2570 5305 5270
2571 5280 5295
2572 5277 5298
2573 5263 5312
2574 5266 5309
2575 5259 5316
2576 5253 5322
2577 5296 5279
2578 5297 5278
2579 5303 5272
2580 5297 5278
2581 5302 5273
2582 5298 5277
2583 5290 5285
2584 5302 5273
2585 5306 5269
2586 5314 5261
2587 5296 5279
2588 5297 5278
2589 5284 5291
2590 5288 5287
2591 5284 5291
2592 5294 5281
2593 5301 5274
2594 5321 5254
2595 5302 5273
2596 5310 5265
2597 5291 5284
2598 5293 5282
2599 5326 5249
2600 5318 5257
2601 5315 5260
2602 5313 5262
2603 5314 5261
2604 5308 5267
2605 5314 5261
2606 5292 5283
2607 5273 5302
2608 5258 5317
2609 5225 5350
2610 5217 5358
2611 5218 5357
2612 5223 5352
2613 5214 5361
2614 5229 5346
2615 5233 5342
2616 5242 5333
2617 5238 5337
2618 5255 5320
2619 5238 5337
2620 5248 5327
2621 5249 5326
2622 5280 5295
2623 5294 5281
2624 5288 5287
2625 5281 5294
2626 5252 5323
2627 5239 5336
2628 5242 5333
2629 5233 5342
2630 5222 5353
2631 5245 5330
2632 5258 5317
2633 5263 5312
2634 5259 5316
2635 5241 5334
2636 5265 5310
2637 5256 5319
2638 5247 5328
2639 5251 5324
2640 5227 5348
2641 5211 5364
2642 5211 5364
2643 5209 5366
2644 5224 5351
2645 5242 5333
2646 5252 5323
2647 5220 5355
2648 5226 5349
2649 5243 5332
2650 5241 5334
2651 5229 5346
2652 5195 5380
2653 5189 5386
2654 5190 5385
2655 5178 5397
2656 5183 5392
2657 5203 5372
2658 5186 5389
2659 5195 5380
2660 5187 5388
2661 5174 5401
2662 5162 5413
2663 5152 5423
2664 5171 5404
2665 5177 5398
2666 5180 5395
2667 5191 5384
2668 5202 5373
2669 5206 5369
2670 5191 5384
2671 5197 5378
2672 5203 5372
2673 5202 5373
2674 5189 5386
2675 5222 5353
2676 5224 5351
2677 5217 5358
2678 5213 5362
2679 5173 5402
2680 5117 5458
2681 5162 5413
2682 5156 5419
2683 5183 5392
2684 5181 5394
2685 5180 5395
2686 5191 5384
2687 5181 5394
2688 5191 5384
2689 5224 5351
2690 5219 5356
2691 5209 5366
2692 5223 5352
2693 5232 5343
2694 5224 5351
2695 5194 5381
2696 5192 5383
2697 5204 5371
2698 5179 5396
2699 5199 5376
2700 5214 5361
2701 5197 5378
2702 5204 5371
2703 5240 5335
2704 5229 5346
2705 5206 5369
2706 5230 5345
2707 5236 5339
2708 5220 5355
2709 5218 5357
2710 5205 5370
2711 5198 5377
2712 5196 5379
2713 5228 5347
2714 5242 5333
2715 5241 5334
2716 5245 5330
2717 5251 5324
2718 5261 5314
2719 5272 5303
2720 5281 5294
2721 5289 5286
2722 5277 5298
2723 5259 5316
2724 5258 5317
2725 5269 5306
2726 5292 5283
2727 5297 5278
2728 5299 5276
2729 5284 5291
2730 5276 5299
2731 5268 5307
2732 5293 5282
2733 5301 5274
2734 5297 5278
2735 5323 5252
2736 5318 5257
2737 5297 5278
2738 5307 5268
2739 5296 5279
2740 5303 5272
2741 5302 5273
2742 5323 5252
2743 5334 5241
2744 5316 5259
2745 5310 5265
2746 5322 5253
2747 5320 5255
2748 5321 5254
2749 5295 5280
2750 5294 5281
2751 5313 5262
2752 5300 5275
2753 5316 5259
2754 5321 5254
2755 5285 5290
2756 5319 5256
2757 5293 5282
2758 5283 5292
2759 5262 5313
2760 5248 5327
2761 5226 5349
2762 5236 5339
2763 5225 5350
2764 5215 5360
2765 5200 5375
2766 5179 5396
2767 5175 5400
2768 5180 5395
2769 5175 5400
2770 5175 5400
2771 5206 5369
2772 5207 5368
2773 5209 5366
2774 5211 5364
2775 5224 5351
2776 5248 5327
2777 5248 5327
2778 5277 5298
2779 5276 5299
2780 5260 5315
2781 5238 5337
2782 5236 5339
2783 5247 5328
2784 5225 5350
2785 5221 5354
2786 5244 5331
2787 5257 5318
2788 5280 5295
2789 5291 5284
2790 5294 5281
2791 5288 5287
2792 5280 5295
2793 5284 5291
2794 5269 5306
2795 5264 5311
2796 5265 5310
2797 5247 5328
2798 5246 5329
2799 5241 5334
2800 5250 5325
2801 5237 5338
2802 5237 5338
2803 5236 5339
2804 5213 5362
2805 5241 5334
2806 5240 5335
2807 5235 5340
2808 5256 5319
2809 5257 5318
2810 5264 5311
2811 5255 5320
2812 5238 5337
2813 5255 5320
2814 5246 5329
2815 5250 5325
2816 5248 5327
2817 5227 5348
2818 5255 5320
2819 5241 5334
2820 5254 5321
2821 5241 5334
2822 5248 5327
2823 5240 5335
2824 5239 5336
2825 5211 5364
2826 5225 5350
2827 5240 5335
2828 5246 5329
2829 5240 5335
2830 5254 5321
2831 5254 5321
2832 5246 5329
2833 5217 5358
2834 5253 5322
2835 5245 5330
2836 5265 5310
2837 5274 5301
2838 5268 5307
2839 5274 5301
2840 5276 5299
2841 5273 5302
2842 5268 5307
2843 5264 5311
2844 5281 5294
2845 5288 5287
2846 5293 5282
2847 5293 5282
2848 5277 5298
2849 5276 5299
2850 5287 5288
2851 5273 5302
2852 5261 5314
2853 5257 5318
2854 5294 5281
2855 5273 5302
2856 5254 5321
2857 5257 5318
2858 5245 5330
2859 5256 5319
2860 5246 5329
2861 5230 5345
2862 5257 5318
2863 5254 5321
2864 5244 5331
2865 5238 5337
2866 5217 5358
2867 5228 5347
2868 5232 5343
2869 5219 5356
2870 5242 5333
2871 5250 5325
2872 5255 5320
2873 5257 5318
2874 5260 5315
2875 5241 5334
2876 5248 5327
2877 5252 5323
2878 5233 5342
2879 5235 5340
2880 5258 5317
2881 5289 5286
2882 5246 5329
2883 5256 5319
2884 5252 5323
2885 5262 5313
2886 5235 5340
2887 5226 5349
2888 5230 5345
2889 5234 5341
2890 5220 5355
2891 5210 5365
2892 5210 5365
2893 5192 5383
2894 5216 5359
2895 5222 5353
2896 5214 5361
2897 5225 5350
2898 5218 5357
2899 5208 5367
2900 5195 5380
2901 5198 5377
2902 5196 5379
2903 5207 5368
2904 5235 5340
2905 5226 5349
2906 5202 5373
2907 5191 5384
2908 5206 5369
2909 5214 5361
2910 5204 5371
2911 5193 5382
2912 5165 5410
2913 5167 5408
2914 5183 5392
2915 5147 5428
2916 5171 5404
2917 5184 5391
2918 5167 5408
2919 5163 5412
2920 5183 5392
2921 5174 5401
2922 5170 5405
2923 5163 5412
2924 5158 5417
2925 5164 5411
2926 5168 5407
2927 5186 5389
2928 5182 5393
2929 5195 5380
2930 5196 5379
2931 5181 5394
2932 5186 5389
2933 5200 5375
2934 5191 5384
2935 5197 5378
2936 5195 5380
2937 5184 5391
2938 5184 5391
2939 5169 5406
2940 5154 5421
2941 5163 5412
2942 5180 5395
2943 5182 5393
2944 5178 5397
2945 5205 5370
2946 5226 5349
2947 5214 5361
2948 5212 5363
2949 5234 5341
2950 5228 5347
2951 5221 5354
2952 5234 5341
2953 5222 5353
2954 5214 5361
2955 5214 5361
2956 5202 5373
2957 5208 5367
2958 5215 5360
2959 5226 5349
2960 5223 5352
2961 5222 5353
2962 5206 5369
2963 5197 5378
2964 5180 5395
2965 5173 5402
2966 5190 5385
2967 5215 5360
2968 5230 5345
2969 5257 5318
2970 5239 5336
2971 5242 5333
2972 5244 5331
2973 5247 5328
2974 5270 5305
2975 5272 5303
2976 5247 5328
2977 5238 5337
2978 5229 5346
2979 5238 5337
2980 5234 5341
2981 5237 5338
2982 5248 5327
2983 5245 5330
2984 5244 5331
2985 5226 5349
2986 5222 5353
2987 5195 5380
2988 5200 5375
2989 5204 5371
2990 5198 5377
2991 5237 5338
2992 5226 5349
2993 5252 5323
2994 5251 5324
2995 5232 5343
2996 5241 5334
2997 5221 5354
2998 5186 5389
2999 5172 5403
3000 5199 5376
