0 4425 6150
1 4348 6227
2 4318 6257
3 4323 6252
4 4301 6274
5 4297 6278
6 4299 6276
7 4305 6270
8 4290 6285
9 4271 6304
10 4270 6305
11 4253 6322
12 4271 6304
13 4234 6341
14 4233 6342
15 4221 6354
16 4210 6365
17 4201 6374
18 4198 6377
19 4228 6347
20 4234 6341
21 4232 6343
22 4248 6327
23 4255 6320
24 4230 6345
25 4250 6325
26 4252 6323
27 4239 6336
28 4214 6361
29 4218 6357
30 4216 6359
31 4220 6355
32 4252 6323
33 4240 6335
34 4235 6340
35 4233 6342
36 4254 6321
37 4248 6327
38 4262 6313
39 4255 6320
40 4271 6304
41 4276 6299
42 4261 6314
43 4247 6328
44 4251 6324
45 4233 6342
46 4255 6320
47 4266 6309
48 4290 6285
49 4307 6268
50 4313 6262
51 4321 6254
52 4333 6242
53 4302 6273
54 4317 6258
55 4290 6285
56 4295 6280
57 4305 6270
58 4314 6261
59 4309 6266
60 4299 6276
61 4284 6291
62 4283 6292
63 4293 6282
64 4291 6284
65 4301 6274
66 4300 6275
67 4326 6249
68 4299 6276
69 4295 6280
70 4306 6269
71 4352 6223
72 4329 6246
73 4311 6264
74 4297 6278
75 4270 6305
76 4299 6276
77 4285 6290
78 4289 6286
79 4301 6274
80 4308 6267
81 4324 6251
82 4320 6255
83 4306 6269
84 4293 6282
85 4304 6271
86 4320 6255
87 4324 6251
88 4322 6253
89 4322 6253
90 4337 6238
91 4350 6225
92 4327 6248
93 4310 6265
94 4311 6264
95 4311 6264
96 4310 6265
97 4325 6250
98 4327 6248
99 4334 6241
100 4349 6226
101 4325 6250
102 4330 6245
103 4317 6258
104 4322 6253
105 4294 6281
106 4294 6281
107 4269 6306
108 4250 6325
109 4217 6358
110 4223 6352
111 4239 6336
112 4247 6328
113 4252 6323
114 4259 6316
115 4246 6329
116 4265 6310
117 4267 6308
118 4279 6296
119 4273 6302
120 4292 6283
121 4280 6295
122 4274 6301
123 4252 6323
124 4255 6320
125 4236 6339
126 4222 6353
127 4240 6335
128 4226 6349
129 4245 6330
130 4262 6313
131 4250 6325
132 4231 6344
133 4203 6372
134 4192 6383
135 4223 6352
136 4232 6343
137 4230 6345
138 4181 6394
139 4197 6378
140 4194 6381
141 4220 6355
142 4236 6339
143 4204 6371
144 4240 6335
145 4239 6336
146 4236 6339
147 4269 6306
148 4259 6316
149 4250 6325
150 4258 6317
151 4266 6309
152 4262 6313
153 4257 6318
154 4261 6314
155 4281 6294
156 4283 6292
157 4287 6288
158 4320 6255
159 4347 6228
160 4358 6217
161 4370 6205
162 4358 6217
163 4390 6185
164 4367 6208
165 4362 6213
166 4358 6217
167 4383 6192
168 4368 6207
169 4387 6188
170 4376 6199
171 4376 6199
172 4397 6178
173 4354 6221
174 4368 6207
175 4362 6213
176 4366 6209
177 4367 6208
178 4379 6196
179 4366 6209
180 4393 6182
181 4394 6181
182 4408 6167
183 4437 6138
184 4442 6133
185 4454 6121
186 4454 6121
187 4492 6083
188 4514 6061
189 4551 6024
190 4545 6030
191 4528 6047
192 4549 6026
193 4537 6038
194 4508 6067
195 4507 6068
196 4500 6075
197 4518 6057
198 4512 6063
199 4514 6061
200 4518 6057
201 4537 6038
202 4542 6033
203 4565 6010
204 4557 6018
205 4533 6042
206 4519 6056
207 4522 6053
208 4539 6036
209 4535 6040
210 4516 6059
211 4523 6052
212 4523 6052
213 4517 6058
214 4523 6052
215 4531 6044
216 4522 6053
217 4527 6048
218 4551 6024
219 4554 6021
220 4555 6020
221 4566 6009
222 4558 6017
223 4562 6013
224 4577 5998
225 4558 6017
226 4557 6018
227 4543 6032
228 4536 6039
229 4550 6025
230 4588 5987
231 4586 5989
232 4568 6007
233 4555 6020
234 4527 6048
235 4533 6042
236 4509 6066
237 4496 6079
238 4494 6081
239 4481 6094
240 4465 6110
241 4445 6130
242 4461 6114
243 4432 6143
244 4478 6097
245 4466 6109
246 4447 6128
247 4448 6127
248 4457 6118
249 4471 6104
250 4460 6115
251 4479 6096
252 4491 6084
253 4473 6102
254 4469 6106
255 4469 6106
256 4490 6085
257 4503 6072
258 4502 6073
259 4500 6075
260 4493 6082
261 4531 6044
262 4536 6039
263 4538 6037
264 4531 6044
265 4545 6030
266 4528 6047
267 4527 6048
268 4513 6062
269 4503 6072
270 4522 6053
271 4528 6047
272 4507 6068
273 4522 6053
274 4537 6038
275 4541 6034
276 4559 6016
277 4560 6015
278 4548 6027
279 4514 6061
280 4508 6067
281 4531 6044
282 4531 6044
283 4506 6069
284 4512 6063
285 4523 6052
286 4502 6073
287 4486 6089
288 4464 6111
289 4479 6096
290 4492 6083
291 4492 6083
292 4501 6074
293 4479 6096
294 4450 6125
295 4457 6118
296 4463 6112
297 4479 6096
298 4468 6107
299 4482 6093
300 4495 6080
301 4486 6089
302 4479 6096
303 4474 6101
304 4468 6107
305 4458 6117
306 4470 6105
307 4475 6100
308 4489 6086
309 4466 6109
310 4465 6110
311 4491 6084
312 4505 6070
313 4505 6070
314 4466 6109
315 4466 6109
316 4442 6133
317 4463 6112
318 4458 6117
319 4438 6137
320 4443 6132
321 4445 6130
322 4441 6134
323 4443 6132
324 4420 6155
325 4423 6152
326 4435 6140
327 4405 6170
328 4409 6166
329 4449 6126
330 4450 6125
331 4460 6115
332 4467 6108
333 4456 6119
334 4454 6121
335 4457 6118
336 4499 6076
337 4490 6085
338 4475 6100
339 4483 6092
340 4456 6119
341 4481 6094
342 4465 6110
343 4460 6115
344 4474 6101
345 4478 6097
346 4447 6128
347 4439 6136
348 4444 6131
349 4438 6137
350 4415 6160
351 4420 6155
352 4448 6127
353 4472 6103
354 4475 6100
355 4489 6086
356 4502 6073
357 4515 6060
358 4515 6060
359 4521 6054
360 4495 6080
361 4512 6063
362 4519 6056
363 4536 6039
364 4525 6050
365 4548 6027
366 4575 6000
367 4530 6045
368 4551 6024
369 4557 6018
370 4575 6000
371 4583 5992
372 4596 5979
373 4553 6022
374 4574 6001
375 4603 5972
376 4615 5960
377 4612 5963
378 4631 5944
379 4644 5931
380 4674 5901
381 4670 5905
382 4693 5882
383 4725 5850
384 4723 5852
385 4723 5852
386 4747 5828
387 4716 5859
388 4709 5866
389 4739 5836
390 4728 5847
391 4690 5885
392 4675 5900
393 4678 5897
394 4684 5891
395 4695 5880
396 4690 5885
397 4664 5911
398 4660 5915
399 4686 5889
400 4696 5879
401 4688 5887
402 4702 5873
403 4714 5861
404 4728 5847
405 4721 5854
406 4738 5837
407 4754 5821
408 4714 5861
409 4702 5873
410 4706 5869
411 4717 5858
412 4681 5894
413 4675 5900
414 4701 5874
415 4689 5886
416 4691 5884
417 4687 5888
418 4687 5888
419 4639 5936
420 4634 5941
421 4644 5931
422 4608 5967
423 4623 5952
424 4617 5958
425 4643 5932
426 4628 5947
427 4638 5937
428 4630 5945
429 4635 5940
430 4618 5957
431 4613 5962
432 4636 5939
433 4645 5930
434 4668 5907
435 4652 5923
436 4684 5891
437 4691 5884
438 4680 5895
439 4683 5892
440 4659 5916
441 4666 5909
442 4673 5902
443 4685 5890
444 4705 5870
445 4682 5893
446 4686 5889
447 4710 5865
448 4691 5884
449 4702 5873
450 4693 5882
451 4690 5885
452 4680 5895
453 4698 5877
454 4680 5895
455 4691 5884
456 4662 5913
457 4674 5901
458 4647 5928
459 4659 5916
460 4685 5890
461 4678 5897
462 4679 5896
463 4671 5904
464 4661 5914
465 4664 5911
466 4670 5905
467 4630 5945
468 4625 5950
469 4631 5944
470 4602 5973
471 4600 5975
472 4620 5955
473 4624 5951
474 4586 5989
475 4574 6001
476 4588 5987
477 4592 5983
478 4603 5972
479 4601 5974
480 4580 5995
481 4616 5959
482 4619 5956
483 4614 5961
484 4598 5977
485 4590 5985
486 4591 5984
487 4596 5979
488 4610 5965
489 4601 5974
490 4624 5951
491 4661 5914
492 4682 5893
493 4677 5898
494 4680 5895
495 4669 5906
496 4681 5894
497 4687 5888
498 4675 5900
499 4685 5890
500 4649 5926
501 4645 5930
502 4643 5932
503 4638 5937
504 4637 5938
505 4643 5932
506 4651 5924
507 4670 5905
508 4678 5897
509 4648 5927
510 4626 5949
511 4632 5943
512 4620 5955
513 4643 5932
514 4628 5947
515 4595 5980
516 4577 5998
517 4599 5976
518 4599 5976
519 4605 5970
520 4616 5959
521 4625 5950
522 4591 5984
523 4607 5968
524 4575 6000
525 4603 5972
526 4611 5964
527 4644 5931
528 4624 5951
529 4591 5984
530 4574 6001
531 4631 5944
532 4634 5941
533 4635 5940
534 4622 5953
535 4622 5953
536 4598 5977
537 4593 5982
538 4578 5997
539 4571 6004
540 4597 5978
541 4605 5970
542 4589 5986
543 4572 6003
544 4604 5971
545 4639 5936
546 4648 5927
547 4657 5918
548 4644 5931
549 4623 5952
550 4616 5959
551 4643 5932
552 4655 5920
553 4626 5949
554 4622 5953
555 4639 5936
556 4629 5946
557 4654 5921
558 4639 5936
559 4643 5932
560 4659 5916
561 4643 5932
562 4676 5899
563 4678 5897
564 4686 5889
565 4690 5885
566 4680 5895
567 4714 5861
568 4710 5865
569 4703 5872
570 4713 5862
571 4692 5883
572 4689 5886
573 4676 5899
574 4700 5875
575 4716 5859
576 4698 5877
577 4701 5874
578 4691 5884
579 4705 5870
580 4720 5855
581 4713 5862
582 4721 5854
583 4747 5828
584 4730 5845
585 4738 5837
586 4724 5851
587 4726 5849
588 4741 5834
589 4749 5826
590 4767 5808
591 4773 5802
592 4813 5762
593 4787 5788
594 4786 5789
595 4778 5797
596 4769 5806
597 4749 5826
598 4725 5850
599 4730 5845
600 4723 5852
601 4718 5857
602 4710 5865
603 4695 5880
604 4703 5872
605 4706 5869
606 4732 5843
607 4728 5847
608 4720 5855
609 4719 5856
610 4750 5825
611 4746 5829
612 4744 5831
613 4755 5820
614 4767 5808
615 4756 5819
616 4745 5830
617 4730 5845
618 4734 5841
619 4755 5820
620 4783 5792
621 4788 5787
622 4768 5807
623 4767 5808
624 4749 5826
625 4745 5830
626 4727 5848
627 4736 5839
628 4751 5824
629 4755 5820
630 4781 5794
631 4781 5794
632 4794 5781
633 4775 5800
634 4771 5804
635 4734 5841
636 4717 5858
637 4732 5843
638 4742 5833
639 4748 5827
640 4735 5840
641 4747 5828
642 4752 5823
643 4749 5826
644 4754 5821
645 4728 5847
646 4720 5855
647 4731 5844
648 4716 5859
649 4718 5857
650 4711 5864
651 4696 5879
652 4669 5906
653 4678 5897
654 4672 5903
655 4706 5869
656 4702 5873
657 4671 5904
658 4688 5887
659 4705 5870
660 4707 5868
661 4733 5842
662 4730 5845
663 4754 5821
664 4769 5806
665 4738 5837
666 4761 5814
667 4760 5815
668 4751 5824
669 4753 5822
670 4730 5845
671 4757 5818
672 4719 5856
673 4712 5863
674 4714 5861
675 4717 5858
676 4717 5858
677 4713 5862
678 4697 5878
679 4708 5867
680 4689 5886
681 4687 5888
682 4689 5886
683 4676 5899
684 4680 5895
685 4681 5894
686 4686 5889
687 4685 5890
688 4693 5882
689 4707 5868
690 4698 5877
691 4683 5892
692 4670 5905
693 4661 5914
694 4635 5940
695 4646 5929
696 4675 5900
697 4671 5904
698 4658 5917
699 4656 5919
700 4677 5898
701 4678 5897
702 4703 5872
703 4717 5858
704 4716 5859
705 4713 5862
706 4722 5853
707 4710 5865
708 4721 5854
709 4699 5876
710 4707 5868
711 4731 5844
712 4701 5874
713 4704 5871
714 4712 5863
715 4704 5871
716 4675 5900
717 4671 5904
718 4666 5909
719 4662 5913
720 4681 5894
721 4671 5904
722 4665 5910
723 4643 5932
724 4652 5923
725 4658 5917
726 4668 5907
727 4676 5899
728 4701 5874
729 4690 5885
730 4687 5888
731 4678 5897
732 4644 5931
733 4640 5935
734 4618 5957
735 4620 5955
736 4625 5950
737 4634 5941
738 4630 5945
739 4635 5940
740 4639 5936
741 4633 5942
742 4654 5921
743 4665 5910
744 4672 5903
745 4696 5879
746 4718 5857
747 4740 5835
748 4728 5847
749 4724 5851
750 4740 5835
751 4772 5803
752 4781 5794
753 4780 5795
754 4763 5812
755 4749 5826
756 4771 5804
757 4769 5806
758 4753 5822
759 4735 5840
760 4723 5852
761 4729 5846
762 4726 5849
763 4749 5826
764 4749 5826
765 4769 5806
766 4772 5803
767 4803 5772
768 4802 5773
769 4829 5746
770 4842 5733
771 4852 5723
772 4845 5730
773 4845 5730
774 4825 5750
775 4813 5762
776 4809 5766
777 4799 5776
778 4779 5796
779 4817 5758
780 4793 5782
781 4799 5776
782 4812 5763
783 4797 5778
784 4775 5800
785 4778 5797
786 4779 5796
787 4769 5806
788 4773 5802
789 4804 5771
790 4817 5758
791 4825 5750
792 4806 5769
793 4821 5754
794 4844 5731
795 4833 5742
796 4853 5722
797 4884 5691
798 4849 5726
799 4823 5752
800 4826 5749
801 4824 5751
802 4834 5741
803 4844 5731
804 4833 5742
805 4859 5716
806 4851 5724
807 4841 5734
808 4848 5727
809 4833 5742
810 4851 5724
811 4862 5713
812 4875 5700
813 4868 5707
814 4860 5715
815 4856 5719
816 4816 5759
817 4814 5761
818 4804 5771
819 4798 5777
820 4792 5783
821 4800 5775
822 4817 5758
823 4809 5766
824 4831 5744
825 4836 5739
826 4827 5748
827 4822 5753
828 4844 5731
829 4851 5724
830 4833 5742
831 4829 5746
832 4820 5755
833 4832 5743
834 4836 5739
835 4854 5721
836 4826 5749
837 4830 5745
838 4838 5737
839 4841 5734
840 4840 5735
841 4831 5744
842 4814 5761
843 4812 5763
844 4827 5748
845 4837 5738
846 4842 5733
847 4830 5745
848 4820 5755
849 4825 5750
850 4822 5753
851 4845 5730
852 4847 5728
853 4818 5757
854 4793 5782
855 4796 5779
856 4777 5798
857 4763 5812
858 4737 5838
859 4739 5836
860 4741 5834
861 4763 5812
862 4750 5825
863 4765 5810
864 4784 5791
865 4748 5827
866 4732 5843
867 4740 5835
868 4725 5850
869 4704 5871
870 4712 5863
871 4697 5878
872 4718 5857
873 4708 5867
874 4683 5892
875 4689 5886
876 4695 5880
877 4693 5882
878 4693 5882
879 4715 5860
880 4714 5861
881 4718 5857
882 4741 5834
883 4759 5816
884 4773 5802
885 4776 5799
886 4730 5845
887 4724 5851
888 4725 5850
889 4756 5819
890 4720 5855
891 4736 5839
892 4759 5816
893 4761 5814
894 4756 5819
895 4751 5824
896 4734 5841
897 4728 5847
898 4730 5845
899 4757 5818
900 4763 5812
901 4769 5806
902 4732 5843
903 4735 5840
904 4763 5812
905 4757 5818
906 4748 5827
907 4716 5859
908 4712 5863
909 4723 5852
910 4724 5851
911 4725 5850
912 4737 5838
913 4752 5823
914 4773 5802
915 4758 5817
916 4773 5802
917 4783 5792
918 4774 5801
919 4754 5821
920 4769 5806
921 4754 5821
922 4743 5832
923 4736 5839
924 4769 5806
925 4751 5824
926 4750 5825
927 4762 5813
928 4744 5831
929 4737 5838
930 4747 5828
931 4756 5819
932 4740 5835
933 4719 5856
934 4713 5862
935 4724 5851
936 4710 5865
937 4678 5897
938 4692 5883
939 4695 5880
940 4714 5861
941 4708 5867
942 4728 5847
943 4709 5866
944 4719 5856
945 4725 5850
946 4740 5835
947 4762 5813
948 4753 5822
949 4760 5815
950 4738 5837
951 4714 5861
952 4715 5860
953 4690 5885
954 4692 5883
955 4718 5857
956 4724 5851
957 4718 5857
958 4731 5844
959 4754 5821
960 4744 5831
961 4761 5814
962 4742 5833
963 4745 5830
964 4734 5841
965 4762 5813
966 4755 5820
967 4772 5803
968 4789 5786
969 4826 5749
970 4827 5748
971 4829 5746
972 4808 5767
973 4806 5769
974 4780 5795
975 4822 5753
976 4838 5737
977 4842 5733
978 4856 5719
979 4865 5710
980 4881 5694
981 4901 5674
982 4895 5680
983 4875 5700
984 4880 5695
985 4881 5694
986 4897 5678
987 4910 5665
988 4891 5684
989 4885 5690
990 4868 5707
991 4881 5694
992 4873 5702
993 4885 5690
994 4869 5706
995 4883 5692
996 4879 5696
997 4892 5683
998 4901 5674
999 4918 5657
1000 4933 5642
1001 4951 5624
1002 4964 5611
1003 4942 5633
1004 4963 5612
1005 4975 5600
1006 4968 5607
1007 4979 5596
1008 4987 5588
1009 4992 5583
1010 5011 5564
1011 5018 5557
1012 5008 5567
1013 4986 5589
1014 4975 5600
1015 4968 5607
1016 4951 5624
1017 4920 5655
1018 4926 5649
1019 4934 5641
1020 4922 5653
1021 4919 5656
1022 4923 5652
1023 4926 5649
1024 4939 5636
1025 4930 5645
1026 4937 5638
1027 4943 5632
1028 4918 5657
1029 4895 5680
1030 4916 5659
1031 4933 5642
1032 4932 5643
1033 4925 5650
1034 4901 5674
1035 4902 5673
1036 4886 5689
1037 4883 5692
1038 4871 5704
1039 4864 5711
1040 4875 5700
1041 4871 5704
1042 4844 5731
1043 4862 5713
1044 4886 5689
1045 4869 5706
1046 4882 5693
1047 4865 5710
1048 4874 5701
1049 4877 5698
1050 4870 5705
1051 4849 5726
1052 4864 5711
1053 4870 5705
1054 4846 5729
1055 4854 5721
1056 4850 5725
1057 4880 5695
1058 4880 5695
1059 4878 5697
1060 4885 5690
1061 4885 5690
1062 4867 5708
1063 4891 5684
1064 4905 5670
1065 4911 5664
1066 4922 5653
1067 4916 5659
1068 4921 5654
1069 4894 5681
1070 4899 5676
1071 4905 5670
1072 4904 5671
1073 4902 5673
1074 4882 5693
1075 4892 5683
1076 4898 5677
1077 4906 5669
1078 4916 5659
1079 4912 5663
1080 4911 5664
1081 4883 5692
1082 4885 5690
1083 4897 5678
1084 4904 5671
1085 4881 5694
1086 4864 5711
1087 4893 5682
1088 4884 5691
1089 4877 5698
1090 4873 5702
1091 4865 5710
1092 4859 5716
1093 4857 5718
1094 4863 5712
1095 4891 5684
1096 4869 5706
1097 4859 5716
1098 4832 5743
1099 4823 5752
1100 4821 5754
1101 4851 5724
1102 4847 5728
1103 4857 5718
1104 4866 5709
1105 4872 5703
1106 4838 5737
1107 4845 5730
1108 4840 5735
1109 4834 5741
1110 4813 5762
1111 4797 5778
1112 4797 5778
1113 4781 5794
1114 4775 5800
1115 4790 5785
1116 4799 5776
1117 4804 5771
1118 4793 5782
1119 4801 5774
1120 4782 5793
1121 4760 5815
1122 4765 5810
1123 4757 5818
1124 4766 5809
1125 4784 5791
1126 4788 5787
1127 4781 5794
1128 4791 5784
1129 4783 5792
1130 4765 5810
1131 4772 5803
1132 4793 5782
1133 4782 5793
1134 4799 5776
1135 4775 5800
1136 4783 5792
1137 4774 5801
1138 4750 5825
1139 4747 5828
1140 4746 5829
1141 4768 5807
1142 4766 5809
1143 4769 5806
1144 4769 5806
1145 4780 5795
1146 4756 5819
1147 4758 5817
1148 4753 5822
1149 4757 5818
1150 4729 5846
1151 4708 5867
1152 4705 5870
1153 4705 5870
1154 4697 5878
1155 4701 5874
1156 4671 5904
1157 4705 5870
1158 4687 5888
1159 4716 5859
1160 4717 5858
1161 4700 5875
1162 4688 5887
1163 4691 5884
1164 4727 5848
1165 4731 5844
1166 4746 5829
1167 4749 5826
1168 4753 5822
1169 4736 5839
1170 4720 5855
1171 4721 5854
1172 4752 5823
1173 4757 5818
1174 4761 5814
1175 4771 5804
1176 4781 5794
1177 4784 5791
1178 4779 5796
1179 4789 5786
1180 4785 5790
1181 4776 5799
1182 4799 5776
1183 4785 5790
1184 4771 5804
1185 4780 5795
1186 4773 5802
1187 4795 5780
1188 4813 5762
1189 4798 5777
1190 4777 5798
1191 4779 5796
1192 4780 5795
1193 4781 5794
1194 4754 5821
1195 4752 5823
1196 4755 5820
1197 4750 5825
1198 4727 5848
1199 4735 5840
1200 4736 5839
1201 4728 5847
1202 4722 5853
1203 4726 5849
1204 4720 5855
1205 4709 5866
1206 4729 5846
1207 4728 5847
1208 4744 5831
1209 4720 5855
1210 4697 5878
1211 4729 5846
1212 4721 5854
1213 4723 5852
1214 4706 5869
1215 4720 5855
1216 4726 5849
1217 4715 5860
1218 4737 5838
1219 4738 5837
1220 4714 5861
1221 4705 5870
1222 4694 5881
1223 4690 5885
1224 4679 5896
1225 4658 5917
1226 4656 5919
1227 4673 5902
1228 4661 5914
1229 4654 5921
1230 4635 5940
1231 4627 5948
1232 4683 5892
1233 4678 5897
1234 4687 5888
1235 4657 5918
1236 4658 5917
1237 4637 5938
1238 4644 5931
1239 4680 5895
1240 4672 5903
1241 4674 5901
1242 4684 5891
1243 4689 5886
1244 4654 5921
1245 4680 5895
1246 4698 5877
1247 4716 5859
1248 4736 5839
1249 4734 5841
1250 4730 5845
1251 4718 5857
1252 4700 5875
1253 4716 5859
1254 4695 5880
1255 4691 5884
1256 4696 5879
1257 4692 5883
1258 4672 5903
1259 4658 5917
1260 4653 5922
1261 4640 5935
1262 4653 5922
1263 4664 5911
1264 4655 5920
1265 4666 5909
1266 4671 5904
1267 4663 5912
1268 4649 5926
1269 4654 5921
1270 4684 5891
1271 4681 5894
1272 4676 5899
1273 4695 5880
1274 4700 5875
1275 4684 5891
1276 4690 5885
1277 4662 5913
1278 4669 5906
1279 4692 5883
1280 4665 5910
1281 4678 5897
1282 4670 5905
1283 4683 5892
1284 4687 5888
1285 4700 5875
1286 4671 5904
1287 4638 5937
1288 4629 5946
1289 4642 5933
1290 4633 5942
1291 4621 5954
1292 4645 5930
1293 4638 5937
1294 4682 5893
1295 4680 5895
1296 4686 5889
1297 4686 5889
1298 4688 5887
1299 4668 5907
1300 4674 5901
1301 4651 5924
1302 4656 5919
1303 4686 5889
1304 4662 5913
1305 4665 5910
1306 4688 5887
1307 4682 5893
1308 4673 5902
1309 4669 5906
1310 4675 5900
1311 4684 5891
1312 4691 5884
1313 4685 5890
1314 4685 5890
1315 4684 5891
1316 4672 5903
1317 4652 5923
1318 4629 5946
1319 4602 5973
1320 4610 5965
1321 4604 5971
1322 4614 5961
1323 4598 5977
1324 4597 5978
1325 4577 5998
1326 4584 5991
1327 4586 5989
1328 4591 5984
1329 4591 5984
1330 4598 5977
1331 4604 5971
1332 4595 5980
1333 4603 5972
1334 4587 5988
1335 4610 5965
1336 4600 5975
1337 4628 5947
1338 4646 5929
1339 4630 5945
1340 4616 5959
1341 4608 5967
1342 4619 5956
1343 4646 5929
1344 4652 5923
1345 4652 5923
1346 4663 5912
1347 4652 5923
1348 4672 5903
1349 4632 5943
1350 4643 5932
1351 4661 5914
1352 4666 5909
1353 4664 5911
1354 4659 5916
1355 4665 5910
1356 4657 5918
1357 4656 5919
1358 4635 5940
1359 4616 5959
1360 4662 5913
1361 4671 5904
1362 4657 5918
1363 4651 5924
1364 4663 5912
1365 4654 5921
1366 4647 5928
1367 4666 5909
1368 4635 5940
1369 4628 5947
1370 4617 5958
1371 4607 5968
1372 4626 5949
1373 4597 5978
1374 4577 5998
1375 4583 5992
1376 4580 5995
1377 4584 5991
1378 4570 6005
1379 4584 5991
1380 4567 6008
1381 4548 6027
1382 4550 6025
1383 4538 6037
1384 4555 6020
1385 4561 6014
1386 4559 6016
1387 4542 6033
1388 4533 6042
1389 4535 6040
1390 4544 6031
1391 4539 6036
1392 4549 6026
1393 4533 6042
1394 4507 6068
1395 4501 6074
1396 4485 6090
1397 4523 6052
1398 4545 6030
1399 4546 6029
1400 4571 6004
1401 4568 6007
1402 4566 6009
1403 4593 5982
1404 4572 6003
1405 4579 5996
1406 4598 5977
1407 4593 5982
1408 4592 5983
1409 4595 5980
1410 4592 5983
1411 4592 5983
1412 4593 5982
1413 4582 5993
1414 4533 6042
1415 4546 6029
1416 4561 6014
1417 4557 6018
1418 4570 6005
1419 4578 5997
1420 4575 6000
1421 4583 5992
1422 4576 5999
1423 4586 5989
1424 4598 5977
1425 4603 5972
1426 4562 6013
1427 4563 6012
1428 4554 6021
1429 4559 6016
1430 4573 6002
1431 4557 6018
1432 4555 6020
1433 4566 6009
1434 4577 5998
1435 4551 6024
1436 4549 6026
1437 4561 6014
1438 4572 6003
1439 4551 6024
1440 4555 6020
1441 4544 6031
1442 4546 6029
1443 4556 6019
1444 4558 6017
1445 4543 6032
1446 4544 6031
1447 4531 6044
1448 4542 6033
1449 4556 6019
1450 4562 6013
1451 4558 6017
1452 4547 6028
1453 4567 6008
1454 4533 6042
1455 4541 6034
1456 4550 6025
1457 4553 6022
1458 4586 5989
1459 4551 6024
1460 4548 6027
1461 4538 6037
1462 4520 6055
1463 4525 6050
1464 4544 6031
1465 4558 6017
1466 4545 6030
1467 4536 6039
1468 4548 6027
1469 4547 6028
1470 4556 6019
1471 4555 6020
1472 4520 6055
1473 4525 6050
1474 4540 6035
1475 4523 6052
1476 4492 6083
1477 4507 6068
1478 4508 6067
1479 4556 6019
1480 4570 6005
1481 4559 6016
1482 4570 6005
1483 4560 6015
1484 4570 6005
1485 4600 5975
1486 4586 5989
1487 4573 6002
1488 4557 6018
1489 4564 6011
1490 4550 6025
1491 4528 6047
1492 4529 6046
1493 4512 6063
1494 4513 6062
1495 4492 6083
1496 4496 6079
1497 4465 6110
1498 4477 6098
1499 4495 6080
1500 4474 6101
1501 4493 6082
1502 4502 6073
1503 4481 6094
1504 4464 6111
1505 4460 6115
1506 4483 6092
1507 4482 6093
1508 4502 6073
1509 4505 6070
1510 4502 6073
1511 4523 6052
1512 4508 6067
1513 4519 6056
1514 4533 6042
1515 4525 6050
1516 4518 6057
1517 4493 6082
1518 4518 6057
1519 4530 6045
1520 4522 6053
1521 4547 6028
1522 4511 6064
1523 4494 6081
1524 4487 6088
1525 4495 6080
1526 4501 6074
1527 4498 6077
1528 4499 6076
1529 4488 6087
1530 4476 6099
1531 4489 6086
1532 4481 6094
1533 4480 6095
1534 4507 6068
1535 4544 6031
1536 4533 6042
1537 4540 6035
1538 4526 6049
1539 4515 6060
1540 4504 6071
1541 4476 6099
1542 4492 6083
1543 4502 6073
1544 4470 6105
1545 4462 6113
1546 4481 6094
1547 4478 6097
1548 4472 6103
1549 4486 6089
1550 4494 6081
1551 4470 6105
1552 4476 6099
1553 4452 6123
1554 4473 6102
1555 4481 6094
1556 4484 6091
1557 4466 6109
1558 4467 6108
1559 4471 6104
1560 4458 6117
1561 4484 6091
1562 4475 6100
1563 4484 6091
1564 4478 6097
1565 4453 6122
1566 4466 6109
1567 4469 6106
1568 4474 6101
1569 4487 6088
1570 4516 6059
1571 4498 6077
1572 4480 6095
1573 4464 6111
1574 4482 6093
1575 4466 6109
1576 4451 6124
1577 4448 6127
1578 4462 6113
1579 4444 6131
1580 4450 6125
1581 4467 6108
1582 4450 6125
1583 4453 6122
1584 4452 6123
1585 4445 6130
1586 4431 6144
1587 4427 6148
1588 4435 6140
1589 4433 6142
1590 4434 6141
1591 4429 6146
1592 4435 6140
1593 4431 6144
1594 4437 6138
1595 4429 6146
1596 4412 6163
1597 4423 6152
1598 4425 6150
1599 4438 6137
1600 4445 6130
1601 4441 6134
1602 4440 6135
1603 4425 6150
1604 4422 6153
1605 4439 6136
1606 4442 6133
1607 4452 6123
1608 4448 6127
1609 4450 6125
1610 4457 6118
1611 4478 6097
1612 4503 6072
1613 4486 6089
1614 4469 6106
1615 4485 6090
1616 4483 6092
1617 4483 6092
1618 4504 6071
1619 4510 6065
1620 4515 6060
1621 4506 6069
1622 4508 6067
1623 4507 6068
1624 4510 6065
1625 4512 6063
1626 4502 6073
1627 4481 6094
1628 4480 6095
1629 4468 6107
1630 4486 6089
1631 4490 6085
1632 4432 6143
1633 4441 6134
1634 4457 6118
1635 4445 6130
1636 4430 6145
1637 4415 6160
1638 4396 6179
1639 4397 6178
1640 4404 6171
1641 4380 6195
1642 4396 6179
1643 4406 6169
1644 4384 6191
1645 4417 6158
1646 4409 6166
1647 4423 6152
1648 4385 6190
1649 4409 6166
1650 4389 6186
1651 4388 6187
1652 4361 6214
1653 4363 6212
1654 4357 6218
1655 4394 6181
1656 4379 6196
1657 4364 6211
1658 4404 6171
1659 4398 6177
1660 4406 6169
1661 4425 6150
1662 4440 6135
1663 4434 6141
1664 4451 6124
1665 4445 6130
1666 4440 6135
1667 4436 6139
1668 4420 6155
1669 4426 6149
1670 4411 6164
1671 4404 6171
1672 4403 6172
1673 4432 6143
1674 4412 6163
1675 4407 6168
1676 4392 6183
1677 4414 6161
1678 4413 6162
1679 4406 6169
1680 4405 6170
1681 4398 6177
1682 4383 6192
1683 4352 6223
1684 4402 6173
1685 4404 6171
1686 4397 6178
1687 4400 6175
1688 4371 6204
1689 4399 6176
1690 4401 6174
1691 4405 6170
1692 4401 6174
1693 4430 6145
1694 4447 6128
1695 4427 6148
1696 4430 6145
1697 4394 6181
1698 4432 6143
1699 4423 6152
1700 4423 6152
1701 4409 6166
1702 4408 6167
1703 4415 6160
1704 4422 6153
1705 4419 6156
1706 4414 6161
1707 4408 6167
1708 4412 6163
1709 4434 6141
1710 4427 6148
1711 4433 6142
1712 4395 6180
1713 4380 6195
1714 4400 6175
1715 4386 6189
1716 4385 6190
1717 4385 6190
1718 4399 6176
1719 4394 6181
1720 4408 6167
1721 4425 6150
1722 4429 6146
1723 4432 6143
1724 4437 6138
1725 4413 6162
1726 4400 6175
1727 4401 6174
1728 4375 6200
1729 4377 6198
1730 4364 6211
1731 4381 6194
1732 4376 6199
1733 4371 6204
1734 4386 6189
1735 4395 6180
1736 4387 6188
1737 4408 6167
1738 4402 6173
1739 4398 6177
1740 4418 6157
1741 4423 6152
1742 4422 6153
1743 4424 6151
1744 4419 6156
1745 4455 6120
1746 4453 6122
1747 4482 6093
1748 4451 6124
1749 4416 6159
1750 4423 6152
1751 4408 6167
1752 4396 6179
1753 4397 6178
1754 4382 6193
1755 4376 6199
1756 4397 6178
1757 4421 6154
1758 4452 6123
1759 4434 6141
1760 4444 6131
1761 4447 6128
1762 4442 6133
1763 4456 6119
1764 4456 6119
1765 4458 6117
1766 4432 6143
1767 4426 6149
1768 4415 6160
1769 4403 6172
1770 4406 6169
1771 4420 6155
1772 4427 6148
1773 4407 6168
1774 4414 6161
1775 4411 6164
1776 4411 6164
1777 4425 6150
1778 4410 6165
1779 4392 6183
1780 4375 6200
1781 4374 6201
1782 4393 6182
1783 4362 6213
1784 4368 6207
1785 4381 6194
1786 4349 6226
1787 4365 6210
1788 4341 6234
1789 4317 6258
1790 4320 6255
1791 4315 6260
1792 4313 6262
1793 4291 6284
1794 4279 6296
1795 4273 6302
1796 4258 6317
1797 4298 6277
1798 4301 6274
1799 4287 6288
1800 4306 6269
1801 4300 6275
1802 4311 6264
1803 4314 6261
1804 4358 6217
1805 4330 6245
1806 4348 6227
1807 4332 6243
1808 4354 6221
1809 4342 6233
1810 4346 6229
1811 4351 6224
1812 4353 6222
1813 4350 6225
1814 4366 6209
1815 4348 6227
1816 4333 6242
1817 4346 6229
1818 4372 6203
1819 4389 6186
1820 4406 6169
1821 4421 6154
1822 4416 6159
1823 4444 6131
1824 4413 6162
1825 4387 6188
1826 4393 6182
1827 4398 6177
1828 4377 6198
1829 4386 6189
1830 4409 6166
1831 4406 6169
1832 4413 6162
1833 4426 6149
1834 4400 6175
1835 4442 6133
1836 4461 6114
1837 4447 6128
1838 4463 6112
1839 4454 6121
1840 4457 6118
1841 4453 6122
1842 4429 6146
1843 4424 6151
1844 4421 6154
1845 4426 6149
1846 4410 6165
1847 4431 6144
1848 4423 6152
1849 4387 6188
1850 4355 6220
1851 4372 6203
1852 4373 6202
1853 4378 6197
1854 4391 6184
1855 4381 6194
1856 4374 6201
1857 4362 6213
1858 4375 6200
1859 4376 6199
1860 4388 6187
1861 4418 6157
1862 4428 6147
1863 4412 6163
1864 4368 6207
1865 4380 6195
1866 4386 6189
1867 4377 6198
1868 4395 6180
1869 4392 6183
1870 4386 6189
1871 4401 6174
1872 4371 6204
1873 4383 6192
1874 4366 6209
1875 4374 6201
1876 4382 6193
1877 4356 6219
1878 4361 6214
1879 4388 6187
1880 4381 6194
1881 4366 6209
1882 4363 6212
1883 4388 6187
1884 4379 6196
1885 4345 6230
1886 4375 6200
1887 4386 6189
1888 4412 6163
1889 4393 6182
1890 4391 6184
1891 4399 6176
1892 4392 6183
1893 4395 6180
1894 4390 6185
1895 4394 6181
1896 4365 6210
1897 4346 6229
1898 4314 6261
1899 4368 6207
1900 4377 6198
1901 4396 6179
1902 4402 6173
1903 4399 6176
1904 4396 6179
1905 4414 6161
1906 4415 6160
1907 4421 6154
1908 4417 6158
1909 4400 6175
1910 4396 6179
1911 4380 6195
1912 4386 6189
1913 4371 6204
1914 4341 6234
1915 4344 6231
1916 4342 6233
1917 4319 6256
1918 4328 6247
1919 4332 6243
1920 4332 6243
1921 4320 6255
1922 4337 6238
1923 4349 6226
1924 4318 6257
1925 4307 6268
1926 4313 6262
1927 4279 6296
1928 4262 6313
1929 4293 6282
1930 4316 6259
1931 4328 6247
1932 4320 6255
1933 4363 6212
1934 4347 6228
1935 4349 6226
1936 4374 6201
1937 4396 6179
1938 4384 6191
1939 4390 6185
1940 4400 6175
1941 4377 6198
1942 4395 6180
1943 4427 6148
1944 4394 6181
1945 4388 6187
1946 4379 6196
1947 4396 6179
1948 4393 6182
1949 4387 6188
1950 4370 6205
1951 4370 6205
1952 4386 6189
1953 4359 6216
1954 4357 6218
1955 4370 6205
1956 4379 6196
1957 4372 6203
1958 4376 6199
1959 4346 6229
1960 4353 6222
1961 4379 6196
1962 4387 6188
1963 4406 6169
1964 4387 6188
1965 4430 6145
1966 4447 6128
1967 4446 6129
1968 4433 6142
1969 4432 6143
1970 4416 6159
1971 4424 6151
1972 4437 6138
1973 4457 6118
1974 4479 6096
1975 4440 6135
1976 4426 6149
1977 4444 6131
1978 4430 6145
1979 4420 6155
1980 4410 6165
1981 4397 6178
1982 4391 6184
1983 4374 6201
1984 4367 6208
1985 4360 6215
1986 4366 6209
1987 4371 6204
1988 4352 6223
1989 4382 6193
1990 4388 6187
1991 4411 6164
1992 4410 6165
1993 4415 6160
1994 4419 6156
1995 4412 6163
1996 4400 6175
1997 4389 6186
1998 4392 6183
1999 4369 6206
2000 4377 6198
2001 4370 6205
2002 4388 6187
2003 4392 6183
2004 4384 6191
2005 4377 6198
2006 4385 6190
2007 4377 6198
2008 4380 6195
2009 4385 6190
2010 4404 6171
2011 4373 6202
2012 4373 6202
2013 4381 6194
2014 4391 6184
2015 4401 6174
2016 4400 6175
2017 4384 6191
2018 4398 6177
2019 4399 6176
2020 4403 6172
2021 4402 6173
2022 4418 6157
2023 4425 6150
2024 4440 6135
2025 4453 6122
2026 4451 6124
2027 4447 6128
2028 4454 6121
2029 4461 6114
2030 4472 6103
2031 4436 6139
2032 4444 6131
2033 4434 6141
2034 4426 6149
2035 4429 6146
2036 4438 6137
2037 4446 6129
2038 4440 6135
2039 4404 6171
2040 4416 6159
2041 4420 6155
2042 4418 6157
2043 4407 6168
2044 4392 6183
2045 4429 6146
2046 4421 6154
2047 4405 6170
2048 4396 6179
2049 4387 6188
2050 4387 6188
2051 4368 6207
2052 4345 6230
2053 4366 6209
2054 4358 6217
2055 4371 6204
2056 4342 6233
2057 4349 6226
2058 4387 6188
2059 4378 6197
2060 4381 6194
2061 4367 6208
2062 4401 6174
2063 4402 6173
2064 4406 6169
2065 4395 6180
2066 4407 6168
2067 4413 6162
2068 4422 6153
2069 4439 6136
2070 4399 6176
2071 4403 6172
2072 4419 6156
2073 4442 6133
2074 4402 6173
2075 4401 6174
2076 4378 6197
2077 4376 6199
2078 4395 6180
2079 4398 6177
2080 4402 6173
2081 4417 6158
2082 4412 6163
2083 4403 6172
2084 4378 6197
2085 4366 6209
2086 4377 6198
2087 4382 6193
2088 4385 6190
2089 4374 6201
2090 4387 6188
2091 4377 6198
2092 4373 6202
2093 4377 6198
2094 4406 6169
2095 4389 6186
2096 4386 6189
2097 4399 6176
2098 4391 6184
2099 4396 6179
2100 4415 6160
2101 4394 6181
2102 4382 6193
2103 4375 6200
2104 4399 6176
2105 4374 6201
2106 4399 6176
2107 4408 6167
2108 4394 6181
2109 4358 6217
2110 4358 6217
2111 4374 6201
2112 4400 6175
2113 4416 6159
2114 4405 6170
2115 4418 6157
2116 4443 6132
2117 4433 6142
2118 4446 6129
2119 4457 6118
2120 4460 6115
2121 4440 6135
2122 4447 6128
2123 4435 6140
2124 4445 6130
2125 4426 6149
2126 4471 6104
2127 4451 6124
2128 4455 6120
2129 4467 6108
2130 4465 6110
2131 4466 6109
2132 4448 6127
2133 4429 6146
2134 4415 6160
2135 4419 6156
2136 4443 6132
2137 4442 6133
2138 4462 6113
2139 4454 6121
2140 4480 6095
2141 4469 6106
2142 4462 6113
2143 4438 6137
2144 4426 6149
2145 4440 6135
2146 4425 6150
2147 4432 6143
2148 4395 6180
2149 4396 6179
2150 4419 6156
2151 4402 6173
2152 4411 6164
2153 4411 6164
2154 4420 6155
2155 4442 6133
2156 4447 6128
2157 4407 6168
2158 4384 6191
2159 4390 6185
2160 4408 6167
2161 4355 6220
2162 4355 6220
2163 4342 6233
2164 4373 6202
2165 4362 6213
2166 4348 6227
2167 4369 6206
2168 4355 6220
2169 4339 6236
2170 4362 6213
2171 4377 6198
2172 4377 6198
2173 4361 6214
2174 4377 6198
2175 4378 6197
2176 4370 6205
2177 4367 6208
2178 4357 6218
2179 4333 6242
2180 4327 6248
2181 4314 6261
2182 4338 6237
2183 4359 6216
2184 4360 6215
2185 4364 6211
2186 4352 6223
2187 4365 6210
2188 4316 6259
2189 4323 6252
2190 4310 6265
2191 4339 6236
2192 4335 6240
2193 4341 6234
2194 4329 6246
2195 4323 6252
2196 4322 6253
2197 4322 6253
2198 4324 6251
2199 4314 6261
2200 4321 6254
2201 4314 6261
2202 4292 6283
2203 4287 6288
2204 4274 6301
2205 4291 6284
2206 4296 6279
2207 4318 6257
2208 4309 6266
2209 4313 6262
2210 4303 6272
2211 4283 6292
2212 4305 6270
2213 4293 6282
2214 4298 6277
2215 4313 6262
2216 4291 6284
2217 4285 6290
2218 4280 6295
2219 4288 6287
2220 4296 6279
2221 4290 6285
2222 4275 6300
2223 4296 6279
2224 4291 6284
2225 4289 6286
2226 4270 6305
2227 4280 6295
2228 4296 6279
2229 4283 6292
2230 4275 6300
2231 4297 6278
2232 4309 6266
2233 4293 6282
2234 4301 6274
2235 4286 6289
2236 4294 6281
2237 4324 6251
2238 4332 6243
2239 4336 6239
2240 4340 6235
2241 4341 6234
2242 4330 6245
2243 4335 6240
2244 4341 6234
2245 4345 6230
2246 4356 6219
2247 4368 6207
2248 4360 6215
2249 4348 6227
2250 4341 6234
2251 4343 6232
2252 4364 6211
2253 4347 6228
2254 4339 6236
2255 4345 6230
2256 4358 6217
2257 4333 6242
2258 4349 6226
2259 4333 6242
2260 4340 6235
2261 4326 6249
2262 4330 6245
2263 4313 6262
2264 4322 6253
2265 4306 6269
2266 4305 6270
2267 4331 6244
2268 4342 6233
2269 4322 6253
2270 4350 6225
2271 4360 6215
2272 4356 6219
2273 4353 6222
2274 4371 6204
2275 4341 6234
2276 4347 6228
2277 4351 6224
2278 4365 6210
2279 4378 6197
2280 4371 6204
2281 4351 6224
2282 4361 6214
2283 4363 6212
2284 4357 6218
2285 4357 6218
2286 4330 6245
2287 4315 6260
2288 4311 6264
2289 4304 6271
2290 4331 6244
2291 4312 6263
2292 4323 6252
2293 4344 6231
2294 4333 6242
2295 4322 6253
2296 4311 6264
2297 4300 6275
2298 4279 6296
2299 4310 6265
2300 4322 6253
2301 4343 6232
2302 4358 6217
2303 4367 6208
2304 4326 6249
2305 4324 6251
2306 4303 6272
2307 4305 6270
2308 4275 6300
2309 4280 6295
2310 4298 6277
2311 4290 6285
2312 4301 6274
2313 4305 6270
2314 4296 6279
2315 4306 6269
2316 4321 6254
2317 4326 6249
2318 4314 6261
2319 4317 6258
2320 4310 6265
2321 4323 6252
2322 4290 6285
2323 4290 6285
2324 4296 6279
2325 4271 6304
2326 4280 6295
2327 4269 6306
2328 4265 6310
2329 4264 6311
2330 4270 6305
2331 4256 6319
2332 4265 6310
2333 4278 6297
2334 4281 6294
2335 4305 6270
2336 4284 6291
2337 4285 6290
2338 4265 6310
2339 4283 6292
2340 4263 6312
2341 4283 6292
2342 4253 6322
2343 4238 6337
2344 4244 6331
2345 4251 6324
2346 4261 6314
2347 4254 6321
2348 4255 6320
2349 4251 6324
2350 4263 6312
2351 4243 6332
2352 4260 6315
2353 4278 6297
2354 4275 6300
2355 4273 6302
2356 4275 6300
2357 4301 6274
2358 4284 6291
2359 4291 6284
2360 4278 6297
2361 4301 6274
2362 4279 6296
2363 4312 6263
2364 4311 6264
2365 4263 6312
2366 4275 6300
2367 4267 6308
2368 4287 6288
2369 4314 6261
2370 4302 6273
2371 4300 6275
2372 4333 6242
2373 4310 6265
2374 4324 6251
2375 4316 6259
2376 4311 6264
2377 4315 6260
2378 4334 6241
2379 4342 6233
2380 4314 6261
2381 4297 6278
2382 4301 6274
2383 4312 6263
2384 4320 6255
2385 4328 6247
2386 4329 6246
2387 4300 6275
2388 4301 6274
2389 4300 6275
2390 4292 6283
2391 4307 6268
2392 4318 6257
2393 4314 6261
2394 4308 6267
2395 4294 6281
2396 4293 6282
2397 4298 6277
2398 4328 6247
2399 4308 6267
2400 4302 6273
2401 4302 6273
2402 4286 6289
2403 4301 6274
2404 4289 6286
2405 4290 6285
2406 4295 6280
2407 4291 6284
2408 4276 6299
2409 4285 6290
2410 4306 6269
2411 4328 6247
2412 4311 6264
2413 4330 6245
2414 4344 6231
2415 4353 6222
2416 4352 6223
2417 4347 6228
2418 4343 6232
2419 4338 6237
2420 4355 6220
2421 4356 6219
2422 4337 6238
2423 4345 6230
2424 4339 6236
2425 4331 6244
2426 4327 6248
2427 4293 6282
2428 4320 6255
2429 4338 6237
2430 4327 6248
2431 4322 6253
2432 4334 6241
2433 4345 6230
2434 4332 6243
2435 4318 6257
2436 4312 6263
2437 4330 6245
2438 4369 6206
2439 4347 6228
2440 4342 6233
2441 4364 6211
2442 4374 6201
2443 4346 6229
2444 4356 6219
2445 4358 6217
2446 4374 6201
2447 4384 6191
2448 4367 6208
2449 4356 6219
2450 4362 6213
2451 4335 6240
2452 4327 6248
2453 4334 6241
2454 4339 6236
2455 4328 6247
2456 4313 6262
2457 4343 6232
2458 4339 6236
2459 4323 6252
2460 4339 6236
2461 4329 6246
2462 4320 6255
2463 4304 6271
2464 4319 6256
2465 4320 6255
2466 4333 6242
2467 4318 6257
2468 4301 6274
2469 4309 6266
2470 4316 6259
2471 4327 6248
2472 4307 6268
2473 4329 6246
2474 4317 6258
2475 4339 6236
2476 4350 6225
2477 4355 6220
2478 4365 6210
2479 4365 6210
2480 4354 6221
2481 4379 6196
2482 4385 6190
2483 4396 6179
2484 4363 6212
2485 4383 6192
2486 4396 6179
2487 4366 6209
2488 4372 6203
2489 4395 6180
2490 4398 6177
2491 4367 6208
2492 4380 6195
2493 4373 6202
2494 4373 6202
2495 4387 6188
2496 4394 6181
2497 4361 6214
2498 4387 6188
2499 4368 6207
2500 4356 6219
2501 4383 6192
2502 4362 6213
2503 4386 6189
2504 4370 6205
2505 4366 6209
2506 4374 6201
2507 4396 6179
2508 4363 6212
2509 4338 6237
2510 4340 6235
2511 4310 6265
2512 4299 6276
2513 4320 6255
2514 4291 6284
2515 4308 6267
2516 4296 6279
2517 4301 6274
2518 4318 6257
2519 4311 6264
2520 4299 6276
2521 4318 6257
2522 4294 6281
2523 4334 6241
2524 4315 6260
2525 4358 6217
2526 4349 6226
2527 4340 6235
2528 4343 6232
2529 4322 6253
2530 4322 6253
2531 4350 6225
2532 4320 6255
2533 4338 6237
2534 4333 6242
2535 4321 6254
2536 4320 6255
2537 4332 6243
2538 4350 6225
2539 4341 6234
2540 4356 6219
2541 4350 6225
2542 4354 6221
2543 4352 6223
2544 4333 6242
2545 4344 6231
2546 4345 6230
2547 4347 6228
2548 4346 6229
2549 4336 6239
2550 4330 6245
2551 4352 6223
2552 4356 6219
2553 4374 6201
2554 4355 6220
2555 4362 6213
2556 4329 6246
2557 4335 6240
2558 4337 6238
2559 4337 6238
2560 4367 6208
2561 4369 6206
2562 4345 6230
2563 4292 6283
2564 4290 6285
2565 4278 6297
2566 4295 6280
2567 4309 6266
2568 4320 6255
2569 4328 6247
2570 4321 6254
2571 4325 6250
2572 4324 6251
2573 4322 6253
2574 4307 6268
2575 4314 6261
2576 4322 6253
2577 4305 6270
2578 4314 6261
2579 4300 6275
2580 4312 6263
2581 4325 6250
2582 4346 6229
2583 4338 6237
2584 4325 6250
2585 4339 6236
2586 4329 6246
2587 4343 6232
2588 4331 6244
2589 4320 6255
2590 4308 6267
2591 4306 6269
2592 4304 6271
2593 4302 6273
2594 4297 6278
2595 4295 6280
2596 4262 6313
2597 4283 6292
2598 4288 6287
2599 4300 6275
2600 4299 6276
2601 4306 6269
2602 4308 6267
2603 4322 6253
2604 4316 6259
2605 4309 6266
2606 4309 6266
2607 4283 6292
2608 4296 6279
2609 4311 6264
2610 4323 6252
2611 4320 6255
2612 4318 6257
2613 4345 6230
2614 4342 6233
2615 4327 6248
2616 4331 6244
2617 4337 6238
2618 4355 6220
2619 4347 6228
2620 4355 6220
2621 4319 6256
2622 4331 6244
2623 4338 6237
2624 4352 6223
2625 4365 6210
2626 4368 6207
2627 4365 6210
2628 4353 6222
2629 4377 6198
2630 4335 6240
2631 4351 6224
2632 4358 6217
2633 4353 6222
2634 4382 6193
2635 4381 6194
2636 4384 6191
2637 4379 6196
2638 4393 6182
2639 4379 6196
2640 4367 6208
2641 4372 6203
2642 4365 6210
2643 4361 6214
2644 4332 6243
2645 4365 6210
2646 4374 6201
2647 4379 6196
2648 4381 6194
2649 4357 6218
2650 4364 6211
2651 4371 6204
2652 4395 6180
2653 4383 6192
2654 4379 6196
2655 4381 6194
2656 4374 6201
2657 4374 6201
2658 4347 6228
2659 4327 6248
2660 4351 6224
2661 4346 6229
2662 4351 6224
2663 4377 6198
2664 4360 6215
2665 4347 6228
2666 4341 6234
2667 4343 6232
2668 4360 6215
2669 4366 6209
2670 4400 6175
2671 4410 6165
2672 4396 6179
2673 4360 6215
2674 4377 6198
2675 4356 6219
2676 4358 6217
2677 4370 6205
2678 4379 6196
2679 4357 6218
2680 4350 6225
2681 4365 6210
2682 4366 6209
2683 4387 6188
2684 4394 6181
2685 4376 6199
2686 4352 6223
2687 4362 6213
2688 4340 6235
2689 4344 6231
2690 4369 6206
2691 4367 6208
2692 4352 6223
2693 4349 6226
2694 4355 6220
2695 4352 6223
2696 4355 6220
2697 4372 6203
2698 4352 6223
2699 4349 6226
2700 4365 6210
2701 4356 6219
2702 4386 6189
2703 4365 6210
2704 4363 6212
2705 4370 6205
2706 4375 6200
2707 4372 6203
2708 4388 6187
2709 4365 6210
2710 4368 6207
2711 4349 6226
2712 4346 6229
2713 4359 6216
2714 4373 6202
2715 4367 6208
2716 4367 6208
2717 4365 6210
2718 4373 6202
2719 4379 6196
2720 4401 6174
2721 4394 6181
2722 4398 6177
2723 4398 6177
2724 4367 6208
2725 4356 6219
2726 4355 6220
2727 4327 6248
2728 4304 6271
2729 4315 6260
2730 4308 6267
2731 4337 6238
2732 4323 6252
2733 4313 6262
2734 4313 6262
2735 4316 6259
2736 4314 6261
2737 4344 6231
2738 4352 6223
2739 4368 6207
2740 4379 6196
2741 4375 6200
2742 4395 6180
2743 4378 6197
2744 4386 6189
2745 4372 6203
2746 4329 6246
2747 4325 6250
2748 4351 6224
2749 4360 6215
2750 4362 6213
2751 4342 6233
2752 4351 6224
2753 4360 6215
2754 4362 6213
2755 4383 6192
2756 4420 6155
2757 4412 6163
2758 4409 6166
2759 4381 6194
2760 4390 6185
2761 4378 6197
2762 4364 6211
2763 4374 6201
2764 4361 6214
2765 4361 6214
2766 4363 6212
2767 4359 6216
2768 4371 6204
2769 4345 6230
2770 4360 6215
2771 4346 6229
2772 4374 6201
2773 4359 6216
2774 4389 6186
2775 4401 6174
2776 4374 6201
2777 4378 6197
2778 4383 6192
2779 4354 6221
2780 4360 6215
2781 4375 6200
2782 4374 6201
2783 4346 6229
2784 4344 6231
2785 4352 6223
2786 4354 6221
2787 4350 6225
2788 4358 6217
2789 4345 6230
2790 4381 6194
2791 4386 6189
2792 4382 6193
2793 4367 6208
2794 4372 6203
2795 4378 6197
2796 4377 6198
2797 4375 6200
2798 4384 6191
2799 4375 6200
2800 4362 6213
2801 4361 6214
2802 4353 6222
2803 4371 6204
2804 4394 6181
2805 4375 6200
2806 4359 6216
2807 4338 6237
2808 4350 6225
2809 4371 6204
2810 4337 6238
2811 4328 6247
2812 4322 6253
2813 4322 6253
2814 4316 6259
2815 4318 6257
2816 4315 6260
2817 4336 6239
2818 4344 6231
2819 4337 6238
2820 4377 6198
2821 4372 6203
2822 4364 6211
2823 4375 6200
2824 4367 6208
2825 4325 6250
2826 4338 6237
2827 4346 6229
2828 4325 6250
2829 4338 6237
2830 4349 6226
2831 4330 6245
2832 4350 6225
2833 4335 6240
2834 4331 6244
2835 4328 6247
2836 4318 6257
2837 4338 6237
2838 4315 6260
2839 4315 6260
2840 4309 6266
2841 4312 6263
2842 4314 6261
2843 4331 6244
2844 4322 6253
2845 4322 6253
2846 4315 6260
2847 4326 6249
2848 4317 6258
2849 4290 6285
2850 4290 6285
2851 4294 6281
2852 4292 6283
2853 4281 6294
2854 4305 6270
2855 4287 6288
2856 4284 6291
2857 4302 6273
2858 4312 6263
2859 4291 6284
2860 4249 6326
2861 4232 6343
2862 4225 6350
2863 4243 6332
2864 4273 6302
2865 4287 6288
2866 4268 6307
2867 4287 6288
2868 4288 6287
2869 4285 6290
2870 4270 6305
2871 4292 6283
2872 4262 6313
2873 4261 6314
2874 4272 6303
2875 4266 6309
2876 4284 6291
2877 4287 6288
2878 4264 6311
2879 4300 6275
2880 4301 6274
2881 4297 6278
2882 4312 6263
2883 4301 6274
2884 4300 6275
2885 4306 6269
2886 4302 6273
2887 4320 6255
2888 4325 6250
2889 4336 6239
2890 4322 6253
2891 4313 6262
2892 4319 6256
2893 4312 6263
2894 4296 6279
2895 4296 6279
2896 4317 6258
2897 4306 6269
2898 4303 6272
2899 4285 6290
2900 4285 6290
2901 4284 6291
2902 4283 6292
2903 4264 6311
2904 4278 6297
2905 4289 6286
2906 4274 6301
2907 4265 6310
2908 4269 6306
2909 4263 6312
2910 4272 6303
2911 4273 6302
2912 4271 6304
2913 4286 6289
2914 4301 6274
2915 4281 6294
2916 4288 6287
2917 4304 6271
2918 4340 6235
2919 4354 6221
2920 4370 6205
2921 4365 6210
2922 4377 6198
2923 4337 6238
2924 4321 6254
2925 4337 6238
2926 4324 6251
2927 4310 6265
2928 4323 6252
2929 4354 6221
2930 4383 6192
2931 4360 6215
2932 4351 6224
2933 4345 6230
2934 4360 6215
2935 4382 6193
2936 4376 6199
2937 4347 6228
2938 4319 6256
2939 4325 6250
2940 4348 6227
2941 4323 6252
2942 4317 6258
2943 4305 6270
2944 4299 6276
2945 4331 6244
2946 4329 6246
2947 4310 6265
2948 4333 6242
2949 4332 6243
2950 4304 6271
2951 4281 6294
2952 4287 6288
2953 4261 6314
2954 4298 6277
2955 4311 6264
2956 4311 6264
2957 4308 6267
2958 4321 6254
2959 4356 6219
2960 4343 6232
2961 4351 6224
2962 4349 6226
2963 4343 6232
2964 4352 6223
2965 4351 6224
2966 4351 6224
2967 4360 6215
2968 4384 6191
2969 4398 6177
2970 4397 6178
2971 4391 6184
2972 4389 6186
2973 4399 6176
2974 4404 6171
2975 4393 6182
2976 4370 6205
2977 4381 6194
2978 4387 6188
2979 4390 6185
2980 4399 6176
2981 4388 6187
2982 4407 6168
2983 4399 6176
2984 4420 6155
2985 4419 6156
2986 4449 6126
2987 4440 6135
2988 4479 6096
2989 4463 6112
2990 4464 6111
2991 4430 6145
2992 4438 6137
2993 4436 6139
2994 4453 6122
2995 4454 6121
2996 4467 6108
2997 4486 6089
2998 4476 6099
2999 4459 6116
3000 4436 6139
