0 1979 195 0 0 0 0 0 0 0 0 0 0 0 0 0 0
1 11644 196 196 0 0 0 0 0 0 0 0 0 0 0 0 0
2 11644 196 196 0 0 0 0 0 0 0 0 0 0 0 0 0
3 11646 195 195 0 0 0 0 0 0 0 0 0 0 0 0 0
4 11644 196 196 0 0 0 0 0 0 0 0 0 0 0 0 0
5 11644 196 196 0 0 0 0 0 0 0 0 0 0 0 0 0
6 11642 197 197 0 0 0 0 0 0 0 0 0 0 0 0 0
7 11646 195 195 0 0 0 0 0 0 0 0 0 0 0 0 0
8 11646 195 195 0 0 0 0 0 0 0 0 0 0 0 0 0
9 11642 197 197 0 0 0 0 0 0 0 0 0 0 0 0 0
10 11642 197 197 0 0 0 0 0 0 0 0 0 0 0 0 0
11 11644 196 196 0 0 0 0 0 0 0 0 0 0 0 0 0
12 11638 199 199 0 0 0 0 0 0 0 0 0 0 0 0 0
13 11638 199 199 0 0 0 0 0 0 0 0 0 0 0 0 0
14 11638 199 199 0 0 0 0 0 0 0 0 0 0 0 0 0
15 11636 200 200 0 0 0 0 0 0 0 0 0 0 0 0 0
16 11636 200 200 0 0 0 0 0 0 0 0 0 0 0 0 0
17 11634 201 201 0 0 0 0 0 0 0 0 0 0 0 0 0
18 11634 201 201 0 0 0 0 0 0 0 0 0 0 0 0 0
19 11626 205 205 0 0 0 0 0 0 0 0 0 0 0 0 0
20 11628 204 204 0 0 0 0 0 0 0 0 0 0 0 0 0
21 11630 203 203 0 0 0 0 0 0 0 0 0 0 0 0 0
22 11632 202 202 0 0 0 0 0 0 0 0 0 0 0 0 0
23 11634 201 201 0 0 0 0 0 0 0 0 0 0 0 0 0
24 11636 200 200 0 0 0 0 0 0 0 0 0 0 0 0 0
25 11630 203 203 0 0 0 0 0 0 0 0 0 0 0 0 0
26 11624 206 206 0 0 0 0 0 0 0 0 0 0 0 0 0
27 11618 209 209 0 0 0 0 0 0 0 0 0 0 0 0 0
28 11613 211 211 1 0 0 0 0 0 0 0 0 0 0 0 0
29 11615 210 210 1 0 0 0 0 0 0 0 0 0 0 0 0
30 11613 211 211 1 0 0 0 0 0 0 0 0 0 0 0 0
31 11613 211 211 1 0 0 0 0 0 0 0 0 0 0 0 0
32 11611 212 212 1 0 0 0 0 0 0 0 0 0 0 0 0
33 11611 212 212 1 0 0 0 0 0 0 0 0 0 0 0 0
34 11609 213 213 1 0 0 0 0 0 0 0 0 0 0 0 0
35 11607 214 214 1 0 0 0 0 0 0 0 0 0 0 0 0
36 11610 212 212 2 0 0 0 0 0 0 0 0 0 0 0 0
37 11606 214 214 2 0 0 0 0 0 0 0 0 0 0 0 0
38 11600 217 217 2 0 0 0 0 0 0 0 0 0 0 0 0
39 11596 219 219 2 0 0 0 0 0 0 0 0 0 0 0 0
40 11592 221 221 2 0 0 0 0 0 0 0 0 0 0 0 0
41 11594 220 220 2 0 0 0 0 0 0 0 0 0 0 0 0
42 11586 224 224 2 0 0 0 0 0 0 0 0 0 0 0 0
43 11585 224 224 3 0 0 0 0 0 0 0 0 0 0 0 0
44 11579 227 227 3 0 0 0 0 0 0 0 0 0 0 0 0
45 11567 233 233 3 0 0 0 0 0 0 0 0 0 0 0 0
46 11555 239 239 3 0 0 0 0 0 0 0 0 0 0 0 0
47 11545 244 244 3 0 0 0 0 0 0 0 0 0 0 0 0
48 11529 251 251 5 0 0 0 0 0 0 0 0 0 0 0 0
49 11507 262 262 5 0 0 0 0 0 0 0 0 0 0 0 0
50 11497 267 267 5 0 0 0 0 0 0 0 0 0 0 0 0
51 11473 279 279 5 0 0 0 0 0 0 0 0 0 0 0 0
52 11464 283 283 6 0 0 0 0 0 0 0 0 0 0 0 0
53 11447 291 291 7 0 0 0 0 0 0 0 0 0 0 0 0
54 11433 298 298 7 0 0 0 0 0 0 0 0 0 0 0 0
55 11419 305 305 7 0 0 0 0 0 0 0 0 0 0 0 0
56 11407 311 311 7 0 0 0 0 0 0 0 0 0 0 0 0
57 11395 317 317 7 0 0 0 0 0 0 0 0 0 0 0 0
58 11381 324 324 7 0 0 0 0 0 0 0 0 0 0 0 0
59 11359 335 335 7 0 0 0 0 0 0 0 0 0 0 0 0
60 11345 342 342 7 0 0 0 0 0 0 0 0 0 0 0 0
61 11333 348 348 7 0 0 0 0 0 0 0 0 0 0 0 0
62 11322 353 353 8 0 0 0 0 0 0 0 0 0 0 0 0
63 11302 363 363 8 0 0 0 0 0 0 0 0 0 0 0 0
64 11285 371 371 9 0 0 0 0 0 0 0 0 0 0 0 0
65 11269 379 379 9 0 0 0 0 0 0 0 0 0 0 0 0
66 11245 391 391 9 0 0 0 0 0 0 0 0 0 0 0 0
67 11235 396 396 9 0 0 0 0 0 0 0 0 0 0 0 0
68 11226 400 400 10 0 0 0 0 0 0 0 0 0 0 0 0
69 11218 404 404 10 0 0 0 0 0 0 0 0 0 0 0 0
70 11193 416 416 11 0 0 0 0 0 0 0 0 0 0 0 0
71 11169 428 428 11 0 0 0 0 0 0 0 0 0 0 0 0
72 11152 436 436 12 0 0 0 0 0 0 0 0 0 0 0 0
73 11145 440 440 11 0 0 0 0 0 0 0 0 0 0 0 0
74 11127 449 449 11 0 0 0 0 0 0 0 0 0 0 0 0
75 11113 455 454 12 0 0 1 0 0 0 0 1 0 0 0 0
76 11101 461 460 12 0 0 1 0 0 0 0 1 0 0 0 0
77 11090 466 466 12 0 0 1 0 0 1 0 0 0 0 0 0
78 11070 474 474 16 0 0 1 0 0 1 0 0 0 0 0 0
79 11049 484 484 17 0 0 1 0 0 1 0 0 0 0 0 0
80 11031 493 493 17 0 0 1 0 0 1 0 0 0 0 0 0
81 11010 503 503 18 0 0 1 0 0 1 0 0 0 0 0 0
82 10993 510 510 21 0 0 1 0 0 1 0 0 0 0 0 0
83 10966 523 523 22 0 0 1 0 0 1 0 0 0 0 0 0
84 10960 526 525 21 0 0 2 0 0 1 0 1 0 0 0 0
85 10939 536 535 22 0 0 2 0 0 1 0 1 0 0 0 0
86 10913 549 547 21 0 0 3 0 0 1 0 2 0 0 0 0
87 10901 555 553 21 0 0 3 0 0 1 0 2 0 0 0 0
88 10883 564 562 21 0 0 3 0 0 1 0 2 0 0 0 0
89 10865 573 571 21 0 0 3 0 0 1 0 2 0 0 0 0
90 10849 580 578 23 0 0 3 0 0 1 0 2 0 0 0 0
91 10832 587 585 26 0 0 3 0 0 1 0 2 0 0 0 0
92 10811 597 595 27 0 0 3 0 0 1 0 2 0 0 0 0
93 10796 604 602 28 0 0 3 0 0 1 0 2 0 0 0 0
94 10787 608 606 29 0 0 3 0 0 1 0 2 0 0 0 0
95 10777 613 611 29 0 0 3 0 0 1 0 2 0 0 0 0
96 10774 614 612 30 0 0 3 0 0 1 0 2 0 0 0 0
97 10757 622 620 31 0 0 3 0 0 1 0 2 0 0 0 0
98 10740 630 628 32 0 0 3 0 0 1 0 2 0 0 0 0
99 10724 637 635 34 0 0 3 0 0 1 0 2 0 0 0 0
100 10718 640 638 34 0 0 3 0 0 1 0 2 0 0 0 0
101 10706 646 644 34 0 0 3 0 0 1 0 2 0 0 0 0
102 10710 643 641 36 0 0 3 0 0 1 0 2 0 0 0 0
103 10703 646 644 37 0 0 3 0 0 1 0 2 0 0 0 0
104 10698 648 646 38 0 0 3 0 0 1 0 2 0 0 0 0
105 10685 653 651 41 0 0 3 0 0 1 0 2 0 0 0 0
106 10673 659 657 41 0 0 3 0 0 1 0 2 0 0 0 0
107 10659 666 664 41 0 0 3 0 0 1 0 2 0 0 0 0
108 10645 671 669 45 0 0 3 0 0 1 0 2 0 0 0 0
109 10629 679 677 45 0 0 3 0 0 1 0 2 0 0 0 0
110 10621 683 681 45 0 0 3 0 0 1 0 2 0 0 0 0
111 10607 689 687 47 0 0 3 0 0 1 0 2 0 0 0 0
112 10605 690 687 46 0 0 4 0 0 1 0 3 0 0 0 0
113 10593 696 693 46 0 0 4 0 0 1 0 3 0 0 0 0
114 10585 700 697 46 0 0 4 0 0 1 0 3 0 0 0 0
115 10586 699 695 46 0 0 5 0 0 1 0 4 0 0 0 0
116 10574 705 701 46 0 0 5 0 0 1 0 4 0 0 0 0
117 10559 712 708 47 0 0 5 0 0 1 0 4 0 0 0 0
118 10549 717 713 47 0 0 5 0 0 1 0 4 0 0 0 0
119 10544 719 714 47 0 0 6 0 0 1 0 5 0 0 0 0
120 10529 725 719 49 0 0 7 0 0 1 0 6 0 0 0 0
121 10521 728 722 51 0 0 7 0 0 1 0 6 0 0 0 0
122 10518 730 724 50 0 0 7 0 0 1 0 6 0 0 0 0
123 10522 728 721 49 0 0 8 0 0 1 0 7 0 0 0 0
124 10507 735 728 50 0 0 8 0 0 1 0 7 0 0 0 0
125 10498 740 733 49 0 0 8 0 0 1 0 7 0 0 0 0
126 10479 749 742 50 0 0 8 0 0 1 0 7 0 0 0 0
127 10477 749 742 52 0 0 8 0 0 1 0 7 0 0 0 0
128 10453 761 754 52 0 0 8 0 0 1 0 7 0 0 0 0
129 10436 769 762 53 0 0 8 0 0 1 0 7 0 0 0 0
130 10428 773 766 53 0 0 8 0 0 1 0 7 0 0 0 0
131 10414 779 772 55 0 0 8 0 0 1 0 7 0 0 0 0
132 10411 780 773 56 0 0 8 0 0 1 0 7 0 0 0 0
133 10400 785 778 57 0 0 8 0 0 1 0 7 0 0 0 0
134 10397 785 779 59 0 0 8 0 0 2 0 6 0 0 0 0
135 10391 788 782 59 0 0 8 0 0 2 0 6 0 0 0 0
136 10376 794 788 62 0 0 8 0 0 2 0 6 0 0 0 0
137 10364 800 794 62 0 0 8 0 0 2 0 6 0 0 0 0
138 10349 808 801 60 0 0 9 0 0 2 0 7 0 0 0 0
139 10337 813 807 61 0 0 9 0 0 3 0 6 0 0 0 0
140 10319 822 816 61 0 0 9 0 0 3 0 6 0 0 0 0
141 10293 835 829 61 0 0 9 0 0 3 0 6 0 0 0 0
142 10280 842 836 60 0 0 9 0 0 3 0 6 0 0 0 0
143 10269 848 841 58 0 0 10 0 0 3 0 7 0 0 0 0
144 10252 856 849 59 0 0 10 0 0 3 0 7 0 0 0 0
145 10237 863 856 60 0 0 10 0 0 3 0 7 0 0 0 0
146 10233 865 858 60 0 0 10 0 0 3 0 7 0 0 0 0
147 10196 882 875 63 0 0 10 0 0 3 0 7 0 0 0 0
148 10168 894 887 67 0 0 10 0 0 3 0 7 0 0 0 0
149 10161 897 890 66 0 0 10 1 0 3 0 8 0 0 0 0
150 10144 906 899 65 0 0 10 1 0 3 0 8 0 0 0 0
151 10120 916 908 68 0 0 11 1 0 3 0 9 0 0 0 0
152 10105 923 915 69 0 0 11 1 0 3 0 9 0 0 0 0
153 10087 931 923 71 0 0 11 1 0 3 0 9 0 0 0 0
154 10070 939 931 72 0 0 11 1 0 3 0 9 0 0 0 0
155 10040 953 944 73 0 0 12 1 0 3 0 10 0 0 0 0
156 10025 960 951 74 0 0 12 1 0 3 0 10 0 0 0 0
157 10004 969 959 76 0 0 13 1 0 3 0 11 0 0 0 0
158 9965 988 978 77 0 0 13 1 0 3 0 11 0 0 0 0
159 9948 994 983 79 0 0 14 2 0 3 0 13 0 0 0 0
160 9931 1001 990 82 0 0 14 2 0 3 0 13 0 0 0 0
161 9904 1015 1002 79 0 0 16 2 0 3 0 15 0 0 0 0
162 9879 1027 1014 80 0 0 16 2 0 3 0 15 0 0 0 0
163 9847 1042 1029 82 0 0 16 2 0 3 0 15 0 0 0 0
164 9800 1063 1049 86 0 0 17 2 0 3 0 16 0 0 0 0
165 9768 1076 1062 92 0 0 17 2 0 3 0 16 0 0 0 0
166 9753 1084 1070 91 0 0 17 2 0 3 0 16 0 0 0 0
167 9721 1098 1083 94 0 0 18 2 0 3 0 17 0 0 0 0
168 9710 1103 1087 94 0 0 19 2 0 3 0 18 0 0 0 0
169 9690 1113 1097 94 0 0 19 2 0 3 0 18 0 0 0 0
170 9667 1122 1105 98 0 0 20 2 0 3 0 19 0 0 0 0
171 9650 1130 1112 98 0 0 21 2 0 3 0 20 0 0 0 0
172 9633 1137 1117 99 0 0 23 2 0 3 0 22 0 0 0 0
173 9608 1148 1128 102 0 0 23 2 0 3 0 22 0 0 0 0
174 9580 1161 1140 103 0 0 24 2 0 3 0 23 0 0 0 0
175 9571 1165 1144 104 0 0 24 2 0 3 0 23 0 0 0 0
176 9558 1169 1147 108 0 0 25 2 0 3 0 24 0 0 0 0
177 9535 1180 1158 109 0 0 25 2 0 3 0 24 0 0 0 0
178 9531 1180 1157 112 0 0 26 2 0 3 0 25 0 0 0 0
179 9508 1192 1169 111 0 0 26 2 0 3 0 25 0 0 0 0
180 9496 1196 1173 115 0 0 26 2 0 3 0 25 0 0 0 0
181 9479 1202 1179 120 0 0 26 2 0 3 0 25 0 0 0 0
182 9450 1214 1191 125 0 0 26 2 0 3 0 25 0 0 0 0
183 9443 1216 1193 126 0 0 27 2 0 4 0 25 0 0 0 0
184 9427 1224 1200 125 0 0 28 2 0 4 0 26 0 0 0 0
185 9415 1229 1205 127 0 0 28 2 0 4 0 26 0 0 0 0
186 9404 1232 1208 132 0 0 28 2 0 4 0 26 0 0 0 0
187 9404 1233 1209 130 0 0 28 2 0 4 0 26 0 0 0 0
188 9384 1243 1219 130 0 0 28 2 0 4 0 26 0 0 0 0
189 9372 1249 1225 130 0 0 28 2 0 4 0 26 0 0 0 0
190 9355 1256 1232 133 0 0 28 2 0 4 0 26 0 0 0 0
191 9343 1261 1236 134 0 0 29 2 0 4 0 27 0 0 0 0
192 9330 1267 1241 134 0 0 30 2 0 4 0 28 0 0 0 0
193 9321 1269 1243 139 0 0 30 2 0 4 0 28 0 0 0 0
194 9307 1276 1250 139 0 0 30 2 0 4 0 28 0 0 0 0
195 9302 1279 1252 137 0 0 31 2 0 4 0 29 0 0 0 0
196 9298 1282 1255 133 0 0 31 3 0 4 0 30 0 0 0 0
197 9275 1292 1265 136 0 0 31 3 0 4 0 30 0 0 0 0
198 9268 1294 1266 138 0 0 32 3 0 4 0 31 0 0 0 0
199 9258 1298 1270 140 0 0 32 3 0 4 0 31 0 0 0 0
200 9250 1301 1273 141 0 0 32 3 0 4 0 31 0 0 0 1
201 9224 1312 1283 144 0 0 33 3 0 4 0 32 0 0 0 1
202 9217 1314 1285 147 0 0 33 3 0 4 0 32 0 0 0 1
203 9218 1312 1282 149 0 0 34 3 0 4 0 33 0 0 0 1
204 9216 1313 1281 147 0 0 36 3 0 4 0 35 0 0 0 1
205 9208 1314 1280 153 0 0 38 2 0 4 0 36 0 0 0 1
206 9187 1322 1290 156 0 0 38 2 0 6 0 34 0 0 0 1
207 9170 1329 1297 159 0 0 38 2 0 6 0 34 0 0 0 1
208 9163 1330 1297 163 0 0 39 2 0 6 0 35 0 0 0 1
209 9148 1337 1304 162 0 0 40 2 0 7 0 35 0 0 0 1
210 9129 1346 1313 163 0 0 40 2 0 7 0 35 0 0 0 1
211 9140 1341 1309 161 0 0 40 2 0 8 0 34 0 0 0 1
212 9137 1342 1308 160 0 0 42 2 0 8 0 36 0 0 0 1
213 9137 1343 1309 158 0 0 42 2 0 8 0 36 0 0 0 1
214 9136 1344 1310 157 0 0 42 2 0 8 0 36 0 0 0 1
215 9122 1349 1315 161 0 0 42 2 0 8 0 36 0 0 0 1
216 9117 1350 1316 162 0 0 42 3 0 8 0 37 0 0 0 1
217 9112 1351 1319 163 0 0 42 3 0 10 0 35 0 0 0 1
218 9091 1361 1330 163 0 0 42 3 0 11 0 34 0 0 0 1
219 9087 1361 1332 165 0 0 42 3 0 13 0 32 0 0 0 1
220 9071 1368 1339 165 0 0 42 4 0 13 0 33 0 0 0 1
221 9080 1363 1334 164 0 0 42 5 0 13 0 34 0 0 0 1
222 9088 1359 1330 164 0 0 42 5 0 13 0 34 0 0 0 1
223 9078 1363 1333 165 0 0 43 5 0 13 0 35 0 0 0 1
224 9065 1370 1340 164 0 0 43 5 0 13 0 35 0 0 0 1
225 9071 1367 1337 164 0 0 43 5 0 13 0 35 0 0 0 1
226 9068 1367 1337 167 0 0 43 5 0 13 0 35 0 0 0 1
227 9071 1364 1334 170 0 0 43 5 0 13 0 35 0 0 0 1
228 9064 1366 1336 173 0 0 43 5 0 13 0 35 0 0 0 1
229 9045 1373 1339 174 0 0 47 5 0 13 0 39 0 0 0 1
230 9034 1377 1342 176 0 0 48 5 0 13 0 40 0 0 0 1
231 9026 1380 1345 178 0 0 48 5 0 13 0 40 0 0 0 1
232 9013 1387 1352 177 0 0 48 5 0 13 0 40 0 0 0 1
233 9006 1387 1352 184 0 0 48 5 0 13 0 40 0 0 0 1
234 8997 1391 1355 184 0 0 49 5 0 13 0 41 0 0 0 1
235 8987 1395 1359 186 0 0 49 5 0 13 0 41 0 0 0 1
236 8972 1401 1364 188 0 0 50 5 0 13 0 42 0 0 0 1
237 8974 1402 1365 182 0 0 50 6 0 13 0 43 0 0 0 1
238 8975 1401 1364 181 0 0 51 6 0 14 0 43 0 0 0 1
239 8964 1407 1370 180 0 0 51 6 0 14 0 43 0 0 0 1
240 8953 1411 1374 183 0 0 51 6 0 14 0 43 0 0 0 1
241 8955 1408 1371 187 0 0 51 6 0 14 0 43 0 0 0 1
242 8961 1405 1369 186 0 0 51 6 0 15 0 42 0 0 0 1
243 8953 1406 1369 191 0 0 52 6 0 15 0 43 0 0 0 1
244 8946 1409 1371 191 0 0 53 6 0 15 0 44 0 0 0 1
245 8942 1411 1372 190 0 0 54 6 0 15 0 45 0 0 0 1
246 8929 1416 1377 193 0 0 54 6 0 15 0 45 0 0 0 1
247 8923 1419 1380 193 0 0 54 6 0 15 0 45 0 0 0 1
248 8900 1428 1388 195 0 0 56 6 0 16 0 46 0 0 0 1
249 8888 1434 1392 193 0 0 58 6 0 16 0 48 0 0 0 1
250 8892 1433 1391 189 0 0 59 6 0 17 0 48 0 0 0 1
251 8890 1434 1393 186 0 0 60 6 0 19 0 47 0 0 0 1
252 8875 1439 1397 190 0 0 61 6 0 19 0 48 0 0 0 1
253 8858 1443 1399 197 0 0 63 6 0 19 0 50 0 0 0 1
254 8831 1456 1411 199 0 0 64 5 0 19 0 50 0 0 0 1
255 8815 1463 1418 201 0 0 64 5 0 19 0 50 0 0 0 1
256 8802 1471 1426 198 0 0 64 5 0 19 0 50 0 0 0 1
257 8781 1478 1432 204 0 0 65 5 0 19 0 51 0 0 0 1
258 8766 1486 1438 201 0 0 67 5 0 19 0 53 0 0 0 1
259 8758 1489 1441 203 0 0 67 5 0 19 0 53 0 0 0 1
260 8751 1491 1443 204 0 0 68 5 0 20 0 53 0 0 0 1
261 8748 1491 1443 207 0 0 68 5 0 20 0 53 0 0 0 1
262 8730 1498 1449 210 0 0 69 5 0 20 0 54 0 0 0 1
263 8721 1501 1449 210 0 0 72 5 0 20 0 57 0 0 0 1
264 8717 1501 1451 212 0 0 71 6 0 21 0 56 0 0 0 1
265 8704 1507 1456 212 0 0 72 6 0 21 0 57 0 0 0 1
266 8681 1516 1465 217 0 0 72 6 0 21 0 57 0 0 0 1
267 8670 1520 1467 218 0 0 74 6 0 21 0 59 0 0 0 1
268 8651 1529 1474 221 0 0 76 4 0 21 0 59 0 0 0 1
269 8628 1540 1483 220 0 0 78 4 0 21 0 61 0 0 0 1
270 8606 1547 1489 227 0 0 79 4 0 21 0 62 0 0 0 1
271 8589 1556 1495 223 0 0 82 4 0 21 0 65 0 0 0 1
272 8576 1561 1499 225 0 0 83 4 0 21 0 66 0 0 0 1
273 8564 1566 1505 222 0 0 82 7 0 21 0 68 0 0 0 1
274 8552 1570 1508 223 0 0 83 8 0 21 0 70 0 0 0 1
275 8537 1577 1514 223 0 0 84 8 0 21 0 71 0 0 0 1
276 8525 1581 1518 227 0 0 84 8 0 21 0 71 0 0 0 1
277 8511 1585 1522 230 0 0 85 8 0 22 0 71 0 0 0 2
278 8509 1584 1520 231 0 0 86 9 0 22 0 73 0 0 0 2
279 8503 1583 1520 236 0 0 87 9 0 24 0 72 0 0 0 2
280 8492 1588 1524 236 0 0 88 9 0 24 0 73 0 0 0 2
281 8479 1592 1528 241 0 0 88 9 0 24 0 73 0 0 0 2
282 8463 1599 1532 240 0 0 91 9 0 24 0 76 0 0 0 2
283 8454 1601 1534 241 0 0 93 9 0 26 0 76 0 0 0 2
284 8456 1599 1532 243 0 0 93 9 0 26 0 76 0 0 0 2
285 8440 1605 1537 244 0 0 94 10 0 26 0 78 0 0 0 2
286 8417 1613 1545 251 0 0 94 10 0 26 0 78 0 0 0 2
287 8398 1621 1549 252 0 0 97 10 0 25 0 82 0 0 0 2
288 8397 1620 1549 254 0 0 97 10 0 26 0 81 0 0 0 2
289 8389 1625 1553 251 0 0 98 10 0 26 0 82 0 0 0 2
290 8372 1629 1554 255 0 0 101 11 0 26 0 86 0 0 0 2
291 8378 1629 1554 249 0 0 101 11 0 26 0 86 0 0 0 2
292 8377 1628 1553 250 0 0 102 11 0 27 0 86 0 0 0 2
293 8390 1621 1544 246 0 0 104 12 0 27 0 89 0 0 0 3
294 8385 1624 1548 244 0 0 103 13 0 27 0 89 0 0 0 3
295 8383 1625 1547 242 0 0 105 13 0 27 0 91 0 0 0 3
296 8379 1628 1548 236 0 0 107 14 0 27 0 94 0 0 0 3
297 8368 1633 1551 235 0 0 109 14 0 27 0 96 0 0 0 3
298 8350 1640 1559 238 0 0 109 14 0 28 0 95 0 0 0 3
299 8342 1642 1561 242 0 0 109 14 0 28 0 95 0 0 0 3
300 8346 1640 1557 238 0 0 111 15 0 28 0 98 0 0 0 3
301 8334 1646 1563 236 0 0 111 16 0 28 0 99 0 0 0 3
302 8331 1647 1563 236 0 0 113 15 0 29 0 99 0 0 0 3
303 8319 1652 1567 237 0 0 114 15 0 29 0 100 0 0 0 3
304 8314 1653 1567 240 0 0 115 14 0 29 0 100 0 0 0 4
305 8300 1658 1573 243 0 0 114 15 0 29 0 100 0 0 0 4
306 8298 1659 1573 242 0 0 115 15 0 29 0 101 0 0 0 4
307 8286 1662 1575 244 0 0 117 15 0 30 0 102 0 0 0 5
308 8298 1657 1570 242 0 0 117 15 0 30 0 102 0 0 0 5
309 8283 1663 1576 245 0 0 117 15 0 30 0 102 0 0 0 5
310 8278 1666 1579 244 0 0 117 15 0 30 0 102 0 0 0 5
311 8289 1661 1577 240 0 0 117 15 0 33 0 99 0 0 0 5
312 8291 1659 1574 241 0 0 118 15 0 33 0 100 0 0 0 5
313 8277 1664 1577 243 0 0 120 15 0 33 0 102 0 0 0 5
314 8275 1665 1576 242 0 0 122 14 0 33 0 103 0 0 0 6
315 8271 1668 1577 239 0 0 124 13 0 33 0 104 0 0 0 7
316 8263 1671 1579 238 0 0 126 13 0 34 0 105 0 0 0 7
317 8258 1673 1582 238 0 0 126 13 0 35 0 104 0 0 0 7
318 8253 1672 1578 242 0 0 129 13 0 35 0 107 0 0 0 7
319 8249 1673 1577 242 0 0 131 13 0 35 0 109 0 0 0 7
320 8242 1676 1579 242 0 0 132 13 0 35 0 110 0 0 0 7
321 8240 1677 1582 240 0 0 132 13 0 37 0 108 0 0 0 7
322 8220 1685 1589 241 0 0 134 13 0 38 0 109 0 0 0 7
323 8228 1681 1584 240 0 0 135 13 0 38 0 110 0 0 0 7
324 8206 1689 1592 246 0 0 135 13 0 38 0 110 0 0 0 7
325 8205 1689 1591 246 0 0 136 13 0 38 0 111 0 0 0 7
326 8209 1687 1588 245 0 0 137 13 0 38 0 112 0 0 0 7
327 8217 1682 1583 245 0 0 137 14 0 38 0 113 0 0 0 7
328 8207 1685 1585 248 0 0 138 14 0 38 0 114 0 0 0 7
329 8211 1683 1584 244 0 0 139 14 0 40 0 113 0 0 0 8
330 8202 1686 1586 246 0 0 140 14 0 40 0 114 0 0 0 8
331 8202 1685 1584 245 0 0 141 15 0 40 0 116 0 0 0 8
332 8193 1690 1588 243 0 0 142 15 0 40 0 117 0 0 0 8
333 8201 1684 1581 244 0 0 143 16 0 40 0 119 0 0 0 8
334 8185 1689 1585 248 0 0 144 16 0 40 0 120 0 0 0 9
335 8194 1686 1582 243 0 0 145 16 0 41 0 120 0 0 0 9
336 8188 1685 1581 251 0 0 145 16 0 41 0 120 0 0 0 9
337 8175 1689 1584 256 0 0 146 15 0 41 0 120 0 0 0 10
338 8160 1698 1592 254 0 0 147 14 0 41 0 120 0 0 0 10
339 8146 1703 1597 258 0 0 147 14 0 41 0 120 0 0 0 10
340 8142 1704 1596 258 0 0 149 14 0 41 0 122 0 0 0 10
341 8144 1702 1594 258 0 0 149 15 0 41 0 123 0 0 0 10
342 8134 1708 1598 251 0 0 151 16 0 41 0 126 0 0 0 11
343 8119 1714 1604 254 0 0 151 16 0 41 0 126 0 0 0 11
344 8106 1717 1608 258 0 0 152 16 0 43 0 125 0 0 0 11
345 8076 1730 1621 258 0 0 152 18 0 43 0 127 0 0 0 11
346 8061 1737 1626 255 0 0 154 19 0 43 0 130 0 0 0 11
347 8042 1744 1633 260 0 0 154 19 0 43 0 130 0 0 0 11
348 8039 1745 1635 258 0 0 154 20 0 44 0 130 0 0 0 11
349 8034 1746 1635 257 0 0 155 21 0 44 0 132 0 0 0 12
350 8019 1751 1642 260 0 0 155 21 0 46 0 130 0 0 0 12
351 8006 1757 1645 258 0 0 158 21 0 46 0 133 0 0 0 12
352 7993 1763 1652 258 0 0 158 21 0 47 0 132 0 0 0 12
353 7985 1765 1655 259 0 0 158 22 0 48 0 132 0 0 0 12
354 7963 1773 1664 264 0 0 158 22 0 49 0 131 0 0 0 12
355 7954 1775 1664 269 0 0 159 22 0 48 0 133 0 0 0 12
356 7949 1774 1663 275 0 0 159 22 0 48 0 133 0 0 0 13
357 7927 1781 1670 283 0 0 159 22 0 48 0 133 0 0 0 13
358 7931 1781 1668 277 0 0 161 22 0 48 0 135 0 0 0 13
359 7920 1783 1673 281 0 0 161 22 0 51 0 132 0 0 0 13
360 7914 1786 1674 277 0 0 163 23 0 51 0 135 0 0 0 13
361 7896 1792 1678 283 0 0 165 22 0 51 0 136 0 0 0 13
362 7873 1802 1686 284 0 0 167 22 0 51 0 138 0 0 0 13
363 7860 1808 1691 282 0 0 169 22 0 52 0 139 0 0 0 13
364 7865 1803 1687 282 0 0 169 23 0 53 0 139 0 0 0 15
365 7848 1808 1689 286 0 0 172 23 0 53 0 142 0 0 0 15
366 7839 1810 1693 289 0 0 171 24 0 54 0 141 0 0 0 15
367 7835 1811 1693 290 0 0 172 24 0 54 0 142 0 0 0 15
368 7830 1811 1691 291 0 0 175 24 0 55 0 144 0 0 0 15
369 7827 1811 1689 292 0 0 177 24 0 55 0 146 0 0 0 15
370 7826 1810 1686 293 0 0 179 24 0 55 0 148 0 0 0 15
371 7816 1813 1689 296 0 0 179 24 0 55 0 148 0 0 0 16
372 7805 1818 1696 293 0 0 178 26 0 56 0 148 0 0 0 16
373 7788 1824 1700 296 0 0 180 26 0 56 0 150 0 0 0 16
374 7782 1825 1701 296 0 0 181 26 0 57 0 150 0 0 0 18
375 7783 1823 1699 297 0 0 181 27 0 57 0 151 0 0 0 18
376 7764 1830 1705 301 0 0 182 27 0 57 0 152 0 0 0 18
377 7745 1839 1712 300 0 0 184 27 0 57 0 154 0 0 0 18
378 7746 1838 1710 298 0 0 185 28 0 57 0 156 0 0 0 18
379 7751 1834 1704 296 0 0 188 28 0 58 0 158 0 0 0 19
380 7732 1841 1711 299 0 0 188 29 0 58 0 159 0 0 0 19
381 7730 1841 1707 297 0 0 192 28 0 58 0 162 0 0 0 21
382 7721 1843 1706 299 0 0 195 28 0 58 0 165 0 0 0 21
383 7717 1841 1705 306 0 0 195 28 0 59 0 164 0 0 0 21
384 7713 1843 1705 303 0 0 198 27 0 60 0 165 0 0 0 22
385 7703 1846 1706 305 0 0 200 27 0 60 0 167 0 0 0 22
386 7713 1842 1701 303 0 0 201 26 0 60 0 167 0 0 0 23
387 7706 1846 1705 300 0 0 202 25 0 61 0 166 0 0 0 25
388 7706 1844 1703 301 0 0 203 25 0 62 0 166 0 0 0 26
389 7719 1838 1698 296 0 0 202 27 0 62 0 167 0 0 0 27
390 7719 1835 1698 297 0 0 202 28 0 65 0 165 0 0 0 27
391 7709 1841 1705 293 0 0 202 28 0 66 0 164 0 0 0 28
392 7697 1844 1707 296 0 0 204 28 0 67 0 165 0 0 0 28
393 7680 1851 1713 298 0 0 205 28 0 67 0 166 0 0 0 28
394 7692 1849 1709 288 0 0 208 27 0 68 0 167 0 0 0 28
395 7682 1853 1711 289 0 0 210 26 0 68 0 168 0 0 0 29
396 7689 1851 1708 285 0 0 211 26 0 68 0 169 0 0 0 29
397 7701 1843 1700 289 0 0 211 26 0 68 0 169 0 0 0 29
398 7699 1844 1699 288 0 0 213 25 0 68 0 170 0 0 0 30
399 7699 1844 1697 286 0 0 215 25 0 68 0 172 0 0 0 30
400 7691 1848 1700 285 0 0 215 26 0 67 0 174 0 0 0 30
401 7703 1845 1697 278 0 0 215 26 0 67 0 174 0 0 0 31
402 7698 1844 1696 285 0 0 216 25 0 68 0 173 0 0 0 31
403 7711 1838 1689 283 0 0 217 25 0 68 0 174 0 0 0 31
404 7709 1839 1690 280 0 0 218 25 0 69 0 174 0 0 0 32
405 7713 1836 1687 280 0 0 219 25 0 70 0 174 0 0 0 32
406 7723 1829 1680 282 0 0 220 25 0 71 0 174 0 0 0 32
407 7721 1828 1679 286 0 0 220 25 0 71 0 174 0 0 0 32
408 7729 1823 1677 284 0 0 220 25 0 74 0 171 0 0 0 33
409 7722 1822 1677 290 0 0 220 25 0 75 0 170 0 0 0 35
410 7725 1819 1675 290 0 0 221 25 0 77 0 169 0 0 0 35
411 7715 1824 1683 287 0 0 220 26 0 79 0 167 0 0 0 35
412 7722 1821 1680 286 0 0 220 26 0 79 0 167 0 0 0 35
413 7722 1822 1679 283 0 0 220 27 0 77 0 170 0 0 0 36
414 7725 1821 1679 281 0 0 220 27 0 78 0 169 0 0 0 36
415 7724 1820 1678 284 0 0 220 27 0 78 0 169 0 0 0 36
416 7725 1819 1676 284 0 0 221 27 0 78 0 170 0 0 0 36
417 7714 1823 1682 282 0 0 221 28 0 80 0 169 0 0 0 37
418 7722 1818 1677 284 0 0 222 27 0 81 0 168 0 0 0 37
419 7718 1819 1677 285 0 0 223 27 0 81 0 169 0 0 0 37
420 7709 1819 1679 290 0 0 222 29 0 82 0 169 0 0 0 37
421 7724 1809 1670 292 0 0 223 29 0 84 0 168 0 0 0 37
422 7723 1808 1669 293 0 0 224 29 0 85 0 168 0 0 0 37
423 7732 1802 1664 295 0 0 224 29 0 86 0 167 0 0 0 37
424 7718 1806 1666 299 0 0 226 29 0 86 0 169 0 0 0 37
425 7724 1805 1665 295 0 0 226 29 0 86 0 169 0 0 0 37
426 7717 1805 1665 300 0 0 226 30 0 86 0 170 0 0 0 37
427 7706 1811 1669 297 0 0 228 30 0 86 0 172 0 0 0 37
428 7707 1811 1667 297 0 0 230 28 0 86 0 172 0 0 0 38
429 7704 1809 1669 299 0 0 230 28 0 90 0 168 0 0 0 39
430 7696 1813 1673 296 0 0 231 28 0 91 0 168 0 0 0 40
431 7688 1815 1676 297 0 0 231 29 0 92 0 168 0 0 0 40
432 7688 1815 1677 294 0 0 231 30 0 93 0 168 0 0 0 40
433 7679 1820 1681 292 0 0 232 30 0 93 0 169 0 0 0 40
434 7674 1821 1683 292 0 0 232 31 0 94 0 169 0 0 0 40
435 7681 1815 1678 296 0 0 231 32 0 94 0 169 0 0 0 40
436 7648 1829 1690 303 0 0 231 32 0 92 0 171 0 0 0 40
437 7643 1829 1691 304 0 0 231 33 0 93 0 171 0 0 0 41
438 7631 1834 1696 304 0 0 232 33 0 94 0 171 0 0 0 41
439 7619 1838 1700 308 0 0 231 34 0 93 0 172 0 0 0 41
440 7611 1841 1703 309 0 0 232 33 0 94 0 171 0 0 0 42
441 7609 1841 1705 305 0 0 233 34 0 97 0 170 0 0 0 42
442 7597 1846 1710 307 0 0 233 34 0 97 0 170 0 0 0 42
443 7588 1847 1711 312 0 0 232 36 0 96 0 172 0 0 0 42
444 7568 1852 1714 316 0 0 236 36 0 98 0 174 0 0 0 42
445 7572 1849 1711 314 0 0 236 38 0 98 0 176 0 0 0 42
446 7559 1853 1714 318 0 0 237 38 0 98 0 177 0 0 0 42
447 7547 1859 1722 316 0 0 237 38 0 100 0 175 0 0 0 42
448 7548 1855 1719 320 0 0 237 39 0 101 0 175 0 0 0 42
449 7539 1855 1716 321 0 0 240 41 0 101 0 180 0 0 0 43
450 7531 1857 1718 322 0 0 240 42 0 101 0 181 0 0 0 44
451 7534 1854 1713 323 0 0 242 42 0 101 0 183 0 0 0 44
452 7527 1853 1708 323 0 0 247 43 0 102 0 188 0 0 0 45
453 7518 1858 1711 322 0 0 248 43 0 101 0 190 0 0 0 45
454 7519 1858 1711 320 0 0 249 42 0 102 0 189 0 0 0 46
455 7493 1867 1721 325 0 0 248 44 0 102 0 190 0 0 0 46
456 7479 1870 1724 329 1 0 247 45 1 101 0 191 0 0 0 48
457 7473 1871 1726 329 1 0 248 45 1 103 0 190 0 0 0 49
458 7469 1872 1726 330 1 0 249 45 1 103 0 191 0 0 0 49
459 7464 1875 1728 328 1 0 250 45 1 103 0 192 0 0 0 49
460 7449 1881 1731 326 1 0 253 46 1 103 0 196 0 0 0 49
461 7461 1874 1721 329 1 0 255 45 1 102 0 198 0 0 0 49
462 7456 1875 1721 333 1 0 255 45 1 101 0 199 0 0 0 49
463 7456 1873 1722 334 1 0 254 46 1 103 0 197 0 0 0 49
464 7451 1875 1725 334 1 0 254 46 1 104 0 196 0 0 0 49
465 7439 1875 1726 343 1 0 255 46 1 106 0 195 0 0 0 49
466 7418 1884 1734 341 1 0 257 47 1 107 0 197 0 0 0 49
467 7406 1889 1739 341 1 0 258 47 1 108 0 197 0 0 0 49
468 7382 1898 1745 345 1 0 261 46 1 108 0 199 0 0 0 50
469 7356 1907 1755 347 1 0 261 48 1 109 0 200 0 0 0 51
470 7343 1911 1761 350 1 0 260 49 1 110 0 199 0 0 0 51
471 7335 1913 1759 350 1 0 264 49 1 110 0 203 0 0 0 51
472 7325 1915 1759 354 1 0 265 50 1 109 0 206 0 0 0 51
473 7321 1917 1759 354 1 0 266 50 1 108 0 208 0 0 0 51
474 7313 1917 1756 361 1 0 269 49 1 108 0 210 0 0 0 51
475 7297 1921 1759 366 1 0 270 50 1 108 0 212 0 0 0 51
476 7302 1916 1755 368 1 0 271 50 1 110 0 211 0 0 0 51
477 7279 1924 1761 370 1 0 274 50 1 111 0 213 0 0 0 52
478 7275 1925 1761 368 1 0 276 50 1 112 0 214 0 0 0 53
479 7282 1918 1755 372 1 0 279 48 1 116 0 211 0 0 0 53
480 7266 1924 1763 372 1 0 279 49 1 118 0 210 0 0 0 53
481 7251 1928 1765 375 1 0 281 50 1 118 0 213 0 0 0 53
482 7239 1932 1768 378 1 0 282 50 1 118 0 214 0 0 0 53
483 7233 1934 1771 379 1 0 282 50 1 119 0 213 0 0 0 53
484 7222 1938 1774 382 1 0 283 48 1 119 0 212 0 0 0 56
485 7224 1936 1772 383 1 0 284 47 1 120 0 211 0 0 0 57
486 7219 1939 1774 383 1 0 285 46 1 120 0 211 0 0 0 57
487 7229 1933 1767 382 1 0 286 47 1 120 0 213 0 0 0 57
488 7234 1927 1761 385 1 0 287 48 1 121 0 214 0 0 0 57
489 7231 1927 1759 388 1 0 289 47 1 121 0 215 0 0 0 57
490 7220 1932 1762 389 1 0 291 46 1 121 0 216 0 0 0 57
491 7212 1934 1765 388 1 0 290 48 1 121 0 217 0 0 0 59
492 7192 1942 1772 391 1 0 292 47 1 122 0 217 0 0 0 59
493 7189 1941 1771 394 1 0 292 48 1 122 0 218 0 0 0 59
494 7185 1943 1773 391 1 0 294 46 1 124 0 216 0 0 0 62
495 7189 1938 1766 392 1 0 297 46 1 125 0 218 0 0 0 63
496 7182 1940 1769 393 1 0 297 46 1 126 0 217 0 0 0 64
497 7190 1935 1767 392 1 0 296 47 1 128 0 215 0 0 0 64
498 7187 1937 1769 389 1 0 297 47 1 129 0 215 0 0 0 64
499 7189 1936 1764 385 1 0 300 48 1 128 0 220 0 0 0 64
500 7199 1931 1761 383 1 0 299 49 1 129 0 219 0 0 0 64
501 7189 1934 1762 382 1 0 302 49 1 130 0 221 0 0 0 65
502 7195 1931 1759 378 1 0 302 51 1 130 0 223 0 0 0 65
503 7191 1932 1761 377 1 0 303 51 1 132 0 222 0 0 0 65
504 7197 1926 1758 378 1 0 305 50 1 137 0 218 0 0 0 65
505 7191 1928 1760 378 1 0 307 49 1 139 0 217 0 0 0 65
506 7190 1927 1758 379 1 0 308 49 1 139 0 218 0 0 0 66
507 7178 1930 1760 382 1 0 308 51 1 138 0 221 0 0 0 66
508 7186 1924 1753 383 1 0 310 51 1 139 0 222 0 0 0 66
509 7182 1923 1750 386 1 0 312 51 1 139 0 224 0 0 0 67
510 7193 1917 1745 384 1 0 313 51 1 141 0 223 0 0 0 67
511 7198 1916 1745 376 1 0 313 53 1 142 0 224 0 0 0 67
512 7203 1913 1741 373 1 0 315 52 1 143 0 224 0 0 0 70
513 7210 1907 1734 378 1 0 316 51 1 143 0 224 0 0 0 71
514 7193 1910 1735 384 1 0 318 52 1 143 0 227 0 0 0 72
515 7205 1902 1727 386 1 0 320 51 1 145 0 226 0 0 0 72
516 7203 1902 1728 387 1 0 320 51 1 146 0 225 0 0 0 72
517 7212 1898 1724 386 1 0 320 51 1 146 0 225 0 0 0 72
518 7213 1898 1723 380 1 0 321 53 1 146 0 228 0 0 0 72
519 7214 1897 1721 378 1 0 323 53 1 147 0 229 0 0 0 72
520 7211 1899 1721 375 1 0 325 53 1 147 0 231 0 0 0 72
521 7195 1903 1725 378 1 0 327 53 1 149 0 231 0 0 0 73
522 7186 1908 1730 377 1 0 328 52 1 150 0 230 0 0 0 73
523 7184 1908 1731 376 1 0 328 53 1 151 0 230 0 0 0 73
524 7174 1912 1735 378 1 0 329 52 1 152 0 229 0 0 0 73
525 7175 1909 1731 380 1 0 331 52 1 153 0 230 0 0 0 73
526 7185 1904 1727 378 1 0 330 53 1 153 0 230 0 0 0 74
527 7177 1910 1733 370 1 0 331 54 1 154 0 231 0 0 0 74
528 7173 1909 1733 374 1 0 331 54 1 155 0 230 0 0 0 75
529 7175 1904 1728 373 1 0 333 56 1 157 0 232 0 0 0 76
530 7180 1900 1725 373 1 0 333 57 1 158 0 232 0 0 0 76
531 7178 1902 1728 368 1 0 335 56 1 161 0 230 0 0 0 76
532 7173 1902 1731 370 1 0 334 57 1 163 0 228 0 0 0 76
533 7168 1904 1733 369 1 0 335 57 1 164 0 228 0 0 0 76
534 7179 1896 1726 369 1 0 336 58 1 166 0 228 0 0 0 76
535 7189 1890 1720 369 1 0 337 58 1 167 0 228 0 0 0 76
536 7187 1892 1723 366 1 0 337 58 1 168 0 227 0 0 0 76
537 7181 1894 1723 368 1 0 339 57 1 168 0 228 0 0 0 76
538 7186 1892 1720 366 1 0 340 57 1 168 0 229 0 0 0 76
539 7184 1891 1719 366 1 0 341 58 1 169 0 230 0 0 0 76
540 7187 1883 1714 374 1 0 341 59 1 172 0 228 0 0 0 76
541 7200 1876 1711 371 1 0 339 61 1 174 0 226 0 0 0 76
542 7213 1869 1707 369 1 0 337 63 1 175 0 225 0 0 0 76
543 7207 1872 1707 366 1 0 340 63 1 175 0 228 0 0 0 76
544 7221 1866 1699 362 1 0 343 62 1 176 0 229 0 0 0 76
545 7231 1863 1697 357 1 0 343 62 1 177 0 228 0 0 0 76
546 7225 1867 1701 353 1 0 345 61 1 179 0 227 0 0 0 76
547 7225 1866 1701 354 1 0 345 61 1 180 0 226 0 0 0 76
548 7249 1854 1689 350 1 0 346 62 1 181 0 227 0 0 0 76
549 7251 1851 1688 350 1 0 347 62 1 184 0 225 0 0 0 76
550 7243 1853 1690 354 1 0 347 62 1 184 0 225 0 0 0 76
551 7260 1845 1682 353 1 0 347 62 1 184 0 225 0 0 0 76
552 7270 1838 1678 352 1 0 347 63 1 187 0 223 0 0 0 76
553 7276 1836 1676 348 1 0 348 63 1 188 0 223 0 0 0 76
554 7285 1831 1671 347 1 0 349 63 1 189 0 223 0 0 0 76
555 7288 1829 1668 349 1 0 351 61 1 190 0 222 0 0 0 76
556 7283 1831 1670 348 1 0 352 61 1 191 0 222 0 0 0 76
557 7283 1829 1668 348 1 0 352 63 1 191 0 224 0 0 0 76
558 7298 1822 1661 347 1 0 353 62 1 192 0 223 0 0 0 76
559 7300 1822 1662 342 1 0 354 62 1 194 0 222 0 0 0 76
560 7304 1818 1659 345 1 0 354 62 1 195 0 221 0 0 0 76
561 7303 1819 1661 339 1 0 355 63 1 197 0 221 0 0 0 76
562 7305 1820 1661 336 1 0 355 63 1 196 0 222 0 0 0 76
563 7315 1811 1654 340 1 0 355 64 1 198 0 221 0 0 0 76
564 7321 1808 1652 339 1 0 355 64 1 199 0 220 0 0 0 76
565 7333 1800 1646 341 1 0 354 65 1 200 0 219 0 0 0 76
566 7329 1803 1648 338 1 0 354 66 1 199 0 221 0 0 0 76
567 7322 1802 1650 344 1 0 353 67 1 201 0 219 0 0 0 76
568 7321 1801 1649 345 1 0 354 67 1 202 0 219 0 0 0 76
569 7322 1799 1648 347 1 0 354 67 1 203 0 218 0 0 0 76
570 7323 1797 1648 346 1 0 354 68 1 205 0 217 0 0 0 76
571 7323 1796 1647 347 1 0 355 67 1 206 0 216 0 0 0 77
572 7320 1796 1650 347 1 0 355 67 1 209 0 213 0 0 0 77
573 7325 1795 1651 342 1 0 354 68 1 210 0 212 0 0 0 77
574 7332 1791 1651 336 1 0 355 68 1 215 0 208 0 0 0 78
575 7336 1789 1650 335 1 0 354 69 1 215 0 208 0 0 0 78
576 7342 1785 1644 337 1 0 357 67 1 216 0 208 0 0 0 78
577 7349 1781 1642 334 1 0 357 68 1 218 0 207 0 0 0 78
578 7356 1776 1636 338 1 0 357 68 1 217 0 208 0 0 0 78
579 7367 1769 1627 337 1 0 359 69 1 217 0 211 0 0 0 78
580 7377 1763 1623 337 1 0 359 69 1 219 0 209 0 0 0 78
581 7383 1759 1619 338 1 0 359 69 1 219 0 209 0 0 0 79
582 7392 1755 1617 334 1 0 359 69 1 221 0 207 0 0 0 80
583 7395 1750 1617 336 1 0 356 72 1 223 0 205 0 0 0 80
584 7373 1760 1629 334 1 0 357 72 1 226 0 203 0 0 0 80
585 7374 1761 1632 329 1 0 355 74 1 226 0 203 0 0 0 80
586 7367 1764 1639 326 1 0 354 75 1 229 0 200 0 0 0 80
587 7375 1760 1635 326 1 0 354 75 1 229 0 200 0 0 0 80
588 7365 1765 1640 326 1 0 354 75 1 229 0 200 0 0 0 80
589 7353 1770 1645 328 1 0 354 75 1 229 0 200 0 0 0 80
590 7367 1761 1639 327 1 0 353 77 1 231 0 199 0 0 0 80
591 7351 1769 1648 324 1 0 352 79 1 231 0 200 0 0 0 80
592 7348 1768 1652 324 1 0 352 79 1 236 0 195 0 0 0 80
593 7355 1765 1648 324 1 0 353 78 1 236 0 195 0 0 0 80
594 7355 1764 1647 326 1 0 353 78 1 236 0 195 0 0 0 80
595 7347 1766 1650 328 1 0 352 79 1 236 0 195 0 0 0 81
596 7351 1767 1650 323 1 0 352 79 1 235 0 196 0 0 0 81
597 7345 1772 1655 319 1 0 352 79 1 235 0 196 0 0 0 81
598 7359 1765 1646 317 1 0 354 79 1 235 0 198 0 0 0 81
599 7363 1763 1646 315 1 0 354 79 1 237 0 196 0 0 0 81
600 7366 1761 1645 315 1 0 353 80 1 237 0 196 0 0 0 81
601 7376 1757 1642 312 1 0 353 80 1 238 0 195 0 0 0 81
602 7380 1755 1641 310 1 0 353 80 1 239 0 194 0 0 0 82
603 7375 1755 1643 313 1 0 353 80 1 241 0 192 0 0 0 82
604 7374 1753 1640 314 1 0 356 79 1 243 0 192 0 0 0 83
605 7368 1756 1644 313 1 0 356 79 1 244 0 191 0 0 0 83
606 7378 1750 1639 314 1 0 355 80 1 244 0 191 0 0 0 83
607 7388 1745 1634 314 1 0 356 79 1 245 0 190 0 0 0 83
608 7403 1738 1627 311 1 0 356 80 1 245 0 191 0 0 0 83
609 7420 1732 1618 307 1 0 358 79 1 244 0 193 0 0 0 83
610 7420 1728 1619 310 1 0 356 81 1 247 0 190 0 0 0 83
611 7424 1725 1619 309 1 0 355 82 1 249 0 188 0 0 0 83
612 7433 1722 1613 309 1 0 358 79 1 249 0 188 0 0 0 83
613 7447 1715 1607 308 1 0 359 78 1 251 0 186 0 0 0 83
614 7450 1714 1604 309 1 0 361 76 1 251 0 186 0 0 0 83
615 7448 1716 1606 306 1 0 362 75 1 252 0 185 0 0 0 84
616 7471 1706 1593 306 1 0 364 73 1 251 0 186 0 0 0 84
617 7464 1708 1593 311 1 0 366 71 1 251 0 186 0 0 0 84
618 7474 1701 1587 314 1 0 365 72 1 251 0 186 0 0 0 84
619 7471 1700 1588 315 1 0 365 73 1 253 0 185 0 0 0 84
620 7465 1701 1593 313 1 0 363 76 1 255 0 184 0 0 0 84
621 7480 1693 1587 312 1 0 362 77 1 256 0 183 0 0 0 84
622 7477 1691 1587 315 1 0 361 79 1 257 0 183 0 0 0 84
623 7467 1697 1591 315 1 0 363 77 1 257 0 183 0 0 0 84
624 7468 1698 1591 310 1 0 365 76 1 258 0 183 0 0 0 85
625 7468 1698 1589 308 1 0 367 76 1 258 0 185 0 0 0 85
626 7464 1698 1588 312 1 0 367 76 1 257 0 186 0 0 0 86
627 7471 1695 1584 312 1 0 368 75 1 257 0 186 0 0 0 86
628 7488 1687 1576 309 1 0 369 75 1 258 0 186 0 0 0 86
629 7511 1677 1567 305 1 0 368 76 1 258 0 186 0 0 0 86
630 7523 1671 1561 301 1 0 369 77 1 259 0 187 0 0 0 86
631 7525 1669 1559 303 1 0 369 77 1 259 0 187 0 0 0 86
632 7531 1667 1557 301 1 0 369 77 1 259 0 187 0 0 0 86
633 7529 1667 1557 303 1 0 369 77 1 259 0 187 0 0 0 86
634 7542 1663 1552 297 1 0 371 76 1 260 0 187 0 0 0 86
635 7524 1670 1561 297 1 0 371 77 1 262 0 186 0 0 0 86
636 7539 1662 1553 298 1 0 371 77 1 262 0 186 0 0 0 86
637 7545 1658 1550 299 1 0 371 77 1 263 0 185 0 0 0 86
638 7541 1661 1548 301 1 0 373 75 1 260 0 188 0 0 0 87
639 7553 1657 1545 296 1 0 372 76 1 260 0 188 0 0 0 87
640 7564 1652 1540 295 1 0 373 75 1 261 0 187 0 0 0 87
641 7562 1653 1541 293 1 0 373 76 1 261 0 188 0 0 0 87
642 7574 1648 1533 290 1 0 376 75 1 261 0 190 0 0 0 87
643 7565 1649 1536 295 1 0 376 75 1 263 0 188 0 0 0 87
644 7572 1644 1531 296 1 0 377 75 1 264 0 188 0 0 0 87
645 7574 1642 1532 295 1 0 376 76 1 266 0 186 0 0 0 87
646 7582 1636 1526 299 1 0 376 76 1 266 0 186 0 0 0 87
647 7575 1639 1530 299 1 0 376 76 1 267 0 185 0 0 0 87
648 7582 1634 1530 297 1 0 375 77 1 271 0 181 0 0 0 87
649 7590 1630 1528 295 1 0 375 77 1 273 0 179 0 0 0 87
650 7583 1633 1531 294 1 0 376 77 1 274 0 179 0 0 0 87
651 7579 1634 1530 298 1 0 378 75 1 274 0 179 0 0 0 87
652 7589 1628 1525 299 1 0 379 74 1 276 0 177 0 0 0 87
653 7579 1632 1530 300 1 0 379 74 1 277 0 176 0 0 0 87
654 7568 1636 1535 302 1 0 379 74 1 278 0 175 0 0 0 87
655 7579 1631 1530 301 1 0 379 74 1 278 0 175 0 0 0 87
656 7587 1628 1527 299 1 0 380 73 1 279 0 174 0 0 0 87
657 7593 1626 1525 297 1 0 380 73 1 279 0 174 0 0 0 87
658 7610 1616 1518 295 1 0 379 75 1 281 0 173 0 0 0 87
659 7607 1616 1522 294 1 0 378 76 1 284 0 170 0 0 0 87
660 7616 1610 1516 297 1 0 378 76 1 284 0 170 0 0 0 87
661 7628 1603 1510 298 1 0 377 77 1 284 0 170 0 0 0 87
662 7639 1601 1509 286 1 0 378 78 1 286 0 170 0 0 0 87
663 7637 1603 1512 283 1 0 378 78 1 287 0 169 0 0 0 87
664 7655 1597 1504 277 1 0 380 77 1 287 0 170 0 0 0 87
665 7642 1597 1508 286 1 0 378 79 1 289 0 168 0 0 0 87
666 7632 1601 1512 288 1 0 378 79 2 288 0 168 0 1 0 86
667 7645 1595 1506 285 1 0 379 79 2 289 0 168 0 1 0 86
668 7642 1596 1507 286 1 0 379 79 2 289 0 168 0 1 0 86
669 7636 1596 1510 289 1 0 377 81 2 290 0 167 0 1 0 86
670 7642 1593 1508 288 1 0 375 83 2 289 0 168 0 1 0 86
671 7635 1596 1511 287 1 0 376 82 2 290 0 167 0 1 0 88
672 7643 1595 1508 282 1 0 378 80 2 290 0 167 0 1 0 89
673 7660 1587 1500 281 1 0 379 79 2 291 0 166 0 1 0 89
674 7648 1593 1506 277 1 0 381 79 2 293 0 166 0 1 0 89
675 7658 1587 1500 277 1 0 381 80 2 293 0 167 0 1 0 89
676 7658 1589 1502 273 1 0 381 80 2 293 0 167 0 1 0 89
677 7663 1585 1502 272 1 0 379 82 2 295 0 165 0 1 0 89
678 7670 1580 1500 272 1 0 378 83 2 297 0 163 0 1 0 89
679 7686 1571 1491 274 1 0 378 83 2 297 0 163 0 1 0 89
680 7691 1568 1488 275 1 0 377 84 2 296 0 164 0 1 0 89
681 7698 1563 1485 276 1 0 377 84 2 298 0 162 0 1 0 89
682 7706 1560 1481 275 1 0 378 83 2 298 0 162 0 1 0 89
683 7703 1563 1483 273 1 0 378 83 2 297 0 163 0 1 0 89
684 7725 1552 1471 273 1 0 379 82 2 297 0 163 0 1 0 90
685 7733 1547 1467 274 1 0 379 82 2 298 0 162 0 1 0 90
686 7748 1539 1461 273 1 0 379 82 2 300 0 160 0 1 0 90
687 7755 1539 1462 265 1 0 379 82 2 301 0 159 0 1 0 90
688 7748 1543 1465 263 1 0 380 82 2 301 0 160 0 1 0 90
689 7746 1546 1467 260 1 0 381 81 2 301 0 160 0 1 0 90
690 7746 1544 1468 261 1 0 380 82 2 303 0 158 0 1 0 90
691 7744 1545 1468 262 1 0 381 81 2 303 0 158 0 1 0 90
692 7761 1538 1462 258 1 0 381 81 2 304 0 157 0 1 0 90
693 7764 1535 1457 261 1 0 383 80 2 304 0 158 0 1 0 90
694 7770 1533 1452 262 1 0 386 77 2 304 0 158 0 1 0 90
695 7786 1525 1443 263 1 0 387 76 2 304 0 158 0 1 0 90
696 7794 1522 1438 259 2 0 389 75 3 304 0 159 0 1 0 90
697 7790 1526 1442 255 2 0 390 74 3 305 0 158 0 1 0 90
698 7804 1519 1434 256 2 0 392 72 3 306 0 157 0 1 0 90
699 7817 1515 1430 251 2 0 393 71 3 307 0 156 0 1 0 90
700 7818 1515 1430 250 2 0 393 71 3 307 0 156 0 1 0 90
701 7819 1516 1430 248 2 0 393 71 3 306 0 157 0 1 0 90
702 7817 1515 1430 251 2 0 394 70 3 308 0 155 0 1 0 90
703 7820 1514 1429 250 3 0 393 70 3 308 1 154 0 1 0 90
704 7843 1504 1417 249 3 0 394 69 3 307 1 155 0 1 0 90
705 7858 1499 1408 246 3 0 397 67 3 306 1 157 0 1 0 90
706 7868 1493 1404 245 3 0 397 67 3 308 1 155 0 1 0 91
707 7851 1500 1412 247 3 0 397 67 3 309 1 154 0 1 0 91
708 7853 1500 1412 242 3 0 398 67 3 310 1 154 0 1 0 92
709 7864 1495 1408 240 3 0 398 67 3 311 1 153 0 1 0 92
710 7873 1491 1404 239 3 0 398 67 3 311 1 153 0 1 0 92
711 7890 1482 1397 238 3 0 398 67 3 313 1 151 0 1 0 92
712 7886 1487 1401 233 3 0 400 65 3 314 1 150 0 1 0 92
713 7886 1485 1401 235 3 0 400 65 3 316 1 148 0 1 0 92
714 7889 1480 1396 241 3 0 401 64 3 317 1 147 0 1 0 93
715 7896 1476 1394 240 3 0 401 64 3 319 1 145 0 1 0 93
716 7892 1478 1396 240 3 0 401 64 3 319 1 145 0 1 0 93
717 7902 1475 1389 238 3 0 403 63 3 317 1 148 0 1 0 93
718 7901 1475 1390 238 3 0 404 62 3 319 1 146 0 1 0 93
719 7913 1470 1386 235 3 0 404 62 3 320 1 145 0 1 0 93
720 7916 1468 1384 236 3 0 404 62 3 320 1 145 0 1 0 93
721 7924 1464 1382 234 3 0 402 64 3 320 1 145 0 1 0 93
722 7931 1459 1376 236 3 0 402 65 3 319 1 147 0 1 0 93
723 7945 1451 1368 238 3 0 403 63 3 320 1 145 0 1 0 95
724 7951 1446 1364 241 3 0 402 64 3 320 1 145 0 1 0 95
725 7953 1446 1363 237 3 0 403 64 3 320 1 146 0 1 0 96
726 7950 1448 1366 235 3 0 404 63 3 322 1 144 0 1 0 96
727 7957 1446 1363 233 3 0 405 62 3 322 1 144 0 1 0 96
728 7958 1446 1364 231 3 0 405 62 3 323 1 143 0 1 0 96
729 7960 1446 1364 229 3 0 406 61 3 324 1 142 0 1 0 96
730 7977 1439 1359 224 3 0 406 61 3 326 1 140 0 1 0 96
731 7987 1433 1356 223 3 0 406 61 3 329 1 137 0 1 0 96
732 8003 1426 1348 222 3 0 407 60 3 329 1 137 0 1 0 96
733 7999 1427 1348 225 3 0 407 60 3 328 1 138 0 1 0 96
734 8006 1422 1345 226 3 0 408 59 3 331 1 135 0 1 0 96
735 8012 1419 1341 227 3 0 410 57 3 332 1 134 0 1 0 96
736 8003 1421 1345 230 3 0 409 58 3 333 1 133 0 1 0 96
737 7993 1425 1350 231 3 0 408 59 3 333 1 133 0 1 0 96
738 7993 1424 1350 230 3 0 408 60 3 334 1 133 0 1 0 96
739 7997 1423 1350 227 3 0 408 60 3 335 1 132 0 1 0 96
740 7996 1423 1350 228 3 0 408 60 3 335 1 132 0 1 0 96
741 8006 1418 1346 227 3 0 408 60 3 336 1 131 0 1 0 96
742 7997 1419 1348 233 3 0 408 60 4 336 0 131 0 1 0 96
743 8003 1417 1347 230 3 0 408 60 4 337 0 130 0 1 0 96
744 8003 1417 1348 227 3 0 409 60 4 339 0 129 0 1 0 96
745 8008 1414 1345 228 3 0 410 59 4 340 0 128 0 1 0 96
746 8007 1414 1346 228 3 0 410 59 4 341 0 127 0 1 0 96
747 8028 1403 1339 225 3 0 410 59 4 345 0 123 0 1 0 96
748 8026 1405 1341 223 3 0 410 59 4 345 0 123 0 1 0 96
749 8030 1402 1338 225 3 0 411 58 4 346 0 122 0 1 0 96
750 8026 1403 1340 226 3 0 410 59 4 346 0 122 0 1 0 96
751 8031 1401 1338 225 3 0 410 59 4 346 0 122 0 1 0 96
752 8041 1397 1335 222 3 0 410 59 4 347 0 121 0 1 0 96
753 8055 1391 1329 220 3 0 410 59 4 347 0 121 0 1 0 96
754 8061 1387 1325 222 3 0 410 59 4 347 0 121 0 1 0 96
755 8058 1386 1324 224 3 0 411 59 4 348 0 121 0 1 0 97
756 8056 1387 1326 221 3 0 411 60 4 349 0 121 0 1 0 97
757 8068 1381 1318 222 3 0 414 57 4 350 0 120 0 1 0 98
758 8081 1375 1312 219 3 0 416 56 4 352 0 119 0 1 0 98
759 8087 1373 1309 218 3 0 417 55 4 352 0 119 0 1 0 98
760 8092 1372 1308 215 3 0 418 54 4 353 0 118 0 1 0 98
761 8101 1369 1304 213 3 0 418 54 3 353 1 118 0 1 0 98
762 8100 1369 1304 214 3 0 417 55 3 352 1 119 0 1 0 98
763 8104 1369 1303 211 3 0 417 55 3 351 1 120 0 1 0 98
764 8107 1367 1303 208 3 0 414 59 3 350 1 122 0 1 0 98
765 8111 1365 1301 206 3 0 414 60 3 350 1 123 0 1 0 98
766 8125 1359 1297 202 3 0 414 60 3 352 1 121 0 1 0 98
767 8122 1361 1299 201 3 0 414 60 3 352 1 121 0 1 0 98
768 8126 1359 1299 199 3 0 413 61 3 353 1 120 0 1 0 98
769 8140 1353 1293 197 3 0 414 60 3 354 1 119 0 1 0 98
770 8139 1353 1292 199 3 0 414 60 3 353 1 120 0 1 0 98
771 8142 1351 1291 199 3 0 413 61 3 353 1 120 0 1 0 98
772 8149 1349 1291 194 3 0 413 61 3 355 1 118 0 1 0 98
773 8149 1349 1291 194 3 0 413 61 3 355 1 118 0 1 0 98
774 8147 1352 1294 190 3 0 413 61 3 355 1 118 0 1 0 98
775 8152 1351 1292 186 3 0 414 61 3 355 1 119 0 1 0 98
776 8162 1346 1288 185 3 0 413 62 3 355 1 119 0 1 0 98
777 8179 1337 1280 185 3 0 413 62 3 356 1 118 0 1 0 98
778 8184 1334 1280 183 3 0 412 63 3 358 1 116 0 1 0 98
779 8188 1332 1278 183 3 0 412 63 3 358 1 116 0 1 0 98
780 8188 1331 1277 184 3 0 412 63 3 358 1 116 0 1 0 99
781 8188 1330 1277 185 3 0 412 63 3 359 1 115 0 1 0 99
782 8191 1328 1275 184 3 0 413 63 3 360 1 115 0 1 0 99
783 8189 1329 1275 185 3 0 414 62 3 360 1 115 0 1 0 99
784 8184 1330 1277 186 3 0 413 63 3 360 1 115 0 1 0 100
785 8191 1327 1273 184 3 0 414 63 3 360 1 116 0 1 0 100
786 8191 1328 1270 184 3 0 416 62 3 358 1 119 0 1 0 100
787 8199 1324 1266 184 3 0 416 62 3 358 1 119 0 1 0 100
788 8202 1323 1263 183 3 0 418 61 3 358 1 120 0 1 0 100
789 8214 1317 1256 184 3 0 419 60 3 358 1 120 0 1 0 100
790 8229 1309 1249 184 3 0 420 59 3 360 1 118 0 1 0 100
791 8229 1310 1249 181 3 0 421 59 3 360 1 119 0 1 0 100
792 8224 1311 1251 183 3 0 421 59 3 361 1 118 0 1 0 100
793 8223 1312 1253 181 3 0 421 59 3 362 1 117 0 1 0 100
794 8229 1308 1247 181 3 0 423 59 3 362 1 119 0 1 0 100
795 8239 1303 1241 182 3 0 424 58 3 362 1 119 0 1 0 100
796 8250 1297 1237 181 3 0 424 58 3 364 1 117 0 1 0 100
797 8258 1294 1234 179 3 0 425 57 3 365 1 116 0 1 0 100
798 8262 1292 1232 179 3 0 425 57 3 365 1 116 0 1 0 100
799 8259 1294 1235 177 3 0 425 57 3 366 1 115 0 1 0 100
800 8269 1287 1228 179 3 0 426 57 3 367 1 115 0 1 0 100
801 8270 1286 1227 180 3 0 426 57 3 367 1 115 0 1 0 100
802 8281 1285 1225 172 3 0 426 57 3 366 1 116 0 1 0 100
803 8277 1286 1226 174 3 0 426 57 3 366 1 116 0 1 0 100
804 8286 1282 1219 176 3 0 429 54 3 366 1 116 0 1 0 100
805 8285 1284 1221 173 3 0 429 54 3 366 1 116 0 1 0 100
806 8287 1283 1222 171 3 0 428 55 3 367 1 115 0 1 0 100
807 8288 1284 1223 168 3 0 427 56 3 366 1 116 0 1 0 100
808 8289 1282 1223 169 3 0 425 58 3 366 1 116 0 1 0 100
809 8294 1280 1223 166 3 0 423 60 3 366 1 116 0 1 0 100
810 8293 1279 1224 167 3 0 423 60 3 368 1 114 0 1 0 100
811 8293 1279 1225 166 3 0 422 61 3 368 1 114 0 1 0 100
812 8297 1277 1222 165 3 0 422 61 3 367 1 115 0 1 0 102
813 8305 1273 1217 166 3 1 422 60 4 365 1 116 0 1 0 102
814 8322 1264 1209 166 3 1 422 60 4 366 1 115 0 1 0 102
815 8336 1258 1204 163 3 1 422 60 4 367 1 114 0 1 0 102
816 8343 1255 1200 163 3 1 424 58 3 369 2 112 0 1 0 102
817 8338 1259 1202 162 3 1 426 56 3 369 2 112 0 1 0 102
818 8358 1248 1195 160 3 1 425 57 3 372 2 109 0 1 0 102
819 8376 1240 1187 158 3 1 426 56 3 373 2 108 0 1 0 102
820 8385 1236 1184 156 3 1 426 56 3 374 2 107 0 1 0 102
821 8398 1229 1179 155 3 1 425 57 3 375 2 106 0 1 0 102
822 8390 1233 1183 155 3 1 425 57 3 375 2 106 0 1 0 102
823 8388 1234 1186 153 3 1 425 57 3 377 2 104 0 1 0 102
824 8399 1229 1182 151 3 1 425 57 3 378 2 103 0 1 0 102
825 8399 1228 1182 152 3 1 424 58 3 378 2 103 0 1 0 102
826 8390 1229 1185 157 3 1 422 60 3 378 2 103 0 1 0 102
827 8377 1236 1191 157 3 1 423 59 3 378 2 103 0 1 0 102
828 8367 1240 1198 156 3 1 421 61 3 379 2 102 0 1 0 102
829 8368 1240 1197 154 3 1 422 61 3 379 2 103 0 1 0 102
830 8374 1236 1194 155 3 1 422 61 3 380 2 102 0 1 0 102
831 8388 1230 1190 151 3 1 421 62 3 381 2 101 0 1 0 102
832 8386 1230 1190 153 3 1 421 62 3 381 2 101 0 1 0 102
833 8397 1222 1186 154 3 1 420 63 3 384 2 98 0 1 0 102
834 8409 1218 1181 151 3 1 421 62 3 384 2 98 0 1 0 102
835 8417 1215 1178 149 3 1 421 62 3 384 2 98 0 1 0 102
836 8420 1214 1176 149 3 1 422 61 3 384 2 98 0 1 0 102
837 8440 1205 1166 148 3 1 422 61 3 383 2 99 0 1 0 102
838 8442 1206 1167 144 3 1 421 62 3 382 2 100 0 1 0 102
839 8449 1203 1164 143 3 1 421 62 3 382 2 100 0 1 0 102
840 8452 1201 1161 144 3 1 421 62 3 381 2 101 0 1 0 103
841 8452 1204 1163 141 3 1 421 61 3 380 2 101 0 1 0 103
842 8454 1203 1163 140 3 1 421 61 3 381 2 100 0 1 0 103
843 8467 1197 1157 137 3 1 422 61 3 382 2 100 0 1 0 103
844 8472 1193 1155 138 3 1 421 62 3 383 2 99 0 1 0 103
845 8487 1184 1149 138 3 1 419 64 3 384 2 98 0 1 0 103
846 8491 1182 1147 137 3 1 420 63 3 385 2 97 0 1 0 104
847 8483 1183 1153 138 3 1 416 67 3 386 2 96 0 1 0 104
848 8483 1184 1153 137 3 1 417 66 3 386 2 96 0 1 0 104
849 8489 1179 1151 138 3 1 417 66 3 389 2 93 0 1 0 104
850 8483 1181 1153 140 3 1 417 66 3 389 2 93 0 1 0 104
851 8489 1177 1149 142 3 1 416 67 3 388 2 94 0 1 0 104
852 8501 1172 1143 141 3 1 418 65 3 389 2 93 0 1 0 104
853 8501 1170 1140 144 3 1 420 64 3 390 2 93 0 1 0 104
854 8502 1169 1139 145 3 1 420 64 3 390 2 93 0 1 0 104
855 8498 1172 1140 145 4 0 421 63 3 390 2 93 0 1 0 104
856 8492 1174 1143 146 4 0 421 63 3 391 2 92 0 1 0 104
857 8497 1173 1141 144 4 0 422 62 3 391 2 92 0 1 0 104
858 8486 1177 1148 144 4 0 422 62 3 394 2 89 0 1 0 104
859 8485 1176 1147 145 4 0 423 62 3 395 2 89 0 1 0 104
860 8493 1172 1143 145 4 0 423 62 3 395 2 89 0 1 0 104
861 8496 1172 1141 144 4 0 425 60 3 395 2 89 0 1 0 104
862 8509 1168 1136 140 4 0 426 59 3 395 2 89 0 1 0 104
863 8514 1167 1135 137 4 0 426 59 3 395 2 89 0 1 0 104
864 8528 1160 1127 138 4 0 428 57 3 396 2 88 0 1 0 104
865 8546 1151 1118 136 4 0 429 57 3 397 2 88 0 1 0 104
866 8549 1148 1116 136 4 0 430 57 4 398 1 88 0 1 0 104
867 8547 1149 1116 137 4 0 431 56 4 398 1 88 0 1 0 104
868 8547 1151 1117 134 4 0 432 55 4 398 1 88 0 1 0 104
869 8555 1147 1114 133 4 0 431 56 4 398 1 88 0 1 0 104
870 8561 1144 1111 133 4 0 432 55 4 399 1 87 0 1 0 104
871 8561 1146 1111 131 4 0 433 54 4 398 1 88 0 1 0 104
872 8565 1145 1109 130 4 0 433 54 4 397 1 89 0 1 0 104
873 8581 1135 1100 133 4 0 433 54 4 398 1 88 0 1 0 104
874 8586 1133 1099 131 4 0 432 55 4 398 1 88 0 1 0 104
875 8590 1134 1097 128 4 0 435 52 4 398 1 88 0 1 0 104
876 8591 1134 1098 126 4 0 436 51 4 400 1 86 0 1 0 104
877 8609 1126 1090 124 4 0 436 51 4 400 1 86 0 1 0 104
878 8605 1130 1091 121 4 0 437 51 4 398 1 89 0 1 0 104
879 8608 1129 1091 119 4 0 437 51 4 399 1 88 0 1 0 104
880 8616 1125 1087 119 4 0 439 49 4 401 1 86 0 1 0 104
881 8624 1120 1081 121 4 0 440 48 4 401 1 86 0 1 0 105
882 8629 1118 1079 118 4 0 441 48 4 402 1 86 0 1 0 105
883 8633 1116 1077 118 4 0 441 48 4 402 1 86 0 1 0 105
884 8638 1113 1075 118 4 0 441 48 4 403 1 85 0 1 0 105
885 8644 1110 1072 118 4 0 441 48 4 403 1 85 0 1 0 105
886 8658 1102 1065 119 4 0 441 48 4 404 1 84 0 1 0 105
887 8662 1102 1063 117 4 0 443 46 4 404 1 84 0 1 0 105
888 8675 1096 1058 115 4 0 442 47 4 404 1 84 0 1 0 105
889 8688 1089 1052 115 4 0 442 47 4 405 1 83 0 1 0 105
890 8693 1087 1049 115 4 0 442 47 3 405 2 83 0 1 0 105
891 8690 1091 1051 112 4 0 444 45 3 405 2 83 0 1 0 105
892 8696 1088 1048 112 4 0 443 46 3 404 2 84 0 1 0 105
893 8701 1086 1046 111 4 0 443 46 3 404 2 84 0 1 0 105
894 8709 1083 1043 109 4 0 443 46 3 404 2 84 0 1 0 105
895 8718 1078 1040 108 4 0 443 46 3 406 2 82 0 1 0 105
896 8723 1077 1039 105 4 0 443 46 3 406 2 82 0 1 0 105
897 8729 1075 1038 100 4 0 443 47 3 407 2 82 0 1 0 105
898 8732 1073 1037 100 4 0 443 47 3 408 2 81 0 1 0 105
899 8739 1069 1034 100 4 0 443 47 3 409 2 80 0 1 0 105
900 8748 1063 1029 100 4 0 443 48 3 410 2 80 0 1 0 105
901 8749 1062 1028 101 3 0 444 48 2 411 3 79 0 2 0 104
902 8752 1060 1026 101 3 0 445 47 2 412 3 78 0 2 0 105
903 8754 1060 1025 100 3 0 446 46 2 412 3 78 0 2 0 105
904 8758 1058 1023 100 3 0 446 46 2 412 3 78 0 2 0 105
905 8767 1054 1019 99 3 0 446 46 2 412 3 78 0 2 0 105
906 8775 1050 1013 97 3 0 447 47 2 411 3 81 0 2 0 105
907 8783 1047 1010 95 3 0 448 46 2 412 3 80 0 2 0 105
908 8791 1043 1005 96 3 0 448 46 2 411 3 81 0 2 0 105
909 8794 1041 1004 96 3 0 447 47 2 411 3 81 0 2 0 105
910 8788 1044 1008 95 3 0 446 48 2 411 3 81 0 2 0 105
911 8793 1042 1005 95 3 0 446 48 2 410 3 82 0 2 0 105
912 8800 1037 1000 98 3 0 446 48 3 409 2 83 0 2 0 105
913 8798 1038 1002 97 3 0 446 48 3 410 2 82 0 2 0 105
914 8804 1036 998 97 3 0 448 46 3 410 2 82 0 2 0 105
915 8804 1036 998 97 3 0 448 46 3 410 2 82 0 2 0 105
916 8830 1023 985 97 3 0 448 46 3 410 2 82 0 2 0 105
917 8834 1021 984 96 3 0 448 46 3 411 2 81 0 2 0 105
918 8847 1015 978 95 3 0 448 46 3 411 2 81 0 2 0 105
919 8865 1006 968 95 3 0 449 45 3 411 2 81 0 2 0 106
920 8868 1006 967 93 3 0 450 44 3 411 2 81 0 2 0 106
921 8870 1005 967 92 3 0 450 44 3 412 2 80 0 2 0 106
922 8877 1002 965 90 3 0 449 45 3 412 2 80 0 2 0 106
923 8877 1002 965 90 3 0 449 45 3 412 2 80 0 2 0 106
924 8872 1003 966 93 3 0 449 45 3 412 2 80 0 2 0 106
925 8882 1000 961 91 3 0 450 44 3 411 2 81 0 2 0 106
926 8884 999 960 91 3 0 450 44 3 411 2 81 0 2 0 106
927 8903 989 952 90 3 0 450 44 3 413 2 79 0 2 0 106
928 8896 992 956 90 3 0 450 44 3 414 2 78 0 2 0 106
929 8910 985 950 89 3 0 450 44 3 415 2 77 0 2 0 106
930 8908 986 950 90 3 0 450 44 3 414 2 78 0 2 0 106
931 8910 985 948 91 3 0 450 44 3 413 2 79 0 2 0 106
932 8903 990 951 90 3 0 451 43 3 412 2 80 0 2 0 106
933 8901 991 952 90 3 0 452 42 3 413 2 79 0 2 0 106
934 8907 988 949 90 3 0 452 42 3 413 2 79 0 2 0 106
935 8911 987 948 88 3 0 452 42 2 414 3 78 0 2 0 106
936 8921 982 943 88 3 0 452 42 2 414 3 78 0 2 0 106
937 8921 982 943 88 3 0 452 42 2 414 3 78 0 2 0 106
938 8924 980 942 88 3 0 451 43 2 414 3 78 0 2 0 106
939 8929 978 940 87 3 0 452 42 2 415 3 77 0 2 0 106
940 8934 975 937 88 3 0 452 42 2 415 3 77 0 2 0 106
941 8938 973 935 88 3 0 452 42 2 415 3 77 0 2 0 106
942 8942 971 932 89 3 0 452 42 2 414 3 78 0 2 0 106
943 8954 965 925 90 3 0 453 41 2 414 3 78 0 2 0 106
944 8963 961 921 89 3 0 453 41 2 414 3 78 0 2 0 106
945 8966 959 919 90 3 0 454 40 2 415 3 77 0 2 0 106
946 8968 958 919 89 3 0 454 40 2 416 3 76 0 2 0 106
947 8967 958 920 89 3 0 453 41 2 416 3 76 0 2 0 106
948 8977 952 916 89 3 0 452 42 2 417 3 75 0 2 0 106
949 8981 949 913 89 3 0 453 42 2 418 3 75 0 2 0 106
950 8983 949 913 87 3 0 453 42 2 418 3 75 0 2 0 106
951 8988 946 910 88 3 0 453 42 2 418 3 75 0 2 0 106
952 8987 946 910 89 3 0 453 42 2 418 3 75 0 2 0 106
953 8982 949 913 88 3 0 453 42 2 418 3 75 0 2 0 106
954 9000 941 905 86 3 0 453 42 2 418 3 75 0 2 0 106
955 9006 938 902 86 4 0 452 42 3 417 3 75 0 2 0 106
956 9012 935 899 86 4 0 452 42 3 417 3 75 0 2 0 106
957 9017 933 896 86 4 0 453 41 3 417 3 75 0 2 0 106
958 9031 926 889 86 4 0 452 42 3 416 3 76 0 2 0 106
959 9038 924 886 84 4 0 453 41 3 416 3 76 0 2 0 106
960 9050 919 880 83 4 0 454 40 3 416 3 76 0 2 0 106
961 9050 918 880 82 4 0 454 41 3 417 3 76 0 2 0 106
962 9058 915 877 80 4 0 454 41 3 417 3 76 0 2 0 106
963 9045 921 884 80 4 0 453 42 3 417 3 76 0 2 0 106
964 9044 922 885 79 4 0 454 41 3 418 3 75 0 2 0 106
965 9046 921 883 80 4 0 454 41 3 417 3 76 0 2 0 106
966 9055 917 880 78 4 0 454 41 3 418 3 75 0 2 0 106
967 9059 916 880 75 4 0 454 41 3 419 3 74 0 2 0 106
968 9053 918 884 75 4 0 452 43 3 419 3 74 0 2 0 106
969 9056 917 883 74 4 0 452 43 3 419 3 74 0 2 0 106
970 9062 914 881 73 4 0 452 43 3 420 3 73 0 2 0 106
971 9063 913 882 72 4 0 452 43 3 422 3 71 0 2 0 106
972 9061 913 884 72 4 0 450 45 3 422 3 71 0 2 0 106
973 9067 910 880 73 4 0 451 44 3 422 3 71 0 2 0 106
974 9073 907 878 71 4 0 451 44 3 423 3 70 0 2 0 107
975 9084 902 873 70 4 0 451 44 3 423 3 70 0 2 0 107
976 9086 901 873 69 4 0 452 43 3 425 3 68 0 2 0 107
977 9094 897 869 69 4 0 452 43 3 425 3 68 0 2 0 107
978 9094 897 870 68 4 0 451 44 3 425 3 68 0 2 0 107
979 9097 896 868 68 4 0 452 43 3 425 3 68 0 2 0 107
980 9108 890 863 68 4 0 453 42 3 427 3 66 0 2 0 107
981 9107 891 864 67 4 0 453 42 3 427 3 66 0 2 0 107
982 9108 890 865 66 4 0 452 43 3 428 3 65 0 2 0 107
983 9113 888 863 65 4 0 452 43 3 428 3 65 0 2 0 107
984 9108 891 867 63 4 0 452 43 3 429 3 64 0 2 0 107
985 9105 892 868 63 4 0 452 43 3 429 3 64 0 2 0 108
986 9107 890 868 63 4 0 452 43 3 431 3 62 0 2 0 108
987 9124 881 860 63 4 0 451 44 3 431 3 62 0 2 0 108
988 9144 872 852 60 4 0 451 44 3 432 3 61 0 2 0 108
989 9144 873 851 60 4 0 453 42 3 432 3 61 0 2 0 108
990 9144 875 852 57 4 0 454 41 3 432 3 61 0 2 0 108
991 9153 870 849 56 4 0 454 41 3 434 3 59 0 2 0 108
992 9148 872 851 57 4 0 454 41 3 434 3 59 0 2 0 108
993 9142 875 854 57 4 0 454 41 3 434 3 59 0 2 0 108
994 9144 875 853 56 4 0 455 40 3 434 3 59 0 2 0 108
995 9145 874 852 57 4 0 455 40 3 434 3 59 0 2 0 108
996 9138 877 856 57 4 0 455 40 3 435 3 58 0 2 0 108
997 9146 873 852 57 4 0 454 41 3 434 3 59 0 2 0 108
998 9156 867 848 57 4 0 454 41 3 436 3 57 0 2 0 108
999 9153 868 849 58 4 0 454 41 3 436 3 57 0 2 0 108
1000 9155 866 848 57 4 0 455 41 3 438 3 56 0 2 0 108
1001 9162 864 843 55 4 0 457 40 3 437 3 58 0 2 0 108
1002 9158 865 845 56 4 0 457 40 3 438 3 57 0 2 0 108
1003 9167 860 840 57 4 0 457 40 3 438 3 57 0 2 0 108
1004 9162 862 842 58 4 0 458 39 3 439 3 56 0 2 0 108
1005 9175 856 837 56 4 0 458 39 3 440 3 55 0 2 0 108
1006 9177 855 836 56 4 0 458 39 3 440 3 55 0 2 0 108
1007 9181 853 834 56 4 0 458 39 3 440 3 55 0 2 0 108
1008 9186 850 832 56 4 0 456 41 3 439 3 56 0 2 0 108
1009 9193 847 828 56 4 0 456 41 3 438 3 57 0 2 0 108
1010 9194 846 828 56 4 0 455 42 3 438 3 57 0 2 0 108
1011 9194 846 828 56 4 0 455 42 3 438 3 57 0 2 0 108
1012 9200 844 825 55 4 0 456 41 3 438 3 57 0 2 0 108
1013 9205 842 822 55 4 0 456 41 3 437 3 58 0 2 0 108
1014 9207 841 821 55 4 0 456 41 3 437 3 58 0 2 0 108
1015 9205 842 822 55 4 0 456 41 3 437 3 58 0 2 0 108
1016 9215 838 818 53 4 0 457 40 3 438 3 57 0 2 0 108
1017 9222 834 814 54 4 0 457 40 3 438 3 57 0 2 0 108
1018 9223 833 815 53 4 0 456 41 4 438 2 57 0 2 0 108
1019 9223 834 816 51 4 0 456 41 4 438 2 57 0 2 0 108
1020 9225 834 815 50 4 0 457 40 4 438 2 57 0 2 0 108
1021 9226 835 813 50 4 0 459 38 4 437 2 58 0 2 0 108
1022 9230 833 811 50 4 0 459 38 4 437 2 58 0 2 0 108
1023 9232 834 810 48 4 0 460 37 4 436 2 59 0 2 0 108
1024 9237 831 809 47 4 0 459 38 4 437 2 58 0 2 0 108
1025 9242 829 807 46 4 0 459 38 4 437 2 58 0 2 0 108
1026 9250 825 804 45 4 0 460 37 4 439 2 56 0 2 0 108
1027 9254 823 802 45 4 0 461 36 4 440 2 55 0 2 0 108
1028 9250 825 805 44 4 0 460 37 4 440 2 55 0 2 0 108
1029 9254 822 802 46 4 0 460 37 4 440 2 55 0 2 0 108
1030 9255 822 802 45 4 0 460 37 4 440 2 55 0 2 0 108
1031 9252 822 803 47 4 0 459 38 4 440 2 55 0 2 0 108
1032 9264 816 797 47 4 0 459 38 4 440 2 55 0 2 0 108
1033 9267 815 796 46 4 0 459 38 4 440 2 55 0 2 0 108
1034 9267 815 797 45 4 0 459 38 4 441 2 54 0 2 0 108
1035 9263 817 799 45 4 0 459 38 4 441 2 54 0 2 0 108
1036 9270 813 797 44 4 0 458 39 4 442 2 53 0 2 0 108
1037 9278 810 792 44 4 1 459 37 4 441 3 53 0 2 0 108
1038 9281 808 790 45 4 1 459 37 4 441 3 53 0 2 0 108
1039 9282 807 789 46 4 1 459 37 4 441 3 53 0 2 0 108
1040 9288 804 786 46 4 1 459 37 4 441 3 53 0 2 0 108
1041 9302 798 780 44 4 1 459 37 4 441 3 53 0 2 0 108
1042 9319 789 771 45 4 1 459 37 4 441 3 53 0 2 0 108
1043 9318 789 772 45 4 1 459 37 4 442 3 52 0 2 0 108
1044 9321 787 770 46 4 1 459 37 4 442 3 52 0 2 0 108
1045 9326 784 767 47 4 1 459 37 4 442 3 52 0 2 0 108
1046 9333 781 764 46 4 1 459 37 4 442 3 52 0 2 0 108
1047 9333 781 764 46 4 1 459 37 4 442 3 52 0 2 0 108
1048 9323 787 769 45 4 1 459 37 4 441 3 53 0 2 0 108
1049 9331 783 764 45 4 1 460 36 4 441 3 53 0 2 0 109
1050 9331 783 765 44 4 1 460 36 4 442 3 52 0 2 0 109
1051 9329 783 764 47 4 1 460 36 4 441 3 53 0 2 0 109
1052 9324 785 766 48 4 1 460 36 4 441 3 53 0 2 0 109
1053 9325 784 763 49 4 1 462 35 4 441 3 54 0 2 0 109
1054 9321 786 764 49 4 1 462 35 4 440 3 55 0 2 0 110
1055 9317 788 766 49 4 1 462 35 4 440 3 55 0 2 0 110
1056 9313 790 768 49 4 1 462 35 4 440 3 55 0 2 0 110
1057 9314 789 767 50 4 1 462 35 4 440 3 55 0 2 0 110
1058 9315 788 766 51 4 1 462 35 4 440 3 55 0 2 0 110
1059 9322 785 762 49 4 1 463 35 4 440 3 56 0 2 0 110
1060 9322 785 763 48 4 1 463 35 4 441 3 55 0 2 0 110
1061 9334 779 757 48 4 1 463 35 4 441 3 55 0 2 0 110
1062 9334 779 758 47 4 1 463 35 4 442 3 54 0 2 0 110
1063 9332 779 758 49 4 1 463 35 4 442 3 54 0 2 0 110
1064 9352 768 748 50 4 1 463 35 4 443 3 53 0 2 0 110
1065 9362 764 743 49 4 1 464 34 4 443 3 53 0 2 0 110
1066 9370 761 740 47 4 1 464 34 4 443 3 53 0 2 0 110
1067 9383 756 732 47 4 1 466 32 4 442 3 54 0 2 0 110
1068 9379 757 736 46 4 1 464 34 4 443 3 53 0 2 0 110
1069 9379 756 736 47 4 1 465 33 4 445 3 51 0 2 0 110
1070 9378 757 737 46 4 1 465 33 4 445 3 51 0 2 0 110
1071 9368 762 742 46 4 1 465 33 4 445 3 51 0 2 0 110
1072 9374 758 739 47 4 1 465 33 4 446 3 50 0 2 0 110
1073 9373 758 739 48 4 1 465 33 4 446 3 50 0 2 0 110
1074 9379 755 736 48 4 1 465 33 4 446 3 50 0 2 0 110
1075 9392 748 730 48 4 1 465 33 4 447 3 49 0 2 0 110
1076 9397 745 728 48 4 1 465 33 4 448 3 48 0 2 0 110
1077 9400 742 727 49 4 1 465 33 4 450 3 46 0 2 0 110
1078 9401 742 726 49 4 1 466 32 4 450 3 46 0 2 0 110
1079 9404 741 725 48 4 1 465 33 4 449 3 47 0 2 0 110
1080 9403 741 725 49 4 1 465 33 4 449 3 47 0 2 0 110
1081 9404 740 724 50 4 1 465 33 4 449 3 47 0 2 0 110
1082 9406 738 724 50 4 1 464 34 4 450 3 46 0 2 0 110
1083 9411 736 722 49 4 1 463 35 4 449 3 47 0 2 0 110
1084 9419 732 718 49 4 1 464 34 4 450 3 46 0 2 0 110
1085 9427 728 715 48 4 1 464 34 4 451 3 45 0 2 0 110
1086 9421 731 718 48 4 1 464 34 4 451 3 45 0 2 0 110
1087 9426 730 717 45 4 1 464 34 4 451 3 45 0 2 0 110
1088 9424 731 718 45 4 1 464 34 4 451 3 45 0 2 0 110
1089 9428 729 716 45 4 1 464 34 4 451 3 45 0 2 0 110
1090 9429 728 715 46 4 1 464 34 4 451 3 45 0 2 0 110
1091 9427 730 716 45 4 1 464 34 4 450 3 46 0 2 0 110
1092 9427 730 715 44 4 1 465 34 4 450 3 47 0 2 0 110
1093 9432 728 713 43 4 1 465 34 4 450 3 47 0 2 0 110
1094 9436 727 711 42 4 1 466 33 4 450 3 47 0 2 0 110
1095 9437 726 711 42 4 1 465 34 4 450 3 47 0 2 0 110
1096 9443 723 708 42 4 1 465 34 4 450 3 47 0 2 0 110
1097 9445 724 707 40 4 1 466 33 4 449 3 48 0 2 0 110
1098 9448 722 706 40 4 1 466 33 4 450 3 47 0 2 0 110
1099 9461 715 700 40 4 1 465 34 4 450 3 47 0 2 0 110
1100 9470 711 695 40 4 1 467 32 4 451 3 46 0 2 0 110
1101 9472 710 694 40 4 1 467 32 4 451 3 46 0 2 0 110
1102 9480 706 691 39 4 1 466 33 4 451 3 46 0 2 0 110
1103 9482 705 690 39 4 1 466 33 4 451 3 46 0 2 0 110
1104 9482 705 690 39 4 1 466 33 4 451 3 46 0 2 0 110
1105 9465 713 699 39 4 1 466 33 4 452 3 45 0 2 0 110
1106 9463 714 700 39 4 1 466 33 4 452 3 45 0 2 0 110
1107 9468 711 697 40 4 1 466 33 5 451 2 46 0 2 0 110
1108 9485 703 689 39 4 1 466 33 5 451 2 46 0 2 0 110
1109 9483 704 690 39 4 1 466 33 5 451 2 46 0 2 0 110
1110 9490 701 687 38 4 1 467 32 5 452 2 45 0 2 0 110
1111 9497 697 684 38 4 1 467 32 5 453 2 44 0 2 0 110
1112 9502 694 682 38 4 1 468 31 5 455 2 42 0 2 0 110
1113 9500 695 683 38 4 1 468 31 5 455 2 42 0 2 0 110
1114 9507 692 680 37 4 1 468 31 5 455 2 42 0 2 0 110
1115 9504 692 681 39 4 1 468 31 5 456 2 41 0 2 0 110
1116 9504 692 681 39 4 1 468 31 5 456 2 41 0 2 0 110
1117 9505 691 681 39 4 1 468 31 6 456 1 41 0 2 0 110
1118 9510 688 679 39 4 1 468 31 6 457 1 40 0 2 0 110
1119 9510 688 679 39 4 1 468 31 6 457 1 40 0 2 0 110
1120 9520 684 673 39 4 1 470 29 6 457 1 40 0 2 0 110
1121 9516 686 675 39 4 1 470 29 6 457 1 40 0 2 0 110
1122 9518 685 674 39 4 1 470 29 6 457 1 40 0 2 0 110
1123 9513 688 677 38 4 1 469 30 6 456 1 41 0 2 0 110
1124 9524 683 672 37 4 1 469 30 6 456 1 41 0 2 0 110
1125 9530 681 669 36 4 1 470 29 6 456 1 41 0 2 0 110
1126 9532 681 669 34 4 1 470 29 6 456 1 41 0 2 0 110
1127 9537 678 667 34 4 1 469 30 6 456 1 41 0 2 0 110
1128 9545 674 663 34 4 1 469 30 6 456 1 41 0 2 0 110
1129 9548 672 662 34 4 1 468 31 6 456 1 41 0 2 0 110
1130 9557 667 657 35 4 1 468 31 6 456 1 41 0 2 0 110
1131 9565 663 653 35 4 1 468 31 6 456 1 41 0 2 0 110
1132 9565 662 653 36 4 1 468 31 6 457 1 40 0 2 0 110
1133 9553 668 659 36 4 1 468 31 6 457 1 40 0 2 0 110
1134 9555 667 658 36 4 1 468 31 6 457 1 40 0 2 0 110
1135 9559 665 656 36 4 1 468 31 6 457 1 40 0 2 0 110
1136 9562 663 654 37 4 1 468 31 6 457 1 40 0 2 0 110
1137 9567 660 652 37 4 1 468 31 6 458 1 39 0 2 0 110
1138 9567 660 652 37 4 1 468 31 6 458 1 39 0 2 0 110
1139 9562 662 653 38 4 1 469 30 6 458 1 39 0 2 0 111
1140 9565 660 652 38 4 1 469 30 6 459 1 38 0 2 0 111
1141 9568 658 651 38 4 1 469 30 6 460 1 37 0 2 0 111
1142 9570 657 650 38 4 1 469 30 6 460 1 37 0 2 0 111
1143 9579 653 645 38 4 1 469 30 6 459 1 38 0 2 0 111
1144 9586 650 640 37 4 1 471 29 6 459 1 39 0 2 0 111
1145 9591 648 638 36 4 1 471 29 6 459 1 39 0 2 0 111
1146 9593 646 638 36 4 1 470 30 6 460 1 38 0 2 0 111
1147 9587 648 640 38 4 1 470 30 6 460 1 38 0 2 0 111
1148 9587 648 640 38 4 1 470 30 6 460 1 38 0 2 0 111
1149 9595 644 636 38 4 0 470 31 5 461 1 38 0 2 0 111
1150 9600 642 634 37 4 0 470 31 5 461 1 38 0 2 0 111
1151 9603 640 633 37 4 0 469 32 5 461 1 38 0 2 0 111
1152 9598 642 635 38 4 0 469 32 5 461 1 38 0 2 0 111
1153 9602 640 634 37 4 0 469 32 5 462 1 37 0 2 0 111
1154 9606 638 632 37 4 0 469 32 5 462 1 37 0 2 0 111
1155 9612 635 628 38 4 0 470 31 5 462 1 37 0 2 0 111
1156 9610 637 629 37 4 0 471 30 5 462 1 37 0 2 0 111
1157 9618 633 625 37 4 0 471 30 5 462 1 37 0 2 0 111
1158 9621 631 623 38 4 0 471 30 5 462 1 37 0 2 0 111
1159 9620 631 624 38 4 0 471 30 5 463 1 36 0 2 0 111
1160 9628 627 620 38 4 0 472 29 5 464 1 35 0 2 0 111
1161 9626 628 620 39 4 0 472 29 5 463 1 36 0 2 0 111
1162 9631 625 618 39 4 0 472 29 5 464 1 35 0 2 0 111
1163 9631 625 618 39 4 0 472 29 5 464 1 35 0 2 0 111
1164 9635 623 616 39 4 0 472 29 5 464 1 35 0 2 0 111
1165 9634 623 617 39 4 0 472 29 5 465 1 34 0 2 0 111
1166 9636 622 616 39 4 0 472 29 5 465 1 34 0 2 0 111
1167 9644 618 612 39 4 0 472 29 5 465 1 34 0 2 0 111
1168 9642 619 613 39 4 0 472 29 5 465 1 34 0 2 0 111
1169 9641 620 613 39 4 0 473 28 5 465 1 34 0 2 0 111
1170 9644 619 612 38 4 0 473 28 5 465 1 34 0 2 0 111
1171 9648 617 610 38 4 0 473 28 5 465 1 34 0 2 0 111
1172 9652 615 609 37 4 0 473 28 5 466 1 33 0 2 0 111
1173 9648 617 612 36 4 0 472 29 5 466 1 33 0 2 0 111
1174 9652 615 610 36 4 0 472 29 5 466 1 33 0 2 0 111
1175 9650 616 611 36 4 0 472 29 5 466 1 33 0 2 0 111
1176 9651 615 611 36 4 0 472 29 5 467 1 32 0 2 0 111
1177 9647 617 613 36 4 0 472 29 5 467 1 32 0 2 0 111
1178 9646 616 612 39 4 0 472 29 5 467 1 32 0 2 0 111
1179 9653 613 609 38 4 0 472 29 5 467 1 32 0 2 0 111
1180 9646 616 613 38 4 0 471 30 5 467 1 32 0 2 0 111
1181 9651 615 612 35 4 0 471 30 5 467 1 32 0 2 0 111
1182 9656 613 609 35 4 0 472 29 5 467 1 32 0 2 0 111
1183 9655 613 609 36 4 0 472 29 5 467 1 32 0 2 0 111
1184 9655 613 609 36 4 0 472 29 5 467 1 32 0 2 0 111
1185 9648 616 613 36 4 0 471 30 5 467 1 32 0 2 0 111
1186 9648 616 613 36 4 0 471 30 5 467 1 32 0 2 0 111
1187 9658 611 608 36 4 0 471 30 5 467 1 32 0 2 0 111
1188 9666 607 604 36 4 0 471 30 5 467 1 32 0 2 0 111
1189 9670 605 601 37 4 0 472 29 5 467 1 32 0 2 0 111
1190 9670 605 601 37 4 0 472 29 5 467 1 32 0 2 0 111
1191 9672 604 600 37 4 0 472 29 5 467 1 32 0 2 0 111
1192 9674 603 599 37 4 0 472 29 5 467 1 32 0 2 0 111
1193 9677 602 599 35 4 0 472 29 5 468 1 31 0 2 0 111
1194 9683 599 597 34 4 0 472 29 5 469 1 30 0 2 0 111
1195 9679 601 599 34 4 0 472 29 5 469 1 30 0 2 0 111
1196 9679 601 598 33 4 0 473 29 5 469 1 31 0 2 0 111
1197 9675 603 600 33 4 0 473 29 5 469 1 31 0 2 0 111
1198 9681 600 597 33 4 0 473 29 5 469 1 31 0 2 0 111
1199 9685 598 595 33 4 0 473 29 5 469 1 31 0 2 0 111
1200 9686 598 595 32 4 0 473 29 5 469 1 31 0 2 0 111
1201 9692 595 592 32 4 0 473 29 5 469 1 31 0 2 0 111
1202 9698 592 589 32 4 0 473 29 5 469 1 31 0 2 0 111
1203 9704 588 585 32 4 0 473 30 6 468 1 32 0 3 0 110
1204 9703 588 585 33 4 0 473 30 6 468 1 32 0 3 0 110
1205 9707 586 583 33 4 0 473 30 6 468 1 32 0 3 0 110
1206 9707 586 584 32 4 0 473 30 6 469 1 31 0 3 0 110
1207 9714 582 581 32 4 0 472 31 6 469 1 31 0 3 0 110
1208 9722 579 577 31 4 0 473 30 6 469 1 31 0 3 0 110
1209 9725 578 575 31 5 0 472 30 7 467 1 32 0 3 0 110
1210 9727 576 574 32 5 0 472 30 7 468 1 31 0 3 0 110
1211 9735 572 570 32 5 0 472 30 7 468 1 31 0 3 0 110
1212 9734 572 570 33 5 0 472 30 7 468 1 31 0 3 0 110
1213 9738 570 568 33 5 0 472 30 7 468 1 31 0 3 0 110
1214 9745 566 565 33 5 0 472 30 7 469 1 30 0 3 0 110
1215 9740 568 567 34 5 0 472 30 7 469 1 30 0 3 0 110
1216 9734 571 570 34 5 0 471 31 7 468 1 31 0 3 0 110
1217 9737 570 569 33 5 0 471 31 7 468 1 31 0 3 0 110
1218 9737 570 569 33 5 0 471 31 7 468 1 31 0 3 0 110
1219 9743 567 566 33 5 0 471 31 7 468 1 31 0 3 0 110
1220 9749 564 563 33 5 0 471 31 7 468 1 31 0 3 0 110
1221 9751 563 562 33 5 0 471 31 7 468 1 31 0 3 0 110
1222 9761 558 557 33 5 0 472 30 7 469 1 30 0 3 0 110
1223 9762 559 557 31 5 0 473 29 7 469 1 30 0 3 0 110
1224 9766 557 554 32 5 0 473 29 7 468 1 31 0 3 0 110
1225 9763 559 555 32 5 0 473 29 7 467 1 32 0 3 0 110
1226 9762 560 557 30 5 0 473 29 7 468 1 31 0 3 0 110
1227 9770 556 553 30 5 0 473 29 7 468 1 31 0 3 0 110
1228 9770 556 552 31 5 0 473 29 7 467 1 32 0 3 0 110
1229 9765 558 555 31 5 0 472 30 7 467 1 32 0 3 0 110
1230 9765 559 555 30 5 0 473 29 7 467 1 32 0 3 0 110
1231 9756 564 559 30 5 0 473 29 7 466 1 33 0 3 0 110
1232 9760 562 557 30 5 0 474 28 7 467 1 32 0 3 0 110
1233 9764 560 555 30 5 0 474 28 7 467 1 32 0 3 0 110
1234 9766 560 555 28 5 0 474 28 7 467 1 32 0 3 0 110
1235 9772 557 552 28 5 0 474 28 7 467 1 32 0 3 0 110
1236 9776 555 550 28 5 0 474 28 7 467 1 32 0 3 0 110
1237 9773 557 551 28 6 0 474 27 7 467 1 32 0 3 1 109
1238 9781 553 547 28 6 0 474 27 7 467 1 32 0 3 1 109
1239 9779 554 548 28 6 0 474 27 7 467 1 32 0 3 1 109
1240 9777 555 549 28 6 0 474 27 7 467 1 32 0 3 1 109
1241 9777 556 548 28 6 0 475 26 7 466 1 33 0 3 1 109
1242 9787 551 543 28 6 0 475 26 7 466 1 33 0 3 1 109
1243 9785 552 544 28 6 0 475 26 7 466 1 33 0 3 1 109
1244 9791 549 541 28 6 0 475 26 7 466 1 33 0 3 1 109
1245 9795 547 539 28 6 0 475 26 7 466 1 33 0 3 1 109
1246 9796 546 539 28 6 0 475 26 7 467 1 32 0 3 1 109
1247 9800 543 537 29 6 0 475 26 7 468 1 31 0 3 1 109
1248 9799 543 538 29 6 0 475 26 7 469 1 30 0 3 1 109
1249 9803 541 536 29 6 0 475 26 7 469 1 30 0 3 1 109
1250 9806 539 534 30 6 0 475 26 7 469 1 30 0 3 1 109
1251 9808 538 533 30 6 0 475 26 7 469 1 30 0 3 1 109
1252 9810 537 532 30 6 0 475 26 7 469 1 30 0 3 1 109
1253 9812 536 532 29 6 0 475 26 7 470 1 29 0 3 1 109
1254 9809 538 533 29 6 0 476 25 7 470 1 29 0 3 1 109
1255 9815 535 530 29 6 0 476 25 7 470 1 29 0 3 1 109
1256 9815 535 530 29 6 0 476 25 7 470 1 29 0 3 1 109
1257 9818 534 529 28 6 0 476 25 7 470 1 29 0 3 1 109
1258 9820 533 528 28 6 0 476 25 7 470 1 29 0 3 1 109
1259 9822 532 527 28 6 0 476 25 7 470 1 29 0 3 1 109
1260 9825 530 526 28 6 0 476 25 7 471 1 28 0 3 1 109
1261 9824 530 526 29 6 0 476 25 7 471 1 28 0 3 1 109
1262 9831 526 522 30 6 0 476 25 7 471 1 28 0 3 1 109
1263 9835 524 520 30 6 0 476 25 7 471 1 28 0 3 1 109
1264 9841 521 517 30 6 0 477 24 7 472 1 27 0 3 1 109
1265 9847 519 514 29 6 0 478 23 7 472 1 27 0 3 1 109
1266 9850 518 513 28 6 0 478 23 7 472 1 27 0 3 1 109
1267 9850 517 513 29 6 0 478 23 7 473 1 26 0 3 1 109
1268 9857 513 510 29 6 0 478 23 7 474 1 25 0 3 1 109
1269 9862 510 508 29 6 0 478 23 7 475 1 24 0 3 1 109
1270 9868 507 505 29 6 0 478 23 7 475 1 24 0 3 1 109
1271 9862 510 508 29 6 0 478 23 7 475 1 24 0 3 1 109
1272 9864 509 507 29 6 0 478 23 7 475 1 24 0 3 1 109
1273 9872 505 503 29 6 0 478 23 7 475 1 24 0 3 1 109
1274 9880 501 499 29 6 0 478 23 7 475 1 24 0 3 1 109
1275 9876 503 501 29 6 0 478 23 7 475 1 24 0 3 1 109
1276 9870 506 504 29 6 0 478 23 7 475 1 24 0 3 1 109
1277 9865 508 506 30 6 0 478 23 7 475 1 24 0 3 1 109
1278 9868 506 505 30 6 0 478 23 7 476 1 23 0 3 1 109
1279 9862 509 508 30 6 0 478 23 7 476 1 23 0 3 1 109
1280 9865 508 506 30 6 0 478 23 7 475 1 24 0 3 1 109
1281 9863 509 507 30 6 0 478 23 7 475 1 24 0 3 1 109
1282 9866 508 506 29 6 0 479 22 7 476 1 23 0 3 1 109
1283 9876 503 501 29 6 0 479 22 7 476 1 23 0 3 1 109
1284 9880 501 499 29 7 0 478 22 7 476 2 22 0 3 1 109
1285 9883 500 498 28 7 0 478 22 7 476 2 22 0 3 1 109
1286 9895 494 492 28 7 0 478 22 7 476 2 22 0 3 1 109
1287 9903 491 489 26 7 0 478 22 7 476 2 22 0 3 1 109
1288 9902 492 490 25 7 0 478 22 7 476 2 22 0 3 1 109
1289 9904 491 489 25 7 0 478 22 7 476 2 22 0 3 1 109
1290 9910 489 486 24 7 0 479 21 7 476 2 22 0 3 1 109
1291 9914 487 484 24 8 0 478 21 8 475 2 22 0 3 1 109
1292 9917 486 483 23 8 0 478 21 8 475 2 22 0 3 1 109
1293 9929 480 477 23 8 0 478 21 8 475 2 22 0 3 1 109
1294 9934 477 474 24 8 0 478 21 8 475 2 22 0 3 1 109
1295 9938 475 472 24 8 0 478 21 8 475 2 22 0 3 1 109
1296 9948 470 467 24 8 0 478 21 8 475 2 22 0 3 1 109
1297 9948 470 467 24 8 0 478 21 8 475 2 22 0 3 1 109
1298 9948 470 467 24 8 0 477 22 8 474 2 23 0 3 1 109
1299 9948 469 468 24 8 0 476 23 8 475 2 22 0 3 1 109
1300 9948 469 468 24 8 0 476 23 8 475 2 22 0 3 1 109
1301 9954 466 465 24 8 0 476 23 8 475 2 22 0 3 1 109
1302 9962 462 461 24 8 0 476 23 8 475 2 22 0 3 1 109
1303 9961 462 461 25 8 0 476 23 8 475 2 22 0 3 1 109
1304 9972 457 455 25 8 0 477 22 8 475 2 22 0 3 1 109
1305 9969 458 457 25 8 0 476 23 8 475 2 22 0 3 1 109
1306 9973 455 454 27 8 0 476 23 8 475 2 22 0 3 1 109
1307 9983 450 449 27 8 0 476 23 8 475 2 22 0 3 1 109
1308 9990 447 446 26 8 0 476 23 8 475 2 22 0 3 1 109
1309 9996 444 443 26 8 0 476 23 8 475 2 22 0 3 1 109
1310 9998 443 442 26 8 0 476 23 8 475 2 22 0 3 1 109
1311 10000 442 441 26 8 0 476 23 8 475 2 22 0 3 1 109
1312 9995 445 443 26 8 0 476 23 8 474 2 23 0 3 1 109
1313 9996 444 443 26 8 0 475 24 8 474 2 23 0 3 1 109
1314 9997 444 442 26 8 0 475 24 8 473 2 24 0 3 1 109
1315 10002 441 440 26 8 0 475 24 8 474 2 23 0 3 1 109
1316 10005 440 439 25 8 0 475 24 8 474 2 23 0 3 1 109
1317 10005 440 439 25 8 0 475 24 8 474 2 23 0 3 1 109
1318 10007 439 438 25 8 0 475 24 8 474 2 23 0 3 1 109
1319 10014 435 435 25 8 0 475 24 8 475 2 22 0 3 1 109
1320 10009 439 439 22 8 0 475 24 8 475 2 22 0 3 1 109
1321 10007 440 440 22 8 0 475 24 8 475 2 22 0 3 1 109
1322 10006 440 440 23 8 0 475 24 8 475 2 22 0 3 1 109
1323 10012 437 437 23 8 0 475 24 8 475 2 22 0 3 1 109
1324 10012 436 437 24 8 0 474 25 8 475 2 22 0 3 1 109
1325 10018 433 434 24 8 0 474 25 8 475 2 22 0 3 1 109
1326 10020 432 433 24 8 0 474 25 8 475 2 22 0 3 1 109
1327 10018 433 434 24 8 0 474 25 8 475 2 22 0 3 1 109
1328 10017 433 434 25 8 0 474 25 8 475 2 22 0 3 1 109
1329 10011 436 437 25 8 0 474 25 8 475 2 22 0 3 1 109
1330 10012 435 436 26 8 0 474 25 8 475 2 22 0 3 1 109
1331 10013 434 435 27 8 0 475 24 8 476 2 21 0 3 1 109
1332 10013 434 435 27 8 0 475 24 8 476 2 21 0 3 1 109
1333 10017 433 434 25 8 0 475 24 8 476 2 21 0 3 1 109
1334 10023 430 431 25 8 0 475 24 8 476 2 21 0 3 1 109
1335 10025 430 431 23 8 0 475 24 8 476 2 21 0 3 1 109
1336 10024 430 432 23 8 0 475 24 8 477 2 20 0 3 1 109
1337 10015 435 436 23 8 0 475 24 8 476 2 21 0 3 1 109
1338 10015 435 436 23 9 0 474 24 9 475 2 21 0 3 1 109
1339 10024 431 432 22 9 0 474 24 9 475 2 21 0 3 1 109
1340 10024 431 432 22 9 0 474 24 9 475 2 21 0 3 1 109
1341 10024 431 432 22 9 0 474 24 9 475 2 21 0 3 1 109
1342 10021 433 433 22 9 0 474 24 9 474 2 22 0 3 1 109
1343 10025 431 431 22 9 0 474 24 9 474 2 22 0 3 1 109
1344 10026 430 430 23 9 0 474 24 9 474 2 22 0 3 1 109
1345 10024 431 431 23 9 0 474 24 9 474 2 22 0 3 1 109
1346 10022 432 432 23 9 0 474 24 9 474 2 22 0 3 1 109
1347 10027 430 429 23 9 0 475 23 9 474 2 22 0 3 1 109
1348 10031 428 427 23 9 0 475 23 9 474 2 22 0 3 1 109
1349 10034 427 425 23 9 0 475 23 9 473 2 23 0 3 1 109
1350 10031 428 426 24 9 0 475 23 9 473 2 23 0 3 1 109
1351 10032 428 426 23 9 0 475 23 9 473 2 23 0 3 1 109
1352 10038 425 423 23 9 0 475 23 9 473 2 23 0 3 1 109
1353 10038 425 423 23 9 0 475 23 9 473 2 23 0 3 1 109
1354 10034 427 425 23 9 0 475 23 9 473 2 23 0 3 1 109
1355 10040 424 422 23 9 0 475 23 9 473 2 23 0 3 1 109
1356 10040 424 422 23 9 0 475 23 9 473 2 23 0 3 1 109
1357 10042 423 421 23 9 0 475 23 9 473 2 23 0 3 1 109
1358 10044 422 420 23 9 0 475 23 9 473 2 23 0 3 1 109
1359 10046 421 419 23 9 0 476 22 9 474 2 22 0 3 1 109
1360 10050 419 417 23 9 0 476 22 9 474 2 22 0 3 1 109
1361 10055 416 415 23 9 0 476 22 10 474 1 22 0 3 1 109
1362 10055 416 415 23 9 0 476 22 10 474 1 22 0 3 1 109
1363 10055 416 415 23 9 0 476 22 10 474 1 22 0 3 1 109
1364 10060 413 413 23 9 0 476 22 10 475 1 21 0 3 1 109
1365 10058 415 414 22 9 0 476 22 10 474 1 22 0 3 1 109
1366 10053 418 417 21 9 0 476 22 10 474 1 22 0 3 1 109
1367 10053 418 417 21 9 0 476 22 10 474 1 22 0 3 1 109
1368 10056 416 416 21 9 0 476 22 10 475 1 21 0 3 1 109
1369 10060 414 414 21 9 0 476 22 10 475 1 21 0 3 1 109
1370 10065 411 412 21 9 0 476 22 10 476 1 20 0 3 1 109
1371 10072 408 409 20 9 0 476 22 10 476 1 20 0 3 1 109
1372 10077 406 406 20 9 0 477 21 10 476 1 20 0 3 1 109
1373 10077 406 406 20 9 0 477 21 10 476 1 20 0 3 1 109
1374 10084 402 401 22 9 0 478 20 10 476 1 20 0 3 1 109
1375 10080 404 403 22 9 0 478 20 10 476 1 20 0 3 1 109
1376 10076 406 405 22 9 0 478 20 10 476 1 20 0 3 1 109
1377 10077 405 404 23 9 0 478 20 10 476 1 20 0 3 1 109
1378 10080 403 402 24 9 0 478 20 10 476 1 20 0 3 1 109
1379 10082 402 401 24 9 0 478 20 10 476 1 20 0 3 1 109
1380 10087 399 399 24 9 0 478 20 10 477 1 19 0 3 1 109
1381 10085 400 400 24 9 0 478 20 10 477 1 19 0 3 1 109
1382 10088 398 399 24 9 0 478 20 10 478 1 18 0 3 1 109
1383 10088 398 399 24 9 0 478 20 10 478 1 18 0 3 1 109
1384 10088 398 399 24 9 0 478 20 10 478 1 18 0 3 1 109
1385 10085 399 401 24 9 0 478 20 10 479 1 17 0 3 1 109
1386 10087 398 400 24 9 0 478 20 10 479 1 17 0 3 1 109
1387 10086 399 401 23 9 0 478 20 10 479 1 17 0 3 1 109
1388 10089 398 401 21 9 0 478 20 10 480 1 16 0 3 1 109
1389 10094 395 399 21 9 0 478 20 10 481 1 15 0 3 1 109
1390 10104 390 394 21 9 0 478 20 10 481 1 15 0 3 1 109
1391 10109 387 392 21 9 0 478 20 10 482 1 14 0 3 1 109
1392 10113 386 391 19 9 0 478 20 10 482 1 14 0 3 1 109
1393 10114 386 391 18 9 0 478 20 10 482 1 14 0 3 1 109
1394 10114 386 391 18 9 0 478 20 10 482 1 14 0 3 1 109
1395 10114 386 391 18 9 0 478 20 10 482 1 14 0 3 1 109
1396 10109 389 393 18 9 0 478 20 10 481 1 15 0 3 1 109
1397 10113 387 391 18 10 0 477 20 10 481 1 15 0 3 2 108
1398 10111 388 392 18 10 0 477 20 10 481 1 15 0 3 2 108
1399 10112 387 391 19 10 0 477 20 10 481 1 15 0 3 2 108
1400 10122 382 386 19 10 0 477 20 10 481 1 15 0 3 2 108
1401 10121 382 386 20 10 0 477 20 10 481 1 15 0 3 2 108
1402 10125 380 385 19 10 0 477 20 10 482 1 14 0 3 2 108
1403 10123 381 386 19 10 0 477 20 10 482 1 14 0 3 2 108
1404 10130 378 382 19 10 0 478 19 10 482 1 14 0 3 2 108
1405 10128 379 383 19 10 0 478 19 10 482 1 14 0 3 2 108
1406 10134 376 380 19 10 0 478 19 10 482 1 14 0 3 2 108
1407 10130 378 382 19 10 0 478 19 10 482 1 14 0 3 2 108
1408 10130 378 382 19 10 0 478 19 10 482 1 14 0 3 2 108
1409 10123 382 385 19 10 0 479 18 10 482 1 14 0 3 2 108
1410 10124 383 384 18 10 0 480 17 10 481 1 15 0 3 2 108
1411 10122 384 385 18 10 0 480 17 10 481 1 15 0 3 2 108
1412 10124 383 384 18 10 0 480 17 10 481 1 15 0 3 2 108
1413 10122 384 385 18 10 0 480 17 10 481 1 15 0 3 2 108
1414 10120 385 386 18 11 0 479 17 11 480 1 15 0 3 2 108
1415 10122 384 385 18 11 0 479 17 11 480 1 15 0 3 2 108
1416 10118 386 387 18 11 0 479 17 11 480 1 15 0 3 2 108
1417 10118 386 387 18 11 0 479 17 11 480 1 15 0 3 2 108
1418 10115 388 389 17 11 0 479 17 11 480 1 15 0 3 2 108
1419 10118 387 388 16 11 0 479 17 11 480 1 15 0 3 2 108
1420 10116 388 389 16 11 0 479 17 11 480 1 15 0 3 2 108
1421 10120 386 387 16 11 0 479 17 11 480 1 15 0 3 2 108
1422 10124 384 385 16 11 0 479 17 11 480 1 15 0 3 2 108
1423 10127 383 384 15 11 0 479 17 11 480 1 15 0 3 2 108
1424 10126 384 384 15 11 0 480 16 11 480 1 15 0 3 2 108
1425 10126 384 384 15 11 0 480 16 11 480 1 15 0 3 2 108
1426 10128 383 383 15 11 0 480 16 11 480 1 15 0 3 2 108
1427 10134 380 380 15 11 0 480 16 11 480 1 15 0 3 2 108
1428 10138 378 378 15 11 0 480 16 11 480 1 15 0 3 2 108
1429 10138 378 378 15 11 0 480 16 11 480 1 15 0 3 2 108
1430 10141 377 377 14 11 0 480 16 11 480 1 15 0 3 2 108
1431 10139 378 378 14 11 0 480 16 11 480 1 15 0 3 2 108
1432 10141 377 377 14 11 0 480 16 11 480 1 15 0 3 2 108
1433 10146 375 375 13 11 0 480 16 11 480 1 15 0 3 2 108
1434 10138 379 379 13 11 0 480 16 11 480 1 15 0 3 2 108
1435 10140 378 378 13 11 0 480 16 11 480 1 15 0 3 2 108
1436 10140 379 379 11 11 0 480 16 11 480 1 15 0 3 2 108
1437 10136 381 381 11 11 0 480 16 11 480 1 15 0 3 2 108
1438 10136 381 381 11 11 0 480 16 11 480 1 15 0 3 2 108
1439 10138 380 380 11 11 0 480 16 11 480 1 15 0 3 2 108
1440 10146 376 376 11 11 0 480 16 11 480 1 15 0 3 2 108
1441 10149 375 375 11 11 0 480 16 11 480 1 15 0 3 2 107
1442 10146 377 376 11 11 0 481 15 11 480 1 15 0 3 2 107
1443 10160 370 369 11 11 0 481 15 11 480 1 15 0 3 2 107
1444 10156 372 371 11 11 0 481 15 11 480 1 15 0 3 2 107
1445 10160 370 369 11 11 0 481 15 11 480 1 15 0 3 2 107
1446 10154 373 372 11 11 0 481 15 11 480 1 15 0 3 2 107
1447 10154 373 372 11 11 0 481 15 11 480 1 15 0 3 2 107
1448 10159 370 370 11 11 0 481 15 11 481 1 14 0 3 2 107
1449 10162 369 368 11 11 0 482 14 11 481 1 14 0 3 2 107
1450 10164 368 367 11 11 0 482 14 11 481 1 14 0 3 2 107
1451 10165 367 366 12 11 0 482 14 11 481 1 14 0 3 2 107
1452 10167 366 365 12 11 0 482 14 11 481 1 14 0 3 2 107
1453 10172 364 362 12 11 0 483 13 11 481 1 14 0 3 2 107
1454 10178 361 359 12 11 0 483 13 11 481 1 14 0 3 2 107
1455 10182 359 357 12 11 0 483 13 11 481 1 14 0 3 2 107
1456 10182 359 357 12 11 0 483 13 11 481 1 14 0 3 2 107
1457 10186 357 355 12 11 0 484 12 11 482 1 13 0 3 2 107
1458 10191 356 352 11 11 0 485 11 11 481 1 14 0 3 2 107
1459 10185 359 355 11 11 0 485 11 11 481 1 14 0 3 2 107
1460 10185 359 356 10 12 0 484 11 12 481 1 13 0 3 2 107
1461 10192 356 353 9 12 0 484 11 12 481 1 13 0 3 2 107
1462 10189 357 355 9 12 0 483 12 12 481 1 13 0 3 2 107
1463 10187 358 356 9 13 0 482 12 13 480 1 13 0 3 2 107
1464 10187 357 357 9 13 0 481 13 13 481 1 12 0 3 2 107
1465 10189 356 356 9 13 0 481 13 13 481 1 12 0 3 2 107
1466 10189 356 356 9 13 0 481 13 13 481 1 12 0 3 2 107
1467 10193 354 354 9 13 0 481 13 13 481 1 12 0 3 2 107
1468 10194 353 353 10 13 0 481 13 13 481 1 12 0 3 2 107
1469 10196 352 352 10 13 0 481 13 13 481 1 12 0 3 2 107
1470 10198 351 351 10 13 0 481 13 13 481 1 12 0 3 2 107
1471 10200 350 350 10 13 0 481 13 13 481 1 12 0 3 2 107
1472 10200 350 350 10 13 0 481 13 13 481 1 12 0 3 2 107
1473 10211 345 344 10 13 0 482 12 13 481 1 12 0 3 2 107
1474 10211 345 344 10 13 0 482 12 13 481 1 12 0 3 2 107
1475 10219 341 340 10 13 0 482 12 13 481 1 12 0 3 2 107
1476 10225 338 337 10 13 0 482 12 13 481 1 12 0 3 2 107
1477 10225 338 337 10 13 0 482 12 13 481 1 12 0 3 2 107
1478 10223 339 338 10 13 0 482 12 13 481 1 12 0 3 2 107
1479 10226 338 336 10 13 0 483 11 13 481 1 12 0 3 2 107
1480 10226 339 335 10 13 0 483 11 13 479 1 14 0 3 2 107
1481 10226 339 335 10 13 0 483 11 13 479 1 14 0 3 2 107
1482 10227 339 335 9 13 0 483 11 13 479 1 14 0 3 2 107
1483 10233 337 333 7 13 0 483 11 13 479 1 14 0 3 2 107
1484 10231 338 334 7 13 0 483 11 13 479 1 14 0 3 2 107
1485 10234 336 333 7 14 0 482 11 14 479 1 13 0 3 2 107
1486 10238 334 331 7 14 0 482 11 14 479 1 13 0 3 2 107
1487 10242 332 329 7 14 0 482 11 14 479 1 13 0 3 2 107
1488 10249 329 326 6 14 0 482 11 14 479 1 13 0 3 2 107
1489 10251 328 325 6 14 0 482 11 14 479 1 13 0 3 2 107
1490 10247 330 327 6 14 0 482 11 14 479 1 13 0 3 2 107
1491 10246 330 327 7 14 0 482 11 14 479 1 13 0 3 2 107
1492 10248 329 326 7 15 0 481 11 15 478 1 13 0 3 2 107
1493 10246 330 327 7 15 0 481 11 15 478 1 13 0 3 2 107
1494 10248 329 326 7 15 0 481 11 15 478 1 13 0 3 2 107
1495 10245 331 328 6 15 0 481 11 15 478 1 13 0 3 2 107
1496 10241 333 330 6 15 0 481 11 15 478 1 13 0 3 2 107
1497 10245 331 328 6 15 0 481 11 15 478 1 13 0 3 2 107
1498 10241 333 330 6 15 0 481 11 15 478 1 13 0 3 2 107
1499 10243 332 329 6 15 0 481 11 15 478 1 13 0 3 2 107
1500 10237 335 332 6 15 0 481 11 15 478 1 13 0 3 2 107
