0 1979 195 0 0 0 0 0 0 0 0 0 0 0 0 0 0
1 11646 195 195 0 0 0 0 0 0 0 0 0 0 0 0 0
2 11646 195 195 0 0 0 0 0 0 0 0 0 0 0 0 0
3 11650 193 193 0 0 0 0 0 0 0 0 0 0 0 0 0
4 11648 194 194 0 0 0 0 0 0 0 0 0 0 0 0 0
5 11650 193 193 0 0 0 0 0 0 0 0 0 0 0 0 0
6 11650 193 193 0 0 0 0 0 0 0 0 0 0 0 0 0
7 11652 192 192 0 0 0 0 0 0 0 0 0 0 0 0 0
8 11648 194 194 0 0 0 0 0 0 0 0 0 0 0 0 0
9 11648 194 194 0 0 0 0 0 0 0 0 0 0 0 0 0
10 11648 194 194 0 0 0 0 0 0 0 0 0 0 0 0 0
11 11646 195 195 0 0 0 0 0 0 0 0 0 0 0 0 0
12 11648 194 194 0 0 0 0 0 0 0 0 0 0 0 0 0
13 11650 193 193 0 0 0 0 0 0 0 0 0 0 0 0 0
14 11650 193 193 0 0 0 0 0 0 0 0 0 0 0 0 0
15 11654 191 191 0 0 0 0 0 0 0 0 0 0 0 0 0
16 11656 190 190 0 0 0 0 0 0 0 0 0 0 0 0 0
17 11652 192 192 0 0 0 0 0 0 0 0 0 0 0 0 0
18 11654 191 191 0 0 0 0 0 0 0 0 0 0 0 0 0
19 11658 189 189 0 0 0 0 0 0 0 0 0 0 0 0 0
20 11660 188 188 0 0 0 0 0 0 0 0 0 0 0 0 0
21 11660 188 188 0 0 0 0 0 0 0 0 0 0 0 0 0
22 11660 188 188 0 0 0 0 0 0 0 0 0 0 0 0 0
23 11658 189 189 0 0 0 0 0 0 0 0 0 0 0 0 0
24 11650 193 193 0 0 0 0 0 0 0 0 0 0 0 0 0
25 11654 191 191 0 0 0 0 0 0 0 0 0 0 0 0 0
26 11652 192 192 0 0 0 0 0 0 0 0 0 0 0 0 0
27 11650 193 193 0 0 0 0 0 0 0 0 0 0 0 0 0
28 11646 195 195 0 0 0 0 0 0 0 0 0 0 0 0 0
29 11642 197 197 0 0 0 0 0 0 0 0 0 0 0 0 0
30 11644 196 196 0 0 0 0 0 0 0 0 0 0 0 0 0
31 11638 199 199 0 0 0 0 0 0 0 0 0 0 0 0 0
32 11642 197 197 0 0 0 0 0 0 0 0 0 0 0 0 0
33 11640 198 198 0 0 0 0 0 0 0 0 0 0 0 0 0
34 11638 199 199 0 0 0 0 0 0 0 0 0 0 0 0 0
35 11633 201 201 1 0 0 0 0 0 0 0 0 0 0 0 0
36 11626 204 204 2 0 0 0 0 0 0 0 0 0 0 0 0
37 11618 208 208 2 0 0 0 0 0 0 0 0 0 0 0 0
38 11616 209 209 2 0 0 0 0 0 0 0 0 0 0 0 0
39 11618 208 208 2 0 0 0 0 0 0 0 0 0 0 0 0
40 11615 209 209 3 0 0 0 0 0 0 0 0 0 0 0 0
41 11617 208 208 3 0 0 0 0 0 0 0 0 0 0 0 0
42 11609 212 212 3 0 0 0 0 0 0 0 0 0 0 0 0
43 11605 214 214 3 0 0 0 0 0 0 0 0 0 0 0 0
44 11598 217 217 4 0 0 0 0 0 0 0 0 0 0 0 0
45 11586 223 223 4 0 0 0 0 0 0 0 0 0 0 0 0
46 11578 227 227 4 0 0 0 0 0 0 0 0 0 0 0 0
47 11570 231 231 4 0 0 0 0 0 0 0 0 0 0 0 0
48 11556 238 238 4 0 0 0 0 0 0 0 0 0 0 0 0
49 11550 241 241 4 0 0 0 0 0 0 0 0 0 0 0 0
50 11552 240 240 4 0 0 0 0 0 0 0 0 0 0 0 0
51 11537 247 247 5 0 0 0 0 0 0 0 0 0 0 0 0
52 11529 251 251 5 0 0 0 0 0 0 0 0 0 0 0 0
53 11520 256 256 4 0 0 0 0 0 0 0 0 0 0 0 0
54 11505 263 263 5 0 0 0 0 0 0 0 0 0 0 0 0
55 11495 268 268 5 0 0 0 0 0 0 0 0 0 0 0 0
56 11489 271 271 5 0 0 0 0 0 0 0 0 0 0 0 0
57 11460 285 285 6 0 0 0 0 0 0 0 0 0 0 0 0
58 11448 291 291 6 0 0 0 0 0 0 0 0 0 0 0 0
59 11436 297 297 6 0 0 0 0 0 0 0 0 0 0 0 0
60 11434 298 297 5 0 0 1 0 0 0 0 1 0 0 0 0
61 11428 301 300 5 0 0 1 0 0 0 0 1 0 0 0 0
62 11412 309 308 5 0 0 1 0 0 0 0 1 0 0 0 0
63 11402 314 312 4 0 0 2 0 0 0 0 2 0 0 0 0
64 11396 317 315 4 0 0 2 0 0 0 0 2 0 0 0 0
65 11380 325 323 4 0 0 2 0 0 0 0 2 0 0 0 0
66 11367 330 328 7 0 0 2 0 0 0 0 2 0 0 0 0
67 11350 338 336 8 0 0 2 0 0 0 0 2 0 0 0 0
68 11336 345 343 8 0 0 2 0 0 0 0 2 0 0 0 0
69 11326 350 348 8 0 0 2 0 0 0 0 2 0 0 0 0
70 11316 355 353 8 0 0 2 0 0 0 0 2 0 0 0 0
71 11309 358 356 9 0 0 2 0 0 0 0 2 0 0 0 0
72 11305 360 358 9 0 0 2 0 0 0 0 2 0 0 0 0
73 11295 365 363 9 0 0 2 0 0 0 0 2 0 0 0 0
74 11293 365 363 11 0 0 2 0 0 0 0 2 0 0 0 0
75 11276 373 371 12 0 0 2 0 0 0 0 2 0 0 0 0
76 11260 381 379 12 0 0 2 0 0 0 0 2 0 0 0 0
77 11254 384 382 12 0 0 2 0 0 0 0 2 0 0 0 0
78 11248 387 385 12 0 0 2 0 0 0 0 2 0 0 0 0
79 11243 389 387 13 0 0 2 0 0 0 0 2 0 0 0 0
80 11233 394 392 13 0 0 2 0 0 0 0 2 0 0 0 0
81 11230 396 394 12 0 0 2 0 0 0 0 2 0 0 0 0
82 11213 404 402 13 0 0 2 0 0 0 0 2 0 0 0 0
83 11198 412 410 12 0 0 2 0 0 0 0 2 0 0 0 0
84 11196 412 410 14 0 0 2 0 0 0 0 2 0 0 0 0
85 11189 415 413 15 0 0 2 0 0 0 0 2 0 0 0 0
86 11189 415 414 14 0 0 2 0 0 1 0 1 0 0 0 0
87 11187 416 415 14 0 0 2 0 0 1 0 1 0 0 0 0
88 11170 424 423 15 0 0 2 0 0 1 0 1 0 0 0 0
89 11170 424 423 15 0 0 2 0 0 1 0 1 0 0 0 0
90 11163 427 426 16 0 0 2 0 0 1 0 1 0 0 0 0
91 11155 431 430 16 0 0 2 0 0 1 0 1 0 0 0 0
92 11148 434 433 17 0 0 2 0 0 1 0 1 0 0 0 0
93 11141 437 436 18 0 0 2 0 0 1 0 1 0 0 0 0
94 11127 444 443 18 0 0 2 0 0 1 0 1 0 0 0 0
95 11110 452 451 19 0 0 2 0 0 1 0 1 0 0 0 0
96 11102 456 455 19 0 0 2 0 0 1 0 1 0 0 0 0
97 11104 455 454 19 0 0 2 0 0 1 0 1 0 0 0 0
98 11098 457 456 21 0 0 2 0 0 1 0 1 0 0 0 0
99 11092 460 459 21 0 0 2 0 0 1 0 1 0 0 0 0
100 11087 463 462 20 0 0 2 0 0 1 0 1 0 0 0 0
101 11079 467 466 20 0 0 2 0 0 1 0 1 0 0 0 0
102 11082 465 464 21 0 0 2 0 0 1 0 1 0 0 0 0
103 11080 466 465 21 0 0 2 0 0 1 0 1 0 0 0 0
104 11070 471 470 21 0 0 2 0 0 1 0 1 0 0 0 0
105 11065 473 472 22 0 0 2 0 0 1 0 1 0 0 0 0
106 11063 474 473 22 0 0 2 0 0 1 0 1 0 0 0 0
107 11046 482 481 23 0 0 2 0 0 1 0 1 0 0 0 0
108 11036 487 485 22 0 0 3 0 0 1 0 2 0 0 0 0
109 11026 492 490 22 0 0 3 0 0 1 0 2 0 0 0 0
110 11024 493 491 22 0 0 3 0 0 1 0 2 0 0 0 0
111 11026 492 490 22 0 0 3 0 0 1 0 2 0 0 0 0
112 11032 489 487 22 0 0 3 0 0 1 0 2 0 0 0 0
113 11021 495 493 21 0 0 3 0 0 1 0 2 0 0 0 0
114 11007 502 500 21 0 0 3 0 0 1 0 2 0 0 0 0
115 11003 504 502 21 0 0 3 0 0 1 0 2 0 0 0 0
116 11001 505 503 21 0 0 3 0 0 1 0 2 0 0 0 0
117 10999 506 504 21 0 0 3 0 0 1 0 2 0 0 0 0
118 10989 511 509 21 0 0 3 0 0 1 0 2 0 0 0 0
119 10989 511 509 21 0 0 3 0 0 1 0 2 0 0 0 0
120 10988 512 510 20 0 0 3 0 0 1 0 2 0 0 0 0
121 10978 517 515 20 0 0 3 0 0 1 0 2 0 0 0 0
122 10978 517 515 20 0 0 3 0 0 1 0 2 0 0 0 0
123 10972 520 518 20 0 0 3 0 0 1 0 2 0 0 0 0
124 10968 522 520 20 0 0 3 0 0 1 0 2 0 0 0 0
125 10972 520 518 20 0 0 3 0 0 1 0 2 0 0 0 0
126 10966 522 520 22 0 0 3 0 0 1 0 2 0 0 0 0
127 10965 522 520 23 0 0 3 0 0 1 0 2 0 0 0 0
128 10958 525 523 24 0 0 3 0 0 1 0 2 0 0 0 0
129 10956 526 524 24 0 0 3 0 0 1 0 2 0 0 0 0
130 10942 533 531 24 0 0 3 0 0 1 0 2 0 0 0 0
131 10938 535 533 24 0 0 3 0 0 1 0 2 0 0 0 0
132 10935 536 534 25 0 0 3 0 0 1 0 2 0 0 0 0
133 10923 541 539 27 0 0 3 0 0 1 0 2 0 0 0 0
134 10918 543 541 28 0 0 3 0 0 1 0 2 0 0 0 0
135 10913 544 542 31 0 0 3 0 0 1 0 2 0 0 0 0
136 10919 541 539 31 0 0 3 0 0 1 0 2 0 0 0 0
137 10917 542 540 31 0 0 3 0 0 1 0 2 0 0 0 0
138 10906 547 545 32 0 0 3 0 0 1 0 2 0 0 0 0
139 10911 545 543 31 0 0 3 0 0 1 0 2 0 0 0 0
140 10908 546 544 32 0 0 3 0 0 1 0 2 0 0 0 0
141 10900 550 548 32 0 0 3 0 0 1 0 2 0 0 0 0
142 10894 553 551 32 0 0 3 0 0 1 0 2 0 0 0 0
143 10882 559 556 31 0 0 4 0 0 1 0 3 0 0 0 0
144 10881 559 556 32 0 0 4 0 0 1 0 3 0 0 0 0
145 10883 558 555 32 0 0 4 0 0 1 0 3 0 0 0 0
146 10880 561 558 29 0 0 4 0 0 1 0 3 0 0 0 0
147 10883 559 556 30 0 0 4 0 0 1 0 3 0 0 0 0
148 10862 570 567 29 0 0 4 0 0 1 0 3 0 0 0 0
149 10858 571 568 31 0 0 4 0 0 1 0 3 0 0 0 0
150 10864 567 564 33 0 0 4 0 0 1 0 3 0 0 0 0
151 10858 570 567 33 0 0 4 0 0 1 0 3 0 0 0 0
152 10856 570 567 35 0 0 4 0 0 1 0 3 0 0 0 0
153 10854 571 568 35 0 0 4 0 0 1 0 3 0 0 0 0
154 10851 572 569 36 0 0 4 0 0 1 0 3 0 0 0 0
155 10849 573 570 36 0 0 4 0 0 1 0 3 0 0 0 0
156 10843 576 573 36 0 0 4 0 0 1 0 3 0 0 0 0
157 10842 576 573 37 0 0 4 0 0 1 0 3 0 0 0 0
158 10844 574 571 39 0 0 4 0 0 1 0 3 0 0 0 0
159 10842 575 572 39 0 0 4 0 0 1 0 3 0 0 0 0
160 10841 576 573 38 0 0 4 0 0 1 0 3 0 0 0 0
161 10841 576 573 38 0 0 4 0 0 1 0 3 0 0 0 0
162 10836 578 575 39 0 0 4 0 0 1 0 3 0 0 0 0
163 10830 581 578 39 0 0 4 0 0 1 0 3 0 0 0 0
164 10830 580 577 41 0 0 4 0 0 1 0 3 0 0 0 0
165 10823 583 580 42 0 0 4 0 0 1 0 3 0 0 0 0
166 10821 584 581 42 0 0 4 0 0 1 0 3 0 0 0 0
167 10822 583 580 43 0 0 4 0 0 1 0 3 0 0 0 0
168 10831 579 576 42 0 0 4 0 0 1 0 3 0 0 0 0
169 10837 576 573 42 0 0 4 0 0 1 0 3 0 0 0 0
170 10839 575 572 42 0 0 4 0 0 1 0 3 0 0 0 0
171 10833 578 575 42 0 0 4 0 0 1 0 3 0 0 0 0
172 10831 578 574 43 0 0 5 0 0 1 0 4 0 0 0 0
173 10826 580 576 44 0 0 5 0 0 1 0 4 0 0 0 0
174 10831 577 573 45 0 0 5 0 0 1 0 4 0 0 0 0
175 10839 573 569 45 0 0 5 0 0 1 0 4 0 0 0 0
176 10841 572 568 45 0 0 5 0 0 1 0 4 0 0 0 0
177 10848 569 566 43 0 0 5 0 0 2 0 3 0 0 0 0
178 10856 565 562 43 0 0 5 0 0 2 0 3 0 0 0 0
179 10849 568 565 44 0 0 5 0 0 2 0 3 0 0 0 0
180 10853 566 563 44 0 0 5 0 0 2 0 3 0 0 0 0
181 10848 568 565 45 0 0 5 0 0 2 0 3 0 0 0 0
182 10854 566 563 43 0 0 5 0 0 2 0 3 0 0 0 0
183 10850 568 565 43 0 0 5 0 0 2 0 3 0 0 0 0
184 10841 572 569 44 0 0 5 0 0 2 0 3 0 0 0 0
185 10832 576 573 45 0 0 5 0 0 2 0 3 0 0 0 0
186 10827 579 576 44 0 0 5 0 0 2 0 3 0 0 0 0
187 10824 581 578 43 0 0 5 0 0 2 0 3 0 0 0 0
188 10825 581 578 42 0 0 5 0 0 2 0 3 0 0 0 0
189 10823 582 579 42 0 0 5 0 0 2 0 3 0 0 0 0
190 10811 588 585 42 0 0 5 0 0 2 0 3 0 0 0 0
191 10806 591 588 41 0 0 5 0 0 2 0 3 0 0 0 0
192 10812 588 585 41 0 0 5 0 0 2 0 3 0 0 0 0
193 10810 589 586 41 0 0 5 0 0 2 0 3 0 0 0 0
194 10810 590 587 39 0 0 5 0 0 2 0 3 0 0 0 0
195 10805 592 588 39 0 0 6 0 0 2 0 4 0 0 0 0
196 10807 591 587 39 0 0 6 0 0 2 0 4 0 0 0 0
197 10803 593 589 39 0 0 6 0 0 2 0 4 0 0 0 0
198 10806 591 587 40 0 0 6 0 0 2 0 4 0 0 0 0
199 10803 593 589 39 0 0 6 0 0 2 0 4 0 0 0 0
200 10807 591 587 39 0 0 6 0 0 2 0 4 0 0 0 0
201 10811 589 585 39 0 0 6 0 0 2 0 4 0 0 0 0
202 10807 591 587 39 0 0 6 0 0 2 0 4 0 0 0 0
203 10805 592 588 39 0 0 6 0 0 2 0 4 0 0 0 0
204 10808 591 587 38 0 0 6 0 0 2 0 4 0 0 0 0
205 10810 590 586 38 0 0 6 0 0 2 0 4 0 0 0 0
206 10816 588 584 36 0 0 6 0 0 2 0 4 0 0 0 0
207 10816 588 584 36 0 0 6 0 0 2 0 4 0 0 0 0
208 10809 592 588 35 0 0 6 0 0 2 0 4 0 0 0 0
209 10814 589 585 36 0 0 6 0 0 2 0 4 0 0 0 0
210 10806 593 589 36 0 0 6 0 0 2 0 4 0 0 0 0
211 10810 591 587 36 0 0 6 0 0 2 0 4 0 0 0 0
212 10808 592 588 36 0 0 6 0 0 2 0 4 0 0 0 0
213 10801 596 592 35 0 0 6 0 0 2 0 4 0 0 0 0
214 10794 598 594 38 0 0 6 0 0 2 0 4 0 0 0 0
215 10789 600 596 39 0 0 6 0 0 2 0 4 0 0 0 0
216 10793 598 594 39 0 0 6 0 0 2 0 4 0 0 0 0
217 10783 604 600 37 0 0 6 0 0 2 0 4 0 0 0 0
218 10788 601 597 38 0 0 6 0 0 2 0 4 0 0 0 0
219 10793 599 595 37 0 0 6 0 0 2 0 4 0 0 0 0
220 10789 601 597 37 0 0 6 0 0 2 0 4 0 0 0 0
221 10781 605 601 37 0 0 6 0 0 2 0 4 0 0 0 0
222 10776 608 604 36 0 0 6 0 0 2 0 4 0 0 0 0
223 10783 605 601 35 0 0 6 0 0 2 0 4 0 0 0 0
224 10786 604 600 34 0 0 6 0 0 2 0 4 0 0 0 0
225 10784 605 601 34 0 0 6 0 0 2 0 4 0 0 0 0
226 10783 604 600 37 0 0 6 0 0 2 0 4 0 0 0 0
227 10778 606 602 38 0 0 6 0 0 2 0 4 0 0 0 0
228 10778 606 602 38 0 0 6 0 0 2 0 4 0 0 0 0
229 10782 604 600 38 0 0 6 0 0 2 0 4 0 0 0 0
230 10780 605 601 38 0 0 6 0 0 2 0 4 0 0 0 0
231 10786 603 599 36 0 0 6 0 0 2 0 4 0 0 0 0
232 10776 608 604 36 0 0 6 0 0 2 0 4 0 0 0 0
233 10774 608 604 38 0 0 6 0 0 2 0 4 0 0 0 0
234 10770 610 606 38 0 0 6 0 0 2 0 4 0 0 0 0
235 10758 616 612 38 0 0 6 0 0 2 0 4 0 0 0 0
236 10750 620 616 38 0 0 6 0 0 2 0 4 0 0 0 0
237 10753 619 615 37 0 0 6 0 0 2 0 4 0 0 0 0
238 10751 620 616 37 0 0 6 0 0 2 0 4 0 0 0 0
239 10753 619 615 37 0 0 6 0 0 2 0 4 0 0 0 0
240 10745 623 619 37 0 0 6 0 0 2 0 4 0 0 0 0
241 10742 624 620 38 0 0 6 0 0 2 0 4 0 0 0 0
242 10731 629 625 39 0 0 6 0 0 2 0 4 0 0 0 0
243 10731 629 625 39 0 0 6 0 0 2 0 4 0 0 0 0
244 10723 632 628 41 0 0 6 0 0 2 0 4 0 0 0 0
245 10711 638 634 41 0 0 6 0 0 2 0 4 0 0 0 0
246 10696 646 642 40 0 0 6 0 0 2 0 4 0 0 0 0
247 10682 652 648 42 0 0 6 0 0 2 0 4 0 0 0 0
248 10668 658 654 44 0 0 6 0 0 2 0 4 0 0 0 0
249 10659 662 658 45 0 0 6 0 0 2 0 4 0 0 0 0
250 10649 667 663 45 0 0 6 0 0 2 0 4 0 0 0 0
251 10652 666 662 44 0 0 6 0 0 2 0 4 0 0 0 0
252 10636 672 668 48 0 0 6 0 0 2 0 4 0 0 0 0
253 10641 669 665 49 0 0 6 0 0 2 0 4 0 0 0 0
254 10632 673 669 50 0 0 6 0 0 2 0 4 0 0 0 0
255 10616 681 675 48 0 0 8 0 0 2 0 6 0 0 0 0
256 10605 686 680 49 0 0 8 0 0 2 0 6 0 0 0 0
257 10585 696 690 47 0 0 8 1 0 2 0 7 0 0 0 0
258 10584 696 690 48 0 0 8 1 0 2 0 7 0 0 0 0
259 10576 700 694 48 0 0 8 1 0 2 0 7 0 0 0 0
260 10558 708 703 49 0 0 8 1 0 3 0 6 0 0 0 0
261 10555 710 704 47 0 0 9 1 0 3 0 7 0 0 0 0
262 10549 713 707 47 0 0 9 1 0 3 0 7 0 0 0 0
263 10541 717 711 47 0 0 9 1 0 3 0 7 0 0 0 0
264 10527 724 718 47 0 0 9 1 0 3 0 7 0 0 0 0
265 10514 730 724 48 0 0 9 1 0 3 0 7 0 0 0 0
266 10492 740 734 50 0 0 9 1 0 3 0 7 0 0 0 0
267 10477 747 741 51 0 0 9 1 0 3 0 7 0 0 0 0
268 10459 756 750 51 0 0 9 1 0 3 0 7 0 0 0 0
269 10455 756 750 55 0 0 9 1 0 3 0 7 0 0 0 0
270 10437 764 758 57 0 0 9 1 0 3 0 7 0 0 0 0
271 10424 770 764 58 0 0 9 1 0 3 0 7 0 0 0 0
272 10416 772 765 61 0 0 10 1 0 3 0 8 0 0 0 0
273 10411 774 767 62 0 0 10 1 0 3 0 8 0 0 0 0
274 10405 775 768 64 0 0 10 2 0 3 0 9 0 0 0 0
275 10394 780 773 65 0 0 10 2 0 3 0 9 0 0 0 0
276 10380 786 779 67 0 0 10 2 0 3 0 9 0 0 0 0
277 10371 791 784 66 0 0 10 2 0 3 0 9 0 0 0 0
278 10376 789 782 65 0 0 10 2 0 3 0 9 0 0 0 0
279 10368 793 786 65 0 0 10 2 0 3 0 9 0 0 0 0
280 10349 802 795 66 0 0 10 2 0 3 0 9 0 0 0 0
281 10330 811 804 67 0 0 10 2 0 3 0 9 0 0 0 0
282 10321 814 807 70 0 0 10 2 0 3 0 9 0 0 0 0
283 10317 817 810 68 0 0 10 2 0 3 0 9 0 0 0 0
284 10304 823 816 69 0 0 10 2 0 3 0 9 0 0 0 0
285 10291 829 822 70 0 0 10 2 0 3 0 9 0 0 0 0
286 10289 829 822 72 0 0 10 2 0 3 0 9 0 0 0 0
287 10279 835 828 70 0 0 10 2 0 3 0 9 0 0 0 0
288 10272 838 831 71 0 0 10 2 0 3 0 9 0 0 0 0
289 10270 838 831 73 0 0 10 2 0 3 0 9 0 0 0 0
290 10262 842 835 73 0 0 10 2 0 3 0 9 0 0 0 0
291 10258 845 838 71 0 0 10 2 0 3 0 9 0 0 0 0
292 10253 847 840 72 0 0 10 2 0 3 0 9 0 0 0 0
293 10250 849 842 71 0 0 10 2 0 3 0 9 0 0 0 0
294 10262 843 836 71 0 0 10 2 0 3 0 9 0 0 0 0
295 10261 844 837 70 0 0 10 2 0 3 0 9 0 0 0 0
296 10249 850 843 70 0 0 10 2 0 3 0 9 0 0 0 0
297 10241 854 847 70 0 0 10 2 0 3 0 9 0 0 0 0
298 10233 857 849 71 0 0 11 2 0 3 0 10 0 0 0 0
299 10230 858 850 72 0 0 11 2 0 3 0 10 0 0 0 0
300 10233 857 849 71 0 0 11 2 0 3 0 10 0 0 0 0
301 10234 855 847 74 0 0 11 2 0 3 0 10 0 0 0 0
302 10231 856 848 75 0 0 11 2 0 3 0 10 0 0 0 0
303 10229 856 849 76 0 0 11 2 0 4 0 9 0 0 0 0
304 10221 859 852 78 0 0 11 2 0 4 0 9 0 0 0 0
305 10211 865 858 76 0 0 11 2 0 4 0 9 0 0 0 0
306 10210 864 857 79 0 0 11 2 0 4 0 9 0 0 0 0
307 10218 861 854 77 0 0 11 2 0 4 0 9 0 0 0 0
308 10220 860 853 77 0 0 11 2 0 4 0 9 0 0 0 0
309 10204 869 862 75 0 0 11 2 0 4 0 9 0 0 0 0
310 10206 868 860 74 0 0 12 2 0 4 0 10 0 0 0 0
311 10201 870 861 74 0 0 13 2 0 4 0 11 0 0 0 0
312 10190 876 867 73 0 0 13 2 0 4 0 11 0 0 0 0
313 10186 879 870 71 0 0 13 2 0 4 0 11 0 0 0 0
314 10182 881 872 71 0 0 13 2 0 4 0 11 0 0 0 0
315 10190 877 868 71 0 0 13 2 0 4 0 11 0 0 0 0
316 10187 879 870 70 0 0 13 2 0 4 0 11 0 0 0 0
317 10193 877 868 68 0 0 13 2 0 4 0 11 0 0 0 0
318 10194 876 867 69 0 0 13 2 0 4 0 11 0 0 0 0
319 10193 875 866 72 0 0 13 2 0 4 0 11 0 0 0 0
320 10191 876 867 72 0 0 13 2 0 4 0 11 0 0 0 0
321 10191 876 867 72 0 0 13 2 0 4 0 11 0 0 0 0
322 10186 878 869 73 0 0 13 2 0 4 0 11 0 0 0 0
323 10186 878 869 73 0 0 13 2 0 4 0 11 0 0 0 0
324 10179 881 872 74 0 0 13 2 0 4 0 11 0 0 0 0
325 10174 883 874 75 0 0 13 2 0 4 0 11 0 0 0 0
326 10170 885 876 75 0 0 13 2 0 4 0 11 0 0 0 0
327 10171 885 876 74 0 0 13 2 0 4 0 11 0 0 0 0
328 10168 886 877 75 0 0 13 2 0 4 0 11 0 0 0 0
329 10174 883 874 75 0 0 13 2 0 4 0 11 0 0 0 0
330 10173 884 875 74 0 0 13 2 0 4 0 11 0 0 0 0
331 10169 886 877 74 0 0 13 2 0 4 0 11 0 0 0 0
332 10169 886 877 74 0 0 13 2 0 4 0 11 0 0 0 0
333 10166 887 878 75 0 0 13 2 0 4 0 11 0 0 0 0
334 10171 885 876 74 0 0 13 2 0 4 0 11 0 0 0 0
335 10170 886 877 73 0 0 13 2 0 4 0 11 0 0 0 0
336 10166 889 880 71 0 0 13 2 0 4 0 11 0 0 0 0
337 10176 882 873 75 0 0 13 2 0 4 0 11 0 0 0 0
338 10178 882 873 73 0 0 13 2 0 4 0 11 0 0 0 0
339 10181 881 871 71 0 0 14 2 0 4 0 12 0 0 0 0
340 10182 881 871 68 0 0 14 3 0 4 0 13 0 0 0 0
341 10182 882 872 66 0 0 14 3 0 4 0 13 0 0 0 0
342 10174 887 877 64 0 0 14 3 0 4 0 13 0 0 0 0
343 10168 890 880 64 0 0 14 3 0 4 0 13 0 0 0 0
344 10162 892 882 66 0 0 14 3 0 4 0 13 0 0 0 0
345 10165 892 882 63 0 0 14 3 0 4 0 13 0 0 0 0
346 10161 894 884 63 0 0 14 3 0 4 0 13 0 0 0 0
347 10158 896 886 62 0 0 14 3 0 4 0 13 0 0 0 0
348 10164 893 883 62 0 0 14 3 0 4 0 13 0 0 0 0
349 10167 891 881 63 0 0 14 3 0 4 0 13 0 0 0 0
350 10168 892 882 60 0 0 14 3 0 4 0 13 0 0 0 0
351 10162 895 885 60 0 0 14 3 0 4 0 13 0 0 0 0
352 10163 894 884 61 0 0 14 3 0 4 0 13 0 0 0 0
353 10157 896 886 63 0 0 14 3 0 4 0 13 0 0 0 0
354 10154 897 887 64 0 0 14 3 0 4 0 13 0 0 0 0
355 10164 893 883 62 0 0 14 3 0 4 0 13 0 0 0 0
356 10156 897 887 62 0 0 14 3 0 4 0 13 0 0 0 0
357 10150 900 890 62 0 0 14 3 0 4 0 13 0 0 0 0
358 10145 903 893 61 0 0 14 3 0 4 0 13 0 0 0 0
359 10152 900 890 60 0 0 14 3 0 4 0 13 0 0 0 0
360 10161 896 886 59 0 0 14 3 0 4 0 13 0 0 0 0
361 10162 896 886 58 0 0 14 3 0 4 0 13 0 0 0 0
362 10147 903 893 59 0 0 14 3 0 4 0 13 0 0 0 0
363 10144 905 895 58 0 0 14 3 0 4 0 13 0 0 0 0
364 10150 903 892 55 0 0 15 3 0 4 0 14 0 0 0 0
365 10152 902 891 55 0 0 15 3 0 4 0 14 0 0 0 0
366 10154 900 889 57 0 0 15 3 0 4 0 14 0 0 0 0
367 10165 896 885 54 0 0 15 3 0 4 0 14 0 0 0 0
368 10160 899 888 53 0 0 15 3 0 4 0 14 0 0 0 0
369 10168 894 883 55 0 0 15 3 0 4 0 14 0 0 0 0
370 10168 894 883 55 0 0 15 3 0 4 0 14 0 0 0 0
371 10159 897 886 58 0 0 15 3 0 4 0 14 0 0 0 0
372 10156 898 887 59 0 0 15 3 0 4 0 14 0 0 0 0
373 10155 899 888 58 0 0 15 3 0 4 0 14 0 0 0 0
374 10153 900 889 58 0 0 15 3 0 4 0 14 0 0 0 0
375 10165 894 883 58 0 0 15 3 0 4 0 14 0 0 0 0
376 10165 894 883 58 0 0 15 3 0 4 0 14 0 0 0 0
377 10171 890 880 59 0 0 15 3 0 5 0 13 0 0 0 0
378 10168 891 881 60 0 0 15 3 0 5 0 13 0 0 0 0
379 10180 885 875 60 0 0 15 3 0 5 0 13 0 0 0 0
380 10170 890 880 60 0 0 15 3 0 5 0 13 0 0 0 0
381 10170 889 879 62 0 0 15 3 0 5 0 13 0 0 0 0
382 10168 890 880 62 0 0 15 3 0 5 0 13 0 0 0 0
383 10166 891 881 62 0 0 15 3 0 5 0 13 0 0 0 0
384 10164 893 883 60 0 0 15 3 0 5 0 13 0 0 0 0
385 10165 893 882 58 0 0 16 3 0 5 0 14 0 0 0 0
386 10164 893 882 59 0 0 16 3 0 5 0 14 0 0 0 0
387 10173 889 878 58 0 0 16 3 0 5 0 14 0 0 0 0
388 10158 896 885 59 0 0 16 3 0 5 0 14 0 0 0 0
389 10156 896 885 61 0 0 16 3 0 5 0 14 0 0 0 0
390 10165 891 880 62 0 0 16 3 0 5 0 14 0 0 0 0
391 10158 893 882 65 0 0 16 3 0 5 0 14 0 0 0 0
392 10158 893 882 65 0 0 16 3 0 5 0 14 0 0 0 0
393 10155 894 883 66 0 0 16 3 0 5 0 14 0 0 0 0
394 10156 894 882 64 0 0 17 3 0 5 0 15 0 0 0 0
395 10162 892 880 62 0 0 17 3 0 5 0 15 0 0 0 0
396 10169 888 876 63 0 0 17 3 0 5 0 15 0 0 0 0
397 10171 886 874 65 0 0 17 3 0 5 0 15 0 0 0 0
398 10173 885 873 65 0 0 17 3 0 5 0 15 0 0 0 0
399 10175 885 873 63 0 0 17 3 0 5 0 15 0 0 0 0
400 10178 882 872 64 0 0 17 3 0 7 0 13 0 0 0 0
401 10173 884 874 65 0 0 17 3 0 7 0 13 0 0 0 0
402 10177 883 874 62 0 0 17 3 0 8 0 12 0 0 0 0
403 10174 885 876 61 0 0 17 3 0 8 0 12 0 0 0 0
404 10168 888 879 61 0 0 17 3 0 8 0 12 0 0 0 0
405 10162 891 882 61 0 0 17 3 0 8 0 12 0 0 0 0
406 10153 896 885 58 0 0 19 3 0 8 0 14 0 0 0 0
407 10144 900 889 59 0 0 19 3 0 8 0 14 0 0 0 0
408 10137 903 891 59 0 0 20 3 0 8 0 15 0 0 0 0
409 10127 908 895 58 0 0 21 3 0 8 0 16 0 0 0 0
410 10126 908 895 59 0 0 21 3 0 8 0 16 0 0 0 0
411 10128 907 894 59 0 0 21 3 0 8 0 16 0 0 0 0
412 10138 901 889 60 0 0 21 3 0 9 0 15 0 0 0 0
413 10143 899 887 59 0 0 21 3 0 9 0 15 0 0 0 0
414 10134 903 891 60 0 0 21 3 0 9 0 15 0 0 0 0
415 10130 905 893 60 0 0 21 3 0 9 0 15 0 0 0 0
416 10141 900 888 59 0 0 21 3 0 9 0 15 0 0 0 0
417 10136 903 891 58 0 0 21 3 0 9 0 15 0 0 0 0
418 10138 901 890 59 0 0 21 3 0 10 0 14 0 0 0 0
419 10145 897 886 60 0 0 21 3 0 10 0 14 0 0 0 0
420 10148 896 885 59 0 0 21 3 0 10 0 14 0 0 0 0
421 10162 889 878 59 0 0 21 3 0 10 0 14 0 0 0 0
422 10167 886 875 60 0 0 21 3 0 10 0 14 0 0 0 0
423 10169 885 874 60 0 0 21 3 0 10 0 14 0 0 0 0
424 10159 890 879 60 0 0 21 3 0 10 0 14 0 0 0 0
425 10155 892 881 60 0 0 21 3 0 10 0 14 0 0 0 0
426 10148 895 884 61 0 0 21 3 0 10 0 14 0 0 0 0
427 10146 895 884 63 0 0 21 3 0 10 0 14 0 0 0 0
428 10127 904 893 64 0 0 21 3 0 10 0 14 0 0 0 0
429 10114 910 899 65 0 0 21 3 0 10 0 14 0 0 0 0
430 10113 910 899 66 0 0 21 3 0 10 0 14 0 0 0 0
431 10115 910 899 64 0 0 21 3 0 10 0 14 0 0 0 0
432 10110 912 901 65 0 0 21 3 0 10 0 14 0 0 0 0
433 10101 917 905 65 0 0 22 2 0 10 0 14 0 0 0 0
434 10101 917 905 65 0 0 22 2 0 10 0 14 0 0 0 0
435 10095 919 908 66 0 0 22 2 0 11 0 13 0 0 0 0
436 10092 919 908 69 0 0 22 2 0 11 0 13 0 0 0 0
437 10085 922 911 70 0 0 22 2 0 11 0 13 0 0 0 0
438 10073 927 916 72 0 0 22 2 0 11 0 13 0 0 0 0
439 10076 925 914 71 0 0 23 2 0 12 0 13 0 0 0 0
440 10077 924 912 71 0 0 24 2 0 12 0 14 0 0 0 0
441 10059 932 921 72 0 0 24 2 0 13 0 13 0 0 0 0
442 10059 932 921 72 0 0 24 2 0 13 0 13 0 0 0 0
443 10049 936 925 74 0 0 24 2 0 13 0 13 0 0 0 0
444 10044 937 926 77 0 0 24 2 0 13 0 13 0 0 0 0
445 10024 946 934 78 0 0 25 2 0 13 0 14 0 0 0 0
446 10005 955 943 79 0 0 25 2 0 13 0 14 0 0 0 0
447 10007 954 942 79 0 0 25 2 0 13 0 14 0 0 0 0
448 10009 954 942 77 0 0 25 2 0 13 0 14 0 0 0 0
449 10004 957 945 76 0 0 25 2 0 13 0 14 0 0 0 0
450 9989 964 952 77 0 0 25 2 0 13 0 14 0 0 0 0
451 9986 965 953 78 0 0 25 2 0 13 0 14 0 0 0 0
452 9971 971 959 81 0 0 25 2 0 13 0 14 0 0 0 0
453 9954 981 968 77 0 0 26 2 0 13 0 15 0 0 0 0
454 9937 991 977 75 0 0 27 1 0 13 0 15 0 0 0 0
455 9928 993 979 80 0 0 27 1 0 13 0 15 0 0 0 0
456 9915 1000 986 79 0 0 27 1 0 13 0 15 0 0 0 0
457 9907 1003 989 81 0 0 27 1 0 13 0 15 0 0 0 0
458 9899 1007 993 81 0 0 27 1 0 13 0 15 0 0 0 0
459 9877 1017 1003 81 0 0 28 1 0 14 0 15 0 0 0 0
460 9868 1022 1008 80 0 0 28 1 0 14 0 15 0 0 0 0
461 9855 1028 1013 80 0 0 29 1 0 14 0 16 0 0 0 0
462 9833 1038 1023 82 0 0 29 1 0 14 0 16 0 0 0 0
463 9824 1044 1029 79 0 0 29 1 0 14 0 16 0 0 0 0
464 9814 1049 1033 78 0 0 30 1 0 14 0 17 0 0 0 0
465 9796 1058 1041 77 0 0 31 1 0 14 0 18 0 0 0 0
466 9792 1059 1041 78 0 0 32 1 0 14 0 19 0 0 0 0
467 9786 1062 1044 78 0 0 32 1 0 14 0 19 0 0 0 0
468 9773 1069 1050 76 0 0 33 1 0 14 0 20 0 0 0 0
469 9745 1082 1063 78 0 0 33 1 0 14 0 20 0 0 0 0
470 9713 1097 1078 80 0 0 33 1 0 14 0 20 0 0 0 0
471 9700 1102 1081 81 0 0 35 1 0 14 0 22 0 0 0 0
472 9686 1108 1086 82 0 0 36 1 0 14 0 23 0 0 0 0
473 9661 1119 1097 85 0 0 36 1 0 14 0 23 0 0 0 0
474 9658 1121 1099 83 0 0 36 1 0 14 0 23 0 0 0 1
475 9641 1129 1106 83 0 0 37 1 0 14 0 24 0 0 0 1
476 9637 1131 1108 83 0 0 37 1 0 14 0 24 0 0 0 1
477 9625 1135 1112 87 0 0 37 1 0 14 0 24 0 0 0 1
478 9614 1140 1116 87 0 0 38 1 0 14 0 25 0 0 0 1
479 9612 1140 1114 87 0 0 40 1 0 14 0 27 0 0 0 1
480 9599 1147 1121 86 0 0 40 1 0 14 0 27 0 0 0 1
481 9591 1150 1125 85 0 0 40 2 0 15 0 27 0 0 0 1
482 9567 1162 1137 85 0 0 40 2 0 15 0 27 0 0 0 1
483 9550 1170 1145 86 0 0 40 2 0 15 0 27 0 0 0 1
484 9548 1172 1147 84 0 0 40 2 0 15 0 27 0 0 0 1
485 9542 1174 1149 86 0 0 40 2 0 15 0 27 0 0 0 1
486 9541 1173 1148 89 0 0 40 2 0 15 0 27 0 0 0 1
487 9532 1177 1152 90 0 0 40 2 0 15 0 27 0 0 0 1
488 9525 1177 1154 95 0 0 38 4 0 15 0 27 0 0 0 1
489 9523 1176 1153 99 0 0 38 4 0 15 0 27 0 0 0 1
490 9530 1172 1149 100 0 0 38 4 0 15 0 27 0 0 0 1
491 9532 1171 1148 100 0 0 38 4 0 15 0 27 0 0 0 1
492 9528 1173 1151 99 0 0 37 5 0 15 0 27 0 0 0 1
493 9521 1176 1154 100 0 0 37 5 0 15 0 27 0 0 0 1
494 9514 1178 1156 101 0 0 37 6 0 15 0 28 0 0 0 1
495 9520 1175 1152 100 0 0 38 6 0 15 0 29 0 0 0 1
496 9510 1177 1154 106 0 0 38 6 0 15 0 29 0 0 0 1
497 9514 1175 1152 106 0 0 38 6 0 15 0 29 0 0 0 1
498 9503 1179 1156 109 0 0 38 6 0 15 0 29 0 0 0 1
499 9490 1187 1165 105 0 0 38 6 0 16 0 28 0 0 0 1
500 9480 1190 1168 107 0 0 39 6 0 17 0 28 0 0 0 1
501 9479 1190 1168 108 0 0 39 6 0 17 0 28 0 0 0 1
502 9480 1188 1166 111 0 0 39 6 0 17 0 28 0 0 0 1
503 9484 1186 1164 109 0 0 40 6 0 18 0 28 0 0 0 1
504 9490 1183 1161 109 0 0 40 6 0 18 0 28 0 0 0 1
505 9475 1189 1167 112 0 0 40 6 0 18 0 28 0 0 0 1
506 9460 1195 1173 115 0 0 40 6 0 18 0 28 0 0 0 1
507 9469 1190 1169 115 0 0 40 6 0 19 0 27 0 0 0 1
508 9478 1185 1164 116 0 0 40 6 0 19 0 27 0 0 0 1
509 9481 1183 1162 117 0 0 40 6 0 19 0 27 0 0 0 1
510 9459 1192 1171 119 0 0 41 6 0 20 0 27 0 0 0 1
511 9456 1195 1174 116 0 0 42 5 0 21 0 26 0 0 0 1
512 9449 1195 1175 122 0 0 41 6 0 21 0 26 0 0 0 1
513 9446 1196 1176 123 0 0 41 6 0 21 0 26 0 0 0 1
514 9433 1201 1181 126 0 0 41 6 0 21 0 26 0 0 0 1
515 9442 1196 1176 127 0 0 41 6 0 21 0 26 0 0 0 1
516 9453 1190 1170 128 0 0 41 6 0 21 0 26 0 0 0 1
517 9459 1188 1167 123 0 0 42 7 0 21 0 28 0 0 0 1
518 9452 1189 1168 128 0 0 42 7 0 21 0 28 0 0 0 1
519 9444 1193 1172 128 0 0 42 7 0 21 0 28 0 0 0 1
520 9447 1192 1171 127 0 0 42 7 0 21 0 28 0 0 0 1
521 9436 1195 1174 132 0 0 42 7 0 21 0 28 0 0 0 1
522 9433 1196 1174 132 0 0 43 7 0 21 0 29 0 0 0 1
523 9432 1196 1173 132 0 0 44 7 0 21 0 30 0 0 0 1
524 9431 1196 1173 131 0 0 45 7 0 22 0 30 0 0 0 1
525 9429 1197 1174 131 0 0 45 7 0 22 0 30 0 0 0 1
526 9416 1204 1181 130 0 0 45 7 0 22 0 30 0 0 0 1
527 9408 1207 1183 133 0 0 46 6 0 22 0 30 0 0 0 1
528 9414 1203 1179 133 0 0 47 6 0 23 0 30 0 0 0 1
529 9406 1208 1184 131 0 0 47 6 0 23 0 30 0 0 0 1
530 9397 1212 1186 130 0 0 49 6 0 23 0 32 0 0 0 1
531 9399 1211 1185 130 0 0 49 6 0 23 0 32 0 0 0 1
532 9396 1211 1185 133 0 0 49 6 0 23 0 32 0 0 0 1
533 9387 1216 1190 132 0 0 49 6 0 23 0 32 0 0 0 1
534 9381 1219 1193 132 0 0 49 6 0 23 0 32 0 0 0 1
535 9379 1217 1191 138 0 0 49 6 0 23 0 32 0 0 0 1
536 9371 1220 1194 140 0 0 49 6 0 23 0 32 0 0 0 1
537 9358 1227 1201 139 0 0 49 6 0 23 0 32 0 0 0 1
538 9366 1222 1196 139 0 0 50 6 0 24 0 32 0 0 0 1
539 9373 1218 1194 138 0 0 50 6 0 26 0 30 0 0 0 1
540 9362 1223 1198 138 0 0 51 6 0 26 0 31 0 0 0 1
541 9369 1219 1194 139 0 0 51 6 0 26 0 31 0 0 0 1
542 9375 1216 1192 138 0 0 51 6 0 27 0 30 0 0 0 1
543 9353 1226 1200 138 0 0 53 6 0 27 0 32 0 0 0 1
544 9348 1229 1203 137 0 0 53 6 0 27 0 32 0 0 0 1
545 9345 1231 1205 136 0 0 53 6 0 27 0 32 0 0 0 1
546 9361 1224 1198 134 0 0 53 6 0 27 0 32 0 0 0 1
547 9370 1220 1194 133 0 0 53 6 0 27 0 32 0 0 0 1
548 9370 1220 1194 133 0 0 53 6 0 27 0 32 0 0 0 1
549 9361 1224 1198 134 0 0 53 6 0 27 0 32 0 0 0 1
550 9378 1216 1191 132 0 0 53 6 0 28 0 31 0 0 0 1
551 9371 1219 1194 133 0 0 53 6 0 28 0 31 0 0 0 1
552 9378 1216 1191 132 0 0 53 6 0 28 0 31 0 0 0 1
553 9377 1216 1191 133 0 0 53 6 0 28 0 31 0 0 0 1
554 9377 1215 1191 134 0 0 53 6 0 29 0 30 0 0 0 1
555 9384 1210 1187 136 0 0 53 6 0 30 0 29 0 0 0 1
556 9384 1211 1187 133 0 0 54 6 0 30 0 30 0 0 0 1
557 9373 1216 1192 134 0 0 54 6 0 30 0 30 0 0 0 1
558 9367 1217 1192 137 0 0 55 6 0 30 0 31 0 0 0 1
559 9366 1218 1193 136 0 0 55 6 0 30 0 31 0 0 0 1
560 9372 1215 1189 135 0 0 56 6 0 30 0 32 0 0 0 1
561 9370 1216 1191 134 0 0 56 6 0 31 0 31 0 0 0 1
562 9377 1212 1187 135 0 0 56 6 0 31 0 31 0 0 0 1
563 9385 1209 1184 133 0 0 56 6 0 31 0 31 0 0 0 1
564 9380 1213 1189 129 0 0 56 6 0 32 0 30 0 0 0 1
565 9383 1210 1186 132 0 0 56 6 0 32 0 30 0 0 0 1
566 9380 1210 1187 134 0 0 56 6 0 33 0 29 0 0 0 1
567 9373 1213 1190 135 0 0 56 6 0 33 0 29 0 0 0 1
568 9381 1210 1186 132 0 0 57 6 0 33 0 30 0 0 0 1
569 9378 1212 1188 131 0 0 57 6 0 33 0 30 0 0 0 1
570 9392 1204 1180 133 0 0 57 6 0 33 0 30 0 0 0 1
571 9392 1203 1181 133 0 0 57 6 0 35 0 28 0 0 0 1
572 9379 1210 1188 132 0 0 57 6 0 35 0 28 0 0 0 1
573 9392 1203 1181 133 0 0 57 6 0 35 0 28 0 0 0 1
574 9392 1203 1181 133 0 0 57 6 0 35 0 28 0 0 0 1
575 9403 1199 1177 130 0 0 57 6 0 35 0 28 0 0 0 1
576 9398 1200 1177 132 0 0 58 6 0 35 0 29 0 0 0 1
577 9402 1197 1174 134 0 0 58 6 0 35 0 29 0 0 0 1
578 9395 1201 1175 130 0 0 61 6 0 35 0 32 0 0 0 1
579 9400 1200 1174 127 0 0 61 6 0 35 0 32 0 0 0 1
580 9403 1198 1173 127 0 0 61 6 0 36 0 31 0 0 0 1
581 9404 1196 1171 130 0 0 61 6 0 36 0 31 0 0 0 1
582 9404 1196 1171 130 0 0 61 6 0 36 0 31 0 0 0 1
583 9404 1197 1172 128 0 0 61 6 0 36 0 31 0 0 0 1
584 9412 1192 1167 130 0 0 61 6 0 36 0 31 0 0 0 1
585 9415 1189 1164 133 0 0 61 6 0 36 0 31 0 0 0 1
586 9422 1183 1157 137 0 0 62 6 0 36 0 32 0 0 0 1
587 9419 1184 1158 138 0 0 62 6 0 36 0 32 0 0 0 1
588 9419 1182 1156 142 0 0 62 6 0 36 0 32 0 0 0 1
589 9420 1180 1154 145 0 0 62 6 0 36 0 32 0 0 0 1
590 9430 1176 1150 143 0 0 62 6 0 36 0 32 0 0 0 1
591 9417 1182 1156 144 0 0 62 6 0 36 0 32 0 0 0 1
592 9418 1181 1156 144 0 0 62 6 0 37 0 31 0 0 0 1
593 9418 1181 1156 144 0 0 62 6 0 37 0 31 0 0 0 1
594 9407 1187 1162 143 0 0 62 6 0 37 0 31 0 0 0 1
595 9416 1182 1158 141 0 0 62 7 0 38 0 31 0 0 0 1
596 9414 1183 1159 141 0 0 62 7 0 38 0 31 0 0 0 1
597 9404 1186 1162 143 0 0 63 7 0 39 0 31 0 0 0 1
598 9405 1186 1162 142 0 0 63 7 0 39 0 31 0 0 0 1
599 9413 1182 1157 143 0 0 64 6 0 39 0 31 0 0 0 1
600 9422 1177 1153 143 0 0 64 6 0 40 0 30 0 0 0 1
601 9425 1175 1151 144 0 0 64 6 0 40 0 30 0 0 0 1
602 9428 1173 1149 145 0 0 64 6 0 40 0 30 0 0 0 1
603 9433 1172 1148 142 0 0 64 6 0 40 0 30 0 0 0 1
604 9442 1169 1143 141 0 0 65 5 0 39 0 31 0 0 0 1
605 9442 1169 1142 140 0 0 66 5 0 39 0 32 0 0 0 1
606 9443 1169 1142 139 0 0 66 5 0 39 0 32 0 0 0 1
607 9449 1167 1140 137 0 0 66 5 0 39 0 32 0 0 0 1
608 9453 1164 1139 137 0 0 66 5 0 41 0 30 0 0 0 1
609 9458 1162 1137 136 0 0 66 5 0 41 0 30 0 0 0 1
610 9472 1155 1130 136 0 0 66 5 0 41 0 30 0 0 0 1
611 9472 1156 1131 134 0 0 66 5 0 41 0 30 0 0 0 1
612 9483 1151 1126 133 0 0 66 5 0 41 0 30 0 0 0 1
613 9488 1150 1125 130 0 0 66 5 0 41 0 30 0 0 0 1
614 9486 1151 1127 129 0 0 66 5 0 42 0 29 0 0 0 1
615 9484 1151 1127 131 0 0 66 5 0 42 0 29 0 0 0 1
616 9496 1147 1123 127 0 0 66 5 0 42 0 29 0 0 0 1
617 9484 1153 1128 128 0 0 67 4 0 42 0 29 0 0 0 1
618 9492 1150 1126 125 0 0 67 4 0 43 0 28 0 0 0 1
619 9496 1149 1125 123 0 0 68 3 0 44 0 27 0 0 0 1
620 9502 1147 1123 121 0 0 68 3 0 44 0 27 0 0 0 1
621 9493 1151 1127 122 0 0 68 3 0 44 0 27 0 0 0 1
622 9490 1153 1129 121 0 0 68 3 0 44 0 27 0 0 0 1
623 9483 1157 1133 120 0 0 68 3 0 44 0 27 0 0 0 1
624 9486 1155 1131 121 0 0 68 3 0 44 0 27 0 0 0 1
625 9478 1159 1134 122 0 0 68 3 0 43 0 28 0 0 0 1
626 9482 1157 1132 122 0 0 68 3 0 43 0 28 0 0 0 1
627 9474 1161 1136 122 0 0 68 3 0 43 0 28 0 0 0 1
628 9461 1167 1142 123 0 0 68 3 0 43 0 28 0 0 0 1
629 9460 1167 1142 124 0 0 68 3 0 43 0 28 0 0 0 1
630 9450 1170 1145 126 0 0 69 3 0 44 0 28 0 0 0 1
631 9456 1166 1141 128 0 0 69 3 0 44 0 28 0 0 0 1
632 9450 1167 1142 132 0 0 69 3 0 44 0 28 0 0 0 1
633 9457 1163 1138 133 0 0 69 3 0 44 0 28 0 0 0 1
634 9460 1161 1135 133 0 0 70 3 0 44 0 29 0 0 0 1
635 9443 1169 1143 134 0 0 70 3 0 44 0 29 0 0 0 1
636 9440 1169 1144 136 0 0 70 3 0 45 0 28 0 0 0 1
637 9448 1167 1141 131 0 0 71 3 0 45 0 29 0 0 0 1
638 9438 1171 1146 132 0 0 70 4 0 45 0 29 0 0 0 1
639 9436 1172 1147 132 0 0 70 4 0 45 0 29 0 0 0 1
640 9431 1175 1148 129 0 0 72 4 0 45 0 31 0 0 0 1
641 9434 1173 1146 130 0 0 72 4 0 45 0 31 0 0 0 1
642 9413 1182 1153 131 0 0 74 4 0 45 0 33 0 0 0 1
643 9405 1185 1155 132 0 0 75 4 0 45 0 34 0 0 0 1
644 9396 1188 1158 135 0 0 75 4 0 45 0 34 0 0 0 1
645 9386 1193 1161 135 0 0 76 4 0 44 0 36 0 0 0 1
646 9375 1199 1167 134 0 0 76 4 0 44 0 36 0 0 0 1
647 9361 1204 1172 138 0 0 76 4 0 44 0 36 0 0 0 1
648 9354 1208 1175 138 0 0 76 4 0 43 0 37 0 0 0 1
649 9343 1212 1178 140 0 0 77 4 0 43 0 38 0 0 0 1
650 9340 1214 1180 139 0 0 77 4 0 43 0 38 0 0 0 1
651 9349 1208 1174 140 0 0 78 4 0 44 0 38 0 0 0 1
652 9348 1208 1174 141 0 0 78 4 0 44 0 38 0 0 0 1
653 9342 1210 1176 141 0 0 78 5 0 44 0 39 0 0 0 1
654 9340 1210 1176 143 0 0 78 5 0 44 0 39 0 0 0 1
655 9330 1214 1180 145 0 0 78 5 0 44 0 39 0 0 0 1
656 9307 1225 1190 145 0 0 79 5 0 44 0 40 0 0 0 1
657 9299 1228 1193 147 0 0 79 5 0 44 0 40 0 0 0 1
658 9290 1232 1196 147 0 0 80 5 0 44 0 41 0 0 0 1
659 9290 1229 1192 152 0 0 81 5 0 44 0 42 0 0 0 1
660 9278 1235 1199 151 0 0 80 6 0 44 0 42 0 0 0 1
661 9259 1244 1208 152 0 0 80 6 0 44 0 42 0 0 0 1
662 9249 1249 1213 152 0 0 80 6 0 44 0 42 0 0 0 1
663 9238 1253 1216 154 0 0 81 6 0 44 0 43 0 0 0 1
664 9214 1264 1227 156 0 0 81 6 0 44 0 43 0 0 0 1
665 9195 1270 1232 162 0 0 82 6 0 44 0 44 0 0 0 1
666 9176 1278 1240 165 0 0 82 6 0 44 0 44 0 0 0 1
667 9156 1287 1249 167 0 0 82 6 0 44 0 44 0 0 0 1
668 9150 1290 1250 165 0 0 84 6 0 44 0 46 0 0 0 1
669 9140 1294 1253 166 0 0 85 6 0 44 0 47 0 0 0 1
670 9137 1295 1254 165 0 0 85 7 0 44 0 48 0 0 0 1
671 9133 1296 1254 166 0 0 86 7 0 44 0 49 0 0 0 1
672 9118 1303 1261 165 0 0 86 8 0 44 0 50 0 0 0 1
673 9110 1305 1262 168 0 0 87 8 0 44 0 51 0 0 0 1
674 9089 1315 1272 169 0 0 87 8 0 44 0 51 0 0 0 1
675 9087 1315 1272 167 0 0 89 8 0 46 0 51 0 0 0 1
676 9068 1323 1280 168 0 0 89 9 0 46 0 52 0 0 0 1
677 9071 1321 1278 166 0 0 91 8 0 48 0 51 0 0 0 2
678 9051 1330 1286 167 0 0 92 8 0 48 0 52 0 0 0 2
679 9049 1329 1285 171 0 0 92 8 0 48 0 52 0 0 0 2
680 9036 1336 1291 167 0 0 93 9 0 48 0 54 0 0 0 2
681 9026 1339 1293 170 0 0 94 9 0 48 0 55 0 0 0 2
682 9014 1343 1297 172 0 0 94 10 0 48 0 56 0 0 0 2
683 9007 1346 1301 170 0 0 94 11 0 49 0 56 0 0 0 2
684 8999 1350 1304 169 0 0 95 11 0 49 0 57 0 0 0 2
685 9000 1349 1304 165 0 0 97 11 0 52 0 56 0 0 0 2
686 8990 1353 1308 165 0 0 97 12 0 52 0 57 0 0 0 2
687 8974 1358 1312 170 0 0 98 12 0 52 0 58 0 0 0 2
688 8953 1367 1321 173 0 0 98 12 0 52 0 58 0 0 0 2
689 8952 1366 1319 175 0 0 99 12 0 52 0 59 0 0 0 2
690 8955 1364 1319 174 0 0 99 12 0 54 0 57 0 0 0 2
691 8950 1366 1321 173 0 0 100 12 0 55 0 57 0 0 0 2
692 8958 1363 1318 169 0 0 101 12 0 56 0 57 0 0 0 2
693 8948 1367 1322 171 0 0 101 12 0 56 0 57 0 0 0 2
694 8945 1369 1324 170 0 0 101 12 0 56 0 57 0 0 0 2
695 8942 1370 1324 169 0 0 102 12 0 56 0 58 0 0 0 3
696 8931 1374 1327 169 0 0 104 12 0 57 0 59 0 0 0 3
697 8916 1378 1330 177 0 0 104 12 0 56 0 60 0 0 0 3
698 8907 1382 1332 176 0 0 106 12 0 56 0 62 0 0 0 3
699 8896 1388 1337 176 0 0 107 11 0 56 0 62 0 0 0 3
700 8902 1383 1331 177 0 0 110 10 0 58 0 62 0 0 0 3
701 8882 1392 1337 176 0 0 113 10 0 58 0 65 0 0 0 3
702 8885 1388 1332 180 0 0 114 10 0 58 0 66 0 0 0 3
703 8893 1385 1327 178 0 0 115 10 0 57 0 68 0 0 0 3
704 8903 1381 1321 176 0 0 117 9 0 57 0 69 0 0 0 3
705 8891 1386 1325 177 0 0 118 9 0 57 0 70 0 0 0 3
706 8893 1384 1324 180 0 0 117 9 0 57 0 69 0 0 0 3
707 8867 1395 1334 185 0 0 117 9 0 56 0 70 0 0 0 3
708 8867 1393 1332 187 0 0 118 9 0 57 0 70 0 0 0 3
709 8878 1388 1326 185 0 0 119 9 0 57 0 71 0 0 0 3
710 8877 1388 1325 183 0 0 121 9 0 58 0 72 0 0 0 3
711 8877 1389 1326 179 0 0 122 9 0 59 0 72 0 0 0 3
712 8864 1395 1332 180 0 0 121 10 0 58 0 73 0 0 0 3
713 8871 1392 1329 179 0 0 121 10 0 58 0 73 0 0 0 3
714 8881 1385 1324 181 0 0 120 11 0 59 0 72 0 0 0 3
715 8884 1384 1323 180 0 0 120 11 0 59 0 72 0 0 0 3
716 8876 1385 1323 185 0 0 121 11 0 59 0 73 0 0 0 3
717 8880 1381 1319 187 0 0 122 11 0 60 0 73 0 0 0 3
718 8877 1382 1320 188 0 0 122 11 0 60 0 73 0 0 0 3
719 8879 1382 1321 185 0 0 122 11 0 61 0 72 0 0 0 3
720 8880 1379 1319 189 0 0 122 11 0 62 0 71 0 0 0 3
721 8880 1379 1317 187 0 0 124 11 0 62 0 73 0 0 0 3
722 8858 1389 1327 187 0 0 125 11 0 63 0 73 0 0 0 3
723 8851 1392 1330 188 0 0 125 11 0 63 0 73 0 0 0 3
724 8851 1392 1330 188 0 0 125 11 0 63 0 73 0 0 0 3
725 8854 1391 1329 187 0 0 125 11 0 63 0 73 0 0 0 3
726 8860 1389 1327 185 0 0 125 11 0 63 0 73 0 0 0 3
727 8853 1392 1330 186 0 0 125 11 0 63 0 73 0 0 0 3
728 8861 1388 1326 186 0 0 125 11 0 63 0 73 0 0 0 3
729 8875 1383 1320 181 0 0 126 11 0 63 0 74 0 0 0 3
730 8873 1385 1322 179 0 0 126 11 0 63 0 74 0 0 0 3
731 8859 1394 1331 175 0 0 126 11 0 63 0 74 0 0 0 3
732 8856 1396 1333 174 0 0 126 11 0 63 0 74 0 0 0 3
733 8855 1396 1334 174 0 0 126 11 0 64 0 73 0 0 0 3
734 8851 1397 1334 175 0 0 127 11 0 64 0 74 0 0 0 3
735 8852 1397 1333 173 0 0 127 12 0 63 0 76 0 0 0 3
736 8852 1398 1334 171 0 0 127 12 0 63 0 76 0 0 0 3
737 8845 1401 1337 172 0 0 127 12 0 63 0 76 0 0 0 3
738 8844 1401 1338 172 0 0 127 12 0 64 0 75 0 0 0 3
739 8834 1406 1344 171 0 0 127 12 0 65 0 74 0 0 0 3
740 8832 1406 1344 170 0 0 128 12 0 66 0 74 0 0 0 4
741 8839 1402 1343 168 0 0 128 12 0 69 0 71 0 0 0 4
742 8847 1399 1340 164 0 0 129 12 0 70 0 71 0 0 0 4
743 8856 1395 1338 161 0 0 128 13 0 71 0 70 0 0 0 4
744 8855 1395 1337 161 0 0 129 13 0 71 0 71 0 0 0 4
745 8853 1396 1337 158 0 0 130 14 0 71 0 73 0 0 0 4
746 8853 1396 1336 157 0 0 131 14 0 71 0 74 0 0 0 4
747 8840 1402 1342 158 0 0 131 14 0 71 0 74 0 0 0 4
748 8835 1404 1344 157 0 0 131 15 0 71 0 75 0 0 0 4
749 8841 1400 1339 158 0 0 132 15 0 71 0 76 0 0 0 4
750 8841 1400 1339 158 0 0 132 15 0 71 0 76 0 0 0 4
751 8836 1402 1340 158 0 0 133 15 0 71 0 77 0 0 0 4
752 8835 1405 1343 153 0 0 133 15 0 71 0 77 0 0 0 4
753 8830 1407 1345 154 0 0 133 15 0 71 0 77 0 0 0 4
754 8838 1403 1341 154 0 0 133 15 0 71 0 77 0 0 0 4
755 8836 1403 1342 155 0 0 133 15 0 72 0 76 0 0 0 4
756 8845 1399 1338 152 0 0 134 15 0 73 0 76 0 0 0 4
757 8850 1397 1336 151 0 0 134 15 0 73 0 76 0 0 0 4
758 8839 1401 1342 152 0 0 133 16 0 74 0 75 0 0 0 4
759 8848 1397 1338 151 0 0 133 16 0 74 0 75 0 0 0 4
760 8840 1401 1341 150 0 0 134 16 0 74 0 76 0 0 0 4
761 8829 1405 1346 152 0 0 134 16 0 75 0 75 0 0 0 4
762 8830 1404 1344 154 0 0 136 14 0 76 0 74 0 0 0 4
763 8820 1408 1350 154 0 0 136 14 0 78 0 72 0 0 0 4
764 8816 1410 1353 153 0 0 136 14 0 79 0 71 0 0 0 4
765 8810 1413 1356 153 0 0 136 14 0 79 0 71 0 0 0 4
766 8823 1406 1348 155 0 0 137 13 0 79 0 71 0 0 0 4
767 8821 1407 1349 155 0 0 137 13 0 79 0 71 0 0 0 4
768 8824 1406 1349 153 0 0 137 13 0 80 0 70 0 0 0 4
769 8817 1408 1351 156 0 0 137 13 0 80 0 70 0 0 0 4
770 8812 1410 1352 156 0 0 138 13 0 80 0 71 0 0 0 4
771 8807 1413 1355 155 0 0 138 13 0 80 0 71 0 0 0 4
772 8810 1411 1353 154 0 0 139 13 0 81 0 71 0 0 0 4
773 8820 1406 1348 154 0 0 139 13 0 81 0 71 0 0 0 4
774 8823 1403 1345 157 0 0 139 13 0 81 0 71 0 0 0 4
775 8823 1402 1344 157 0 0 140 13 0 82 0 71 0 0 0 4
776 8835 1395 1337 159 0 0 140 13 0 82 0 71 0 0 0 4
777 8835 1394 1336 161 0 0 140 13 0 82 0 71 0 0 0 4
778 8836 1393 1335 162 0 0 140 13 0 82 0 71 0 0 0 4
779 8834 1394 1336 162 0 0 140 13 0 82 0 71 0 0 0 4
780 8841 1390 1333 162 0 0 140 13 0 83 0 70 0 0 0 4
781 8854 1383 1328 161 0 0 140 13 0 85 0 68 0 0 0 4
782 8843 1389 1334 160 0 0 140 13 0 85 0 68 0 0 0 4
783 8852 1384 1331 157 0 0 140 14 0 87 0 67 0 0 0 4
784 8852 1384 1332 156 0 0 139 15 0 87 0 67 0 0 0 4
785 8854 1384 1331 153 0 0 141 14 0 88 0 67 0 0 0 4
786 8855 1381 1328 158 0 0 141 14 0 88 0 67 0 0 0 4
787 8859 1378 1325 160 0 0 141 14 0 88 0 67 0 0 0 4
788 8860 1379 1326 157 0 0 141 14 0 88 0 67 0 0 0 4
789 8869 1375 1322 154 0 0 141 15 0 88 0 68 0 0 0 4
790 8874 1371 1319 156 0 0 141 15 0 89 0 67 0 0 0 4
791 8883 1368 1316 153 0 0 142 14 0 90 0 66 0 0 0 4
792 8883 1368 1316 153 0 0 142 14 0 90 0 66 0 0 0 4
793 8888 1364 1312 156 0 0 142 14 0 90 0 66 0 0 0 4
794 8894 1361 1309 156 0 0 142 14 0 90 0 66 0 0 0 4
795 8881 1367 1315 157 0 0 142 14 0 90 0 66 0 0 0 4
796 8890 1363 1311 156 0 0 142 14 0 90 0 66 0 0 0 4
797 8896 1358 1306 160 0 0 142 14 0 90 0 66 0 0 0 4
798 8903 1354 1302 161 0 0 142 14 0 90 0 66 0 0 0 4
799 8897 1355 1304 164 0 0 142 14 0 91 0 65 0 0 0 4
800 8893 1357 1306 164 0 0 142 14 0 91 0 65 0 0 0 4
801 8906 1351 1300 163 0 0 142 14 0 91 0 65 0 0 0 4
802 8913 1348 1297 162 0 0 142 14 0 91 0 65 0 0 0 4
803 8906 1352 1301 161 0 0 142 14 0 91 0 65 0 0 0 4
804 8917 1348 1297 158 0 0 142 14 0 91 0 65 0 0 0 4
805 8915 1349 1298 158 0 0 142 14 0 91 0 65 0 0 0 4
806 8919 1347 1296 156 0 0 143 14 0 92 0 65 0 0 0 4
807 8918 1347 1296 155 0 0 143 15 0 92 0 66 0 0 0 4
808 8925 1344 1292 153 0 0 144 15 0 92 0 67 0 0 0 4
809 8950 1334 1282 148 0 0 144 15 0 92 0 67 0 0 0 4
810 8960 1329 1277 148 0 0 144 15 0 92 0 67 0 0 0 4
811 8974 1324 1273 143 0 0 144 15 0 93 0 66 0 0 0 4
812 8979 1323 1272 140 0 0 144 15 0 93 0 66 0 0 0 4
813 8982 1319 1268 145 0 0 144 15 0 93 0 66 0 0 0 4
814 8984 1317 1266 147 0 0 144 15 0 93 0 66 0 0 0 4
815 8975 1320 1269 148 0 0 145 15 0 94 0 66 0 0 0 4
816 8974 1320 1268 148 0 0 146 15 0 94 0 67 0 0 0 4
817 8981 1315 1262 152 0 0 147 14 0 94 0 67 0 0 0 4
818 8985 1313 1260 152 0 0 147 14 0 94 0 67 0 0 0 4
819 8998 1308 1255 149 0 0 147 14 0 94 0 67 0 0 0 4
820 8997 1309 1256 148 0 0 147 14 0 94 0 67 0 0 0 4
821 9000 1309 1257 144 0 0 147 14 0 95 0 66 0 0 0 4
822 9003 1308 1256 143 0 0 147 14 0 95 0 66 0 0 0 4
823 9016 1302 1250 140 0 0 147 15 0 95 0 67 0 0 0 4
824 9030 1293 1242 143 0 0 146 16 0 95 0 67 0 0 0 4
825 9033 1289 1239 147 0 0 146 16 0 96 0 66 0 0 0 4
826 9041 1284 1234 149 0 0 146 16 0 96 0 66 0 0 0 4
827 9053 1279 1229 147 0 0 146 16 0 96 0 66 0 0 0 4
828 9046 1281 1232 149 0 0 146 16 0 97 0 65 0 0 0 4
829 9041 1282 1233 152 0 0 146 16 0 97 0 65 0 0 0 4
830 9043 1282 1233 150 0 0 146 16 0 97 0 65 0 0 0 4
831 9058 1274 1225 151 0 0 146 16 0 97 0 65 0 0 0 4
832 9066 1271 1223 148 0 0 146 16 0 98 0 64 0 0 0 4
833 9061 1273 1224 148 0 0 147 16 0 98 0 65 0 0 0 4
834 9064 1268 1219 153 0 0 149 15 0 100 0 64 0 0 0 4
835 9053 1272 1224 155 0 0 149 15 0 101 0 63 0 0 0 4
836 9049 1274 1226 153 0 0 149 16 0 101 0 64 0 0 0 4
837 9045 1277 1229 151 0 0 149 16 0 101 0 64 0 0 0 4
838 9028 1287 1239 148 0 0 149 16 0 101 0 64 0 0 0 4
839 9015 1293 1244 148 0 0 150 16 0 101 0 65 0 0 0 4
840 9001 1299 1249 150 0 0 151 15 0 101 0 65 0 0 0 5
841 8995 1304 1253 147 0 0 151 15 0 100 0 66 0 0 0 5
842 8981 1309 1258 151 0 0 151 15 0 100 0 66 0 0 0 5
843 8980 1308 1258 153 0 0 150 16 0 100 0 66 0 0 0 5
844 8988 1302 1253 156 0 0 150 16 0 101 0 65 0 0 0 5
845 8983 1304 1254 158 0 0 151 15 0 101 0 65 0 0 0 5
846 8979 1305 1255 160 0 0 151 15 0 101 0 65 0 0 0 5
847 8975 1306 1255 161 0 0 152 15 0 101 0 66 0 0 0 5
848 8968 1308 1256 163 0 0 152 16 0 100 0 68 0 0 0 5
849 8959 1311 1258 165 0 0 153 16 0 100 0 69 0 0 0 5
850 8939 1321 1267 164 0 0 154 16 0 100 0 70 0 0 0 5
851 8938 1319 1264 168 0 0 155 16 0 100 0 71 0 0 0 5
852 8909 1332 1276 171 0 0 156 15 0 100 0 71 0 0 0 6
853 8903 1336 1280 169 0 0 156 15 0 100 0 71 0 0 0 6
854 8895 1338 1280 173 0 0 157 15 0 99 0 73 0 0 0 6
855 8894 1338 1280 174 0 0 157 15 0 99 0 73 0 0 0 6
856 8898 1336 1277 173 0 0 158 15 0 99 0 74 0 0 0 6
857 8893 1338 1278 173 0 0 159 15 0 99 0 75 0 0 0 6
858 8894 1336 1274 175 0 0 161 14 0 99 0 76 0 0 0 7
859 8890 1337 1273 173 0 0 163 15 0 99 0 79 0 0 0 7
860 8893 1335 1271 174 0 0 163 15 0 99 0 79 0 0 0 7
861 8890 1334 1268 177 0 0 165 15 0 99 0 81 0 0 0 7
862 8882 1338 1271 176 0 0 166 15 0 99 0 82 0 0 0 7
863 8883 1337 1271 176 0 0 165 16 0 99 0 82 0 0 0 7
864 8874 1340 1274 179 0 0 165 16 0 99 0 82 0 0 0 7
865 8864 1343 1276 180 0 0 167 16 0 100 0 83 0 0 0 7
866 8840 1351 1283 185 0 0 168 17 0 100 0 85 0 0 0 7
867 8847 1349 1279 180 0 0 170 17 0 100 0 87 0 0 0 7
868 8834 1352 1283 184 0 0 170 18 0 101 0 87 0 0 0 7
869 8822 1357 1287 187 0 0 171 17 0 101 0 87 0 0 0 7
870 8812 1360 1291 190 0 0 171 17 0 102 0 86 0 0 0 7
871 8809 1361 1289 188 0 0 174 17 0 102 0 89 0 0 0 7
872 8796 1365 1293 193 0 0 173 18 0 101 0 90 0 0 0 7
873 8794 1367 1295 189 0 0 173 19 0 101 0 91 0 0 0 7
874 8781 1373 1300 189 0 0 174 19 0 101 0 92 0 0 0 7
875 8771 1379 1307 186 0 0 173 20 0 101 0 92 0 0 0 7
876 8769 1379 1308 187 0 0 173 20 0 102 0 91 0 0 0 7
877 8747 1389 1318 189 0 0 173 20 0 102 0 91 0 0 0 7
878 8734 1395 1325 189 0 0 173 20 0 103 0 90 0 0 0 7
879 8732 1396 1326 189 0 0 173 20 0 103 0 90 0 0 0 7
880 8738 1392 1323 190 0 0 173 20 0 104 0 89 0 0 0 7
881 8738 1392 1320 187 0 0 176 20 0 104 0 92 0 0 0 7
882 8734 1392 1320 191 0 0 176 20 0 104 0 92 0 0 0 7
883 8720 1398 1326 193 0 0 176 20 0 104 0 92 0 0 0 7
884 8713 1399 1328 197 0 0 176 20 0 105 0 91 0 0 0 7
885 8700 1403 1334 200 0 0 175 21 0 106 0 90 0 0 0 7
886 8690 1408 1339 200 0 0 175 21 0 106 0 90 0 0 0 7
887 8674 1416 1343 196 0 0 179 21 0 106 0 94 0 0 0 7
888 8667 1420 1345 196 0 0 179 21 0 104 0 96 0 0 0 8
889 8657 1423 1346 198 0 0 180 22 0 103 0 99 0 0 0 8
890 8659 1420 1342 201 0 0 181 22 0 103 0 100 0 0 0 8
891 8652 1422 1343 201 0 0 183 22 0 104 0 101 0 0 0 8
892 8651 1423 1344 197 0 0 184 22 0 105 0 101 0 0 0 9
893 8646 1425 1348 196 0 0 184 22 0 107 0 99 0 0 0 9
894 8636 1431 1354 194 0 0 184 22 0 107 0 99 0 0 0 9
895 8626 1435 1356 195 0 0 186 21 0 107 0 100 0 0 0 10
896 8618 1440 1360 192 0 0 187 21 0 107 0 101 0 0 0 10
897 8608 1445 1365 190 0 0 188 21 0 108 0 101 0 0 0 10
898 8616 1438 1358 194 0 0 188 22 0 108 0 102 0 0 0 10
899 8614 1437 1357 198 0 0 188 22 0 108 0 102 0 0 0 10
900 8621 1432 1350 200 0 0 190 21 0 108 0 103 0 0 0 11
901 8608 1437 1355 203 0 0 190 21 0 108 0 103 0 0 0 11
902 8610 1436 1354 201 0 0 191 21 0 109 0 103 0 0 0 11
903 8603 1437 1355 206 0 0 191 21 0 109 0 103 0 0 0 11
904 8591 1442 1359 207 0 0 192 21 0 109 0 104 0 0 0 11
905 8583 1445 1362 207 0 0 192 22 0 109 0 105 0 0 0 11
906 8579 1447 1365 204 0 0 192 23 0 110 0 105 0 0 0 11
907 8579 1447 1365 204 0 0 192 23 0 110 0 105 0 0 0 11
908 8577 1448 1363 201 0 0 195 23 0 110 0 108 0 0 0 11
909 8583 1445 1361 200 0 0 195 23 0 111 0 107 0 0 0 11
910 8583 1443 1359 204 0 0 195 23 0 111 0 107 0 0 0 11
911 8570 1449 1365 205 0 0 195 23 0 111 0 107 0 0 0 11
912 8576 1445 1359 207 0 0 197 22 0 111 0 108 0 0 0 11
913 8570 1447 1361 205 0 0 198 23 0 112 0 109 0 0 0 11
914 8567 1445 1358 210 0 0 200 22 0 113 0 109 0 0 0 12
915 8563 1447 1360 210 0 0 200 22 0 113 0 109 0 0 0 12
916 8553 1452 1365 210 0 0 200 22 0 113 0 109 0 0 0 12
917 8549 1454 1368 209 0 0 200 22 0 114 0 108 0 0 0 12
918 8552 1452 1366 210 0 0 200 22 0 114 0 108 0 0 0 12
919 8564 1444 1358 214 0 0 200 22 0 114 0 108 0 0 0 12
920 8568 1440 1356 214 0 0 200 23 0 116 0 107 0 0 0 12
921 8567 1439 1356 214 0 0 200 24 0 117 0 107 0 0 0 12
922 8558 1442 1360 216 0 0 199 25 0 117 0 107 0 0 0 12
923 8549 1447 1364 214 0 0 200 25 0 117 0 108 0 0 0 12
924 8554 1445 1361 212 0 0 202 24 0 118 0 108 0 0 0 12
925 8558 1442 1360 212 0 0 202 24 0 120 0 106 0 0 0 12
926 8567 1436 1355 214 0 0 201 25 0 120 0 106 0 0 0 12
927 8568 1436 1353 211 0 0 203 25 0 120 0 108 0 0 0 12
928 8572 1434 1350 212 0 0 203 25 0 119 0 109 0 0 0 12
929 8571 1434 1350 213 0 0 203 25 0 119 0 109 0 0 0 12
930 8570 1436 1352 210 0 0 203 25 0 119 0 109 0 0 0 12
931 8565 1438 1354 209 0 0 203 26 0 119 0 110 0 0 0 12
932 8569 1437 1351 208 0 0 205 24 0 119 0 110 0 0 0 13
933 8568 1438 1350 207 0 0 207 23 0 119 0 111 0 0 0 13
934 8562 1442 1353 206 0 0 208 22 0 119 0 111 0 0 0 13
935 8567 1438 1349 207 0 0 209 22 0 120 0 111 0 0 0 13
936 8559 1443 1353 206 0 0 209 22 0 119 0 112 0 0 0 13
937 8562 1441 1351 207 0 0 210 21 0 120 0 111 0 0 0 13
938 8569 1437 1347 208 0 0 209 22 0 119 0 112 0 0 0 13
939 8558 1441 1351 211 0 0 209 22 0 119 0 112 0 0 0 13
940 8565 1438 1349 207 0 0 209 23 0 120 0 112 0 0 0 13
941 8572 1434 1346 207 0 0 209 23 0 121 0 111 0 0 0 13
942 8578 1432 1344 205 0 0 209 23 0 121 0 111 0 0 0 13
943 8564 1437 1349 207 0 0 210 23 0 122 0 111 0 0 0 13
944 8560 1439 1351 207 0 0 210 23 0 122 0 111 0 0 0 13
945 8566 1438 1348 202 0 0 212 22 0 122 0 112 0 0 0 14
946 8571 1435 1345 203 0 0 212 22 0 122 0 112 0 0 0 14
947 8572 1432 1343 207 0 0 211 23 0 122 0 112 0 0 0 14
948 8570 1430 1340 212 0 0 212 23 0 122 0 113 0 0 0 14
949 8577 1426 1336 213 0 0 212 23 0 122 0 113 0 0 0 14
950 8593 1418 1327 213 0 0 213 22 0 122 0 113 0 0 0 15
951 8595 1417 1329 210 0 0 213 22 0 125 0 110 0 0 0 15
952 8588 1420 1331 212 0 0 214 21 0 125 0 110 0 0 0 15
953 8583 1422 1335 211 0 0 213 22 0 126 0 109 0 0 0 15
954 8583 1422 1337 209 0 0 213 22 0 128 0 107 0 0 0 15
955 8591 1420 1334 204 0 0 214 22 0 128 0 108 0 0 0 15
956 8583 1425 1339 202 0 0 214 22 0 128 0 108 0 0 0 15
957 8581 1425 1340 203 0 0 214 22 0 129 0 107 0 0 0 15
958 8583 1424 1340 202 0 0 214 22 0 130 0 106 0 0 0 15
959 8580 1425 1341 201 0 0 215 22 0 131 0 106 0 0 0 15
960 8581 1424 1341 201 0 0 215 22 0 132 0 105 0 0 0 15
961 8595 1419 1336 193 0 0 216 23 0 133 0 106 0 0 0 15
962 8589 1420 1338 195 0 0 215 24 0 133 0 106 0 0 0 16
963 8599 1416 1333 190 0 0 216 25 0 133 0 108 0 0 0 16
964 8599 1416 1333 190 0 0 216 25 0 133 0 108 0 0 0 16
965 8589 1422 1339 188 0 0 216 25 0 133 0 108 0 0 0 16
966 8581 1426 1343 188 0 0 216 25 0 133 0 108 0 0 0 16
967 8577 1428 1346 187 0 0 216 25 0 134 0 107 0 0 0 16
968 8576 1428 1345 189 0 0 217 24 0 134 0 107 0 0 0 16
969 8587 1423 1340 188 0 0 217 24 0 134 0 107 0 0 0 16
970 8594 1419 1336 189 0 0 217 24 0 134 0 107 0 0 0 16
971 8601 1417 1334 186 0 0 217 24 0 134 0 107 0 0 0 16
972 8602 1417 1335 184 0 0 217 24 0 135 0 106 0 0 0 16
973 8614 1409 1329 186 0 0 216 25 0 136 0 105 0 0 0 16
974 8621 1406 1327 184 0 0 215 26 0 136 0 105 0 0 0 16
975 8633 1400 1322 183 0 0 215 26 0 137 0 104 0 0 0 16
976 8648 1392 1315 183 0 0 215 26 0 138 0 103 0 0 0 16
977 8646 1391 1314 187 0 0 215 26 0 138 0 103 0 0 0 16
978 8643 1390 1314 190 0 0 215 26 0 139 0 102 0 0 0 17
979 8616 1403 1326 192 0 0 215 26 0 138 0 103 0 0 0 17
980 8623 1401 1324 189 0 0 216 25 0 139 0 102 0 0 0 17
981 8622 1402 1325 186 0 0 217 25 0 140 0 102 0 0 0 17
982 8627 1399 1320 186 0 0 219 24 0 140 0 103 0 0 0 18
983 8637 1394 1315 186 0 0 219 24 0 140 0 103 0 0 0 18
984 8654 1385 1310 183 0 0 217 26 0 142 0 101 0 0 0 18
985 8653 1385 1311 181 0 0 216 28 0 142 0 102 0 0 0 18
986 8666 1378 1306 179 0 0 216 28 0 144 0 100 0 0 0 19
987 8688 1367 1295 177 0 0 217 28 0 145 0 100 0 0 0 19
988 8683 1369 1298 177 0 0 216 29 0 145 0 100 0 0 0 19
989 8672 1374 1304 177 0 0 216 29 0 146 0 99 0 0 0 19
990 8674 1375 1305 173 0 0 216 29 0 146 0 99 0 0 0 19
991 8678 1374 1302 173 0 0 216 29 0 144 0 101 0 0 0 19
992 8688 1370 1298 171 0 0 218 27 0 146 0 99 0 0 0 19
993 8686 1372 1300 169 0 0 218 27 0 146 0 99 0 0 0 19
994 8685 1374 1302 166 0 0 218 27 0 146 0 99 0 0 0 19
995 8688 1373 1301 165 0 0 218 27 0 146 0 99 0 0 0 19
996 8671 1381 1309 166 0 0 218 27 0 146 0 99 0 0 0 19
997 8666 1384 1313 164 0 0 217 28 0 146 0 99 0 0 0 19
998 8687 1374 1304 162 0 0 216 28 0 146 0 98 0 0 0 21
999 8689 1372 1304 162 0 0 216 28 0 148 0 96 0 0 0 21
1000 8689 1373 1305 158 0 0 217 28 0 149 0 96 0 0 0 21
1001 8686 1375 1308 156 0 0 217 28 0 150 0 95 0 0 0 21
1002 8695 1370 1304 156 0 0 217 28 0 151 0 94 0 0 0 21
1003 8692 1371 1305 157 0 0 217 28 0 151 0 94 0 0 0 21
1004 8690 1370 1307 158 0 0 215 30 0 152 0 93 0 0 0 21
1005 8698 1367 1304 156 0 0 215 30 0 152 0 93 0 0 0 21
1006 8706 1364 1302 153 0 0 215 30 0 153 0 92 0 0 0 21
1007 8705 1365 1303 152 0 0 215 30 0 153 0 92 0 0 0 21
1008 8686 1375 1314 150 0 0 215 30 0 154 0 91 0 0 0 21
1009 8700 1369 1308 148 0 0 215 30 0 154 0 91 0 0 0 21
1010 8715 1361 1301 148 0 0 215 30 0 155 0 90 0 0 0 21
1011 8722 1356 1296 151 0 0 215 30 0 155 0 90 0 0 0 21
1012 8727 1352 1293 153 0 0 215 30 0 156 0 89 0 0 0 21
1013 8731 1349 1292 153 0 0 215 30 0 158 0 87 0 0 0 21
1014 8743 1345 1288 149 0 0 215 30 0 158 0 87 0 0 0 21
1015 8749 1340 1285 151 0 0 214 31 0 159 0 86 0 0 0 21
1016 8751 1339 1285 150 0 0 214 31 0 160 0 85 0 0 0 21
1017 8755 1335 1283 152 0 0 212 33 0 160 0 85 0 0 0 21
1018 8756 1334 1281 152 0 0 213 33 0 160 0 86 0 0 0 21
1019 8760 1333 1280 150 0 0 213 33 0 160 0 86 0 0 0 21
1020 8772 1329 1275 147 0 0 213 33 0 159 0 87 0 0 0 21
1021 8770 1328 1273 152 0 0 213 33 0 158 0 88 0 0 0 21
1022 8771 1328 1272 152 0 0 214 32 0 158 0 88 0 0 0 21
1023 8777 1323 1267 154 0 0 214 33 0 158 0 89 0 0 0 21
1024 8795 1316 1259 151 0 0 215 32 0 158 0 89 0 0 0 21
1025 8788 1320 1264 149 0 0 215 32 0 159 0 88 0 0 0 21
1026 8783 1321 1267 150 0 0 214 33 0 160 0 87 0 0 0 21
1027 8792 1315 1262 152 0 0 214 33 0 161 0 86 0 0 0 21
1028 8794 1314 1261 152 0 0 214 33 0 161 0 86 0 0 0 21
1029 8804 1309 1256 152 0 0 214 33 0 161 0 86 0 0 0 21
1030 8806 1307 1254 154 0 0 214 33 0 161 0 86 0 0 0 21
1031 8819 1301 1246 155 0 0 215 32 0 160 0 87 0 0 0 21
1032 8824 1299 1243 155 0 0 216 31 0 160 0 87 0 0 0 21
1033 8837 1293 1237 154 0 0 216 31 0 160 0 87 0 0 0 21
1034 8837 1293 1238 153 0 0 215 32 0 160 0 87 0 0 0 21
1035 8851 1287 1232 149 0 0 215 33 0 160 0 88 0 0 0 21
1036 8855 1285 1229 148 0 0 216 33 0 160 0 89 0 0 0 21
1037 8854 1284 1228 147 0 0 218 33 0 162 0 89 0 0 0 21
1038 8867 1277 1221 148 0 0 218 33 0 162 0 89 0 0 0 21
1039 8883 1270 1213 147 0 0 219 32 0 162 0 89 0 0 0 21
1040 8881 1270 1213 149 0 0 219 32 0 162 0 89 0 0 0 21
1041 8885 1269 1214 145 0 0 219 32 0 164 0 87 0 0 0 21
1042 8885 1270 1215 141 0 0 220 32 0 165 0 87 0 0 0 21
1043 8901 1260 1207 143 0 0 220 32 0 167 0 85 0 0 0 21
1044 8902 1261 1209 139 0 0 220 32 0 168 0 84 0 0 0 21
1045 8893 1265 1214 139 0 0 220 32 0 169 0 83 0 0 0 21
1046 8904 1259 1208 140 0 0 221 31 0 170 0 82 0 0 0 21
1047 8910 1255 1205 141 0 0 221 31 0 171 0 81 0 0 0 21
1048 8914 1253 1201 143 0 0 223 29 0 171 0 81 0 0 0 21
1049 8919 1250 1198 142 0 0 223 30 0 171 0 82 0 0 0 21
1050 8936 1241 1190 142 0 0 222 31 0 171 0 82 0 0 0 21
1051 8949 1236 1185 139 0 0 222 31 0 171 0 82 0 0 0 21
1052 8954 1233 1183 137 0 0 223 31 0 173 0 81 0 0 0 21
1053 8943 1238 1186 140 0 0 224 30 0 172 0 82 0 0 0 21
1054 8947 1237 1183 138 0 0 225 30 0 171 0 84 0 0 0 21
1055 8953 1234 1182 136 0 0 225 30 0 173 0 82 0 0 0 21
1056 8948 1234 1183 140 0 0 224 31 0 173 0 82 0 0 0 21
1057 8949 1233 1183 140 0 0 225 30 0 175 0 80 0 0 0 21
1058 8950 1233 1184 138 0 0 224 31 0 175 0 80 0 0 0 21
1059 8948 1235 1187 135 0 0 223 32 0 175 0 80 0 0 0 21
1060 8956 1231 1184 134 0 0 223 32 0 176 0 79 0 0 0 21
1061 8952 1233 1185 135 0 0 224 31 0 176 0 79 0 0 0 21
1062 8937 1239 1193 136 0 0 223 32 0 177 0 78 0 0 0 21
1063 8935 1240 1195 135 0 0 224 31 0 179 0 76 0 0 0 21
1064 8941 1237 1193 134 0 0 224 31 0 180 0 75 0 0 0 21
1065 8941 1238 1194 132 0 0 224 31 0 180 0 75 0 0 0 21
1066 8948 1232 1187 136 0 0 225 31 0 180 0 76 0 0 0 21
1067 8943 1234 1189 137 0 0 225 31 0 180 0 76 0 0 0 21
1068 8933 1237 1195 138 0 0 223 33 0 181 0 75 0 0 0 21
1069 8934 1236 1195 138 0 0 223 33 0 182 0 74 0 0 0 21
1070 8944 1229 1190 140 0 0 223 33 0 184 0 72 0 0 0 21
1071 8951 1226 1187 139 0 0 223 33 0 184 0 72 0 0 0 21
1072 8964 1221 1182 136 0 0 223 33 0 184 0 72 0 0 0 21
1073 8976 1215 1177 135 0 0 223 33 0 185 0 71 0 0 0 21
1074 8988 1209 1171 135 0 0 223 33 0 185 0 71 0 0 0 21
1075 8996 1207 1169 131 0 0 223 33 0 185 0 71 0 0 0 21
1076 9006 1203 1164 130 0 0 224 32 0 185 0 71 0 0 0 21
1077 9026 1193 1155 129 0 0 224 32 0 186 0 70 0 0 0 21
1078 9016 1198 1160 127 0 0 224 33 0 186 0 71 0 0 0 21
1079 9019 1198 1159 125 1 0 223 33 1 184 0 72 0 0 0 21
1080 9016 1200 1162 123 1 0 222 34 1 184 0 72 0 0 0 21
1081 9018 1199 1161 123 1 0 222 34 1 184 0 72 0 0 0 21
1082 9014 1199 1161 127 1 0 222 34 1 184 0 72 0 0 0 21
1083 9015 1198 1160 126 1 0 223 34 1 185 0 72 0 0 0 21
1084 9033 1189 1151 122 1 0 224 35 1 186 0 73 0 0 0 21
1085 9043 1181 1145 126 2 0 223 35 1 188 1 70 0 0 0 21
1086 9045 1179 1144 127 2 0 222 36 1 188 1 70 0 0 0 21
1087 9041 1181 1147 126 2 0 222 36 1 189 1 69 0 0 0 21
1088 9043 1180 1146 126 2 0 222 36 1 189 1 69 0 0 0 21
1089 9052 1175 1141 127 2 0 222 36 1 189 1 69 0 0 0 21
1090 9073 1165 1131 126 2 0 221 37 1 188 1 70 0 0 0 21
1091 9067 1165 1130 133 2 0 221 37 1 187 1 71 0 0 0 21
1092 9072 1162 1125 136 2 0 222 36 1 186 1 72 0 0 0 21
1093 9082 1154 1118 141 2 0 222 36 1 187 1 71 0 0 0 21
1094 9085 1152 1116 142 2 0 222 36 1 187 1 71 0 0 0 21
1095 9081 1153 1117 144 2 0 222 36 1 187 1 71 0 0 0 21
1096 9091 1149 1114 141 2 0 222 36 1 188 1 70 0 0 0 21
1097 9090 1149 1114 142 3 0 221 36 1 188 2 69 0 0 0 21
1098 9094 1148 1113 140 3 0 221 36 1 188 2 69 0 0 0 21
1099 9102 1145 1110 138 3 0 221 36 1 188 2 69 0 0 0 21
1100 9110 1141 1107 136 3 0 220 37 1 188 2 69 0 0 0 22
1101 9109 1140 1108 137 3 0 220 37 1 190 2 67 0 0 0 22
1102 9111 1139 1107 137 3 0 220 37 1 190 2 67 0 0 0 22
1103 9104 1141 1109 140 3 0 220 37 1 190 2 67 0 0 0 22
1104 9109 1141 1109 135 3 0 221 36 1 191 2 66 0 0 0 22
1105 9110 1140 1109 135 3 0 222 35 1 193 2 64 0 0 0 22
1106 9106 1143 1113 130 3 0 222 36 1 194 2 64 0 0 0 22
1107 9098 1147 1116 129 3 0 223 36 1 194 2 65 0 0 0 22
1108 9107 1142 1112 129 3 0 223 36 1 195 2 64 0 0 0 22
1109 9107 1143 1114 126 3 0 223 36 1 196 2 63 0 0 0 22
1110 9104 1144 1116 126 3 0 223 36 1 197 2 62 0 0 0 22
1111 9108 1142 1114 126 3 0 224 35 1 198 2 61 0 0 0 22
1112 9107 1143 1114 126 3 0 225 34 1 198 2 61 0 0 0 22
1113 9113 1141 1113 123 3 0 224 35 1 198 2 61 0 0 0 22
1114 9119 1140 1112 119 3 0 224 35 1 198 2 61 0 0 0 22
1115 9117 1141 1113 119 3 0 224 35 1 198 2 61 0 0 0 22
1116 9128 1136 1109 117 3 0 224 35 1 199 2 60 0 0 0 22
1117 9137 1132 1105 116 3 0 224 35 1 199 2 60 0 0 0 22
1118 9146 1128 1100 116 3 0 225 34 1 199 2 60 0 0 0 22
1119 9148 1127 1098 117 3 0 226 33 1 199 2 60 0 0 0 22
1120 9149 1126 1097 118 3 0 226 33 1 199 2 60 0 0 0 22
1121 9155 1123 1094 118 3 0 226 33 1 199 2 60 0 0 0 22
1122 9164 1118 1089 119 3 0 226 33 1 199 2 60 0 0 0 22
1123 9169 1115 1087 119 3 0 225 34 1 199 2 60 0 0 0 22
1124 9171 1115 1087 117 3 0 225 34 1 199 2 60 0 0 0 22
1125 9166 1118 1090 116 3 0 225 34 1 199 2 60 0 0 0 22
1126 9160 1121 1093 116 3 0 225 34 1 199 2 60 0 0 0 22
1127 9167 1117 1088 118 3 0 225 34 1 198 2 61 0 0 0 22
1128 9182 1108 1080 120 3 0 225 34 1 199 2 60 0 0 0 22
1129 9187 1106 1077 119 3 0 226 33 1 199 2 60 0 0 0 23
1130 9188 1105 1077 119 3 0 225 34 1 199 2 60 0 0 0 23
1131 9194 1101 1076 118 3 0 224 35 1 201 2 58 0 0 0 23
1132 9201 1097 1073 118 3 0 224 35 1 202 2 57 0 0 0 23
1133 9214 1092 1069 114 3 0 224 35 1 203 2 56 0 0 0 23
1134 9209 1094 1072 114 3 0 224 35 1 204 2 55 0 0 0 23
1135 9231 1084 1062 112 3 0 224 35 1 204 2 55 0 0 0 23
1136 9238 1082 1059 110 3 0 225 34 1 204 2 55 0 0 0 23
1137 9242 1079 1057 111 3 0 225 34 1 205 2 54 0 0 0 23
1138 9243 1078 1055 112 3 0 225 34 1 204 2 55 0 0 0 24
1139 9242 1077 1054 115 3 0 225 34 1 204 2 55 0 0 0 24
1140 9259 1068 1046 115 3 0 225 34 1 205 2 54 0 0 0 24
1141 9266 1066 1044 112 3 0 226 33 1 206 2 53 0 0 0 24
1142 9268 1065 1042 113 3 0 227 32 1 206 2 53 0 0 0 24
1143 9289 1055 1032 112 3 0 227 32 1 206 2 53 0 0 0 24
1144 9302 1050 1027 109 3 0 227 32 1 206 2 53 0 0 0 24
1145 9293 1054 1031 110 3 0 227 32 1 206 2 53 0 0 0 24
1146 9302 1050 1027 111 3 0 226 32 1 205 2 53 0 0 0 24
1147 9304 1050 1027 109 3 0 226 32 1 205 2 53 0 0 0 24
1148 9299 1053 1031 107 3 0 226 32 1 206 2 52 0 0 0 24
1149 9303 1052 1029 106 3 0 227 31 1 206 2 52 0 0 0 24
1150 9298 1055 1031 106 3 0 228 30 1 206 2 52 0 0 0 24
1151 9304 1051 1028 107 3 0 228 30 1 207 2 51 0 0 0 24
1152 9299 1053 1031 107 3 0 227 31 1 207 2 51 0 0 0 24
1153 9299 1052 1032 107 3 0 226 32 1 208 2 50 0 0 0 24
1154 9301 1052 1031 106 3 0 227 31 1 208 2 50 0 0 0 24
1155 9292 1056 1036 106 3 0 228 30 1 210 2 48 0 0 0 24
1156 9293 1054 1035 108 3 0 228 30 1 211 2 47 0 0 0 24
1157 9302 1049 1032 107 3 0 227 31 1 212 2 46 0 0 0 24
1158 9307 1047 1031 105 3 0 227 31 1 213 2 45 0 0 0 24
1159 9312 1044 1028 106 3 0 227 31 1 213 2 45 0 0 0 24
1160 9313 1043 1027 107 3 0 227 31 1 213 2 45 0 0 0 24
1161 9311 1046 1029 104 3 0 227 31 1 212 2 46 0 0 0 24
1162 9321 1041 1025 103 3 0 227 31 1 213 2 45 0 0 0 24
1163 9322 1040 1026 102 3 0 227 31 1 215 2 43 0 0 0 24
1164 9337 1033 1018 102 3 0 228 30 1 215 2 43 0 0 0 24
1165 9333 1036 1021 100 3 0 228 30 1 215 2 43 0 0 0 24
1166 9349 1028 1013 100 3 0 229 29 1 216 2 42 0 0 0 24
1167 9346 1031 1016 97 3 0 229 29 1 216 2 42 0 0 0 24
1168 9361 1024 1009 96 3 0 229 29 1 216 2 42 0 0 0 24
1169 9364 1023 1008 95 3 0 229 29 1 216 2 42 0 0 0 24
1170 9365 1022 1007 96 3 0 229 29 1 216 2 42 0 0 0 24
1171 9375 1018 1003 94 3 0 229 29 1 216 2 42 0 0 0 24
1172 9372 1018 1004 96 3 0 229 29 1 217 2 41 0 0 0 24
1173 9372 1018 1004 96 3 0 229 29 1 217 2 41 0 0 0 24
1174 9377 1015 1001 97 3 0 229 29 1 217 2 41 0 0 0 24
1175 9376 1014 1002 98 3 0 228 30 1 218 2 40 0 0 0 24
1176 9381 1014 1001 94 3 0 229 29 1 218 2 40 0 0 0 24
1177 9384 1012 1000 92 3 0 230 29 1 220 2 39 0 0 0 24
1178 9379 1014 1002 93 3 0 230 29 1 220 2 39 0 0 0 24
1179 9379 1015 1002 92 3 0 231 28 1 220 2 39 0 0 0 24
1180 9381 1014 1002 91 3 0 231 28 1 221 2 38 0 0 0 24
1181 9399 1005 993 91 3 0 231 28 1 221 2 38 0 0 0 24
1182 9417 996 983 92 3 0 232 27 1 221 2 38 0 0 0 24
1183 9422 993 980 93 3 0 232 27 1 221 2 38 0 0 0 24
1184 9417 995 981 93 3 0 233 27 1 221 2 39 0 0 0 24
1185 9433 988 974 91 3 0 233 27 1 221 2 39 0 0 0 24
1186 9435 987 973 91 3 0 233 27 1 221 2 39 0 0 0 24
1187 9438 985 972 91 3 0 233 27 1 222 2 38 0 0 0 24
1188 9434 987 973 92 3 0 234 26 1 222 2 38 0 0 0 24
1189 9435 987 973 91 3 0 234 26 1 222 2 38 0 0 0 24
1190 9444 982 969 91 3 0 234 26 1 223 2 37 0 0 0 24
1191 9452 978 965 89 3 0 234 27 1 223 2 38 0 0 0 24
1192 9450 979 966 89 3 0 234 27 1 223 2 38 0 0 0 24
1193 9457 974 963 90 3 0 233 28 1 224 2 37 0 0 0 24
1194 9457 974 963 90 3 0 233 28 1 224 2 37 0 0 0 24
1195 9461 972 961 90 3 0 233 28 1 224 2 37 0 0 0 24
1196 9460 973 961 90 3 0 234 27 1 224 2 37 0 0 0 24
1197 9465 969 958 92 3 0 233 28 1 224 2 37 0 0 0 24
1198 9464 970 960 90 3 0 233 28 1 225 2 36 0 0 0 24
1199 9458 973 963 90 3 0 233 28 1 225 2 36 0 0 0 24
1200 9464 969 959 92 3 0 235 26 1 227 2 34 0 0 0 24
1201 9458 971 962 93 3 0 234 27 1 227 2 34 0 0 0 24
1202 9458 970 961 95 3 0 234 27 1 227 2 34 0 0 0 24
1203 9457 971 961 95 3 0 234 27 1 226 2 35 0 0 0 24
1204 9464 968 957 95 3 0 235 26 1 226 2 35 0 0 0 24
1205 9462 969 958 95 3 0 235 26 1 226 2 35 0 0 0 24
1206 9463 969 958 94 3 0 235 26 1 226 2 35 0 0 0 24
1207 9469 968 956 91 3 0 235 26 1 225 2 36 0 0 0 24
1208 9472 966 954 92 3 0 235 26 1 225 2 36 0 0 0 24
1209 9474 965 953 92 3 0 235 26 1 225 2 36 0 0 0 24
1210 9477 964 952 91 3 0 234 27 1 224 2 37 0 0 0 24
1211 9472 966 955 91 3 0 233 28 1 224 2 37 0 0 0 24
1212 9473 967 955 89 3 0 234 27 1 224 2 37 0 0 0 24
1213 9479 965 953 87 3 0 235 26 1 225 2 36 0 0 0 24
1214 9485 963 950 84 3 0 236 26 1 225 2 37 0 0 0 24
1215 9492 959 947 84 3 0 236 26 2 225 1 37 0 0 0 24
1216 9490 960 947 84 3 0 237 25 2 225 1 37 0 0 0 25
1217 9501 957 942 81 3 0 238 24 2 224 1 38 0 0 0 25
1218 9505 956 941 79 3 0 238 24 2 224 1 38 0 0 0 25
1219 9514 951 937 79 3 0 238 24 2 225 1 37 0 0 0 25
1220 9508 954 941 78 3 0 238 24 2 226 1 36 0 0 0 25
1221 9521 947 933 80 3 0 239 23 2 226 1 36 0 0 0 25
1222 9529 943 929 80 3 0 239 23 2 226 1 36 0 0 0 25
1223 9539 939 925 78 3 0 239 23 2 226 1 36 0 0 0 25
1224 9536 941 926 78 3 0 239 23 2 225 1 37 0 0 0 25
1225 9544 936 922 79 3 0 239 23 2 226 1 36 0 0 0 25
1226 9553 933 919 76 3 0 239 23 2 226 1 36 0 0 0 25
1227 9552 933 919 77 3 0 239 23 2 226 1 36 0 0 0 25
1228 9563 927 914 77 3 0 239 23 2 227 1 35 0 0 0 25
1229 9572 922 910 77 3 0 239 23 2 228 1 34 0 0 0 25
1230 9577 920 908 76 3 0 239 23 2 228 1 34 0 0 0 25
1231 9583 917 905 76 3 0 239 23 2 228 1 34 0 0 0 25
1232 9582 917 905 77 3 0 239 23 2 228 1 34 0 0 0 25
1233 9584 915 905 77 3 0 239 23 2 230 1 32 0 0 0 25
1234 9586 912 904 79 3 0 238 24 2 231 1 31 0 0 0 25
1235 9584 913 905 79 3 0 238 24 2 231 1 31 0 0 0 25
1236 9586 911 904 80 3 0 238 24 2 232 1 30 0 0 0 25
1237 9589 908 902 82 3 0 238 24 2 233 1 29 0 0 0 25
1238 9597 904 898 82 3 0 237 25 2 232 1 30 0 0 0 25
1239 9596 904 898 83 3 0 237 25 2 232 1 30 0 0 0 25
1240 9607 899 892 81 3 0 238 25 2 232 1 31 0 0 0 25
1241 9610 897 890 82 3 0 238 25 2 232 1 31 0 0 0 25
1242 9619 894 886 80 3 0 239 24 2 232 1 31 0 0 0 25
1243 9615 897 888 79 3 0 239 24 2 231 1 32 0 0 0 25
1244 9624 893 884 78 3 0 239 24 2 231 1 32 0 0 0 25
1245 9626 891 883 79 3 0 239 24 3 231 0 32 0 0 0 25
1246 9629 890 882 78 3 0 239 24 3 231 0 32 0 0 0 25
1247 9639 885 877 78 3 0 239 24 3 231 0 32 0 0 0 25
1248 9641 885 877 76 3 0 239 24 3 231 0 32 0 0 0 25
1249 9640 885 877 77 3 0 239 24 3 231 0 32 0 0 0 25
1250 9644 883 876 76 3 0 239 24 3 232 0 31 0 0 0 25
1251 9652 880 872 75 3 0 240 23 3 232 0 31 0 0 0 25
1252 9662 876 868 73 3 0 240 23 3 232 0 31 0 0 0 25
1253 9663 875 867 74 3 0 240 23 3 232 0 31 0 0 0 25
1254 9667 873 865 74 3 0 240 23 3 232 0 31 0 0 0 25
1255 9676 870 862 71 3 0 240 23 3 232 0 31 0 0 0 25
1256 9678 869 861 71 3 0 240 23 3 232 0 31 0 0 0 25
1257 9679 868 861 71 3 0 240 23 3 233 0 30 0 0 0 25
1258 9687 864 857 71 3 0 240 23 3 233 0 30 0 0 0 25
1259 9685 864 857 73 3 0 240 23 3 233 0 30 0 0 0 25
1260 9692 861 854 72 3 0 240 23 3 233 0 30 0 0 0 25
1261 9700 857 850 72 3 0 240 23 3 233 0 30 0 0 0 25
1262 9699 857 850 73 3 0 240 23 3 233 0 30 0 0 0 25
1263 9704 854 847 74 3 0 240 23 3 233 0 30 0 0 0 25
1264 9703 855 847 74 3 0 240 23 3 232 0 31 0 0 0 25
1265 9703 855 847 74 3 0 240 23 3 232 0 31 0 0 0 25
1266 9712 849 842 76 3 0 241 22 3 234 0 29 0 0 0 25
1267 9713 848 841 77 3 0 241 22 3 234 0 29 0 0 0 25
1268 9707 851 844 77 3 0 241 22 3 234 0 29 0 0 0 25
1269 9705 852 845 77 3 0 240 23 3 233 0 30 0 0 0 25
1270 9713 848 839 78 3 0 242 21 3 233 0 30 0 0 0 26
1271 9714 848 837 79 3 0 244 19 3 233 0 30 0 0 0 26
1272 9723 842 833 80 3 0 243 20 3 234 0 29 0 0 0 26
1273 9727 841 832 78 3 0 243 20 3 234 0 29 0 0 0 26
1274 9732 839 830 77 3 0 243 20 3 234 0 29 0 0 0 26
1275 9730 841 832 75 3 0 243 20 3 234 0 29 0 0 0 26
1276 9733 839 830 76 3 0 243 20 3 234 0 29 0 0 0 26
1277 9736 837 828 77 3 0 243 20 4 233 0 29 0 1 0 25
1278 9740 833 825 79 3 0 243 20 4 234 0 28 0 1 0 26
1279 9741 832 824 80 4 0 242 20 5 233 0 28 0 1 0 26
1280 9746 830 822 79 4 0 242 20 5 233 0 28 0 1 0 26
1281 9756 824 817 80 4 0 242 20 5 234 0 27 0 1 0 26
1282 9764 820 812 81 4 0 242 20 5 233 0 28 0 1 0 26
1283 9780 814 806 77 4 0 242 20 5 233 0 28 0 1 0 26
1284 9789 810 802 76 4 0 242 20 5 233 0 28 0 1 0 26
1285 9789 809 801 78 4 0 242 20 5 233 0 28 0 1 0 26
1286 9794 806 798 79 4 0 242 20 5 233 0 28 0 1 0 26
1287 9793 808 798 78 4 0 244 18 5 233 0 28 0 1 0 26
1288 9798 806 795 78 4 0 245 17 5 233 0 28 0 1 0 26
1289 9799 804 794 80 4 0 245 17 5 234 0 27 0 1 0 26
1290 9806 801 791 79 4 0 245 17 5 234 0 27 0 1 0 26
1291 9815 797 787 78 4 0 245 17 5 234 0 27 0 1 0 26
1292 9816 796 786 79 3 1 245 17 5 233 0 28 0 1 0 26
1293 9823 793 783 78 3 1 245 17 5 233 0 28 0 1 0 26
1294 9819 795 785 78 3 1 245 17 5 233 0 28 0 1 0 26
1295 9825 793 782 77 3 1 246 16 5 233 0 28 0 1 0 26
1296 9828 792 781 76 3 1 246 16 5 233 0 28 0 1 0 26
1297 9840 787 776 74 3 1 245 17 5 232 0 29 0 1 0 26
1298 9844 785 773 75 3 1 246 16 5 232 0 29 0 1 0 26
1299 9846 785 773 73 3 1 246 16 5 232 0 29 0 1 0 26
1300 9849 784 772 72 3 1 246 16 5 232 0 29 0 1 0 26
1301 9854 782 770 71 3 1 246 16 5 232 0 29 0 1 0 26
1302 9854 781 769 73 3 1 246 16 5 232 0 29 0 1 0 26
1303 9856 780 768 73 3 1 246 16 5 232 0 29 0 1 0 26
1304 9858 779 767 73 3 1 246 16 5 232 0 29 0 1 0 26
1305 9860 777 765 75 3 1 246 16 5 232 0 29 0 1 0 26
1306 9863 775 764 75 3 1 245 17 5 232 0 29 0 1 0 26
1307 9868 772 761 76 3 1 245 17 5 232 0 29 0 1 0 26
1308 9870 771 761 75 3 1 245 17 5 233 0 28 0 1 0 26
1309 9876 768 759 74 3 1 244 18 5 233 0 28 0 1 0 26
1310 9882 766 757 72 3 1 244 18 5 233 0 28 0 1 0 26
1311 9889 763 754 70 3 1 244 18 5 233 0 28 0 1 0 27
1312 9891 763 754 68 3 1 244 18 5 233 0 28 0 1 0 27
1313 9898 759 750 69 3 1 244 18 5 233 0 28 0 1 0 27
1314 9906 756 747 67 3 1 244 18 5 233 0 28 0 1 0 27
1315 9904 757 748 67 3 1 244 18 5 233 0 28 0 1 0 27
1316 9917 750 741 68 3 1 244 18 5 233 0 28 0 1 0 27
1317 9927 745 736 68 3 1 244 18 5 233 0 28 0 1 0 27
1318 9936 740 732 68 3 1 244 18 5 234 0 27 0 1 0 27
1319 9934 741 733 68 3 1 244 18 5 234 0 27 0 1 0 27
1320 9940 739 731 66 3 1 244 18 5 234 0 27 0 1 0 27
1321 9938 741 733 64 3 1 243 19 5 233 0 28 0 1 0 27
1322 9939 741 733 63 3 1 243 19 5 233 0 28 0 1 0 27
1323 9943 739 731 63 3 1 243 19 5 233 0 28 0 1 0 27
1324 9945 738 730 63 3 1 243 19 5 233 0 28 0 1 0 27
1325 9946 738 730 62 3 1 243 19 5 233 0 28 0 1 0 27
1326 9950 736 728 62 3 1 244 18 5 234 0 27 0 1 0 27
1327 9947 738 728 62 3 1 246 16 5 234 0 27 0 1 0 28
1328 9948 737 727 63 3 1 246 16 5 234 0 27 0 1 0 28
1329 9948 737 727 63 3 1 246 16 5 234 0 27 0 1 0 28
1330 9944 739 729 63 3 1 246 16 5 234 0 27 0 1 0 28
1331 9950 736 727 62 3 1 246 16 5 235 0 26 0 1 0 28
1332 9957 733 724 61 3 1 246 16 5 235 0 26 0 1 0 28
1333 9956 734 725 60 3 1 246 16 5 235 0 26 0 1 0 28
1334 9953 736 725 61 3 1 247 15 5 234 0 27 0 1 0 28
1335 9949 738 727 61 3 1 247 15 5 234 0 27 0 1 0 28
1336 9959 734 723 59 3 1 247 15 5 234 0 27 0 1 0 28
1337 9972 728 716 59 3 1 248 14 5 234 0 27 0 1 0 28
1338 9981 723 713 58 3 1 248 14 5 236 0 25 0 1 0 28
1339 9979 724 714 58 3 1 248 14 5 236 0 25 0 1 0 28
1340 9979 723 712 61 3 1 248 14 5 235 0 26 0 1 0 28
1341 9981 722 711 61 3 1 248 14 5 235 0 26 0 1 0 28
1342 9978 723 712 62 3 1 248 14 5 235 0 26 0 1 0 28
1343 9968 728 718 61 2 2 248 14 5 235 0 26 0 1 0 28
1344 9966 729 719 61 2 2 248 14 5 235 0 26 0 1 0 28
1345 9961 731 722 61 2 2 247 15 5 235 0 26 0 1 0 28
1346 9969 727 718 61 2 2 247 15 5 235 0 26 0 1 0 28
1347 9967 728 719 61 2 2 247 15 5 235 0 26 0 1 0 28
1348 9969 727 718 61 2 2 248 14 5 236 0 25 0 1 0 28
1349 9971 726 717 61 2 2 248 14 5 236 0 25 0 1 0 28
1350 9985 719 710 61 2 2 248 14 5 236 0 25 0 1 0 28
1351 9994 715 706 60 3 1 248 14 5 237 0 24 0 1 0 28
1352 10002 711 701 61 3 1 249 13 5 237 0 24 0 1 0 28
1353 10003 711 701 60 3 1 249 13 5 237 0 24 0 1 0 28
1354 10010 708 697 60 3 1 250 12 5 237 0 24 0 1 0 28
1355 10018 703 694 60 3 1 250 12 5 239 0 22 0 1 0 28
1356 10030 698 689 58 3 1 250 12 5 239 0 22 0 1 0 28
1357 10042 692 683 58 3 1 250 12 5 239 0 22 0 1 0 28
1358 10045 691 682 57 3 1 250 12 5 239 0 22 0 1 0 28
1359 10053 687 678 57 3 1 250 12 5 239 0 22 0 1 0 28
1360 10064 682 673 56 3 1 250 12 5 239 0 22 0 1 0 28
1361 10054 686 678 57 3 1 249 13 5 239 0 22 0 1 0 28
1362 10050 688 680 57 3 1 249 13 5 239 0 22 0 1 0 28
1363 10050 688 681 56 3 1 248 14 5 239 0 22 0 1 0 28
1364 10058 684 677 56 3 1 248 14 5 239 0 22 0 1 0 28
1365 10069 679 672 55 3 1 248 14 5 239 0 22 0 1 0 28
1366 10077 676 670 52 3 1 248 14 5 240 0 21 0 1 0 28
1367 10087 671 665 52 3 1 248 14 5 240 0 21 0 1 0 28
1368 10099 663 657 56 4 1 247 14 6 239 0 21 0 1 0 28
1369 10104 661 655 55 4 1 247 14 6 239 0 21 0 1 0 28
1370 10112 657 651 55 4 1 247 14 6 239 0 21 0 1 0 28
1371 10107 659 654 55 4 1 247 14 6 240 0 20 0 1 0 28
1372 10113 656 651 55 4 1 247 14 6 240 0 20 0 1 0 28
1373 10113 656 651 55 4 1 247 14 6 240 0 20 0 1 0 28
1374 10112 657 652 54 4 1 247 14 6 240 0 20 0 1 0 28
1375 10112 657 653 53 4 1 247 14 6 241 0 19 0 1 0 28
1376 10115 656 652 52 4 1 247 14 6 241 0 19 0 1 0 28
1377 10121 653 649 52 4 1 247 14 6 241 0 19 0 1 0 28
1378 10119 654 650 52 4 1 247 14 6 241 0 19 0 1 0 28
1379 10116 656 651 51 4 1 248 13 6 241 0 19 0 1 0 29
1380 10121 654 648 51 4 1 248 13 6 240 0 20 0 1 0 29
1381 10117 656 650 51 4 1 248 13 6 240 0 20 0 1 0 29
1382 10121 654 648 51 4 1 248 13 6 240 0 20 0 1 0 29
1383 10135 647 641 51 4 1 249 12 6 241 0 19 0 1 0 29
1384 10138 646 640 50 4 1 249 12 6 241 0 19 0 1 0 29
1385 10141 645 638 50 4 1 249 12 6 240 0 20 0 1 0 29
1386 10144 644 637 49 4 1 249 12 6 240 0 20 0 1 0 29
1387 10143 644 637 50 4 1 249 12 6 240 0 20 0 1 0 29
1388 10141 645 638 50 4 1 249 12 6 240 0 20 0 1 0 29
1389 10152 640 633 49 4 1 249 12 6 240 0 20 0 1 0 29
1390 10159 637 630 48 4 1 249 12 6 240 0 20 0 1 0 29
1391 10165 634 627 48 4 1 249 12 6 240 0 20 0 1 0 29
1392 10171 631 624 48 4 1 249 12 6 240 0 20 0 1 0 29
1393 10178 628 621 47 4 1 249 12 6 240 0 20 0 1 0 29
1394 10176 629 621 48 4 1 249 12 6 239 0 21 0 1 0 29
1395 10179 628 620 47 4 1 249 12 6 239 0 21 0 1 0 29
1396 10181 627 620 46 4 1 248 13 6 239 0 21 0 1 0 29
1397 10174 630 623 47 4 1 248 13 6 239 0 21 0 1 0 29
1398 10175 630 623 46 4 1 248 13 6 239 0 21 0 1 0 29
1399 10179 628 621 46 4 1 248 13 6 239 0 21 0 1 0 29
1400 10179 628 621 46 4 1 248 13 6 239 0 21 0 1 0 29
1401 10181 627 619 47 5 0 248 13 6 239 0 21 0 1 0 29
1402 10187 624 616 47 5 0 248 13 6 239 0 21 0 1 0 29
1403 10186 625 617 46 5 0 248 13 6 239 0 21 0 1 0 29
1404 10193 622 614 45 5 0 248 13 6 239 0 21 0 1 0 29
1405 10191 623 615 45 5 0 248 13 6 239 0 21 0 1 0 29
1406 10191 623 615 45 5 0 248 13 6 239 0 21 0 1 0 29
1407 10192 623 615 44 5 0 248 13 6 239 0 21 0 1 0 29
1408 10190 624 616 44 5 0 248 13 6 239 0 21 0 1 0 29
1409 10184 627 619 44 5 0 248 13 6 239 0 21 0 1 0 29
1410 10190 624 616 44 5 0 248 13 6 239 0 21 0 1 0 29
1411 10197 621 612 44 5 0 249 12 6 239 0 21 0 1 0 29
1412 10193 623 614 44 5 0 249 12 6 239 0 21 0 1 0 29
1413 10195 623 613 43 5 0 250 11 6 239 0 21 0 1 0 29
1414 10203 620 609 42 5 0 251 10 6 239 0 21 0 1 0 29
1415 10205 619 609 41 5 0 251 10 6 240 0 20 0 1 0 29
1416 10210 617 607 40 5 0 251 10 6 240 0 20 0 1 0 29
1417 10209 617 607 41 5 0 251 10 6 240 0 20 0 1 0 29
1418 10210 617 607 40 5 0 251 10 6 240 0 20 0 1 0 29
1419 10209 617 608 40 5 0 251 10 6 241 0 19 0 1 0 29
1420 10217 614 605 38 5 0 251 10 6 241 0 19 0 1 0 29
1421 10222 612 602 38 5 0 252 9 6 241 0 19 0 1 0 29
1422 10231 608 598 37 5 0 252 9 6 241 0 19 0 1 0 29
1423 10233 607 596 38 5 0 252 9 5 241 1 19 0 1 0 29
1424 10242 603 592 37 5 0 252 9 5 241 1 19 0 1 0 29
1425 10240 604 593 37 5 0 252 9 5 241 1 19 0 1 0 29
1426 10241 603 592 38 5 0 252 9 5 241 1 19 0 1 0 29
1427 10241 603 592 38 5 0 252 9 5 241 1 19 0 1 0 29
1428 10246 600 589 39 5 0 252 9 5 241 1 19 0 1 0 29
1429 10254 596 585 39 5 0 252 9 5 241 1 19 0 1 0 29
1430 10261 592 581 40 5 0 252 9 5 241 1 19 0 1 0 29
1431 10262 592 581 41 5 0 251 9 5 240 1 19 0 1 0 29
1432 10267 589 578 42 5 0 251 9 5 240 1 19 0 1 0 29
1433 10269 588 576 43 5 0 251 9 5 239 1 20 0 1 0 29
1434 10273 586 574 43 5 0 251 9 5 239 1 20 0 1 0 29
1435 10277 584 573 42 5 0 251 9 5 240 1 19 0 1 0 29
1436 10274 585 575 42 5 0 250 10 5 240 1 19 0 1 0 29
1437 10272 586 576 42 5 0 250 10 5 240 1 19 0 1 0 29
1438 10270 587 577 42 5 0 250 10 5 240 1 19 0 1 0 29
1439 10274 585 575 42 5 0 250 10 5 240 1 19 0 1 0 29
1440 10282 581 571 42 5 0 250 10 5 240 1 19 0 1 0 29
1441 10286 579 569 42 5 0 250 10 5 240 1 19 0 1 0 29
1442 10290 577 567 42 5 0 250 10 5 240 1 19 0 1 0 29
1443 10290 576 567 43 5 0 250 10 5 241 1 18 0 1 0 29
1444 10300 571 561 44 5 0 250 10 5 240 1 19 0 1 0 29
1445 10316 564 554 42 5 0 250 10 5 240 1 19 0 1 0 29
1446 10321 562 552 41 5 0 250 10 5 240 1 19 0 1 0 29
1447 10325 560 550 41 5 0 250 10 5 240 1 19 0 1 0 29
1448 10334 556 546 40 5 0 250 10 5 240 1 19 0 1 0 29
1449 10338 554 544 40 5 0 250 10 5 240 1 19 0 1 0 29
1450 10339 554 544 39 5 0 250 10 5 240 1 19 0 1 0 29
1451 10338 554 544 40 5 0 250 10 5 240 1 19 0 1 0 29
1452 10338 554 544 40 5 0 250 10 5 240 1 19 0 1 0 29
1453 10340 553 543 40 5 0 250 10 5 240 1 19 0 1 0 29
1454 10339 553 543 41 5 0 250 10 5 240 1 19 0 1 0 29
1455 10340 553 542 41 5 0 251 9 5 240 1 19 0 1 0 29
1456 10345 550 540 41 5 0 250 10 5 240 1 19 0 1 0 29
1457 10340 553 543 40 5 0 250 10 5 240 1 19 0 1 0 29
1458 10334 556 546 40 5 0 250 10 5 240 1 19 0 1 0 29
1459 10330 558 548 40 5 0 250 10 5 240 1 19 0 1 0 29
1460 10327 560 550 39 5 0 250 10 5 240 1 19 0 1 0 29
1461 10329 559 549 39 5 0 250 10 5 240 1 19 0 1 0 29
1462 10331 558 548 39 5 0 250 10 5 240 1 19 0 1 0 29
1463 10331 558 548 39 5 0 250 10 5 240 1 19 0 1 0 29
1464 10334 557 547 38 5 0 250 10 5 240 1 19 0 1 0 29
1465 10337 555 546 38 5 0 249 11 5 240 1 19 0 1 0 29
1466 10339 554 545 38 5 0 249 11 5 240 1 19 0 1 0 29
1467 10343 553 544 36 5 0 249 11 5 240 1 19 0 1 0 29
1468 10347 552 543 34 5 0 249 11 5 240 1 19 0 1 0 29
1469 10349 551 542 34 5 0 249 11 5 240 1 19 0 1 0 29
1470 10344 553 544 35 5 0 249 11 5 240 1 19 0 1 0 29
1471 10356 547 538 35 5 0 249 11 5 240 1 19 0 1 0 29
1472 10362 543 534 37 5 0 249 11 5 240 1 19 0 1 0 29
1473 10366 540 531 39 5 0 249 11 5 240 1 19 0 1 0 29
1474 10367 539 531 39 5 0 249 11 5 241 1 18 0 1 0 29
1475 10371 538 530 37 5 0 249 11 5 241 1 18 0 1 0 29
1476 10372 538 530 36 5 0 249 11 5 241 1 18 0 1 0 29
1477 10371 538 531 36 5 0 248 12 5 241 1 18 0 1 0 29
1478 10373 537 530 36 5 0 248 12 5 241 1 18 0 1 0 29
1479 10381 533 526 36 5 0 248 12 5 241 1 18 0 1 0 29
1480 10387 530 523 36 5 0 248 12 5 241 1 18 0 1 0 29
1481 10386 531 524 35 5 0 248 12 5 241 1 18 0 1 0 29
1482 10397 526 519 34 5 0 248 12 5 241 1 18 0 1 0 29
1483 10403 523 516 34 5 0 248 12 5 241 1 18 0 1 0 29
1484 10404 523 515 34 6 0 248 11 6 240 1 18 0 1 0 29
1485 10408 522 514 32 6 0 248 11 6 240 1 18 0 1 0 29
1486 10406 522 515 33 6 0 247 12 6 240 1 18 0 1 0 29
1487 10393 528 521 34 6 0 247 12 6 240 1 18 0 1 0 29
1488 10391 529 522 34 6 0 247 12 6 240 1 18 0 1 0 29
1489 10390 530 523 33 6 0 247 12 6 240 1 18 0 1 0 29
1490 10387 531 524 34 6 0 247 12 6 240 1 18 0 1 0 29
1491 10386 531 524 35 6 0 247 12 6 240 1 18 0 1 0 29
1492 10394 528 521 33 6 0 247 12 6 240 1 18 0 1 0 29
1493 10403 523 517 33 6 0 247 12 6 241 1 17 0 1 0 29
1494 10408 520 514 34 6 0 247 12 6 241 1 17 0 1 0 29
1495 10409 519 513 35 6 0 247 12 6 241 1 17 0 1 0 29
1496 10410 519 513 34 6 0 247 12 6 241 1 17 0 1 0 29
1497 10412 518 512 34 6 0 247 12 6 241 1 17 0 1 0 29
1498 10410 519 513 34 6 0 247 12 6 241 1 17 0 1 0 29
1499 10409 520 513 34 6 0 248 11 6 241 1 17 0 1 0 29
1500 10407 521 514 34 6 0 248 11 6 241 1 17 0 1 0 29
